0.30 0.00 7.76 1.00 0.00
0.30 0.00 7.94 1.00 0.00
0.30 0.00 8.11 1.00 0.00
0.30 0.00 8.29 1.00 0.00
0.30 0.00 8.46 1.00 0.00
0.30 0.00 8.64 1.00 0.00
0.30 0.00 8.81 1.00 0.00
0.30 0.00 8.99 1.00 0.00
0.30 0.00 9.16 1.00 0.00
0.30 0.00 9.34 1.00 0.00
0.30 0.00 9.51 1.00 0.00
0.30 0.00 9.68 1.00 0.00
0.30 0.00 9.86 1.00 0.00
0.30 0.00 10.03 1.00 0.00
0.30 0.00 10.21 1.00 0.00
0.30 0.00 10.38 1.00 0.00
0.30 0.00 10.56 1.00 0.00
0.30 0.00 10.73 1.00 0.00
0.50 0.00 7.77 1.00 0.00
0.50 0.00 7.94 1.00 0.00
0.50 0.00 8.12 1.00 0.00
0.50 0.00 8.29 1.00 0.00
0.50 0.00 8.47 1.00 0.00
0.50 0.00 8.64 1.00 0.00
0.50 0.00 8.82 1.00 0.00
0.50 0.00 8.99 1.00 0.00
0.50 0.00 9.17 1.00 0.00
0.50 0.00 9.34 1.00 0.00
0.50 0.00 9.52 1.00 0.00
0.50 0.00 9.69 1.00 0.00
0.50 0.00 9.86 1.00 0.00
0.50 0.00 10.04 1.00 0.00
0.50 0.00 10.21 1.00 0.00
0.50 0.00 10.39 1.00 0.00
0.50 0.00 10.56 1.00 0.00
0.50 0.00 10.74 1.00 0.00
0.70 0.00 7.78 1.00 0.00
0.70 0.00 7.95 1.00 0.00
0.70 0.00 8.12 1.00 0.00
0.70 0.00 8.30 1.00 0.00
0.70 0.00 8.47 1.00 0.00
0.70 0.00 8.65 1.00 0.00
0.70 0.00 8.82 1.00 0.00
0.70 0.00 9.00 1.00 0.00
0.70 0.00 9.17 1.00 0.00
0.70 0.00 9.35 1.00 0.00
0.70 0.00 9.52 1.00 0.00
0.70 0.00 9.70 1.00 0.00
0.70 0.00 9.87 1.00 0.00
0.70 0.00 10.04 1.00 0.00
0.70 0.00 10.22 1.00 0.00
0.70 0.00 10.39 1.00 0.00
0.70 0.00 10.57 1.00 0.00
0.70 0.00 10.74 1.00 0.00
0.90 0.00 7.78 1.00 0.00
0.90 0.00 7.95 1.00 0.00
0.90 0.00 8.13 1.00 0.00
0.90 0.00 8.30 1.00 0.00
0.90 0.00 8.48 1.00 0.00
0.90 0.00 8.65 1.00 0.00
0.90 0.00 8.83 1.00 0.00
0.90 0.00 9.00 1.00 0.00
0.90 0.00 9.18 1.00 0.00
0.90 0.00 9.35 1.00 0.00
0.90 0.00 9.52 1.00 0.00
0.90 0.00 9.70 1.00 0.00
0.90 0.00 9.87 1.00 0.00
0.90 0.00 10.05 1.00 0.00
0.90 0.00 10.22 1.00 0.00
0.90 0.00 10.40 1.00 0.00
0.90 0.00 10.57 1.00 0.00
0.90 0.00 10.75 1.00 0.00
1.10 0.00 7.78 1.00 0.00
1.10 0.00 7.96 1.00 0.00
1.10 0.00 8.13 1.00 0.00
1.10 0.00 8.31 1.00 0.00
1.10 0.00 8.48 1.00 0.00
1.10 0.00 8.66 1.00 0.00
1.10 0.00 8.83 1.00 0.00
1.10 0.00 9.01 1.00 0.00
1.10 0.00 9.18 1.00 0.00
1.10 0.00 9.35 1.00 0.00
1.10 0.00 9.53 1.00 0.00
1.10 0.00 9.70 1.00 0.00
1.10 0.00 9.88 1.00 0.00
1.10 0.00 10.05 1.00 0.00
1.10 0.00 10.23 1.00 0.00
1.10 0.00 10.40 1.00 0.00
1.10 0.00 10.58 1.00 0.00
1.10 0.00 10.75 1.00 0.00
0.30 0.17 7.75 1.00 0.00
0.30 0.17 7.92 1.00 0.00
0.30 0.17 8.10 1.00 0.00
0.30 0.17 8.27 1.00 0.00
0.30 0.17 8.45 1.00 0.00
0.30 0.17 8.62 1.00 0.00
0.30 0.17 8.79 1.00 0.00
0.30 0.17 8.97 1.00 0.00
0.30 0.17 9.14 1.00 0.00
0.30 0.17 9.32 1.00 0.00
0.30 0.17 9.49 1.00 0.00
0.30 0.17 9.67 1.00 0.00
0.30 0.17 9.84 1.00 0.00
0.30 0.17 10.02 1.00 0.00
0.30 0.17 10.19 1.00 0.00
0.30 0.17 10.37 1.00 0.00
0.30 0.17 10.54 1.00 0.00
0.30 0.17 10.71 1.00 0.00
0.50 0.17 7.74 1.00 0.00
0.50 0.17 7.92 1.00 0.00
0.50 0.17 8.09 1.00 0.00
0.50 0.17 8.27 1.00 0.00
0.50 0.17 8.44 1.00 0.00
0.50 0.17 8.62 1.00 0.00
0.50 0.17 8.79 1.00 0.00
0.50 0.17 8.96 1.00 0.00
0.50 0.17 9.14 1.00 0.00
0.50 0.17 9.31 1.00 0.00
0.50 0.17 9.49 1.00 0.00
0.50 0.17 9.66 1.00 0.00
0.50 0.17 9.84 1.00 0.00
0.50 0.17 10.01 1.00 0.00
0.50 0.17 10.19 1.00 0.00
0.50 0.17 10.36 1.00 0.00
0.50 0.17 10.54 1.00 0.00
0.50 0.17 10.71 1.00 0.00
0.70 0.17 7.74 1.00 0.00
0.70 0.17 7.91 1.00 0.00
0.70 0.17 8.09 1.00 0.00
0.70 0.17 8.26 1.00 0.00
0.70 0.17 8.44 1.00 0.00
0.70 0.17 8.61 1.00 0.00
0.70 0.17 8.79 1.00 0.00
0.70 0.17 8.96 1.00 0.00
0.70 0.17 9.14 1.00 0.00
0.70 0.17 9.31 1.00 0.00
0.70 0.17 9.48 1.00 0.00
0.70 0.17 9.66 1.00 0.00
0.70 0.17 9.83 1.00 0.00
0.70 0.17 10.01 1.00 0.00
0.70 0.17 10.18 1.00 0.00
0.70 0.17 10.36 1.00 0.00
0.70 0.17 10.53 1.00 0.00
0.70 0.17 10.71 1.00 0.00
0.90 0.17 7.74 1.00 0.00
0.90 0.17 7.91 1.00 0.00
0.90 0.17 8.08 1.00 0.00
0.90 0.17 8.26 1.00 0.00
0.90 0.17 8.43 1.00 0.00
0.90 0.17 8.61 1.00 0.00
0.90 0.17 8.78 1.00 0.00
0.90 0.17 8.96 1.00 0.00
0.90 0.17 9.13 1.00 0.00
0.90 0.17 9.31 1.00 0.00
0.90 0.17 9.48 1.00 0.00
0.90 0.17 9.66 1.00 0.00
0.90 0.17 9.83 1.00 0.00
0.90 0.17 10.00 1.00 0.00
0.90 0.17 10.18 1.00 0.00
0.90 0.17 10.35 1.00 0.00
0.90 0.17 10.53 1.00 0.00
0.90 0.17 10.70 1.00 0.00
1.10 0.17 7.73 1.00 0.00
1.10 0.17 7.91 1.00 0.00
1.10 0.17 8.08 1.00 0.00
1.10 0.17 8.26 1.00 0.00
1.10 0.17 8.43 1.00 0.00
1.10 0.17 8.61 1.00 0.00
1.10 0.17 8.78 1.00 0.00
1.10 0.17 8.95 1.00 0.00
1.10 0.17 9.13 1.00 0.00
1.10 0.17 9.30 1.00 0.00
1.10 0.17 9.48 1.00 0.00
1.10 0.17 9.65 1.00 0.00
1.10 0.17 9.83 1.00 0.00
1.10 0.17 10.00 1.00 0.00
1.10 0.17 10.18 1.00 0.00
1.10 0.17 10.35 1.00 0.00
1.10 0.17 10.53 1.00 0.00
1.10 0.17 10.70 1.00 0.00
0.30 0.35 7.73 1.00 0.00
0.30 0.35 7.90 1.00 0.00
0.30 0.35 8.08 1.00 0.00
0.30 0.35 8.25 1.00 0.00
0.30 0.35 8.43 1.00 0.00
0.30 0.35 8.60 1.00 0.00
0.30 0.35 8.78 1.00 0.00
0.30 0.35 8.95 1.00 0.00
0.30 0.35 9.13 1.00 0.00
0.30 0.35 9.30 1.00 0.00
0.30 0.35 9.48 1.00 0.00
0.30 0.35 9.65 1.00 0.00
0.30 0.35 9.82 1.00 0.00
0.30 0.35 10.00 1.00 0.00
0.30 0.35 10.17 1.00 0.00
0.30 0.35 10.35 1.00 0.00
0.30 0.35 10.52 1.00 0.00
0.30 0.35 10.70 1.00 0.00
0.50 0.35 7.72 1.00 0.00
0.50 0.35 7.89 1.00 0.00
0.50 0.35 8.06 1.00 0.00
0.50 0.35 8.24 1.00 0.00
0.50 0.35 8.41 1.00 0.00
0.50 0.35 8.59 1.00 0.00
0.50 0.35 8.76 1.00 0.00
0.50 0.35 8.94 1.00 0.00
0.50 0.35 9.11 1.00 0.00
0.50 0.35 9.29 1.00 0.00
0.50 0.35 9.46 1.00 0.00
0.50 0.35 9.64 1.00 0.00
0.50 0.35 9.81 1.00 0.00
0.50 0.35 9.98 1.00 0.00
0.50 0.35 10.16 1.00 0.00
0.50 0.35 10.33 1.00 0.00
0.50 0.35 10.51 1.00 0.00
0.50 0.35 10.68 1.00 0.00
0.70 0.35 7.70 1.00 0.00
0.70 0.35 7.88 1.00 0.00
0.70 0.35 8.05 1.00 0.00
0.70 0.35 8.23 1.00 0.00
0.70 0.35 8.40 1.00 0.00
0.70 0.35 8.58 1.00 0.00
0.70 0.35 8.75 1.00 0.00
0.70 0.35 8.92 1.00 0.00
0.70 0.35 9.10 1.00 0.00
0.70 0.35 9.27 1.00 0.00
0.70 0.35 9.45 1.00 0.00
0.70 0.35 9.62 1.00 0.00
0.70 0.35 9.80 1.00 0.00
0.70 0.35 9.97 1.00 0.00
0.70 0.35 10.15 1.00 0.00
0.70 0.35 10.32 1.00 0.00
0.70 0.35 10.50 1.00 0.00
0.70 0.35 10.67 1.00 0.00
0.90 0.35 7.69 1.00 0.00
0.90 0.35 7.87 1.00 0.00
0.90 0.35 8.04 1.00 0.00
0.90 0.35 8.22 1.00 0.00
0.90 0.35 8.39 1.00 0.00
0.90 0.35 8.56 1.00 0.00
0.90 0.35 8.74 1.00 0.00
0.90 0.35 8.91 1.00 0.00
0.90 0.35 9.09 1.00 0.00
0.90 0.35 9.26 1.00 0.00
0.90 0.35 9.44 1.00 0.00
0.90 0.35 9.61 1.00 0.00
0.90 0.35 9.79 1.00 0.00
0.90 0.35 9.96 1.00 0.00
0.90 0.35 10.14 1.00 0.00
0.90 0.35 10.31 1.00 0.00
0.90 0.35 10.48 1.00 0.00
0.90 0.35 10.66 1.00 0.00
1.10 0.35 7.68 1.00 0.00
1.10 0.35 7.86 1.00 0.00
1.10 0.35 8.03 1.00 0.00
1.10 0.35 8.21 1.00 0.00
1.10 0.35 8.38 1.00 0.00
1.10 0.35 8.55 1.00 0.00
1.10 0.35 8.73 1.00 0.00
1.10 0.35 8.90 1.00 0.00
1.10 0.35 9.08 1.00 0.00
1.10 0.35 9.25 1.00 0.00
1.10 0.35 9.43 1.00 0.00
1.10 0.35 9.60 1.00 0.00
1.10 0.35 9.78 1.00 0.00
1.10 0.35 9.95 1.00 0.00
1.10 0.35 10.13 1.00 0.00
1.10 0.35 10.30 1.00 0.00
1.10 0.35 10.47 1.00 0.00
1.10 0.35 10.65 1.00 0.00
0.30 0.52 7.71 1.00 0.00
0.30 0.52 7.89 1.00 0.00
0.30 0.52 8.06 1.00 0.00
0.30 0.52 8.24 1.00 0.00
0.30 0.52 8.41 1.00 0.00
0.30 0.52 8.59 1.00 0.00
0.30 0.52 8.76 1.00 0.00
0.30 0.52 8.93 1.00 0.00
0.30 0.52 9.11 1.00 0.00
0.30 0.52 9.28 1.00 0.00
0.30 0.52 9.46 1.00 0.00
0.30 0.52 9.63 1.00 0.00
0.30 0.52 9.81 1.00 0.00
0.30 0.52 9.98 1.00 0.00
0.30 0.52 10.16 1.00 0.00
0.30 0.52 10.33 1.00 0.00
0.30 0.52 10.51 1.00 0.00
0.30 0.52 10.68 1.00 0.00
0.50 0.52 7.69 1.00 0.00
0.50 0.52 7.86 1.00 0.00
0.50 0.52 8.04 1.00 0.00
0.50 0.52 8.21 1.00 0.00
0.50 0.52 8.39 1.00 0.00
0.50 0.52 8.56 1.00 0.00
0.50 0.52 8.74 1.00 0.00
0.50 0.52 8.91 1.00 0.00
0.50 0.52 9.09 1.00 0.00
0.50 0.52 9.26 1.00 0.00
0.50 0.52 9.43 1.00 0.00
0.50 0.52 9.61 1.00 0.00
0.50 0.52 9.78 1.00 0.00
0.50 0.52 9.96 1.00 0.00
0.50 0.52 10.13 1.00 0.00
0.50 0.52 10.31 1.00 0.00
0.50 0.52 10.48 1.00 0.00
0.50 0.52 10.66 1.00 0.00
0.70 0.52 7.67 1.00 0.00
0.70 0.52 7.84 1.00 0.00
0.70 0.52 8.02 1.00 0.00
0.70 0.52 8.19 1.00 0.00
0.70 0.52 8.37 1.00 0.00
0.70 0.52 8.54 1.00 0.00
0.70 0.52 8.72 1.00 0.00
0.70 0.52 8.89 1.00 0.00
0.70 0.52 9.06 1.00 0.00
0.70 0.52 9.24 1.00 0.00
0.70 0.52 9.41 1.00 0.00
0.70 0.52 9.59 1.00 0.00
0.70 0.52 9.76 1.00 0.00
0.70 0.52 9.94 1.00 0.00
0.70 0.52 10.11 1.00 0.00
0.70 0.52 10.29 1.00 0.00
0.70 0.52 10.46 1.00 0.00
0.70 0.52 10.64 1.00 0.00
0.90 0.52 7.65 1.00 0.00
0.90 0.52 7.82 1.00 0.00
0.90 0.52 8.00 1.00 0.00
0.90 0.52 8.17 1.00 0.00
0.90 0.52 8.35 1.00 0.00
0.90 0.52 8.52 1.00 0.00
0.90 0.52 8.70 1.00 0.00
0.90 0.52 8.87 1.00 0.00
0.90 0.52 9.05 1.00 0.00
0.90 0.52 9.22 1.00 0.00
0.90 0.52 9.39 1.00 0.00
0.90 0.52 9.57 1.00 0.00
0.90 0.52 9.74 1.00 0.00
0.90 0.52 9.92 1.00 0.00
0.90 0.52 10.09 1.00 0.00
0.90 0.52 10.27 1.00 0.00
0.90 0.52 10.44 1.00 0.00
0.90 0.52 10.62 1.00 0.00
1.10 0.52 7.63 1.00 0.00
1.10 0.52 7.81 1.00 0.00
1.10 0.52 7.98 1.00 0.00
1.10 0.52 8.16 1.00 0.00
1.10 0.52 8.33 1.00 0.00
1.10 0.52 8.51 1.00 0.00
1.10 0.52 8.68 1.00 0.00
1.10 0.52 8.85 1.00 0.00
1.10 0.52 9.03 1.00 0.00
1.10 0.52 9.20 1.00 0.00
1.10 0.52 9.38 1.00 0.00
1.10 0.52 9.55 1.00 0.00
1.10 0.52 9.73 1.00 0.00
1.10 0.52 9.90 1.00 0.00
1.10 0.52 10.08 1.00 0.00
1.10 0.52 10.25 1.00 0.00
1.10 0.52 10.42 1.00 0.00
1.10 0.52 10.60 1.00 0.00
0.30 0.70 7.70 1.00 0.00
0.30 0.70 7.87 1.00 0.00
0.30 0.70 8.05 1.00 0.00
0.30 0.70 8.22 1.00 0.00
0.30 0.70 8.40 1.00 0.00
0.30 0.70 8.57 1.00 0.00
0.30 0.70 8.74 1.00 0.00
0.30 0.70 8.92 1.00 0.00
0.30 0.70 9.09 1.00 0.00
0.30 0.70 9.27 1.00 0.00
0.30 0.70 9.44 1.00 0.00
0.30 0.70 9.62 1.00 0.00
0.30 0.70 9.79 1.00 0.00
0.30 0.70 9.97 1.00 0.00
0.30 0.70 10.14 1.00 0.00
0.30 0.70 10.32 1.00 0.00
0.30 0.70 10.49 1.00 0.00
0.30 0.70 10.66 1.00 0.00
0.50 0.70 7.66 1.00 0.00
0.50 0.70 7.84 1.00 0.00
0.50 0.70 8.01 1.00 0.00
0.50 0.70 8.19 1.00 0.00
0.50 0.70 8.36 1.00 0.00
0.50 0.70 8.54 1.00 0.00
0.50 0.70 8.71 1.00 0.00
0.50 0.70 8.89 1.00 0.00
0.50 0.70 9.06 1.00 0.00
0.50 0.70 9.23 1.00 0.00
0.50 0.70 9.41 1.00 0.00
0.50 0.70 9.58 1.00 0.00
0.50 0.70 9.76 1.00 0.00
0.50 0.70 9.93 1.00 0.00
0.50 0.70 10.11 1.00 0.00
0.50 0.70 10.28 1.00 0.00
0.50 0.70 10.46 1.00 0.00
0.50 0.70 10.63 1.00 0.00
0.70 0.70 7.63 1.00 0.00
0.70 0.70 7.81 1.00 0.00
0.70 0.70 7.98 1.00 0.00
0.70 0.70 8.16 1.00 0.00
0.70 0.70 8.33 1.00 0.00
0.70 0.70 8.51 1.00 0.00
0.70 0.70 8.68 1.00 0.00
0.70 0.70 8.86 1.00 0.00
0.70 0.70 9.03 1.00 0.00
0.70 0.70 9.21 1.00 0.00
0.70 0.70 9.38 1.00 0.00
0.70 0.70 9.55 1.00 0.00
0.70 0.70 9.73 1.00 0.00
0.70 0.70 9.90 1.00 0.00
0.70 0.70 10.08 1.00 0.00
0.70 0.70 10.25 1.00 0.00
0.70 0.70 10.43 1.00 0.00
0.70 0.70 10.60 1.00 0.00
0.90 0.70 7.61 1.00 0.00
0.90 0.70 7.78 1.00 0.00
0.90 0.70 7.96 1.00 0.00
0.90 0.70 8.13 1.00 0.00
0.90 0.70 8.31 1.00 0.00
0.90 0.70 8.48 1.00 0.00
0.90 0.70 8.65 1.00 0.00
0.90 0.70 8.83 1.00 0.00
0.90 0.70 9.00 1.00 0.00
0.90 0.70 9.18 1.00 0.00
0.90 0.70 9.35 1.00 0.00
0.90 0.70 9.53 1.00 0.00
0.90 0.70 9.70 1.00 0.00
0.90 0.70 9.88 1.00 0.00
0.90 0.70 10.05 1.00 0.00
0.90 0.70 10.23 1.00 0.00
0.90 0.70 10.40 1.00 0.00
0.90 0.70 10.57 1.00 0.00
1.10 0.70 7.58 1.00 0.00
1.10 0.70 7.76 1.00 0.00
1.10 0.70 7.93 1.00 0.00
1.10 0.70 8.11 1.00 0.00
1.10 0.70 8.28 1.00 0.00
1.10 0.70 8.46 1.00 0.00
1.10 0.70 8.63 1.00 0.00
1.10 0.70 8.81 1.00 0.00
1.10 0.70 8.98 1.00 0.00
1.10 0.70 9.15 1.00 0.00
1.10 0.70 9.33 1.00 0.00
1.10 0.70 9.50 1.00 0.00
1.10 0.70 9.68 1.00 0.00
1.10 0.70 9.85 1.00 0.00
1.10 0.70 10.03 1.00 0.00
1.10 0.70 10.20 1.00 0.00
1.10 0.70 10.38 1.00 0.00
1.10 0.70 10.55 1.00 0.00
0.30 0.87 7.68 1.00 0.00
0.30 0.87 7.86 1.00 0.00
0.30 0.87 8.03 1.00 0.00
0.30 0.87 8.21 1.00 0.00
0.30 0.87 8.38 1.00 0.00
0.30 0.87 8.56 1.00 0.00
0.30 0.87 8.73 1.00 0.00
0.30 0.87 8.90 1.00 0.00
0.30 0.87 9.08 1.00 0.00
0.30 0.87 9.25 1.00 0.00
0.30 0.87 9.43 1.00 0.00
0.30 0.87 9.60 1.00 0.00
0.30 0.87 9.78 1.00 0.00
0.30 0.87 9.95 1.00 0.00
0.30 0.87 10.13 1.00 0.00
0.30 0.87 10.30 1.00 0.00
0.30 0.87 10.47 1.00 0.00
0.30 0.87 10.65 1.00 0.00
0.50 0.87 7.64 1.00 0.00
0.50 0.87 7.81 1.00 0.00
0.50 0.87 7.99 1.00 0.00
0.50 0.87 8.16 1.00 0.00
0.50 0.87 8.34 1.00 0.00
0.50 0.87 8.51 1.00 0.00
0.50 0.87 8.69 1.00 0.00
0.50 0.87 8.86 1.00 0.00
0.50 0.87 9.04 1.00 0.00
0.50 0.87 9.21 1.00 0.00
0.50 0.87 9.39 1.00 0.00
0.50 0.87 9.56 1.00 0.00
0.50 0.87 9.73 1.00 0.00
0.50 0.87 9.91 1.00 0.00
0.50 0.87 10.08 1.00 0.00
0.50 0.87 10.26 1.00 0.00
0.50 0.87 10.43 1.00 0.00
0.50 0.87 10.61 1.00 0.00
0.70 0.87 7.60 1.00 0.00
0.70 0.87 7.78 1.00 0.00
0.70 0.87 7.95 1.00 0.00
0.70 0.87 8.13 1.00 0.00
0.70 0.87 8.30 1.00 0.00
0.70 0.87 8.47 1.00 0.00
0.70 0.87 8.65 1.00 0.00
0.70 0.87 8.82 1.00 0.00
0.70 0.87 9.00 1.00 0.00
0.70 0.87 9.17 1.00 0.00
0.70 0.87 9.35 1.00 0.00
0.70 0.87 9.52 1.00 0.00
0.70 0.87 9.70 1.00 0.00
0.70 0.87 9.87 1.00 0.00
0.70 0.87 10.05 1.00 0.00
0.70 0.87 10.22 1.00 0.00
0.70 0.87 10.39 1.00 0.00
0.70 0.87 10.57 1.00 0.00
0.90 0.87 7.57 1.00 0.00
0.90 0.87 7.74 1.00 0.00
0.90 0.87 7.92 1.00 0.00
0.90 0.87 8.09 1.00 0.00
0.90 0.87 8.27 1.00 0.00
0.90 0.87 8.44 1.00 0.00
0.90 0.87 8.62 1.00 0.00
0.90 0.87 8.79 1.00 0.00
0.90 0.87 8.96 1.00 0.00
0.90 0.87 9.14 1.00 0.00
0.90 0.87 9.31 1.00 0.00
0.90 0.87 9.49 1.00 0.00
0.90 0.87 9.66 1.00 0.00
0.90 0.87 9.84 1.00 0.00
0.90 0.87 10.01 1.00 0.00
0.90 0.87 10.19 1.00 0.00
0.90 0.87 10.36 1.00 0.00
0.90 0.87 10.53 1.00 0.00
1.10 0.87 7.54 1.00 0.00
1.10 0.87 7.71 1.00 0.00
1.10 0.87 7.89 1.00 0.00
1.10 0.87 8.06 1.00 0.00
1.10 0.87 8.23 1.00 0.00
1.10 0.87 8.41 1.00 0.00
1.10 0.87 8.58 1.00 0.00
1.10 0.87 8.76 1.00 0.00
1.10 0.87 8.93 1.00 0.00
1.10 0.87 9.11 1.00 0.00
1.10 0.87 9.28 1.00 0.00
1.10 0.87 9.46 1.00 0.00
1.10 0.87 9.63 1.00 0.00
1.10 0.87 9.81 1.00 0.00
1.10 0.87 9.98 1.00 0.00
1.10 0.87 10.15 1.00 0.00
1.10 0.87 10.33 1.00 0.00
1.10 0.87 10.50 1.00 0.00
0.30 1.05 7.67 1.00 0.00
0.30 1.05 7.84 1.00 0.00
0.30 1.05 8.02 1.00 0.00
0.30 1.05 8.19 1.00 0.00
0.30 1.05 8.37 1.00 0.00
0.30 1.05 8.54 1.00 0.00
0.30 1.05 8.72 1.00 0.00
0.30 1.05 8.89 1.00 0.00
0.30 1.05 9.07 1.00 0.00
0.30 1.05 9.24 1.00 0.00
0.30 1.05 9.41 1.00 0.00
0.30 1.05 9.59 1.00 0.00
0.30 1.05 9.76 1.00 0.00
0.30 1.05 9.94 1.00 0.00
0.30 1.05 10.11 1.00 0.00
0.30 1.05 10.29 1.00 0.00
0.30 1.05 10.46 1.00 0.00
0.30 1.05 10.64 1.00 0.00
0.50 1.05 7.62 1.00 0.00
0.50 1.05 7.79 1.00 0.00
0.50 1.05 7.97 1.00 0.00
0.50 1.05 8.14 1.00 0.00
0.50 1.05 8.32 1.00 0.00
0.50 1.05 8.49 1.00 0.00
0.50 1.05 8.67 1.00 0.00
0.50 1.05 8.84 1.00 0.00
0.50 1.05 9.02 1.00 0.00
0.50 1.05 9.19 1.00 0.00
0.50 1.05 9.36 1.00 0.00
0.50 1.05 9.54 1.00 0.00
0.50 1.05 9.71 1.00 0.00
0.50 1.05 9.89 1.00 0.00
0.50 1.05 10.06 1.00 0.00
0.50 1.05 10.24 1.00 0.00
0.50 1.05 10.41 1.00 0.00
0.50 1.05 10.59 1.00 0.00
0.70 1.05 7.57 1.00 0.00
0.70 1.05 7.75 1.00 0.00
0.70 1.05 7.92 1.00 0.00
0.70 1.05 8.10 1.00 0.00
0.70 1.05 8.27 1.00 0.00
0.70 1.05 8.45 1.00 0.00
0.70 1.05 8.62 1.00 0.00
0.70 1.05 8.79 1.00 0.00
0.70 1.05 8.97 1.00 0.00
0.70 1.05 9.14 1.00 0.00
0.70 1.05 9.32 1.00 0.00
0.70 1.05 9.49 1.00 0.00
0.70 1.05 9.67 1.00 0.00
0.70 1.05 9.84 1.00 0.00
0.70 1.05 10.02 1.00 0.00
0.70 1.05 10.19 1.00 0.00
0.70 1.05 10.37 1.00 0.00
0.70 1.05 10.54 1.00 0.00
0.90 1.05 7.53 1.00 0.00
0.90 1.05 7.71 1.00 0.00
0.90 1.05 7.88 1.00 0.00
0.90 1.05 8.05 1.00 0.00
0.90 1.05 8.23 1.00 0.00
0.90 1.05 8.40 1.00 0.00
0.90 1.05 8.58 1.00 0.00
0.90 1.05 8.75 1.00 0.00
0.90 1.05 8.93 1.00 0.00
0.90 1.05 9.10 1.00 0.00
0.90 1.05 9.28 1.00 0.00
0.90 1.05 9.45 1.00 0.00
0.90 1.05 9.62 1.00 0.00
0.90 1.05 9.80 1.00 0.00
0.90 1.05 9.97 1.00 0.00
0.90 1.05 10.15 1.00 0.00
0.90 1.05 10.32 1.00 0.00
0.90 1.05 10.50 1.00 0.00
1.10 1.05 7.49 1.00 0.00
1.10 1.05 7.67 1.00 0.00
1.10 1.05 7.84 1.00 0.00
1.10 1.05 8.02 1.00 0.00
1.10 1.05 8.19 1.00 0.00
1.10 1.05 8.36 1.00 0.00
1.10 1.05 8.54 1.00 0.00
1.10 1.05 8.71 1.00 0.00
1.10 1.05 8.89 1.00 0.00
1.10 1.05 9.06 1.00 0.00
1.10 1.05 9.24 1.00 0.00
1.10 1.05 9.41 1.00 0.00
1.10 1.05 9.59 1.00 0.00
1.10 1.05 9.76 1.00 0.00
1.10 1.05 9.94 1.00 0.00
1.10 1.05 10.11 1.00 0.00
1.10 1.05 10.28 1.00 0.00
1.10 1.05 10.46 1.00 0.00
0.30 1.22 7.66 1.00 0.00
0.30 1.22 7.83 1.00 0.00
0.30 1.22 8.01 1.00 0.00
0.30 1.22 8.18 1.00 0.00
0.30 1.22 8.36 1.00 0.00
0.30 1.22 8.53 1.00 0.00
0.30 1.22 8.71 1.00 0.00
0.30 1.22 8.88 1.00 0.00
0.30 1.22 9.06 1.00 0.00
0.30 1.22 9.23 1.00 0.00
0.30 1.22 9.40 1.00 0.00
0.30 1.22 9.58 1.00 0.00
0.30 1.22 9.75 1.00 0.00
0.30 1.22 9.93 1.00 0.00
0.30 1.22 10.10 1.00 0.00
0.30 1.22 10.28 1.00 0.00
0.30 1.22 10.45 1.00 0.00
0.30 1.22 10.63 1.00 0.00
0.50 1.22 7.60 1.00 0.00
0.50 1.22 7.78 1.00 0.00
0.50 1.22 7.95 1.00 0.00
0.50 1.22 8.12 1.00 0.00
0.50 1.22 8.30 1.00 0.00
0.50 1.22 8.47 1.00 0.00
0.50 1.22 8.65 1.00 0.00
0.50 1.22 8.82 1.00 0.00
0.50 1.22 9.00 1.00 0.00
0.50 1.22 9.17 1.00 0.00
0.50 1.22 9.35 1.00 0.00
0.50 1.22 9.52 1.00 0.00
0.50 1.22 9.69 1.00 0.00
0.50 1.22 9.87 1.00 0.00
0.50 1.22 10.04 1.00 0.00
0.50 1.22 10.22 1.00 0.00
0.50 1.22 10.39 1.00 0.00
0.50 1.22 10.57 1.00 0.00
0.70 1.22 7.55 1.00 0.00
0.70 1.22 7.72 1.00 0.00
0.70 1.22 7.90 1.00 0.00
0.70 1.22 8.07 1.00 0.00
0.70 1.22 8.24 1.00 0.00
0.70 1.22 8.42 1.00 0.00
0.70 1.22 8.59 1.00 0.00
0.70 1.22 8.77 1.00 0.00
0.70 1.22 8.94 1.00 0.00
0.70 1.22 9.12 1.00 0.00
0.70 1.22 9.29 1.00 0.00
0.70 1.22 9.47 1.00 0.00
0.70 1.22 9.64 1.00 0.00
0.70 1.22 9.82 1.00 0.00
0.70 1.22 9.99 1.00 0.00
0.70 1.22 10.16 1.00 0.00
0.70 1.22 10.34 1.00 0.00
0.70 1.22 10.51 1.00 0.00
0.90 1.22 7.50 1.00 0.00
0.90 1.22 7.67 1.00 0.00
0.90 1.22 7.85 1.00 0.00
0.90 1.22 8.02 1.00 0.00
0.90 1.22 8.19 1.00 0.00
0.90 1.22 8.37 1.00 0.00
0.90 1.22 8.54 1.00 0.00
0.90 1.22 8.72 1.00 0.00
0.90 1.22 8.89 1.00 0.00
0.90 1.22 9.07 1.00 0.00
0.90 1.22 9.24 1.00 0.00
0.90 1.22 9.42 1.00 0.00
0.90 1.22 9.59 1.00 0.00
0.90 1.22 9.77 1.00 0.00
0.90 1.22 9.94 1.00 0.00
0.90 1.22 10.11 1.00 0.00
0.90 1.22 10.29 1.00 0.00
0.90 1.22 10.46 1.00 0.00
1.10 1.22 7.45 1.00 0.00
1.10 1.22 7.63 1.00 0.00
1.10 1.22 7.80 1.00 0.00
1.10 1.22 7.97 1.00 0.00
1.10 1.22 8.15 1.00 0.00
1.10 1.22 8.32 1.00 0.00
1.10 1.22 8.50 1.00 0.00
1.10 1.22 8.67 1.00 0.00
1.10 1.22 8.85 1.00 0.00
1.10 1.22 9.02 1.00 0.00
1.10 1.22 9.20 1.00 0.00
1.10 1.22 9.37 1.00 0.00
1.10 1.22 9.54 1.00 0.00
1.10 1.22 9.72 1.00 0.00
1.10 1.22 9.89 1.00 0.00
1.10 1.22 10.07 1.00 0.00
1.10 1.22 10.24 1.00 0.00
1.10 1.22 10.42 1.00 0.00
0.30 1.40 7.65 1.00 0.00
0.30 1.40 7.83 1.00 0.00
0.30 1.40 8.00 1.00 0.00
0.30 1.40 8.17 1.00 0.00
0.30 1.40 8.35 1.00 0.00
0.30 1.40 8.52 1.00 0.00
0.30 1.40 8.70 1.00 0.00
0.30 1.40 8.87 1.00 0.00
0.30 1.40 9.05 1.00 0.00
0.30 1.40 9.22 1.00 0.00
0.30 1.40 9.40 1.00 0.00
0.30 1.40 9.57 1.00 0.00
0.30 1.40 9.74 1.00 0.00
0.30 1.40 9.92 1.00 0.00
0.30 1.40 10.09 1.00 0.00
0.30 1.40 10.27 1.00 0.00
0.30 1.40 10.44 1.00 0.00
0.30 1.40 10.62 1.00 0.00
0.50 1.40 7.59 1.00 0.00
0.50 1.40 7.76 1.00 0.00
0.50 1.40 7.93 1.00 0.00
0.50 1.40 8.11 1.00 0.00
0.50 1.40 8.28 1.00 0.00
0.50 1.40 8.46 1.00 0.00
0.50 1.40 8.63 1.00 0.00
0.50 1.40 8.81 1.00 0.00
0.50 1.40 8.98 1.00 0.00
0.50 1.40 9.16 1.00 0.00
0.50 1.40 9.33 1.00 0.00
0.50 1.40 9.51 1.00 0.00
0.50 1.40 9.68 1.00 0.00
0.50 1.40 9.85 1.00 0.00
0.50 1.40 10.03 1.00 0.00
0.50 1.40 10.20 1.00 0.00
0.50 1.40 10.38 1.00 0.00
0.50 1.40 10.55 1.00 0.00
0.70 1.40 7.52 1.00 0.00
0.70 1.40 7.70 1.00 0.00
0.70 1.40 7.87 1.00 0.00
0.70 1.40 8.05 1.00 0.00
0.70 1.40 8.22 1.00 0.00
0.70 1.40 8.40 1.00 0.00
0.70 1.40 8.57 1.00 0.00
0.70 1.40 8.75 1.00 0.00
0.70 1.40 8.92 1.00 0.00
0.70 1.40 9.09 1.00 0.00
0.70 1.40 9.27 1.00 0.00
0.70 1.40 9.44 1.00 0.00
0.70 1.40 9.62 1.00 0.00
0.70 1.40 9.79 1.00 0.00
0.70 1.40 9.97 1.00 0.00
0.70 1.40 10.14 1.00 0.00
0.70 1.40 10.32 1.00 0.00
0.70 1.40 10.49 1.00 0.00
0.90 1.40 7.47 1.00 0.00
0.90 1.40 7.64 1.00 0.00
0.90 1.40 7.82 1.00 0.00
0.90 1.40 7.99 1.00 0.00
0.90 1.40 8.16 1.00 0.00
0.90 1.40 8.34 1.00 0.00
0.90 1.40 8.51 1.00 0.00
0.90 1.40 8.69 1.00 0.00
0.90 1.40 8.86 1.00 0.00
0.90 1.40 9.04 1.00 0.00
0.90 1.40 9.21 1.00 0.00
0.90 1.40 9.39 1.00 0.00
0.90 1.40 9.56 1.00 0.00
0.90 1.40 9.74 1.00 0.00
0.90 1.40 9.91 1.00 0.00
0.90 1.40 10.08 1.00 0.00
0.90 1.40 10.26 1.00 0.00
0.90 1.40 10.43 1.00 0.00
1.10 1.40 7.41 1.00 0.00
1.10 1.40 7.59 1.00 0.00
1.10 1.40 7.76 1.00 0.00
1.10 1.40 7.94 1.00 0.00
1.10 1.40 8.11 1.00 0.00
1.10 1.40 8.29 1.00 0.00
1.10 1.40 8.46 1.00 0.00
1.10 1.40 8.63 1.00 0.00
1.10 1.40 8.81 1.00 0.00
1.10 1.40 8.98 1.00 0.00
1.10 1.40 9.16 1.00 0.00
1.10 1.40 9.33 1.00 0.00
1.10 1.40 9.51 1.00 0.00
1.10 1.40 9.68 1.00 0.00
1.10 1.40 9.86 1.00 0.00
1.10 1.40 10.03 1.00 0.00
1.10 1.40 10.21 1.00 0.00
1.10 1.40 10.38 1.00 0.00
0.30 1.57 7.65 1.00 0.00
0.30 1.57 7.82 1.00 0.00
0.30 1.57 7.99 1.00 0.00
0.30 1.57 8.17 1.00 0.00
0.30 1.57 8.34 1.00 0.00
0.30 1.57 8.52 1.00 0.00
0.30 1.57 8.69 1.00 0.00
0.30 1.57 8.87 1.00 0.00
0.30 1.57 9.04 1.00 0.00
0.30 1.57 9.22 1.00 0.00
0.30 1.57 9.39 1.00 0.00
0.30 1.57 9.56 1.00 0.00
0.30 1.57 9.74 1.00 0.00
0.30 1.57 9.91 1.00 0.00
0.30 1.57 10.09 1.00 0.00
0.30 1.57 10.26 1.00 0.00
0.30 1.57 10.44 1.00 0.00
0.30 1.57 10.61 1.00 0.00
0.50 1.57 7.57 1.00 0.00
0.50 1.57 7.75 1.00 0.00
0.50 1.57 7.92 1.00 0.00
0.50 1.57 8.10 1.00 0.00
0.50 1.57 8.27 1.00 0.00
0.50 1.57 8.45 1.00 0.00
0.50 1.57 8.62 1.00 0.00
0.50 1.57 8.80 1.00 0.00
0.50 1.57 8.97 1.00 0.00
0.50 1.57 9.15 1.00 0.00
0.50 1.57 9.32 1.00 0.00
0.50 1.57 9.49 1.00 0.00
0.50 1.57 9.67 1.00 0.00
0.50 1.57 9.84 1.00 0.00
0.50 1.57 10.02 1.00 0.00
0.50 1.57 10.19 1.00 0.00
0.50 1.57 10.37 1.00 0.00
0.50 1.57 10.54 1.00 0.00
0.70 1.57 7.51 1.00 0.00
0.70 1.57 7.68 1.00 0.00
0.70 1.57 7.86 1.00 0.00
0.70 1.57 8.03 1.00 0.00
0.70 1.57 8.20 1.00 0.00
0.70 1.57 8.38 1.00 0.00
0.70 1.57 8.55 1.00 0.00
0.70 1.57 8.73 1.00 0.00
0.70 1.57 8.90 1.00 0.00
0.70 1.57 9.08 1.00 0.00
0.70 1.57 9.25 1.00 0.00
0.70 1.57 9.43 1.00 0.00
0.70 1.57 9.60 1.00 0.00
0.70 1.57 9.78 1.00 0.00
0.70 1.57 9.95 1.00 0.00
0.70 1.57 10.12 1.00 0.00
0.70 1.57 10.30 1.00 0.00
0.70 1.57 10.47 1.00 0.00
0.90 1.57 7.44 1.00 0.00
0.90 1.57 7.62 1.00 0.00
0.90 1.57 7.79 1.00 0.00
0.90 1.57 7.97 1.00 0.00
0.90 1.57 8.14 1.00 0.00
0.90 1.57 8.31 1.00 0.00
0.90 1.57 8.49 1.00 0.00
0.90 1.57 8.66 1.00 0.00
0.90 1.57 8.84 1.00 0.00
0.90 1.57 9.01 1.00 0.00
0.90 1.57 9.19 1.00 0.00
0.90 1.57 9.36 1.00 0.00
0.90 1.57 9.54 1.00 0.00
0.90 1.57 9.71 1.00 0.00
0.90 1.57 9.89 1.00 0.00
0.90 1.57 10.06 1.00 0.00
0.90 1.57 10.23 1.00 0.00
0.90 1.57 10.41 1.00 0.00
1.10 1.57 7.38 1.00 0.00
1.10 1.57 7.56 1.00 0.00
1.10 1.57 7.73 1.00 0.00
1.10 1.57 7.90 1.00 0.00
1.10 1.57 8.08 1.00 0.00
1.10 1.57 8.25 1.00 0.00
1.10 1.57 8.43 1.00 0.00
1.10 1.57 8.60 1.00 0.00
1.10 1.57 8.78 1.00 0.00
1.10 1.57 8.95 1.00 0.00
1.10 1.57 9.13 1.00 0.00
1.10 1.57 9.30 1.00 0.00
1.10 1.57 9.48 1.00 0.00
1.10 1.57 9.65 1.00 0.00
1.10 1.57 9.82 1.00 0.00
1.10 1.57 10.00 1.00 0.00
1.10 1.57 10.17 1.00 0.00
1.10 1.57 10.35 1.00 0.00
0.30 1.75 7.64 1.00 0.00
0.30 1.75 7.82 1.00 0.00
0.30 1.75 7.99 1.00 0.00
0.30 1.75 8.17 1.00 0.00
0.30 1.75 8.34 1.00 0.00
0.30 1.75 8.52 1.00 0.00
0.30 1.75 8.69 1.00 0.00
0.30 1.75 8.86 1.00 0.00
0.30 1.75 9.04 1.00 0.00
0.30 1.75 9.21 1.00 0.00
0.30 1.75 9.39 1.00 0.00
0.30 1.75 9.56 1.00 0.00
0.30 1.75 9.74 1.00 0.00
0.30 1.75 9.91 1.00 0.00
0.30 1.75 10.09 1.00 0.00
0.30 1.75 10.26 1.00 0.00
0.30 1.75 10.44 1.00 0.00
0.30 1.75 10.61 1.00 0.00
0.50 1.75 7.57 1.00 0.00
0.50 1.75 7.74 1.00 0.00
0.50 1.75 7.92 1.00 0.00
0.50 1.75 8.09 1.00 0.00
0.50 1.75 8.27 1.00 0.00
0.50 1.75 8.44 1.00 0.00
0.50 1.75 8.62 1.00 0.00
0.50 1.75 8.79 1.00 0.00
0.50 1.75 8.96 1.00 0.00
0.50 1.75 9.14 1.00 0.00
0.50 1.75 9.31 1.00 0.00
0.50 1.75 9.49 1.00 0.00
0.50 1.75 9.66 1.00 0.00
0.50 1.75 9.84 1.00 0.00
0.50 1.75 10.01 1.00 0.00
0.50 1.75 10.19 1.00 0.00
0.50 1.75 10.36 1.00 0.00
0.50 1.75 10.54 1.00 0.00
0.70 1.75 7.50 1.00 0.00
0.70 1.75 7.67 1.00 0.00
0.70 1.75 7.84 1.00 0.00
0.70 1.75 8.02 1.00 0.00
0.70 1.75 8.19 1.00 0.00
0.70 1.75 8.37 1.00 0.00
0.70 1.75 8.54 1.00 0.00
0.70 1.75 8.72 1.00 0.00
0.70 1.75 8.89 1.00 0.00
0.70 1.75 9.07 1.00 0.00
0.70 1.75 9.24 1.00 0.00
0.70 1.75 9.42 1.00 0.00
0.70 1.75 9.59 1.00 0.00
0.70 1.75 9.76 1.00 0.00
0.70 1.75 9.94 1.00 0.00
0.70 1.75 10.11 1.00 0.00
0.70 1.75 10.29 1.00 0.00
0.70 1.75 10.46 1.00 0.00
0.90 1.75 7.42 1.00 0.00
0.90 1.75 7.60 1.00 0.00
0.90 1.75 7.77 1.00 0.00
0.90 1.75 7.95 1.00 0.00
0.90 1.75 8.12 1.00 0.00
0.90 1.75 8.30 1.00 0.00
0.90 1.75 8.47 1.00 0.00
0.90 1.75 8.65 1.00 0.00
0.90 1.75 8.82 1.00 0.00
0.90 1.75 8.99 1.00 0.00
0.90 1.75 9.17 1.00 0.00
0.90 1.75 9.34 1.00 0.00
0.90 1.75 9.52 1.00 0.00
0.90 1.75 9.69 1.00 0.00
0.90 1.75 9.87 1.00 0.00
0.90 1.75 10.04 1.00 0.00
0.90 1.75 10.22 1.00 0.00
0.90 1.75 10.39 1.00 0.00
1.10 1.75 7.36 1.00 0.00
1.10 1.75 7.53 1.00 0.00
1.10 1.75 7.70 1.00 0.00
1.10 1.75 7.88 1.00 0.00
1.10 1.75 8.05 1.00 0.00
1.10 1.75 8.23 1.00 0.00
1.10 1.75 8.40 1.00 0.00
1.10 1.75 8.58 1.00 0.00
1.10 1.75 8.75 1.00 0.00
1.10 1.75 8.93 1.00 0.00
1.10 1.75 9.10 1.00 0.00
1.10 1.75 9.28 1.00 0.00
1.10 1.75 9.45 1.00 0.00
1.10 1.75 9.62 1.00 0.00
1.10 1.75 9.80 1.00 0.00
1.10 1.75 9.97 1.00 0.00
1.10 1.75 10.15 1.00 0.00
1.10 1.75 10.32 1.00 0.00
0.30 1.92 7.64 1.00 0.00
0.30 1.92 7.82 1.00 0.00
0.30 1.92 7.99 1.00 0.00
0.30 1.92 8.17 1.00 0.00
0.30 1.92 8.34 1.00 0.00
0.30 1.92 8.52 1.00 0.00
0.30 1.92 8.69 1.00 0.00
0.30 1.92 8.87 1.00 0.00
0.30 1.92 9.04 1.00 0.00
0.30 1.92 9.21 1.00 0.00
0.30 1.92 9.39 1.00 0.00
0.30 1.92 9.56 1.00 0.00
0.30 1.92 9.74 1.00 0.00
0.30 1.92 9.91 1.00 0.00
0.30 1.92 10.09 1.00 0.00
0.30 1.92 10.26 1.00 0.00
0.30 1.92 10.44 1.00 0.00
0.30 1.92 10.61 1.00 0.00
0.50 1.92 7.57 1.00 0.00
0.50 1.92 7.74 1.00 0.00
0.50 1.92 7.92 1.00 0.00
0.50 1.92 8.09 1.00 0.00
0.50 1.92 8.27 1.00 0.00
0.50 1.92 8.44 1.00 0.00
0.50 1.92 8.61 1.00 0.00
0.50 1.92 8.79 1.00 0.00
0.50 1.92 8.96 1.00 0.00
0.50 1.92 9.14 1.00 0.00
0.50 1.92 9.31 1.00 0.00
0.50 1.92 9.49 1.00 0.00
0.50 1.92 9.66 1.00 0.00
0.50 1.92 9.84 1.00 0.00
0.50 1.92 10.01 1.00 0.00
0.50 1.92 10.19 1.00 0.00
0.50 1.92 10.36 1.00 0.00
0.50 1.92 10.53 1.00 0.00
0.70 1.92 7.49 1.00 0.00
0.70 1.92 7.67 1.00 0.00
0.70 1.92 7.84 1.00 0.00
0.70 1.92 8.01 1.00 0.00
0.70 1.92 8.19 1.00 0.00
0.70 1.92 8.36 1.00 0.00
0.70 1.92 8.54 1.00 0.00
0.70 1.92 8.71 1.00 0.00
0.70 1.92 8.89 1.00 0.00
0.70 1.92 9.06 1.00 0.00
0.70 1.92 9.24 1.00 0.00
0.70 1.92 9.41 1.00 0.00
0.70 1.92 9.59 1.00 0.00
0.70 1.92 9.76 1.00 0.00
0.70 1.92 9.93 1.00 0.00
0.70 1.92 10.11 1.00 0.00
0.70 1.92 10.28 1.00 0.00
0.70 1.92 10.46 1.00 0.00
0.90 1.92 7.41 1.00 0.00
0.90 1.92 7.59 1.00 0.00
0.90 1.92 7.76 1.00 0.00
0.90 1.92 7.94 1.00 0.00
0.90 1.92 8.11 1.00 0.00
0.90 1.92 8.29 1.00 0.00
0.90 1.92 8.46 1.00 0.00
0.90 1.92 8.64 1.00 0.00
0.90 1.92 8.81 1.00 0.00
0.90 1.92 8.98 1.00 0.00
0.90 1.92 9.16 1.00 0.00
0.90 1.92 9.33 1.00 0.00
0.90 1.92 9.51 1.00 0.00
0.90 1.92 9.68 1.00 0.00
0.90 1.92 9.86 1.00 0.00
0.90 1.92 10.03 1.00 0.00
0.90 1.92 10.21 1.00 0.00
0.90 1.92 10.38 1.00 0.00
1.10 1.92 7.34 1.00 0.00
1.10 1.92 7.51 1.00 0.00
1.10 1.92 7.69 1.00 0.00
1.10 1.92 7.86 1.00 0.00
1.10 1.92 8.04 1.00 0.00
1.10 1.92 8.21 1.00 0.00
1.10 1.92 8.39 1.00 0.00
1.10 1.92 8.56 1.00 0.00
1.10 1.92 8.73 1.00 0.00
1.10 1.92 8.91 1.00 0.00
1.10 1.92 9.08 1.00 0.00
1.10 1.92 9.26 1.00 0.00
1.10 1.92 9.43 1.00 0.00
1.10 1.92 9.61 1.00 0.00
1.10 1.92 9.78 1.00 0.00
1.10 1.92 9.96 1.00 0.00
1.10 1.92 10.13 1.00 0.00
1.10 1.92 10.31 1.00 0.00
0.30 2.09 7.65 1.00 0.00
0.30 2.09 7.82 1.00 0.00
0.30 2.09 8.00 1.00 0.00
0.30 2.09 8.17 1.00 0.00
0.30 2.09 8.35 1.00 0.00
0.30 2.09 8.52 1.00 0.00
0.30 2.09 8.70 1.00 0.00
0.30 2.09 8.87 1.00 0.00
0.30 2.09 9.04 1.00 0.00
0.30 2.09 9.22 1.00 0.00
0.30 2.09 9.39 1.00 0.00
0.30 2.09 9.57 1.00 0.00
0.30 2.09 9.74 1.00 0.00
0.30 2.09 9.92 1.00 0.00
0.30 2.09 10.09 1.00 0.00
0.30 2.09 10.27 1.00 0.00
0.30 2.09 10.44 1.00 0.00
0.30 2.09 10.62 1.00 0.00
0.50 2.09 7.57 1.00 0.00
0.50 2.09 7.75 1.00 0.00
0.50 2.09 7.92 1.00 0.00
0.50 2.09 8.10 1.00 0.00
0.50 2.09 8.27 1.00 0.00
0.50 2.09 8.45 1.00 0.00
0.50 2.09 8.62 1.00 0.00
0.50 2.09 8.79 1.00 0.00
0.50 2.09 8.97 1.00 0.00
0.50 2.09 9.14 1.00 0.00
0.50 2.09 9.32 1.00 0.00
0.50 2.09 9.49 1.00 0.00
0.50 2.09 9.67 1.00 0.00
0.50 2.09 9.84 1.00 0.00
0.50 2.09 10.02 1.00 0.00
0.50 2.09 10.19 1.00 0.00
0.50 2.09 10.37 1.00 0.00
0.50 2.09 10.54 1.00 0.00
0.70 2.09 7.49 1.00 0.00
0.70 2.09 7.67 1.00 0.00
0.70 2.09 7.84 1.00 0.00
0.70 2.09 8.02 1.00 0.00
0.70 2.09 8.19 1.00 0.00
0.70 2.09 8.37 1.00 0.00
0.70 2.09 8.54 1.00 0.00
0.70 2.09 8.72 1.00 0.00
0.70 2.09 8.89 1.00 0.00
0.70 2.09 9.07 1.00 0.00
0.70 2.09 9.24 1.00 0.00
0.70 2.09 9.41 1.00 0.00
0.70 2.09 9.59 1.00 0.00
0.70 2.09 9.76 1.00 0.00
0.70 2.09 9.94 1.00 0.00
0.70 2.09 10.11 1.00 0.00
0.70 2.09 10.29 1.00 0.00
0.70 2.09 10.46 1.00 0.00
0.90 2.09 7.41 1.00 0.00
0.90 2.09 7.59 1.00 0.00
0.90 2.09 7.76 1.00 0.00
0.90 2.09 7.94 1.00 0.00
0.90 2.09 8.11 1.00 0.00
0.90 2.09 8.29 1.00 0.00
0.90 2.09 8.46 1.00 0.00
0.90 2.09 8.64 1.00 0.00
0.90 2.09 8.81 1.00 0.00
0.90 2.09 8.98 1.00 0.00
0.90 2.09 9.16 1.00 0.00
0.90 2.09 9.33 1.00 0.00
0.90 2.09 9.51 1.00 0.00
0.90 2.09 9.68 1.00 0.00
0.90 2.09 9.86 1.00 0.00
0.90 2.09 10.03 1.00 0.00
0.90 2.09 10.21 1.00 0.00
0.90 2.09 10.38 1.00 0.00
1.10 2.09 7.33 1.00 0.00
1.10 2.09 7.51 1.00 0.00
1.10 2.09 7.68 1.00 0.00
1.10 2.09 7.86 1.00 0.00
1.10 2.09 8.03 1.00 0.00
1.10 2.09 8.20 1.00 0.00
1.10 2.09 8.38 1.00 0.00
1.10 2.09 8.55 1.00 0.00
1.10 2.09 8.73 1.00 0.00
1.10 2.09 8.90 1.00 0.00
1.10 2.09 9.08 1.00 0.00
1.10 2.09 9.25 1.00 0.00
1.10 2.09 9.43 1.00 0.00
1.10 2.09 9.60 1.00 0.00
1.10 2.09 9.78 1.00 0.00
1.10 2.09 9.95 1.00 0.00
1.10 2.09 10.12 1.00 0.00
1.10 2.09 10.30 1.00 0.00
0.30 2.27 7.66 1.00 0.00
0.30 2.27 7.83 1.00 0.00
0.30 2.27 8.01 1.00 0.00
0.30 2.27 8.18 1.00 0.00
0.30 2.27 8.35 1.00 0.00
0.30 2.27 8.53 1.00 0.00
0.30 2.27 8.70 1.00 0.00
0.30 2.27 8.88 1.00 0.00
0.30 2.27 9.05 1.00 0.00
0.30 2.27 9.23 1.00 0.00
0.30 2.27 9.40 1.00 0.00
0.30 2.27 9.58 1.00 0.00
0.30 2.27 9.75 1.00 0.00
0.30 2.27 9.93 1.00 0.00
0.30 2.27 10.10 1.00 0.00
0.30 2.27 10.27 1.00 0.00
0.30 2.27 10.45 1.00 0.00
0.30 2.27 10.62 1.00 0.00
0.50 2.27 7.58 1.00 0.00
0.50 2.27 7.76 1.00 0.00
0.50 2.27 7.93 1.00 0.00
0.50 2.27 8.11 1.00 0.00
0.50 2.27 8.28 1.00 0.00
0.50 2.27 8.46 1.00 0.00
0.50 2.27 8.63 1.00 0.00
0.50 2.27 8.81 1.00 0.00
0.50 2.27 8.98 1.00 0.00
0.50 2.27 9.16 1.00 0.00
0.50 2.27 9.33 1.00 0.00
0.50 2.27 9.50 1.00 0.00
0.50 2.27 9.68 1.00 0.00
0.50 2.27 9.85 1.00 0.00
0.50 2.27 10.03 1.00 0.00
0.50 2.27 10.20 1.00 0.00
0.50 2.27 10.38 1.00 0.00
0.50 2.27 10.55 1.00 0.00
0.70 2.27 7.51 1.00 0.00
0.70 2.27 7.68 1.00 0.00
0.70 2.27 7.86 1.00 0.00
0.70 2.27 8.03 1.00 0.00
0.70 2.27 8.21 1.00 0.00
0.70 2.27 8.38 1.00 0.00
0.70 2.27 8.55 1.00 0.00
0.70 2.27 8.73 1.00 0.00
0.70 2.27 8.90 1.00 0.00
0.70 2.27 9.08 1.00 0.00
0.70 2.27 9.25 1.00 0.00
0.70 2.27 9.43 1.00 0.00
0.70 2.27 9.60 1.00 0.00
0.70 2.27 9.78 1.00 0.00
0.70 2.27 9.95 1.00 0.00
0.70 2.27 10.13 1.00 0.00
0.70 2.27 10.30 1.00 0.00
0.70 2.27 10.47 1.00 0.00
0.90 2.27 7.43 1.00 0.00
0.90 2.27 7.60 1.00 0.00
0.90 2.27 7.77 1.00 0.00
0.90 2.27 7.95 1.00 0.00
0.90 2.27 8.12 1.00 0.00
0.90 2.27 8.30 1.00 0.00
0.90 2.27 8.47 1.00 0.00
0.90 2.27 8.65 1.00 0.00
0.90 2.27 8.82 1.00 0.00
0.90 2.27 9.00 1.00 0.00
0.90 2.27 9.17 1.00 0.00
0.90 2.27 9.35 1.00 0.00
0.90 2.27 9.52 1.00 0.00
0.90 2.27 9.69 1.00 0.00
0.90 2.27 9.87 1.00 0.00
0.90 2.27 10.04 1.00 0.00
0.90 2.27 10.22 1.00 0.00
0.90 2.27 10.39 1.00 0.00
1.10 2.27 7.34 1.00 0.00
1.10 2.27 7.51 1.00 0.00
1.10 2.27 7.69 1.00 0.00
1.10 2.27 7.86 1.00 0.00
1.10 2.27 8.04 1.00 0.00
1.10 2.27 8.21 1.00 0.00
1.10 2.27 8.39 1.00 0.00
1.10 2.27 8.56 1.00 0.00
1.10 2.27 8.74 1.00 0.00
1.10 2.27 8.91 1.00 0.00
1.10 2.27 9.08 1.00 0.00
1.10 2.27 9.26 1.00 0.00
1.10 2.27 9.43 1.00 0.00
1.10 2.27 9.61 1.00 0.00
1.10 2.27 9.78 1.00 0.00
1.10 2.27 9.96 1.00 0.00
1.10 2.27 10.13 1.00 0.00
1.10 2.27 10.31 1.00 0.00
0.30 2.44 7.67 1.00 0.00
0.30 2.44 7.84 1.00 0.00
0.30 2.44 8.02 1.00 0.00
0.30 2.44 8.19 1.00 0.00
0.30 2.44 8.37 1.00 0.00
0.30 2.44 8.54 1.00 0.00
0.30 2.44 8.72 1.00 0.00
0.30 2.44 8.89 1.00 0.00
0.30 2.44 9.06 1.00 0.00
0.30 2.44 9.24 1.00 0.00
0.30 2.44 9.41 1.00 0.00
0.30 2.44 9.59 1.00 0.00
0.30 2.44 9.76 1.00 0.00
0.30 2.44 9.94 1.00 0.00
0.30 2.44 10.11 1.00 0.00
0.30 2.44 10.29 1.00 0.00
0.30 2.44 10.46 1.00 0.00
0.30 2.44 10.64 1.00 0.00
0.50 2.44 7.60 1.00 0.00
0.50 2.44 7.78 1.00 0.00
0.50 2.44 7.95 1.00 0.00
0.50 2.44 8.13 1.00 0.00
0.50 2.44 8.30 1.00 0.00
0.50 2.44 8.48 1.00 0.00
0.50 2.44 8.65 1.00 0.00
0.50 2.44 8.82 1.00 0.00
0.50 2.44 9.00 1.00 0.00
0.50 2.44 9.17 1.00 0.00
0.50 2.44 9.35 1.00 0.00
0.50 2.44 9.52 1.00 0.00
0.50 2.44 9.70 1.00 0.00
0.50 2.44 9.87 1.00 0.00
0.50 2.44 10.05 1.00 0.00
0.50 2.44 10.22 1.00 0.00
0.50 2.44 10.40 1.00 0.00
0.50 2.44 10.57 1.00 0.00
0.70 2.44 7.53 1.00 0.00
0.70 2.44 7.70 1.00 0.00
0.70 2.44 7.88 1.00 0.00
0.70 2.44 8.05 1.00 0.00
0.70 2.44 8.23 1.00 0.00
0.70 2.44 8.40 1.00 0.00
0.70 2.44 8.58 1.00 0.00
0.70 2.44 8.75 1.00 0.00
0.70 2.44 8.93 1.00 0.00
0.70 2.44 9.10 1.00 0.00
0.70 2.44 9.28 1.00 0.00
0.70 2.44 9.45 1.00 0.00
0.70 2.44 9.62 1.00 0.00
0.70 2.44 9.80 1.00 0.00
0.70 2.44 9.97 1.00 0.00
0.70 2.44 10.15 1.00 0.00
0.70 2.44 10.32 1.00 0.00
0.70 2.44 10.50 1.00 0.00
0.90 2.44 7.45 1.00 0.00
0.90 2.44 7.63 1.00 0.00
0.90 2.44 7.80 1.00 0.00
0.90 2.44 7.97 1.00 0.00
0.90 2.44 8.15 1.00 0.00
0.90 2.44 8.32 1.00 0.00
0.90 2.44 8.50 1.00 0.00
0.90 2.44 8.67 1.00 0.00
0.90 2.44 8.85 1.00 0.00
0.90 2.44 9.02 1.00 0.00
0.90 2.44 9.20 1.00 0.00
0.90 2.44 9.37 1.00 0.00
0.90 2.44 9.55 1.00 0.00
0.90 2.44 9.72 1.00 0.00
0.90 2.44 9.89 1.00 0.00
0.90 2.44 10.07 1.00 0.00
0.90 2.44 10.24 1.00 0.00
0.90 2.44 10.42 1.00 0.00
1.10 2.44 7.36 1.00 0.00
1.10 2.44 7.54 1.00 0.00
1.10 2.44 7.71 1.00 0.00
1.10 2.44 7.89 1.00 0.00
1.10 2.44 8.06 1.00 0.00
1.10 2.44 8.24 1.00 0.00
1.10 2.44 8.41 1.00 0.00
1.10 2.44 8.59 1.00 0.00
1.10 2.44 8.76 1.00 0.00
1.10 2.44 8.94 1.00 0.00
1.10 2.44 9.11 1.00 0.00
1.10 2.44 9.28 1.00 0.00
1.10 2.44 9.46 1.00 0.00
1.10 2.44 9.63 1.00 0.00
1.10 2.44 9.81 1.00 0.00
1.10 2.44 9.98 1.00 0.00
1.10 2.44 10.16 1.00 0.00
1.10 2.44 10.33 1.00 0.00
0.30 2.62 7.68 1.00 0.00
0.30 2.62 7.86 1.00 0.00
0.30 2.62 8.03 1.00 0.00
0.30 2.62 8.21 1.00 0.00
0.30 2.62 8.38 1.00 0.00
0.30 2.62 8.56 1.00 0.00
0.30 2.62 8.73 1.00 0.00
0.30 2.62 8.90 1.00 0.00
0.30 2.62 9.08 1.00 0.00
0.30 2.62 9.25 1.00 0.00
0.30 2.62 9.43 1.00 0.00
0.30 2.62 9.60 1.00 0.00
0.30 2.62 9.78 1.00 0.00
0.30 2.62 9.95 1.00 0.00
0.30 2.62 10.13 1.00 0.00
0.30 2.62 10.30 1.00 0.00
0.30 2.62 10.48 1.00 0.00
0.30 2.62 10.65 1.00 0.00
0.50 2.62 7.63 1.00 0.00
0.50 2.62 7.80 1.00 0.00
0.50 2.62 7.98 1.00 0.00
0.50 2.62 8.15 1.00 0.00
0.50 2.62 8.33 1.00 0.00
0.50 2.62 8.50 1.00 0.00
0.50 2.62 8.67 1.00 0.00
0.50 2.62 8.85 1.00 0.00
0.50 2.62 9.02 1.00 0.00
0.50 2.62 9.20 1.00 0.00
0.50 2.62 9.37 1.00 0.00
0.50 2.62 9.55 1.00 0.00
0.50 2.62 9.72 1.00 0.00
0.50 2.62 9.90 1.00 0.00
0.50 2.62 10.07 1.00 0.00
0.50 2.62 10.25 1.00 0.00
0.50 2.62 10.42 1.00 0.00
0.50 2.62 10.59 1.00 0.00
0.70 2.62 7.56 1.00 0.00
0.70 2.62 7.74 1.00 0.00
0.70 2.62 7.91 1.00 0.00
0.70 2.62 8.09 1.00 0.00
0.70 2.62 8.26 1.00 0.00
0.70 2.62 8.44 1.00 0.00
0.70 2.62 8.61 1.00 0.00
0.70 2.62 8.79 1.00 0.00
0.70 2.62 8.96 1.00 0.00
0.70 2.62 9.13 1.00 0.00
0.70 2.62 9.31 1.00 0.00
0.70 2.62 9.48 1.00 0.00
0.70 2.62 9.66 1.00 0.00
0.70 2.62 9.83 1.00 0.00
0.70 2.62 10.01 1.00 0.00
0.70 2.62 10.18 1.00 0.00
0.70 2.62 10.36 1.00 0.00
0.70 2.62 10.53 1.00 0.00
0.90 2.62 7.49 1.00 0.00
0.90 2.62 7.67 1.00 0.00
0.90 2.62 7.84 1.00 0.00
0.90 2.62 8.02 1.00 0.00
0.90 2.62 8.19 1.00 0.00
0.90 2.62 8.36 1.00 0.00
0.90 2.62 8.54 1.00 0.00
0.90 2.62 8.71 1.00 0.00
0.90 2.62 8.89 1.00 0.00
0.90 2.62 9.06 1.00 0.00
0.90 2.62 9.24 1.00 0.00
0.90 2.62 9.41 1.00 0.00
0.90 2.62 9.59 1.00 0.00
0.90 2.62 9.76 1.00 0.00
0.90 2.62 9.94 1.00 0.00
0.90 2.62 10.11 1.00 0.00
0.90 2.62 10.28 1.00 0.00
0.90 2.62 10.46 1.00 0.00
1.10 2.62 7.41 1.00 0.00
1.10 2.62 7.58 1.00 0.00
1.10 2.62 7.76 1.00 0.00
1.10 2.62 7.93 1.00 0.00
1.10 2.62 8.11 1.00 0.00
1.10 2.62 8.28 1.00 0.00
1.10 2.62 8.46 1.00 0.00
1.10 2.62 8.63 1.00 0.00
1.10 2.62 8.81 1.00 0.00
1.10 2.62 8.98 1.00 0.00
1.10 2.62 9.16 1.00 0.00
1.10 2.62 9.33 1.00 0.00
1.10 2.62 9.50 1.00 0.00
1.10 2.62 9.68 1.00 0.00
1.10 2.62 9.85 1.00 0.00
1.10 2.62 10.03 1.00 0.00
1.10 2.62 10.20 1.00 0.00
1.10 2.62 10.38 1.00 0.00
0.30 2.79 7.70 1.00 0.00
0.30 2.79 7.88 1.00 0.00
0.30 2.79 8.05 1.00 0.00
0.30 2.79 8.22 1.00 0.00
0.30 2.79 8.40 1.00 0.00
0.30 2.79 8.57 1.00 0.00
0.30 2.79 8.75 1.00 0.00
0.30 2.79 8.92 1.00 0.00
0.30 2.79 9.10 1.00 0.00
0.30 2.79 9.27 1.00 0.00
0.30 2.79 9.45 1.00 0.00
0.30 2.79 9.62 1.00 0.00
0.30 2.79 9.80 1.00 0.00
0.30 2.79 9.97 1.00 0.00
0.30 2.79 10.14 1.00 0.00
0.30 2.79 10.32 1.00 0.00
0.30 2.79 10.49 1.00 0.00
0.30 2.79 10.67 1.00 0.00
0.50 2.79 7.66 1.00 0.00
0.50 2.79 7.83 1.00 0.00
0.50 2.79 8.01 1.00 0.00
0.50 2.79 8.18 1.00 0.00
0.50 2.79 8.36 1.00 0.00
0.50 2.79 8.53 1.00 0.00
0.50 2.79 8.71 1.00 0.00
0.50 2.79 8.88 1.00 0.00
0.50 2.79 9.05 1.00 0.00
0.50 2.79 9.23 1.00 0.00
0.50 2.79 9.40 1.00 0.00
0.50 2.79 9.58 1.00 0.00
0.50 2.79 9.75 1.00 0.00
0.50 2.79 9.93 1.00 0.00
0.50 2.79 10.10 1.00 0.00
0.50 2.79 10.28 1.00 0.00
0.50 2.79 10.45 1.00 0.00
0.50 2.79 10.62 1.00 0.00
0.70 2.79 7.61 1.00 0.00
0.70 2.79 7.78 1.00 0.00
0.70 2.79 7.96 1.00 0.00
0.70 2.79 8.13 1.00 0.00
0.70 2.79 8.31 1.00 0.00
0.70 2.79 8.48 1.00 0.00
0.70 2.79 8.66 1.00 0.00
0.70 2.79 8.83 1.00 0.00
0.70 2.79 9.00 1.00 0.00
0.70 2.79 9.18 1.00 0.00
0.70 2.79 9.35 1.00 0.00
0.70 2.79 9.53 1.00 0.00
0.70 2.79 9.70 1.00 0.00
0.70 2.79 9.88 1.00 0.00
0.70 2.79 10.05 1.00 0.00
0.70 2.79 10.23 1.00 0.00
0.70 2.79 10.40 1.00 0.00
0.70 2.79 10.57 1.00 0.00
0.90 2.79 7.55 1.00 0.00
0.90 2.79 7.72 1.00 0.00
0.90 2.79 7.90 1.00 0.00
0.90 2.79 8.07 1.00 0.00
0.90 2.79 8.25 1.00 0.00
0.90 2.79 8.42 1.00 0.00
0.90 2.79 8.60 1.00 0.00
0.90 2.79 8.77 1.00 0.00
0.90 2.79 8.95 1.00 0.00
0.90 2.79 9.12 1.00 0.00
0.90 2.79 9.29 1.00 0.00
0.90 2.79 9.47 1.00 0.00
0.90 2.79 9.64 1.00 0.00
0.90 2.79 9.82 1.00 0.00
0.90 2.79 9.99 1.00 0.00
0.90 2.79 10.17 1.00 0.00
0.90 2.79 10.34 1.00 0.00
0.90 2.79 10.52 1.00 0.00
1.10 2.79 7.48 1.00 0.00
1.10 2.79 7.65 1.00 0.00
1.10 2.79 7.83 1.00 0.00
1.10 2.79 8.00 1.00 0.00
1.10 2.79 8.18 1.00 0.00
1.10 2.79 8.35 1.00 0.00
1.10 2.79 8.53 1.00 0.00
1.10 2.79 8.70 1.00 0.00
1.10 2.79 8.88 1.00 0.00
1.10 2.79 9.05 1.00 0.00
1.10 2.79 9.23 1.00 0.00
1.10 2.79 9.40 1.00 0.00
1.10 2.79 9.57 1.00 0.00
1.10 2.79 9.75 1.00 0.00
1.10 2.79 9.92 1.00 0.00
1.10 2.79 10.10 1.00 0.00
1.10 2.79 10.27 1.00 0.00
1.10 2.79 10.45 1.00 0.00
0.30 2.97 7.72 1.00 0.00
0.30 2.97 7.90 1.00 0.00
0.30 2.97 8.07 1.00 0.00
0.30 2.97 8.24 1.00 0.00
0.30 2.97 8.42 1.00 0.00
0.30 2.97 8.59 1.00 0.00
0.30 2.97 8.77 1.00 0.00
0.30 2.97 8.94 1.00 0.00
0.30 2.97 9.12 1.00 0.00
0.30 2.97 9.29 1.00 0.00
0.30 2.97 9.47 1.00 0.00
0.30 2.97 9.64 1.00 0.00
0.30 2.97 9.82 1.00 0.00
0.30 2.97 9.99 1.00 0.00
0.30 2.97 10.16 1.00 0.00
0.30 2.97 10.34 1.00 0.00
0.30 2.97 10.51 1.00 0.00
0.30 2.97 10.69 1.00 0.00
0.50 2.97 7.69 1.00 0.00
0.50 2.97 7.87 1.00 0.00
0.50 2.97 8.04 1.00 0.00
0.50 2.97 8.22 1.00 0.00
0.50 2.97 8.39 1.00 0.00
0.50 2.97 8.57 1.00 0.00
0.50 2.97 8.74 1.00 0.00
0.50 2.97 8.92 1.00 0.00
0.50 2.97 9.09 1.00 0.00
0.50 2.97 9.26 1.00 0.00
0.50 2.97 9.44 1.00 0.00
0.50 2.97 9.61 1.00 0.00
0.50 2.97 9.79 1.00 0.00
0.50 2.97 9.96 1.00 0.00
0.50 2.97 10.14 1.00 0.00
0.50 2.97 10.31 1.00 0.00
0.50 2.97 10.49 1.00 0.00
0.50 2.97 10.66 1.00 0.00
0.70 2.97 7.66 1.00 0.00
0.70 2.97 7.84 1.00 0.00
0.70 2.97 8.01 1.00 0.00
0.70 2.97 8.18 1.00 0.00
0.70 2.97 8.36 1.00 0.00
0.70 2.97 8.53 1.00 0.00
0.70 2.97 8.71 1.00 0.00
0.70 2.97 8.88 1.00 0.00
0.70 2.97 9.06 1.00 0.00
0.70 2.97 9.23 1.00 0.00
0.70 2.97 9.41 1.00 0.00
0.70 2.97 9.58 1.00 0.00
0.70 2.97 9.76 1.00 0.00
0.70 2.97 9.93 1.00 0.00
0.70 2.97 10.10 1.00 0.00
0.70 2.97 10.28 1.00 0.00
0.70 2.97 10.45 1.00 0.00
0.70 2.97 10.63 1.00 0.00
0.90 2.97 7.62 1.00 0.00
0.90 2.97 7.80 1.00 0.00
0.90 2.97 7.97 1.00 0.00
0.90 2.97 8.15 1.00 0.00
0.90 2.97 8.32 1.00 0.00
0.90 2.97 8.49 1.00 0.00
0.90 2.97 8.67 1.00 0.00
0.90 2.97 8.84 1.00 0.00
0.90 2.97 9.02 1.00 0.00
0.90 2.97 9.19 1.00 0.00
0.90 2.97 9.37 1.00 0.00
0.90 2.97 9.54 1.00 0.00
0.90 2.97 9.72 1.00 0.00
0.90 2.97 9.89 1.00 0.00
0.90 2.97 10.06 1.00 0.00
0.90 2.97 10.24 1.00 0.00
0.90 2.97 10.41 1.00 0.00
0.90 2.97 10.59 1.00 0.00
1.10 2.97 7.57 1.00 0.00
1.10 2.97 7.75 1.00 0.00
1.10 2.97 7.92 1.00 0.00
1.10 2.97 8.10 1.00 0.00
1.10 2.97 8.27 1.00 0.00
1.10 2.97 8.45 1.00 0.00
1.10 2.97 8.62 1.00 0.00
1.10 2.97 8.80 1.00 0.00
1.10 2.97 8.97 1.00 0.00
1.10 2.97 9.14 1.00 0.00
1.10 2.97 9.32 1.00 0.00
1.10 2.97 9.49 1.00 0.00
1.10 2.97 9.67 1.00 0.00
1.10 2.97 9.84 1.00 0.00
1.10 2.97 10.02 1.00 0.00
1.10 2.97 10.19 1.00 0.00
1.10 2.97 10.37 1.00 0.00
1.10 2.97 10.54 1.00 0.00
0.30 3.14 7.74 1.00 0.00
0.30 3.14 7.92 1.00 0.00
0.30 3.14 8.09 1.00 0.00
0.30 3.14 8.27 1.00 0.00
0.30 3.14 8.44 1.00 0.00
0.30 3.14 8.61 1.00 0.00
0.30 3.14 8.79 1.00 0.00
0.30 3.14 8.96 1.00 0.00
0.30 3.14 9.14 1.00 0.00
0.30 3.14 9.31 1.00 0.00
0.30 3.14 9.49 1.00 0.00
0.30 3.14 9.66 1.00 0.00
0.30 3.14 9.84 1.00 0.00
0.30 3.14 10.01 1.00 0.00
0.30 3.14 10.19 1.00 0.00
0.30 3.14 10.36 1.00 0.00
0.30 3.14 10.53 1.00 0.00
0.30 3.14 10.71 1.00 0.00
0.50 3.14 7.73 1.00 0.00
0.50 3.14 7.91 1.00 0.00
0.50 3.14 8.08 1.00 0.00
0.50 3.14 8.26 1.00 0.00
0.50 3.14 8.43 1.00 0.00
0.50 3.14 8.60 1.00 0.00
0.50 3.14 8.78 1.00 0.00
0.50 3.14 8.95 1.00 0.00
0.50 3.14 9.13 1.00 0.00
0.50 3.14 9.30 1.00 0.00
0.50 3.14 9.48 1.00 0.00
0.50 3.14 9.65 1.00 0.00
0.50 3.14 9.83 1.00 0.00
0.50 3.14 10.00 1.00 0.00
0.50 3.14 10.18 1.00 0.00
0.50 3.14 10.35 1.00 0.00
0.50 3.14 10.52 1.00 0.00
0.50 3.14 10.70 1.00 0.00
0.70 3.14 7.72 1.00 0.00
0.70 3.14 7.89 1.00 0.00
0.70 3.14 8.07 1.00 0.00
0.70 3.14 8.24 1.00 0.00
0.70 3.14 8.42 1.00 0.00
0.70 3.14 8.59 1.00 0.00
0.70 3.14 8.77 1.00 0.00
0.70 3.14 8.94 1.00 0.00
0.70 3.14 9.12 1.00 0.00
0.70 3.14 9.29 1.00 0.00
0.70 3.14 9.47 1.00 0.00
0.70 3.14 9.64 1.00 0.00
0.70 3.14 9.81 1.00 0.00
0.70 3.14 9.99 1.00 0.00
0.70 3.14 10.16 1.00 0.00
0.70 3.14 10.34 1.00 0.00
0.70 3.14 10.51 1.00 0.00
0.70 3.14 10.69 1.00 0.00
0.90 3.14 7.70 1.00 0.00
0.90 3.14 7.88 1.00 0.00
0.90 3.14 8.05 1.00 0.00
0.90 3.14 8.23 1.00 0.00
0.90 3.14 8.40 1.00 0.00
0.90 3.14 8.58 1.00 0.00
0.90 3.14 8.75 1.00 0.00
0.90 3.14 8.93 1.00 0.00
0.90 3.14 9.10 1.00 0.00
0.90 3.14 9.28 1.00 0.00
0.90 3.14 9.45 1.00 0.00
0.90 3.14 9.62 1.00 0.00
0.90 3.14 9.80 1.00 0.00
0.90 3.14 9.97 1.00 0.00
0.90 3.14 10.15 1.00 0.00
0.90 3.14 10.32 1.00 0.00
0.90 3.14 10.50 1.00 0.00
0.90 3.14 10.67 1.00 0.00
1.10 3.14 7.69 1.00 0.00
1.10 3.14 7.86 1.00 0.00
1.10 3.14 8.04 1.00 0.00
1.10 3.14 8.21 1.00 0.00
1.10 3.14 8.38 1.00 0.00
1.10 3.14 8.56 1.00 0.00
1.10 3.14 8.73 1.00 0.00
1.10 3.14 8.91 1.00 0.00
1.10 3.14 9.08 1.00 0.00
1.10 3.14 9.26 1.00 0.00
1.10 3.14 9.43 1.00 0.00
1.10 3.14 9.61 1.00 0.00
1.10 3.14 9.78 1.00 0.00
1.10 3.14 9.96 1.00 0.00
1.10 3.14 10.13 1.00 0.00
1.10 3.14 10.30 1.00 0.00
1.10 3.14 10.48 1.00 0.00
1.10 3.14 10.65 1.00 0.00
0.30 3.32 7.76 1.00 0.00
0.30 3.32 7.94 1.00 0.00
0.30 3.32 8.11 1.00 0.00
0.30 3.32 8.29 1.00 0.00
0.30 3.32 8.46 1.00 0.00
0.30 3.32 8.64 1.00 0.00
0.30 3.32 8.81 1.00 0.00
0.30 3.32 8.99 1.00 0.00
0.30 3.32 9.16 1.00 0.00
0.30 3.32 9.33 1.00 0.00
0.30 3.32 9.51 1.00 0.00
0.30 3.32 9.68 1.00 0.00
0.30 3.32 9.86 1.00 0.00
0.30 3.32 10.03 1.00 0.00
0.30 3.32 10.21 1.00 0.00
0.30 3.32 10.38 1.00 0.00
0.30 3.32 10.56 1.00 0.00
0.30 3.32 10.73 1.00 0.00
0.50 3.32 7.77 1.00 0.00
0.50 3.32 7.95 1.00 0.00
0.50 3.32 8.12 1.00 0.00
0.50 3.32 8.30 1.00 0.00
0.50 3.32 8.47 1.00 0.00
0.50 3.32 8.64 1.00 0.00
0.50 3.32 8.82 1.00 0.00
0.50 3.32 8.99 1.00 0.00
0.50 3.32 9.17 1.00 0.00
0.50 3.32 9.34 1.00 0.00
0.50 3.32 9.52 1.00 0.00
0.50 3.32 9.69 1.00 0.00
0.50 3.32 9.87 1.00 0.00
0.50 3.32 10.04 1.00 0.00
0.50 3.32 10.22 1.00 0.00
0.50 3.32 10.39 1.00 0.00
0.50 3.32 10.56 1.00 0.00
0.50 3.32 10.74 1.00 0.00
0.70 3.32 7.78 1.00 0.00
0.70 3.32 7.96 1.00 0.00
0.70 3.32 8.13 1.00 0.00
0.70 3.32 8.30 1.00 0.00
0.70 3.32 8.48 1.00 0.00
0.70 3.32 8.65 1.00 0.00
0.70 3.32 8.83 1.00 0.00
0.70 3.32 9.00 1.00 0.00
0.70 3.32 9.18 1.00 0.00
0.70 3.32 9.35 1.00 0.00
0.70 3.32 9.53 1.00 0.00
0.70 3.32 9.70 1.00 0.00
0.70 3.32 9.88 1.00 0.00
0.70 3.32 10.05 1.00 0.00
0.70 3.32 10.22 1.00 0.00
0.70 3.32 10.40 1.00 0.00
0.70 3.32 10.57 1.00 0.00
0.70 3.32 10.75 1.00 0.00
0.90 3.32 7.79 1.00 0.00
0.90 3.32 7.97 1.00 0.00
0.90 3.32 8.14 1.00 0.00
0.90 3.32 8.32 1.00 0.00
0.90 3.32 8.49 1.00 0.00
0.90 3.32 8.67 1.00 0.00
0.90 3.32 8.84 1.00 0.00
0.90 3.32 9.01 1.00 0.00
0.90 3.32 9.19 1.00 0.00
0.90 3.32 9.36 1.00 0.00
0.90 3.32 9.54 1.00 0.00
0.90 3.32 9.71 1.00 0.00
0.90 3.32 9.89 1.00 0.00
0.90 3.32 10.06 1.00 0.00
0.90 3.32 10.24 1.00 0.00
0.90 3.32 10.41 1.00 0.00
0.90 3.32 10.59 1.00 0.00
0.90 3.32 10.76 1.00 0.00
1.10 3.32 7.81 1.00 0.00
1.10 3.32 7.98 1.00 0.00
1.10 3.32 8.16 1.00 0.00
1.10 3.32 8.33 1.00 0.00
1.10 3.32 8.50 1.00 0.00
1.10 3.32 8.68 1.00 0.00
1.10 3.32 8.85 1.00 0.00
1.10 3.32 9.03 1.00 0.00
1.10 3.32 9.20 1.00 0.00
1.10 3.32 9.38 1.00 0.00
1.10 3.32 9.55 1.00 0.00
1.10 3.32 9.73 1.00 0.00
1.10 3.32 9.90 1.00 0.00
1.10 3.32 10.08 1.00 0.00
1.10 3.32 10.25 1.00 0.00
1.10 3.32 10.42 1.00 0.00
1.10 3.32 10.60 1.00 0.00
1.10 3.32 10.77 1.00 0.00
0.30 3.49 7.79 1.00 0.00
0.30 3.49 7.96 1.00 0.00
0.30 3.49 8.13 1.00 0.00
0.30 3.49 8.31 1.00 0.00
0.30 3.49 8.48 1.00 0.00
0.30 3.49 8.66 1.00 0.00
0.30 3.49 8.83 1.00 0.00
0.30 3.49 9.01 1.00 0.00
0.30 3.49 9.18 1.00 0.00
0.30 3.49 9.36 1.00 0.00
0.30 3.49 9.53 1.00 0.00
0.30 3.49 9.71 1.00 0.00
0.30 3.49 9.88 1.00 0.00
0.30 3.49 10.05 1.00 0.00
0.30 3.49 10.23 1.00 0.00
0.30 3.49 10.40 1.00 0.00
0.30 3.49 10.58 1.00 0.00
0.30 3.49 10.75 1.00 0.00
0.50 3.49 7.81 1.00 0.00
0.50 3.49 7.99 1.00 0.00
0.50 3.49 8.16 1.00 0.00
0.50 3.49 8.33 1.00 0.00
0.50 3.49 8.51 1.00 0.00
0.50 3.49 8.68 1.00 0.00
0.50 3.49 8.86 1.00 0.00
0.50 3.49 9.03 1.00 0.00
0.50 3.49 9.21 1.00 0.00
0.50 3.49 9.38 1.00 0.00
0.50 3.49 9.56 1.00 0.00
0.50 3.49 9.73 1.00 0.00
0.50 3.49 9.91 1.00 0.00
0.50 3.49 10.08 1.00 0.00
0.50 3.49 10.25 1.00 0.00
0.50 3.49 10.43 1.00 0.00
0.50 3.49 10.60 1.00 0.00
0.50 3.49 10.78 1.00 0.00
0.70 3.49 7.84 1.00 0.00
0.70 3.49 8.02 1.00 0.00
0.70 3.49 8.19 1.00 0.00
0.70 3.49 8.36 1.00 0.00
0.70 3.49 8.54 1.00 0.00
0.70 3.49 8.71 1.00 0.00
0.70 3.49 8.89 1.00 0.00
0.70 3.49 9.06 1.00 0.00
0.70 3.49 9.24 1.00 0.00
0.70 3.49 9.41 1.00 0.00
0.70 3.49 9.59 1.00 0.00
0.70 3.49 9.76 1.00 0.00
0.70 3.49 9.94 1.00 0.00
0.70 3.49 10.11 1.00 0.00
0.70 3.49 10.28 1.00 0.00
0.70 3.49 10.46 1.00 0.00
0.70 3.49 10.63 1.00 0.00
0.70 3.49 10.81 1.00 0.00
0.90 3.49 1.59 1.00 0.00
0.90 3.49 1.77 1.00 0.00
0.90 3.49 1.94 1.00 0.00
0.90 3.49 2.12 1.00 0.00
0.90 3.49 2.29 1.00 0.00
0.90 3.49 2.47 1.00 0.00
0.90 3.49 2.64 1.00 0.00
0.90 3.49 2.82 1.00 0.00
0.90 3.49 2.99 1.00 0.00
0.90 3.49 3.16 1.00 0.00
0.90 3.49 3.34 1.00 0.00
0.90 3.49 3.51 1.00 0.00
0.90 3.49 3.69 1.00 0.00
0.90 3.49 3.86 1.00 0.00
0.90 3.49 4.04 1.00 0.00
0.90 3.49 4.21 1.00 0.00
0.90 3.49 4.39 1.00 0.00
0.90 3.49 4.56 1.00 0.00
1.10 3.49 1.64 1.00 0.00
1.10 3.49 1.81 1.00 0.00
1.10 3.49 1.99 1.00 0.00
1.10 3.49 2.16 1.00 0.00
1.10 3.49 2.34 1.00 0.00
1.10 3.49 2.51 1.00 0.00
1.10 3.49 2.69 1.00 0.00
1.10 3.49 2.86 1.00 0.00
1.10 3.49 3.03 1.00 0.00
1.10 3.49 3.21 1.00 0.00
1.10 3.49 3.38 1.00 0.00
1.10 3.49 3.56 1.00 0.00
1.10 3.49 3.73 1.00 0.00
1.10 3.49 3.91 1.00 0.00
1.10 3.49 4.08 1.00 0.00
1.10 3.49 4.26 1.00 0.00
1.10 3.49 4.43 1.00 0.00
1.10 3.49 4.61 1.00 0.00
0.30 3.67 7.81 1.00 0.00
0.30 3.67 7.98 1.00 0.00
0.30 3.67 8.16 1.00 0.00
0.30 3.67 8.33 1.00 0.00
0.30 3.67 8.50 1.00 0.00
0.30 3.67 8.68 1.00 0.00
0.30 3.67 8.85 1.00 0.00
0.30 3.67 9.03 1.00 0.00
0.30 3.67 9.20 1.00 0.00
0.30 3.67 9.38 1.00 0.00
0.30 3.67 9.55 1.00 0.00
0.30 3.67 9.73 1.00 0.00
0.30 3.67 9.90 1.00 0.00
0.30 3.67 10.07 1.00 0.00
0.30 3.67 10.25 1.00 0.00
0.30 3.67 10.42 1.00 0.00
0.30 3.67 10.60 1.00 0.00
0.30 3.67 10.77 1.00 0.00
0.50 3.67 7.85 1.00 0.00
0.50 3.67 8.02 1.00 0.00
0.50 3.67 8.20 1.00 0.00
0.50 3.67 8.37 1.00 0.00
0.50 3.67 8.55 1.00 0.00
0.50 3.67 8.72 1.00 0.00
0.50 3.67 8.89 1.00 0.00
0.50 3.67 9.07 1.00 0.00
0.50 3.67 9.24 1.00 0.00
0.50 3.67 9.42 1.00 0.00
0.50 3.67 9.59 1.00 0.00
0.50 3.67 9.77 1.00 0.00
0.50 3.67 9.94 1.00 0.00
0.50 3.67 10.12 1.00 0.00
0.50 3.67 10.29 1.00 0.00
0.50 3.67 10.46 1.00 0.00
0.50 3.67 10.64 1.00 0.00
0.50 3.67 10.81 1.00 0.00
0.70 3.67 1.61 1.00 0.00
0.70 3.67 1.79 1.00 0.00
0.70 3.67 1.96 1.00 0.00
0.70 3.67 2.14 1.00 0.00
0.70 3.67 2.31 1.00 0.00
0.70 3.67 2.48 1.00 0.00
0.70 3.67 2.66 1.00 0.00
0.70 3.67 2.83 1.00 0.00
0.70 3.67 3.01 1.00 0.00
0.70 3.67 3.18 1.00 0.00
0.70 3.67 3.36 1.00 0.00
0.70 3.67 3.53 1.00 0.00
0.70 3.67 3.71 1.00 0.00
0.70 3.67 3.88 1.00 0.00
0.70 3.67 4.06 1.00 0.00
0.70 3.67 4.23 1.00 0.00
0.70 3.67 4.40 1.00 0.00
0.70 3.67 4.58 1.00 0.00
0.90 3.67 1.67 1.00 0.00
0.90 3.67 1.84 1.00 0.00
0.90 3.67 2.02 1.00 0.00
0.90 3.67 2.19 1.00 0.00
0.90 3.67 2.37 1.00 0.00
0.90 3.67 2.54 1.00 0.00
0.90 3.67 2.72 1.00 0.00
0.90 3.67 2.89 1.00 0.00
0.90 3.67 3.06 1.00 0.00
0.90 3.67 3.24 1.00 0.00
0.90 3.67 3.41 1.00 0.00
0.90 3.67 3.59 1.00 0.00
0.90 3.67 3.76 1.00 0.00
0.90 3.67 3.94 1.00 0.00
0.90 3.67 4.11 1.00 0.00
0.90 3.67 4.29 1.00 0.00
0.90 3.67 4.46 1.00 0.00
0.90 3.67 4.64 1.00 0.00
1.10 3.67 1.73 1.00 0.00
1.10 3.67 1.91 1.00 0.00
1.10 3.67 2.08 1.00 0.00
1.10 3.67 2.26 1.00 0.00
1.10 3.67 2.43 1.00 0.00
1.10 3.67 2.61 1.00 0.00
1.10 3.67 2.78 1.00 0.00
1.10 3.67 2.96 1.00 0.00
1.10 3.67 3.13 1.00 0.00
1.10 3.67 3.31 1.00 0.00
1.10 3.67 3.48 1.00 0.00
1.10 3.67 3.65 1.00 0.00
1.10 3.67 3.83 1.00 0.00
1.10 3.67 4.00 1.00 0.00
1.10 3.67 4.18 1.00 0.00
1.10 3.67 4.35 1.00 0.00
1.10 3.67 4.53 1.00 0.00
1.10 3.67 4.70 1.00 0.00
0.30 3.84 7.82 1.00 0.00
0.30 3.84 8.00 1.00 0.00
0.30 3.84 8.17 1.00 0.00
0.30 3.84 8.35 1.00 0.00
0.30 3.84 8.52 1.00 0.00
0.30 3.84 8.70 1.00 0.00
0.30 3.84 8.87 1.00 0.00
0.30 3.84 9.05 1.00 0.00
0.30 3.84 9.22 1.00 0.00
0.30 3.84 9.39 1.00 0.00
0.30 3.84 9.57 1.00 0.00
0.30 3.84 9.74 1.00 0.00
0.30 3.84 9.92 1.00 0.00
0.30 3.84 10.09 1.00 0.00
0.30 3.84 10.27 1.00 0.00
0.30 3.84 10.44 1.00 0.00
0.30 3.84 10.62 1.00 0.00
0.30 3.84 10.79 1.00 0.00
0.50 3.84 1.60 1.00 0.00
0.50 3.84 1.77 1.00 0.00
0.50 3.84 1.94 1.00 0.00
0.50 3.84 2.12 1.00 0.00
0.50 3.84 2.29 1.00 0.00
0.50 3.84 2.47 1.00 0.00
0.50 3.84 2.64 1.00 0.00
0.50 3.84 2.82 1.00 0.00
0.50 3.84 2.99 1.00 0.00
0.50 3.84 3.17 1.00 0.00
0.50 3.84 3.34 1.00 0.00
0.50 3.84 3.51 1.00 0.00
0.50 3.84 3.69 1.00 0.00
0.50 3.84 3.86 1.00 0.00
0.50 3.84 4.04 1.00 0.00
0.50 3.84 4.21 1.00 0.00
0.50 3.84 4.39 1.00 0.00
0.50 3.84 4.56 1.00 0.00
0.70 3.84 1.66 1.00 0.00
0.70 3.84 1.83 1.00 0.00
0.70 3.84 2.01 1.00 0.00
0.70 3.84 2.18 1.00 0.00
0.70 3.84 2.36 1.00 0.00
0.70 3.84 2.53 1.00 0.00
0.70 3.84 2.70 1.00 0.00
0.70 3.84 2.88 1.00 0.00
0.70 3.84 3.05 1.00 0.00
0.70 3.84 3.23 1.00 0.00
0.70 3.84 3.40 1.00 0.00
0.70 3.84 3.58 1.00 0.00
0.70 3.84 3.75 1.00 0.00
0.70 3.84 3.93 1.00 0.00
0.70 3.84 4.10 1.00 0.00
0.70 3.84 4.27 1.00 0.00
0.70 3.84 4.45 1.00 0.00
0.70 3.84 4.62 1.00 0.00
0.90 3.84 1.73 1.00 0.00
0.90 3.84 1.90 1.00 0.00
0.90 3.84 2.08 1.00 0.00
0.90 3.84 2.25 1.00 0.00
0.90 3.84 2.43 1.00 0.00
0.90 3.84 2.60 1.00 0.00
0.90 3.84 2.77 1.00 0.00
0.90 3.84 2.95 1.00 0.00
0.90 3.84 3.12 1.00 0.00
0.90 3.84 3.30 1.00 0.00
0.90 3.84 3.47 1.00 0.00
0.90 3.84 3.65 1.00 0.00
0.90 3.84 3.82 1.00 0.00
0.90 3.84 4.00 1.00 0.00
0.90 3.84 4.17 1.00 0.00
0.90 3.84 4.35 1.00 0.00
0.90 3.84 4.52 1.00 0.00
0.90 3.84 4.69 1.00 0.00
1.10 3.84 1.81 1.00 0.00
1.10 3.84 1.98 1.00 0.00
1.10 3.84 2.16 1.00 0.00
1.10 3.84 2.33 1.00 0.00
1.10 3.84 2.51 1.00 0.00
1.10 3.84 2.68 1.00 0.00
1.10 3.84 2.86 1.00 0.00
1.10 3.84 3.03 1.00 0.00
1.10 3.84 3.20 1.00 0.00
1.10 3.84 3.38 1.00 0.00
1.10 3.84 3.55 1.00 0.00
1.10 3.84 3.73 1.00 0.00
1.10 3.84 3.90 1.00 0.00
1.10 3.84 4.08 1.00 0.00
1.10 3.84 4.25 1.00 0.00
1.10 3.84 4.43 1.00 0.00
1.10 3.84 4.60 1.00 0.00
1.10 3.84 4.78 1.00 0.00
0.30 4.01 7.84 1.00 0.00
0.30 4.01 8.01 1.00 0.00
0.30 4.01 8.19 1.00 0.00
0.30 4.01 8.36 1.00 0.00
0.30 4.01 8.54 1.00 0.00
0.30 4.01 8.71 1.00 0.00
0.30 4.01 8.89 1.00 0.00
0.30 4.01 9.06 1.00 0.00
0.30 4.01 9.24 1.00 0.00
0.30 4.01 9.41 1.00 0.00
0.30 4.01 9.58 1.00 0.00
0.30 4.01 9.76 1.00 0.00
0.30 4.01 9.93 1.00 0.00
0.30 4.01 10.11 1.00 0.00
0.30 4.01 10.28 1.00 0.00
0.30 4.01 10.46 1.00 0.00
0.30 4.01 10.63 1.00 0.00
0.30 4.01 10.81 1.00 0.00
0.50 4.01 1.62 1.00 0.00
0.50 4.01 1.80 1.00 0.00
0.50 4.01 1.97 1.00 0.00
0.50 4.01 2.14 1.00 0.00
0.50 4.01 2.32 1.00 0.00
0.50 4.01 2.49 1.00 0.00
0.50 4.01 2.67 1.00 0.00
0.50 4.01 2.84 1.00 0.00
0.50 4.01 3.02 1.00 0.00
0.50 4.01 3.19 1.00 0.00
0.50 4.01 3.37 1.00 0.00
0.50 4.01 3.54 1.00 0.00
0.50 4.01 3.72 1.00 0.00
0.50 4.01 3.89 1.00 0.00
0.50 4.01 4.06 1.00 0.00
0.50 4.01 4.24 1.00 0.00
0.50 4.01 4.41 1.00 0.00
0.50 4.01 4.59 1.00 0.00
0.70 4.01 1.69 1.00 0.00
0.70 4.01 1.87 1.00 0.00
0.70 4.01 2.04 1.00 0.00
0.70 4.01 2.22 1.00 0.00
0.70 4.01 2.39 1.00 0.00
0.70 4.01 2.56 1.00 0.00
0.70 4.01 2.74 1.00 0.00
0.70 4.01 2.91 1.00 0.00
0.70 4.01 3.09 1.00 0.00
0.70 4.01 3.26 1.00 0.00
0.70 4.01 3.44 1.00 0.00
0.70 4.01 3.61 1.00 0.00
0.70 4.01 3.79 1.00 0.00
0.70 4.01 3.96 1.00 0.00
0.70 4.01 4.14 1.00 0.00
0.70 4.01 4.31 1.00 0.00
0.70 4.01 4.48 1.00 0.00
0.70 4.01 4.66 1.00 0.00
0.90 4.01 1.77 1.00 0.00
0.90 4.01 1.95 1.00 0.00
0.90 4.01 2.12 1.00 0.00
0.90 4.01 2.29 1.00 0.00
0.90 4.01 2.47 1.00 0.00
0.90 4.01 2.64 1.00 0.00
0.90 4.01 2.82 1.00 0.00
0.90 4.01 2.99 1.00 0.00
0.90 4.01 3.17 1.00 0.00
0.90 4.01 3.34 1.00 0.00
0.90 4.01 3.52 1.00 0.00
0.90 4.01 3.69 1.00 0.00
0.90 4.01 3.87 1.00 0.00
0.90 4.01 4.04 1.00 0.00
0.90 4.01 4.21 1.00 0.00
0.90 4.01 4.39 1.00 0.00
0.90 4.01 4.56 1.00 0.00
0.90 4.01 4.74 1.00 0.00
1.10 4.01 1.86 1.00 0.00
1.10 4.01 2.03 1.00 0.00
1.10 4.01 2.21 1.00 0.00
1.10 4.01 2.38 1.00 0.00
1.10 4.01 2.56 1.00 0.00
1.10 4.01 2.73 1.00 0.00
1.10 4.01 2.90 1.00 0.00
1.10 4.01 3.08 1.00 0.00
1.10 4.01 3.25 1.00 0.00
1.10 4.01 3.43 1.00 0.00
1.10 4.01 3.60 1.00 0.00
1.10 4.01 3.78 1.00 0.00
1.10 4.01 3.95 1.00 0.00
1.10 4.01 4.13 1.00 0.00
1.10 4.01 4.30 1.00 0.00
1.10 4.01 4.47 1.00 0.00
1.10 4.01 4.65 1.00 0.00
1.10 4.01 4.82 1.00 0.00
0.30 4.19 7.85 1.00 0.00
0.30 4.19 8.03 1.00 0.00
0.30 4.19 8.20 1.00 0.00
0.30 4.19 8.38 1.00 0.00
0.30 4.19 8.55 1.00 0.00
0.30 4.19 8.72 1.00 0.00
0.30 4.19 8.90 1.00 0.00
0.30 4.19 9.07 1.00 0.00
0.30 4.19 9.25 1.00 0.00
0.30 4.19 9.42 1.00 0.00
0.30 4.19 9.60 1.00 0.00
0.30 4.19 9.77 1.00 0.00
0.30 4.19 9.95 1.00 0.00
0.30 4.19 10.12 1.00 0.00
0.30 4.19 10.30 1.00 0.00
0.30 4.19 10.47 1.00 0.00
0.30 4.19 10.64 1.00 0.00
0.30 4.19 10.82 1.00 0.00
0.50 4.19 1.64 1.00 0.00
0.50 4.19 1.81 1.00 0.00
0.50 4.19 1.99 1.00 0.00
0.50 4.19 2.16 1.00 0.00
0.50 4.19 2.34 1.00 0.00
0.50 4.19 2.51 1.00 0.00
0.50 4.19 2.69 1.00 0.00
0.50 4.19 2.86 1.00 0.00
0.50 4.19 3.04 1.00 0.00
0.50 4.19 3.21 1.00 0.00
0.50 4.19 3.39 1.00 0.00
0.50 4.19 3.56 1.00 0.00
0.50 4.19 3.73 1.00 0.00
0.50 4.19 3.91 1.00 0.00
0.50 4.19 4.08 1.00 0.00
0.50 4.19 4.26 1.00 0.00
0.50 4.19 4.43 1.00 0.00
0.50 4.19 4.61 1.00 0.00
0.70 4.19 1.72 1.00 0.00
0.70 4.19 1.89 1.00 0.00
0.70 4.19 2.07 1.00 0.00
0.70 4.19 2.24 1.00 0.00
0.70 4.19 2.41 1.00 0.00
0.70 4.19 2.59 1.00 0.00
0.70 4.19 2.76 1.00 0.00
0.70 4.19 2.94 1.00 0.00
0.70 4.19 3.11 1.00 0.00
0.70 4.19 3.29 1.00 0.00
0.70 4.19 3.46 1.00 0.00
0.70 4.19 3.64 1.00 0.00
0.70 4.19 3.81 1.00 0.00
0.70 4.19 3.99 1.00 0.00
0.70 4.19 4.16 1.00 0.00
0.70 4.19 4.33 1.00 0.00
0.70 4.19 4.51 1.00 0.00
0.70 4.19 4.68 1.00 0.00
0.90 4.19 1.80 1.00 0.00
0.90 4.19 1.97 1.00 0.00
0.90 4.19 2.15 1.00 0.00
0.90 4.19 2.32 1.00 0.00
0.90 4.19 2.50 1.00 0.00
0.90 4.19 2.67 1.00 0.00
0.90 4.19 2.85 1.00 0.00
0.90 4.19 3.02 1.00 0.00
0.90 4.19 3.19 1.00 0.00
0.90 4.19 3.37 1.00 0.00
0.90 4.19 3.54 1.00 0.00
0.90 4.19 3.72 1.00 0.00
0.90 4.19 3.89 1.00 0.00
0.90 4.19 4.07 1.00 0.00
0.90 4.19 4.24 1.00 0.00
0.90 4.19 4.42 1.00 0.00
0.90 4.19 4.59 1.00 0.00
0.90 4.19 4.77 1.00 0.00
1.10 4.19 1.88 1.00 0.00
1.10 4.19 2.06 1.00 0.00
1.10 4.19 2.23 1.00 0.00
1.10 4.19 2.41 1.00 0.00
1.10 4.19 2.58 1.00 0.00
1.10 4.19 2.76 1.00 0.00
1.10 4.19 2.93 1.00 0.00
1.10 4.19 3.11 1.00 0.00
1.10 4.19 3.28 1.00 0.00
1.10 4.19 3.46 1.00 0.00
1.10 4.19 3.63 1.00 0.00
1.10 4.19 3.80 1.00 0.00
1.10 4.19 3.98 1.00 0.00
1.10 4.19 4.15 1.00 0.00
1.10 4.19 4.33 1.00 0.00
1.10 4.19 4.50 1.00 0.00
1.10 4.19 4.68 1.00 0.00
1.10 4.19 4.85 1.00 0.00
0.30 4.36 1.58 1.00 0.00
0.30 4.36 1.75 1.00 0.00
0.30 4.36 1.93 1.00 0.00
0.30 4.36 2.10 1.00 0.00
0.30 4.36 2.28 1.00 0.00
0.30 4.36 2.45 1.00 0.00
0.30 4.36 2.62 1.00 0.00
0.30 4.36 2.80 1.00 0.00
0.30 4.36 2.97 1.00 0.00
0.30 4.36 3.15 1.00 0.00
0.30 4.36 3.32 1.00 0.00
0.30 4.36 3.50 1.00 0.00
0.30 4.36 3.67 1.00 0.00
0.30 4.36 3.85 1.00 0.00
0.30 4.36 4.02 1.00 0.00
0.30 4.36 4.20 1.00 0.00
0.30 4.36 4.37 1.00 0.00
0.30 4.36 4.54 1.00 0.00
0.50 4.36 1.65 1.00 0.00
0.50 4.36 1.83 1.00 0.00
0.50 4.36 2.00 1.00 0.00
0.50 4.36 2.18 1.00 0.00
0.50 4.36 2.35 1.00 0.00
0.50 4.36 2.52 1.00 0.00
0.50 4.36 2.70 1.00 0.00
0.50 4.36 2.87 1.00 0.00
0.50 4.36 3.05 1.00 0.00
0.50 4.36 3.22 1.00 0.00
0.50 4.36 3.40 1.00 0.00
0.50 4.36 3.57 1.00 0.00
0.50 4.36 3.75 1.00 0.00
0.50 4.36 3.92 1.00 0.00
0.50 4.36 4.10 1.00 0.00
0.50 4.36 4.27 1.00 0.00
0.50 4.36 4.44 1.00 0.00
0.50 4.36 4.62 1.00 0.00
0.70 4.36 1.73 1.00 0.00
0.70 4.36 1.91 1.00 0.00
0.70 4.36 2.08 1.00 0.00
0.70 4.36 2.25 1.00 0.00
0.70 4.36 2.43 1.00 0.00
0.70 4.36 2.60 1.00 0.00
0.70 4.36 2.78 1.00 0.00
0.70 4.36 2.95 1.00 0.00
0.70 4.36 3.13 1.00 0.00
0.70 4.36 3.30 1.00 0.00
0.70 4.36 3.48 1.00 0.00
0.70 4.36 3.65 1.00 0.00
0.70 4.36 3.83 1.00 0.00
0.70 4.36 4.00 1.00 0.00
0.70 4.36 4.17 1.00 0.00
0.70 4.36 4.35 1.00 0.00
0.70 4.36 4.52 1.00 0.00
0.70 4.36 4.70 1.00 0.00
0.90 4.36 1.81 1.00 0.00
0.90 4.36 1.99 1.00 0.00
0.90 4.36 2.16 1.00 0.00
0.90 4.36 2.34 1.00 0.00
0.90 4.36 2.51 1.00 0.00
0.90 4.36 2.68 1.00 0.00
0.90 4.36 2.86 1.00 0.00
0.90 4.36 3.03 1.00 0.00
0.90 4.36 3.21 1.00 0.00
0.90 4.36 3.38 1.00 0.00
0.90 4.36 3.56 1.00 0.00
0.90 4.36 3.73 1.00 0.00
0.90 4.36 3.91 1.00 0.00
0.90 4.36 4.08 1.00 0.00
0.90 4.36 4.26 1.00 0.00
0.90 4.36 4.43 1.00 0.00
0.90 4.36 4.60 1.00 0.00
0.90 4.36 4.78 1.00 0.00
1.10 4.36 1.89 1.00 0.00
1.10 4.36 2.07 1.00 0.00
1.10 4.36 2.24 1.00 0.00
1.10 4.36 2.42 1.00 0.00
1.10 4.36 2.59 1.00 0.00
1.10 4.36 2.77 1.00 0.00
1.10 4.36 2.94 1.00 0.00
1.10 4.36 3.12 1.00 0.00
1.10 4.36 3.29 1.00 0.00
1.10 4.36 3.46 1.00 0.00
1.10 4.36 3.64 1.00 0.00
1.10 4.36 3.81 1.00 0.00
1.10 4.36 3.99 1.00 0.00
1.10 4.36 4.16 1.00 0.00
1.10 4.36 4.34 1.00 0.00
1.10 4.36 4.51 1.00 0.00
1.10 4.36 4.69 1.00 0.00
1.10 4.36 4.86 1.00 0.00
0.30 4.54 1.58 1.00 0.00
0.30 4.54 1.76 1.00 0.00
0.30 4.54 1.93 1.00 0.00
0.30 4.54 2.11 1.00 0.00
0.30 4.54 2.28 1.00 0.00
0.30 4.54 2.45 1.00 0.00
0.30 4.54 2.63 1.00 0.00
0.30 4.54 2.80 1.00 0.00
0.30 4.54 2.98 1.00 0.00
0.30 4.54 3.15 1.00 0.00
0.30 4.54 3.33 1.00 0.00
0.30 4.54 3.50 1.00 0.00
0.30 4.54 3.68 1.00 0.00
0.30 4.54 3.85 1.00 0.00
0.30 4.54 4.03 1.00 0.00
0.30 4.54 4.20 1.00 0.00
0.30 4.54 4.37 1.00 0.00
0.30 4.54 4.55 1.00 0.00
0.50 4.54 1.66 1.00 0.00
0.50 4.54 1.83 1.00 0.00
0.50 4.54 2.01 1.00 0.00
0.50 4.54 2.18 1.00 0.00
0.50 4.54 2.36 1.00 0.00
0.50 4.54 2.53 1.00 0.00
0.50 4.54 2.71 1.00 0.00
0.50 4.54 2.88 1.00 0.00
0.50 4.54 3.05 1.00 0.00
0.50 4.54 3.23 1.00 0.00
0.50 4.54 3.40 1.00 0.00
0.50 4.54 3.58 1.00 0.00
0.50 4.54 3.75 1.00 0.00
0.50 4.54 3.93 1.00 0.00
0.50 4.54 4.10 1.00 0.00
0.50 4.54 4.28 1.00 0.00
0.50 4.54 4.45 1.00 0.00
0.50 4.54 4.63 1.00 0.00
0.70 4.54 1.74 1.00 0.00
0.70 4.54 1.91 1.00 0.00
0.70 4.54 2.08 1.00 0.00
0.70 4.54 2.26 1.00 0.00
0.70 4.54 2.43 1.00 0.00
0.70 4.54 2.61 1.00 0.00
0.70 4.54 2.78 1.00 0.00
0.70 4.54 2.96 1.00 0.00
0.70 4.54 3.13 1.00 0.00
0.70 4.54 3.31 1.00 0.00
0.70 4.54 3.48 1.00 0.00
0.70 4.54 3.66 1.00 0.00
0.70 4.54 3.83 1.00 0.00
0.70 4.54 4.00 1.00 0.00
0.70 4.54 4.18 1.00 0.00
0.70 4.54 4.35 1.00 0.00
0.70 4.54 4.53 1.00 0.00
0.70 4.54 4.70 1.00 0.00
0.90 4.54 1.81 1.00 0.00
0.90 4.54 1.99 1.00 0.00
0.90 4.54 2.16 1.00 0.00
0.90 4.54 2.34 1.00 0.00
0.90 4.54 2.51 1.00 0.00
0.90 4.54 2.69 1.00 0.00
0.90 4.54 2.86 1.00 0.00
0.90 4.54 3.03 1.00 0.00
0.90 4.54 3.21 1.00 0.00
0.90 4.54 3.38 1.00 0.00
0.90 4.54 3.56 1.00 0.00
0.90 4.54 3.73 1.00 0.00
0.90 4.54 3.91 1.00 0.00
0.90 4.54 4.08 1.00 0.00
0.90 4.54 4.26 1.00 0.00
0.90 4.54 4.43 1.00 0.00
0.90 4.54 4.61 1.00 0.00
0.90 4.54 4.78 1.00 0.00
1.10 4.54 1.89 1.00 0.00
1.10 4.54 2.06 1.00 0.00
1.10 4.54 2.24 1.00 0.00
1.10 4.54 2.41 1.00 0.00
1.10 4.54 2.59 1.00 0.00
1.10 4.54 2.76 1.00 0.00
1.10 4.54 2.94 1.00 0.00
1.10 4.54 3.11 1.00 0.00
1.10 4.54 3.29 1.00 0.00
1.10 4.54 3.46 1.00 0.00
1.10 4.54 3.63 1.00 0.00
1.10 4.54 3.81 1.00 0.00
1.10 4.54 3.98 1.00 0.00
1.10 4.54 4.16 1.00 0.00
1.10 4.54 4.33 1.00 0.00
1.10 4.54 4.51 1.00 0.00
1.10 4.54 4.68 1.00 0.00
1.10 4.54 4.86 1.00 0.00
0.30 4.71 1.58 1.00 0.00
0.30 4.71 1.76 1.00 0.00
0.30 4.71 1.93 1.00 0.00
0.30 4.71 2.11 1.00 0.00
0.30 4.71 2.28 1.00 0.00
0.30 4.71 2.46 1.00 0.00
0.30 4.71 2.63 1.00 0.00
0.30 4.71 2.81 1.00 0.00
0.30 4.71 2.98 1.00 0.00
0.30 4.71 3.15 1.00 0.00
0.30 4.71 3.33 1.00 0.00
0.30 4.71 3.50 1.00 0.00
0.30 4.71 3.68 1.00 0.00
0.30 4.71 3.85 1.00 0.00
0.30 4.71 4.03 1.00 0.00
0.30 4.71 4.20 1.00 0.00
0.30 4.71 4.38 1.00 0.00
0.30 4.71 4.55 1.00 0.00
0.50 4.71 1.66 1.00 0.00
0.50 4.71 1.83 1.00 0.00
0.50 4.71 2.01 1.00 0.00
0.50 4.71 2.18 1.00 0.00
0.50 4.71 2.36 1.00 0.00
0.50 4.71 2.53 1.00 0.00
0.50 4.71 2.71 1.00 0.00
0.50 4.71 2.88 1.00 0.00
0.50 4.71 3.05 1.00 0.00
0.50 4.71 3.23 1.00 0.00
0.50 4.71 3.40 1.00 0.00
0.50 4.71 3.58 1.00 0.00
0.50 4.71 3.75 1.00 0.00
0.50 4.71 3.93 1.00 0.00
0.50 4.71 4.10 1.00 0.00
0.50 4.71 4.28 1.00 0.00
0.50 4.71 4.45 1.00 0.00
0.50 4.71 4.63 1.00 0.00
0.70 4.71 1.73 1.00 0.00
0.70 4.71 1.91 1.00 0.00
0.70 4.71 2.08 1.00 0.00
0.70 4.71 2.26 1.00 0.00
0.70 4.71 2.43 1.00 0.00
0.70 4.71 2.60 1.00 0.00
0.70 4.71 2.78 1.00 0.00
0.70 4.71 2.95 1.00 0.00
0.70 4.71 3.13 1.00 0.00
0.70 4.71 3.30 1.00 0.00
0.70 4.71 3.48 1.00 0.00
0.70 4.71 3.65 1.00 0.00
0.70 4.71 3.83 1.00 0.00
0.70 4.71 4.00 1.00 0.00
0.70 4.71 4.18 1.00 0.00
0.70 4.71 4.35 1.00 0.00
0.70 4.71 4.52 1.00 0.00
0.70 4.71 4.70 1.00 0.00
0.90 4.71 1.80 1.00 0.00
0.90 4.71 1.98 1.00 0.00
0.90 4.71 2.15 1.00 0.00
0.90 4.71 2.33 1.00 0.00
0.90 4.71 2.50 1.00 0.00
0.90 4.71 2.68 1.00 0.00
0.90 4.71 2.85 1.00 0.00
0.90 4.71 3.03 1.00 0.00
0.90 4.71 3.20 1.00 0.00
0.90 4.71 3.37 1.00 0.00
0.90 4.71 3.55 1.00 0.00
0.90 4.71 3.72 1.00 0.00
0.90 4.71 3.90 1.00 0.00
0.90 4.71 4.07 1.00 0.00
0.90 4.71 4.25 1.00 0.00
0.90 4.71 4.42 1.00 0.00
0.90 4.71 4.60 1.00 0.00
0.90 4.71 4.77 1.00 0.00
1.10 4.71 1.87 1.00 0.00
1.10 4.71 2.05 1.00 0.00
1.10 4.71 2.22 1.00 0.00
1.10 4.71 2.40 1.00 0.00
1.10 4.71 2.57 1.00 0.00
1.10 4.71 2.75 1.00 0.00
1.10 4.71 2.92 1.00 0.00
1.10 4.71 3.10 1.00 0.00
1.10 4.71 3.27 1.00 0.00
1.10 4.71 3.44 1.00 0.00
1.10 4.71 3.62 1.00 0.00
1.10 4.71 3.79 1.00 0.00
1.10 4.71 3.97 1.00 0.00
1.10 4.71 4.14 1.00 0.00
1.10 4.71 4.32 1.00 0.00
1.10 4.71 4.49 1.00 0.00
1.10 4.71 4.67 1.00 0.00
1.10 4.71 4.84 1.00 0.00
0.30 4.89 1.58 1.00 0.00
0.30 4.89 1.76 1.00 0.00
0.30 4.89 1.93 1.00 0.00
0.30 4.89 2.11 1.00 0.00
0.30 4.89 2.28 1.00 0.00
0.30 4.89 2.45 1.00 0.00
0.30 4.89 2.63 1.00 0.00
0.30 4.89 2.80 1.00 0.00
0.30 4.89 2.98 1.00 0.00
0.30 4.89 3.15 1.00 0.00
0.30 4.89 3.33 1.00 0.00
0.30 4.89 3.50 1.00 0.00
0.30 4.89 3.68 1.00 0.00
0.30 4.89 3.85 1.00 0.00
0.30 4.89 4.03 1.00 0.00
0.30 4.89 4.20 1.00 0.00
0.30 4.89 4.37 1.00 0.00
0.30 4.89 4.55 1.00 0.00
0.50 4.89 1.65 1.00 0.00
0.50 4.89 1.83 1.00 0.00
0.50 4.89 2.00 1.00 0.00
0.50 4.89 2.18 1.00 0.00
0.50 4.89 2.35 1.00 0.00
0.50 4.89 2.53 1.00 0.00
0.50 4.89 2.70 1.00 0.00
0.50 4.89 2.87 1.00 0.00
0.50 4.89 3.05 1.00 0.00
0.50 4.89 3.22 1.00 0.00
0.50 4.89 3.40 1.00 0.00
0.50 4.89 3.57 1.00 0.00
0.50 4.89 3.75 1.00 0.00
0.50 4.89 3.92 1.00 0.00
0.50 4.89 4.10 1.00 0.00
0.50 4.89 4.27 1.00 0.00
0.50 4.89 4.45 1.00 0.00
0.50 4.89 4.62 1.00 0.00
0.70 4.89 1.72 1.00 0.00
0.70 4.89 1.90 1.00 0.00
0.70 4.89 2.07 1.00 0.00
0.70 4.89 2.25 1.00 0.00
0.70 4.89 2.42 1.00 0.00
0.70 4.89 2.59 1.00 0.00
0.70 4.89 2.77 1.00 0.00
0.70 4.89 2.94 1.00 0.00
0.70 4.89 3.12 1.00 0.00
0.70 4.89 3.29 1.00 0.00
0.70 4.89 3.47 1.00 0.00
0.70 4.89 3.64 1.00 0.00
0.70 4.89 3.82 1.00 0.00
0.70 4.89 3.99 1.00 0.00
0.70 4.89 4.16 1.00 0.00
0.70 4.89 4.34 1.00 0.00
0.70 4.89 4.51 1.00 0.00
0.70 4.89 4.69 1.00 0.00
0.90 4.89 1.79 1.00 0.00
0.90 4.89 1.96 1.00 0.00
0.90 4.89 2.14 1.00 0.00
0.90 4.89 2.31 1.00 0.00
0.90 4.89 2.49 1.00 0.00
0.90 4.89 2.66 1.00 0.00
0.90 4.89 2.83 1.00 0.00
0.90 4.89 3.01 1.00 0.00
0.90 4.89 3.18 1.00 0.00
0.90 4.89 3.36 1.00 0.00
0.90 4.89 3.53 1.00 0.00
0.90 4.89 3.71 1.00 0.00
0.90 4.89 3.88 1.00 0.00
0.90 4.89 4.06 1.00 0.00
0.90 4.89 4.23 1.00 0.00
0.90 4.89 4.41 1.00 0.00
0.90 4.89 4.58 1.00 0.00
0.90 4.89 4.75 1.00 0.00
1.10 4.89 1.85 1.00 0.00
1.10 4.89 2.02 1.00 0.00
1.10 4.89 2.20 1.00 0.00
1.10 4.89 2.37 1.00 0.00
1.10 4.89 2.55 1.00 0.00
1.10 4.89 2.72 1.00 0.00
1.10 4.89 2.90 1.00 0.00
1.10 4.89 3.07 1.00 0.00
1.10 4.89 3.25 1.00 0.00
1.10 4.89 3.42 1.00 0.00
1.10 4.89 3.59 1.00 0.00
1.10 4.89 3.77 1.00 0.00
1.10 4.89 3.94 1.00 0.00
1.10 4.89 4.12 1.00 0.00
1.10 4.89 4.29 1.00 0.00
1.10 4.89 4.47 1.00 0.00
1.10 4.89 4.64 1.00 0.00
1.10 4.89 4.82 1.00 0.00
0.30 5.06 1.58 1.00 0.00
0.30 5.06 1.75 1.00 0.00
0.30 5.06 1.93 1.00 0.00
0.30 5.06 2.10 1.00 0.00
0.30 5.06 2.27 1.00 0.00
0.30 5.06 2.45 1.00 0.00
0.30 5.06 2.62 1.00 0.00
0.30 5.06 2.80 1.00 0.00
0.30 5.06 2.97 1.00 0.00
0.30 5.06 3.15 1.00 0.00
0.30 5.06 3.32 1.00 0.00
0.30 5.06 3.50 1.00 0.00
0.30 5.06 3.67 1.00 0.00
0.30 5.06 3.85 1.00 0.00
0.30 5.06 4.02 1.00 0.00
0.30 5.06 4.19 1.00 0.00
0.30 5.06 4.37 1.00 0.00
0.30 5.06 4.54 1.00 0.00
0.50 5.06 1.64 1.00 0.00
0.50 5.06 1.82 1.00 0.00
0.50 5.06 1.99 1.00 0.00
0.50 5.06 2.17 1.00 0.00
0.50 5.06 2.34 1.00 0.00
0.50 5.06 2.52 1.00 0.00
0.50 5.06 2.69 1.00 0.00
0.50 5.06 2.86 1.00 0.00
0.50 5.06 3.04 1.00 0.00
0.50 5.06 3.21 1.00 0.00
0.50 5.06 3.39 1.00 0.00
0.50 5.06 3.56 1.00 0.00
0.50 5.06 3.74 1.00 0.00
0.50 5.06 3.91 1.00 0.00
0.50 5.06 4.09 1.00 0.00
0.50 5.06 4.26 1.00 0.00
0.50 5.06 4.44 1.00 0.00
0.50 5.06 4.61 1.00 0.00
0.70 5.06 1.70 1.00 0.00
0.70 5.06 1.88 1.00 0.00
0.70 5.06 2.05 1.00 0.00
0.70 5.06 2.23 1.00 0.00
0.70 5.06 2.40 1.00 0.00
0.70 5.06 2.58 1.00 0.00
0.70 5.06 2.75 1.00 0.00
0.70 5.06 2.93 1.00 0.00
0.70 5.06 3.10 1.00 0.00
0.70 5.06 3.28 1.00 0.00
0.70 5.06 3.45 1.00 0.00
0.70 5.06 3.62 1.00 0.00
0.70 5.06 3.80 1.00 0.00
0.70 5.06 3.97 1.00 0.00
0.70 5.06 4.15 1.00 0.00
0.70 5.06 4.32 1.00 0.00
0.70 5.06 4.50 1.00 0.00
0.70 5.06 4.67 1.00 0.00
0.90 5.06 1.76 1.00 0.00
0.90 5.06 1.94 1.00 0.00
0.90 5.06 2.11 1.00 0.00
0.90 5.06 2.29 1.00 0.00
0.90 5.06 2.46 1.00 0.00
0.90 5.06 2.64 1.00 0.00
0.90 5.06 2.81 1.00 0.00
0.90 5.06 2.98 1.00 0.00
0.90 5.06 3.16 1.00 0.00
0.90 5.06 3.33 1.00 0.00
0.90 5.06 3.51 1.00 0.00
0.90 5.06 3.68 1.00 0.00
0.90 5.06 3.86 1.00 0.00
0.90 5.06 4.03 1.00 0.00
0.90 5.06 4.21 1.00 0.00
0.90 5.06 4.38 1.00 0.00
0.90 5.06 4.56 1.00 0.00
0.90 5.06 4.73 1.00 0.00
1.10 5.06 1.82 1.00 0.00
1.10 5.06 1.99 1.00 0.00
1.10 5.06 2.17 1.00 0.00
1.10 5.06 2.34 1.00 0.00
1.10 5.06 2.52 1.00 0.00
1.10 5.06 2.69 1.00 0.00
1.10 5.06 2.87 1.00 0.00
1.10 5.06 3.04 1.00 0.00
1.10 5.06 3.21 1.00 0.00
1.10 5.06 3.39 1.00 0.00
1.10 5.06 3.56 1.00 0.00
1.10 5.06 3.74 1.00 0.00
1.10 5.06 3.91 1.00 0.00
1.10 5.06 4.09 1.00 0.00
1.10 5.06 4.26 1.00 0.00
1.10 5.06 4.44 1.00 0.00
1.10 5.06 4.61 1.00 0.00
1.10 5.06 4.78 1.00 0.00
0.30 5.24 7.85 1.00 0.00
0.30 5.24 8.03 1.00 0.00
0.30 5.24 8.20 1.00 0.00
0.30 5.24 8.38 1.00 0.00
0.30 5.24 8.55 1.00 0.00
0.30 5.24 8.72 1.00 0.00
0.30 5.24 8.90 1.00 0.00
0.30 5.24 9.07 1.00 0.00
0.30 5.24 9.25 1.00 0.00
0.30 5.24 9.42 1.00 0.00
0.30 5.24 9.60 1.00 0.00
0.30 5.24 9.77 1.00 0.00
0.30 5.24 9.95 1.00 0.00
0.30 5.24 10.12 1.00 0.00
0.30 5.24 10.30 1.00 0.00
0.30 5.24 10.47 1.00 0.00
0.30 5.24 10.64 1.00 0.00
0.30 5.24 10.82 1.00 0.00
0.50 5.24 1.63 1.00 0.00
0.50 5.24 1.80 1.00 0.00
0.50 5.24 1.98 1.00 0.00
0.50 5.24 2.15 1.00 0.00
0.50 5.24 2.33 1.00 0.00
0.50 5.24 2.50 1.00 0.00
0.50 5.24 2.68 1.00 0.00
0.50 5.24 2.85 1.00 0.00
0.50 5.24 3.02 1.00 0.00
0.50 5.24 3.20 1.00 0.00
0.50 5.24 3.37 1.00 0.00
0.50 5.24 3.55 1.00 0.00
0.50 5.24 3.72 1.00 0.00
0.50 5.24 3.90 1.00 0.00
0.50 5.24 4.07 1.00 0.00
0.50 5.24 4.25 1.00 0.00
0.50 5.24 4.42 1.00 0.00
0.50 5.24 4.60 1.00 0.00
0.70 5.24 1.68 1.00 0.00
0.70 5.24 1.86 1.00 0.00
0.70 5.24 2.03 1.00 0.00
0.70 5.24 2.21 1.00 0.00
0.70 5.24 2.38 1.00 0.00
0.70 5.24 2.56 1.00 0.00
0.70 5.24 2.73 1.00 0.00
0.70 5.24 2.90 1.00 0.00
0.70 5.24 3.08 1.00 0.00
0.70 5.24 3.25 1.00 0.00
0.70 5.24 3.43 1.00 0.00
0.70 5.24 3.60 1.00 0.00
0.70 5.24 3.78 1.00 0.00
0.70 5.24 3.95 1.00 0.00
0.70 5.24 4.13 1.00 0.00
0.70 5.24 4.30 1.00 0.00
0.70 5.24 4.48 1.00 0.00
0.70 5.24 4.65 1.00 0.00
0.90 5.24 1.73 1.00 0.00
0.90 5.24 1.91 1.00 0.00
0.90 5.24 2.08 1.00 0.00
0.90 5.24 2.26 1.00 0.00
0.90 5.24 2.43 1.00 0.00
0.90 5.24 2.61 1.00 0.00
0.90 5.24 2.78 1.00 0.00
0.90 5.24 2.96 1.00 0.00
0.90 5.24 3.13 1.00 0.00
0.90 5.24 3.30 1.00 0.00
0.90 5.24 3.48 1.00 0.00
0.90 5.24 3.65 1.00 0.00
0.90 5.24 3.83 1.00 0.00
0.90 5.24 4.00 1.00 0.00
0.90 5.24 4.18 1.00 0.00
0.90 5.24 4.35 1.00 0.00
0.90 5.24 4.53 1.00 0.00
0.90 5.24 4.70 1.00 0.00
1.10 5.24 1.78 1.00 0.00
1.10 5.24 1.96 1.00 0.00
1.10 5.24 2.13 1.00 0.00
1.10 5.24 2.30 1.00 0.00
1.10 5.24 2.48 1.00 0.00
1.10 5.24 2.65 1.00 0.00
1.10 5.24 2.83 1.00 0.00
1.10 5.24 3.00 1.00 0.00
1.10 5.24 3.18 1.00 0.00
1.10 5.24 3.35 1.00 0.00
1.10 5.24 3.53 1.00 0.00
1.10 5.24 3.70 1.00 0.00
1.10 5.24 3.88 1.00 0.00
1.10 5.24 4.05 1.00 0.00
1.10 5.24 4.22 1.00 0.00
1.10 5.24 4.40 1.00 0.00
1.10 5.24 4.57 1.00 0.00
1.10 5.24 4.75 1.00 0.00
0.30 5.41 7.84 1.00 0.00
0.30 5.41 8.02 1.00 0.00
0.30 5.41 8.19 1.00 0.00
0.30 5.41 8.37 1.00 0.00
0.30 5.41 8.54 1.00 0.00
0.30 5.41 8.71 1.00 0.00
0.30 5.41 8.89 1.00 0.00
0.30 5.41 9.06 1.00 0.00
0.30 5.41 9.24 1.00 0.00
0.30 5.41 9.41 1.00 0.00
0.30 5.41 9.59 1.00 0.00
0.30 5.41 9.76 1.00 0.00
0.30 5.41 9.94 1.00 0.00
0.30 5.41 10.11 1.00 0.00
0.30 5.41 10.28 1.00 0.00
0.30 5.41 10.46 1.00 0.00
0.30 5.41 10.63 1.00 0.00
0.30 5.41 10.81 1.00 0.00
0.50 5.41 1.61 1.00 0.00
0.50 5.41 1.78 1.00 0.00
0.50 5.41 1.96 1.00 0.00
0.50 5.41 2.13 1.00 0.00
0.50 5.41 2.31 1.00 0.00
0.50 5.41 2.48 1.00 0.00
0.50 5.41 2.66 1.00 0.00
0.50 5.41 2.83 1.00 0.00
0.50 5.41 3.01 1.00 0.00
0.50 5.41 3.18 1.00 0.00
0.50 5.41 3.36 1.00 0.00
0.50 5.41 3.53 1.00 0.00
0.50 5.41 3.70 1.00 0.00
0.50 5.41 3.88 1.00 0.00
0.50 5.41 4.05 1.00 0.00
0.50 5.41 4.23 1.00 0.00
0.50 5.41 4.40 1.00 0.00
0.50 5.41 4.58 1.00 0.00
0.70 5.41 1.66 1.00 0.00
0.70 5.41 1.83 1.00 0.00
0.70 5.41 2.01 1.00 0.00
0.70 5.41 2.18 1.00 0.00
0.70 5.41 2.36 1.00 0.00
0.70 5.41 2.53 1.00 0.00
0.70 5.41 2.70 1.00 0.00
0.70 5.41 2.88 1.00 0.00
0.70 5.41 3.05 1.00 0.00
0.70 5.41 3.23 1.00 0.00
0.70 5.41 3.40 1.00 0.00
0.70 5.41 3.58 1.00 0.00
0.70 5.41 3.75 1.00 0.00
0.70 5.41 3.93 1.00 0.00
0.70 5.41 4.10 1.00 0.00
0.70 5.41 4.28 1.00 0.00
0.70 5.41 4.45 1.00 0.00
0.70 5.41 4.62 1.00 0.00
0.90 5.41 1.70 1.00 0.00
0.90 5.41 1.88 1.00 0.00
0.90 5.41 2.05 1.00 0.00
0.90 5.41 2.22 1.00 0.00
0.90 5.41 2.40 1.00 0.00
0.90 5.41 2.57 1.00 0.00
0.90 5.41 2.75 1.00 0.00
0.90 5.41 2.92 1.00 0.00
0.90 5.41 3.10 1.00 0.00
0.90 5.41 3.27 1.00 0.00
0.90 5.41 3.45 1.00 0.00
0.90 5.41 3.62 1.00 0.00
0.90 5.41 3.79 1.00 0.00
0.90 5.41 3.97 1.00 0.00
0.90 5.41 4.14 1.00 0.00
0.90 5.41 4.32 1.00 0.00
0.90 5.41 4.49 1.00 0.00
0.90 5.41 4.67 1.00 0.00
1.10 5.41 1.74 1.00 0.00
1.10 5.41 1.91 1.00 0.00
1.10 5.41 2.09 1.00 0.00
1.10 5.41 2.26 1.00 0.00
1.10 5.41 2.44 1.00 0.00
1.10 5.41 2.61 1.00 0.00
1.10 5.41 2.79 1.00 0.00
1.10 5.41 2.96 1.00 0.00
1.10 5.41 3.14 1.00 0.00
1.10 5.41 3.31 1.00 0.00
1.10 5.41 3.49 1.00 0.00
1.10 5.41 3.66 1.00 0.00
1.10 5.41 3.83 1.00 0.00
1.10 5.41 4.01 1.00 0.00
1.10 5.41 4.18 1.00 0.00
1.10 5.41 4.36 1.00 0.00
1.10 5.41 4.53 1.00 0.00
1.10 5.41 4.71 1.00 0.00
0.30 5.59 7.83 1.00 0.00
0.30 5.59 8.00 1.00 0.00
0.30 5.59 8.18 1.00 0.00
0.30 5.59 8.35 1.00 0.00
0.30 5.59 8.53 1.00 0.00
0.30 5.59 8.70 1.00 0.00
0.30 5.59 8.88 1.00 0.00
0.30 5.59 9.05 1.00 0.00
0.30 5.59 9.23 1.00 0.00
0.30 5.59 9.40 1.00 0.00
0.30 5.59 9.57 1.00 0.00
0.30 5.59 9.75 1.00 0.00
0.30 5.59 9.92 1.00 0.00
0.30 5.59 10.10 1.00 0.00
0.30 5.59 10.27 1.00 0.00
0.30 5.59 10.45 1.00 0.00
0.30 5.59 10.62 1.00 0.00
0.30 5.59 10.80 1.00 0.00
0.50 5.59 1.59 1.00 0.00
0.50 5.59 1.76 1.00 0.00
0.50 5.59 1.94 1.00 0.00
0.50 5.59 2.11 1.00 0.00
0.50 5.59 2.29 1.00 0.00
0.50 5.59 2.46 1.00 0.00
0.50 5.59 2.64 1.00 0.00
0.50 5.59 2.81 1.00 0.00
0.50 5.59 2.99 1.00 0.00
0.50 5.59 3.16 1.00 0.00
0.50 5.59 3.33 1.00 0.00
0.50 5.59 3.51 1.00 0.00
0.50 5.59 3.68 1.00 0.00
0.50 5.59 3.86 1.00 0.00
0.50 5.59 4.03 1.00 0.00
0.50 5.59 4.21 1.00 0.00
0.50 5.59 4.38 1.00 0.00
0.50 5.59 4.56 1.00 0.00
0.70 5.59 1.63 1.00 0.00
0.70 5.59 1.80 1.00 0.00
0.70 5.59 1.98 1.00 0.00
0.70 5.59 2.15 1.00 0.00
0.70 5.59 2.33 1.00 0.00
0.70 5.59 2.50 1.00 0.00
0.70 5.59 2.68 1.00 0.00
0.70 5.59 2.85 1.00 0.00
0.70 5.59 3.02 1.00 0.00
0.70 5.59 3.20 1.00 0.00
0.70 5.59 3.37 1.00 0.00
0.70 5.59 3.55 1.00 0.00
0.70 5.59 3.72 1.00 0.00
0.70 5.59 3.90 1.00 0.00
0.70 5.59 4.07 1.00 0.00
0.70 5.59 4.25 1.00 0.00
0.70 5.59 4.42 1.00 0.00
0.70 5.59 4.60 1.00 0.00
0.90 5.59 1.66 1.00 0.00
0.90 5.59 1.84 1.00 0.00
0.90 5.59 2.01 1.00 0.00
0.90 5.59 2.19 1.00 0.00
0.90 5.59 2.36 1.00 0.00
0.90 5.59 2.54 1.00 0.00
0.90 5.59 2.71 1.00 0.00
0.90 5.59 2.89 1.00 0.00
0.90 5.59 3.06 1.00 0.00
0.90 5.59 3.23 1.00 0.00
0.90 5.59 3.41 1.00 0.00
0.90 5.59 3.58 1.00 0.00
0.90 5.59 3.76 1.00 0.00
0.90 5.59 3.93 1.00 0.00
0.90 5.59 4.11 1.00 0.00
0.90 5.59 4.28 1.00 0.00
0.90 5.59 4.46 1.00 0.00
0.90 5.59 4.63 1.00 0.00
1.10 5.59 1.70 1.00 0.00
1.10 5.59 1.87 1.00 0.00
1.10 5.59 2.04 1.00 0.00
1.10 5.59 2.22 1.00 0.00
1.10 5.59 2.39 1.00 0.00
1.10 5.59 2.57 1.00 0.00
1.10 5.59 2.74 1.00 0.00
1.10 5.59 2.92 1.00 0.00
1.10 5.59 3.09 1.00 0.00
1.10 5.59 3.27 1.00 0.00
1.10 5.59 3.44 1.00 0.00
1.10 5.59 3.62 1.00 0.00
1.10 5.59 3.79 1.00 0.00
1.10 5.59 3.96 1.00 0.00
1.10 5.59 4.14 1.00 0.00
1.10 5.59 4.31 1.00 0.00
1.10 5.59 4.49 1.00 0.00
1.10 5.59 4.66 1.00 0.00
0.30 5.76 7.81 1.00 0.00
0.30 5.76 7.99 1.00 0.00
0.30 5.76 8.16 1.00 0.00
0.30 5.76 8.34 1.00 0.00
0.30 5.76 8.51 1.00 0.00
0.30 5.76 8.69 1.00 0.00
0.30 5.76 8.86 1.00 0.00
0.30 5.76 9.04 1.00 0.00
0.30 5.76 9.21 1.00 0.00
0.30 5.76 9.39 1.00 0.00
0.30 5.76 9.56 1.00 0.00
0.30 5.76 9.73 1.00 0.00
0.30 5.76 9.91 1.00 0.00
0.30 5.76 10.08 1.00 0.00
0.30 5.76 10.26 1.00 0.00
0.30 5.76 10.43 1.00 0.00
0.30 5.76 10.61 1.00 0.00
0.30 5.76 10.78 1.00 0.00
0.50 5.76 7.85 1.00 0.00
0.50 5.76 8.02 1.00 0.00
0.50 5.76 8.20 1.00 0.00
0.50 5.76 8.37 1.00 0.00
0.50 5.76 8.55 1.00 0.00
0.50 5.76 8.72 1.00 0.00
0.50 5.76 8.90 1.00 0.00
0.50 5.76 9.07 1.00 0.00
0.50 5.76 9.25 1.00 0.00
0.50 5.76 9.42 1.00 0.00
0.50 5.76 9.59 1.00 0.00
0.50 5.76 9.77 1.00 0.00
0.50 5.76 9.94 1.00 0.00
0.50 5.76 10.12 1.00 0.00
0.50 5.76 10.29 1.00 0.00
0.50 5.76 10.47 1.00 0.00
0.50 5.76 10.64 1.00 0.00
0.50 5.76 10.82 1.00 0.00
0.70 5.76 1.60 1.00 0.00
0.70 5.76 1.77 1.00 0.00
0.70 5.76 1.95 1.00 0.00
0.70 5.76 2.12 1.00 0.00
0.70 5.76 2.29 1.00 0.00
0.70 5.76 2.47 1.00 0.00
0.70 5.76 2.64 1.00 0.00
0.70 5.76 2.82 1.00 0.00
0.70 5.76 2.99 1.00 0.00
0.70 5.76 3.17 1.00 0.00
0.70 5.76 3.34 1.00 0.00
0.70 5.76 3.52 1.00 0.00
0.70 5.76 3.69 1.00 0.00
0.70 5.76 3.87 1.00 0.00
0.70 5.76 4.04 1.00 0.00
0.70 5.76 4.21 1.00 0.00
0.70 5.76 4.39 1.00 0.00
0.70 5.76 4.56 1.00 0.00
0.90 5.76 1.62 1.00 0.00
0.90 5.76 1.80 1.00 0.00
0.90 5.76 1.97 1.00 0.00
0.90 5.76 2.15 1.00 0.00
0.90 5.76 2.32 1.00 0.00
0.90 5.76 2.50 1.00 0.00
0.90 5.76 2.67 1.00 0.00
0.90 5.76 2.85 1.00 0.00
0.90 5.76 3.02 1.00 0.00
0.90 5.76 3.19 1.00 0.00
0.90 5.76 3.37 1.00 0.00
0.90 5.76 3.54 1.00 0.00
0.90 5.76 3.72 1.00 0.00
0.90 5.76 3.89 1.00 0.00
0.90 5.76 4.07 1.00 0.00
0.90 5.76 4.24 1.00 0.00
0.90 5.76 4.42 1.00 0.00
0.90 5.76 4.59 1.00 0.00
1.10 5.76 1.65 1.00 0.00
1.10 5.76 1.82 1.00 0.00
1.10 5.76 2.00 1.00 0.00
1.10 5.76 2.17 1.00 0.00
1.10 5.76 2.35 1.00 0.00
1.10 5.76 2.52 1.00 0.00
1.10 5.76 2.70 1.00 0.00
1.10 5.76 2.87 1.00 0.00
1.10 5.76 3.05 1.00 0.00
1.10 5.76 3.22 1.00 0.00
1.10 5.76 3.39 1.00 0.00
1.10 5.76 3.57 1.00 0.00
1.10 5.76 3.74 1.00 0.00
1.10 5.76 3.92 1.00 0.00
1.10 5.76 4.09 1.00 0.00
1.10 5.76 4.27 1.00 0.00
1.10 5.76 4.44 1.00 0.00
1.10 5.76 4.62 1.00 0.00
0.30 5.93 7.80 1.00 0.00
0.30 5.93 7.97 1.00 0.00
0.30 5.93 8.15 1.00 0.00
0.30 5.93 8.32 1.00 0.00
0.30 5.93 8.50 1.00 0.00
0.30 5.93 8.67 1.00 0.00
0.30 5.93 8.85 1.00 0.00
0.30 5.93 9.02 1.00 0.00
0.30 5.93 9.19 1.00 0.00
0.30 5.93 9.37 1.00 0.00
0.30 5.93 9.54 1.00 0.00
0.30 5.93 9.72 1.00 0.00
0.30 5.93 9.89 1.00 0.00
0.30 5.93 10.07 1.00 0.00
0.30 5.93 10.24 1.00 0.00
0.30 5.93 10.42 1.00 0.00
0.30 5.93 10.59 1.00 0.00
0.30 5.93 10.77 1.00 0.00
0.50 5.93 7.82 1.00 0.00
0.50 5.93 8.00 1.00 0.00
0.50 5.93 8.17 1.00 0.00
0.50 5.93 8.35 1.00 0.00
0.50 5.93 8.52 1.00 0.00
0.50 5.93 8.70 1.00 0.00
0.50 5.93 8.87 1.00 0.00
0.50 5.93 9.05 1.00 0.00
0.50 5.93 9.22 1.00 0.00
0.50 5.93 9.39 1.00 0.00
0.50 5.93 9.57 1.00 0.00
0.50 5.93 9.74 1.00 0.00
0.50 5.93 9.92 1.00 0.00
0.50 5.93 10.09 1.00 0.00
0.50 5.93 10.27 1.00 0.00
0.50 5.93 10.44 1.00 0.00
0.50 5.93 10.62 1.00 0.00
0.50 5.93 10.79 1.00 0.00
0.70 5.93 7.85 1.00 0.00
0.70 5.93 8.02 1.00 0.00
0.70 5.93 8.20 1.00 0.00
0.70 5.93 8.37 1.00 0.00
0.70 5.93 8.54 1.00 0.00
0.70 5.93 8.72 1.00 0.00
0.70 5.93 8.89 1.00 0.00
0.70 5.93 9.07 1.00 0.00
0.70 5.93 9.24 1.00 0.00
0.70 5.93 9.42 1.00 0.00
0.70 5.93 9.59 1.00 0.00
0.70 5.93 9.77 1.00 0.00
0.70 5.93 9.94 1.00 0.00
0.70 5.93 10.11 1.00 0.00
0.70 5.93 10.29 1.00 0.00
0.70 5.93 10.46 1.00 0.00
0.70 5.93 10.64 1.00 0.00
0.70 5.93 10.81 1.00 0.00
0.90 5.93 1.58 1.00 0.00
0.90 5.93 1.76 1.00 0.00
0.90 5.93 1.93 1.00 0.00
0.90 5.93 2.11 1.00 0.00
0.90 5.93 2.28 1.00 0.00
0.90 5.93 2.46 1.00 0.00
0.90 5.93 2.63 1.00 0.00
0.90 5.93 2.80 1.00 0.00
0.90 5.93 2.98 1.00 0.00
0.90 5.93 3.15 1.00 0.00
0.90 5.93 3.33 1.00 0.00
0.90 5.93 3.50 1.00 0.00
0.90 5.93 3.68 1.00 0.00
0.90 5.93 3.85 1.00 0.00
0.90 5.93 4.03 1.00 0.00
0.90 5.93 4.20 1.00 0.00
0.90 5.93 4.38 1.00 0.00
0.90 5.93 4.55 1.00 0.00
1.10 5.93 1.60 1.00 0.00
1.10 5.93 1.78 1.00 0.00
1.10 5.93 1.95 1.00 0.00
1.10 5.93 2.12 1.00 0.00
1.10 5.93 2.30 1.00 0.00
1.10 5.93 2.47 1.00 0.00
1.10 5.93 2.65 1.00 0.00
1.10 5.93 2.82 1.00 0.00
1.10 5.93 3.00 1.00 0.00
1.10 5.93 3.17 1.00 0.00
1.10 5.93 3.35 1.00 0.00
1.10 5.93 3.52 1.00 0.00
1.10 5.93 3.70 1.00 0.00
1.10 5.93 3.87 1.00 0.00
1.10 5.93 4.04 1.00 0.00
1.10 5.93 4.22 1.00 0.00
1.10 5.93 4.39 1.00 0.00
1.10 5.93 4.57 1.00 0.00
0.30 6.11 7.78 1.00 0.00
0.30 6.11 7.96 1.00 0.00
0.30 6.11 8.13 1.00 0.00
0.30 6.11 8.31 1.00 0.00
0.30 6.11 8.48 1.00 0.00
0.30 6.11 8.65 1.00 0.00
0.30 6.11 8.83 1.00 0.00
0.30 6.11 9.00 1.00 0.00
0.30 6.11 9.18 1.00 0.00
0.30 6.11 9.35 1.00 0.00
0.30 6.11 9.53 1.00 0.00
0.30 6.11 9.70 1.00 0.00
0.30 6.11 9.88 1.00 0.00
0.30 6.11 10.05 1.00 0.00
0.30 6.11 10.23 1.00 0.00
0.30 6.11 10.40 1.00 0.00
0.30 6.11 10.57 1.00 0.00
0.30 6.11 10.75 1.00 0.00
0.50 6.11 7.80 1.00 0.00
0.50 6.11 7.97 1.00 0.00
0.50 6.11 8.15 1.00 0.00
0.50 6.11 8.32 1.00 0.00
0.50 6.11 8.50 1.00 0.00
0.50 6.11 8.67 1.00 0.00
0.50 6.11 8.84 1.00 0.00
0.50 6.11 9.02 1.00 0.00
0.50 6.11 9.19 1.00 0.00
0.50 6.11 9.37 1.00 0.00
0.50 6.11 9.54 1.00 0.00
0.50 6.11 9.72 1.00 0.00
0.50 6.11 9.89 1.00 0.00
0.50 6.11 10.07 1.00 0.00
0.50 6.11 10.24 1.00 0.00
0.50 6.11 10.42 1.00 0.00
0.50 6.11 10.59 1.00 0.00
0.50 6.11 10.76 1.00 0.00
0.70 6.11 7.81 1.00 0.00
0.70 6.11 7.99 1.00 0.00
0.70 6.11 8.16 1.00 0.00
0.70 6.11 8.33 1.00 0.00
0.70 6.11 8.51 1.00 0.00
0.70 6.11 8.68 1.00 0.00
0.70 6.11 8.86 1.00 0.00
0.70 6.11 9.03 1.00 0.00
0.70 6.11 9.21 1.00 0.00
0.70 6.11 9.38 1.00 0.00
0.70 6.11 9.56 1.00 0.00
0.70 6.11 9.73 1.00 0.00
0.70 6.11 9.91 1.00 0.00
0.70 6.11 10.08 1.00 0.00
0.70 6.11 10.25 1.00 0.00
0.70 6.11 10.43 1.00 0.00
0.70 6.11 10.60 1.00 0.00
0.70 6.11 10.78 1.00 0.00
0.90 6.11 7.82 1.00 0.00
0.90 6.11 8.00 1.00 0.00
0.90 6.11 8.17 1.00 0.00
0.90 6.11 8.35 1.00 0.00
0.90 6.11 8.52 1.00 0.00
0.90 6.11 8.70 1.00 0.00
0.90 6.11 8.87 1.00 0.00
0.90 6.11 9.04 1.00 0.00
0.90 6.11 9.22 1.00 0.00
0.90 6.11 9.39 1.00 0.00
0.90 6.11 9.57 1.00 0.00
0.90 6.11 9.74 1.00 0.00
0.90 6.11 9.92 1.00 0.00
0.90 6.11 10.09 1.00 0.00
0.90 6.11 10.27 1.00 0.00
0.90 6.11 10.44 1.00 0.00
0.90 6.11 10.62 1.00 0.00
0.90 6.11 10.79 1.00 0.00
1.10 6.11 7.83 1.00 0.00
1.10 6.11 8.01 1.00 0.00
1.10 6.11 8.18 1.00 0.00
1.10 6.11 8.36 1.00 0.00
1.10 6.11 8.53 1.00 0.00
1.10 6.11 8.71 1.00 0.00
1.10 6.11 8.88 1.00 0.00
1.10 6.11 9.06 1.00 0.00
1.10 6.11 9.23 1.00 0.00
1.10 6.11 9.40 1.00 0.00
1.10 6.11 9.58 1.00 0.00
1.10 6.11 9.75 1.00 0.00
1.10 6.11 9.93 1.00 0.00
1.10 6.11 10.10 1.00 0.00
1.10 6.11 10.28 1.00 0.00
1.10 6.11 10.45 1.00 0.00
1.10 6.11 10.63 1.00 0.00
1.10 6.11 10.80 1.00 0.00
