0.30 0.00 -0.16 1.00 0.00
0.30 0.00 0.01 1.00 0.00
0.30 0.00 0.19 1.00 0.00
0.30 0.00 0.36 1.00 0.00
0.30 0.00 0.53 1.00 0.00
0.30 0.00 0.71 1.00 0.00
0.30 0.00 0.88 1.00 0.00
0.30 0.00 1.06 1.00 0.00
0.30 0.00 1.23 1.00 0.00
0.30 0.00 1.41 1.00 0.00
0.30 0.00 1.58 1.00 0.00
0.30 0.00 1.76 1.00 0.00
0.30 0.00 1.93 1.00 0.00
0.30 0.00 2.11 1.00 0.00
0.30 0.00 2.28 1.00 0.00
0.30 0.00 2.45 1.00 0.00
0.30 0.00 2.63 1.00 0.00
0.30 0.00 2.80 1.00 0.00
0.50 0.00 -0.09 1.00 0.00
0.50 0.00 0.09 1.00 0.00
0.50 0.00 0.26 1.00 0.00
0.50 0.00 0.44 1.00 0.00
0.50 0.00 0.61 1.00 0.00
0.50 0.00 0.79 1.00 0.00
0.50 0.00 0.96 1.00 0.00
0.50 0.00 1.13 1.00 0.00
0.50 0.00 1.31 1.00 0.00
0.50 0.00 1.48 1.00 0.00
0.50 0.00 1.66 1.00 0.00
0.50 0.00 1.83 1.00 0.00
0.50 0.00 2.01 1.00 0.00
0.50 0.00 2.18 1.00 0.00
0.50 0.00 2.36 1.00 0.00
0.50 0.00 2.53 1.00 0.00
0.50 0.00 2.71 1.00 0.00
0.50 0.00 2.88 1.00 0.00
0.70 0.00 -0.01 1.00 0.00
0.70 0.00 0.16 1.00 0.00
0.70 0.00 0.34 1.00 0.00
0.70 0.00 0.51 1.00 0.00
0.70 0.00 0.69 1.00 0.00
0.70 0.00 0.86 1.00 0.00
0.70 0.00 1.04 1.00 0.00
0.70 0.00 1.21 1.00 0.00
0.70 0.00 1.39 1.00 0.00
0.70 0.00 1.56 1.00 0.00
0.70 0.00 1.74 1.00 0.00
0.70 0.00 1.91 1.00 0.00
0.70 0.00 2.08 1.00 0.00
0.70 0.00 2.26 1.00 0.00
0.70 0.00 2.43 1.00 0.00
0.70 0.00 2.61 1.00 0.00
0.70 0.00 2.78 1.00 0.00
0.70 0.00 2.96 1.00 0.00
0.90 0.00 0.07 1.00 0.00
0.90 0.00 0.24 1.00 0.00
0.90 0.00 0.42 1.00 0.00
0.90 0.00 0.59 1.00 0.00
0.90 0.00 0.77 1.00 0.00
0.90 0.00 0.94 1.00 0.00
0.90 0.00 1.11 1.00 0.00
0.90 0.00 1.29 1.00 0.00
0.90 0.00 1.46 1.00 0.00
0.90 0.00 1.64 1.00 0.00
0.90 0.00 1.81 1.00 0.00
0.90 0.00 1.99 1.00 0.00
0.90 0.00 2.16 1.00 0.00
0.90 0.00 2.34 1.00 0.00
0.90 0.00 2.51 1.00 0.00
0.90 0.00 2.69 1.00 0.00
0.90 0.00 2.86 1.00 0.00
0.90 0.00 3.03 1.00 0.00
1.10 0.00 0.14 1.00 0.00
1.10 0.00 0.32 1.00 0.00
1.10 0.00 0.49 1.00 0.00
1.10 0.00 0.67 1.00 0.00
1.10 0.00 0.84 1.00 0.00
1.10 0.00 1.02 1.00 0.00
1.10 0.00 1.19 1.00 0.00
1.10 0.00 1.37 1.00 0.00
1.10 0.00 1.54 1.00 0.00
1.10 0.00 1.72 1.00 0.00
1.10 0.00 1.89 1.00 0.00
1.10 0.00 2.06 1.00 0.00
1.10 0.00 2.24 1.00 0.00
1.10 0.00 2.41 1.00 0.00
1.10 0.00 2.59 1.00 0.00
1.10 0.00 2.76 1.00 0.00
1.10 0.00 2.94 1.00 0.00
1.10 0.00 3.11 1.00 0.00
0.30 0.17 -0.16 1.00 0.00
0.30 0.17 0.01 1.00 0.00
0.30 0.17 0.19 1.00 0.00
0.30 0.17 0.36 1.00 0.00
0.30 0.17 0.54 1.00 0.00
0.30 0.17 0.71 1.00 0.00
0.30 0.17 0.89 1.00 0.00
0.30 0.17 1.06 1.00 0.00
0.30 0.17 1.23 1.00 0.00
0.30 0.17 1.41 1.00 0.00
0.30 0.17 1.58 1.00 0.00
0.30 0.17 1.76 1.00 0.00
0.30 0.17 1.93 1.00 0.00
0.30 0.17 2.11 1.00 0.00
0.30 0.17 2.28 1.00 0.00
0.30 0.17 2.46 1.00 0.00
0.30 0.17 2.63 1.00 0.00
0.30 0.17 2.81 1.00 0.00
0.50 0.17 -0.09 1.00 0.00
0.50 0.17 0.09 1.00 0.00
0.50 0.17 0.26 1.00 0.00
0.50 0.17 0.44 1.00 0.00
0.50 0.17 0.61 1.00 0.00
0.50 0.17 0.79 1.00 0.00
0.50 0.17 0.96 1.00 0.00
0.50 0.17 1.13 1.00 0.00
0.50 0.17 1.31 1.00 0.00
0.50 0.17 1.48 1.00 0.00
0.50 0.17 1.66 1.00 0.00
0.50 0.17 1.83 1.00 0.00
0.50 0.17 2.01 1.00 0.00
0.50 0.17 2.18 1.00 0.00
0.50 0.17 2.36 1.00 0.00
0.50 0.17 2.53 1.00 0.00
0.50 0.17 2.71 1.00 0.00
0.50 0.17 2.88 1.00 0.00
0.70 0.17 -0.01 1.00 0.00
0.70 0.17 0.16 1.00 0.00
0.70 0.17 0.34 1.00 0.00
0.70 0.17 0.51 1.00 0.00
0.70 0.17 0.68 1.00 0.00
0.70 0.17 0.86 1.00 0.00
0.70 0.17 1.03 1.00 0.00
0.70 0.17 1.21 1.00 0.00
0.70 0.17 1.38 1.00 0.00
0.70 0.17 1.56 1.00 0.00
0.70 0.17 1.73 1.00 0.00
0.70 0.17 1.91 1.00 0.00
0.70 0.17 2.08 1.00 0.00
0.70 0.17 2.26 1.00 0.00
0.70 0.17 2.43 1.00 0.00
0.70 0.17 2.60 1.00 0.00
0.70 0.17 2.78 1.00 0.00
0.70 0.17 2.95 1.00 0.00
0.90 0.17 0.06 1.00 0.00
0.90 0.17 0.23 1.00 0.00
0.90 0.17 0.41 1.00 0.00
0.90 0.17 0.58 1.00 0.00
0.90 0.17 0.76 1.00 0.00
0.90 0.17 0.93 1.00 0.00
0.90 0.17 1.11 1.00 0.00
0.90 0.17 1.28 1.00 0.00
0.90 0.17 1.46 1.00 0.00
0.90 0.17 1.63 1.00 0.00
0.90 0.17 1.80 1.00 0.00
0.90 0.17 1.98 1.00 0.00
0.90 0.17 2.15 1.00 0.00
0.90 0.17 2.33 1.00 0.00
0.90 0.17 2.50 1.00 0.00
0.90 0.17 2.68 1.00 0.00
0.90 0.17 2.85 1.00 0.00
0.90 0.17 3.03 1.00 0.00
1.10 0.17 0.13 1.00 0.00
1.10 0.17 0.30 1.00 0.00
1.10 0.17 0.48 1.00 0.00
1.10 0.17 0.65 1.00 0.00
1.10 0.17 0.83 1.00 0.00
1.10 0.17 1.00 1.00 0.00
1.10 0.17 1.18 1.00 0.00
1.10 0.17 1.35 1.00 0.00
1.10 0.17 1.52 1.00 0.00
1.10 0.17 1.70 1.00 0.00
1.10 0.17 1.87 1.00 0.00
1.10 0.17 2.05 1.00 0.00
1.10 0.17 2.22 1.00 0.00
1.10 0.17 2.40 1.00 0.00
1.10 0.17 2.57 1.00 0.00
1.10 0.17 2.75 1.00 0.00
1.10 0.17 2.92 1.00 0.00
1.10 0.17 3.10 1.00 0.00
0.30 0.35 -0.16 1.00 0.00
0.30 0.35 0.01 1.00 0.00
0.30 0.35 0.19 1.00 0.00
0.30 0.35 0.36 1.00 0.00
0.30 0.35 0.53 1.00 0.00
0.30 0.35 0.71 1.00 0.00
0.30 0.35 0.88 1.00 0.00
0.30 0.35 1.06 1.00 0.00
0.30 0.35 1.23 1.00 0.00
0.30 0.35 1.41 1.00 0.00
0.30 0.35 1.58 1.00 0.00
0.30 0.35 1.76 1.00 0.00
0.30 0.35 1.93 1.00 0.00
0.30 0.35 2.11 1.00 0.00
0.30 0.35 2.28 1.00 0.00
0.30 0.35 2.45 1.00 0.00
0.30 0.35 2.63 1.00 0.00
0.30 0.35 2.80 1.00 0.00
0.50 0.35 -0.09 1.00 0.00
0.50 0.35 0.08 1.00 0.00
0.50 0.35 0.26 1.00 0.00
0.50 0.35 0.43 1.00 0.00
0.50 0.35 0.61 1.00 0.00
0.50 0.35 0.78 1.00 0.00
0.50 0.35 0.95 1.00 0.00
0.50 0.35 1.13 1.00 0.00
0.50 0.35 1.30 1.00 0.00
0.50 0.35 1.48 1.00 0.00
0.50 0.35 1.65 1.00 0.00
0.50 0.35 1.83 1.00 0.00
0.50 0.35 2.00 1.00 0.00
0.50 0.35 2.18 1.00 0.00
0.50 0.35 2.35 1.00 0.00
0.50 0.35 2.53 1.00 0.00
0.50 0.35 2.70 1.00 0.00
0.50 0.35 2.87 1.00 0.00
0.70 0.35 -0.02 1.00 0.00
0.70 0.35 0.15 1.00 0.00
0.70 0.35 0.33 1.00 0.00
0.70 0.35 0.50 1.00 0.00
0.70 0.35 0.67 1.00 0.00
0.70 0.35 0.85 1.00 0.00
0.70 0.35 1.02 1.00 0.00
0.70 0.35 1.20 1.00 0.00
0.70 0.35 1.37 1.00 0.00
0.70 0.35 1.55 1.00 0.00
0.70 0.35 1.72 1.00 0.00
0.70 0.35 1.90 1.00 0.00
0.70 0.35 2.07 1.00 0.00
0.70 0.35 2.25 1.00 0.00
0.70 0.35 2.42 1.00 0.00
0.70 0.35 2.59 1.00 0.00
0.70 0.35 2.77 1.00 0.00
0.70 0.35 2.94 1.00 0.00
0.90 0.35 0.04 1.00 0.00
0.90 0.35 0.22 1.00 0.00
0.90 0.35 0.39 1.00 0.00
0.90 0.35 0.57 1.00 0.00
0.90 0.35 0.74 1.00 0.00
0.90 0.35 0.91 1.00 0.00
0.90 0.35 1.09 1.00 0.00
0.90 0.35 1.26 1.00 0.00
0.90 0.35 1.44 1.00 0.00
0.90 0.35 1.61 1.00 0.00
0.90 0.35 1.79 1.00 0.00
0.90 0.35 1.96 1.00 0.00
0.90 0.35 2.14 1.00 0.00
0.90 0.35 2.31 1.00 0.00
0.90 0.35 2.49 1.00 0.00
0.90 0.35 2.66 1.00 0.00
0.90 0.35 2.83 1.00 0.00
0.90 0.35 3.01 1.00 0.00
1.10 0.35 0.10 1.00 0.00
1.10 0.35 0.28 1.00 0.00
1.10 0.35 0.45 1.00 0.00
1.10 0.35 0.63 1.00 0.00
1.10 0.35 0.80 1.00 0.00
1.10 0.35 0.98 1.00 0.00
1.10 0.35 1.15 1.00 0.00
1.10 0.35 1.33 1.00 0.00
1.10 0.35 1.50 1.00 0.00
1.10 0.35 1.67 1.00 0.00
1.10 0.35 1.85 1.00 0.00
1.10 0.35 2.02 1.00 0.00
1.10 0.35 2.20 1.00 0.00
1.10 0.35 2.37 1.00 0.00
1.10 0.35 2.55 1.00 0.00
1.10 0.35 2.72 1.00 0.00
1.10 0.35 2.90 1.00 0.00
1.10 0.35 3.07 1.00 0.00
0.30 0.52 -0.17 1.00 0.00
0.30 0.52 0.01 1.00 0.00
0.30 0.52 0.18 1.00 0.00
0.30 0.52 0.35 1.00 0.00
0.30 0.52 0.53 1.00 0.00
0.30 0.52 0.70 1.00 0.00
0.30 0.52 0.88 1.00 0.00
0.30 0.52 1.05 1.00 0.00
0.30 0.52 1.23 1.00 0.00
0.30 0.52 1.40 1.00 0.00
0.30 0.52 1.58 1.00 0.00
0.30 0.52 1.75 1.00 0.00
0.30 0.52 1.93 1.00 0.00
0.30 0.52 2.10 1.00 0.00
0.30 0.52 2.27 1.00 0.00
0.30 0.52 2.45 1.00 0.00
0.30 0.52 2.62 1.00 0.00
0.30 0.52 2.80 1.00 0.00
0.50 0.52 -0.10 1.00 0.00
0.50 0.52 0.07 1.00 0.00
0.50 0.52 0.25 1.00 0.00
0.50 0.52 0.42 1.00 0.00
0.50 0.52 0.60 1.00 0.00
0.50 0.52 0.77 1.00 0.00
0.50 0.52 0.94 1.00 0.00
0.50 0.52 1.12 1.00 0.00
0.50 0.52 1.29 1.00 0.00
0.50 0.52 1.47 1.00 0.00
0.50 0.52 1.64 1.00 0.00
0.50 0.52 1.82 1.00 0.00
0.50 0.52 1.99 1.00 0.00
0.50 0.52 2.17 1.00 0.00
0.50 0.52 2.34 1.00 0.00
0.50 0.52 2.52 1.00 0.00
0.50 0.52 2.69 1.00 0.00
0.50 0.52 2.86 1.00 0.00
0.70 0.52 -0.04 1.00 0.00
0.70 0.52 0.13 1.00 0.00
0.70 0.52 0.31 1.00 0.00
0.70 0.52 0.48 1.00 0.00
0.70 0.52 0.66 1.00 0.00
0.70 0.52 0.83 1.00 0.00
0.70 0.52 1.01 1.00 0.00
0.70 0.52 1.18 1.00 0.00
0.70 0.52 1.36 1.00 0.00
0.70 0.52 1.53 1.00 0.00
0.70 0.52 1.70 1.00 0.00
0.70 0.52 1.88 1.00 0.00
0.70 0.52 2.05 1.00 0.00
0.70 0.52 2.23 1.00 0.00
0.70 0.52 2.40 1.00 0.00
0.70 0.52 2.58 1.00 0.00
0.70 0.52 2.75 1.00 0.00
0.70 0.52 2.93 1.00 0.00
0.90 0.52 0.02 1.00 0.00
0.90 0.52 0.19 1.00 0.00
0.90 0.52 0.37 1.00 0.00
0.90 0.52 0.54 1.00 0.00
0.90 0.52 0.72 1.00 0.00
0.90 0.52 0.89 1.00 0.00
0.90 0.52 1.07 1.00 0.00
0.90 0.52 1.24 1.00 0.00
0.90 0.52 1.41 1.00 0.00
0.90 0.52 1.59 1.00 0.00
0.90 0.52 1.76 1.00 0.00
0.90 0.52 1.94 1.00 0.00
0.90 0.52 2.11 1.00 0.00
0.90 0.52 2.29 1.00 0.00
0.90 0.52 2.46 1.00 0.00
0.90 0.52 2.64 1.00 0.00
0.90 0.52 2.81 1.00 0.00
0.90 0.52 2.98 1.00 0.00
1.10 0.52 0.07 1.00 0.00
1.10 0.52 0.25 1.00 0.00
1.10 0.52 0.42 1.00 0.00
1.10 0.52 0.60 1.00 0.00
1.10 0.52 0.77 1.00 0.00
1.10 0.52 0.95 1.00 0.00
1.10 0.52 1.12 1.00 0.00
1.10 0.52 1.29 1.00 0.00
1.10 0.52 1.47 1.00 0.00
1.10 0.52 1.64 1.00 0.00
1.10 0.52 1.82 1.00 0.00
1.10 0.52 1.99 1.00 0.00
1.10 0.52 2.17 1.00 0.00
1.10 0.52 2.34 1.00 0.00
1.10 0.52 2.52 1.00 0.00
1.10 0.52 2.69 1.00 0.00
1.10 0.52 2.87 1.00 0.00
1.10 0.52 3.04 1.00 0.00
0.30 0.70 6.11 1.00 0.00
0.30 0.70 6.28 1.00 0.00
0.30 0.70 6.46 1.00 0.00
0.30 0.70 6.63 1.00 0.00
0.30 0.70 6.80 1.00 0.00
0.30 0.70 6.98 1.00 0.00
0.30 0.70 7.15 1.00 0.00
0.30 0.70 7.33 1.00 0.00
0.30 0.70 7.50 1.00 0.00
0.30 0.70 7.68 1.00 0.00
0.30 0.70 7.85 1.00 0.00
0.30 0.70 8.03 1.00 0.00
0.30 0.70 8.20 1.00 0.00
0.30 0.70 8.38 1.00 0.00
0.30 0.70 8.55 1.00 0.00
0.30 0.70 8.72 1.00 0.00
0.30 0.70 8.90 1.00 0.00
0.30 0.70 9.07 1.00 0.00
0.50 0.70 -0.12 1.00 0.00
0.50 0.70 0.06 1.00 0.00
0.50 0.70 0.23 1.00 0.00
0.50 0.70 0.41 1.00 0.00
0.50 0.70 0.58 1.00 0.00
0.50 0.70 0.76 1.00 0.00
0.50 0.70 0.93 1.00 0.00
0.50 0.70 1.10 1.00 0.00
0.50 0.70 1.28 1.00 0.00
0.50 0.70 1.45 1.00 0.00
0.50 0.70 1.63 1.00 0.00
0.50 0.70 1.80 1.00 0.00
0.50 0.70 1.98 1.00 0.00
0.50 0.70 2.15 1.00 0.00
0.50 0.70 2.33 1.00 0.00
0.50 0.70 2.50 1.00 0.00
0.50 0.70 2.68 1.00 0.00
0.50 0.70 2.85 1.00 0.00
0.70 0.70 -0.06 1.00 0.00
0.70 0.70 0.11 1.00 0.00
0.70 0.70 0.29 1.00 0.00
0.70 0.70 0.46 1.00 0.00
0.70 0.70 0.64 1.00 0.00
0.70 0.70 0.81 1.00 0.00
0.70 0.70 0.98 1.00 0.00
0.70 0.70 1.16 1.00 0.00
0.70 0.70 1.33 1.00 0.00
0.70 0.70 1.51 1.00 0.00
0.70 0.70 1.68 1.00 0.00
0.70 0.70 1.86 1.00 0.00
0.70 0.70 2.03 1.00 0.00
0.70 0.70 2.21 1.00 0.00
0.70 0.70 2.38 1.00 0.00
0.70 0.70 2.56 1.00 0.00
0.70 0.70 2.73 1.00 0.00
0.70 0.70 2.90 1.00 0.00
0.90 0.70 -0.01 1.00 0.00
0.90 0.70 0.16 1.00 0.00
0.90 0.70 0.34 1.00 0.00
0.90 0.70 0.51 1.00 0.00
0.90 0.70 0.69 1.00 0.00
0.90 0.70 0.86 1.00 0.00
0.90 0.70 1.04 1.00 0.00
0.90 0.70 1.21 1.00 0.00
0.90 0.70 1.38 1.00 0.00
0.90 0.70 1.56 1.00 0.00
0.90 0.70 1.73 1.00 0.00
0.90 0.70 1.91 1.00 0.00
0.90 0.70 2.08 1.00 0.00
0.90 0.70 2.26 1.00 0.00
0.90 0.70 2.43 1.00 0.00
0.90 0.70 2.61 1.00 0.00
0.90 0.70 2.78 1.00 0.00
0.90 0.70 2.96 1.00 0.00
1.10 0.70 0.04 1.00 0.00
1.10 0.70 0.21 1.00 0.00
1.10 0.70 0.38 1.00 0.00
1.10 0.70 0.56 1.00 0.00
1.10 0.70 0.73 1.00 0.00
1.10 0.70 0.91 1.00 0.00
1.10 0.70 1.08 1.00 0.00
1.10 0.70 1.26 1.00 0.00
1.10 0.70 1.43 1.00 0.00
1.10 0.70 1.61 1.00 0.00
1.10 0.70 1.78 1.00 0.00
1.10 0.70 1.96 1.00 0.00
1.10 0.70 2.13 1.00 0.00
1.10 0.70 2.30 1.00 0.00
1.10 0.70 2.48 1.00 0.00
1.10 0.70 2.65 1.00 0.00
1.10 0.70 2.83 1.00 0.00
1.10 0.70 3.00 1.00 0.00
0.30 0.87 6.10 1.00 0.00
0.30 0.87 6.27 1.00 0.00
0.30 0.87 6.45 1.00 0.00
0.30 0.87 6.62 1.00 0.00
0.30 0.87 6.79 1.00 0.00
0.30 0.87 6.97 1.00 0.00
0.30 0.87 7.14 1.00 0.00
0.30 0.87 7.32 1.00 0.00
0.30 0.87 7.49 1.00 0.00
0.30 0.87 7.67 1.00 0.00
0.30 0.87 7.84 1.00 0.00
0.30 0.87 8.02 1.00 0.00
0.30 0.87 8.19 1.00 0.00
0.30 0.87 8.37 1.00 0.00
0.30 0.87 8.54 1.00 0.00
0.30 0.87 8.71 1.00 0.00
0.30 0.87 8.89 1.00 0.00
0.30 0.87 9.06 1.00 0.00
0.50 0.87 -0.14 1.00 0.00
0.50 0.87 0.04 1.00 0.00
0.50 0.87 0.21 1.00 0.00
0.50 0.87 0.39 1.00 0.00
0.50 0.87 0.56 1.00 0.00
0.50 0.87 0.74 1.00 0.00
0.50 0.87 0.91 1.00 0.00
0.50 0.87 1.09 1.00 0.00
0.50 0.87 1.26 1.00 0.00
0.50 0.87 1.44 1.00 0.00
0.50 0.87 1.61 1.00 0.00
0.50 0.87 1.78 1.00 0.00
0.50 0.87 1.96 1.00 0.00
0.50 0.87 2.13 1.00 0.00
0.50 0.87 2.31 1.00 0.00
0.50 0.87 2.48 1.00 0.00
0.50 0.87 2.66 1.00 0.00
0.50 0.87 2.83 1.00 0.00
0.70 0.87 -0.09 1.00 0.00
0.70 0.87 0.09 1.00 0.00
0.70 0.87 0.26 1.00 0.00
0.70 0.87 0.44 1.00 0.00
0.70 0.87 0.61 1.00 0.00
0.70 0.87 0.78 1.00 0.00
0.70 0.87 0.96 1.00 0.00
0.70 0.87 1.13 1.00 0.00
0.70 0.87 1.31 1.00 0.00
0.70 0.87 1.48 1.00 0.00
0.70 0.87 1.66 1.00 0.00
0.70 0.87 1.83 1.00 0.00
0.70 0.87 2.01 1.00 0.00
0.70 0.87 2.18 1.00 0.00
0.70 0.87 2.36 1.00 0.00
0.70 0.87 2.53 1.00 0.00
0.70 0.87 2.70 1.00 0.00
0.70 0.87 2.88 1.00 0.00
0.90 0.87 -0.04 1.00 0.00
0.90 0.87 0.13 1.00 0.00
0.90 0.87 0.30 1.00 0.00
0.90 0.87 0.48 1.00 0.00
0.90 0.87 0.65 1.00 0.00
0.90 0.87 0.83 1.00 0.00
0.90 0.87 1.00 1.00 0.00
0.90 0.87 1.18 1.00 0.00
0.90 0.87 1.35 1.00 0.00
0.90 0.87 1.53 1.00 0.00
0.90 0.87 1.70 1.00 0.00
0.90 0.87 1.88 1.00 0.00
0.90 0.87 2.05 1.00 0.00
0.90 0.87 2.22 1.00 0.00
0.90 0.87 2.40 1.00 0.00
0.90 0.87 2.57 1.00 0.00
0.90 0.87 2.75 1.00 0.00
0.90 0.87 2.92 1.00 0.00
1.10 0.87 -0.01 1.00 0.00
1.10 0.87 0.17 1.00 0.00
1.10 0.87 0.34 1.00 0.00
1.10 0.87 0.52 1.00 0.00
1.10 0.87 0.69 1.00 0.00
1.10 0.87 0.87 1.00 0.00
1.10 0.87 1.04 1.00 0.00
1.10 0.87 1.22 1.00 0.00
1.10 0.87 1.39 1.00 0.00
1.10 0.87 1.57 1.00 0.00
1.10 0.87 1.74 1.00 0.00
1.10 0.87 1.91 1.00 0.00
1.10 0.87 2.09 1.00 0.00
1.10 0.87 2.26 1.00 0.00
1.10 0.87 2.44 1.00 0.00
1.10 0.87 2.61 1.00 0.00
1.10 0.87 2.79 1.00 0.00
1.10 0.87 2.96 1.00 0.00
0.30 1.05 6.08 1.00 0.00
0.30 1.05 6.26 1.00 0.00
0.30 1.05 6.43 1.00 0.00
0.30 1.05 6.61 1.00 0.00
0.30 1.05 6.78 1.00 0.00
0.30 1.05 6.96 1.00 0.00
0.30 1.05 7.13 1.00 0.00
0.30 1.05 7.31 1.00 0.00
0.30 1.05 7.48 1.00 0.00
0.30 1.05 7.65 1.00 0.00
0.30 1.05 7.83 1.00 0.00
0.30 1.05 8.00 1.00 0.00
0.30 1.05 8.18 1.00 0.00
0.30 1.05 8.35 1.00 0.00
0.30 1.05 8.53 1.00 0.00
0.30 1.05 8.70 1.00 0.00
0.30 1.05 8.88 1.00 0.00
0.30 1.05 9.05 1.00 0.00
0.50 1.05 -0.16 1.00 0.00
0.50 1.05 0.02 1.00 0.00
0.50 1.05 0.19 1.00 0.00
0.50 1.05 0.37 1.00 0.00
0.50 1.05 0.54 1.00 0.00
0.50 1.05 0.72 1.00 0.00
0.50 1.05 0.89 1.00 0.00
0.50 1.05 1.07 1.00 0.00
0.50 1.05 1.24 1.00 0.00
0.50 1.05 1.41 1.00 0.00
0.50 1.05 1.59 1.00 0.00
0.50 1.05 1.76 1.00 0.00
0.50 1.05 1.94 1.00 0.00
0.50 1.05 2.11 1.00 0.00
0.50 1.05 2.29 1.00 0.00
0.50 1.05 2.46 1.00 0.00
0.50 1.05 2.64 1.00 0.00
0.50 1.05 2.81 1.00 0.00
0.70 1.05 -0.12 1.00 0.00
0.70 1.05 0.06 1.00 0.00
0.70 1.05 0.23 1.00 0.00
0.70 1.05 0.41 1.00 0.00
0.70 1.05 0.58 1.00 0.00
0.70 1.05 0.76 1.00 0.00
0.70 1.05 0.93 1.00 0.00
0.70 1.05 1.10 1.00 0.00
0.70 1.05 1.28 1.00 0.00
0.70 1.05 1.45 1.00 0.00
0.70 1.05 1.63 1.00 0.00
0.70 1.05 1.80 1.00 0.00
0.70 1.05 1.98 1.00 0.00
0.70 1.05 2.15 1.00 0.00
0.70 1.05 2.33 1.00 0.00
0.70 1.05 2.50 1.00 0.00
0.70 1.05 2.68 1.00 0.00
0.70 1.05 2.85 1.00 0.00
0.90 1.05 -0.08 1.00 0.00
0.90 1.05 0.09 1.00 0.00
0.90 1.05 0.27 1.00 0.00
0.90 1.05 0.44 1.00 0.00
0.90 1.05 0.62 1.00 0.00
0.90 1.05 0.79 1.00 0.00
0.90 1.05 0.97 1.00 0.00
0.90 1.05 1.14 1.00 0.00
0.90 1.05 1.31 1.00 0.00
0.90 1.05 1.49 1.00 0.00
0.90 1.05 1.66 1.00 0.00
0.90 1.05 1.84 1.00 0.00
0.90 1.05 2.01 1.00 0.00
0.90 1.05 2.19 1.00 0.00
0.90 1.05 2.36 1.00 0.00
0.90 1.05 2.54 1.00 0.00
0.90 1.05 2.71 1.00 0.00
0.90 1.05 2.89 1.00 0.00
1.10 1.05 -0.05 1.00 0.00
1.10 1.05 0.13 1.00 0.00
1.10 1.05 0.30 1.00 0.00
1.10 1.05 0.47 1.00 0.00
1.10 1.05 0.65 1.00 0.00
1.10 1.05 0.82 1.00 0.00
1.10 1.05 1.00 1.00 0.00
1.10 1.05 1.17 1.00 0.00
1.10 1.05 1.35 1.00 0.00
1.10 1.05 1.52 1.00 0.00
1.10 1.05 1.70 1.00 0.00
1.10 1.05 1.87 1.00 0.00
1.10 1.05 2.04 1.00 0.00
1.10 1.05 2.22 1.00 0.00
1.10 1.05 2.39 1.00 0.00
1.10 1.05 2.57 1.00 0.00
1.10 1.05 2.74 1.00 0.00
1.10 1.05 2.92 1.00 0.00
0.30 1.22 6.07 1.00 0.00
0.30 1.22 6.24 1.00 0.00
0.30 1.22 6.42 1.00 0.00
0.30 1.22 6.59 1.00 0.00
0.30 1.22 6.77 1.00 0.00
0.30 1.22 6.94 1.00 0.00
0.30 1.22 7.12 1.00 0.00
0.30 1.22 7.29 1.00 0.00
0.30 1.22 7.47 1.00 0.00
0.30 1.22 7.64 1.00 0.00
0.30 1.22 7.81 1.00 0.00
0.30 1.22 7.99 1.00 0.00
0.30 1.22 8.16 1.00 0.00
0.30 1.22 8.34 1.00 0.00
0.30 1.22 8.51 1.00 0.00
0.30 1.22 8.69 1.00 0.00
0.30 1.22 8.86 1.00 0.00
0.30 1.22 9.04 1.00 0.00
0.50 1.22 6.10 1.00 0.00
0.50 1.22 6.28 1.00 0.00
0.50 1.22 6.45 1.00 0.00
0.50 1.22 6.63 1.00 0.00
0.50 1.22 6.80 1.00 0.00
0.50 1.22 6.98 1.00 0.00
0.50 1.22 7.15 1.00 0.00
0.50 1.22 7.33 1.00 0.00
0.50 1.22 7.50 1.00 0.00
0.50 1.22 7.67 1.00 0.00
0.50 1.22 7.85 1.00 0.00
0.50 1.22 8.02 1.00 0.00
0.50 1.22 8.20 1.00 0.00
0.50 1.22 8.37 1.00 0.00
0.50 1.22 8.55 1.00 0.00
0.50 1.22 8.72 1.00 0.00
0.50 1.22 8.90 1.00 0.00
0.50 1.22 9.07 1.00 0.00
0.70 1.22 -0.15 1.00 0.00
0.70 1.22 0.03 1.00 0.00
0.70 1.22 0.20 1.00 0.00
0.70 1.22 0.37 1.00 0.00
0.70 1.22 0.55 1.00 0.00
0.70 1.22 0.72 1.00 0.00
0.70 1.22 0.90 1.00 0.00
0.70 1.22 1.07 1.00 0.00
0.70 1.22 1.25 1.00 0.00
0.70 1.22 1.42 1.00 0.00
0.70 1.22 1.60 1.00 0.00
0.70 1.22 1.77 1.00 0.00
0.70 1.22 1.95 1.00 0.00
0.70 1.22 2.12 1.00 0.00
0.70 1.22 2.29 1.00 0.00
0.70 1.22 2.47 1.00 0.00
0.70 1.22 2.64 1.00 0.00
0.70 1.22 2.82 1.00 0.00
0.90 1.22 -0.12 1.00 0.00
0.90 1.22 0.05 1.00 0.00
0.90 1.22 0.23 1.00 0.00
0.90 1.22 0.40 1.00 0.00
0.90 1.22 0.58 1.00 0.00
0.90 1.22 0.75 1.00 0.00
0.90 1.22 0.93 1.00 0.00
0.90 1.22 1.10 1.00 0.00
0.90 1.22 1.28 1.00 0.00
0.90 1.22 1.45 1.00 0.00
0.90 1.22 1.62 1.00 0.00
0.90 1.22 1.80 1.00 0.00
0.90 1.22 1.97 1.00 0.00
0.90 1.22 2.15 1.00 0.00
0.90 1.22 2.32 1.00 0.00
0.90 1.22 2.50 1.00 0.00
0.90 1.22 2.67 1.00 0.00
0.90 1.22 2.85 1.00 0.00
1.10 1.22 -0.10 1.00 0.00
1.10 1.22 0.08 1.00 0.00
1.10 1.22 0.25 1.00 0.00
1.10 1.22 0.43 1.00 0.00
1.10 1.22 0.60 1.00 0.00
1.10 1.22 0.78 1.00 0.00
1.10 1.22 0.95 1.00 0.00
1.10 1.22 1.13 1.00 0.00
1.10 1.22 1.30 1.00 0.00
1.10 1.22 1.47 1.00 0.00
1.10 1.22 1.65 1.00 0.00
1.10 1.22 1.82 1.00 0.00
1.10 1.22 2.00 1.00 0.00
1.10 1.22 2.17 1.00 0.00
1.10 1.22 2.35 1.00 0.00
1.10 1.22 2.52 1.00 0.00
1.10 1.22 2.70 1.00 0.00
1.10 1.22 2.87 1.00 0.00
0.30 1.40 6.05 1.00 0.00
0.30 1.40 6.23 1.00 0.00
0.30 1.40 6.40 1.00 0.00
0.30 1.40 6.58 1.00 0.00
0.30 1.40 6.75 1.00 0.00
0.30 1.40 6.93 1.00 0.00
0.30 1.40 7.10 1.00 0.00
0.30 1.40 7.28 1.00 0.00
0.30 1.40 7.45 1.00 0.00
0.30 1.40 7.62 1.00 0.00
0.30 1.40 7.80 1.00 0.00
0.30 1.40 7.97 1.00 0.00
0.30 1.40 8.15 1.00 0.00
0.30 1.40 8.32 1.00 0.00
0.30 1.40 8.50 1.00 0.00
0.30 1.40 8.67 1.00 0.00
0.30 1.40 8.85 1.00 0.00
0.30 1.40 9.02 1.00 0.00
0.50 1.40 6.08 1.00 0.00
0.50 1.40 6.25 1.00 0.00
0.50 1.40 6.43 1.00 0.00
0.50 1.40 6.60 1.00 0.00
0.50 1.40 6.78 1.00 0.00
0.50 1.40 6.95 1.00 0.00
0.50 1.40 7.13 1.00 0.00
0.50 1.40 7.30 1.00 0.00
0.50 1.40 7.47 1.00 0.00
0.50 1.40 7.65 1.00 0.00
0.50 1.40 7.82 1.00 0.00
0.50 1.40 8.00 1.00 0.00
0.50 1.40 8.17 1.00 0.00
0.50 1.40 8.35 1.00 0.00
0.50 1.40 8.52 1.00 0.00
0.50 1.40 8.70 1.00 0.00
0.50 1.40 8.87 1.00 0.00
0.50 1.40 9.05 1.00 0.00
0.70 1.40 6.10 1.00 0.00
0.70 1.40 6.28 1.00 0.00
0.70 1.40 6.45 1.00 0.00
0.70 1.40 6.62 1.00 0.00
0.70 1.40 6.80 1.00 0.00
0.70 1.40 6.97 1.00 0.00
0.70 1.40 7.15 1.00 0.00
0.70 1.40 7.32 1.00 0.00
0.70 1.40 7.50 1.00 0.00
0.70 1.40 7.67 1.00 0.00
0.70 1.40 7.85 1.00 0.00
0.70 1.40 8.02 1.00 0.00
0.70 1.40 8.20 1.00 0.00
0.70 1.40 8.37 1.00 0.00
0.70 1.40 8.54 1.00 0.00
0.70 1.40 8.72 1.00 0.00
0.70 1.40 8.89 1.00 0.00
0.70 1.40 9.07 1.00 0.00
0.90 1.40 -0.16 1.00 0.00
0.90 1.40 0.01 1.00 0.00
0.90 1.40 0.19 1.00 0.00
0.90 1.40 0.36 1.00 0.00
0.90 1.40 0.54 1.00 0.00
0.90 1.40 0.71 1.00 0.00
0.90 1.40 0.88 1.00 0.00
0.90 1.40 1.06 1.00 0.00
0.90 1.40 1.23 1.00 0.00
0.90 1.40 1.41 1.00 0.00
0.90 1.40 1.58 1.00 0.00
0.90 1.40 1.76 1.00 0.00
0.90 1.40 1.93 1.00 0.00
0.90 1.40 2.11 1.00 0.00
0.90 1.40 2.28 1.00 0.00
0.90 1.40 2.46 1.00 0.00
0.90 1.40 2.63 1.00 0.00
0.90 1.40 2.80 1.00 0.00
1.10 1.40 -0.14 1.00 0.00
1.10 1.40 0.03 1.00 0.00
1.10 1.40 0.20 1.00 0.00
1.10 1.40 0.38 1.00 0.00
1.10 1.40 0.55 1.00 0.00
1.10 1.40 0.73 1.00 0.00
1.10 1.40 0.90 1.00 0.00
1.10 1.40 1.08 1.00 0.00
1.10 1.40 1.25 1.00 0.00
1.10 1.40 1.43 1.00 0.00
1.10 1.40 1.60 1.00 0.00
1.10 1.40 1.78 1.00 0.00
1.10 1.40 1.95 1.00 0.00
1.10 1.40 2.12 1.00 0.00
1.10 1.40 2.30 1.00 0.00
1.10 1.40 2.47 1.00 0.00
1.10 1.40 2.65 1.00 0.00
1.10 1.40 2.82 1.00 0.00
0.30 1.57 6.04 1.00 0.00
0.30 1.57 6.21 1.00 0.00
0.30 1.57 6.39 1.00 0.00
0.30 1.57 6.56 1.00 0.00
0.30 1.57 6.73 1.00 0.00
0.30 1.57 6.91 1.00 0.00
0.30 1.57 7.08 1.00 0.00
0.30 1.57 7.26 1.00 0.00
0.30 1.57 7.43 1.00 0.00
0.30 1.57 7.61 1.00 0.00
0.30 1.57 7.78 1.00 0.00
0.30 1.57 7.96 1.00 0.00
0.30 1.57 8.13 1.00 0.00
0.30 1.57 8.31 1.00 0.00
0.30 1.57 8.48 1.00 0.00
0.30 1.57 8.65 1.00 0.00
0.30 1.57 8.83 1.00 0.00
0.30 1.57 9.00 1.00 0.00
0.50 1.57 6.05 1.00 0.00
0.50 1.57 6.23 1.00 0.00
0.50 1.57 6.40 1.00 0.00
0.50 1.57 6.58 1.00 0.00
0.50 1.57 6.75 1.00 0.00
0.50 1.57 6.92 1.00 0.00
0.50 1.57 7.10 1.00 0.00
0.50 1.57 7.27 1.00 0.00
0.50 1.57 7.45 1.00 0.00
0.50 1.57 7.62 1.00 0.00
0.50 1.57 7.80 1.00 0.00
0.50 1.57 7.97 1.00 0.00
0.50 1.57 8.15 1.00 0.00
0.50 1.57 8.32 1.00 0.00
0.50 1.57 8.50 1.00 0.00
0.50 1.57 8.67 1.00 0.00
0.50 1.57 8.84 1.00 0.00
0.50 1.57 9.02 1.00 0.00
0.70 1.57 6.07 1.00 0.00
0.70 1.57 6.24 1.00 0.00
0.70 1.57 6.41 1.00 0.00
0.70 1.57 6.59 1.00 0.00
0.70 1.57 6.76 1.00 0.00
0.70 1.57 6.94 1.00 0.00
0.70 1.57 7.11 1.00 0.00
0.70 1.57 7.29 1.00 0.00
0.70 1.57 7.46 1.00 0.00
0.70 1.57 7.64 1.00 0.00
0.70 1.57 7.81 1.00 0.00
0.70 1.57 7.99 1.00 0.00
0.70 1.57 8.16 1.00 0.00
0.70 1.57 8.33 1.00 0.00
0.70 1.57 8.51 1.00 0.00
0.70 1.57 8.68 1.00 0.00
0.70 1.57 8.86 1.00 0.00
0.70 1.57 9.03 1.00 0.00
0.90 1.57 6.08 1.00 0.00
0.90 1.57 6.25 1.00 0.00
0.90 1.57 6.43 1.00 0.00
0.90 1.57 6.60 1.00 0.00
0.90 1.57 6.78 1.00 0.00
0.90 1.57 6.95 1.00 0.00
0.90 1.57 7.13 1.00 0.00
0.90 1.57 7.30 1.00 0.00
0.90 1.57 7.47 1.00 0.00
0.90 1.57 7.65 1.00 0.00
0.90 1.57 7.82 1.00 0.00
0.90 1.57 8.00 1.00 0.00
0.90 1.57 8.17 1.00 0.00
0.90 1.57 8.35 1.00 0.00
0.90 1.57 8.52 1.00 0.00
0.90 1.57 8.70 1.00 0.00
0.90 1.57 8.87 1.00 0.00
0.90 1.57 9.04 1.00 0.00
1.10 1.57 6.09 1.00 0.00
1.10 1.57 6.26 1.00 0.00
1.10 1.57 6.44 1.00 0.00
1.10 1.57 6.61 1.00 0.00
1.10 1.57 6.79 1.00 0.00
1.10 1.57 6.96 1.00 0.00
1.10 1.57 7.14 1.00 0.00
1.10 1.57 7.31 1.00 0.00
1.10 1.57 7.48 1.00 0.00
1.10 1.57 7.66 1.00 0.00
1.10 1.57 7.83 1.00 0.00
1.10 1.57 8.01 1.00 0.00
1.10 1.57 8.18 1.00 0.00
1.10 1.57 8.36 1.00 0.00
1.10 1.57 8.53 1.00 0.00
1.10 1.57 8.71 1.00 0.00
1.10 1.57 8.88 1.00 0.00
1.10 1.57 9.06 1.00 0.00
0.30 1.75 6.02 1.00 0.00
0.30 1.75 6.19 1.00 0.00
0.30 1.75 6.37 1.00 0.00
0.30 1.75 6.54 1.00 0.00
0.30 1.75 6.72 1.00 0.00
0.30 1.75 6.89 1.00 0.00
0.30 1.75 7.07 1.00 0.00
0.30 1.75 7.24 1.00 0.00
0.30 1.75 7.42 1.00 0.00
0.30 1.75 7.59 1.00 0.00
0.30 1.75 7.76 1.00 0.00
0.30 1.75 7.94 1.00 0.00
0.30 1.75 8.11 1.00 0.00
0.30 1.75 8.29 1.00 0.00
0.30 1.75 8.46 1.00 0.00
0.30 1.75 8.64 1.00 0.00
0.30 1.75 8.81 1.00 0.00
0.30 1.75 8.99 1.00 0.00
0.50 1.75 6.02 1.00 0.00
0.50 1.75 6.20 1.00 0.00
0.50 1.75 6.37 1.00 0.00
0.50 1.75 6.55 1.00 0.00
0.50 1.75 6.72 1.00 0.00
0.50 1.75 6.90 1.00 0.00
0.50 1.75 7.07 1.00 0.00
0.50 1.75 7.25 1.00 0.00
0.50 1.75 7.42 1.00 0.00
0.50 1.75 7.60 1.00 0.00
0.50 1.75 7.77 1.00 0.00
0.50 1.75 7.94 1.00 0.00
0.50 1.75 8.12 1.00 0.00
0.50 1.75 8.29 1.00 0.00
0.50 1.75 8.47 1.00 0.00
0.50 1.75 8.64 1.00 0.00
0.50 1.75 8.82 1.00 0.00
0.50 1.75 8.99 1.00 0.00
0.70 1.75 6.03 1.00 0.00
0.70 1.75 6.20 1.00 0.00
0.70 1.75 6.38 1.00 0.00
0.70 1.75 6.55 1.00 0.00
0.70 1.75 6.73 1.00 0.00
0.70 1.75 6.90 1.00 0.00
0.70 1.75 7.08 1.00 0.00
0.70 1.75 7.25 1.00 0.00
0.70 1.75 7.43 1.00 0.00
0.70 1.75 7.60 1.00 0.00
0.70 1.75 7.78 1.00 0.00
0.70 1.75 7.95 1.00 0.00
0.70 1.75 8.12 1.00 0.00
0.70 1.75 8.30 1.00 0.00
0.70 1.75 8.47 1.00 0.00
0.70 1.75 8.65 1.00 0.00
0.70 1.75 8.82 1.00 0.00
0.70 1.75 9.00 1.00 0.00
0.90 1.75 6.03 1.00 0.00
0.90 1.75 6.21 1.00 0.00
0.90 1.75 6.38 1.00 0.00
0.90 1.75 6.56 1.00 0.00
0.90 1.75 6.73 1.00 0.00
0.90 1.75 6.91 1.00 0.00
0.90 1.75 7.08 1.00 0.00
0.90 1.75 7.26 1.00 0.00
0.90 1.75 7.43 1.00 0.00
0.90 1.75 7.61 1.00 0.00
0.90 1.75 7.78 1.00 0.00
0.90 1.75 7.95 1.00 0.00
0.90 1.75 8.13 1.00 0.00
0.90 1.75 8.30 1.00 0.00
0.90 1.75 8.48 1.00 0.00
0.90 1.75 8.65 1.00 0.00
0.90 1.75 8.83 1.00 0.00
0.90 1.75 9.00 1.00 0.00
1.10 1.75 6.04 1.00 0.00
1.10 1.75 6.21 1.00 0.00
1.10 1.75 6.39 1.00 0.00
1.10 1.75 6.56 1.00 0.00
1.10 1.75 6.74 1.00 0.00
1.10 1.75 6.91 1.00 0.00
1.10 1.75 7.09 1.00 0.00
1.10 1.75 7.26 1.00 0.00
1.10 1.75 7.43 1.00 0.00
1.10 1.75 7.61 1.00 0.00
1.10 1.75 7.78 1.00 0.00
1.10 1.75 7.96 1.00 0.00
1.10 1.75 8.13 1.00 0.00
1.10 1.75 8.31 1.00 0.00
1.10 1.75 8.48 1.00 0.00
1.10 1.75 8.66 1.00 0.00
1.10 1.75 8.83 1.00 0.00
1.10 1.75 9.01 1.00 0.00
0.30 1.92 6.00 1.00 0.00
0.30 1.92 6.18 1.00 0.00
0.30 1.92 6.35 1.00 0.00
0.30 1.92 6.53 1.00 0.00
0.30 1.92 6.70 1.00 0.00
0.30 1.92 6.87 1.00 0.00
0.30 1.92 7.05 1.00 0.00
0.30 1.92 7.22 1.00 0.00
0.30 1.92 7.40 1.00 0.00
0.30 1.92 7.57 1.00 0.00
0.30 1.92 7.75 1.00 0.00
0.30 1.92 7.92 1.00 0.00
0.30 1.92 8.10 1.00 0.00
0.30 1.92 8.27 1.00 0.00
0.30 1.92 8.45 1.00 0.00
0.30 1.92 8.62 1.00 0.00
0.30 1.92 8.79 1.00 0.00
0.30 1.92 8.97 1.00 0.00
0.50 1.92 6.00 1.00 0.00
0.50 1.92 6.17 1.00 0.00
0.50 1.92 6.35 1.00 0.00
0.50 1.92 6.52 1.00 0.00
0.50 1.92 6.70 1.00 0.00
0.50 1.92 6.87 1.00 0.00
0.50 1.92 7.04 1.00 0.00
0.50 1.92 7.22 1.00 0.00
0.50 1.92 7.39 1.00 0.00
0.50 1.92 7.57 1.00 0.00
0.50 1.92 7.74 1.00 0.00
0.50 1.92 7.92 1.00 0.00
0.50 1.92 8.09 1.00 0.00
0.50 1.92 8.27 1.00 0.00
0.50 1.92 8.44 1.00 0.00
0.50 1.92 8.62 1.00 0.00
0.50 1.92 8.79 1.00 0.00
0.50 1.92 8.96 1.00 0.00
0.70 1.92 5.99 1.00 0.00
0.70 1.92 6.17 1.00 0.00
0.70 1.92 6.34 1.00 0.00
0.70 1.92 6.52 1.00 0.00
0.70 1.92 6.69 1.00 0.00
0.70 1.92 6.87 1.00 0.00
0.70 1.92 7.04 1.00 0.00
0.70 1.92 7.22 1.00 0.00
0.70 1.92 7.39 1.00 0.00
0.70 1.92 7.56 1.00 0.00
0.70 1.92 7.74 1.00 0.00
0.70 1.92 7.91 1.00 0.00
0.70 1.92 8.09 1.00 0.00
0.70 1.92 8.26 1.00 0.00
0.70 1.92 8.44 1.00 0.00
0.70 1.92 8.61 1.00 0.00
0.70 1.92 8.79 1.00 0.00
0.70 1.92 8.96 1.00 0.00
0.90 1.92 5.99 1.00 0.00
0.90 1.92 6.17 1.00 0.00
0.90 1.92 6.34 1.00 0.00
0.90 1.92 6.51 1.00 0.00
0.90 1.92 6.69 1.00 0.00
0.90 1.92 6.86 1.00 0.00
0.90 1.92 7.04 1.00 0.00
0.90 1.92 7.21 1.00 0.00
0.90 1.92 7.39 1.00 0.00
0.90 1.92 7.56 1.00 0.00
0.90 1.92 7.74 1.00 0.00
0.90 1.92 7.91 1.00 0.00
0.90 1.92 8.08 1.00 0.00
0.90 1.92 8.26 1.00 0.00
0.90 1.92 8.43 1.00 0.00
0.90 1.92 8.61 1.00 0.00
0.90 1.92 8.78 1.00 0.00
0.90 1.92 8.96 1.00 0.00
1.10 1.92 5.99 1.00 0.00
1.10 1.92 6.16 1.00 0.00
1.10 1.92 6.34 1.00 0.00
1.10 1.92 6.51 1.00 0.00
1.10 1.92 6.69 1.00 0.00
1.10 1.92 6.86 1.00 0.00
1.10 1.92 7.03 1.00 0.00
1.10 1.92 7.21 1.00 0.00
1.10 1.92 7.38 1.00 0.00
1.10 1.92 7.56 1.00 0.00
1.10 1.92 7.73 1.00 0.00
1.10 1.92 7.91 1.00 0.00
1.10 1.92 8.08 1.00 0.00
1.10 1.92 8.26 1.00 0.00
1.10 1.92 8.43 1.00 0.00
1.10 1.92 8.61 1.00 0.00
1.10 1.92 8.78 1.00 0.00
1.10 1.92 8.95 1.00 0.00
0.30 2.09 5.98 1.00 0.00
0.30 2.09 6.16 1.00 0.00
0.30 2.09 6.33 1.00 0.00
0.30 2.09 6.51 1.00 0.00
0.30 2.09 6.68 1.00 0.00
0.30 2.09 6.86 1.00 0.00
0.30 2.09 7.03 1.00 0.00
0.30 2.09 7.21 1.00 0.00
0.30 2.09 7.38 1.00 0.00
0.30 2.09 7.56 1.00 0.00
0.30 2.09 7.73 1.00 0.00
0.30 2.09 7.90 1.00 0.00
0.30 2.09 8.08 1.00 0.00
0.30 2.09 8.25 1.00 0.00
0.30 2.09 8.43 1.00 0.00
0.30 2.09 8.60 1.00 0.00
0.30 2.09 8.78 1.00 0.00
0.30 2.09 8.95 1.00 0.00
0.50 2.09 5.97 1.00 0.00
0.50 2.09 6.14 1.00 0.00
0.50 2.09 6.32 1.00 0.00
0.50 2.09 6.49 1.00 0.00
0.50 2.09 6.67 1.00 0.00
0.50 2.09 6.84 1.00 0.00
0.50 2.09 7.02 1.00 0.00
0.50 2.09 7.19 1.00 0.00
0.50 2.09 7.37 1.00 0.00
0.50 2.09 7.54 1.00 0.00
0.50 2.09 7.72 1.00 0.00
0.50 2.09 7.89 1.00 0.00
0.50 2.09 8.06 1.00 0.00
0.50 2.09 8.24 1.00 0.00
0.50 2.09 8.41 1.00 0.00
0.50 2.09 8.59 1.00 0.00
0.50 2.09 8.76 1.00 0.00
0.50 2.09 8.94 1.00 0.00
0.70 2.09 5.96 1.00 0.00
0.70 2.09 6.13 1.00 0.00
0.70 2.09 6.31 1.00 0.00
0.70 2.09 6.48 1.00 0.00
0.70 2.09 6.66 1.00 0.00
0.70 2.09 6.83 1.00 0.00
0.70 2.09 7.01 1.00 0.00
0.70 2.09 7.18 1.00 0.00
0.70 2.09 7.35 1.00 0.00
0.70 2.09 7.53 1.00 0.00
0.70 2.09 7.70 1.00 0.00
0.70 2.09 7.88 1.00 0.00
0.70 2.09 8.05 1.00 0.00
0.70 2.09 8.23 1.00 0.00
0.70 2.09 8.40 1.00 0.00
0.70 2.09 8.58 1.00 0.00
0.70 2.09 8.75 1.00 0.00
0.70 2.09 8.92 1.00 0.00
0.90 2.09 5.95 1.00 0.00
0.90 2.09 6.12 1.00 0.00
0.90 2.09 6.30 1.00 0.00
0.90 2.09 6.47 1.00 0.00
0.90 2.09 6.64 1.00 0.00
0.90 2.09 6.82 1.00 0.00
0.90 2.09 6.99 1.00 0.00
0.90 2.09 7.17 1.00 0.00
0.90 2.09 7.34 1.00 0.00
0.90 2.09 7.52 1.00 0.00
0.90 2.09 7.69 1.00 0.00
0.90 2.09 7.87 1.00 0.00
0.90 2.09 8.04 1.00 0.00
0.90 2.09 8.22 1.00 0.00
0.90 2.09 8.39 1.00 0.00
0.90 2.09 8.56 1.00 0.00
0.90 2.09 8.74 1.00 0.00
0.90 2.09 8.91 1.00 0.00
1.10 2.09 5.94 1.00 0.00
1.10 2.09 6.11 1.00 0.00
1.10 2.09 6.29 1.00 0.00
1.10 2.09 6.46 1.00 0.00
1.10 2.09 6.64 1.00 0.00
1.10 2.09 6.81 1.00 0.00
1.10 2.09 6.98 1.00 0.00
1.10 2.09 7.16 1.00 0.00
1.10 2.09 7.33 1.00 0.00
1.10 2.09 7.51 1.00 0.00
1.10 2.09 7.68 1.00 0.00
1.10 2.09 7.86 1.00 0.00
1.10 2.09 8.03 1.00 0.00
1.10 2.09 8.21 1.00 0.00
1.10 2.09 8.38 1.00 0.00
1.10 2.09 8.55 1.00 0.00
1.10 2.09 8.73 1.00 0.00
1.10 2.09 8.90 1.00 0.00
0.30 2.27 5.97 1.00 0.00
0.30 2.27 6.14 1.00 0.00
0.30 2.27 6.32 1.00 0.00
0.30 2.27 6.49 1.00 0.00
0.30 2.27 6.67 1.00 0.00
0.30 2.27 6.84 1.00 0.00
0.30 2.27 7.01 1.00 0.00
0.30 2.27 7.19 1.00 0.00
0.30 2.27 7.36 1.00 0.00
0.30 2.27 7.54 1.00 0.00
0.30 2.27 7.71 1.00 0.00
0.30 2.27 7.89 1.00 0.00
0.30 2.27 8.06 1.00 0.00
0.30 2.27 8.24 1.00 0.00
0.30 2.27 8.41 1.00 0.00
0.30 2.27 8.59 1.00 0.00
0.30 2.27 8.76 1.00 0.00
0.30 2.27 8.93 1.00 0.00
0.50 2.27 5.94 1.00 0.00
0.50 2.27 6.12 1.00 0.00
0.50 2.27 6.29 1.00 0.00
0.50 2.27 6.47 1.00 0.00
0.50 2.27 6.64 1.00 0.00
0.50 2.27 6.82 1.00 0.00
0.50 2.27 6.99 1.00 0.00
0.50 2.27 7.17 1.00 0.00
0.50 2.27 7.34 1.00 0.00
0.50 2.27 7.51 1.00 0.00
0.50 2.27 7.69 1.00 0.00
0.50 2.27 7.86 1.00 0.00
0.50 2.27 8.04 1.00 0.00
0.50 2.27 8.21 1.00 0.00
0.50 2.27 8.39 1.00 0.00
0.50 2.27 8.56 1.00 0.00
0.50 2.27 8.74 1.00 0.00
0.50 2.27 8.91 1.00 0.00
0.70 2.27 5.92 1.00 0.00
0.70 2.27 6.10 1.00 0.00
0.70 2.27 6.27 1.00 0.00
0.70 2.27 6.45 1.00 0.00
0.70 2.27 6.62 1.00 0.00
0.70 2.27 6.80 1.00 0.00
0.70 2.27 6.97 1.00 0.00
0.70 2.27 7.14 1.00 0.00
0.70 2.27 7.32 1.00 0.00
0.70 2.27 7.49 1.00 0.00
0.70 2.27 7.67 1.00 0.00
0.70 2.27 7.84 1.00 0.00
0.70 2.27 8.02 1.00 0.00
0.70 2.27 8.19 1.00 0.00
0.70 2.27 8.37 1.00 0.00
0.70 2.27 8.54 1.00 0.00
0.70 2.27 8.72 1.00 0.00
0.70 2.27 8.89 1.00 0.00
0.90 2.27 5.90 1.00 0.00
0.90 2.27 6.08 1.00 0.00
0.90 2.27 6.25 1.00 0.00
0.90 2.27 6.43 1.00 0.00
0.90 2.27 6.60 1.00 0.00
0.90 2.27 6.78 1.00 0.00
0.90 2.27 6.95 1.00 0.00
0.90 2.27 7.13 1.00 0.00
0.90 2.27 7.30 1.00 0.00
0.90 2.27 7.47 1.00 0.00
0.90 2.27 7.65 1.00 0.00
0.90 2.27 7.82 1.00 0.00
0.90 2.27 8.00 1.00 0.00
0.90 2.27 8.17 1.00 0.00
0.90 2.27 8.35 1.00 0.00
0.90 2.27 8.52 1.00 0.00
0.90 2.27 8.70 1.00 0.00
0.90 2.27 8.87 1.00 0.00
1.10 2.27 5.89 1.00 0.00
1.10 2.27 6.06 1.00 0.00
1.10 2.27 6.24 1.00 0.00
1.10 2.27 6.41 1.00 0.00
1.10 2.27 6.59 1.00 0.00
1.10 2.27 6.76 1.00 0.00
1.10 2.27 6.93 1.00 0.00
1.10 2.27 7.11 1.00 0.00
1.10 2.27 7.28 1.00 0.00
1.10 2.27 7.46 1.00 0.00
1.10 2.27 7.63 1.00 0.00
1.10 2.27 7.81 1.00 0.00
1.10 2.27 7.98 1.00 0.00
1.10 2.27 8.16 1.00 0.00
1.10 2.27 8.33 1.00 0.00
1.10 2.27 8.51 1.00 0.00
1.10 2.27 8.68 1.00 0.00
1.10 2.27 8.85 1.00 0.00
0.30 2.44 5.95 1.00 0.00
0.30 2.44 6.13 1.00 0.00
0.30 2.44 6.30 1.00 0.00
0.30 2.44 6.48 1.00 0.00
0.30 2.44 6.65 1.00 0.00
0.30 2.44 6.82 1.00 0.00
0.30 2.44 7.00 1.00 0.00
0.30 2.44 7.17 1.00 0.00
0.30 2.44 7.35 1.00 0.00
0.30 2.44 7.52 1.00 0.00
0.30 2.44 7.70 1.00 0.00
0.30 2.44 7.87 1.00 0.00
0.30 2.44 8.05 1.00 0.00
0.30 2.44 8.22 1.00 0.00
0.30 2.44 8.40 1.00 0.00
0.30 2.44 8.57 1.00 0.00
0.30 2.44 8.74 1.00 0.00
0.30 2.44 8.92 1.00 0.00
0.50 2.44 5.92 1.00 0.00
0.50 2.44 6.09 1.00 0.00
0.50 2.44 6.27 1.00 0.00
0.50 2.44 6.44 1.00 0.00
0.50 2.44 6.62 1.00 0.00
0.50 2.44 6.79 1.00 0.00
0.50 2.44 6.97 1.00 0.00
0.50 2.44 7.14 1.00 0.00
0.50 2.44 7.31 1.00 0.00
0.50 2.44 7.49 1.00 0.00
0.50 2.44 7.66 1.00 0.00
0.50 2.44 7.84 1.00 0.00
0.50 2.44 8.01 1.00 0.00
0.50 2.44 8.19 1.00 0.00
0.50 2.44 8.36 1.00 0.00
0.50 2.44 8.54 1.00 0.00
0.50 2.44 8.71 1.00 0.00
0.50 2.44 8.89 1.00 0.00
0.70 2.44 5.89 1.00 0.00
0.70 2.44 6.06 1.00 0.00
0.70 2.44 6.24 1.00 0.00
0.70 2.44 6.41 1.00 0.00
0.70 2.44 6.59 1.00 0.00
0.70 2.44 6.76 1.00 0.00
0.70 2.44 6.94 1.00 0.00
0.70 2.44 7.11 1.00 0.00
0.70 2.44 7.29 1.00 0.00
0.70 2.44 7.46 1.00 0.00
0.70 2.44 7.63 1.00 0.00
0.70 2.44 7.81 1.00 0.00
0.70 2.44 7.98 1.00 0.00
0.70 2.44 8.16 1.00 0.00
0.70 2.44 8.33 1.00 0.00
0.70 2.44 8.51 1.00 0.00
0.70 2.44 8.68 1.00 0.00
0.70 2.44 8.86 1.00 0.00
0.90 2.44 5.86 1.00 0.00
0.90 2.44 6.04 1.00 0.00
0.90 2.44 6.21 1.00 0.00
0.90 2.44 6.39 1.00 0.00
0.90 2.44 6.56 1.00 0.00
0.90 2.44 6.73 1.00 0.00
0.90 2.44 6.91 1.00 0.00
0.90 2.44 7.08 1.00 0.00
0.90 2.44 7.26 1.00 0.00
0.90 2.44 7.43 1.00 0.00
0.90 2.44 7.61 1.00 0.00
0.90 2.44 7.78 1.00 0.00
0.90 2.44 7.96 1.00 0.00
0.90 2.44 8.13 1.00 0.00
0.90 2.44 8.31 1.00 0.00
0.90 2.44 8.48 1.00 0.00
0.90 2.44 8.65 1.00 0.00
0.90 2.44 8.83 1.00 0.00
1.10 2.44 5.84 1.00 0.00
1.10 2.44 6.01 1.00 0.00
1.10 2.44 6.19 1.00 0.00
1.10 2.44 6.36 1.00 0.00
1.10 2.44 6.54 1.00 0.00
1.10 2.44 6.71 1.00 0.00
1.10 2.44 6.89 1.00 0.00
1.10 2.44 7.06 1.00 0.00
1.10 2.44 7.23 1.00 0.00
1.10 2.44 7.41 1.00 0.00
1.10 2.44 7.58 1.00 0.00
1.10 2.44 7.76 1.00 0.00
1.10 2.44 7.93 1.00 0.00
1.10 2.44 8.11 1.00 0.00
1.10 2.44 8.28 1.00 0.00
1.10 2.44 8.46 1.00 0.00
1.10 2.44 8.63 1.00 0.00
1.10 2.44 8.81 1.00 0.00
0.30 2.62 5.94 1.00 0.00
0.30 2.62 6.11 1.00 0.00
0.30 2.62 6.29 1.00 0.00
0.30 2.62 6.46 1.00 0.00
0.30 2.62 6.64 1.00 0.00
0.30 2.62 6.81 1.00 0.00
0.30 2.62 6.98 1.00 0.00
0.30 2.62 7.16 1.00 0.00
0.30 2.62 7.33 1.00 0.00
0.30 2.62 7.51 1.00 0.00
0.30 2.62 7.68 1.00 0.00
0.30 2.62 7.86 1.00 0.00
0.30 2.62 8.03 1.00 0.00
0.30 2.62 8.21 1.00 0.00
0.30 2.62 8.38 1.00 0.00
0.30 2.62 8.56 1.00 0.00
0.30 2.62 8.73 1.00 0.00
0.30 2.62 8.90 1.00 0.00
0.50 2.62 5.89 1.00 0.00
0.50 2.62 6.07 1.00 0.00
0.50 2.62 6.24 1.00 0.00
0.50 2.62 6.42 1.00 0.00
0.50 2.62 6.59 1.00 0.00
0.50 2.62 6.77 1.00 0.00
0.50 2.62 6.94 1.00 0.00
0.50 2.62 7.12 1.00 0.00
0.50 2.62 7.29 1.00 0.00
0.50 2.62 7.47 1.00 0.00
0.50 2.62 7.64 1.00 0.00
0.50 2.62 7.81 1.00 0.00
0.50 2.62 7.99 1.00 0.00
0.50 2.62 8.16 1.00 0.00
0.50 2.62 8.34 1.00 0.00
0.50 2.62 8.51 1.00 0.00
0.50 2.62 8.69 1.00 0.00
0.50 2.62 8.86 1.00 0.00
0.70 2.62 5.86 1.00 0.00
0.70 2.62 6.03 1.00 0.00
0.70 2.62 6.21 1.00 0.00
0.70 2.62 6.38 1.00 0.00
0.70 2.62 6.56 1.00 0.00
0.70 2.62 6.73 1.00 0.00
0.70 2.62 6.90 1.00 0.00
0.70 2.62 7.08 1.00 0.00
0.70 2.62 7.25 1.00 0.00
0.70 2.62 7.43 1.00 0.00
0.70 2.62 7.60 1.00 0.00
0.70 2.62 7.78 1.00 0.00
0.70 2.62 7.95 1.00 0.00
0.70 2.62 8.13 1.00 0.00
0.70 2.62 8.30 1.00 0.00
0.70 2.62 8.47 1.00 0.00
0.70 2.62 8.65 1.00 0.00
0.70 2.62 8.82 1.00 0.00
0.90 2.62 5.82 1.00 0.00
0.90 2.62 6.00 1.00 0.00
0.90 2.62 6.17 1.00 0.00
0.90 2.62 6.35 1.00 0.00
0.90 2.62 6.52 1.00 0.00
0.90 2.62 6.70 1.00 0.00
0.90 2.62 6.87 1.00 0.00
0.90 2.62 7.04 1.00 0.00
0.90 2.62 7.22 1.00 0.00
0.90 2.62 7.39 1.00 0.00
0.90 2.62 7.57 1.00 0.00
0.90 2.62 7.74 1.00 0.00
0.90 2.62 7.92 1.00 0.00
0.90 2.62 8.09 1.00 0.00
0.90 2.62 8.27 1.00 0.00
0.90 2.62 8.44 1.00 0.00
0.90 2.62 8.62 1.00 0.00
0.90 2.62 8.79 1.00 0.00
1.10 2.62 5.79 1.00 0.00
1.10 2.62 5.97 1.00 0.00
1.10 2.62 6.14 1.00 0.00
1.10 2.62 6.31 1.00 0.00
1.10 2.62 6.49 1.00 0.00
1.10 2.62 6.66 1.00 0.00
1.10 2.62 6.84 1.00 0.00
1.10 2.62 7.01 1.00 0.00
1.10 2.62 7.19 1.00 0.00
1.10 2.62 7.36 1.00 0.00
1.10 2.62 7.54 1.00 0.00
1.10 2.62 7.71 1.00 0.00
1.10 2.62 7.89 1.00 0.00
1.10 2.62 8.06 1.00 0.00
1.10 2.62 8.23 1.00 0.00
1.10 2.62 8.41 1.00 0.00
1.10 2.62 8.58 1.00 0.00
1.10 2.62 8.76 1.00 0.00
0.30 2.79 5.92 1.00 0.00
0.30 2.79 6.10 1.00 0.00
0.30 2.79 6.27 1.00 0.00
0.30 2.79 6.45 1.00 0.00
0.30 2.79 6.62 1.00 0.00
0.30 2.79 6.80 1.00 0.00
0.30 2.79 6.97 1.00 0.00
0.30 2.79 7.15 1.00 0.00
0.30 2.79 7.32 1.00 0.00
0.30 2.79 7.50 1.00 0.00
0.30 2.79 7.67 1.00 0.00
0.30 2.79 7.84 1.00 0.00
0.30 2.79 8.02 1.00 0.00
0.30 2.79 8.19 1.00 0.00
0.30 2.79 8.37 1.00 0.00
0.30 2.79 8.54 1.00 0.00
0.30 2.79 8.72 1.00 0.00
0.30 2.79 8.89 1.00 0.00
0.50 2.79 5.87 1.00 0.00
0.50 2.79 6.05 1.00 0.00
0.50 2.79 6.22 1.00 0.00
0.50 2.79 6.40 1.00 0.00
0.50 2.79 6.57 1.00 0.00
0.50 2.79 6.75 1.00 0.00
0.50 2.79 6.92 1.00 0.00
0.50 2.79 7.10 1.00 0.00
0.50 2.79 7.27 1.00 0.00
0.50 2.79 7.44 1.00 0.00
0.50 2.79 7.62 1.00 0.00
0.50 2.79 7.79 1.00 0.00
0.50 2.79 7.97 1.00 0.00
0.50 2.79 8.14 1.00 0.00
0.50 2.79 8.32 1.00 0.00
0.50 2.79 8.49 1.00 0.00
0.50 2.79 8.67 1.00 0.00
0.50 2.79 8.84 1.00 0.00
0.70 2.79 5.83 1.00 0.00
0.70 2.79 6.00 1.00 0.00
0.70 2.79 6.18 1.00 0.00
0.70 2.79 6.35 1.00 0.00
0.70 2.79 6.53 1.00 0.00
0.70 2.79 6.70 1.00 0.00
0.70 2.79 6.87 1.00 0.00
0.70 2.79 7.05 1.00 0.00
0.70 2.79 7.22 1.00 0.00
0.70 2.79 7.40 1.00 0.00
0.70 2.79 7.57 1.00 0.00
0.70 2.79 7.75 1.00 0.00
0.70 2.79 7.92 1.00 0.00
0.70 2.79 8.10 1.00 0.00
0.70 2.79 8.27 1.00 0.00
0.70 2.79 8.45 1.00 0.00
0.70 2.79 8.62 1.00 0.00
0.70 2.79 8.79 1.00 0.00
0.90 2.79 5.79 1.00 0.00
0.90 2.79 5.96 1.00 0.00
0.90 2.79 6.13 1.00 0.00
0.90 2.79 6.31 1.00 0.00
0.90 2.79 6.48 1.00 0.00
0.90 2.79 6.66 1.00 0.00
0.90 2.79 6.83 1.00 0.00
0.90 2.79 7.01 1.00 0.00
0.90 2.79 7.18 1.00 0.00
0.90 2.79 7.36 1.00 0.00
0.90 2.79 7.53 1.00 0.00
0.90 2.79 7.71 1.00 0.00
0.90 2.79 7.88 1.00 0.00
0.90 2.79 8.05 1.00 0.00
0.90 2.79 8.23 1.00 0.00
0.90 2.79 8.40 1.00 0.00
0.90 2.79 8.58 1.00 0.00
0.90 2.79 8.75 1.00 0.00
1.10 2.79 5.75 1.00 0.00
1.10 2.79 5.92 1.00 0.00
1.10 2.79 6.10 1.00 0.00
1.10 2.79 6.27 1.00 0.00
1.10 2.79 6.44 1.00 0.00
1.10 2.79 6.62 1.00 0.00
1.10 2.79 6.79 1.00 0.00
1.10 2.79 6.97 1.00 0.00
1.10 2.79 7.14 1.00 0.00
1.10 2.79 7.32 1.00 0.00
1.10 2.79 7.49 1.00 0.00
1.10 2.79 7.67 1.00 0.00
1.10 2.79 7.84 1.00 0.00
1.10 2.79 8.02 1.00 0.00
1.10 2.79 8.19 1.00 0.00
1.10 2.79 8.36 1.00 0.00
1.10 2.79 8.54 1.00 0.00
1.10 2.79 8.71 1.00 0.00
0.30 2.97 5.91 1.00 0.00
0.30 2.97 6.09 1.00 0.00
0.30 2.97 6.26 1.00 0.00
0.30 2.97 6.44 1.00 0.00
0.30 2.97 6.61 1.00 0.00
0.30 2.97 6.79 1.00 0.00
0.30 2.97 6.96 1.00 0.00
0.30 2.97 7.14 1.00 0.00
0.30 2.97 7.31 1.00 0.00
0.30 2.97 7.48 1.00 0.00
0.30 2.97 7.66 1.00 0.00
0.30 2.97 7.83 1.00 0.00
0.30 2.97 8.01 1.00 0.00
0.30 2.97 8.18 1.00 0.00
0.30 2.97 8.36 1.00 0.00
0.30 2.97 8.53 1.00 0.00
0.30 2.97 8.71 1.00 0.00
0.30 2.97 8.88 1.00 0.00
0.50 2.97 5.86 1.00 0.00
0.50 2.97 6.03 1.00 0.00
0.50 2.97 6.20 1.00 0.00
0.50 2.97 6.38 1.00 0.00
0.50 2.97 6.55 1.00 0.00
0.50 2.97 6.73 1.00 0.00
0.50 2.97 6.90 1.00 0.00
0.50 2.97 7.08 1.00 0.00
0.50 2.97 7.25 1.00 0.00
0.50 2.97 7.43 1.00 0.00
0.50 2.97 7.60 1.00 0.00
0.50 2.97 7.78 1.00 0.00
0.50 2.97 7.95 1.00 0.00
0.50 2.97 8.12 1.00 0.00
0.50 2.97 8.30 1.00 0.00
0.50 2.97 8.47 1.00 0.00
0.50 2.97 8.65 1.00 0.00
0.50 2.97 8.82 1.00 0.00
0.70 2.97 5.80 1.00 0.00
0.70 2.97 5.98 1.00 0.00
0.70 2.97 6.15 1.00 0.00
0.70 2.97 6.32 1.00 0.00
0.70 2.97 6.50 1.00 0.00
0.70 2.97 6.67 1.00 0.00
0.70 2.97 6.85 1.00 0.00
0.70 2.97 7.02 1.00 0.00
0.70 2.97 7.20 1.00 0.00
0.70 2.97 7.37 1.00 0.00
0.70 2.97 7.55 1.00 0.00
0.70 2.97 7.72 1.00 0.00
0.70 2.97 7.90 1.00 0.00
0.70 2.97 8.07 1.00 0.00
0.70 2.97 8.24 1.00 0.00
0.70 2.97 8.42 1.00 0.00
0.70 2.97 8.59 1.00 0.00
0.70 2.97 8.77 1.00 0.00
0.90 2.97 5.75 1.00 0.00
0.90 2.97 5.93 1.00 0.00
0.90 2.97 6.10 1.00 0.00
0.90 2.97 6.27 1.00 0.00
0.90 2.97 6.45 1.00 0.00
0.90 2.97 6.62 1.00 0.00
0.90 2.97 6.80 1.00 0.00
0.90 2.97 6.97 1.00 0.00
0.90 2.97 7.15 1.00 0.00
0.90 2.97 7.32 1.00 0.00
0.90 2.97 7.50 1.00 0.00
0.90 2.97 7.67 1.00 0.00
0.90 2.97 7.85 1.00 0.00
0.90 2.97 8.02 1.00 0.00
0.90 2.97 8.19 1.00 0.00
0.90 2.97 8.37 1.00 0.00
0.90 2.97 8.54 1.00 0.00
0.90 2.97 8.72 1.00 0.00
1.10 2.97 5.71 1.00 0.00
1.10 2.97 5.88 1.00 0.00
1.10 2.97 6.05 1.00 0.00
1.10 2.97 6.23 1.00 0.00
1.10 2.97 6.40 1.00 0.00
1.10 2.97 6.58 1.00 0.00
1.10 2.97 6.75 1.00 0.00
1.10 2.97 6.93 1.00 0.00
1.10 2.97 7.10 1.00 0.00
1.10 2.97 7.28 1.00 0.00
1.10 2.97 7.45 1.00 0.00
1.10 2.97 7.63 1.00 0.00
1.10 2.97 7.80 1.00 0.00
1.10 2.97 7.97 1.00 0.00
1.10 2.97 8.15 1.00 0.00
1.10 2.97 8.32 1.00 0.00
1.10 2.97 8.50 1.00 0.00
1.10 2.97 8.67 1.00 0.00
0.30 3.14 5.91 1.00 0.00
0.30 3.14 6.08 1.00 0.00
0.30 3.14 6.25 1.00 0.00
0.30 3.14 6.43 1.00 0.00
0.30 3.14 6.60 1.00 0.00
0.30 3.14 6.78 1.00 0.00
0.30 3.14 6.95 1.00 0.00
0.30 3.14 7.13 1.00 0.00
0.30 3.14 7.30 1.00 0.00
0.30 3.14 7.48 1.00 0.00
0.30 3.14 7.65 1.00 0.00
0.30 3.14 7.83 1.00 0.00
0.30 3.14 8.00 1.00 0.00
0.30 3.14 8.17 1.00 0.00
0.30 3.14 8.35 1.00 0.00
0.30 3.14 8.52 1.00 0.00
0.30 3.14 8.70 1.00 0.00
0.30 3.14 8.87 1.00 0.00
0.50 3.14 5.84 1.00 0.00
0.50 3.14 6.01 1.00 0.00
0.50 3.14 6.19 1.00 0.00
0.50 3.14 6.36 1.00 0.00
0.50 3.14 6.54 1.00 0.00
0.50 3.14 6.71 1.00 0.00
0.50 3.14 6.89 1.00 0.00
0.50 3.14 7.06 1.00 0.00
0.50 3.14 7.24 1.00 0.00
0.50 3.14 7.41 1.00 0.00
0.50 3.14 7.59 1.00 0.00
0.50 3.14 7.76 1.00 0.00
0.50 3.14 7.93 1.00 0.00
0.50 3.14 8.11 1.00 0.00
0.50 3.14 8.28 1.00 0.00
0.50 3.14 8.46 1.00 0.00
0.50 3.14 8.63 1.00 0.00
0.50 3.14 8.81 1.00 0.00
0.70 3.14 5.78 1.00 0.00
0.70 3.14 5.95 1.00 0.00
0.70 3.14 6.13 1.00 0.00
0.70 3.14 6.30 1.00 0.00
0.70 3.14 6.48 1.00 0.00
0.70 3.14 6.65 1.00 0.00
0.70 3.14 6.83 1.00 0.00
0.70 3.14 7.00 1.00 0.00
0.70 3.14 7.18 1.00 0.00
0.70 3.14 7.35 1.00 0.00
0.70 3.14 7.52 1.00 0.00
0.70 3.14 7.70 1.00 0.00
0.70 3.14 7.87 1.00 0.00
0.70 3.14 8.05 1.00 0.00
0.70 3.14 8.22 1.00 0.00
0.70 3.14 8.40 1.00 0.00
0.70 3.14 8.57 1.00 0.00
0.70 3.14 8.75 1.00 0.00
0.90 3.14 5.72 1.00 0.00
0.90 3.14 5.90 1.00 0.00
0.90 3.14 6.07 1.00 0.00
0.90 3.14 6.24 1.00 0.00
0.90 3.14 6.42 1.00 0.00
0.90 3.14 6.59 1.00 0.00
0.90 3.14 6.77 1.00 0.00
0.90 3.14 6.94 1.00 0.00
0.90 3.14 7.12 1.00 0.00
0.90 3.14 7.29 1.00 0.00
0.90 3.14 7.47 1.00 0.00
0.90 3.14 7.64 1.00 0.00
0.90 3.14 7.82 1.00 0.00
0.90 3.14 7.99 1.00 0.00
0.90 3.14 8.16 1.00 0.00
0.90 3.14 8.34 1.00 0.00
0.90 3.14 8.51 1.00 0.00
0.90 3.14 8.69 1.00 0.00
1.10 3.14 5.67 1.00 0.00
1.10 3.14 5.84 1.00 0.00
1.10 3.14 6.02 1.00 0.00
1.10 3.14 6.19 1.00 0.00
1.10 3.14 6.37 1.00 0.00
1.10 3.14 6.54 1.00 0.00
1.10 3.14 6.72 1.00 0.00
1.10 3.14 6.89 1.00 0.00
1.10 3.14 7.06 1.00 0.00
1.10 3.14 7.24 1.00 0.00
1.10 3.14 7.41 1.00 0.00
1.10 3.14 7.59 1.00 0.00
1.10 3.14 7.76 1.00 0.00
1.10 3.14 7.94 1.00 0.00
1.10 3.14 8.11 1.00 0.00
1.10 3.14 8.29 1.00 0.00
1.10 3.14 8.46 1.00 0.00
1.10 3.14 8.63 1.00 0.00
0.30 3.32 5.90 1.00 0.00
0.30 3.32 6.07 1.00 0.00
0.30 3.32 6.25 1.00 0.00
0.30 3.32 6.42 1.00 0.00
0.30 3.32 6.60 1.00 0.00
0.30 3.32 6.77 1.00 0.00
0.30 3.32 6.95 1.00 0.00
0.30 3.32 7.12 1.00 0.00
0.30 3.32 7.30 1.00 0.00
0.30 3.32 7.47 1.00 0.00
0.30 3.32 7.65 1.00 0.00
0.30 3.32 7.82 1.00 0.00
0.30 3.32 7.99 1.00 0.00
0.30 3.32 8.17 1.00 0.00
0.30 3.32 8.34 1.00 0.00
0.30 3.32 8.52 1.00 0.00
0.30 3.32 8.69 1.00 0.00
0.30 3.32 8.87 1.00 0.00
0.50 3.32 5.83 1.00 0.00
0.50 3.32 6.00 1.00 0.00
0.50 3.32 6.18 1.00 0.00
0.50 3.32 6.35 1.00 0.00
0.50 3.32 6.53 1.00 0.00
0.50 3.32 6.70 1.00 0.00
0.50 3.32 6.88 1.00 0.00
0.50 3.32 7.05 1.00 0.00
0.50 3.32 7.23 1.00 0.00
0.50 3.32 7.40 1.00 0.00
0.50 3.32 7.57 1.00 0.00
0.50 3.32 7.75 1.00 0.00
0.50 3.32 7.92 1.00 0.00
0.50 3.32 8.10 1.00 0.00
0.50 3.32 8.27 1.00 0.00
0.50 3.32 8.45 1.00 0.00
0.50 3.32 8.62 1.00 0.00
0.50 3.32 8.80 1.00 0.00
0.70 3.32 5.76 1.00 0.00
0.70 3.32 5.94 1.00 0.00
0.70 3.32 6.11 1.00 0.00
0.70 3.32 6.28 1.00 0.00
0.70 3.32 6.46 1.00 0.00
0.70 3.32 6.63 1.00 0.00
0.70 3.32 6.81 1.00 0.00
0.70 3.32 6.98 1.00 0.00
0.70 3.32 7.16 1.00 0.00
0.70 3.32 7.33 1.00 0.00
0.70 3.32 7.51 1.00 0.00
0.70 3.32 7.68 1.00 0.00
0.70 3.32 7.86 1.00 0.00
0.70 3.32 8.03 1.00 0.00
0.70 3.32 8.20 1.00 0.00
0.70 3.32 8.38 1.00 0.00
0.70 3.32 8.55 1.00 0.00
0.70 3.32 8.73 1.00 0.00
0.90 3.32 5.70 1.00 0.00
0.90 3.32 5.87 1.00 0.00
0.90 3.32 6.05 1.00 0.00
0.90 3.32 6.22 1.00 0.00
0.90 3.32 6.39 1.00 0.00
0.90 3.32 6.57 1.00 0.00
0.90 3.32 6.74 1.00 0.00
0.90 3.32 6.92 1.00 0.00
0.90 3.32 7.09 1.00 0.00
0.90 3.32 7.27 1.00 0.00
0.90 3.32 7.44 1.00 0.00
0.90 3.32 7.62 1.00 0.00
0.90 3.32 7.79 1.00 0.00
0.90 3.32 7.97 1.00 0.00
0.90 3.32 8.14 1.00 0.00
0.90 3.32 8.31 1.00 0.00
0.90 3.32 8.49 1.00 0.00
0.90 3.32 8.66 1.00 0.00
1.10 3.32 5.64 1.00 0.00
1.10 3.32 5.81 1.00 0.00
1.10 3.32 5.98 1.00 0.00
1.10 3.32 6.16 1.00 0.00
1.10 3.32 6.33 1.00 0.00
1.10 3.32 6.51 1.00 0.00
1.10 3.32 6.68 1.00 0.00
1.10 3.32 6.86 1.00 0.00
1.10 3.32 7.03 1.00 0.00
1.10 3.32 7.21 1.00 0.00
1.10 3.32 7.38 1.00 0.00
1.10 3.32 7.56 1.00 0.00
1.10 3.32 7.73 1.00 0.00
1.10 3.32 7.90 1.00 0.00
1.10 3.32 8.08 1.00 0.00
1.10 3.32 8.25 1.00 0.00
1.10 3.32 8.43 1.00 0.00
1.10 3.32 8.60 1.00 0.00
0.30 3.49 5.90 1.00 0.00
0.30 3.49 6.07 1.00 0.00
0.30 3.49 6.25 1.00 0.00
0.30 3.49 6.42 1.00 0.00
0.30 3.49 6.60 1.00 0.00
0.30 3.49 6.77 1.00 0.00
0.30 3.49 6.94 1.00 0.00
0.30 3.49 7.12 1.00 0.00
0.30 3.49 7.29 1.00 0.00
0.30 3.49 7.47 1.00 0.00
0.30 3.49 7.64 1.00 0.00
0.30 3.49 7.82 1.00 0.00
0.30 3.49 7.99 1.00 0.00
0.30 3.49 8.17 1.00 0.00
0.30 3.49 8.34 1.00 0.00
0.30 3.49 8.52 1.00 0.00
0.30 3.49 8.69 1.00 0.00
0.30 3.49 8.86 1.00 0.00
0.50 3.49 5.82 1.00 0.00
0.50 3.49 6.00 1.00 0.00
0.50 3.49 6.17 1.00 0.00
0.50 3.49 6.35 1.00 0.00
0.50 3.49 6.52 1.00 0.00
0.50 3.49 6.70 1.00 0.00
0.50 3.49 6.87 1.00 0.00
0.50 3.49 7.04 1.00 0.00
0.50 3.49 7.22 1.00 0.00
0.50 3.49 7.39 1.00 0.00
0.50 3.49 7.57 1.00 0.00
0.50 3.49 7.74 1.00 0.00
0.50 3.49 7.92 1.00 0.00
0.50 3.49 8.09 1.00 0.00
0.50 3.49 8.27 1.00 0.00
0.50 3.49 8.44 1.00 0.00
0.50 3.49 8.62 1.00 0.00
0.50 3.49 8.79 1.00 0.00
0.70 3.49 5.75 1.00 0.00
0.70 3.49 5.92 1.00 0.00
0.70 3.49 6.10 1.00 0.00
0.70 3.49 6.27 1.00 0.00
0.70 3.49 6.45 1.00 0.00
0.70 3.49 6.62 1.00 0.00
0.70 3.49 6.80 1.00 0.00
0.70 3.49 6.97 1.00 0.00
0.70 3.49 7.15 1.00 0.00
0.70 3.49 7.32 1.00 0.00
0.70 3.49 7.50 1.00 0.00
0.70 3.49 7.67 1.00 0.00
0.70 3.49 7.84 1.00 0.00
0.70 3.49 8.02 1.00 0.00
0.70 3.49 8.19 1.00 0.00
0.70 3.49 8.37 1.00 0.00
0.70 3.49 8.54 1.00 0.00
0.70 3.49 8.72 1.00 0.00
0.90 3.49 5.68 1.00 0.00
0.90 3.49 5.85 1.00 0.00
0.90 3.49 6.03 1.00 0.00
0.90 3.49 6.20 1.00 0.00
0.90 3.49 6.38 1.00 0.00
0.90 3.49 6.55 1.00 0.00
0.90 3.49 6.73 1.00 0.00
0.90 3.49 6.90 1.00 0.00
0.90 3.49 7.07 1.00 0.00
0.90 3.49 7.25 1.00 0.00
0.90 3.49 7.42 1.00 0.00
0.90 3.49 7.60 1.00 0.00
0.90 3.49 7.77 1.00 0.00
0.90 3.49 7.95 1.00 0.00
0.90 3.49 8.12 1.00 0.00
0.90 3.49 8.30 1.00 0.00
0.90 3.49 8.47 1.00 0.00
0.90 3.49 8.65 1.00 0.00
1.10 3.49 5.61 1.00 0.00
1.10 3.49 5.78 1.00 0.00
1.10 3.49 5.96 1.00 0.00
1.10 3.49 6.13 1.00 0.00
1.10 3.49 6.31 1.00 0.00
1.10 3.49 6.48 1.00 0.00
1.10 3.49 6.66 1.00 0.00
1.10 3.49 6.83 1.00 0.00
1.10 3.49 7.01 1.00 0.00
1.10 3.49 7.18 1.00 0.00
1.10 3.49 7.36 1.00 0.00
1.10 3.49 7.53 1.00 0.00
1.10 3.49 7.70 1.00 0.00
1.10 3.49 7.88 1.00 0.00
1.10 3.49 8.05 1.00 0.00
1.10 3.49 8.23 1.00 0.00
1.10 3.49 8.40 1.00 0.00
1.10 3.49 8.58 1.00 0.00
0.30 3.67 5.90 1.00 0.00
0.30 3.67 6.07 1.00 0.00
0.30 3.67 6.25 1.00 0.00
0.30 3.67 6.42 1.00 0.00
0.30 3.67 6.60 1.00 0.00
0.30 3.67 6.77 1.00 0.00
0.30 3.67 6.95 1.00 0.00
0.30 3.67 7.12 1.00 0.00
0.30 3.67 7.29 1.00 0.00
0.30 3.67 7.47 1.00 0.00
0.30 3.67 7.64 1.00 0.00
0.30 3.67 7.82 1.00 0.00
0.30 3.67 7.99 1.00 0.00
0.30 3.67 8.17 1.00 0.00
0.30 3.67 8.34 1.00 0.00
0.30 3.67 8.52 1.00 0.00
0.30 3.67 8.69 1.00 0.00
0.30 3.67 8.87 1.00 0.00
0.50 3.67 5.82 1.00 0.00
0.50 3.67 6.00 1.00 0.00
0.50 3.67 6.17 1.00 0.00
0.50 3.67 6.35 1.00 0.00
0.50 3.67 6.52 1.00 0.00
0.50 3.67 6.69 1.00 0.00
0.50 3.67 6.87 1.00 0.00
0.50 3.67 7.04 1.00 0.00
0.50 3.67 7.22 1.00 0.00
0.50 3.67 7.39 1.00 0.00
0.50 3.67 7.57 1.00 0.00
0.50 3.67 7.74 1.00 0.00
0.50 3.67 7.92 1.00 0.00
0.50 3.67 8.09 1.00 0.00
0.50 3.67 8.27 1.00 0.00
0.50 3.67 8.44 1.00 0.00
0.50 3.67 8.61 1.00 0.00
0.50 3.67 8.79 1.00 0.00
0.70 3.67 5.75 1.00 0.00
0.70 3.67 5.92 1.00 0.00
0.70 3.67 6.09 1.00 0.00
0.70 3.67 6.27 1.00 0.00
0.70 3.67 6.44 1.00 0.00
0.70 3.67 6.62 1.00 0.00
0.70 3.67 6.79 1.00 0.00
0.70 3.67 6.97 1.00 0.00
0.70 3.67 7.14 1.00 0.00
0.70 3.67 7.32 1.00 0.00
0.70 3.67 7.49 1.00 0.00
0.70 3.67 7.67 1.00 0.00
0.70 3.67 7.84 1.00 0.00
0.70 3.67 8.01 1.00 0.00
0.70 3.67 8.19 1.00 0.00
0.70 3.67 8.36 1.00 0.00
0.70 3.67 8.54 1.00 0.00
0.70 3.67 8.71 1.00 0.00
0.90 3.67 5.67 1.00 0.00
0.90 3.67 5.84 1.00 0.00
0.90 3.67 6.02 1.00 0.00
0.90 3.67 6.19 1.00 0.00
0.90 3.67 6.37 1.00 0.00
0.90 3.67 6.54 1.00 0.00
0.90 3.67 6.72 1.00 0.00
0.90 3.67 6.89 1.00 0.00
0.90 3.67 7.06 1.00 0.00
0.90 3.67 7.24 1.00 0.00
0.90 3.67 7.41 1.00 0.00
0.90 3.67 7.59 1.00 0.00
0.90 3.67 7.76 1.00 0.00
0.90 3.67 7.94 1.00 0.00
0.90 3.67 8.11 1.00 0.00
0.90 3.67 8.29 1.00 0.00
0.90 3.67 8.46 1.00 0.00
0.90 3.67 8.64 1.00 0.00
1.10 3.67 5.59 1.00 0.00
1.10 3.67 5.77 1.00 0.00
1.10 3.67 5.94 1.00 0.00
1.10 3.67 6.12 1.00 0.00
1.10 3.67 6.29 1.00 0.00
1.10 3.67 6.47 1.00 0.00
1.10 3.67 6.64 1.00 0.00
1.10 3.67 6.81 1.00 0.00
1.10 3.67 6.99 1.00 0.00
1.10 3.67 7.16 1.00 0.00
1.10 3.67 7.34 1.00 0.00
1.10 3.67 7.51 1.00 0.00
1.10 3.67 7.69 1.00 0.00
1.10 3.67 7.86 1.00 0.00
1.10 3.67 8.04 1.00 0.00
1.10 3.67 8.21 1.00 0.00
1.10 3.67 8.39 1.00 0.00
1.10 3.67 8.56 1.00 0.00
0.30 3.84 5.90 1.00 0.00
0.30 3.84 6.08 1.00 0.00
0.30 3.84 6.25 1.00 0.00
0.30 3.84 6.43 1.00 0.00
0.30 3.84 6.60 1.00 0.00
0.30 3.84 6.78 1.00 0.00
0.30 3.84 6.95 1.00 0.00
0.30 3.84 7.12 1.00 0.00
0.30 3.84 7.30 1.00 0.00
0.30 3.84 7.47 1.00 0.00
0.30 3.84 7.65 1.00 0.00
0.30 3.84 7.82 1.00 0.00
0.30 3.84 8.00 1.00 0.00
0.30 3.84 8.17 1.00 0.00
0.30 3.84 8.35 1.00 0.00
0.30 3.84 8.52 1.00 0.00
0.30 3.84 8.70 1.00 0.00
0.30 3.84 8.87 1.00 0.00
0.50 3.84 5.83 1.00 0.00
0.50 3.84 6.00 1.00 0.00
0.50 3.84 6.18 1.00 0.00
0.50 3.84 6.35 1.00 0.00
0.50 3.84 6.53 1.00 0.00
0.50 3.84 6.70 1.00 0.00
0.50 3.84 6.87 1.00 0.00
0.50 3.84 7.05 1.00 0.00
0.50 3.84 7.22 1.00 0.00
0.50 3.84 7.40 1.00 0.00
0.50 3.84 7.57 1.00 0.00
0.50 3.84 7.75 1.00 0.00
0.50 3.84 7.92 1.00 0.00
0.50 3.84 8.10 1.00 0.00
0.50 3.84 8.27 1.00 0.00
0.50 3.84 8.45 1.00 0.00
0.50 3.84 8.62 1.00 0.00
0.50 3.84 8.79 1.00 0.00
0.70 3.84 5.75 1.00 0.00
0.70 3.84 5.92 1.00 0.00
0.70 3.84 6.10 1.00 0.00
0.70 3.84 6.27 1.00 0.00
0.70 3.84 6.45 1.00 0.00
0.70 3.84 6.62 1.00 0.00
0.70 3.84 6.80 1.00 0.00
0.70 3.84 6.97 1.00 0.00
0.70 3.84 7.15 1.00 0.00
0.70 3.84 7.32 1.00 0.00
0.70 3.84 7.49 1.00 0.00
0.70 3.84 7.67 1.00 0.00
0.70 3.84 7.84 1.00 0.00
0.70 3.84 8.02 1.00 0.00
0.70 3.84 8.19 1.00 0.00
0.70 3.84 8.37 1.00 0.00
0.70 3.84 8.54 1.00 0.00
0.70 3.84 8.72 1.00 0.00
0.90 3.84 5.67 1.00 0.00
0.90 3.84 5.84 1.00 0.00
0.90 3.84 6.02 1.00 0.00
0.90 3.84 6.19 1.00 0.00
0.90 3.84 6.37 1.00 0.00
0.90 3.84 6.54 1.00 0.00
0.90 3.84 6.72 1.00 0.00
0.90 3.84 6.89 1.00 0.00
0.90 3.84 7.06 1.00 0.00
0.90 3.84 7.24 1.00 0.00
0.90 3.84 7.41 1.00 0.00
0.90 3.84 7.59 1.00 0.00
0.90 3.84 7.76 1.00 0.00
0.90 3.84 7.94 1.00 0.00
0.90 3.84 8.11 1.00 0.00
0.90 3.84 8.29 1.00 0.00
0.90 3.84 8.46 1.00 0.00
0.90 3.84 8.64 1.00 0.00
1.10 3.84 5.59 1.00 0.00
1.10 3.84 5.76 1.00 0.00
1.10 3.84 5.94 1.00 0.00
1.10 3.84 6.11 1.00 0.00
1.10 3.84 6.28 1.00 0.00
1.10 3.84 6.46 1.00 0.00
1.10 3.84 6.63 1.00 0.00
1.10 3.84 6.81 1.00 0.00
1.10 3.84 6.98 1.00 0.00
1.10 3.84 7.16 1.00 0.00
1.10 3.84 7.33 1.00 0.00
1.10 3.84 7.51 1.00 0.00
1.10 3.84 7.68 1.00 0.00
1.10 3.84 7.86 1.00 0.00
1.10 3.84 8.03 1.00 0.00
1.10 3.84 8.20 1.00 0.00
1.10 3.84 8.38 1.00 0.00
1.10 3.84 8.55 1.00 0.00
0.30 4.01 5.91 1.00 0.00
0.30 4.01 6.09 1.00 0.00
0.30 4.01 6.26 1.00 0.00
0.30 4.01 6.43 1.00 0.00
0.30 4.01 6.61 1.00 0.00
0.30 4.01 6.78 1.00 0.00
0.30 4.01 6.96 1.00 0.00
0.30 4.01 7.13 1.00 0.00
0.30 4.01 7.31 1.00 0.00
0.30 4.01 7.48 1.00 0.00
0.30 4.01 7.66 1.00 0.00
0.30 4.01 7.83 1.00 0.00
0.30 4.01 8.01 1.00 0.00
0.30 4.01 8.18 1.00 0.00
0.30 4.01 8.35 1.00 0.00
0.30 4.01 8.53 1.00 0.00
0.30 4.01 8.70 1.00 0.00
0.30 4.01 8.88 1.00 0.00
0.50 4.01 5.84 1.00 0.00
0.50 4.01 6.01 1.00 0.00
0.50 4.01 6.19 1.00 0.00
0.50 4.01 6.36 1.00 0.00
0.50 4.01 6.54 1.00 0.00
0.50 4.01 6.71 1.00 0.00
0.50 4.01 6.89 1.00 0.00
0.50 4.01 7.06 1.00 0.00
0.50 4.01 7.24 1.00 0.00
0.50 4.01 7.41 1.00 0.00
0.50 4.01 7.58 1.00 0.00
0.50 4.01 7.76 1.00 0.00
0.50 4.01 7.93 1.00 0.00
0.50 4.01 8.11 1.00 0.00
0.50 4.01 8.28 1.00 0.00
0.50 4.01 8.46 1.00 0.00
0.50 4.01 8.63 1.00 0.00
0.50 4.01 8.81 1.00 0.00
0.70 4.01 5.76 1.00 0.00
0.70 4.01 5.94 1.00 0.00
0.70 4.01 6.11 1.00 0.00
0.70 4.01 6.29 1.00 0.00
0.70 4.01 6.46 1.00 0.00
0.70 4.01 6.63 1.00 0.00
0.70 4.01 6.81 1.00 0.00
0.70 4.01 6.98 1.00 0.00
0.70 4.01 7.16 1.00 0.00
0.70 4.01 7.33 1.00 0.00
0.70 4.01 7.51 1.00 0.00
0.70 4.01 7.68 1.00 0.00
0.70 4.01 7.86 1.00 0.00
0.70 4.01 8.03 1.00 0.00
0.70 4.01 8.21 1.00 0.00
0.70 4.01 8.38 1.00 0.00
0.70 4.01 8.55 1.00 0.00
0.70 4.01 8.73 1.00 0.00
0.90 4.01 5.68 1.00 0.00
0.90 4.01 5.85 1.00 0.00
0.90 4.01 6.03 1.00 0.00
0.90 4.01 6.20 1.00 0.00
0.90 4.01 6.38 1.00 0.00
0.90 4.01 6.55 1.00 0.00
0.90 4.01 6.73 1.00 0.00
0.90 4.01 6.90 1.00 0.00
0.90 4.01 7.08 1.00 0.00
0.90 4.01 7.25 1.00 0.00
0.90 4.01 7.43 1.00 0.00
0.90 4.01 7.60 1.00 0.00
0.90 4.01 7.77 1.00 0.00
0.90 4.01 7.95 1.00 0.00
0.90 4.01 8.12 1.00 0.00
0.90 4.01 8.30 1.00 0.00
0.90 4.01 8.47 1.00 0.00
0.90 4.01 8.65 1.00 0.00
1.10 4.01 5.59 1.00 0.00
1.10 4.01 5.77 1.00 0.00
1.10 4.01 5.94 1.00 0.00
1.10 4.01 6.12 1.00 0.00
1.10 4.01 6.29 1.00 0.00
1.10 4.01 6.47 1.00 0.00
1.10 4.01 6.64 1.00 0.00
1.10 4.01 6.82 1.00 0.00
1.10 4.01 6.99 1.00 0.00
1.10 4.01 7.17 1.00 0.00
1.10 4.01 7.34 1.00 0.00
1.10 4.01 7.51 1.00 0.00
1.10 4.01 7.69 1.00 0.00
1.10 4.01 7.86 1.00 0.00
1.10 4.01 8.04 1.00 0.00
1.10 4.01 8.21 1.00 0.00
1.10 4.01 8.39 1.00 0.00
1.10 4.01 8.56 1.00 0.00
0.30 4.19 5.92 1.00 0.00
0.30 4.19 6.10 1.00 0.00
0.30 4.19 6.27 1.00 0.00
0.30 4.19 6.45 1.00 0.00
0.30 4.19 6.62 1.00 0.00
0.30 4.19 6.80 1.00 0.00
0.30 4.19 6.97 1.00 0.00
0.30 4.19 7.14 1.00 0.00
0.30 4.19 7.32 1.00 0.00
0.30 4.19 7.49 1.00 0.00
0.30 4.19 7.67 1.00 0.00
0.30 4.19 7.84 1.00 0.00
0.30 4.19 8.02 1.00 0.00
0.30 4.19 8.19 1.00 0.00
0.30 4.19 8.37 1.00 0.00
0.30 4.19 8.54 1.00 0.00
0.30 4.19 8.72 1.00 0.00
0.30 4.19 8.89 1.00 0.00
0.50 4.19 5.86 1.00 0.00
0.50 4.19 6.03 1.00 0.00
0.50 4.19 6.21 1.00 0.00
0.50 4.19 6.38 1.00 0.00
0.50 4.19 6.56 1.00 0.00
0.50 4.19 6.73 1.00 0.00
0.50 4.19 6.90 1.00 0.00
0.50 4.19 7.08 1.00 0.00
0.50 4.19 7.25 1.00 0.00
0.50 4.19 7.43 1.00 0.00
0.50 4.19 7.60 1.00 0.00
0.50 4.19 7.78 1.00 0.00
0.50 4.19 7.95 1.00 0.00
0.50 4.19 8.13 1.00 0.00
0.50 4.19 8.30 1.00 0.00
0.50 4.19 8.48 1.00 0.00
0.50 4.19 8.65 1.00 0.00
0.50 4.19 8.82 1.00 0.00
0.70 4.19 5.78 1.00 0.00
0.70 4.19 5.96 1.00 0.00
0.70 4.19 6.13 1.00 0.00
0.70 4.19 6.31 1.00 0.00
0.70 4.19 6.48 1.00 0.00
0.70 4.19 6.66 1.00 0.00
0.70 4.19 6.83 1.00 0.00
0.70 4.19 7.01 1.00 0.00
0.70 4.19 7.18 1.00 0.00
0.70 4.19 7.36 1.00 0.00
0.70 4.19 7.53 1.00 0.00
0.70 4.19 7.70 1.00 0.00
0.70 4.19 7.88 1.00 0.00
0.70 4.19 8.05 1.00 0.00
0.70 4.19 8.23 1.00 0.00
0.70 4.19 8.40 1.00 0.00
0.70 4.19 8.58 1.00 0.00
0.70 4.19 8.75 1.00 0.00
0.90 4.19 5.71 1.00 0.00
0.90 4.19 5.88 1.00 0.00
0.90 4.19 6.05 1.00 0.00
0.90 4.19 6.23 1.00 0.00
0.90 4.19 6.40 1.00 0.00
0.90 4.19 6.58 1.00 0.00
0.90 4.19 6.75 1.00 0.00
0.90 4.19 6.93 1.00 0.00
0.90 4.19 7.10 1.00 0.00
0.90 4.19 7.28 1.00 0.00
0.90 4.19 7.45 1.00 0.00
0.90 4.19 7.63 1.00 0.00
0.90 4.19 7.80 1.00 0.00
0.90 4.19 7.97 1.00 0.00
0.90 4.19 8.15 1.00 0.00
0.90 4.19 8.32 1.00 0.00
0.90 4.19 8.50 1.00 0.00
0.90 4.19 8.67 1.00 0.00
1.10 4.19 5.62 1.00 0.00
1.10 4.19 5.79 1.00 0.00
1.10 4.19 5.97 1.00 0.00
1.10 4.19 6.14 1.00 0.00
1.10 4.19 6.32 1.00 0.00
1.10 4.19 6.49 1.00 0.00
1.10 4.19 6.67 1.00 0.00
1.10 4.19 6.84 1.00 0.00
1.10 4.19 7.02 1.00 0.00
1.10 4.19 7.19 1.00 0.00
1.10 4.19 7.36 1.00 0.00
1.10 4.19 7.54 1.00 0.00
1.10 4.19 7.71 1.00 0.00
1.10 4.19 7.89 1.00 0.00
1.10 4.19 8.06 1.00 0.00
1.10 4.19 8.24 1.00 0.00
1.10 4.19 8.41 1.00 0.00
1.10 4.19 8.59 1.00 0.00
0.30 4.36 5.94 1.00 0.00
0.30 4.36 6.11 1.00 0.00
0.30 4.36 6.29 1.00 0.00
0.30 4.36 6.46 1.00 0.00
0.30 4.36 6.64 1.00 0.00
0.30 4.36 6.81 1.00 0.00
0.30 4.36 6.98 1.00 0.00
0.30 4.36 7.16 1.00 0.00
0.30 4.36 7.33 1.00 0.00
0.30 4.36 7.51 1.00 0.00
0.30 4.36 7.68 1.00 0.00
0.30 4.36 7.86 1.00 0.00
0.30 4.36 8.03 1.00 0.00
0.30 4.36 8.21 1.00 0.00
0.30 4.36 8.38 1.00 0.00
0.30 4.36 8.56 1.00 0.00
0.30 4.36 8.73 1.00 0.00
0.30 4.36 8.90 1.00 0.00
0.50 4.36 5.88 1.00 0.00
0.50 4.36 6.06 1.00 0.00
0.50 4.36 6.23 1.00 0.00
0.50 4.36 6.41 1.00 0.00
0.50 4.36 6.58 1.00 0.00
0.50 4.36 6.75 1.00 0.00
0.50 4.36 6.93 1.00 0.00
0.50 4.36 7.10 1.00 0.00
0.50 4.36 7.28 1.00 0.00
0.50 4.36 7.45 1.00 0.00
0.50 4.36 7.63 1.00 0.00
0.50 4.36 7.80 1.00 0.00
0.50 4.36 7.98 1.00 0.00
0.50 4.36 8.15 1.00 0.00
0.50 4.36 8.33 1.00 0.00
0.50 4.36 8.50 1.00 0.00
0.50 4.36 8.67 1.00 0.00
0.50 4.36 8.85 1.00 0.00
0.70 4.36 5.82 1.00 0.00
0.70 4.36 5.99 1.00 0.00
0.70 4.36 6.17 1.00 0.00
0.70 4.36 6.34 1.00 0.00
0.70 4.36 6.52 1.00 0.00
0.70 4.36 6.69 1.00 0.00
0.70 4.36 6.87 1.00 0.00
0.70 4.36 7.04 1.00 0.00
0.70 4.36 7.21 1.00 0.00
0.70 4.36 7.39 1.00 0.00
0.70 4.36 7.56 1.00 0.00
0.70 4.36 7.74 1.00 0.00
0.70 4.36 7.91 1.00 0.00
0.70 4.36 8.09 1.00 0.00
0.70 4.36 8.26 1.00 0.00
0.70 4.36 8.44 1.00 0.00
0.70 4.36 8.61 1.00 0.00
0.70 4.36 8.79 1.00 0.00
0.90 4.36 5.75 1.00 0.00
0.90 4.36 5.92 1.00 0.00
0.90 4.36 6.10 1.00 0.00
0.90 4.36 6.27 1.00 0.00
0.90 4.36 6.44 1.00 0.00
0.90 4.36 6.62 1.00 0.00
0.90 4.36 6.79 1.00 0.00
0.90 4.36 6.97 1.00 0.00
0.90 4.36 7.14 1.00 0.00
0.90 4.36 7.32 1.00 0.00
0.90 4.36 7.49 1.00 0.00
0.90 4.36 7.67 1.00 0.00
0.90 4.36 7.84 1.00 0.00
0.90 4.36 8.02 1.00 0.00
0.90 4.36 8.19 1.00 0.00
0.90 4.36 8.36 1.00 0.00
0.90 4.36 8.54 1.00 0.00
0.90 4.36 8.71 1.00 0.00
1.10 4.36 5.66 1.00 0.00
1.10 4.36 5.84 1.00 0.00
1.10 4.36 6.01 1.00 0.00
1.10 4.36 6.19 1.00 0.00
1.10 4.36 6.36 1.00 0.00
1.10 4.36 6.54 1.00 0.00
1.10 4.36 6.71 1.00 0.00
1.10 4.36 6.89 1.00 0.00
1.10 4.36 7.06 1.00 0.00
1.10 4.36 7.24 1.00 0.00
1.10 4.36 7.41 1.00 0.00
1.10 4.36 7.58 1.00 0.00
1.10 4.36 7.76 1.00 0.00
1.10 4.36 7.93 1.00 0.00
1.10 4.36 8.11 1.00 0.00
1.10 4.36 8.28 1.00 0.00
1.10 4.36 8.46 1.00 0.00
1.10 4.36 8.63 1.00 0.00
0.30 4.54 5.96 1.00 0.00
0.30 4.54 6.13 1.00 0.00
0.30 4.54 6.30 1.00 0.00
0.30 4.54 6.48 1.00 0.00
0.30 4.54 6.65 1.00 0.00
0.30 4.54 6.83 1.00 0.00
0.30 4.54 7.00 1.00 0.00
0.30 4.54 7.18 1.00 0.00
0.30 4.54 7.35 1.00 0.00
0.30 4.54 7.53 1.00 0.00
0.30 4.54 7.70 1.00 0.00
0.30 4.54 7.88 1.00 0.00
0.30 4.54 8.05 1.00 0.00
0.30 4.54 8.22 1.00 0.00
0.30 4.54 8.40 1.00 0.00
0.30 4.54 8.57 1.00 0.00
0.30 4.54 8.75 1.00 0.00
0.30 4.54 8.92 1.00 0.00
0.50 4.54 5.91 1.00 0.00
0.50 4.54 6.09 1.00 0.00
0.50 4.54 6.26 1.00 0.00
0.50 4.54 6.44 1.00 0.00
0.50 4.54 6.61 1.00 0.00
0.50 4.54 6.79 1.00 0.00
0.50 4.54 6.96 1.00 0.00
0.50 4.54 7.13 1.00 0.00
0.50 4.54 7.31 1.00 0.00
0.50 4.54 7.48 1.00 0.00
0.50 4.54 7.66 1.00 0.00
0.50 4.54 7.83 1.00 0.00
0.50 4.54 8.01 1.00 0.00
0.50 4.54 8.18 1.00 0.00
0.50 4.54 8.36 1.00 0.00
0.50 4.54 8.53 1.00 0.00
0.50 4.54 8.71 1.00 0.00
0.50 4.54 8.88 1.00 0.00
0.70 4.54 5.86 1.00 0.00
0.70 4.54 6.04 1.00 0.00
0.70 4.54 6.21 1.00 0.00
0.70 4.54 6.39 1.00 0.00
0.70 4.54 6.56 1.00 0.00
0.70 4.54 6.74 1.00 0.00
0.70 4.54 6.91 1.00 0.00
0.70 4.54 7.08 1.00 0.00
0.70 4.54 7.26 1.00 0.00
0.70 4.54 7.43 1.00 0.00
0.70 4.54 7.61 1.00 0.00
0.70 4.54 7.78 1.00 0.00
0.70 4.54 7.96 1.00 0.00
0.70 4.54 8.13 1.00 0.00
0.70 4.54 8.31 1.00 0.00
0.70 4.54 8.48 1.00 0.00
0.70 4.54 8.66 1.00 0.00
0.70 4.54 8.83 1.00 0.00
0.90 4.54 5.80 1.00 0.00
0.90 4.54 5.98 1.00 0.00
0.90 4.54 6.15 1.00 0.00
0.90 4.54 6.33 1.00 0.00
0.90 4.54 6.50 1.00 0.00
0.90 4.54 6.68 1.00 0.00
0.90 4.54 6.85 1.00 0.00
0.90 4.54 7.03 1.00 0.00
0.90 4.54 7.20 1.00 0.00
0.90 4.54 7.37 1.00 0.00
0.90 4.54 7.55 1.00 0.00
0.90 4.54 7.72 1.00 0.00
0.90 4.54 7.90 1.00 0.00
0.90 4.54 8.07 1.00 0.00
0.90 4.54 8.25 1.00 0.00
0.90 4.54 8.42 1.00 0.00
0.90 4.54 8.60 1.00 0.00
0.90 4.54 8.77 1.00 0.00
1.10 4.54 5.73 1.00 0.00
1.10 4.54 5.91 1.00 0.00
1.10 4.54 6.08 1.00 0.00
1.10 4.54 6.26 1.00 0.00
1.10 4.54 6.43 1.00 0.00
1.10 4.54 6.61 1.00 0.00
1.10 4.54 6.78 1.00 0.00
1.10 4.54 6.96 1.00 0.00
1.10 4.54 7.13 1.00 0.00
1.10 4.54 7.31 1.00 0.00
1.10 4.54 7.48 1.00 0.00
1.10 4.54 7.65 1.00 0.00
1.10 4.54 7.83 1.00 0.00
1.10 4.54 8.00 1.00 0.00
1.10 4.54 8.18 1.00 0.00
1.10 4.54 8.35 1.00 0.00
1.10 4.54 8.53 1.00 0.00
1.10 4.54 8.70 1.00 0.00
0.30 4.71 5.98 1.00 0.00
0.30 4.71 6.15 1.00 0.00
0.30 4.71 6.32 1.00 0.00
0.30 4.71 6.50 1.00 0.00
0.30 4.71 6.67 1.00 0.00
0.30 4.71 6.85 1.00 0.00
0.30 4.71 7.02 1.00 0.00
0.30 4.71 7.20 1.00 0.00
0.30 4.71 7.37 1.00 0.00
0.30 4.71 7.55 1.00 0.00
0.30 4.71 7.72 1.00 0.00
0.30 4.71 7.90 1.00 0.00
0.30 4.71 8.07 1.00 0.00
0.30 4.71 8.24 1.00 0.00
0.30 4.71 8.42 1.00 0.00
0.30 4.71 8.59 1.00 0.00
0.30 4.71 8.77 1.00 0.00
0.30 4.71 8.94 1.00 0.00
0.50 4.71 5.95 1.00 0.00
0.50 4.71 6.12 1.00 0.00
0.50 4.71 6.30 1.00 0.00
0.50 4.71 6.47 1.00 0.00
0.50 4.71 6.65 1.00 0.00
0.50 4.71 6.82 1.00 0.00
0.50 4.71 7.00 1.00 0.00
0.50 4.71 7.17 1.00 0.00
0.50 4.71 7.34 1.00 0.00
0.50 4.71 7.52 1.00 0.00
0.50 4.71 7.69 1.00 0.00
0.50 4.71 7.87 1.00 0.00
0.50 4.71 8.04 1.00 0.00
0.50 4.71 8.22 1.00 0.00
0.50 4.71 8.39 1.00 0.00
0.50 4.71 8.57 1.00 0.00
0.50 4.71 8.74 1.00 0.00
0.50 4.71 8.92 1.00 0.00
0.70 4.71 5.92 1.00 0.00
0.70 4.71 6.09 1.00 0.00
0.70 4.71 6.26 1.00 0.00
0.70 4.71 6.44 1.00 0.00
0.70 4.71 6.61 1.00 0.00
0.70 4.71 6.79 1.00 0.00
0.70 4.71 6.96 1.00 0.00
0.70 4.71 7.14 1.00 0.00
0.70 4.71 7.31 1.00 0.00
0.70 4.71 7.49 1.00 0.00
0.70 4.71 7.66 1.00 0.00
0.70 4.71 7.84 1.00 0.00
0.70 4.71 8.01 1.00 0.00
0.70 4.71 8.18 1.00 0.00
0.70 4.71 8.36 1.00 0.00
0.70 4.71 8.53 1.00 0.00
0.70 4.71 8.71 1.00 0.00
0.70 4.71 8.88 1.00 0.00
0.90 4.71 5.88 1.00 0.00
0.90 4.71 6.05 1.00 0.00
0.90 4.71 6.23 1.00 0.00
0.90 4.71 6.40 1.00 0.00
0.90 4.71 6.57 1.00 0.00
0.90 4.71 6.75 1.00 0.00
0.90 4.71 6.92 1.00 0.00
0.90 4.71 7.10 1.00 0.00
0.90 4.71 7.27 1.00 0.00
0.90 4.71 7.45 1.00 0.00
0.90 4.71 7.62 1.00 0.00
0.90 4.71 7.80 1.00 0.00
0.90 4.71 7.97 1.00 0.00
0.90 4.71 8.15 1.00 0.00
0.90 4.71 8.32 1.00 0.00
0.90 4.71 8.49 1.00 0.00
0.90 4.71 8.67 1.00 0.00
0.90 4.71 8.84 1.00 0.00
1.10 4.71 5.83 1.00 0.00
1.10 4.71 6.00 1.00 0.00
1.10 4.71 6.18 1.00 0.00
1.10 4.71 6.35 1.00 0.00
1.10 4.71 6.53 1.00 0.00
1.10 4.71 6.70 1.00 0.00
1.10 4.71 6.88 1.00 0.00
1.10 4.71 7.05 1.00 0.00
1.10 4.71 7.22 1.00 0.00
1.10 4.71 7.40 1.00 0.00
1.10 4.71 7.57 1.00 0.00
1.10 4.71 7.75 1.00 0.00
1.10 4.71 7.92 1.00 0.00
1.10 4.71 8.10 1.00 0.00
1.10 4.71 8.27 1.00 0.00
1.10 4.71 8.45 1.00 0.00
1.10 4.71 8.62 1.00 0.00
1.10 4.71 8.80 1.00 0.00
0.30 4.89 6.00 1.00 0.00
0.30 4.89 6.17 1.00 0.00
0.30 4.89 6.35 1.00 0.00
0.30 4.89 6.52 1.00 0.00
0.30 4.89 6.70 1.00 0.00
0.30 4.89 6.87 1.00 0.00
0.30 4.89 7.04 1.00 0.00
0.30 4.89 7.22 1.00 0.00
0.30 4.89 7.39 1.00 0.00
0.30 4.89 7.57 1.00 0.00
0.30 4.89 7.74 1.00 0.00
0.30 4.89 7.92 1.00 0.00
0.30 4.89 8.09 1.00 0.00
0.30 4.89 8.27 1.00 0.00
0.30 4.89 8.44 1.00 0.00
0.30 4.89 8.61 1.00 0.00
0.30 4.89 8.79 1.00 0.00
0.30 4.89 8.96 1.00 0.00
0.50 4.89 5.99 1.00 0.00
0.50 4.89 6.16 1.00 0.00
0.50 4.89 6.34 1.00 0.00
0.50 4.89 6.51 1.00 0.00
0.50 4.89 6.68 1.00 0.00
0.50 4.89 6.86 1.00 0.00
0.50 4.89 7.03 1.00 0.00
0.50 4.89 7.21 1.00 0.00
0.50 4.89 7.38 1.00 0.00
0.50 4.89 7.56 1.00 0.00
0.50 4.89 7.73 1.00 0.00
0.50 4.89 7.91 1.00 0.00
0.50 4.89 8.08 1.00 0.00
0.50 4.89 8.26 1.00 0.00
0.50 4.89 8.43 1.00 0.00
0.50 4.89 8.60 1.00 0.00
0.50 4.89 8.78 1.00 0.00
0.50 4.89 8.95 1.00 0.00
0.70 4.89 5.97 1.00 0.00
0.70 4.89 6.15 1.00 0.00
0.70 4.89 6.32 1.00 0.00
0.70 4.89 6.50 1.00 0.00
0.70 4.89 6.67 1.00 0.00
0.70 4.89 6.85 1.00 0.00
0.70 4.89 7.02 1.00 0.00
0.70 4.89 7.20 1.00 0.00
0.70 4.89 7.37 1.00 0.00
0.70 4.89 7.55 1.00 0.00
0.70 4.89 7.72 1.00 0.00
0.70 4.89 7.89 1.00 0.00
0.70 4.89 8.07 1.00 0.00
0.70 4.89 8.24 1.00 0.00
0.70 4.89 8.42 1.00 0.00
0.70 4.89 8.59 1.00 0.00
0.70 4.89 8.77 1.00 0.00
0.70 4.89 8.94 1.00 0.00
0.90 4.89 5.96 1.00 0.00
0.90 4.89 6.13 1.00 0.00
0.90 4.89 6.31 1.00 0.00
0.90 4.89 6.48 1.00 0.00
0.90 4.89 6.66 1.00 0.00
0.90 4.89 6.83 1.00 0.00
0.90 4.89 7.01 1.00 0.00
0.90 4.89 7.18 1.00 0.00
0.90 4.89 7.36 1.00 0.00
0.90 4.89 7.53 1.00 0.00
0.90 4.89 7.70 1.00 0.00
0.90 4.89 7.88 1.00 0.00
0.90 4.89 8.05 1.00 0.00
0.90 4.89 8.23 1.00 0.00
0.90 4.89 8.40 1.00 0.00
0.90 4.89 8.58 1.00 0.00
0.90 4.89 8.75 1.00 0.00
0.90 4.89 8.93 1.00 0.00
1.10 4.89 5.94 1.00 0.00
1.10 4.89 6.12 1.00 0.00
1.10 4.89 6.29 1.00 0.00
1.10 4.89 6.46 1.00 0.00
1.10 4.89 6.64 1.00 0.00
1.10 4.89 6.81 1.00 0.00
1.10 4.89 6.99 1.00 0.00
1.10 4.89 7.16 1.00 0.00
1.10 4.89 7.34 1.00 0.00
1.10 4.89 7.51 1.00 0.00
1.10 4.89 7.69 1.00 0.00
1.10 4.89 7.86 1.00 0.00
1.10 4.89 8.04 1.00 0.00
1.10 4.89 8.21 1.00 0.00
1.10 4.89 8.38 1.00 0.00
1.10 4.89 8.56 1.00 0.00
1.10 4.89 8.73 1.00 0.00
1.10 4.89 8.91 1.00 0.00
0.30 5.06 6.02 1.00 0.00
0.30 5.06 6.19 1.00 0.00
0.30 5.06 6.37 1.00 0.00
0.30 5.06 6.54 1.00 0.00
0.30 5.06 6.72 1.00 0.00
0.30 5.06 6.89 1.00 0.00
0.30 5.06 7.07 1.00 0.00
0.30 5.06 7.24 1.00 0.00
0.30 5.06 7.42 1.00 0.00
0.30 5.06 7.59 1.00 0.00
0.30 5.06 7.76 1.00 0.00
0.30 5.06 7.94 1.00 0.00
0.30 5.06 8.11 1.00 0.00
0.30 5.06 8.29 1.00 0.00
0.30 5.06 8.46 1.00 0.00
0.30 5.06 8.64 1.00 0.00
0.30 5.06 8.81 1.00 0.00
0.30 5.06 8.99 1.00 0.00
0.50 5.06 6.03 1.00 0.00
0.50 5.06 6.20 1.00 0.00
0.50 5.06 6.38 1.00 0.00
0.50 5.06 6.55 1.00 0.00
0.50 5.06 6.72 1.00 0.00
0.50 5.06 6.90 1.00 0.00
0.50 5.06 7.07 1.00 0.00
0.50 5.06 7.25 1.00 0.00
0.50 5.06 7.42 1.00 0.00
0.50 5.06 7.60 1.00 0.00
0.50 5.06 7.77 1.00 0.00
0.50 5.06 7.95 1.00 0.00
0.50 5.06 8.12 1.00 0.00
0.50 5.06 8.30 1.00 0.00
0.50 5.06 8.47 1.00 0.00
0.50 5.06 8.64 1.00 0.00
0.50 5.06 8.82 1.00 0.00
0.50 5.06 8.99 1.00 0.00
0.70 5.06 6.04 1.00 0.00
0.70 5.06 6.21 1.00 0.00
0.70 5.06 6.38 1.00 0.00
0.70 5.06 6.56 1.00 0.00
0.70 5.06 6.73 1.00 0.00
0.70 5.06 6.91 1.00 0.00
0.70 5.06 7.08 1.00 0.00
0.70 5.06 7.26 1.00 0.00
0.70 5.06 7.43 1.00 0.00
0.70 5.06 7.61 1.00 0.00
0.70 5.06 7.78 1.00 0.00
0.70 5.06 7.96 1.00 0.00
0.70 5.06 8.13 1.00 0.00
0.70 5.06 8.30 1.00 0.00
0.70 5.06 8.48 1.00 0.00
0.70 5.06 8.65 1.00 0.00
0.70 5.06 8.83 1.00 0.00
0.70 5.06 9.00 1.00 0.00
0.90 5.06 6.05 1.00 0.00
0.90 5.06 6.22 1.00 0.00
0.90 5.06 6.40 1.00 0.00
0.90 5.06 6.57 1.00 0.00
0.90 5.06 6.75 1.00 0.00
0.90 5.06 6.92 1.00 0.00
0.90 5.06 7.09 1.00 0.00
0.90 5.06 7.27 1.00 0.00
0.90 5.06 7.44 1.00 0.00
0.90 5.06 7.62 1.00 0.00
0.90 5.06 7.79 1.00 0.00
0.90 5.06 7.97 1.00 0.00
0.90 5.06 8.14 1.00 0.00
0.90 5.06 8.32 1.00 0.00
0.90 5.06 8.49 1.00 0.00
0.90 5.06 8.67 1.00 0.00
0.90 5.06 8.84 1.00 0.00
0.90 5.06 9.01 1.00 0.00
1.10 5.06 6.06 1.00 0.00
1.10 5.06 6.24 1.00 0.00
1.10 5.06 6.41 1.00 0.00
1.10 5.06 6.59 1.00 0.00
1.10 5.06 6.76 1.00 0.00
1.10 5.06 6.93 1.00 0.00
1.10 5.06 7.11 1.00 0.00
1.10 5.06 7.28 1.00 0.00
1.10 5.06 7.46 1.00 0.00
1.10 5.06 7.63 1.00 0.00
1.10 5.06 7.81 1.00 0.00
1.10 5.06 7.98 1.00 0.00
1.10 5.06 8.16 1.00 0.00
1.10 5.06 8.33 1.00 0.00
1.10 5.06 8.50 1.00 0.00
1.10 5.06 8.68 1.00 0.00
1.10 5.06 8.85 1.00 0.00
1.10 5.06 9.03 1.00 0.00
0.30 5.24 6.04 1.00 0.00
0.30 5.24 6.21 1.00 0.00
0.30 5.24 6.39 1.00 0.00
0.30 5.24 6.56 1.00 0.00
0.30 5.24 6.74 1.00 0.00
0.30 5.24 6.91 1.00 0.00
0.30 5.24 7.09 1.00 0.00
0.30 5.24 7.26 1.00 0.00
0.30 5.24 7.44 1.00 0.00
0.30 5.24 7.61 1.00 0.00
0.30 5.24 7.79 1.00 0.00
0.30 5.24 7.96 1.00 0.00
0.30 5.24 8.13 1.00 0.00
0.30 5.24 8.31 1.00 0.00
0.30 5.24 8.48 1.00 0.00
0.30 5.24 8.66 1.00 0.00
0.30 5.24 8.83 1.00 0.00
0.30 5.24 9.01 1.00 0.00
0.50 5.24 6.07 1.00 0.00
0.50 5.24 6.24 1.00 0.00
0.50 5.24 6.41 1.00 0.00
0.50 5.24 6.59 1.00 0.00
0.50 5.24 6.76 1.00 0.00
0.50 5.24 6.94 1.00 0.00
0.50 5.24 7.11 1.00 0.00
0.50 5.24 7.29 1.00 0.00
0.50 5.24 7.46 1.00 0.00
0.50 5.24 7.64 1.00 0.00
0.50 5.24 7.81 1.00 0.00
0.50 5.24 7.99 1.00 0.00
0.50 5.24 8.16 1.00 0.00
0.50 5.24 8.33 1.00 0.00
0.50 5.24 8.51 1.00 0.00
0.50 5.24 8.68 1.00 0.00
0.50 5.24 8.86 1.00 0.00
0.50 5.24 9.03 1.00 0.00
0.70 5.24 6.10 1.00 0.00
0.70 5.24 6.27 1.00 0.00
0.70 5.24 6.44 1.00 0.00
0.70 5.24 6.62 1.00 0.00
0.70 5.24 6.79 1.00 0.00
0.70 5.24 6.97 1.00 0.00
0.70 5.24 7.14 1.00 0.00
0.70 5.24 7.32 1.00 0.00
0.70 5.24 7.49 1.00 0.00
0.70 5.24 7.67 1.00 0.00
0.70 5.24 7.84 1.00 0.00
0.70 5.24 8.02 1.00 0.00
0.70 5.24 8.19 1.00 0.00
0.70 5.24 8.36 1.00 0.00
0.70 5.24 8.54 1.00 0.00
0.70 5.24 8.71 1.00 0.00
0.70 5.24 8.89 1.00 0.00
0.70 5.24 9.06 1.00 0.00
0.90 5.24 -0.15 1.00 0.00
0.90 5.24 0.02 1.00 0.00
0.90 5.24 0.20 1.00 0.00
0.90 5.24 0.37 1.00 0.00
0.90 5.24 0.55 1.00 0.00
0.90 5.24 0.72 1.00 0.00
0.90 5.24 0.90 1.00 0.00
0.90 5.24 1.07 1.00 0.00
0.90 5.24 1.24 1.00 0.00
0.90 5.24 1.42 1.00 0.00
0.90 5.24 1.59 1.00 0.00
0.90 5.24 1.77 1.00 0.00
0.90 5.24 1.94 1.00 0.00
0.90 5.24 2.12 1.00 0.00
0.90 5.24 2.29 1.00 0.00
0.90 5.24 2.47 1.00 0.00
0.90 5.24 2.64 1.00 0.00
0.90 5.24 2.82 1.00 0.00
1.10 5.24 -0.11 1.00 0.00
1.10 5.24 0.07 1.00 0.00
1.10 5.24 0.24 1.00 0.00
1.10 5.24 0.42 1.00 0.00
1.10 5.24 0.59 1.00 0.00
1.10 5.24 0.77 1.00 0.00
1.10 5.24 0.94 1.00 0.00
1.10 5.24 1.11 1.00 0.00
1.10 5.24 1.29 1.00 0.00
1.10 5.24 1.46 1.00 0.00
1.10 5.24 1.64 1.00 0.00
1.10 5.24 1.81 1.00 0.00
1.10 5.24 1.99 1.00 0.00
1.10 5.24 2.16 1.00 0.00
1.10 5.24 2.34 1.00 0.00
1.10 5.24 2.51 1.00 0.00
1.10 5.24 2.69 1.00 0.00
1.10 5.24 2.86 1.00 0.00
0.30 5.41 6.06 1.00 0.00
0.30 5.41 6.24 1.00 0.00
0.30 5.41 6.41 1.00 0.00
0.30 5.41 6.58 1.00 0.00
0.30 5.41 6.76 1.00 0.00
0.30 5.41 6.93 1.00 0.00
0.30 5.41 7.11 1.00 0.00
0.30 5.41 7.28 1.00 0.00
0.30 5.41 7.46 1.00 0.00
0.30 5.41 7.63 1.00 0.00
0.30 5.41 7.81 1.00 0.00
0.30 5.41 7.98 1.00 0.00
0.30 5.41 8.16 1.00 0.00
0.30 5.41 8.33 1.00 0.00
0.30 5.41 8.50 1.00 0.00
0.30 5.41 8.68 1.00 0.00
0.30 5.41 8.85 1.00 0.00
0.30 5.41 9.03 1.00 0.00
0.50 5.41 6.10 1.00 0.00
0.50 5.41 6.28 1.00 0.00
0.50 5.41 6.45 1.00 0.00
0.50 5.41 6.63 1.00 0.00
0.50 5.41 6.80 1.00 0.00
0.50 5.41 6.97 1.00 0.00
0.50 5.41 7.15 1.00 0.00
0.50 5.41 7.32 1.00 0.00
0.50 5.41 7.50 1.00 0.00
0.50 5.41 7.67 1.00 0.00
0.50 5.41 7.85 1.00 0.00
0.50 5.41 8.02 1.00 0.00
0.50 5.41 8.20 1.00 0.00
0.50 5.41 8.37 1.00 0.00
0.50 5.41 8.55 1.00 0.00
0.50 5.41 8.72 1.00 0.00
0.50 5.41 8.89 1.00 0.00
0.50 5.41 9.07 1.00 0.00
0.70 5.41 -0.13 1.00 0.00
0.70 5.41 0.04 1.00 0.00
0.70 5.41 0.22 1.00 0.00
0.70 5.41 0.39 1.00 0.00
0.70 5.41 0.56 1.00 0.00
0.70 5.41 0.74 1.00 0.00
0.70 5.41 0.91 1.00 0.00
0.70 5.41 1.09 1.00 0.00
0.70 5.41 1.26 1.00 0.00
0.70 5.41 1.44 1.00 0.00
0.70 5.41 1.61 1.00 0.00
0.70 5.41 1.79 1.00 0.00
0.70 5.41 1.96 1.00 0.00
0.70 5.41 2.14 1.00 0.00
0.70 5.41 2.31 1.00 0.00
0.70 5.41 2.48 1.00 0.00
0.70 5.41 2.66 1.00 0.00
0.70 5.41 2.83 1.00 0.00
0.90 5.41 -0.08 1.00 0.00
0.90 5.41 0.10 1.00 0.00
0.90 5.41 0.27 1.00 0.00
0.90 5.41 0.45 1.00 0.00
0.90 5.41 0.62 1.00 0.00
0.90 5.41 0.80 1.00 0.00
0.90 5.41 0.97 1.00 0.00
0.90 5.41 1.14 1.00 0.00
0.90 5.41 1.32 1.00 0.00
0.90 5.41 1.49 1.00 0.00
0.90 5.41 1.67 1.00 0.00
0.90 5.41 1.84 1.00 0.00
0.90 5.41 2.02 1.00 0.00
0.90 5.41 2.19 1.00 0.00
0.90 5.41 2.37 1.00 0.00
0.90 5.41 2.54 1.00 0.00
0.90 5.41 2.72 1.00 0.00
0.90 5.41 2.89 1.00 0.00
1.10 5.41 -0.01 1.00 0.00
1.10 5.41 0.16 1.00 0.00
1.10 5.41 0.34 1.00 0.00
1.10 5.41 0.51 1.00 0.00
1.10 5.41 0.69 1.00 0.00
1.10 5.41 0.86 1.00 0.00
1.10 5.41 1.04 1.00 0.00
1.10 5.41 1.21 1.00 0.00
1.10 5.41 1.39 1.00 0.00
1.10 5.41 1.56 1.00 0.00
1.10 5.41 1.73 1.00 0.00
1.10 5.41 1.91 1.00 0.00
1.10 5.41 2.08 1.00 0.00
1.10 5.41 2.26 1.00 0.00
1.10 5.41 2.43 1.00 0.00
1.10 5.41 2.61 1.00 0.00
1.10 5.41 2.78 1.00 0.00
1.10 5.41 2.96 1.00 0.00
0.30 5.59 6.08 1.00 0.00
0.30 5.59 6.25 1.00 0.00
0.30 5.59 6.43 1.00 0.00
0.30 5.59 6.60 1.00 0.00
0.30 5.59 6.78 1.00 0.00
0.30 5.59 6.95 1.00 0.00
0.30 5.59 7.13 1.00 0.00
0.30 5.59 7.30 1.00 0.00
0.30 5.59 7.48 1.00 0.00
0.30 5.59 7.65 1.00 0.00
0.30 5.59 7.82 1.00 0.00
0.30 5.59 8.00 1.00 0.00
0.30 5.59 8.17 1.00 0.00
0.30 5.59 8.35 1.00 0.00
0.30 5.59 8.52 1.00 0.00
0.30 5.59 8.70 1.00 0.00
0.30 5.59 8.87 1.00 0.00
0.30 5.59 9.05 1.00 0.00
0.50 5.59 -0.15 1.00 0.00
0.50 5.59 0.02 1.00 0.00
0.50 5.59 0.20 1.00 0.00
0.50 5.59 0.37 1.00 0.00
0.50 5.59 0.55 1.00 0.00
0.50 5.59 0.72 1.00 0.00
0.50 5.59 0.90 1.00 0.00
0.50 5.59 1.07 1.00 0.00
0.50 5.59 1.25 1.00 0.00
0.50 5.59 1.42 1.00 0.00
0.50 5.59 1.60 1.00 0.00
0.50 5.59 1.77 1.00 0.00
0.50 5.59 1.94 1.00 0.00
0.50 5.59 2.12 1.00 0.00
0.50 5.59 2.29 1.00 0.00
0.50 5.59 2.47 1.00 0.00
0.50 5.59 2.64 1.00 0.00
0.50 5.59 2.82 1.00 0.00
0.70 5.59 -0.09 1.00 0.00
0.70 5.59 0.09 1.00 0.00
0.70 5.59 0.26 1.00 0.00
0.70 5.59 0.44 1.00 0.00
0.70 5.59 0.61 1.00 0.00
0.70 5.59 0.78 1.00 0.00
0.70 5.59 0.96 1.00 0.00
0.70 5.59 1.13 1.00 0.00
0.70 5.59 1.31 1.00 0.00
0.70 5.59 1.48 1.00 0.00
0.70 5.59 1.66 1.00 0.00
0.70 5.59 1.83 1.00 0.00
0.70 5.59 2.01 1.00 0.00
0.70 5.59 2.18 1.00 0.00
0.70 5.59 2.36 1.00 0.00
0.70 5.59 2.53 1.00 0.00
0.70 5.59 2.70 1.00 0.00
0.70 5.59 2.88 1.00 0.00
0.90 5.59 -0.02 1.00 0.00
0.90 5.59 0.16 1.00 0.00
0.90 5.59 0.33 1.00 0.00
0.90 5.59 0.51 1.00 0.00
0.90 5.59 0.68 1.00 0.00
0.90 5.59 0.85 1.00 0.00
0.90 5.59 1.03 1.00 0.00
0.90 5.59 1.20 1.00 0.00
0.90 5.59 1.38 1.00 0.00
0.90 5.59 1.55 1.00 0.00
0.90 5.59 1.73 1.00 0.00
0.90 5.59 1.90 1.00 0.00
0.90 5.59 2.08 1.00 0.00
0.90 5.59 2.25 1.00 0.00
0.90 5.59 2.43 1.00 0.00
0.90 5.59 2.60 1.00 0.00
0.90 5.59 2.77 1.00 0.00
0.90 5.59 2.95 1.00 0.00
1.10 5.59 0.06 1.00 0.00
1.10 5.59 0.24 1.00 0.00
1.10 5.59 0.41 1.00 0.00
1.10 5.59 0.59 1.00 0.00
1.10 5.59 0.76 1.00 0.00
1.10 5.59 0.94 1.00 0.00
1.10 5.59 1.11 1.00 0.00
1.10 5.59 1.28 1.00 0.00
1.10 5.59 1.46 1.00 0.00
1.10 5.59 1.63 1.00 0.00
1.10 5.59 1.81 1.00 0.00
1.10 5.59 1.98 1.00 0.00
1.10 5.59 2.16 1.00 0.00
1.10 5.59 2.33 1.00 0.00
1.10 5.59 2.51 1.00 0.00
1.10 5.59 2.68 1.00 0.00
1.10 5.59 2.86 1.00 0.00
1.10 5.59 3.03 1.00 0.00
0.30 5.76 6.09 1.00 0.00
0.30 5.76 6.27 1.00 0.00
0.30 5.76 6.44 1.00 0.00
0.30 5.76 6.62 1.00 0.00
0.30 5.76 6.79 1.00 0.00
0.30 5.76 6.97 1.00 0.00
0.30 5.76 7.14 1.00 0.00
0.30 5.76 7.32 1.00 0.00
0.30 5.76 7.49 1.00 0.00
0.30 5.76 7.66 1.00 0.00
0.30 5.76 7.84 1.00 0.00
0.30 5.76 8.01 1.00 0.00
0.30 5.76 8.19 1.00 0.00
0.30 5.76 8.36 1.00 0.00
0.30 5.76 8.54 1.00 0.00
0.30 5.76 8.71 1.00 0.00
0.30 5.76 8.89 1.00 0.00
0.30 5.76 9.06 1.00 0.00
0.50 5.76 -0.12 1.00 0.00
0.50 5.76 0.05 1.00 0.00
0.50 5.76 0.22 1.00 0.00
0.50 5.76 0.40 1.00 0.00
0.50 5.76 0.57 1.00 0.00
0.50 5.76 0.75 1.00 0.00
0.50 5.76 0.92 1.00 0.00
0.50 5.76 1.10 1.00 0.00
0.50 5.76 1.27 1.00 0.00
0.50 5.76 1.45 1.00 0.00
0.50 5.76 1.62 1.00 0.00
0.50 5.76 1.80 1.00 0.00
0.50 5.76 1.97 1.00 0.00
0.50 5.76 2.14 1.00 0.00
0.50 5.76 2.32 1.00 0.00
0.50 5.76 2.49 1.00 0.00
0.50 5.76 2.67 1.00 0.00
0.50 5.76 2.84 1.00 0.00
0.70 5.76 -0.05 1.00 0.00
0.70 5.76 0.12 1.00 0.00
0.70 5.76 0.30 1.00 0.00
0.70 5.76 0.47 1.00 0.00
0.70 5.76 0.64 1.00 0.00
0.70 5.76 0.82 1.00 0.00
0.70 5.76 0.99 1.00 0.00
0.70 5.76 1.17 1.00 0.00
0.70 5.76 1.34 1.00 0.00
0.70 5.76 1.52 1.00 0.00
0.70 5.76 1.69 1.00 0.00
0.70 5.76 1.87 1.00 0.00
0.70 5.76 2.04 1.00 0.00
0.70 5.76 2.22 1.00 0.00
0.70 5.76 2.39 1.00 0.00
0.70 5.76 2.56 1.00 0.00
0.70 5.76 2.74 1.00 0.00
0.70 5.76 2.91 1.00 0.00
0.90 5.76 0.03 1.00 0.00
0.90 5.76 0.20 1.00 0.00
0.90 5.76 0.37 1.00 0.00
0.90 5.76 0.55 1.00 0.00
0.90 5.76 0.72 1.00 0.00
0.90 5.76 0.90 1.00 0.00
0.90 5.76 1.07 1.00 0.00
0.90 5.76 1.25 1.00 0.00
0.90 5.76 1.42 1.00 0.00
0.90 5.76 1.60 1.00 0.00
0.90 5.76 1.77 1.00 0.00
0.90 5.76 1.95 1.00 0.00
0.90 5.76 2.12 1.00 0.00
0.90 5.76 2.29 1.00 0.00
0.90 5.76 2.47 1.00 0.00
0.90 5.76 2.64 1.00 0.00
0.90 5.76 2.82 1.00 0.00
0.90 5.76 2.99 1.00 0.00
1.10 5.76 0.11 1.00 0.00
1.10 5.76 0.29 1.00 0.00
1.10 5.76 0.46 1.00 0.00
1.10 5.76 0.64 1.00 0.00
1.10 5.76 0.81 1.00 0.00
1.10 5.76 0.98 1.00 0.00
1.10 5.76 1.16 1.00 0.00
1.10 5.76 1.33 1.00 0.00
1.10 5.76 1.51 1.00 0.00
1.10 5.76 1.68 1.00 0.00
1.10 5.76 1.86 1.00 0.00
1.10 5.76 2.03 1.00 0.00
1.10 5.76 2.21 1.00 0.00
1.10 5.76 2.38 1.00 0.00
1.10 5.76 2.55 1.00 0.00
1.10 5.76 2.73 1.00 0.00
1.10 5.76 2.90 1.00 0.00
1.10 5.76 3.08 1.00 0.00
0.30 5.93 6.11 1.00 0.00
0.30 5.93 6.28 1.00 0.00
0.30 5.93 6.46 1.00 0.00
0.30 5.93 6.63 1.00 0.00
0.30 5.93 6.80 1.00 0.00
0.30 5.93 6.98 1.00 0.00
0.30 5.93 7.15 1.00 0.00
0.30 5.93 7.33 1.00 0.00
0.30 5.93 7.50 1.00 0.00
0.30 5.93 7.68 1.00 0.00
0.30 5.93 7.85 1.00 0.00
0.30 5.93 8.03 1.00 0.00
0.30 5.93 8.20 1.00 0.00
0.30 5.93 8.38 1.00 0.00
0.30 5.93 8.55 1.00 0.00
0.30 5.93 8.72 1.00 0.00
0.30 5.93 8.90 1.00 0.00
0.30 5.93 9.07 1.00 0.00
0.50 5.93 -0.11 1.00 0.00
0.50 5.93 0.07 1.00 0.00
0.50 5.93 0.24 1.00 0.00
0.50 5.93 0.42 1.00 0.00
0.50 5.93 0.59 1.00 0.00
0.50 5.93 0.77 1.00 0.00
0.50 5.93 0.94 1.00 0.00
0.50 5.93 1.12 1.00 0.00
0.50 5.93 1.29 1.00 0.00
0.50 5.93 1.47 1.00 0.00
0.50 5.93 1.64 1.00 0.00
0.50 5.93 1.81 1.00 0.00
0.50 5.93 1.99 1.00 0.00
0.50 5.93 2.16 1.00 0.00
0.50 5.93 2.34 1.00 0.00
0.50 5.93 2.51 1.00 0.00
0.50 5.93 2.69 1.00 0.00
0.50 5.93 2.86 1.00 0.00
0.70 5.93 -0.03 1.00 0.00
0.70 5.93 0.15 1.00 0.00
0.70 5.93 0.32 1.00 0.00
0.70 5.93 0.49 1.00 0.00
0.70 5.93 0.67 1.00 0.00
0.70 5.93 0.84 1.00 0.00
0.70 5.93 1.02 1.00 0.00
0.70 5.93 1.19 1.00 0.00
0.70 5.93 1.37 1.00 0.00
0.70 5.93 1.54 1.00 0.00
0.70 5.93 1.72 1.00 0.00
0.70 5.93 1.89 1.00 0.00
0.70 5.93 2.07 1.00 0.00
0.70 5.93 2.24 1.00 0.00
0.70 5.93 2.41 1.00 0.00
0.70 5.93 2.59 1.00 0.00
0.70 5.93 2.76 1.00 0.00
0.70 5.93 2.94 1.00 0.00
0.90 5.93 0.05 1.00 0.00
0.90 5.93 0.23 1.00 0.00
0.90 5.93 0.40 1.00 0.00
0.90 5.93 0.58 1.00 0.00
0.90 5.93 0.75 1.00 0.00
0.90 5.93 0.93 1.00 0.00
0.90 5.93 1.10 1.00 0.00
0.90 5.93 1.27 1.00 0.00
0.90 5.93 1.45 1.00 0.00
0.90 5.93 1.62 1.00 0.00
0.90 5.93 1.80 1.00 0.00
0.90 5.93 1.97 1.00 0.00
0.90 5.93 2.15 1.00 0.00
0.90 5.93 2.32 1.00 0.00
0.90 5.93 2.50 1.00 0.00
0.90 5.93 2.67 1.00 0.00
0.90 5.93 2.85 1.00 0.00
0.90 5.93 3.02 1.00 0.00
1.10 5.93 0.14 1.00 0.00
1.10 5.93 0.31 1.00 0.00
1.10 5.93 0.49 1.00 0.00
1.10 5.93 0.66 1.00 0.00
1.10 5.93 0.84 1.00 0.00
1.10 5.93 1.01 1.00 0.00
1.10 5.93 1.19 1.00 0.00
1.10 5.93 1.36 1.00 0.00
1.10 5.93 1.54 1.00 0.00
1.10 5.93 1.71 1.00 0.00
1.10 5.93 1.88 1.00 0.00
1.10 5.93 2.06 1.00 0.00
1.10 5.93 2.23 1.00 0.00
1.10 5.93 2.41 1.00 0.00
1.10 5.93 2.58 1.00 0.00
1.10 5.93 2.76 1.00 0.00
1.10 5.93 2.93 1.00 0.00
1.10 5.93 3.11 1.00 0.00
0.30 6.11 -0.17 1.00 0.00
0.30 6.11 0.01 1.00 0.00
0.30 6.11 0.18 1.00 0.00
0.30 6.11 0.36 1.00 0.00
0.30 6.11 0.53 1.00 0.00
0.30 6.11 0.70 1.00 0.00
0.30 6.11 0.88 1.00 0.00
0.30 6.11 1.05 1.00 0.00
0.30 6.11 1.23 1.00 0.00
0.30 6.11 1.40 1.00 0.00
0.30 6.11 1.58 1.00 0.00
0.30 6.11 1.75 1.00 0.00
0.30 6.11 1.93 1.00 0.00
0.30 6.11 2.10 1.00 0.00
0.30 6.11 2.28 1.00 0.00
0.30 6.11 2.45 1.00 0.00
0.30 6.11 2.62 1.00 0.00
0.30 6.11 2.80 1.00 0.00
0.50 6.11 -0.09 1.00 0.00
0.50 6.11 0.08 1.00 0.00
0.50 6.11 0.26 1.00 0.00
0.50 6.11 0.43 1.00 0.00
0.50 6.11 0.61 1.00 0.00
0.50 6.11 0.78 1.00 0.00
0.50 6.11 0.95 1.00 0.00
0.50 6.11 1.13 1.00 0.00
0.50 6.11 1.30 1.00 0.00
0.50 6.11 1.48 1.00 0.00
0.50 6.11 1.65 1.00 0.00
0.50 6.11 1.83 1.00 0.00
0.50 6.11 2.00 1.00 0.00
0.50 6.11 2.18 1.00 0.00
0.50 6.11 2.35 1.00 0.00
0.50 6.11 2.52 1.00 0.00
0.50 6.11 2.70 1.00 0.00
0.50 6.11 2.87 1.00 0.00
0.70 6.11 -0.01 1.00 0.00
0.70 6.11 0.16 1.00 0.00
0.70 6.11 0.33 1.00 0.00
0.70 6.11 0.51 1.00 0.00
0.70 6.11 0.68 1.00 0.00
0.70 6.11 0.86 1.00 0.00
0.70 6.11 1.03 1.00 0.00
0.70 6.11 1.21 1.00 0.00
0.70 6.11 1.38 1.00 0.00
0.70 6.11 1.56 1.00 0.00
0.70 6.11 1.73 1.00 0.00
0.70 6.11 1.91 1.00 0.00
0.70 6.11 2.08 1.00 0.00
0.70 6.11 2.25 1.00 0.00
0.70 6.11 2.43 1.00 0.00
0.70 6.11 2.60 1.00 0.00
0.70 6.11 2.78 1.00 0.00
0.70 6.11 2.95 1.00 0.00
0.90 6.11 0.07 1.00 0.00
0.90 6.11 0.24 1.00 0.00
0.90 6.11 0.42 1.00 0.00
0.90 6.11 0.59 1.00 0.00
0.90 6.11 0.76 1.00 0.00
0.90 6.11 0.94 1.00 0.00
0.90 6.11 1.11 1.00 0.00
0.90 6.11 1.29 1.00 0.00
0.90 6.11 1.46 1.00 0.00
0.90 6.11 1.64 1.00 0.00
0.90 6.11 1.81 1.00 0.00
0.90 6.11 1.99 1.00 0.00
0.90 6.11 2.16 1.00 0.00
0.90 6.11 2.34 1.00 0.00
0.90 6.11 2.51 1.00 0.00
0.90 6.11 2.68 1.00 0.00
0.90 6.11 2.86 1.00 0.00
0.90 6.11 3.03 1.00 0.00
1.10 6.11 0.15 1.00 0.00
1.10 6.11 0.32 1.00 0.00
1.10 6.11 0.50 1.00 0.00
1.10 6.11 0.67 1.00 0.00
1.10 6.11 0.85 1.00 0.00
1.10 6.11 1.02 1.00 0.00
1.10 6.11 1.20 1.00 0.00
1.10 6.11 1.37 1.00 0.00
1.10 6.11 1.54 1.00 0.00
1.10 6.11 1.72 1.00 0.00
1.10 6.11 1.89 1.00 0.00
1.10 6.11 2.07 1.00 0.00
1.10 6.11 2.24 1.00 0.00
1.10 6.11 2.42 1.00 0.00
1.10 6.11 2.59 1.00 0.00
1.10 6.11 2.77 1.00 0.00
1.10 6.11 2.94 1.00 0.00
1.10 6.11 3.12 1.00 0.00
