0.30 0.00 -0.34 1.00 0.00
0.30 0.00 -0.17 1.00 0.00
0.30 0.00 0.01 1.00 0.00
0.30 0.00 0.18 1.00 0.00
0.30 0.00 0.36 1.00 0.00
0.30 0.00 0.53 1.00 0.00
0.30 0.00 0.70 1.00 0.00
0.30 0.00 0.88 1.00 0.00
0.30 0.00 1.05 1.00 0.00
0.30 0.00 1.23 1.00 0.00
0.30 0.00 1.40 1.00 0.00
0.30 0.00 1.58 1.00 0.00
0.30 0.00 1.75 1.00 0.00
0.30 0.00 1.93 1.00 0.00
0.30 0.00 2.10 1.00 0.00
0.30 0.00 2.28 1.00 0.00
0.30 0.00 2.45 1.00 0.00
0.30 0.00 2.62 1.00 0.00
0.50 0.00 -0.27 1.00 0.00
0.50 0.00 -0.09 1.00 0.00
0.50 0.00 0.08 1.00 0.00
0.50 0.00 0.26 1.00 0.00
0.50 0.00 0.43 1.00 0.00
0.50 0.00 0.61 1.00 0.00
0.50 0.00 0.78 1.00 0.00
0.50 0.00 0.95 1.00 0.00
0.50 0.00 1.13 1.00 0.00
0.50 0.00 1.30 1.00 0.00
0.50 0.00 1.48 1.00 0.00
0.50 0.00 1.65 1.00 0.00
0.50 0.00 1.83 1.00 0.00
0.50 0.00 2.00 1.00 0.00
0.50 0.00 2.18 1.00 0.00
0.50 0.00 2.35 1.00 0.00
0.50 0.00 2.52 1.00 0.00
0.50 0.00 2.70 1.00 0.00
0.70 0.00 -0.19 1.00 0.00
0.70 0.00 -0.01 1.00 0.00
0.70 0.00 0.16 1.00 0.00
0.70 0.00 0.33 1.00 0.00
0.70 0.00 0.51 1.00 0.00
0.70 0.00 0.68 1.00 0.00
0.70 0.00 0.86 1.00 0.00
0.70 0.00 1.03 1.00 0.00
0.70 0.00 1.21 1.00 0.00
0.70 0.00 1.38 1.00 0.00
0.70 0.00 1.56 1.00 0.00
0.70 0.00 1.73 1.00 0.00
0.70 0.00 1.91 1.00 0.00
0.70 0.00 2.08 1.00 0.00
0.70 0.00 2.25 1.00 0.00
0.70 0.00 2.43 1.00 0.00
0.70 0.00 2.60 1.00 0.00
0.70 0.00 2.78 1.00 0.00
0.90 0.00 -0.11 1.00 0.00
0.90 0.00 0.07 1.00 0.00
0.90 0.00 0.24 1.00 0.00
0.90 0.00 0.42 1.00 0.00
0.90 0.00 0.59 1.00 0.00
0.90 0.00 0.76 1.00 0.00
0.90 0.00 0.94 1.00 0.00
0.90 0.00 1.11 1.00 0.00
0.90 0.00 1.29 1.00 0.00
0.90 0.00 1.46 1.00 0.00
0.90 0.00 1.64 1.00 0.00
0.90 0.00 1.81 1.00 0.00
0.90 0.00 1.99 1.00 0.00
0.90 0.00 2.16 1.00 0.00
0.90 0.00 2.34 1.00 0.00
0.90 0.00 2.51 1.00 0.00
0.90 0.00 2.68 1.00 0.00
0.90 0.00 2.86 1.00 0.00
1.10 0.00 -0.03 1.00 0.00
1.10 0.00 0.15 1.00 0.00
1.10 0.00 0.32 1.00 0.00
1.10 0.00 0.50 1.00 0.00
1.10 0.00 0.67 1.00 0.00
1.10 0.00 0.85 1.00 0.00
1.10 0.00 1.02 1.00 0.00
1.10 0.00 1.20 1.00 0.00
1.10 0.00 1.37 1.00 0.00
1.10 0.00 1.54 1.00 0.00
1.10 0.00 1.72 1.00 0.00
1.10 0.00 1.89 1.00 0.00
1.10 0.00 2.07 1.00 0.00
1.10 0.00 2.24 1.00 0.00
1.10 0.00 2.42 1.00 0.00
1.10 0.00 2.59 1.00 0.00
1.10 0.00 2.77 1.00 0.00
1.10 0.00 2.94 1.00 0.00
0.30 0.17 -0.34 1.00 0.00
0.30 0.17 -0.16 1.00 0.00
0.30 0.17 0.01 1.00 0.00
0.30 0.17 0.19 1.00 0.00
0.30 0.17 0.36 1.00 0.00
0.30 0.17 0.53 1.00 0.00
0.30 0.17 0.71 1.00 0.00
0.30 0.17 0.88 1.00 0.00
0.30 0.17 1.06 1.00 0.00
0.30 0.17 1.23 1.00 0.00
0.30 0.17 1.41 1.00 0.00
0.30 0.17 1.58 1.00 0.00
0.30 0.17 1.76 1.00 0.00
0.30 0.17 1.93 1.00 0.00
0.30 0.17 2.11 1.00 0.00
0.30 0.17 2.28 1.00 0.00
0.30 0.17 2.45 1.00 0.00
0.30 0.17 2.63 1.00 0.00
0.50 0.17 -0.26 1.00 0.00
0.50 0.17 -0.09 1.00 0.00
0.50 0.17 0.09 1.00 0.00
0.50 0.17 0.26 1.00 0.00
0.50 0.17 0.44 1.00 0.00
0.50 0.17 0.61 1.00 0.00
0.50 0.17 0.79 1.00 0.00
0.50 0.17 0.96 1.00 0.00
0.50 0.17 1.13 1.00 0.00
0.50 0.17 1.31 1.00 0.00
0.50 0.17 1.48 1.00 0.00
0.50 0.17 1.66 1.00 0.00
0.50 0.17 1.83 1.00 0.00
0.50 0.17 2.01 1.00 0.00
0.50 0.17 2.18 1.00 0.00
0.50 0.17 2.36 1.00 0.00
0.50 0.17 2.53 1.00 0.00
0.50 0.17 2.71 1.00 0.00
0.70 0.17 -0.18 1.00 0.00
0.70 0.17 -0.01 1.00 0.00
0.70 0.17 0.16 1.00 0.00
0.70 0.17 0.34 1.00 0.00
0.70 0.17 0.51 1.00 0.00
0.70 0.17 0.69 1.00 0.00
0.70 0.17 0.86 1.00 0.00
0.70 0.17 1.04 1.00 0.00
0.70 0.17 1.21 1.00 0.00
0.70 0.17 1.39 1.00 0.00
0.70 0.17 1.56 1.00 0.00
0.70 0.17 1.74 1.00 0.00
0.70 0.17 1.91 1.00 0.00
0.70 0.17 2.08 1.00 0.00
0.70 0.17 2.26 1.00 0.00
0.70 0.17 2.43 1.00 0.00
0.70 0.17 2.61 1.00 0.00
0.70 0.17 2.78 1.00 0.00
0.90 0.17 -0.11 1.00 0.00
0.90 0.17 0.07 1.00 0.00
0.90 0.17 0.24 1.00 0.00
0.90 0.17 0.42 1.00 0.00
0.90 0.17 0.59 1.00 0.00
0.90 0.17 0.77 1.00 0.00
0.90 0.17 0.94 1.00 0.00
0.90 0.17 1.11 1.00 0.00
0.90 0.17 1.29 1.00 0.00
0.90 0.17 1.46 1.00 0.00
0.90 0.17 1.64 1.00 0.00
0.90 0.17 1.81 1.00 0.00
0.90 0.17 1.99 1.00 0.00
0.90 0.17 2.16 1.00 0.00
0.90 0.17 2.34 1.00 0.00
0.90 0.17 2.51 1.00 0.00
0.90 0.17 2.69 1.00 0.00
0.90 0.17 2.86 1.00 0.00
1.10 0.17 -0.03 1.00 0.00
1.10 0.17 0.14 1.00 0.00
1.10 0.17 0.32 1.00 0.00
1.10 0.17 0.49 1.00 0.00
1.10 0.17 0.67 1.00 0.00
1.10 0.17 0.84 1.00 0.00
1.10 0.17 1.02 1.00 0.00
1.10 0.17 1.19 1.00 0.00
1.10 0.17 1.37 1.00 0.00
1.10 0.17 1.54 1.00 0.00
1.10 0.17 1.72 1.00 0.00
1.10 0.17 1.89 1.00 0.00
1.10 0.17 2.06 1.00 0.00
1.10 0.17 2.24 1.00 0.00
1.10 0.17 2.41 1.00 0.00
1.10 0.17 2.59 1.00 0.00
1.10 0.17 2.76 1.00 0.00
1.10 0.17 2.94 1.00 0.00
0.30 0.35 -0.34 1.00 0.00
0.30 0.35 -0.16 1.00 0.00
0.30 0.35 0.01 1.00 0.00
0.30 0.35 0.19 1.00 0.00
0.30 0.35 0.36 1.00 0.00
0.30 0.35 0.54 1.00 0.00
0.30 0.35 0.71 1.00 0.00
0.30 0.35 0.89 1.00 0.00
0.30 0.35 1.06 1.00 0.00
0.30 0.35 1.23 1.00 0.00
0.30 0.35 1.41 1.00 0.00
0.30 0.35 1.58 1.00 0.00
0.30 0.35 1.76 1.00 0.00
0.30 0.35 1.93 1.00 0.00
0.30 0.35 2.11 1.00 0.00
0.30 0.35 2.28 1.00 0.00
0.30 0.35 2.46 1.00 0.00
0.30 0.35 2.63 1.00 0.00
0.50 0.35 -0.26 1.00 0.00
0.50 0.35 -0.09 1.00 0.00
0.50 0.35 0.09 1.00 0.00
0.50 0.35 0.26 1.00 0.00
0.50 0.35 0.44 1.00 0.00
0.50 0.35 0.61 1.00 0.00
0.50 0.35 0.79 1.00 0.00
0.50 0.35 0.96 1.00 0.00
0.50 0.35 1.13 1.00 0.00
0.50 0.35 1.31 1.00 0.00
0.50 0.35 1.48 1.00 0.00
0.50 0.35 1.66 1.00 0.00
0.50 0.35 1.83 1.00 0.00
0.50 0.35 2.01 1.00 0.00
0.50 0.35 2.18 1.00 0.00
0.50 0.35 2.36 1.00 0.00
0.50 0.35 2.53 1.00 0.00
0.50 0.35 2.71 1.00 0.00
0.70 0.35 -0.19 1.00 0.00
0.70 0.35 -0.01 1.00 0.00
0.70 0.35 0.16 1.00 0.00
0.70 0.35 0.34 1.00 0.00
0.70 0.35 0.51 1.00 0.00
0.70 0.35 0.68 1.00 0.00
0.70 0.35 0.86 1.00 0.00
0.70 0.35 1.03 1.00 0.00
0.70 0.35 1.21 1.00 0.00
0.70 0.35 1.38 1.00 0.00
0.70 0.35 1.56 1.00 0.00
0.70 0.35 1.73 1.00 0.00
0.70 0.35 1.91 1.00 0.00
0.70 0.35 2.08 1.00 0.00
0.70 0.35 2.26 1.00 0.00
0.70 0.35 2.43 1.00 0.00
0.70 0.35 2.60 1.00 0.00
0.70 0.35 2.78 1.00 0.00
0.90 0.35 -0.12 1.00 0.00
0.90 0.35 0.06 1.00 0.00
0.90 0.35 0.23 1.00 0.00
0.90 0.35 0.41 1.00 0.00
0.90 0.35 0.58 1.00 0.00
0.90 0.35 0.76 1.00 0.00
0.90 0.35 0.93 1.00 0.00
0.90 0.35 1.11 1.00 0.00
0.90 0.35 1.28 1.00 0.00
0.90 0.35 1.46 1.00 0.00
0.90 0.35 1.63 1.00 0.00
0.90 0.35 1.80 1.00 0.00
0.90 0.35 1.98 1.00 0.00
0.90 0.35 2.15 1.00 0.00
0.90 0.35 2.33 1.00 0.00
0.90 0.35 2.50 1.00 0.00
0.90 0.35 2.68 1.00 0.00
0.90 0.35 2.85 1.00 0.00
1.10 0.35 -0.05 1.00 0.00
1.10 0.35 0.13 1.00 0.00
1.10 0.35 0.30 1.00 0.00
1.10 0.35 0.48 1.00 0.00
1.10 0.35 0.65 1.00 0.00
1.10 0.35 0.83 1.00 0.00
1.10 0.35 1.00 1.00 0.00
1.10 0.35 1.18 1.00 0.00
1.10 0.35 1.35 1.00 0.00
1.10 0.35 1.52 1.00 0.00
1.10 0.35 1.70 1.00 0.00
1.10 0.35 1.87 1.00 0.00
1.10 0.35 2.05 1.00 0.00
1.10 0.35 2.22 1.00 0.00
1.10 0.35 2.40 1.00 0.00
1.10 0.35 2.57 1.00 0.00
1.10 0.35 2.75 1.00 0.00
1.10 0.35 2.92 1.00 0.00
0.30 0.52 -0.34 1.00 0.00
0.30 0.52 -0.16 1.00 0.00
0.30 0.52 0.01 1.00 0.00
0.30 0.52 0.19 1.00 0.00
0.30 0.52 0.36 1.00 0.00
0.30 0.52 0.53 1.00 0.00
0.30 0.52 0.71 1.00 0.00
0.30 0.52 0.88 1.00 0.00
0.30 0.52 1.06 1.00 0.00
0.30 0.52 1.23 1.00 0.00
0.30 0.52 1.41 1.00 0.00
0.30 0.52 1.58 1.00 0.00
0.30 0.52 1.76 1.00 0.00
0.30 0.52 1.93 1.00 0.00
0.30 0.52 2.11 1.00 0.00
0.30 0.52 2.28 1.00 0.00
0.30 0.52 2.45 1.00 0.00
0.30 0.52 2.63 1.00 0.00
0.50 0.52 -0.27 1.00 0.00
0.50 0.52 -0.09 1.00 0.00
0.50 0.52 0.08 1.00 0.00
0.50 0.52 0.26 1.00 0.00
0.50 0.52 0.43 1.00 0.00
0.50 0.52 0.61 1.00 0.00
0.50 0.52 0.78 1.00 0.00
0.50 0.52 0.95 1.00 0.00
0.50 0.52 1.13 1.00 0.00
0.50 0.52 1.30 1.00 0.00
0.50 0.52 1.48 1.00 0.00
0.50 0.52 1.65 1.00 0.00
0.50 0.52 1.83 1.00 0.00
0.50 0.52 2.00 1.00 0.00
0.50 0.52 2.18 1.00 0.00
0.50 0.52 2.35 1.00 0.00
0.50 0.52 2.53 1.00 0.00
0.50 0.52 2.70 1.00 0.00
0.70 0.52 -0.20 1.00 0.00
0.70 0.52 -0.02 1.00 0.00
0.70 0.52 0.15 1.00 0.00
0.70 0.52 0.33 1.00 0.00
0.70 0.52 0.50 1.00 0.00
0.70 0.52 0.67 1.00 0.00
0.70 0.52 0.85 1.00 0.00
0.70 0.52 1.02 1.00 0.00
0.70 0.52 1.20 1.00 0.00
0.70 0.52 1.37 1.00 0.00
0.70 0.52 1.55 1.00 0.00
0.70 0.52 1.72 1.00 0.00
0.70 0.52 1.90 1.00 0.00
0.70 0.52 2.07 1.00 0.00
0.70 0.52 2.25 1.00 0.00
0.70 0.52 2.42 1.00 0.00
0.70 0.52 2.59 1.00 0.00
0.70 0.52 2.77 1.00 0.00
0.90 0.52 -0.13 1.00 0.00
0.90 0.52 0.04 1.00 0.00
0.90 0.52 0.22 1.00 0.00
0.90 0.52 0.39 1.00 0.00
0.90 0.52 0.57 1.00 0.00
0.90 0.52 0.74 1.00 0.00
0.90 0.52 0.91 1.00 0.00
0.90 0.52 1.09 1.00 0.00
0.90 0.52 1.26 1.00 0.00
0.90 0.52 1.44 1.00 0.00
0.90 0.52 1.61 1.00 0.00
0.90 0.52 1.79 1.00 0.00
0.90 0.52 1.96 1.00 0.00
0.90 0.52 2.14 1.00 0.00
0.90 0.52 2.31 1.00 0.00
0.90 0.52 2.49 1.00 0.00
0.90 0.52 2.66 1.00 0.00
0.90 0.52 2.83 1.00 0.00
1.10 0.52 -0.07 1.00 0.00
1.10 0.52 0.10 1.00 0.00
1.10 0.52 0.28 1.00 0.00
1.10 0.52 0.45 1.00 0.00
1.10 0.52 0.63 1.00 0.00
1.10 0.52 0.80 1.00 0.00
1.10 0.52 0.98 1.00 0.00
1.10 0.52 1.15 1.00 0.00
1.10 0.52 1.33 1.00 0.00
1.10 0.52 1.50 1.00 0.00
1.10 0.52 1.67 1.00 0.00
1.10 0.52 1.85 1.00 0.00
1.10 0.52 2.02 1.00 0.00
1.10 0.52 2.20 1.00 0.00
1.10 0.52 2.37 1.00 0.00
1.10 0.52 2.55 1.00 0.00
1.10 0.52 2.72 1.00 0.00
1.10 0.52 2.90 1.00 0.00
0.30 0.70 -0.34 1.00 0.00
0.30 0.70 -0.17 1.00 0.00
0.30 0.70 0.01 1.00 0.00
0.30 0.70 0.18 1.00 0.00
0.30 0.70 0.35 1.00 0.00
0.30 0.70 0.53 1.00 0.00
0.30 0.70 0.70 1.00 0.00
0.30 0.70 0.88 1.00 0.00
0.30 0.70 1.05 1.00 0.00
0.30 0.70 1.23 1.00 0.00
0.30 0.70 1.40 1.00 0.00
0.30 0.70 1.58 1.00 0.00
0.30 0.70 1.75 1.00 0.00
0.30 0.70 1.93 1.00 0.00
0.30 0.70 2.10 1.00 0.00
0.30 0.70 2.27 1.00 0.00
0.30 0.70 2.45 1.00 0.00
0.30 0.70 2.62 1.00 0.00
0.50 0.70 -0.28 1.00 0.00
0.50 0.70 -0.10 1.00 0.00
0.50 0.70 0.07 1.00 0.00
0.50 0.70 0.25 1.00 0.00
0.50 0.70 0.42 1.00 0.00
0.50 0.70 0.60 1.00 0.00
0.50 0.70 0.77 1.00 0.00
0.50 0.70 0.94 1.00 0.00
0.50 0.70 1.12 1.00 0.00
0.50 0.70 1.29 1.00 0.00
0.50 0.70 1.47 1.00 0.00
0.50 0.70 1.64 1.00 0.00
0.50 0.70 1.82 1.00 0.00
0.50 0.70 1.99 1.00 0.00
0.50 0.70 2.17 1.00 0.00
0.50 0.70 2.34 1.00 0.00
0.50 0.70 2.52 1.00 0.00
0.50 0.70 2.69 1.00 0.00
0.70 0.70 -0.22 1.00 0.00
0.70 0.70 -0.04 1.00 0.00
0.70 0.70 0.13 1.00 0.00
0.70 0.70 0.31 1.00 0.00
0.70 0.70 0.48 1.00 0.00
0.70 0.70 0.66 1.00 0.00
0.70 0.70 0.83 1.00 0.00
0.70 0.70 1.01 1.00 0.00
0.70 0.70 1.18 1.00 0.00
0.70 0.70 1.36 1.00 0.00
0.70 0.70 1.53 1.00 0.00
0.70 0.70 1.70 1.00 0.00
0.70 0.70 1.88 1.00 0.00
0.70 0.70 2.05 1.00 0.00
0.70 0.70 2.23 1.00 0.00
0.70 0.70 2.40 1.00 0.00
0.70 0.70 2.58 1.00 0.00
0.70 0.70 2.75 1.00 0.00
0.90 0.70 -0.16 1.00 0.00
0.90 0.70 0.02 1.00 0.00
0.90 0.70 0.19 1.00 0.00
0.90 0.70 0.37 1.00 0.00
0.90 0.70 0.54 1.00 0.00
0.90 0.70 0.72 1.00 0.00
0.90 0.70 0.89 1.00 0.00
0.90 0.70 1.07 1.00 0.00
0.90 0.70 1.24 1.00 0.00
0.90 0.70 1.41 1.00 0.00
0.90 0.70 1.59 1.00 0.00
0.90 0.70 1.76 1.00 0.00
0.90 0.70 1.94 1.00 0.00
0.90 0.70 2.11 1.00 0.00
0.90 0.70 2.29 1.00 0.00
0.90 0.70 2.46 1.00 0.00
0.90 0.70 2.64 1.00 0.00
0.90 0.70 2.81 1.00 0.00
1.10 0.70 -0.10 1.00 0.00
1.10 0.70 0.07 1.00 0.00
1.10 0.70 0.25 1.00 0.00
1.10 0.70 0.42 1.00 0.00
1.10 0.70 0.60 1.00 0.00
1.10 0.70 0.77 1.00 0.00
1.10 0.70 0.95 1.00 0.00
1.10 0.70 1.12 1.00 0.00
1.10 0.70 1.29 1.00 0.00
1.10 0.70 1.47 1.00 0.00
1.10 0.70 1.64 1.00 0.00
1.10 0.70 1.82 1.00 0.00
1.10 0.70 1.99 1.00 0.00
1.10 0.70 2.17 1.00 0.00
1.10 0.70 2.34 1.00 0.00
1.10 0.70 2.52 1.00 0.00
1.10 0.70 2.69 1.00 0.00
1.10 0.70 2.87 1.00 0.00
0.30 0.87 5.93 1.00 0.00
0.30 0.87 6.11 1.00 0.00
0.30 0.87 6.28 1.00 0.00
0.30 0.87 6.46 1.00 0.00
0.30 0.87 6.63 1.00 0.00
0.30 0.87 6.80 1.00 0.00
0.30 0.87 6.98 1.00 0.00
0.30 0.87 7.15 1.00 0.00
0.30 0.87 7.33 1.00 0.00
0.30 0.87 7.50 1.00 0.00
0.30 0.87 7.68 1.00 0.00
0.30 0.87 7.85 1.00 0.00
0.30 0.87 8.03 1.00 0.00
0.30 0.87 8.20 1.00 0.00
0.30 0.87 8.38 1.00 0.00
0.30 0.87 8.55 1.00 0.00
0.30 0.87 8.72 1.00 0.00
0.30 0.87 8.90 1.00 0.00
0.50 0.87 -0.29 1.00 0.00
0.50 0.87 -0.12 1.00 0.00
0.50 0.87 0.06 1.00 0.00
0.50 0.87 0.23 1.00 0.00
0.50 0.87 0.41 1.00 0.00
0.50 0.87 0.58 1.00 0.00
0.50 0.87 0.76 1.00 0.00
0.50 0.87 0.93 1.00 0.00
0.50 0.87 1.10 1.00 0.00
0.50 0.87 1.28 1.00 0.00
0.50 0.87 1.45 1.00 0.00
0.50 0.87 1.63 1.00 0.00
0.50 0.87 1.80 1.00 0.00
0.50 0.87 1.98 1.00 0.00
0.50 0.87 2.15 1.00 0.00
0.50 0.87 2.33 1.00 0.00
0.50 0.87 2.50 1.00 0.00
0.50 0.87 2.68 1.00 0.00
0.70 0.87 -0.24 1.00 0.00
0.70 0.87 -0.06 1.00 0.00
0.70 0.87 0.11 1.00 0.00
0.70 0.87 0.29 1.00 0.00
0.70 0.87 0.46 1.00 0.00
0.70 0.87 0.64 1.00 0.00
0.70 0.87 0.81 1.00 0.00
0.70 0.87 0.98 1.00 0.00
0.70 0.87 1.16 1.00 0.00
0.70 0.87 1.33 1.00 0.00
0.70 0.87 1.51 1.00 0.00
0.70 0.87 1.68 1.00 0.00
0.70 0.87 1.86 1.00 0.00
0.70 0.87 2.03 1.00 0.00
0.70 0.87 2.21 1.00 0.00
0.70 0.87 2.38 1.00 0.00
0.70 0.87 2.56 1.00 0.00
0.70 0.87 2.73 1.00 0.00
0.90 0.87 -0.19 1.00 0.00
0.90 0.87 -0.01 1.00 0.00
0.90 0.87 0.16 1.00 0.00
0.90 0.87 0.34 1.00 0.00
0.90 0.87 0.51 1.00 0.00
0.90 0.87 0.69 1.00 0.00
0.90 0.87 0.86 1.00 0.00
0.90 0.87 1.04 1.00 0.00
0.90 0.87 1.21 1.00 0.00
0.90 0.87 1.38 1.00 0.00
0.90 0.87 1.56 1.00 0.00
0.90 0.87 1.73 1.00 0.00
0.90 0.87 1.91 1.00 0.00
0.90 0.87 2.08 1.00 0.00
0.90 0.87 2.26 1.00 0.00
0.90 0.87 2.43 1.00 0.00
0.90 0.87 2.61 1.00 0.00
0.90 0.87 2.78 1.00 0.00
1.10 0.87 -0.14 1.00 0.00
1.10 0.87 0.04 1.00 0.00
1.10 0.87 0.21 1.00 0.00
1.10 0.87 0.38 1.00 0.00
1.10 0.87 0.56 1.00 0.00
1.10 0.87 0.73 1.00 0.00
1.10 0.87 0.91 1.00 0.00
1.10 0.87 1.08 1.00 0.00
1.10 0.87 1.26 1.00 0.00
1.10 0.87 1.43 1.00 0.00
1.10 0.87 1.61 1.00 0.00
1.10 0.87 1.78 1.00 0.00
1.10 0.87 1.96 1.00 0.00
1.10 0.87 2.13 1.00 0.00
1.10 0.87 2.30 1.00 0.00
1.10 0.87 2.48 1.00 0.00
1.10 0.87 2.65 1.00 0.00
1.10 0.87 2.83 1.00 0.00
0.30 1.05 5.92 1.00 0.00
0.30 1.05 6.10 1.00 0.00
0.30 1.05 6.27 1.00 0.00
0.30 1.05 6.45 1.00 0.00
0.30 1.05 6.62 1.00 0.00
0.30 1.05 6.79 1.00 0.00
0.30 1.05 6.97 1.00 0.00
0.30 1.05 7.14 1.00 0.00
0.30 1.05 7.32 1.00 0.00
0.30 1.05 7.49 1.00 0.00
0.30 1.05 7.67 1.00 0.00
0.30 1.05 7.84 1.00 0.00
0.30 1.05 8.02 1.00 0.00
0.30 1.05 8.19 1.00 0.00
0.30 1.05 8.37 1.00 0.00
0.30 1.05 8.54 1.00 0.00
0.30 1.05 8.71 1.00 0.00
0.30 1.05 8.89 1.00 0.00
0.50 1.05 -0.31 1.00 0.00
0.50 1.05 -0.14 1.00 0.00
0.50 1.05 0.04 1.00 0.00
0.50 1.05 0.21 1.00 0.00
0.50 1.05 0.39 1.00 0.00
0.50 1.05 0.56 1.00 0.00
0.50 1.05 0.74 1.00 0.00
0.50 1.05 0.91 1.00 0.00
0.50 1.05 1.09 1.00 0.00
0.50 1.05 1.26 1.00 0.00
0.50 1.05 1.44 1.00 0.00
0.50 1.05 1.61 1.00 0.00
0.50 1.05 1.78 1.00 0.00
0.50 1.05 1.96 1.00 0.00
0.50 1.05 2.13 1.00 0.00
0.50 1.05 2.31 1.00 0.00
0.50 1.05 2.48 1.00 0.00
0.50 1.05 2.66 1.00 0.00
0.70 1.05 -0.26 1.00 0.00
0.70 1.05 -0.09 1.00 0.00
0.70 1.05 0.09 1.00 0.00
0.70 1.05 0.26 1.00 0.00
0.70 1.05 0.44 1.00 0.00
0.70 1.05 0.61 1.00 0.00
0.70 1.05 0.78 1.00 0.00
0.70 1.05 0.96 1.00 0.00
0.70 1.05 1.13 1.00 0.00
0.70 1.05 1.31 1.00 0.00
0.70 1.05 1.48 1.00 0.00
0.70 1.05 1.66 1.00 0.00
0.70 1.05 1.83 1.00 0.00
0.70 1.05 2.01 1.00 0.00
0.70 1.05 2.18 1.00 0.00
0.70 1.05 2.36 1.00 0.00
0.70 1.05 2.53 1.00 0.00
0.70 1.05 2.70 1.00 0.00
0.90 1.05 -0.22 1.00 0.00
0.90 1.05 -0.04 1.00 0.00
0.90 1.05 0.13 1.00 0.00
0.90 1.05 0.30 1.00 0.00
0.90 1.05 0.48 1.00 0.00
0.90 1.05 0.65 1.00 0.00
0.90 1.05 0.83 1.00 0.00
0.90 1.05 1.00 1.00 0.00
0.90 1.05 1.18 1.00 0.00
0.90 1.05 1.35 1.00 0.00
0.90 1.05 1.53 1.00 0.00
0.90 1.05 1.70 1.00 0.00
0.90 1.05 1.88 1.00 0.00
0.90 1.05 2.05 1.00 0.00
0.90 1.05 2.22 1.00 0.00
0.90 1.05 2.40 1.00 0.00
0.90 1.05 2.57 1.00 0.00
0.90 1.05 2.75 1.00 0.00
1.10 1.05 -0.18 1.00 0.00
1.10 1.05 -0.01 1.00 0.00
1.10 1.05 0.17 1.00 0.00
1.10 1.05 0.34 1.00 0.00
1.10 1.05 0.52 1.00 0.00
1.10 1.05 0.69 1.00 0.00
1.10 1.05 0.87 1.00 0.00
1.10 1.05 1.04 1.00 0.00
1.10 1.05 1.22 1.00 0.00
1.10 1.05 1.39 1.00 0.00
1.10 1.05 1.57 1.00 0.00
1.10 1.05 1.74 1.00 0.00
1.10 1.05 1.91 1.00 0.00
1.10 1.05 2.09 1.00 0.00
1.10 1.05 2.26 1.00 0.00
1.10 1.05 2.44 1.00 0.00
1.10 1.05 2.61 1.00 0.00
1.10 1.05 2.79 1.00 0.00
0.30 1.22 5.91 1.00 0.00
0.30 1.22 6.08 1.00 0.00
0.30 1.22 6.26 1.00 0.00
0.30 1.22 6.43 1.00 0.00
0.30 1.22 6.61 1.00 0.00
0.30 1.22 6.78 1.00 0.00
0.30 1.22 6.96 1.00 0.00
0.30 1.22 7.13 1.00 0.00
0.30 1.22 7.31 1.00 0.00
0.30 1.22 7.48 1.00 0.00
0.30 1.22 7.65 1.00 0.00
0.30 1.22 7.83 1.00 0.00
0.30 1.22 8.00 1.00 0.00
0.30 1.22 8.18 1.00 0.00
0.30 1.22 8.35 1.00 0.00
0.30 1.22 8.53 1.00 0.00
0.30 1.22 8.70 1.00 0.00
0.30 1.22 8.88 1.00 0.00
0.50 1.22 -0.33 1.00 0.00
0.50 1.22 -0.16 1.00 0.00
0.50 1.22 0.02 1.00 0.00
0.50 1.22 0.19 1.00 0.00
0.50 1.22 0.37 1.00 0.00
0.50 1.22 0.54 1.00 0.00
0.50 1.22 0.72 1.00 0.00
0.50 1.22 0.89 1.00 0.00
0.50 1.22 1.07 1.00 0.00
0.50 1.22 1.24 1.00 0.00
0.50 1.22 1.41 1.00 0.00
0.50 1.22 1.59 1.00 0.00
0.50 1.22 1.76 1.00 0.00
0.50 1.22 1.94 1.00 0.00
0.50 1.22 2.11 1.00 0.00
0.50 1.22 2.29 1.00 0.00
0.50 1.22 2.46 1.00 0.00
0.50 1.22 2.64 1.00 0.00
0.70 1.22 -0.29 1.00 0.00
0.70 1.22 -0.12 1.00 0.00
0.70 1.22 0.06 1.00 0.00
0.70 1.22 0.23 1.00 0.00
0.70 1.22 0.41 1.00 0.00
0.70 1.22 0.58 1.00 0.00
0.70 1.22 0.76 1.00 0.00
0.70 1.22 0.93 1.00 0.00
0.70 1.22 1.10 1.00 0.00
0.70 1.22 1.28 1.00 0.00
0.70 1.22 1.45 1.00 0.00
0.70 1.22 1.63 1.00 0.00
0.70 1.22 1.80 1.00 0.00
0.70 1.22 1.98 1.00 0.00
0.70 1.22 2.15 1.00 0.00
0.70 1.22 2.33 1.00 0.00
0.70 1.22 2.50 1.00 0.00
0.70 1.22 2.68 1.00 0.00
0.90 1.22 -0.26 1.00 0.00
0.90 1.22 -0.08 1.00 0.00
0.90 1.22 0.09 1.00 0.00
0.90 1.22 0.27 1.00 0.00
0.90 1.22 0.44 1.00 0.00
0.90 1.22 0.62 1.00 0.00
0.90 1.22 0.79 1.00 0.00
0.90 1.22 0.97 1.00 0.00
0.90 1.22 1.14 1.00 0.00
0.90 1.22 1.31 1.00 0.00
0.90 1.22 1.49 1.00 0.00
0.90 1.22 1.66 1.00 0.00
0.90 1.22 1.84 1.00 0.00
0.90 1.22 2.01 1.00 0.00
0.90 1.22 2.19 1.00 0.00
0.90 1.22 2.36 1.00 0.00
0.90 1.22 2.54 1.00 0.00
0.90 1.22 2.71 1.00 0.00
1.10 1.22 -0.22 1.00 0.00
1.10 1.22 -0.05 1.00 0.00
1.10 1.22 0.13 1.00 0.00
1.10 1.22 0.30 1.00 0.00
1.10 1.22 0.47 1.00 0.00
1.10 1.22 0.65 1.00 0.00
1.10 1.22 0.82 1.00 0.00
1.10 1.22 1.00 1.00 0.00
1.10 1.22 1.17 1.00 0.00
1.10 1.22 1.35 1.00 0.00
1.10 1.22 1.52 1.00 0.00
1.10 1.22 1.70 1.00 0.00
1.10 1.22 1.87 1.00 0.00
1.10 1.22 2.04 1.00 0.00
1.10 1.22 2.22 1.00 0.00
1.10 1.22 2.39 1.00 0.00
1.10 1.22 2.57 1.00 0.00
1.10 1.22 2.74 1.00 0.00
0.30 1.40 5.89 1.00 0.00
0.30 1.40 6.07 1.00 0.00
0.30 1.40 6.24 1.00 0.00
0.30 1.40 6.42 1.00 0.00
0.30 1.40 6.59 1.00 0.00
0.30 1.40 6.77 1.00 0.00
0.30 1.40 6.94 1.00 0.00
0.30 1.40 7.12 1.00 0.00
0.30 1.40 7.29 1.00 0.00
0.30 1.40 7.47 1.00 0.00
0.30 1.40 7.64 1.00 0.00
0.30 1.40 7.81 1.00 0.00
0.30 1.40 7.99 1.00 0.00
0.30 1.40 8.16 1.00 0.00
0.30 1.40 8.34 1.00 0.00
0.30 1.40 8.51 1.00 0.00
0.30 1.40 8.69 1.00 0.00
0.30 1.40 8.86 1.00 0.00
0.50 1.40 5.93 1.00 0.00
0.50 1.40 6.10 1.00 0.00
0.50 1.40 6.28 1.00 0.00
0.50 1.40 6.45 1.00 0.00
0.50 1.40 6.63 1.00 0.00
0.50 1.40 6.80 1.00 0.00
0.50 1.40 6.98 1.00 0.00
0.50 1.40 7.15 1.00 0.00
0.50 1.40 7.33 1.00 0.00
0.50 1.40 7.50 1.00 0.00
0.50 1.40 7.67 1.00 0.00
0.50 1.40 7.85 1.00 0.00
0.50 1.40 8.02 1.00 0.00
0.50 1.40 8.20 1.00 0.00
0.50 1.40 8.37 1.00 0.00
0.50 1.40 8.55 1.00 0.00
0.50 1.40 8.72 1.00 0.00
0.50 1.40 8.90 1.00 0.00
0.70 1.40 -0.32 1.00 0.00
0.70 1.40 -0.15 1.00 0.00
0.70 1.40 0.03 1.00 0.00
0.70 1.40 0.20 1.00 0.00
0.70 1.40 0.37 1.00 0.00
0.70 1.40 0.55 1.00 0.00
0.70 1.40 0.72 1.00 0.00
0.70 1.40 0.90 1.00 0.00
0.70 1.40 1.07 1.00 0.00
0.70 1.40 1.25 1.00 0.00
0.70 1.40 1.42 1.00 0.00
0.70 1.40 1.60 1.00 0.00
0.70 1.40 1.77 1.00 0.00
0.70 1.40 1.95 1.00 0.00
0.70 1.40 2.12 1.00 0.00
0.70 1.40 2.29 1.00 0.00
0.70 1.40 2.47 1.00 0.00
0.70 1.40 2.64 1.00 0.00
0.90 1.40 -0.30 1.00 0.00
0.90 1.40 -0.12 1.00 0.00
0.90 1.40 0.05 1.00 0.00
0.90 1.40 0.23 1.00 0.00
0.90 1.40 0.40 1.00 0.00
0.90 1.40 0.58 1.00 0.00
0.90 1.40 0.75 1.00 0.00
0.90 1.40 0.93 1.00 0.00
0.90 1.40 1.10 1.00 0.00
0.90 1.40 1.28 1.00 0.00
0.90 1.40 1.45 1.00 0.00
0.90 1.40 1.62 1.00 0.00
0.90 1.40 1.80 1.00 0.00
0.90 1.40 1.97 1.00 0.00
0.90 1.40 2.15 1.00 0.00
0.90 1.40 2.32 1.00 0.00
0.90 1.40 2.50 1.00 0.00
0.90 1.40 2.67 1.00 0.00
1.10 1.40 -0.27 1.00 0.00
1.10 1.40 -0.10 1.00 0.00
1.10 1.40 0.08 1.00 0.00
1.10 1.40 0.25 1.00 0.00
1.10 1.40 0.43 1.00 0.00
1.10 1.40 0.60 1.00 0.00
1.10 1.40 0.78 1.00 0.00
1.10 1.40 0.95 1.00 0.00
1.10 1.40 1.13 1.00 0.00
1.10 1.40 1.30 1.00 0.00
1.10 1.40 1.47 1.00 0.00
1.10 1.40 1.65 1.00 0.00
1.10 1.40 1.82 1.00 0.00
1.10 1.40 2.00 1.00 0.00
1.10 1.40 2.17 1.00 0.00
1.10 1.40 2.35 1.00 0.00
1.10 1.40 2.52 1.00 0.00
1.10 1.40 2.70 1.00 0.00
0.30 1.57 5.88 1.00 0.00
0.30 1.57 6.05 1.00 0.00
0.30 1.57 6.23 1.00 0.00
0.30 1.57 6.40 1.00 0.00
0.30 1.57 6.58 1.00 0.00
0.30 1.57 6.75 1.00 0.00
0.30 1.57 6.93 1.00 0.00
0.30 1.57 7.10 1.00 0.00
0.30 1.57 7.28 1.00 0.00
0.30 1.57 7.45 1.00 0.00
0.30 1.57 7.62 1.00 0.00
0.30 1.57 7.80 1.00 0.00
0.30 1.57 7.97 1.00 0.00
0.30 1.57 8.15 1.00 0.00
0.30 1.57 8.32 1.00 0.00
0.30 1.57 8.50 1.00 0.00
0.30 1.57 8.67 1.00 0.00
0.30 1.57 8.85 1.00 0.00
0.50 1.57 5.90 1.00 0.00
0.50 1.57 6.08 1.00 0.00
0.50 1.57 6.25 1.00 0.00
0.50 1.57 6.43 1.00 0.00
0.50 1.57 6.60 1.00 0.00
0.50 1.57 6.78 1.00 0.00
0.50 1.57 6.95 1.00 0.00
0.50 1.57 7.13 1.00 0.00
0.50 1.57 7.30 1.00 0.00
0.50 1.57 7.47 1.00 0.00
0.50 1.57 7.65 1.00 0.00
0.50 1.57 7.82 1.00 0.00
0.50 1.57 8.00 1.00 0.00
0.50 1.57 8.17 1.00 0.00
0.50 1.57 8.35 1.00 0.00
0.50 1.57 8.52 1.00 0.00
0.50 1.57 8.70 1.00 0.00
0.50 1.57 8.87 1.00 0.00
0.70 1.57 5.93 1.00 0.00
0.70 1.57 6.10 1.00 0.00
0.70 1.57 6.28 1.00 0.00
0.70 1.57 6.45 1.00 0.00
0.70 1.57 6.62 1.00 0.00
0.70 1.57 6.80 1.00 0.00
0.70 1.57 6.97 1.00 0.00
0.70 1.57 7.15 1.00 0.00
0.70 1.57 7.32 1.00 0.00
0.70 1.57 7.50 1.00 0.00
0.70 1.57 7.67 1.00 0.00
0.70 1.57 7.85 1.00 0.00
0.70 1.57 8.02 1.00 0.00
0.70 1.57 8.20 1.00 0.00
0.70 1.57 8.37 1.00 0.00
0.70 1.57 8.54 1.00 0.00
0.70 1.57 8.72 1.00 0.00
0.70 1.57 8.89 1.00 0.00
0.90 1.57 -0.34 1.00 0.00
0.90 1.57 -0.16 1.00 0.00
0.90 1.57 0.01 1.00 0.00
0.90 1.57 0.19 1.00 0.00
0.90 1.57 0.36 1.00 0.00
0.90 1.57 0.54 1.00 0.00
0.90 1.57 0.71 1.00 0.00
0.90 1.57 0.88 1.00 0.00
0.90 1.57 1.06 1.00 0.00
0.90 1.57 1.23 1.00 0.00
0.90 1.57 1.41 1.00 0.00
0.90 1.57 1.58 1.00 0.00
0.90 1.57 1.76 1.00 0.00
0.90 1.57 1.93 1.00 0.00
0.90 1.57 2.11 1.00 0.00
0.90 1.57 2.28 1.00 0.00
0.90 1.57 2.46 1.00 0.00
0.90 1.57 2.63 1.00 0.00
1.10 1.57 -0.32 1.00 0.00
1.10 1.57 -0.14 1.00 0.00
1.10 1.57 0.03 1.00 0.00
1.10 1.57 0.20 1.00 0.00
1.10 1.57 0.38 1.00 0.00
1.10 1.57 0.55 1.00 0.00
1.10 1.57 0.73 1.00 0.00
1.10 1.57 0.90 1.00 0.00
1.10 1.57 1.08 1.00 0.00
1.10 1.57 1.25 1.00 0.00
1.10 1.57 1.43 1.00 0.00
1.10 1.57 1.60 1.00 0.00
1.10 1.57 1.78 1.00 0.00
1.10 1.57 1.95 1.00 0.00
1.10 1.57 2.12 1.00 0.00
1.10 1.57 2.30 1.00 0.00
1.10 1.57 2.47 1.00 0.00
1.10 1.57 2.65 1.00 0.00
0.30 1.75 5.86 1.00 0.00
0.30 1.75 6.04 1.00 0.00
0.30 1.75 6.21 1.00 0.00
0.30 1.75 6.39 1.00 0.00
0.30 1.75 6.56 1.00 0.00
0.30 1.75 6.73 1.00 0.00
0.30 1.75 6.91 1.00 0.00
0.30 1.75 7.08 1.00 0.00
0.30 1.75 7.26 1.00 0.00
0.30 1.75 7.43 1.00 0.00
0.30 1.75 7.61 1.00 0.00
0.30 1.75 7.78 1.00 0.00
0.30 1.75 7.96 1.00 0.00
0.30 1.75 8.13 1.00 0.00
0.30 1.75 8.31 1.00 0.00
0.30 1.75 8.48 1.00 0.00
0.30 1.75 8.65 1.00 0.00
0.30 1.75 8.83 1.00 0.00
0.50 1.75 5.88 1.00 0.00
0.50 1.75 6.05 1.00 0.00
0.50 1.75 6.23 1.00 0.00
0.50 1.75 6.40 1.00 0.00
0.50 1.75 6.58 1.00 0.00
0.50 1.75 6.75 1.00 0.00
0.50 1.75 6.92 1.00 0.00
0.50 1.75 7.10 1.00 0.00
0.50 1.75 7.27 1.00 0.00
0.50 1.75 7.45 1.00 0.00
0.50 1.75 7.62 1.00 0.00
0.50 1.75 7.80 1.00 0.00
0.50 1.75 7.97 1.00 0.00
0.50 1.75 8.15 1.00 0.00
0.50 1.75 8.32 1.00 0.00
0.50 1.75 8.50 1.00 0.00
0.50 1.75 8.67 1.00 0.00
0.50 1.75 8.84 1.00 0.00
0.70 1.75 5.89 1.00 0.00
0.70 1.75 6.07 1.00 0.00
0.70 1.75 6.24 1.00 0.00
0.70 1.75 6.41 1.00 0.00
0.70 1.75 6.59 1.00 0.00
0.70 1.75 6.76 1.00 0.00
0.70 1.75 6.94 1.00 0.00
0.70 1.75 7.11 1.00 0.00
0.70 1.75 7.29 1.00 0.00
0.70 1.75 7.46 1.00 0.00
0.70 1.75 7.64 1.00 0.00
0.70 1.75 7.81 1.00 0.00
0.70 1.75 7.99 1.00 0.00
0.70 1.75 8.16 1.00 0.00
0.70 1.75 8.33 1.00 0.00
0.70 1.75 8.51 1.00 0.00
0.70 1.75 8.68 1.00 0.00
0.70 1.75 8.86 1.00 0.00
0.90 1.75 5.90 1.00 0.00
0.90 1.75 6.08 1.00 0.00
0.90 1.75 6.25 1.00 0.00
0.90 1.75 6.43 1.00 0.00
0.90 1.75 6.60 1.00 0.00
0.90 1.75 6.78 1.00 0.00
0.90 1.75 6.95 1.00 0.00
0.90 1.75 7.13 1.00 0.00
0.90 1.75 7.30 1.00 0.00
0.90 1.75 7.47 1.00 0.00
0.90 1.75 7.65 1.00 0.00
0.90 1.75 7.82 1.00 0.00
0.90 1.75 8.00 1.00 0.00
0.90 1.75 8.17 1.00 0.00
0.90 1.75 8.35 1.00 0.00
0.90 1.75 8.52 1.00 0.00
0.90 1.75 8.70 1.00 0.00
0.90 1.75 8.87 1.00 0.00
1.10 1.75 5.91 1.00 0.00
1.10 1.75 6.09 1.00 0.00
1.10 1.75 6.26 1.00 0.00
1.10 1.75 6.44 1.00 0.00
1.10 1.75 6.61 1.00 0.00
1.10 1.75 6.79 1.00 0.00
1.10 1.75 6.96 1.00 0.00
1.10 1.75 7.14 1.00 0.00
1.10 1.75 7.31 1.00 0.00
1.10 1.75 7.48 1.00 0.00
1.10 1.75 7.66 1.00 0.00
1.10 1.75 7.83 1.00 0.00
1.10 1.75 8.01 1.00 0.00
1.10 1.75 8.18 1.00 0.00
1.10 1.75 8.36 1.00 0.00
1.10 1.75 8.53 1.00 0.00
1.10 1.75 8.71 1.00 0.00
1.10 1.75 8.88 1.00 0.00
0.30 1.92 5.84 1.00 0.00
0.30 1.92 6.02 1.00 0.00
0.30 1.92 6.19 1.00 0.00
0.30 1.92 6.37 1.00 0.00
0.30 1.92 6.54 1.00 0.00
0.30 1.92 6.72 1.00 0.00
0.30 1.92 6.89 1.00 0.00
0.30 1.92 7.07 1.00 0.00
0.30 1.92 7.24 1.00 0.00
0.30 1.92 7.42 1.00 0.00
0.30 1.92 7.59 1.00 0.00
0.30 1.92 7.76 1.00 0.00
0.30 1.92 7.94 1.00 0.00
0.30 1.92 8.11 1.00 0.00
0.30 1.92 8.29 1.00 0.00
0.30 1.92 8.46 1.00 0.00
0.30 1.92 8.64 1.00 0.00
0.30 1.92 8.81 1.00 0.00
0.50 1.92 5.85 1.00 0.00
0.50 1.92 6.02 1.00 0.00
0.50 1.92 6.20 1.00 0.00
0.50 1.92 6.37 1.00 0.00
0.50 1.92 6.55 1.00 0.00
0.50 1.92 6.72 1.00 0.00
0.50 1.92 6.90 1.00 0.00
0.50 1.92 7.07 1.00 0.00
0.50 1.92 7.25 1.00 0.00
0.50 1.92 7.42 1.00 0.00
0.50 1.92 7.60 1.00 0.00
0.50 1.92 7.77 1.00 0.00
0.50 1.92 7.94 1.00 0.00
0.50 1.92 8.12 1.00 0.00
0.50 1.92 8.29 1.00 0.00
0.50 1.92 8.47 1.00 0.00
0.50 1.92 8.64 1.00 0.00
0.50 1.92 8.82 1.00 0.00
0.70 1.92 5.86 1.00 0.00
0.70 1.92 6.03 1.00 0.00
0.70 1.92 6.20 1.00 0.00
0.70 1.92 6.38 1.00 0.00
0.70 1.92 6.55 1.00 0.00
0.70 1.92 6.73 1.00 0.00
0.70 1.92 6.90 1.00 0.00
0.70 1.92 7.08 1.00 0.00
0.70 1.92 7.25 1.00 0.00
0.70 1.92 7.43 1.00 0.00
0.70 1.92 7.60 1.00 0.00
0.70 1.92 7.78 1.00 0.00
0.70 1.92 7.95 1.00 0.00
0.70 1.92 8.12 1.00 0.00
0.70 1.92 8.30 1.00 0.00
0.70 1.92 8.47 1.00 0.00
0.70 1.92 8.65 1.00 0.00
0.70 1.92 8.82 1.00 0.00
0.90 1.92 5.86 1.00 0.00
0.90 1.92 6.03 1.00 0.00
0.90 1.92 6.21 1.00 0.00
0.90 1.92 6.38 1.00 0.00
0.90 1.92 6.56 1.00 0.00
0.90 1.92 6.73 1.00 0.00
0.90 1.92 6.91 1.00 0.00
0.90 1.92 7.08 1.00 0.00
0.90 1.92 7.26 1.00 0.00
0.90 1.92 7.43 1.00 0.00
0.90 1.92 7.61 1.00 0.00
0.90 1.92 7.78 1.00 0.00
0.90 1.92 7.95 1.00 0.00
0.90 1.92 8.13 1.00 0.00
0.90 1.92 8.30 1.00 0.00
0.90 1.92 8.48 1.00 0.00
0.90 1.92 8.65 1.00 0.00
0.90 1.92 8.83 1.00 0.00
1.10 1.92 5.86 1.00 0.00
1.10 1.92 6.04 1.00 0.00
1.10 1.92 6.21 1.00 0.00
1.10 1.92 6.39 1.00 0.00
1.10 1.92 6.56 1.00 0.00
1.10 1.92 6.74 1.00 0.00
1.10 1.92 6.91 1.00 0.00
1.10 1.92 7.09 1.00 0.00
1.10 1.92 7.26 1.00 0.00
1.10 1.92 7.43 1.00 0.00
1.10 1.92 7.61 1.00 0.00
1.10 1.92 7.78 1.00 0.00
1.10 1.92 7.96 1.00 0.00
1.10 1.92 8.13 1.00 0.00
1.10 1.92 8.31 1.00 0.00
1.10 1.92 8.48 1.00 0.00
1.10 1.92 8.66 1.00 0.00
1.10 1.92 8.83 1.00 0.00
0.30 2.09 5.83 1.00 0.00
0.30 2.09 6.00 1.00 0.00
0.30 2.09 6.18 1.00 0.00
0.30 2.09 6.35 1.00 0.00
0.30 2.09 6.53 1.00 0.00
0.30 2.09 6.70 1.00 0.00
0.30 2.09 6.87 1.00 0.00
0.30 2.09 7.05 1.00 0.00
0.30 2.09 7.22 1.00 0.00
0.30 2.09 7.40 1.00 0.00
0.30 2.09 7.57 1.00 0.00
0.30 2.09 7.75 1.00 0.00
0.30 2.09 7.92 1.00 0.00
0.30 2.09 8.10 1.00 0.00
0.30 2.09 8.27 1.00 0.00
0.30 2.09 8.45 1.00 0.00
0.30 2.09 8.62 1.00 0.00
0.30 2.09 8.79 1.00 0.00
0.50 2.09 5.82 1.00 0.00
0.50 2.09 6.00 1.00 0.00
0.50 2.09 6.17 1.00 0.00
0.50 2.09 6.35 1.00 0.00
0.50 2.09 6.52 1.00 0.00
0.50 2.09 6.70 1.00 0.00
0.50 2.09 6.87 1.00 0.00
0.50 2.09 7.04 1.00 0.00
0.50 2.09 7.22 1.00 0.00
0.50 2.09 7.39 1.00 0.00
0.50 2.09 7.57 1.00 0.00
0.50 2.09 7.74 1.00 0.00
0.50 2.09 7.92 1.00 0.00
0.50 2.09 8.09 1.00 0.00
0.50 2.09 8.27 1.00 0.00
0.50 2.09 8.44 1.00 0.00
0.50 2.09 8.62 1.00 0.00
0.50 2.09 8.79 1.00 0.00
0.70 2.09 5.82 1.00 0.00
0.70 2.09 5.99 1.00 0.00
0.70 2.09 6.17 1.00 0.00
0.70 2.09 6.34 1.00 0.00
0.70 2.09 6.52 1.00 0.00
0.70 2.09 6.69 1.00 0.00
0.70 2.09 6.87 1.00 0.00
0.70 2.09 7.04 1.00 0.00
0.70 2.09 7.22 1.00 0.00
0.70 2.09 7.39 1.00 0.00
0.70 2.09 7.56 1.00 0.00
0.70 2.09 7.74 1.00 0.00
0.70 2.09 7.91 1.00 0.00
0.70 2.09 8.09 1.00 0.00
0.70 2.09 8.26 1.00 0.00
0.70 2.09 8.44 1.00 0.00
0.70 2.09 8.61 1.00 0.00
0.70 2.09 8.79 1.00 0.00
0.90 2.09 5.82 1.00 0.00
0.90 2.09 5.99 1.00 0.00
0.90 2.09 6.17 1.00 0.00
0.90 2.09 6.34 1.00 0.00
0.90 2.09 6.51 1.00 0.00
0.90 2.09 6.69 1.00 0.00
0.90 2.09 6.86 1.00 0.00
0.90 2.09 7.04 1.00 0.00
0.90 2.09 7.21 1.00 0.00
0.90 2.09 7.39 1.00 0.00
0.90 2.09 7.56 1.00 0.00
0.90 2.09 7.74 1.00 0.00
0.90 2.09 7.91 1.00 0.00
0.90 2.09 8.08 1.00 0.00
0.90 2.09 8.26 1.00 0.00
0.90 2.09 8.43 1.00 0.00
0.90 2.09 8.61 1.00 0.00
0.90 2.09 8.78 1.00 0.00
1.10 2.09 5.81 1.00 0.00
1.10 2.09 5.99 1.00 0.00
1.10 2.09 6.16 1.00 0.00
1.10 2.09 6.34 1.00 0.00
1.10 2.09 6.51 1.00 0.00
1.10 2.09 6.69 1.00 0.00
1.10 2.09 6.86 1.00 0.00
1.10 2.09 7.03 1.00 0.00
1.10 2.09 7.21 1.00 0.00
1.10 2.09 7.38 1.00 0.00
1.10 2.09 7.56 1.00 0.00
1.10 2.09 7.73 1.00 0.00
1.10 2.09 7.91 1.00 0.00
1.10 2.09 8.08 1.00 0.00
1.10 2.09 8.26 1.00 0.00
1.10 2.09 8.43 1.00 0.00
1.10 2.09 8.61 1.00 0.00
1.10 2.09 8.78 1.00 0.00
0.30 2.27 5.81 1.00 0.00
0.30 2.27 5.98 1.00 0.00
0.30 2.27 6.16 1.00 0.00
0.30 2.27 6.33 1.00 0.00
0.30 2.27 6.51 1.00 0.00
0.30 2.27 6.68 1.00 0.00
0.30 2.27 6.86 1.00 0.00
0.30 2.27 7.03 1.00 0.00
0.30 2.27 7.21 1.00 0.00
0.30 2.27 7.38 1.00 0.00
0.30 2.27 7.56 1.00 0.00
0.30 2.27 7.73 1.00 0.00
0.30 2.27 7.90 1.00 0.00
0.30 2.27 8.08 1.00 0.00
0.30 2.27 8.25 1.00 0.00
0.30 2.27 8.43 1.00 0.00
0.30 2.27 8.60 1.00 0.00
0.30 2.27 8.78 1.00 0.00
0.50 2.27 5.80 1.00 0.00
0.50 2.27 5.97 1.00 0.00
0.50 2.27 6.14 1.00 0.00
0.50 2.27 6.32 1.00 0.00
0.50 2.27 6.49 1.00 0.00
0.50 2.27 6.67 1.00 0.00
0.50 2.27 6.84 1.00 0.00
0.50 2.27 7.02 1.00 0.00
0.50 2.27 7.19 1.00 0.00
0.50 2.27 7.37 1.00 0.00
0.50 2.27 7.54 1.00 0.00
0.50 2.27 7.72 1.00 0.00
0.50 2.27 7.89 1.00 0.00
0.50 2.27 8.06 1.00 0.00
0.50 2.27 8.24 1.00 0.00
0.50 2.27 8.41 1.00 0.00
0.50 2.27 8.59 1.00 0.00
0.50 2.27 8.76 1.00 0.00
0.70 2.27 5.78 1.00 0.00
0.70 2.27 5.96 1.00 0.00
0.70 2.27 6.13 1.00 0.00
0.70 2.27 6.31 1.00 0.00
0.70 2.27 6.48 1.00 0.00
0.70 2.27 6.66 1.00 0.00
0.70 2.27 6.83 1.00 0.00
0.70 2.27 7.01 1.00 0.00
0.70 2.27 7.18 1.00 0.00
0.70 2.27 7.35 1.00 0.00
0.70 2.27 7.53 1.00 0.00
0.70 2.27 7.70 1.00 0.00
0.70 2.27 7.88 1.00 0.00
0.70 2.27 8.05 1.00 0.00
0.70 2.27 8.23 1.00 0.00
0.70 2.27 8.40 1.00 0.00
0.70 2.27 8.58 1.00 0.00
0.70 2.27 8.75 1.00 0.00
0.90 2.27 5.77 1.00 0.00
0.90 2.27 5.95 1.00 0.00
0.90 2.27 6.12 1.00 0.00
0.90 2.27 6.30 1.00 0.00
0.90 2.27 6.47 1.00 0.00
0.90 2.27 6.64 1.00 0.00
0.90 2.27 6.82 1.00 0.00
0.90 2.27 6.99 1.00 0.00
0.90 2.27 7.17 1.00 0.00
0.90 2.27 7.34 1.00 0.00
0.90 2.27 7.52 1.00 0.00
0.90 2.27 7.69 1.00 0.00
0.90 2.27 7.87 1.00 0.00
0.90 2.27 8.04 1.00 0.00
0.90 2.27 8.22 1.00 0.00
0.90 2.27 8.39 1.00 0.00
0.90 2.27 8.56 1.00 0.00
0.90 2.27 8.74 1.00 0.00
1.10 2.27 5.76 1.00 0.00
1.10 2.27 5.94 1.00 0.00
1.10 2.27 6.11 1.00 0.00
1.10 2.27 6.29 1.00 0.00
1.10 2.27 6.46 1.00 0.00
1.10 2.27 6.64 1.00 0.00
1.10 2.27 6.81 1.00 0.00
1.10 2.27 6.98 1.00 0.00
1.10 2.27 7.16 1.00 0.00
1.10 2.27 7.33 1.00 0.00
1.10 2.27 7.51 1.00 0.00
1.10 2.27 7.68 1.00 0.00
1.10 2.27 7.86 1.00 0.00
1.10 2.27 8.03 1.00 0.00
1.10 2.27 8.21 1.00 0.00
1.10 2.27 8.38 1.00 0.00
1.10 2.27 8.55 1.00 0.00
1.10 2.27 8.73 1.00 0.00
0.30 2.44 5.79 1.00 0.00
0.30 2.44 5.97 1.00 0.00
0.30 2.44 6.14 1.00 0.00
0.30 2.44 6.32 1.00 0.00
0.30 2.44 6.49 1.00 0.00
0.30 2.44 6.67 1.00 0.00
0.30 2.44 6.84 1.00 0.00
0.30 2.44 7.01 1.00 0.00
0.30 2.44 7.19 1.00 0.00
0.30 2.44 7.36 1.00 0.00
0.30 2.44 7.54 1.00 0.00
0.30 2.44 7.71 1.00 0.00
0.30 2.44 7.89 1.00 0.00
0.30 2.44 8.06 1.00 0.00
0.30 2.44 8.24 1.00 0.00
0.30 2.44 8.41 1.00 0.00
0.30 2.44 8.59 1.00 0.00
0.30 2.44 8.76 1.00 0.00
0.50 2.44 5.77 1.00 0.00
0.50 2.44 5.94 1.00 0.00
0.50 2.44 6.12 1.00 0.00
0.50 2.44 6.29 1.00 0.00
0.50 2.44 6.47 1.00 0.00
0.50 2.44 6.64 1.00 0.00
0.50 2.44 6.82 1.00 0.00
0.50 2.44 6.99 1.00 0.00
0.50 2.44 7.17 1.00 0.00
0.50 2.44 7.34 1.00 0.00
0.50 2.44 7.51 1.00 0.00
0.50 2.44 7.69 1.00 0.00
0.50 2.44 7.86 1.00 0.00
0.50 2.44 8.04 1.00 0.00
0.50 2.44 8.21 1.00 0.00
0.50 2.44 8.39 1.00 0.00
0.50 2.44 8.56 1.00 0.00
0.50 2.44 8.74 1.00 0.00
0.70 2.44 5.75 1.00 0.00
0.70 2.44 5.92 1.00 0.00
0.70 2.44 6.10 1.00 0.00
0.70 2.44 6.27 1.00 0.00
0.70 2.44 6.45 1.00 0.00
0.70 2.44 6.62 1.00 0.00
0.70 2.44 6.80 1.00 0.00
0.70 2.44 6.97 1.00 0.00
0.70 2.44 7.14 1.00 0.00
0.70 2.44 7.32 1.00 0.00
0.70 2.44 7.49 1.00 0.00
0.70 2.44 7.67 1.00 0.00
0.70 2.44 7.84 1.00 0.00
0.70 2.44 8.02 1.00 0.00
0.70 2.44 8.19 1.00 0.00
0.70 2.44 8.37 1.00 0.00
0.70 2.44 8.54 1.00 0.00
0.70 2.44 8.72 1.00 0.00
0.90 2.44 5.73 1.00 0.00
0.90 2.44 5.90 1.00 0.00
0.90 2.44 6.08 1.00 0.00
0.90 2.44 6.25 1.00 0.00
0.90 2.44 6.43 1.00 0.00
0.90 2.44 6.60 1.00 0.00
0.90 2.44 6.78 1.00 0.00
0.90 2.44 6.95 1.00 0.00
0.90 2.44 7.13 1.00 0.00
0.90 2.44 7.30 1.00 0.00
0.90 2.44 7.47 1.00 0.00
0.90 2.44 7.65 1.00 0.00
0.90 2.44 7.82 1.00 0.00
0.90 2.44 8.00 1.00 0.00
0.90 2.44 8.17 1.00 0.00
0.90 2.44 8.35 1.00 0.00
0.90 2.44 8.52 1.00 0.00
0.90 2.44 8.70 1.00 0.00
1.10 2.44 5.71 1.00 0.00
1.10 2.44 5.89 1.00 0.00
1.10 2.44 6.06 1.00 0.00
1.10 2.44 6.24 1.00 0.00
1.10 2.44 6.41 1.00 0.00
1.10 2.44 6.59 1.00 0.00
1.10 2.44 6.76 1.00 0.00
1.10 2.44 6.93 1.00 0.00
1.10 2.44 7.11 1.00 0.00
1.10 2.44 7.28 1.00 0.00
1.10 2.44 7.46 1.00 0.00
1.10 2.44 7.63 1.00 0.00
1.10 2.44 7.81 1.00 0.00
1.10 2.44 7.98 1.00 0.00
1.10 2.44 8.16 1.00 0.00
1.10 2.44 8.33 1.00 0.00
1.10 2.44 8.51 1.00 0.00
1.10 2.44 8.68 1.00 0.00
0.30 2.62 5.78 1.00 0.00
0.30 2.62 5.95 1.00 0.00
0.30 2.62 6.13 1.00 0.00
0.30 2.62 6.30 1.00 0.00
0.30 2.62 6.48 1.00 0.00
0.30 2.62 6.65 1.00 0.00
0.30 2.62 6.82 1.00 0.00
0.30 2.62 7.00 1.00 0.00
0.30 2.62 7.17 1.00 0.00
0.30 2.62 7.35 1.00 0.00
0.30 2.62 7.52 1.00 0.00
0.30 2.62 7.70 1.00 0.00
0.30 2.62 7.87 1.00 0.00
0.30 2.62 8.05 1.00 0.00
0.30 2.62 8.22 1.00 0.00
0.30 2.62 8.40 1.00 0.00
0.30 2.62 8.57 1.00 0.00
0.30 2.62 8.74 1.00 0.00
0.50 2.62 5.74 1.00 0.00
0.50 2.62 5.92 1.00 0.00
0.50 2.62 6.09 1.00 0.00
0.50 2.62 6.27 1.00 0.00
0.50 2.62 6.44 1.00 0.00
0.50 2.62 6.62 1.00 0.00
0.50 2.62 6.79 1.00 0.00
0.50 2.62 6.97 1.00 0.00
0.50 2.62 7.14 1.00 0.00
0.50 2.62 7.31 1.00 0.00
0.50 2.62 7.49 1.00 0.00
0.50 2.62 7.66 1.00 0.00
0.50 2.62 7.84 1.00 0.00
0.50 2.62 8.01 1.00 0.00
0.50 2.62 8.19 1.00 0.00
0.50 2.62 8.36 1.00 0.00
0.50 2.62 8.54 1.00 0.00
0.50 2.62 8.71 1.00 0.00
0.70 2.62 5.71 1.00 0.00
0.70 2.62 5.89 1.00 0.00
0.70 2.62 6.06 1.00 0.00
0.70 2.62 6.24 1.00 0.00
0.70 2.62 6.41 1.00 0.00
0.70 2.62 6.59 1.00 0.00
0.70 2.62 6.76 1.00 0.00
0.70 2.62 6.94 1.00 0.00
0.70 2.62 7.11 1.00 0.00
0.70 2.62 7.29 1.00 0.00
0.70 2.62 7.46 1.00 0.00
0.70 2.62 7.63 1.00 0.00
0.70 2.62 7.81 1.00 0.00
0.70 2.62 7.98 1.00 0.00
0.70 2.62 8.16 1.00 0.00
0.70 2.62 8.33 1.00 0.00
0.70 2.62 8.51 1.00 0.00
0.70 2.62 8.68 1.00 0.00
0.90 2.62 5.69 1.00 0.00
0.90 2.62 5.86 1.00 0.00
0.90 2.62 6.04 1.00 0.00
0.90 2.62 6.21 1.00 0.00
0.90 2.62 6.39 1.00 0.00
0.90 2.62 6.56 1.00 0.00
0.90 2.62 6.73 1.00 0.00
0.90 2.62 6.91 1.00 0.00
0.90 2.62 7.08 1.00 0.00
0.90 2.62 7.26 1.00 0.00
0.90 2.62 7.43 1.00 0.00
0.90 2.62 7.61 1.00 0.00
0.90 2.62 7.78 1.00 0.00
0.90 2.62 7.96 1.00 0.00
0.90 2.62 8.13 1.00 0.00
0.90 2.62 8.31 1.00 0.00
0.90 2.62 8.48 1.00 0.00
0.90 2.62 8.65 1.00 0.00
1.10 2.62 5.66 1.00 0.00
1.10 2.62 5.84 1.00 0.00
1.10 2.62 6.01 1.00 0.00
1.10 2.62 6.19 1.00 0.00
1.10 2.62 6.36 1.00 0.00
1.10 2.62 6.54 1.00 0.00
1.10 2.62 6.71 1.00 0.00
1.10 2.62 6.89 1.00 0.00
1.10 2.62 7.06 1.00 0.00
1.10 2.62 7.23 1.00 0.00
1.10 2.62 7.41 1.00 0.00
1.10 2.62 7.58 1.00 0.00
1.10 2.62 7.76 1.00 0.00
1.10 2.62 7.93 1.00 0.00
1.10 2.62 8.11 1.00 0.00
1.10 2.62 8.28 1.00 0.00
1.10 2.62 8.46 1.00 0.00
1.10 2.62 8.63 1.00 0.00
0.30 2.79 5.76 1.00 0.00
0.30 2.79 5.94 1.00 0.00
0.30 2.79 6.11 1.00 0.00
0.30 2.79 6.29 1.00 0.00
0.30 2.79 6.46 1.00 0.00
0.30 2.79 6.64 1.00 0.00
0.30 2.79 6.81 1.00 0.00
0.30 2.79 6.98 1.00 0.00
0.30 2.79 7.16 1.00 0.00
0.30 2.79 7.33 1.00 0.00
0.30 2.79 7.51 1.00 0.00
0.30 2.79 7.68 1.00 0.00
0.30 2.79 7.86 1.00 0.00
0.30 2.79 8.03 1.00 0.00
0.30 2.79 8.21 1.00 0.00
0.30 2.79 8.38 1.00 0.00
0.30 2.79 8.56 1.00 0.00
0.30 2.79 8.73 1.00 0.00
0.50 2.79 5.72 1.00 0.00
0.50 2.79 5.89 1.00 0.00
0.50 2.79 6.07 1.00 0.00
0.50 2.79 6.24 1.00 0.00
0.50 2.79 6.42 1.00 0.00
0.50 2.79 6.59 1.00 0.00
0.50 2.79 6.77 1.00 0.00
0.50 2.79 6.94 1.00 0.00
0.50 2.79 7.12 1.00 0.00
0.50 2.79 7.29 1.00 0.00
0.50 2.79 7.47 1.00 0.00
0.50 2.79 7.64 1.00 0.00
0.50 2.79 7.81 1.00 0.00
0.50 2.79 7.99 1.00 0.00
0.50 2.79 8.16 1.00 0.00
0.50 2.79 8.34 1.00 0.00
0.50 2.79 8.51 1.00 0.00
0.50 2.79 8.69 1.00 0.00
0.70 2.79 5.68 1.00 0.00
0.70 2.79 5.86 1.00 0.00
0.70 2.79 6.03 1.00 0.00
0.70 2.79 6.21 1.00 0.00
0.70 2.79 6.38 1.00 0.00
0.70 2.79 6.56 1.00 0.00
0.70 2.79 6.73 1.00 0.00
0.70 2.79 6.90 1.00 0.00
0.70 2.79 7.08 1.00 0.00
0.70 2.79 7.25 1.00 0.00
0.70 2.79 7.43 1.00 0.00
0.70 2.79 7.60 1.00 0.00
0.70 2.79 7.78 1.00 0.00
0.70 2.79 7.95 1.00 0.00
0.70 2.79 8.13 1.00 0.00
0.70 2.79 8.30 1.00 0.00
0.70 2.79 8.47 1.00 0.00
0.70 2.79 8.65 1.00 0.00
0.90 2.79 5.65 1.00 0.00
0.90 2.79 5.82 1.00 0.00
0.90 2.79 6.00 1.00 0.00
0.90 2.79 6.17 1.00 0.00
0.90 2.79 6.35 1.00 0.00
0.90 2.79 6.52 1.00 0.00
0.90 2.79 6.70 1.00 0.00
0.90 2.79 6.87 1.00 0.00
0.90 2.79 7.04 1.00 0.00
0.90 2.79 7.22 1.00 0.00
0.90 2.79 7.39 1.00 0.00
0.90 2.79 7.57 1.00 0.00
0.90 2.79 7.74 1.00 0.00
0.90 2.79 7.92 1.00 0.00
0.90 2.79 8.09 1.00 0.00
0.90 2.79 8.27 1.00 0.00
0.90 2.79 8.44 1.00 0.00
0.90 2.79 8.62 1.00 0.00
1.10 2.79 5.62 1.00 0.00
1.10 2.79 5.79 1.00 0.00
1.10 2.79 5.97 1.00 0.00
1.10 2.79 6.14 1.00 0.00
1.10 2.79 6.31 1.00 0.00
1.10 2.79 6.49 1.00 0.00
1.10 2.79 6.66 1.00 0.00
1.10 2.79 6.84 1.00 0.00
1.10 2.79 7.01 1.00 0.00
1.10 2.79 7.19 1.00 0.00
1.10 2.79 7.36 1.00 0.00
1.10 2.79 7.54 1.00 0.00
1.10 2.79 7.71 1.00 0.00
1.10 2.79 7.89 1.00 0.00
1.10 2.79 8.06 1.00 0.00
1.10 2.79 8.23 1.00 0.00
1.10 2.79 8.41 1.00 0.00
1.10 2.79 8.58 1.00 0.00
0.30 2.97 5.75 1.00 0.00
0.30 2.97 5.92 1.00 0.00
0.30 2.97 6.10 1.00 0.00
0.30 2.97 6.27 1.00 0.00
0.30 2.97 6.45 1.00 0.00
0.30 2.97 6.62 1.00 0.00
0.30 2.97 6.80 1.00 0.00
0.30 2.97 6.97 1.00 0.00
0.30 2.97 7.15 1.00 0.00
0.30 2.97 7.32 1.00 0.00
0.30 2.97 7.50 1.00 0.00
0.30 2.97 7.67 1.00 0.00
0.30 2.97 7.84 1.00 0.00
0.30 2.97 8.02 1.00 0.00
0.30 2.97 8.19 1.00 0.00
0.30 2.97 8.37 1.00 0.00
0.30 2.97 8.54 1.00 0.00
0.30 2.97 8.72 1.00 0.00
0.50 2.97 5.70 1.00 0.00
0.50 2.97 5.87 1.00 0.00
0.50 2.97 6.05 1.00 0.00
0.50 2.97 6.22 1.00 0.00
0.50 2.97 6.40 1.00 0.00
0.50 2.97 6.57 1.00 0.00
0.50 2.97 6.75 1.00 0.00
0.50 2.97 6.92 1.00 0.00
0.50 2.97 7.10 1.00 0.00
0.50 2.97 7.27 1.00 0.00
0.50 2.97 7.44 1.00 0.00
0.50 2.97 7.62 1.00 0.00
0.50 2.97 7.79 1.00 0.00
0.50 2.97 7.97 1.00 0.00
0.50 2.97 8.14 1.00 0.00
0.50 2.97 8.32 1.00 0.00
0.50 2.97 8.49 1.00 0.00
0.50 2.97 8.67 1.00 0.00
0.70 2.97 5.65 1.00 0.00
0.70 2.97 5.83 1.00 0.00
0.70 2.97 6.00 1.00 0.00
0.70 2.97 6.18 1.00 0.00
0.70 2.97 6.35 1.00 0.00
0.70 2.97 6.53 1.00 0.00
0.70 2.97 6.70 1.00 0.00
0.70 2.97 6.87 1.00 0.00
0.70 2.97 7.05 1.00 0.00
0.70 2.97 7.22 1.00 0.00
0.70 2.97 7.40 1.00 0.00
0.70 2.97 7.57 1.00 0.00
0.70 2.97 7.75 1.00 0.00
0.70 2.97 7.92 1.00 0.00
0.70 2.97 8.10 1.00 0.00
0.70 2.97 8.27 1.00 0.00
0.70 2.97 8.45 1.00 0.00
0.70 2.97 8.62 1.00 0.00
0.90 2.97 5.61 1.00 0.00
0.90 2.97 5.79 1.00 0.00
0.90 2.97 5.96 1.00 0.00
0.90 2.97 6.13 1.00 0.00
0.90 2.97 6.31 1.00 0.00
0.90 2.97 6.48 1.00 0.00
0.90 2.97 6.66 1.00 0.00
0.90 2.97 6.83 1.00 0.00
0.90 2.97 7.01 1.00 0.00
0.90 2.97 7.18 1.00 0.00
0.90 2.97 7.36 1.00 0.00
0.90 2.97 7.53 1.00 0.00
0.90 2.97 7.71 1.00 0.00
0.90 2.97 7.88 1.00 0.00
0.90 2.97 8.05 1.00 0.00
0.90 2.97 8.23 1.00 0.00
0.90 2.97 8.40 1.00 0.00
0.90 2.97 8.58 1.00 0.00
1.10 2.97 5.57 1.00 0.00
1.10 2.97 5.75 1.00 0.00
1.10 2.97 5.92 1.00 0.00
1.10 2.97 6.10 1.00 0.00
1.10 2.97 6.27 1.00 0.00
1.10 2.97 6.44 1.00 0.00
1.10 2.97 6.62 1.00 0.00
1.10 2.97 6.79 1.00 0.00
1.10 2.97 6.97 1.00 0.00
1.10 2.97 7.14 1.00 0.00
1.10 2.97 7.32 1.00 0.00
1.10 2.97 7.49 1.00 0.00
1.10 2.97 7.67 1.00 0.00
1.10 2.97 7.84 1.00 0.00
1.10 2.97 8.02 1.00 0.00
1.10 2.97 8.19 1.00 0.00
1.10 2.97 8.36 1.00 0.00
1.10 2.97 8.54 1.00 0.00
0.30 3.14 5.74 1.00 0.00
0.30 3.14 5.91 1.00 0.00
0.30 3.14 6.09 1.00 0.00
0.30 3.14 6.26 1.00 0.00
0.30 3.14 6.44 1.00 0.00
0.30 3.14 6.61 1.00 0.00
0.30 3.14 6.79 1.00 0.00
0.30 3.14 6.96 1.00 0.00
0.30 3.14 7.14 1.00 0.00
0.30 3.14 7.31 1.00 0.00
0.30 3.14 7.48 1.00 0.00
0.30 3.14 7.66 1.00 0.00
0.30 3.14 7.83 1.00 0.00
0.30 3.14 8.01 1.00 0.00
0.30 3.14 8.18 1.00 0.00
0.30 3.14 8.36 1.00 0.00
0.30 3.14 8.53 1.00 0.00
0.30 3.14 8.71 1.00 0.00
0.50 3.14 5.68 1.00 0.00
0.50 3.14 5.86 1.00 0.00
0.50 3.14 6.03 1.00 0.00
0.50 3.14 6.20 1.00 0.00
0.50 3.14 6.38 1.00 0.00
0.50 3.14 6.55 1.00 0.00
0.50 3.14 6.73 1.00 0.00
0.50 3.14 6.90 1.00 0.00
0.50 3.14 7.08 1.00 0.00
0.50 3.14 7.25 1.00 0.00
0.50 3.14 7.43 1.00 0.00
0.50 3.14 7.60 1.00 0.00
0.50 3.14 7.78 1.00 0.00
0.50 3.14 7.95 1.00 0.00
0.50 3.14 8.12 1.00 0.00
0.50 3.14 8.30 1.00 0.00
0.50 3.14 8.47 1.00 0.00
0.50 3.14 8.65 1.00 0.00
0.70 3.14 5.63 1.00 0.00
0.70 3.14 5.80 1.00 0.00
0.70 3.14 5.98 1.00 0.00
0.70 3.14 6.15 1.00 0.00
0.70 3.14 6.32 1.00 0.00
0.70 3.14 6.50 1.00 0.00
0.70 3.14 6.67 1.00 0.00
0.70 3.14 6.85 1.00 0.00
0.70 3.14 7.02 1.00 0.00
0.70 3.14 7.20 1.00 0.00
0.70 3.14 7.37 1.00 0.00
0.70 3.14 7.55 1.00 0.00
0.70 3.14 7.72 1.00 0.00
0.70 3.14 7.90 1.00 0.00
0.70 3.14 8.07 1.00 0.00
0.70 3.14 8.24 1.00 0.00
0.70 3.14 8.42 1.00 0.00
0.70 3.14 8.59 1.00 0.00
0.90 3.14 5.58 1.00 0.00
0.90 3.14 5.75 1.00 0.00
0.90 3.14 5.93 1.00 0.00
0.90 3.14 6.10 1.00 0.00
0.90 3.14 6.27 1.00 0.00
0.90 3.14 6.45 1.00 0.00
0.90 3.14 6.62 1.00 0.00
0.90 3.14 6.80 1.00 0.00
0.90 3.14 6.97 1.00 0.00
0.90 3.14 7.15 1.00 0.00
0.90 3.14 7.32 1.00 0.00
0.90 3.14 7.50 1.00 0.00
0.90 3.14 7.67 1.00 0.00
0.90 3.14 7.85 1.00 0.00
0.90 3.14 8.02 1.00 0.00
0.90 3.14 8.19 1.00 0.00
0.90 3.14 8.37 1.00 0.00
0.90 3.14 8.54 1.00 0.00
1.10 3.14 5.53 1.00 0.00
1.10 3.14 5.71 1.00 0.00
1.10 3.14 5.88 1.00 0.00
1.10 3.14 6.05 1.00 0.00
1.10 3.14 6.23 1.00 0.00
1.10 3.14 6.40 1.00 0.00
1.10 3.14 6.58 1.00 0.00
1.10 3.14 6.75 1.00 0.00
1.10 3.14 6.93 1.00 0.00
1.10 3.14 7.10 1.00 0.00
1.10 3.14 7.28 1.00 0.00
1.10 3.14 7.45 1.00 0.00
1.10 3.14 7.63 1.00 0.00
1.10 3.14 7.80 1.00 0.00
1.10 3.14 7.97 1.00 0.00
1.10 3.14 8.15 1.00 0.00
1.10 3.14 8.32 1.00 0.00
1.10 3.14 8.50 1.00 0.00
0.30 3.32 5.73 1.00 0.00
0.30 3.32 5.91 1.00 0.00
0.30 3.32 6.08 1.00 0.00
0.30 3.32 6.25 1.00 0.00
0.30 3.32 6.43 1.00 0.00
0.30 3.32 6.60 1.00 0.00
0.30 3.32 6.78 1.00 0.00
0.30 3.32 6.95 1.00 0.00
0.30 3.32 7.13 1.00 0.00
0.30 3.32 7.30 1.00 0.00
0.30 3.32 7.48 1.00 0.00
0.30 3.32 7.65 1.00 0.00
0.30 3.32 7.83 1.00 0.00
0.30 3.32 8.00 1.00 0.00
0.30 3.32 8.17 1.00 0.00
0.30 3.32 8.35 1.00 0.00
0.30 3.32 8.52 1.00 0.00
0.30 3.32 8.70 1.00 0.00
0.50 3.32 5.67 1.00 0.00
0.50 3.32 5.84 1.00 0.00
0.50 3.32 6.01 1.00 0.00
0.50 3.32 6.19 1.00 0.00
0.50 3.32 6.36 1.00 0.00
0.50 3.32 6.54 1.00 0.00
0.50 3.32 6.71 1.00 0.00
0.50 3.32 6.89 1.00 0.00
0.50 3.32 7.06 1.00 0.00
0.50 3.32 7.24 1.00 0.00
0.50 3.32 7.41 1.00 0.00
0.50 3.32 7.59 1.00 0.00
0.50 3.32 7.76 1.00 0.00
0.50 3.32 7.93 1.00 0.00
0.50 3.32 8.11 1.00 0.00
0.50 3.32 8.28 1.00 0.00
0.50 3.32 8.46 1.00 0.00
0.50 3.32 8.63 1.00 0.00
0.70 3.32 5.60 1.00 0.00
0.70 3.32 5.78 1.00 0.00
0.70 3.32 5.95 1.00 0.00
0.70 3.32 6.13 1.00 0.00
0.70 3.32 6.30 1.00 0.00
0.70 3.32 6.48 1.00 0.00
0.70 3.32 6.65 1.00 0.00
0.70 3.32 6.83 1.00 0.00
0.70 3.32 7.00 1.00 0.00
0.70 3.32 7.18 1.00 0.00
0.70 3.32 7.35 1.00 0.00
0.70 3.32 7.52 1.00 0.00
0.70 3.32 7.70 1.00 0.00
0.70 3.32 7.87 1.00 0.00
0.70 3.32 8.05 1.00 0.00
0.70 3.32 8.22 1.00 0.00
0.70 3.32 8.40 1.00 0.00
0.70 3.32 8.57 1.00 0.00
0.90 3.32 5.55 1.00 0.00
0.90 3.32 5.72 1.00 0.00
0.90 3.32 5.90 1.00 0.00
0.90 3.32 6.07 1.00 0.00
0.90 3.32 6.24 1.00 0.00
0.90 3.32 6.42 1.00 0.00
0.90 3.32 6.59 1.00 0.00
0.90 3.32 6.77 1.00 0.00
0.90 3.32 6.94 1.00 0.00
0.90 3.32 7.12 1.00 0.00
0.90 3.32 7.29 1.00 0.00
0.90 3.32 7.47 1.00 0.00
0.90 3.32 7.64 1.00 0.00
0.90 3.32 7.82 1.00 0.00
0.90 3.32 7.99 1.00 0.00
0.90 3.32 8.16 1.00 0.00
0.90 3.32 8.34 1.00 0.00
0.90 3.32 8.51 1.00 0.00
1.10 3.32 5.49 1.00 0.00
1.10 3.32 5.67 1.00 0.00
1.10 3.32 5.84 1.00 0.00
1.10 3.32 6.02 1.00 0.00
1.10 3.32 6.19 1.00 0.00
1.10 3.32 6.37 1.00 0.00
1.10 3.32 6.54 1.00 0.00
1.10 3.32 6.72 1.00 0.00
1.10 3.32 6.89 1.00 0.00
1.10 3.32 7.06 1.00 0.00
1.10 3.32 7.24 1.00 0.00
1.10 3.32 7.41 1.00 0.00
1.10 3.32 7.59 1.00 0.00
1.10 3.32 7.76 1.00 0.00
1.10 3.32 7.94 1.00 0.00
1.10 3.32 8.11 1.00 0.00
1.10 3.32 8.29 1.00 0.00
1.10 3.32 8.46 1.00 0.00
0.30 3.49 5.73 1.00 0.00
0.30 3.49 5.90 1.00 0.00
0.30 3.49 6.07 1.00 0.00
0.30 3.49 6.25 1.00 0.00
0.30 3.49 6.42 1.00 0.00
0.30 3.49 6.60 1.00 0.00
0.30 3.49 6.77 1.00 0.00
0.30 3.49 6.95 1.00 0.00
0.30 3.49 7.12 1.00 0.00
0.30 3.49 7.30 1.00 0.00
0.30 3.49 7.47 1.00 0.00
0.30 3.49 7.65 1.00 0.00
0.30 3.49 7.82 1.00 0.00
0.30 3.49 7.99 1.00 0.00
0.30 3.49 8.17 1.00 0.00
0.30 3.49 8.34 1.00 0.00
0.30 3.49 8.52 1.00 0.00
0.30 3.49 8.69 1.00 0.00
0.50 3.49 5.65 1.00 0.00
0.50 3.49 5.83 1.00 0.00
0.50 3.49 6.00 1.00 0.00
0.50 3.49 6.18 1.00 0.00
0.50 3.49 6.35 1.00 0.00
0.50 3.49 6.53 1.00 0.00
0.50 3.49 6.70 1.00 0.00
0.50 3.49 6.88 1.00 0.00
0.50 3.49 7.05 1.00 0.00
0.50 3.49 7.23 1.00 0.00
0.50 3.49 7.40 1.00 0.00
0.50 3.49 7.57 1.00 0.00
0.50 3.49 7.75 1.00 0.00
0.50 3.49 7.92 1.00 0.00
0.50 3.49 8.10 1.00 0.00
0.50 3.49 8.27 1.00 0.00
0.50 3.49 8.45 1.00 0.00
0.50 3.49 8.62 1.00 0.00
0.70 3.49 5.59 1.00 0.00
0.70 3.49 5.76 1.00 0.00
0.70 3.49 5.94 1.00 0.00
0.70 3.49 6.11 1.00 0.00
0.70 3.49 6.28 1.00 0.00
0.70 3.49 6.46 1.00 0.00
0.70 3.49 6.63 1.00 0.00
0.70 3.49 6.81 1.00 0.00
0.70 3.49 6.98 1.00 0.00
0.70 3.49 7.16 1.00 0.00
0.70 3.49 7.33 1.00 0.00
0.70 3.49 7.51 1.00 0.00
0.70 3.49 7.68 1.00 0.00
0.70 3.49 7.86 1.00 0.00
0.70 3.49 8.03 1.00 0.00
0.70 3.49 8.20 1.00 0.00
0.70 3.49 8.38 1.00 0.00
0.70 3.49 8.55 1.00 0.00
0.90 3.49 5.52 1.00 0.00
0.90 3.49 5.70 1.00 0.00
0.90 3.49 5.87 1.00 0.00
0.90 3.49 6.05 1.00 0.00
0.90 3.49 6.22 1.00 0.00
0.90 3.49 6.39 1.00 0.00
0.90 3.49 6.57 1.00 0.00
0.90 3.49 6.74 1.00 0.00
0.90 3.49 6.92 1.00 0.00
0.90 3.49 7.09 1.00 0.00
0.90 3.49 7.27 1.00 0.00
0.90 3.49 7.44 1.00 0.00
0.90 3.49 7.62 1.00 0.00
0.90 3.49 7.79 1.00 0.00
0.90 3.49 7.97 1.00 0.00
0.90 3.49 8.14 1.00 0.00
0.90 3.49 8.31 1.00 0.00
0.90 3.49 8.49 1.00 0.00
1.10 3.49 5.46 1.00 0.00
1.10 3.49 5.64 1.00 0.00
1.10 3.49 5.81 1.00 0.00
1.10 3.49 5.98 1.00 0.00
1.10 3.49 6.16 1.00 0.00
1.10 3.49 6.33 1.00 0.00
1.10 3.49 6.51 1.00 0.00
1.10 3.49 6.68 1.00 0.00
1.10 3.49 6.86 1.00 0.00
1.10 3.49 7.03 1.00 0.00
1.10 3.49 7.21 1.00 0.00
1.10 3.49 7.38 1.00 0.00
1.10 3.49 7.56 1.00 0.00
1.10 3.49 7.73 1.00 0.00
1.10 3.49 7.90 1.00 0.00
1.10 3.49 8.08 1.00 0.00
1.10 3.49 8.25 1.00 0.00
1.10 3.49 8.43 1.00 0.00
0.30 3.67 5.72 1.00 0.00
0.30 3.67 5.90 1.00 0.00
0.30 3.67 6.07 1.00 0.00
0.30 3.67 6.25 1.00 0.00
0.30 3.67 6.42 1.00 0.00
0.30 3.67 6.60 1.00 0.00
0.30 3.67 6.77 1.00 0.00
0.30 3.67 6.94 1.00 0.00
0.30 3.67 7.12 1.00 0.00
0.30 3.67 7.29 1.00 0.00
0.30 3.67 7.47 1.00 0.00
0.30 3.67 7.64 1.00 0.00
0.30 3.67 7.82 1.00 0.00
0.30 3.67 7.99 1.00 0.00
0.30 3.67 8.17 1.00 0.00
0.30 3.67 8.34 1.00 0.00
0.30 3.67 8.52 1.00 0.00
0.30 3.67 8.69 1.00 0.00
0.50 3.67 5.65 1.00 0.00
0.50 3.67 5.82 1.00 0.00
0.50 3.67 6.00 1.00 0.00
0.50 3.67 6.17 1.00 0.00
0.50 3.67 6.35 1.00 0.00
0.50 3.67 6.52 1.00 0.00
0.50 3.67 6.70 1.00 0.00
0.50 3.67 6.87 1.00 0.00
0.50 3.67 7.04 1.00 0.00
0.50 3.67 7.22 1.00 0.00
0.50 3.67 7.39 1.00 0.00
0.50 3.67 7.57 1.00 0.00
0.50 3.67 7.74 1.00 0.00
0.50 3.67 7.92 1.00 0.00
0.50 3.67 8.09 1.00 0.00
0.50 3.67 8.27 1.00 0.00
0.50 3.67 8.44 1.00 0.00
0.50 3.67 8.62 1.00 0.00
0.70 3.67 5.58 1.00 0.00
0.70 3.67 5.75 1.00 0.00
0.70 3.67 5.92 1.00 0.00
0.70 3.67 6.10 1.00 0.00
0.70 3.67 6.27 1.00 0.00
0.70 3.67 6.45 1.00 0.00
0.70 3.67 6.62 1.00 0.00
0.70 3.67 6.80 1.00 0.00
0.70 3.67 6.97 1.00 0.00
0.70 3.67 7.15 1.00 0.00
0.70 3.67 7.32 1.00 0.00
0.70 3.67 7.50 1.00 0.00
0.70 3.67 7.67 1.00 0.00
0.70 3.67 7.84 1.00 0.00
0.70 3.67 8.02 1.00 0.00
0.70 3.67 8.19 1.00 0.00
0.70 3.67 8.37 1.00 0.00
0.70 3.67 8.54 1.00 0.00
0.90 3.67 5.50 1.00 0.00
0.90 3.67 5.68 1.00 0.00
0.90 3.67 5.85 1.00 0.00
0.90 3.67 6.03 1.00 0.00
0.90 3.67 6.20 1.00 0.00
0.90 3.67 6.38 1.00 0.00
0.90 3.67 6.55 1.00 0.00
0.90 3.67 6.73 1.00 0.00
0.90 3.67 6.90 1.00 0.00
0.90 3.67 7.07 1.00 0.00
0.90 3.67 7.25 1.00 0.00
0.90 3.67 7.42 1.00 0.00
0.90 3.67 7.60 1.00 0.00
0.90 3.67 7.77 1.00 0.00
0.90 3.67 7.95 1.00 0.00
0.90 3.67 8.12 1.00 0.00
0.90 3.67 8.30 1.00 0.00
0.90 3.67 8.47 1.00 0.00
1.10 3.67 5.44 1.00 0.00
1.10 3.67 5.61 1.00 0.00
1.10 3.67 5.78 1.00 0.00
1.10 3.67 5.96 1.00 0.00
1.10 3.67 6.13 1.00 0.00
1.10 3.67 6.31 1.00 0.00
1.10 3.67 6.48 1.00 0.00
1.10 3.67 6.66 1.00 0.00
1.10 3.67 6.83 1.00 0.00
1.10 3.67 7.01 1.00 0.00
1.10 3.67 7.18 1.00 0.00
1.10 3.67 7.36 1.00 0.00
1.10 3.67 7.53 1.00 0.00
1.10 3.67 7.70 1.00 0.00
1.10 3.67 7.88 1.00 0.00
1.10 3.67 8.05 1.00 0.00
1.10 3.67 8.23 1.00 0.00
1.10 3.67 8.40 1.00 0.00
0.30 3.84 5.72 1.00 0.00
0.30 3.84 5.90 1.00 0.00
0.30 3.84 6.07 1.00 0.00
0.30 3.84 6.25 1.00 0.00
0.30 3.84 6.42 1.00 0.00
0.30 3.84 6.60 1.00 0.00
0.30 3.84 6.77 1.00 0.00
0.30 3.84 6.95 1.00 0.00
0.30 3.84 7.12 1.00 0.00
0.30 3.84 7.29 1.00 0.00
0.30 3.84 7.47 1.00 0.00
0.30 3.84 7.64 1.00 0.00
0.30 3.84 7.82 1.00 0.00
0.30 3.84 7.99 1.00 0.00
0.30 3.84 8.17 1.00 0.00
0.30 3.84 8.34 1.00 0.00
0.30 3.84 8.52 1.00 0.00
0.30 3.84 8.69 1.00 0.00
0.50 3.84 5.65 1.00 0.00
0.50 3.84 5.82 1.00 0.00
0.50 3.84 6.00 1.00 0.00
0.50 3.84 6.17 1.00 0.00
0.50 3.84 6.35 1.00 0.00
0.50 3.84 6.52 1.00 0.00
0.50 3.84 6.69 1.00 0.00
0.50 3.84 6.87 1.00 0.00
0.50 3.84 7.04 1.00 0.00
0.50 3.84 7.22 1.00 0.00
0.50 3.84 7.39 1.00 0.00
0.50 3.84 7.57 1.00 0.00
0.50 3.84 7.74 1.00 0.00
0.50 3.84 7.92 1.00 0.00
0.50 3.84 8.09 1.00 0.00
0.50 3.84 8.27 1.00 0.00
0.50 3.84 8.44 1.00 0.00
0.50 3.84 8.61 1.00 0.00
0.70 3.84 5.57 1.00 0.00
0.70 3.84 5.75 1.00 0.00
0.70 3.84 5.92 1.00 0.00
0.70 3.84 6.09 1.00 0.00
0.70 3.84 6.27 1.00 0.00
0.70 3.84 6.44 1.00 0.00
0.70 3.84 6.62 1.00 0.00
0.70 3.84 6.79 1.00 0.00
0.70 3.84 6.97 1.00 0.00
0.70 3.84 7.14 1.00 0.00
0.70 3.84 7.32 1.00 0.00
0.70 3.84 7.49 1.00 0.00
0.70 3.84 7.67 1.00 0.00
0.70 3.84 7.84 1.00 0.00
0.70 3.84 8.01 1.00 0.00
0.70 3.84 8.19 1.00 0.00
0.70 3.84 8.36 1.00 0.00
0.70 3.84 8.54 1.00 0.00
0.90 3.84 5.49 1.00 0.00
0.90 3.84 5.67 1.00 0.00
0.90 3.84 5.84 1.00 0.00
0.90 3.84 6.02 1.00 0.00
0.90 3.84 6.19 1.00 0.00
0.90 3.84 6.37 1.00 0.00
0.90 3.84 6.54 1.00 0.00
0.90 3.84 6.72 1.00 0.00
0.90 3.84 6.89 1.00 0.00
0.90 3.84 7.06 1.00 0.00
0.90 3.84 7.24 1.00 0.00
0.90 3.84 7.41 1.00 0.00
0.90 3.84 7.59 1.00 0.00
0.90 3.84 7.76 1.00 0.00
0.90 3.84 7.94 1.00 0.00
0.90 3.84 8.11 1.00 0.00
0.90 3.84 8.29 1.00 0.00
0.90 3.84 8.46 1.00 0.00
1.10 3.84 5.42 1.00 0.00
1.10 3.84 5.59 1.00 0.00
1.10 3.84 5.77 1.00 0.00
1.10 3.84 5.94 1.00 0.00
1.10 3.84 6.12 1.00 0.00
1.10 3.84 6.29 1.00 0.00
1.10 3.84 6.47 1.00 0.00
1.10 3.84 6.64 1.00 0.00
1.10 3.84 6.81 1.00 0.00
1.10 3.84 6.99 1.00 0.00
1.10 3.84 7.16 1.00 0.00
1.10 3.84 7.34 1.00 0.00
1.10 3.84 7.51 1.00 0.00
1.10 3.84 7.69 1.00 0.00
1.10 3.84 7.86 1.00 0.00
1.10 3.84 8.04 1.00 0.00
1.10 3.84 8.21 1.00 0.00
1.10 3.84 8.39 1.00 0.00
0.30 4.01 5.73 1.00 0.00
0.30 4.01 5.90 1.00 0.00
0.30 4.01 6.08 1.00 0.00
0.30 4.01 6.25 1.00 0.00
0.30 4.01 6.43 1.00 0.00
0.30 4.01 6.60 1.00 0.00
0.30 4.01 6.78 1.00 0.00
0.30 4.01 6.95 1.00 0.00
0.30 4.01 7.12 1.00 0.00
0.30 4.01 7.30 1.00 0.00
0.30 4.01 7.47 1.00 0.00
0.30 4.01 7.65 1.00 0.00
0.30 4.01 7.82 1.00 0.00
0.30 4.01 8.00 1.00 0.00
0.30 4.01 8.17 1.00 0.00
0.30 4.01 8.35 1.00 0.00
0.30 4.01 8.52 1.00 0.00
0.30 4.01 8.70 1.00 0.00
0.50 4.01 5.65 1.00 0.00
0.50 4.01 5.83 1.00 0.00
0.50 4.01 6.00 1.00 0.00
0.50 4.01 6.18 1.00 0.00
0.50 4.01 6.35 1.00 0.00
0.50 4.01 6.53 1.00 0.00
0.50 4.01 6.70 1.00 0.00
0.50 4.01 6.87 1.00 0.00
0.50 4.01 7.05 1.00 0.00
0.50 4.01 7.22 1.00 0.00
0.50 4.01 7.40 1.00 0.00
0.50 4.01 7.57 1.00 0.00
0.50 4.01 7.75 1.00 0.00
0.50 4.01 7.92 1.00 0.00
0.50 4.01 8.10 1.00 0.00
0.50 4.01 8.27 1.00 0.00
0.50 4.01 8.45 1.00 0.00
0.50 4.01 8.62 1.00 0.00
0.70 4.01 5.57 1.00 0.00
0.70 4.01 5.75 1.00 0.00
0.70 4.01 5.92 1.00 0.00
0.70 4.01 6.10 1.00 0.00
0.70 4.01 6.27 1.00 0.00
0.70 4.01 6.45 1.00 0.00
0.70 4.01 6.62 1.00 0.00
0.70 4.01 6.80 1.00 0.00
0.70 4.01 6.97 1.00 0.00
0.70 4.01 7.15 1.00 0.00
0.70 4.01 7.32 1.00 0.00
0.70 4.01 7.49 1.00 0.00
0.70 4.01 7.67 1.00 0.00
0.70 4.01 7.84 1.00 0.00
0.70 4.01 8.02 1.00 0.00
0.70 4.01 8.19 1.00 0.00
0.70 4.01 8.37 1.00 0.00
0.70 4.01 8.54 1.00 0.00
0.90 4.01 5.49 1.00 0.00
0.90 4.01 5.67 1.00 0.00
0.90 4.01 5.84 1.00 0.00
0.90 4.01 6.02 1.00 0.00
0.90 4.01 6.19 1.00 0.00
0.90 4.01 6.37 1.00 0.00
0.90 4.01 6.54 1.00 0.00
0.90 4.01 6.72 1.00 0.00
0.90 4.01 6.89 1.00 0.00
0.90 4.01 7.06 1.00 0.00
0.90 4.01 7.24 1.00 0.00
0.90 4.01 7.41 1.00 0.00
0.90 4.01 7.59 1.00 0.00
0.90 4.01 7.76 1.00 0.00
0.90 4.01 7.94 1.00 0.00
0.90 4.01 8.11 1.00 0.00
0.90 4.01 8.29 1.00 0.00
0.90 4.01 8.46 1.00 0.00
1.10 4.01 5.41 1.00 0.00
1.10 4.01 5.59 1.00 0.00
1.10 4.01 5.76 1.00 0.00
1.10 4.01 5.94 1.00 0.00
1.10 4.01 6.11 1.00 0.00
1.10 4.01 6.28 1.00 0.00
1.10 4.01 6.46 1.00 0.00
1.10 4.01 6.63 1.00 0.00
1.10 4.01 6.81 1.00 0.00
1.10 4.01 6.98 1.00 0.00
1.10 4.01 7.16 1.00 0.00
1.10 4.01 7.33 1.00 0.00
1.10 4.01 7.51 1.00 0.00
1.10 4.01 7.68 1.00 0.00
1.10 4.01 7.86 1.00 0.00
1.10 4.01 8.03 1.00 0.00
1.10 4.01 8.20 1.00 0.00
1.10 4.01 8.38 1.00 0.00
0.30 4.19 5.74 1.00 0.00
0.30 4.19 5.91 1.00 0.00
0.30 4.19 6.09 1.00 0.00
0.30 4.19 6.26 1.00 0.00
0.30 4.19 6.43 1.00 0.00
0.30 4.19 6.61 1.00 0.00
0.30 4.19 6.78 1.00 0.00
0.30 4.19 6.96 1.00 0.00
0.30 4.19 7.13 1.00 0.00
0.30 4.19 7.31 1.00 0.00
0.30 4.19 7.48 1.00 0.00
0.30 4.19 7.66 1.00 0.00
0.30 4.19 7.83 1.00 0.00
0.30 4.19 8.01 1.00 0.00
0.30 4.19 8.18 1.00 0.00
0.30 4.19 8.35 1.00 0.00
0.30 4.19 8.53 1.00 0.00
0.30 4.19 8.70 1.00 0.00
0.50 4.19 5.66 1.00 0.00
0.50 4.19 5.84 1.00 0.00
0.50 4.19 6.01 1.00 0.00
0.50 4.19 6.19 1.00 0.00
0.50 4.19 6.36 1.00 0.00
0.50 4.19 6.54 1.00 0.00
0.50 4.19 6.71 1.00 0.00
0.50 4.19 6.89 1.00 0.00
0.50 4.19 7.06 1.00 0.00
0.50 4.19 7.24 1.00 0.00
0.50 4.19 7.41 1.00 0.00
0.50 4.19 7.58 1.00 0.00
0.50 4.19 7.76 1.00 0.00
0.50 4.19 7.93 1.00 0.00
0.50 4.19 8.11 1.00 0.00
0.50 4.19 8.28 1.00 0.00
0.50 4.19 8.46 1.00 0.00
0.50 4.19 8.63 1.00 0.00
0.70 4.19 5.59 1.00 0.00
0.70 4.19 5.76 1.00 0.00
0.70 4.19 5.94 1.00 0.00
0.70 4.19 6.11 1.00 0.00
0.70 4.19 6.29 1.00 0.00
0.70 4.19 6.46 1.00 0.00
0.70 4.19 6.63 1.00 0.00
0.70 4.19 6.81 1.00 0.00
0.70 4.19 6.98 1.00 0.00
0.70 4.19 7.16 1.00 0.00
0.70 4.19 7.33 1.00 0.00
0.70 4.19 7.51 1.00 0.00
0.70 4.19 7.68 1.00 0.00
0.70 4.19 7.86 1.00 0.00
0.70 4.19 8.03 1.00 0.00
0.70 4.19 8.21 1.00 0.00
0.70 4.19 8.38 1.00 0.00
0.70 4.19 8.55 1.00 0.00
0.90 4.19 5.51 1.00 0.00
0.90 4.19 5.68 1.00 0.00
0.90 4.19 5.85 1.00 0.00
0.90 4.19 6.03 1.00 0.00
0.90 4.19 6.20 1.00 0.00
0.90 4.19 6.38 1.00 0.00
0.90 4.19 6.55 1.00 0.00
0.90 4.19 6.73 1.00 0.00
0.90 4.19 6.90 1.00 0.00
0.90 4.19 7.08 1.00 0.00
0.90 4.19 7.25 1.00 0.00
0.90 4.19 7.43 1.00 0.00
0.90 4.19 7.60 1.00 0.00
0.90 4.19 7.77 1.00 0.00
0.90 4.19 7.95 1.00 0.00
0.90 4.19 8.12 1.00 0.00
0.90 4.19 8.30 1.00 0.00
0.90 4.19 8.47 1.00 0.00
1.10 4.19 5.42 1.00 0.00
1.10 4.19 5.59 1.00 0.00
1.10 4.19 5.77 1.00 0.00
1.10 4.19 5.94 1.00 0.00
1.10 4.19 6.12 1.00 0.00
1.10 4.19 6.29 1.00 0.00
1.10 4.19 6.47 1.00 0.00
1.10 4.19 6.64 1.00 0.00
1.10 4.19 6.82 1.00 0.00
1.10 4.19 6.99 1.00 0.00
1.10 4.19 7.17 1.00 0.00
1.10 4.19 7.34 1.00 0.00
1.10 4.19 7.51 1.00 0.00
1.10 4.19 7.69 1.00 0.00
1.10 4.19 7.86 1.00 0.00
1.10 4.19 8.04 1.00 0.00
1.10 4.19 8.21 1.00 0.00
1.10 4.19 8.39 1.00 0.00
0.30 4.36 5.75 1.00 0.00
0.30 4.36 5.92 1.00 0.00
0.30 4.36 6.10 1.00 0.00
0.30 4.36 6.27 1.00 0.00
0.30 4.36 6.45 1.00 0.00
0.30 4.36 6.62 1.00 0.00
0.30 4.36 6.80 1.00 0.00
0.30 4.36 6.97 1.00 0.00
0.30 4.36 7.14 1.00 0.00
0.30 4.36 7.32 1.00 0.00
0.30 4.36 7.49 1.00 0.00
0.30 4.36 7.67 1.00 0.00
0.30 4.36 7.84 1.00 0.00
0.30 4.36 8.02 1.00 0.00
0.30 4.36 8.19 1.00 0.00
0.30 4.36 8.37 1.00 0.00
0.30 4.36 8.54 1.00 0.00
0.30 4.36 8.72 1.00 0.00
0.50 4.36 5.68 1.00 0.00
0.50 4.36 5.86 1.00 0.00
0.50 4.36 6.03 1.00 0.00
0.50 4.36 6.21 1.00 0.00
0.50 4.36 6.38 1.00 0.00
0.50 4.36 6.56 1.00 0.00
0.50 4.36 6.73 1.00 0.00
0.50 4.36 6.90 1.00 0.00
0.50 4.36 7.08 1.00 0.00
0.50 4.36 7.25 1.00 0.00
0.50 4.36 7.43 1.00 0.00
0.50 4.36 7.60 1.00 0.00
0.50 4.36 7.78 1.00 0.00
0.50 4.36 7.95 1.00 0.00
0.50 4.36 8.13 1.00 0.00
0.50 4.36 8.30 1.00 0.00
0.50 4.36 8.48 1.00 0.00
0.50 4.36 8.65 1.00 0.00
0.70 4.36 5.61 1.00 0.00
0.70 4.36 5.78 1.00 0.00
0.70 4.36 5.96 1.00 0.00
0.70 4.36 6.13 1.00 0.00
0.70 4.36 6.31 1.00 0.00
0.70 4.36 6.48 1.00 0.00
0.70 4.36 6.66 1.00 0.00
0.70 4.36 6.83 1.00 0.00
0.70 4.36 7.01 1.00 0.00
0.70 4.36 7.18 1.00 0.00
0.70 4.36 7.36 1.00 0.00
0.70 4.36 7.53 1.00 0.00
0.70 4.36 7.70 1.00 0.00
0.70 4.36 7.88 1.00 0.00
0.70 4.36 8.05 1.00 0.00
0.70 4.36 8.23 1.00 0.00
0.70 4.36 8.40 1.00 0.00
0.70 4.36 8.58 1.00 0.00
0.90 4.36 5.53 1.00 0.00
0.90 4.36 5.71 1.00 0.00
0.90 4.36 5.88 1.00 0.00
0.90 4.36 6.05 1.00 0.00
0.90 4.36 6.23 1.00 0.00
0.90 4.36 6.40 1.00 0.00
0.90 4.36 6.58 1.00 0.00
0.90 4.36 6.75 1.00 0.00
0.90 4.36 6.93 1.00 0.00
0.90 4.36 7.10 1.00 0.00
0.90 4.36 7.28 1.00 0.00
0.90 4.36 7.45 1.00 0.00
0.90 4.36 7.63 1.00 0.00
0.90 4.36 7.80 1.00 0.00
0.90 4.36 7.97 1.00 0.00
0.90 4.36 8.15 1.00 0.00
0.90 4.36 8.32 1.00 0.00
0.90 4.36 8.50 1.00 0.00
1.10 4.36 5.44 1.00 0.00
1.10 4.36 5.62 1.00 0.00
1.10 4.36 5.79 1.00 0.00
1.10 4.36 5.97 1.00 0.00
1.10 4.36 6.14 1.00 0.00
1.10 4.36 6.32 1.00 0.00
1.10 4.36 6.49 1.00 0.00
1.10 4.36 6.67 1.00 0.00
1.10 4.36 6.84 1.00 0.00
1.10 4.36 7.02 1.00 0.00
1.10 4.36 7.19 1.00 0.00
1.10 4.36 7.36 1.00 0.00
1.10 4.36 7.54 1.00 0.00
1.10 4.36 7.71 1.00 0.00
1.10 4.36 7.89 1.00 0.00
1.10 4.36 8.06 1.00 0.00
1.10 4.36 8.24 1.00 0.00
1.10 4.36 8.41 1.00 0.00
0.30 4.54 5.76 1.00 0.00
0.30 4.54 5.94 1.00 0.00
0.30 4.54 6.11 1.00 0.00
0.30 4.54 6.29 1.00 0.00
0.30 4.54 6.46 1.00 0.00
0.30 4.54 6.64 1.00 0.00
0.30 4.54 6.81 1.00 0.00
0.30 4.54 6.98 1.00 0.00
0.30 4.54 7.16 1.00 0.00
0.30 4.54 7.33 1.00 0.00
0.30 4.54 7.51 1.00 0.00
0.30 4.54 7.68 1.00 0.00
0.30 4.54 7.86 1.00 0.00
0.30 4.54 8.03 1.00 0.00
0.30 4.54 8.21 1.00 0.00
0.30 4.54 8.38 1.00 0.00
0.30 4.54 8.56 1.00 0.00
0.30 4.54 8.73 1.00 0.00
0.50 4.54 5.71 1.00 0.00
0.50 4.54 5.88 1.00 0.00
0.50 4.54 6.06 1.00 0.00
0.50 4.54 6.23 1.00 0.00
0.50 4.54 6.41 1.00 0.00
0.50 4.54 6.58 1.00 0.00
0.50 4.54 6.75 1.00 0.00
0.50 4.54 6.93 1.00 0.00
0.50 4.54 7.10 1.00 0.00
0.50 4.54 7.28 1.00 0.00
0.50 4.54 7.45 1.00 0.00
0.50 4.54 7.63 1.00 0.00
0.50 4.54 7.80 1.00 0.00
0.50 4.54 7.98 1.00 0.00
0.50 4.54 8.15 1.00 0.00
0.50 4.54 8.33 1.00 0.00
0.50 4.54 8.50 1.00 0.00
0.50 4.54 8.67 1.00 0.00
0.70 4.54 5.64 1.00 0.00
0.70 4.54 5.82 1.00 0.00
0.70 4.54 5.99 1.00 0.00
0.70 4.54 6.17 1.00 0.00
0.70 4.54 6.34 1.00 0.00
0.70 4.54 6.52 1.00 0.00
0.70 4.54 6.69 1.00 0.00
0.70 4.54 6.87 1.00 0.00
0.70 4.54 7.04 1.00 0.00
0.70 4.54 7.21 1.00 0.00
0.70 4.54 7.39 1.00 0.00
0.70 4.54 7.56 1.00 0.00
0.70 4.54 7.74 1.00 0.00
0.70 4.54 7.91 1.00 0.00
0.70 4.54 8.09 1.00 0.00
0.70 4.54 8.26 1.00 0.00
0.70 4.54 8.44 1.00 0.00
0.70 4.54 8.61 1.00 0.00
0.90 4.54 5.57 1.00 0.00
0.90 4.54 5.75 1.00 0.00
0.90 4.54 5.92 1.00 0.00
0.90 4.54 6.10 1.00 0.00
0.90 4.54 6.27 1.00 0.00
0.90 4.54 6.44 1.00 0.00
0.90 4.54 6.62 1.00 0.00
0.90 4.54 6.79 1.00 0.00
0.90 4.54 6.97 1.00 0.00
0.90 4.54 7.14 1.00 0.00
0.90 4.54 7.32 1.00 0.00
0.90 4.54 7.49 1.00 0.00
0.90 4.54 7.67 1.00 0.00
0.90 4.54 7.84 1.00 0.00
0.90 4.54 8.02 1.00 0.00
0.90 4.54 8.19 1.00 0.00
0.90 4.54 8.36 1.00 0.00
0.90 4.54 8.54 1.00 0.00
1.10 4.54 5.49 1.00 0.00
1.10 4.54 5.66 1.00 0.00
1.10 4.54 5.84 1.00 0.00
1.10 4.54 6.01 1.00 0.00
1.10 4.54 6.19 1.00 0.00
1.10 4.54 6.36 1.00 0.00
1.10 4.54 6.54 1.00 0.00
1.10 4.54 6.71 1.00 0.00
1.10 4.54 6.89 1.00 0.00
1.10 4.54 7.06 1.00 0.00
1.10 4.54 7.24 1.00 0.00
1.10 4.54 7.41 1.00 0.00
1.10 4.54 7.58 1.00 0.00
1.10 4.54 7.76 1.00 0.00
1.10 4.54 7.93 1.00 0.00
1.10 4.54 8.11 1.00 0.00
1.10 4.54 8.28 1.00 0.00
1.10 4.54 8.46 1.00 0.00
0.30 4.71 5.78 1.00 0.00
0.30 4.71 5.96 1.00 0.00
0.30 4.71 6.13 1.00 0.00
0.30 4.71 6.30 1.00 0.00
0.30 4.71 6.48 1.00 0.00
0.30 4.71 6.65 1.00 0.00
0.30 4.71 6.83 1.00 0.00
0.30 4.71 7.00 1.00 0.00
0.30 4.71 7.18 1.00 0.00
0.30 4.71 7.35 1.00 0.00
0.30 4.71 7.53 1.00 0.00
0.30 4.71 7.70 1.00 0.00
0.30 4.71 7.88 1.00 0.00
0.30 4.71 8.05 1.00 0.00
0.30 4.71 8.22 1.00 0.00
0.30 4.71 8.40 1.00 0.00
0.30 4.71 8.57 1.00 0.00
0.30 4.71 8.75 1.00 0.00
0.50 4.71 5.74 1.00 0.00
0.50 4.71 5.91 1.00 0.00
0.50 4.71 6.09 1.00 0.00
0.50 4.71 6.26 1.00 0.00
0.50 4.71 6.44 1.00 0.00
0.50 4.71 6.61 1.00 0.00
0.50 4.71 6.79 1.00 0.00
0.50 4.71 6.96 1.00 0.00
0.50 4.71 7.13 1.00 0.00
0.50 4.71 7.31 1.00 0.00
0.50 4.71 7.48 1.00 0.00
0.50 4.71 7.66 1.00 0.00
0.50 4.71 7.83 1.00 0.00
0.50 4.71 8.01 1.00 0.00
0.50 4.71 8.18 1.00 0.00
0.50 4.71 8.36 1.00 0.00
0.50 4.71 8.53 1.00 0.00
0.50 4.71 8.71 1.00 0.00
0.70 4.71 5.69 1.00 0.00
0.70 4.71 5.86 1.00 0.00
0.70 4.71 6.04 1.00 0.00
0.70 4.71 6.21 1.00 0.00
0.70 4.71 6.39 1.00 0.00
0.70 4.71 6.56 1.00 0.00
0.70 4.71 6.74 1.00 0.00
0.70 4.71 6.91 1.00 0.00
0.70 4.71 7.08 1.00 0.00
0.70 4.71 7.26 1.00 0.00
0.70 4.71 7.43 1.00 0.00
0.70 4.71 7.61 1.00 0.00
0.70 4.71 7.78 1.00 0.00
0.70 4.71 7.96 1.00 0.00
0.70 4.71 8.13 1.00 0.00
0.70 4.71 8.31 1.00 0.00
0.70 4.71 8.48 1.00 0.00
0.70 4.71 8.66 1.00 0.00
0.90 4.71 5.63 1.00 0.00
0.90 4.71 5.80 1.00 0.00
0.90 4.71 5.98 1.00 0.00
0.90 4.71 6.15 1.00 0.00
0.90 4.71 6.33 1.00 0.00
0.90 4.71 6.50 1.00 0.00
0.90 4.71 6.68 1.00 0.00
0.90 4.71 6.85 1.00 0.00
0.90 4.71 7.03 1.00 0.00
0.90 4.71 7.20 1.00 0.00
0.90 4.71 7.37 1.00 0.00
0.90 4.71 7.55 1.00 0.00
0.90 4.71 7.72 1.00 0.00
0.90 4.71 7.90 1.00 0.00
0.90 4.71 8.07 1.00 0.00
0.90 4.71 8.25 1.00 0.00
0.90 4.71 8.42 1.00 0.00
0.90 4.71 8.60 1.00 0.00
1.10 4.71 5.56 1.00 0.00
1.10 4.71 5.73 1.00 0.00
1.10 4.71 5.91 1.00 0.00
1.10 4.71 6.08 1.00 0.00
1.10 4.71 6.26 1.00 0.00
1.10 4.71 6.43 1.00 0.00
1.10 4.71 6.61 1.00 0.00
1.10 4.71 6.78 1.00 0.00
1.10 4.71 6.96 1.00 0.00
1.10 4.71 7.13 1.00 0.00
1.10 4.71 7.31 1.00 0.00
1.10 4.71 7.48 1.00 0.00
1.10 4.71 7.65 1.00 0.00
1.10 4.71 7.83 1.00 0.00
1.10 4.71 8.00 1.00 0.00
1.10 4.71 8.18 1.00 0.00
1.10 4.71 8.35 1.00 0.00
1.10 4.71 8.53 1.00 0.00
0.30 4.89 5.80 1.00 0.00
0.30 4.89 5.98 1.00 0.00
0.30 4.89 6.15 1.00 0.00
0.30 4.89 6.32 1.00 0.00
0.30 4.89 6.50 1.00 0.00
0.30 4.89 6.67 1.00 0.00
0.30 4.89 6.85 1.00 0.00
0.30 4.89 7.02 1.00 0.00
0.30 4.89 7.20 1.00 0.00
0.30 4.89 7.37 1.00 0.00
0.30 4.89 7.55 1.00 0.00
0.30 4.89 7.72 1.00 0.00
0.30 4.89 7.90 1.00 0.00
0.30 4.89 8.07 1.00 0.00
0.30 4.89 8.24 1.00 0.00
0.30 4.89 8.42 1.00 0.00
0.30 4.89 8.59 1.00 0.00
0.30 4.89 8.77 1.00 0.00
0.50 4.89 5.77 1.00 0.00
0.50 4.89 5.95 1.00 0.00
0.50 4.89 6.12 1.00 0.00
0.50 4.89 6.30 1.00 0.00
0.50 4.89 6.47 1.00 0.00
0.50 4.89 6.65 1.00 0.00
0.50 4.89 6.82 1.00 0.00
0.50 4.89 7.00 1.00 0.00
0.50 4.89 7.17 1.00 0.00
0.50 4.89 7.34 1.00 0.00
0.50 4.89 7.52 1.00 0.00
0.50 4.89 7.69 1.00 0.00
0.50 4.89 7.87 1.00 0.00
0.50 4.89 8.04 1.00 0.00
0.50 4.89 8.22 1.00 0.00
0.50 4.89 8.39 1.00 0.00
0.50 4.89 8.57 1.00 0.00
0.50 4.89 8.74 1.00 0.00
0.70 4.89 5.74 1.00 0.00
0.70 4.89 5.92 1.00 0.00
0.70 4.89 6.09 1.00 0.00
0.70 4.89 6.26 1.00 0.00
0.70 4.89 6.44 1.00 0.00
0.70 4.89 6.61 1.00 0.00
0.70 4.89 6.79 1.00 0.00
0.70 4.89 6.96 1.00 0.00
0.70 4.89 7.14 1.00 0.00
0.70 4.89 7.31 1.00 0.00
0.70 4.89 7.49 1.00 0.00
0.70 4.89 7.66 1.00 0.00
0.70 4.89 7.84 1.00 0.00
0.70 4.89 8.01 1.00 0.00
0.70 4.89 8.18 1.00 0.00
0.70 4.89 8.36 1.00 0.00
0.70 4.89 8.53 1.00 0.00
0.70 4.89 8.71 1.00 0.00
0.90 4.89 5.70 1.00 0.00
0.90 4.89 5.88 1.00 0.00
0.90 4.89 6.05 1.00 0.00
0.90 4.89 6.23 1.00 0.00
0.90 4.89 6.40 1.00 0.00
0.90 4.89 6.57 1.00 0.00
0.90 4.89 6.75 1.00 0.00
0.90 4.89 6.92 1.00 0.00
0.90 4.89 7.10 1.00 0.00
0.90 4.89 7.27 1.00 0.00
0.90 4.89 7.45 1.00 0.00
0.90 4.89 7.62 1.00 0.00
0.90 4.89 7.80 1.00 0.00
0.90 4.89 7.97 1.00 0.00
0.90 4.89 8.15 1.00 0.00
0.90 4.89 8.32 1.00 0.00
0.90 4.89 8.49 1.00 0.00
0.90 4.89 8.67 1.00 0.00
1.10 4.89 5.65 1.00 0.00
1.10 4.89 5.83 1.00 0.00
1.10 4.89 6.00 1.00 0.00
1.10 4.89 6.18 1.00 0.00
1.10 4.89 6.35 1.00 0.00
1.10 4.89 6.53 1.00 0.00
1.10 4.89 6.70 1.00 0.00
1.10 4.89 6.88 1.00 0.00
1.10 4.89 7.05 1.00 0.00
1.10 4.89 7.22 1.00 0.00
1.10 4.89 7.40 1.00 0.00
1.10 4.89 7.57 1.00 0.00
1.10 4.89 7.75 1.00 0.00
1.10 4.89 7.92 1.00 0.00
1.10 4.89 8.10 1.00 0.00
1.10 4.89 8.27 1.00 0.00
1.10 4.89 8.45 1.00 0.00
1.10 4.89 8.62 1.00 0.00
0.30 5.06 5.82 1.00 0.00
0.30 5.06 6.00 1.00 0.00
0.30 5.06 6.17 1.00 0.00
0.30 5.06 6.35 1.00 0.00
0.30 5.06 6.52 1.00 0.00
0.30 5.06 6.70 1.00 0.00
0.30 5.06 6.87 1.00 0.00
0.30 5.06 7.04 1.00 0.00
0.30 5.06 7.22 1.00 0.00
0.30 5.06 7.39 1.00 0.00
0.30 5.06 7.57 1.00 0.00
0.30 5.06 7.74 1.00 0.00
0.30 5.06 7.92 1.00 0.00
0.30 5.06 8.09 1.00 0.00
0.30 5.06 8.27 1.00 0.00
0.30 5.06 8.44 1.00 0.00
0.30 5.06 8.61 1.00 0.00
0.30 5.06 8.79 1.00 0.00
0.50 5.06 5.81 1.00 0.00
0.50 5.06 5.99 1.00 0.00
0.50 5.06 6.16 1.00 0.00
0.50 5.06 6.34 1.00 0.00
0.50 5.06 6.51 1.00 0.00
0.50 5.06 6.68 1.00 0.00
0.50 5.06 6.86 1.00 0.00
0.50 5.06 7.03 1.00 0.00
0.50 5.06 7.21 1.00 0.00
0.50 5.06 7.38 1.00 0.00
0.50 5.06 7.56 1.00 0.00
0.50 5.06 7.73 1.00 0.00
0.50 5.06 7.91 1.00 0.00
0.50 5.06 8.08 1.00 0.00
0.50 5.06 8.26 1.00 0.00
0.50 5.06 8.43 1.00 0.00
0.50 5.06 8.60 1.00 0.00
0.50 5.06 8.78 1.00 0.00
0.70 5.06 5.80 1.00 0.00
0.70 5.06 5.97 1.00 0.00
0.70 5.06 6.15 1.00 0.00
0.70 5.06 6.32 1.00 0.00
0.70 5.06 6.50 1.00 0.00
0.70 5.06 6.67 1.00 0.00
0.70 5.06 6.85 1.00 0.00
0.70 5.06 7.02 1.00 0.00
0.70 5.06 7.20 1.00 0.00
0.70 5.06 7.37 1.00 0.00
0.70 5.06 7.55 1.00 0.00
0.70 5.06 7.72 1.00 0.00
0.70 5.06 7.89 1.00 0.00
0.70 5.06 8.07 1.00 0.00
0.70 5.06 8.24 1.00 0.00
0.70 5.06 8.42 1.00 0.00
0.70 5.06 8.59 1.00 0.00
0.70 5.06 8.77 1.00 0.00
0.90 5.06 5.78 1.00 0.00
0.90 5.06 5.96 1.00 0.00
0.90 5.06 6.13 1.00 0.00
0.90 5.06 6.31 1.00 0.00
0.90 5.06 6.48 1.00 0.00
0.90 5.06 6.66 1.00 0.00
0.90 5.06 6.83 1.00 0.00
0.90 5.06 7.01 1.00 0.00
0.90 5.06 7.18 1.00 0.00
0.90 5.06 7.36 1.00 0.00
0.90 5.06 7.53 1.00 0.00
0.90 5.06 7.70 1.00 0.00
0.90 5.06 7.88 1.00 0.00
0.90 5.06 8.05 1.00 0.00
0.90 5.06 8.23 1.00 0.00
0.90 5.06 8.40 1.00 0.00
0.90 5.06 8.58 1.00 0.00
0.90 5.06 8.75 1.00 0.00
1.10 5.06 5.77 1.00 0.00
1.10 5.06 5.94 1.00 0.00
1.10 5.06 6.12 1.00 0.00
1.10 5.06 6.29 1.00 0.00
1.10 5.06 6.46 1.00 0.00
1.10 5.06 6.64 1.00 0.00
1.10 5.06 6.81 1.00 0.00
1.10 5.06 6.99 1.00 0.00
1.10 5.06 7.16 1.00 0.00
1.10 5.06 7.34 1.00 0.00
1.10 5.06 7.51 1.00 0.00
1.10 5.06 7.69 1.00 0.00
1.10 5.06 7.86 1.00 0.00
1.10 5.06 8.04 1.00 0.00
1.10 5.06 8.21 1.00 0.00
1.10 5.06 8.38 1.00 0.00
1.10 5.06 8.56 1.00 0.00
1.10 5.06 8.73 1.00 0.00
0.30 5.24 5.84 1.00 0.00
0.30 5.24 6.02 1.00 0.00
0.30 5.24 6.19 1.00 0.00
0.30 5.24 6.37 1.00 0.00
0.30 5.24 6.54 1.00 0.00
0.30 5.24 6.72 1.00 0.00
0.30 5.24 6.89 1.00 0.00
0.30 5.24 7.07 1.00 0.00
0.30 5.24 7.24 1.00 0.00
0.30 5.24 7.42 1.00 0.00
0.30 5.24 7.59 1.00 0.00
0.30 5.24 7.76 1.00 0.00
0.30 5.24 7.94 1.00 0.00
0.30 5.24 8.11 1.00 0.00
0.30 5.24 8.29 1.00 0.00
0.30 5.24 8.46 1.00 0.00
0.30 5.24 8.64 1.00 0.00
0.30 5.24 8.81 1.00 0.00
0.50 5.24 5.85 1.00 0.00
0.50 5.24 6.03 1.00 0.00
0.50 5.24 6.20 1.00 0.00
0.50 5.24 6.38 1.00 0.00
0.50 5.24 6.55 1.00 0.00
0.50 5.24 6.72 1.00 0.00
0.50 5.24 6.90 1.00 0.00
0.50 5.24 7.07 1.00 0.00
0.50 5.24 7.25 1.00 0.00
0.50 5.24 7.42 1.00 0.00
0.50 5.24 7.60 1.00 0.00
0.50 5.24 7.77 1.00 0.00
0.50 5.24 7.95 1.00 0.00
0.50 5.24 8.12 1.00 0.00
0.50 5.24 8.30 1.00 0.00
0.50 5.24 8.47 1.00 0.00
0.50 5.24 8.64 1.00 0.00
0.50 5.24 8.82 1.00 0.00
0.70 5.24 5.86 1.00 0.00
0.70 5.24 6.04 1.00 0.00
0.70 5.24 6.21 1.00 0.00
0.70 5.24 6.38 1.00 0.00
0.70 5.24 6.56 1.00 0.00
0.70 5.24 6.73 1.00 0.00
0.70 5.24 6.91 1.00 0.00
0.70 5.24 7.08 1.00 0.00
0.70 5.24 7.26 1.00 0.00
0.70 5.24 7.43 1.00 0.00
0.70 5.24 7.61 1.00 0.00
0.70 5.24 7.78 1.00 0.00
0.70 5.24 7.96 1.00 0.00
0.70 5.24 8.13 1.00 0.00
0.70 5.24 8.30 1.00 0.00
0.70 5.24 8.48 1.00 0.00
0.70 5.24 8.65 1.00 0.00
0.70 5.24 8.83 1.00 0.00
0.90 5.24 5.87 1.00 0.00
0.90 5.24 6.05 1.00 0.00
0.90 5.24 6.22 1.00 0.00
0.90 5.24 6.40 1.00 0.00
0.90 5.24 6.57 1.00 0.00
0.90 5.24 6.75 1.00 0.00
0.90 5.24 6.92 1.00 0.00
0.90 5.24 7.09 1.00 0.00
0.90 5.24 7.27 1.00 0.00
0.90 5.24 7.44 1.00 0.00
0.90 5.24 7.62 1.00 0.00
0.90 5.24 7.79 1.00 0.00
0.90 5.24 7.97 1.00 0.00
0.90 5.24 8.14 1.00 0.00
0.90 5.24 8.32 1.00 0.00
0.90 5.24 8.49 1.00 0.00
0.90 5.24 8.67 1.00 0.00
0.90 5.24 8.84 1.00 0.00
1.10 5.24 5.89 1.00 0.00
1.10 5.24 6.06 1.00 0.00
1.10 5.24 6.24 1.00 0.00
1.10 5.24 6.41 1.00 0.00
1.10 5.24 6.59 1.00 0.00
1.10 5.24 6.76 1.00 0.00
1.10 5.24 6.93 1.00 0.00
1.10 5.24 7.11 1.00 0.00
1.10 5.24 7.28 1.00 0.00
1.10 5.24 7.46 1.00 0.00
1.10 5.24 7.63 1.00 0.00
1.10 5.24 7.81 1.00 0.00
1.10 5.24 7.98 1.00 0.00
1.10 5.24 8.16 1.00 0.00
1.10 5.24 8.33 1.00 0.00
1.10 5.24 8.50 1.00 0.00
1.10 5.24 8.68 1.00 0.00
1.10 5.24 8.85 1.00 0.00
0.30 5.41 5.87 1.00 0.00
0.30 5.41 6.04 1.00 0.00
0.30 5.41 6.21 1.00 0.00
0.30 5.41 6.39 1.00 0.00
0.30 5.41 6.56 1.00 0.00
0.30 5.41 6.74 1.00 0.00
0.30 5.41 6.91 1.00 0.00
0.30 5.41 7.09 1.00 0.00
0.30 5.41 7.26 1.00 0.00
0.30 5.41 7.44 1.00 0.00
0.30 5.41 7.61 1.00 0.00
0.30 5.41 7.79 1.00 0.00
0.30 5.41 7.96 1.00 0.00
0.30 5.41 8.13 1.00 0.00
0.30 5.41 8.31 1.00 0.00
0.30 5.41 8.48 1.00 0.00
0.30 5.41 8.66 1.00 0.00
0.30 5.41 8.83 1.00 0.00
0.50 5.41 5.89 1.00 0.00
0.50 5.41 6.07 1.00 0.00
0.50 5.41 6.24 1.00 0.00
0.50 5.41 6.41 1.00 0.00
0.50 5.41 6.59 1.00 0.00
0.50 5.41 6.76 1.00 0.00
0.50 5.41 6.94 1.00 0.00
0.50 5.41 7.11 1.00 0.00
0.50 5.41 7.29 1.00 0.00
0.50 5.41 7.46 1.00 0.00
0.50 5.41 7.64 1.00 0.00
0.50 5.41 7.81 1.00 0.00
0.50 5.41 7.99 1.00 0.00
0.50 5.41 8.16 1.00 0.00
0.50 5.41 8.33 1.00 0.00
0.50 5.41 8.51 1.00 0.00
0.50 5.41 8.68 1.00 0.00
0.50 5.41 8.86 1.00 0.00
0.70 5.41 5.92 1.00 0.00
0.70 5.41 6.10 1.00 0.00
0.70 5.41 6.27 1.00 0.00
0.70 5.41 6.44 1.00 0.00
0.70 5.41 6.62 1.00 0.00
0.70 5.41 6.79 1.00 0.00
0.70 5.41 6.97 1.00 0.00
0.70 5.41 7.14 1.00 0.00
0.70 5.41 7.32 1.00 0.00
0.70 5.41 7.49 1.00 0.00
0.70 5.41 7.67 1.00 0.00
0.70 5.41 7.84 1.00 0.00
0.70 5.41 8.02 1.00 0.00
0.70 5.41 8.19 1.00 0.00
0.70 5.41 8.36 1.00 0.00
0.70 5.41 8.54 1.00 0.00
0.70 5.41 8.71 1.00 0.00
0.70 5.41 8.89 1.00 0.00
0.90 5.41 -0.33 1.00 0.00
0.90 5.41 -0.15 1.00 0.00
0.90 5.41 0.02 1.00 0.00
0.90 5.41 0.20 1.00 0.00
0.90 5.41 0.37 1.00 0.00
0.90 5.41 0.55 1.00 0.00
0.90 5.41 0.72 1.00 0.00
0.90 5.41 0.90 1.00 0.00
0.90 5.41 1.07 1.00 0.00
0.90 5.41 1.24 1.00 0.00
0.90 5.41 1.42 1.00 0.00
0.90 5.41 1.59 1.00 0.00
0.90 5.41 1.77 1.00 0.00
0.90 5.41 1.94 1.00 0.00
0.90 5.41 2.12 1.00 0.00
0.90 5.41 2.29 1.00 0.00
0.90 5.41 2.47 1.00 0.00
0.90 5.41 2.64 1.00 0.00
1.10 5.41 -0.28 1.00 0.00
1.10 5.41 -0.11 1.00 0.00
1.10 5.41 0.07 1.00 0.00
1.10 5.41 0.24 1.00 0.00
1.10 5.41 0.42 1.00 0.00
1.10 5.41 0.59 1.00 0.00
1.10 5.41 0.77 1.00 0.00
1.10 5.41 0.94 1.00 0.00
1.10 5.41 1.11 1.00 0.00
1.10 5.41 1.29 1.00 0.00
1.10 5.41 1.46 1.00 0.00
1.10 5.41 1.64 1.00 0.00
1.10 5.41 1.81 1.00 0.00
1.10 5.41 1.99 1.00 0.00
1.10 5.41 2.16 1.00 0.00
1.10 5.41 2.34 1.00 0.00
1.10 5.41 2.51 1.00 0.00
1.10 5.41 2.69 1.00 0.00
0.30 5.59 5.89 1.00 0.00
0.30 5.59 6.06 1.00 0.00
0.30 5.59 6.24 1.00 0.00
0.30 5.59 6.41 1.00 0.00
0.30 5.59 6.58 1.00 0.00
0.30 5.59 6.76 1.00 0.00
0.30 5.59 6.93 1.00 0.00
0.30 5.59 7.11 1.00 0.00
0.30 5.59 7.28 1.00 0.00
0.30 5.59 7.46 1.00 0.00
0.30 5.59 7.63 1.00 0.00
0.30 5.59 7.81 1.00 0.00
0.30 5.59 7.98 1.00 0.00
0.30 5.59 8.16 1.00 0.00
0.30 5.59 8.33 1.00 0.00
0.30 5.59 8.50 1.00 0.00
0.30 5.59 8.68 1.00 0.00
0.30 5.59 8.85 1.00 0.00
0.50 5.59 5.93 1.00 0.00
0.50 5.59 6.10 1.00 0.00
0.50 5.59 6.28 1.00 0.00
0.50 5.59 6.45 1.00 0.00
0.50 5.59 6.63 1.00 0.00
0.50 5.59 6.80 1.00 0.00
0.50 5.59 6.97 1.00 0.00
0.50 5.59 7.15 1.00 0.00
0.50 5.59 7.32 1.00 0.00
0.50 5.59 7.50 1.00 0.00
0.50 5.59 7.67 1.00 0.00
0.50 5.59 7.85 1.00 0.00
0.50 5.59 8.02 1.00 0.00
0.50 5.59 8.20 1.00 0.00
0.50 5.59 8.37 1.00 0.00
0.50 5.59 8.55 1.00 0.00
0.50 5.59 8.72 1.00 0.00
0.50 5.59 8.89 1.00 0.00
0.70 5.59 -0.31 1.00 0.00
0.70 5.59 -0.13 1.00 0.00
0.70 5.59 0.04 1.00 0.00
0.70 5.59 0.22 1.00 0.00
0.70 5.59 0.39 1.00 0.00
0.70 5.59 0.56 1.00 0.00
0.70 5.59 0.74 1.00 0.00
0.70 5.59 0.91 1.00 0.00
0.70 5.59 1.09 1.00 0.00
0.70 5.59 1.26 1.00 0.00
0.70 5.59 1.44 1.00 0.00
0.70 5.59 1.61 1.00 0.00
0.70 5.59 1.79 1.00 0.00
0.70 5.59 1.96 1.00 0.00
0.70 5.59 2.14 1.00 0.00
0.70 5.59 2.31 1.00 0.00
0.70 5.59 2.48 1.00 0.00
0.70 5.59 2.66 1.00 0.00
0.90 5.59 -0.25 1.00 0.00
0.90 5.59 -0.08 1.00 0.00
0.90 5.59 0.10 1.00 0.00
0.90 5.59 0.27 1.00 0.00
0.90 5.59 0.45 1.00 0.00
0.90 5.59 0.62 1.00 0.00
0.90 5.59 0.80 1.00 0.00
0.90 5.59 0.97 1.00 0.00
0.90 5.59 1.14 1.00 0.00
0.90 5.59 1.32 1.00 0.00
0.90 5.59 1.49 1.00 0.00
0.90 5.59 1.67 1.00 0.00
0.90 5.59 1.84 1.00 0.00
0.90 5.59 2.02 1.00 0.00
0.90 5.59 2.19 1.00 0.00
0.90 5.59 2.37 1.00 0.00
0.90 5.59 2.54 1.00 0.00
0.90 5.59 2.72 1.00 0.00
1.10 5.59 -0.18 1.00 0.00
1.10 5.59 -0.01 1.00 0.00
1.10 5.59 0.16 1.00 0.00
1.10 5.59 0.34 1.00 0.00
1.10 5.59 0.51 1.00 0.00
1.10 5.59 0.69 1.00 0.00
1.10 5.59 0.86 1.00 0.00
1.10 5.59 1.04 1.00 0.00
1.10 5.59 1.21 1.00 0.00
1.10 5.59 1.39 1.00 0.00
1.10 5.59 1.56 1.00 0.00
1.10 5.59 1.73 1.00 0.00
1.10 5.59 1.91 1.00 0.00
1.10 5.59 2.08 1.00 0.00
1.10 5.59 2.26 1.00 0.00
1.10 5.59 2.43 1.00 0.00
1.10 5.59 2.61 1.00 0.00
1.10 5.59 2.78 1.00 0.00
0.30 5.76 5.90 1.00 0.00
0.30 5.76 6.08 1.00 0.00
0.30 5.76 6.25 1.00 0.00
0.30 5.76 6.43 1.00 0.00
0.30 5.76 6.60 1.00 0.00
0.30 5.76 6.78 1.00 0.00
0.30 5.76 6.95 1.00 0.00
0.30 5.76 7.13 1.00 0.00
0.30 5.76 7.30 1.00 0.00
0.30 5.76 7.48 1.00 0.00
0.30 5.76 7.65 1.00 0.00
0.30 5.76 7.82 1.00 0.00
0.30 5.76 8.00 1.00 0.00
0.30 5.76 8.17 1.00 0.00
0.30 5.76 8.35 1.00 0.00
0.30 5.76 8.52 1.00 0.00
0.30 5.76 8.70 1.00 0.00
0.30 5.76 8.87 1.00 0.00
0.50 5.76 -0.32 1.00 0.00
0.50 5.76 -0.15 1.00 0.00
0.50 5.76 0.02 1.00 0.00
0.50 5.76 0.20 1.00 0.00
0.50 5.76 0.37 1.00 0.00
0.50 5.76 0.55 1.00 0.00
0.50 5.76 0.72 1.00 0.00
0.50 5.76 0.90 1.00 0.00
0.50 5.76 1.07 1.00 0.00
0.50 5.76 1.25 1.00 0.00
0.50 5.76 1.42 1.00 0.00
0.50 5.76 1.60 1.00 0.00
0.50 5.76 1.77 1.00 0.00
0.50 5.76 1.94 1.00 0.00
0.50 5.76 2.12 1.00 0.00
0.50 5.76 2.29 1.00 0.00
0.50 5.76 2.47 1.00 0.00
0.50 5.76 2.64 1.00 0.00
0.70 5.76 -0.26 1.00 0.00
0.70 5.76 -0.09 1.00 0.00
0.70 5.76 0.09 1.00 0.00
0.70 5.76 0.26 1.00 0.00
0.70 5.76 0.44 1.00 0.00
0.70 5.76 0.61 1.00 0.00
0.70 5.76 0.78 1.00 0.00
0.70 5.76 0.96 1.00 0.00
0.70 5.76 1.13 1.00 0.00
0.70 5.76 1.31 1.00 0.00
0.70 5.76 1.48 1.00 0.00
0.70 5.76 1.66 1.00 0.00
0.70 5.76 1.83 1.00 0.00
0.70 5.76 2.01 1.00 0.00
0.70 5.76 2.18 1.00 0.00
0.70 5.76 2.36 1.00 0.00
0.70 5.76 2.53 1.00 0.00
0.70 5.76 2.70 1.00 0.00
0.90 5.76 -0.19 1.00 0.00
0.90 5.76 -0.02 1.00 0.00
0.90 5.76 0.16 1.00 0.00
0.90 5.76 0.33 1.00 0.00
0.90 5.76 0.51 1.00 0.00
0.90 5.76 0.68 1.00 0.00
0.90 5.76 0.85 1.00 0.00
0.90 5.76 1.03 1.00 0.00
0.90 5.76 1.20 1.00 0.00
0.90 5.76 1.38 1.00 0.00
0.90 5.76 1.55 1.00 0.00
0.90 5.76 1.73 1.00 0.00
0.90 5.76 1.90 1.00 0.00
0.90 5.76 2.08 1.00 0.00
0.90 5.76 2.25 1.00 0.00
0.90 5.76 2.43 1.00 0.00
0.90 5.76 2.60 1.00 0.00
0.90 5.76 2.77 1.00 0.00
1.10 5.76 -0.11 1.00 0.00
1.10 5.76 0.06 1.00 0.00
1.10 5.76 0.24 1.00 0.00
1.10 5.76 0.41 1.00 0.00
1.10 5.76 0.59 1.00 0.00
1.10 5.76 0.76 1.00 0.00
1.10 5.76 0.94 1.00 0.00
1.10 5.76 1.11 1.00 0.00
1.10 5.76 1.28 1.00 0.00
1.10 5.76 1.46 1.00 0.00
1.10 5.76 1.63 1.00 0.00
1.10 5.76 1.81 1.00 0.00
1.10 5.76 1.98 1.00 0.00
1.10 5.76 2.16 1.00 0.00
1.10 5.76 2.33 1.00 0.00
1.10 5.76 2.51 1.00 0.00
1.10 5.76 2.68 1.00 0.00
1.10 5.76 2.86 1.00 0.00
0.30 5.93 5.92 1.00 0.00
0.30 5.93 6.09 1.00 0.00
0.30 5.93 6.27 1.00 0.00
0.30 5.93 6.44 1.00 0.00
0.30 5.93 6.62 1.00 0.00
0.30 5.93 6.79 1.00 0.00
0.30 5.93 6.97 1.00 0.00
0.30 5.93 7.14 1.00 0.00
0.30 5.93 7.32 1.00 0.00
0.30 5.93 7.49 1.00 0.00
0.30 5.93 7.66 1.00 0.00
0.30 5.93 7.84 1.00 0.00
0.30 5.93 8.01 1.00 0.00
0.30 5.93 8.19 1.00 0.00
0.30 5.93 8.36 1.00 0.00
0.30 5.93 8.54 1.00 0.00
0.30 5.93 8.71 1.00 0.00
0.30 5.93 8.89 1.00 0.00
0.50 5.93 -0.30 1.00 0.00
0.50 5.93 -0.12 1.00 0.00
0.50 5.93 0.05 1.00 0.00
0.50 5.93 0.22 1.00 0.00
0.50 5.93 0.40 1.00 0.00
0.50 5.93 0.57 1.00 0.00
0.50 5.93 0.75 1.00 0.00
0.50 5.93 0.92 1.00 0.00
0.50 5.93 1.10 1.00 0.00
0.50 5.93 1.27 1.00 0.00
0.50 5.93 1.45 1.00 0.00
0.50 5.93 1.62 1.00 0.00
0.50 5.93 1.80 1.00 0.00
0.50 5.93 1.97 1.00 0.00
0.50 5.93 2.14 1.00 0.00
0.50 5.93 2.32 1.00 0.00
0.50 5.93 2.49 1.00 0.00
0.50 5.93 2.67 1.00 0.00
0.70 5.93 -0.23 1.00 0.00
0.70 5.93 -0.05 1.00 0.00
0.70 5.93 0.12 1.00 0.00
0.70 5.93 0.30 1.00 0.00
0.70 5.93 0.47 1.00 0.00
0.70 5.93 0.64 1.00 0.00
0.70 5.93 0.82 1.00 0.00
0.70 5.93 0.99 1.00 0.00
0.70 5.93 1.17 1.00 0.00
0.70 5.93 1.34 1.00 0.00
0.70 5.93 1.52 1.00 0.00
0.70 5.93 1.69 1.00 0.00
0.70 5.93 1.87 1.00 0.00
0.70 5.93 2.04 1.00 0.00
0.70 5.93 2.22 1.00 0.00
0.70 5.93 2.39 1.00 0.00
0.70 5.93 2.56 1.00 0.00
0.70 5.93 2.74 1.00 0.00
0.90 5.93 -0.15 1.00 0.00
0.90 5.93 0.03 1.00 0.00
0.90 5.93 0.20 1.00 0.00
0.90 5.93 0.37 1.00 0.00
0.90 5.93 0.55 1.00 0.00
0.90 5.93 0.72 1.00 0.00
0.90 5.93 0.90 1.00 0.00
0.90 5.93 1.07 1.00 0.00
0.90 5.93 1.25 1.00 0.00
0.90 5.93 1.42 1.00 0.00
0.90 5.93 1.60 1.00 0.00
0.90 5.93 1.77 1.00 0.00
0.90 5.93 1.95 1.00 0.00
0.90 5.93 2.12 1.00 0.00
0.90 5.93 2.29 1.00 0.00
0.90 5.93 2.47 1.00 0.00
0.90 5.93 2.64 1.00 0.00
0.90 5.93 2.82 1.00 0.00
1.10 5.93 -0.06 1.00 0.00
1.10 5.93 0.11 1.00 0.00
1.10 5.93 0.29 1.00 0.00
1.10 5.93 0.46 1.00 0.00
1.10 5.93 0.64 1.00 0.00
1.10 5.93 0.81 1.00 0.00
1.10 5.93 0.98 1.00 0.00
1.10 5.93 1.16 1.00 0.00
1.10 5.93 1.33 1.00 0.00
1.10 5.93 1.51 1.00 0.00
1.10 5.93 1.68 1.00 0.00
1.10 5.93 1.86 1.00 0.00
1.10 5.93 2.03 1.00 0.00
1.10 5.93 2.21 1.00 0.00
1.10 5.93 2.38 1.00 0.00
1.10 5.93 2.56 1.00 0.00
1.10 5.93 2.73 1.00 0.00
1.10 5.93 2.90 1.00 0.00
0.30 6.11 5.93 1.00 0.00
0.30 6.11 6.11 1.00 0.00
0.30 6.11 6.28 1.00 0.00
0.30 6.11 6.46 1.00 0.00
0.30 6.11 6.63 1.00 0.00
0.30 6.11 6.80 1.00 0.00
0.30 6.11 6.98 1.00 0.00
0.30 6.11 7.15 1.00 0.00
0.30 6.11 7.33 1.00 0.00
0.30 6.11 7.50 1.00 0.00
0.30 6.11 7.68 1.00 0.00
0.30 6.11 7.85 1.00 0.00
0.30 6.11 8.03 1.00 0.00
0.30 6.11 8.20 1.00 0.00
0.30 6.11 8.38 1.00 0.00
0.30 6.11 8.55 1.00 0.00
0.30 6.11 8.72 1.00 0.00
0.30 6.11 8.90 1.00 0.00
0.50 6.11 -0.28 1.00 0.00
0.50 6.11 -0.11 1.00 0.00
0.50 6.11 0.07 1.00 0.00
0.50 6.11 0.24 1.00 0.00
0.50 6.11 0.42 1.00 0.00
0.50 6.11 0.59 1.00 0.00
0.50 6.11 0.77 1.00 0.00
0.50 6.11 0.94 1.00 0.00
0.50 6.11 1.12 1.00 0.00
0.50 6.11 1.29 1.00 0.00
0.50 6.11 1.47 1.00 0.00
0.50 6.11 1.64 1.00 0.00
0.50 6.11 1.81 1.00 0.00
0.50 6.11 1.99 1.00 0.00
0.50 6.11 2.16 1.00 0.00
0.50 6.11 2.34 1.00 0.00
0.50 6.11 2.51 1.00 0.00
0.50 6.11 2.69 1.00 0.00
0.70 6.11 -0.20 1.00 0.00
0.70 6.11 -0.03 1.00 0.00
0.70 6.11 0.15 1.00 0.00
0.70 6.11 0.32 1.00 0.00
0.70 6.11 0.49 1.00 0.00
0.70 6.11 0.67 1.00 0.00
0.70 6.11 0.84 1.00 0.00
0.70 6.11 1.02 1.00 0.00
0.70 6.11 1.19 1.00 0.00
0.70 6.11 1.37 1.00 0.00
0.70 6.11 1.54 1.00 0.00
0.70 6.11 1.72 1.00 0.00
0.70 6.11 1.89 1.00 0.00
0.70 6.11 2.07 1.00 0.00
0.70 6.11 2.24 1.00 0.00
0.70 6.11 2.41 1.00 0.00
0.70 6.11 2.59 1.00 0.00
0.70 6.11 2.76 1.00 0.00
0.90 6.11 -0.12 1.00 0.00
0.90 6.11 0.05 1.00 0.00
0.90 6.11 0.23 1.00 0.00
0.90 6.11 0.40 1.00 0.00
0.90 6.11 0.58 1.00 0.00
0.90 6.11 0.75 1.00 0.00
0.90 6.11 0.93 1.00 0.00
0.90 6.11 1.10 1.00 0.00
0.90 6.11 1.27 1.00 0.00
0.90 6.11 1.45 1.00 0.00
0.90 6.11 1.62 1.00 0.00
0.90 6.11 1.80 1.00 0.00
0.90 6.11 1.97 1.00 0.00
0.90 6.11 2.15 1.00 0.00
0.90 6.11 2.32 1.00 0.00
0.90 6.11 2.50 1.00 0.00
0.90 6.11 2.67 1.00 0.00
0.90 6.11 2.85 1.00 0.00
1.10 6.11 -0.04 1.00 0.00
1.10 6.11 0.14 1.00 0.00
1.10 6.11 0.31 1.00 0.00
1.10 6.11 0.49 1.00 0.00
1.10 6.11 0.66 1.00 0.00
1.10 6.11 0.84 1.00 0.00
1.10 6.11 1.01 1.00 0.00
1.10 6.11 1.19 1.00 0.00
1.10 6.11 1.36 1.00 0.00
1.10 6.11 1.54 1.00 0.00
1.10 6.11 1.71 1.00 0.00
1.10 6.11 1.88 1.00 0.00
1.10 6.11 2.06 1.00 0.00
1.10 6.11 2.23 1.00 0.00
1.10 6.11 2.41 1.00 0.00
1.10 6.11 2.58 1.00 0.00
1.10 6.11 2.76 1.00 0.00
1.10 6.11 2.93 1.00 0.00
