0.30 0.00 7.61 1.00 0.00
0.30 0.00 7.78 1.00 0.00
0.30 0.00 7.96 1.00 0.00
0.30 0.00 8.13 1.00 0.00
0.30 0.00 8.31 1.00 0.00
0.30 0.00 8.48 1.00 0.00
0.30 0.00 8.65 1.00 0.00
0.30 0.00 8.83 1.00 0.00
0.30 0.00 9.00 1.00 0.00
0.30 0.00 9.18 1.00 0.00
0.30 0.00 9.35 1.00 0.00
0.30 0.00 9.53 1.00 0.00
0.30 0.00 9.70 1.00 0.00
0.30 0.00 9.88 1.00 0.00
0.30 0.00 10.05 1.00 0.00
0.30 0.00 10.23 1.00 0.00
0.30 0.00 10.40 1.00 0.00
0.30 0.00 10.57 1.00 0.00
0.50 0.00 7.62 1.00 0.00
0.50 0.00 7.80 1.00 0.00
0.50 0.00 7.97 1.00 0.00
0.50 0.00 8.15 1.00 0.00
0.50 0.00 8.32 1.00 0.00
0.50 0.00 8.50 1.00 0.00
0.50 0.00 8.67 1.00 0.00
0.50 0.00 8.84 1.00 0.00
0.50 0.00 9.02 1.00 0.00
0.50 0.00 9.19 1.00 0.00
0.50 0.00 9.37 1.00 0.00
0.50 0.00 9.54 1.00 0.00
0.50 0.00 9.72 1.00 0.00
0.50 0.00 9.89 1.00 0.00
0.50 0.00 10.07 1.00 0.00
0.50 0.00 10.24 1.00 0.00
0.50 0.00 10.42 1.00 0.00
0.50 0.00 10.59 1.00 0.00
0.70 0.00 7.64 1.00 0.00
0.70 0.00 7.81 1.00 0.00
0.70 0.00 7.99 1.00 0.00
0.70 0.00 8.16 1.00 0.00
0.70 0.00 8.33 1.00 0.00
0.70 0.00 8.51 1.00 0.00
0.70 0.00 8.68 1.00 0.00
0.70 0.00 8.86 1.00 0.00
0.70 0.00 9.03 1.00 0.00
0.70 0.00 9.21 1.00 0.00
0.70 0.00 9.38 1.00 0.00
0.70 0.00 9.56 1.00 0.00
0.70 0.00 9.73 1.00 0.00
0.70 0.00 9.91 1.00 0.00
0.70 0.00 10.08 1.00 0.00
0.70 0.00 10.25 1.00 0.00
0.70 0.00 10.43 1.00 0.00
0.70 0.00 10.60 1.00 0.00
0.90 0.00 7.65 1.00 0.00
0.90 0.00 7.82 1.00 0.00
0.90 0.00 8.00 1.00 0.00
0.90 0.00 8.17 1.00 0.00
0.90 0.00 8.35 1.00 0.00
0.90 0.00 8.52 1.00 0.00
0.90 0.00 8.70 1.00 0.00
0.90 0.00 8.87 1.00 0.00
0.90 0.00 9.04 1.00 0.00
0.90 0.00 9.22 1.00 0.00
0.90 0.00 9.39 1.00 0.00
0.90 0.00 9.57 1.00 0.00
0.90 0.00 9.74 1.00 0.00
0.90 0.00 9.92 1.00 0.00
0.90 0.00 10.09 1.00 0.00
0.90 0.00 10.27 1.00 0.00
0.90 0.00 10.44 1.00 0.00
0.90 0.00 10.62 1.00 0.00
1.10 0.00 7.66 1.00 0.00
1.10 0.00 7.83 1.00 0.00
1.10 0.00 8.01 1.00 0.00
1.10 0.00 8.18 1.00 0.00
1.10 0.00 8.36 1.00 0.00
1.10 0.00 8.53 1.00 0.00
1.10 0.00 8.71 1.00 0.00
1.10 0.00 8.88 1.00 0.00
1.10 0.00 9.06 1.00 0.00
1.10 0.00 9.23 1.00 0.00
1.10 0.00 9.40 1.00 0.00
1.10 0.00 9.58 1.00 0.00
1.10 0.00 9.75 1.00 0.00
1.10 0.00 9.93 1.00 0.00
1.10 0.00 10.10 1.00 0.00
1.10 0.00 10.28 1.00 0.00
1.10 0.00 10.45 1.00 0.00
1.10 0.00 10.63 1.00 0.00
0.30 0.17 7.59 1.00 0.00
0.30 0.17 7.76 1.00 0.00
0.30 0.17 7.94 1.00 0.00
0.30 0.17 8.11 1.00 0.00
0.30 0.17 8.29 1.00 0.00
0.30 0.17 8.46 1.00 0.00
0.30 0.17 8.64 1.00 0.00
0.30 0.17 8.81 1.00 0.00
0.30 0.17 8.99 1.00 0.00
0.30 0.17 9.16 1.00 0.00
0.30 0.17 9.34 1.00 0.00
0.30 0.17 9.51 1.00 0.00
0.30 0.17 9.68 1.00 0.00
0.30 0.17 9.86 1.00 0.00
0.30 0.17 10.03 1.00 0.00
0.30 0.17 10.21 1.00 0.00
0.30 0.17 10.38 1.00 0.00
0.30 0.17 10.56 1.00 0.00
0.50 0.17 7.60 1.00 0.00
0.50 0.17 7.77 1.00 0.00
0.50 0.17 7.94 1.00 0.00
0.50 0.17 8.12 1.00 0.00
0.50 0.17 8.29 1.00 0.00
0.50 0.17 8.47 1.00 0.00
0.50 0.17 8.64 1.00 0.00
0.50 0.17 8.82 1.00 0.00
0.50 0.17 8.99 1.00 0.00
0.50 0.17 9.17 1.00 0.00
0.50 0.17 9.34 1.00 0.00
0.50 0.17 9.52 1.00 0.00
0.50 0.17 9.69 1.00 0.00
0.50 0.17 9.86 1.00 0.00
0.50 0.17 10.04 1.00 0.00
0.50 0.17 10.21 1.00 0.00
0.50 0.17 10.39 1.00 0.00
0.50 0.17 10.56 1.00 0.00
0.70 0.17 7.60 1.00 0.00
0.70 0.17 7.78 1.00 0.00
0.70 0.17 7.95 1.00 0.00
0.70 0.17 8.12 1.00 0.00
0.70 0.17 8.30 1.00 0.00
0.70 0.17 8.47 1.00 0.00
0.70 0.17 8.65 1.00 0.00
0.70 0.17 8.82 1.00 0.00
0.70 0.17 9.00 1.00 0.00
0.70 0.17 9.17 1.00 0.00
0.70 0.17 9.35 1.00 0.00
0.70 0.17 9.52 1.00 0.00
0.70 0.17 9.70 1.00 0.00
0.70 0.17 9.87 1.00 0.00
0.70 0.17 10.04 1.00 0.00
0.70 0.17 10.22 1.00 0.00
0.70 0.17 10.39 1.00 0.00
0.70 0.17 10.57 1.00 0.00
0.90 0.17 7.61 1.00 0.00
0.90 0.17 7.78 1.00 0.00
0.90 0.17 7.95 1.00 0.00
0.90 0.17 8.13 1.00 0.00
0.90 0.17 8.30 1.00 0.00
0.90 0.17 8.48 1.00 0.00
0.90 0.17 8.65 1.00 0.00
0.90 0.17 8.83 1.00 0.00
0.90 0.17 9.00 1.00 0.00
0.90 0.17 9.18 1.00 0.00
0.90 0.17 9.35 1.00 0.00
0.90 0.17 9.52 1.00 0.00
0.90 0.17 9.70 1.00 0.00
0.90 0.17 9.87 1.00 0.00
0.90 0.17 10.05 1.00 0.00
0.90 0.17 10.22 1.00 0.00
0.90 0.17 10.40 1.00 0.00
0.90 0.17 10.57 1.00 0.00
1.10 0.17 7.61 1.00 0.00
1.10 0.17 7.78 1.00 0.00
1.10 0.17 7.96 1.00 0.00
1.10 0.17 8.13 1.00 0.00
1.10 0.17 8.31 1.00 0.00
1.10 0.17 8.48 1.00 0.00
1.10 0.17 8.66 1.00 0.00
1.10 0.17 8.83 1.00 0.00
1.10 0.17 9.01 1.00 0.00
1.10 0.17 9.18 1.00 0.00
1.10 0.17 9.35 1.00 0.00
1.10 0.17 9.53 1.00 0.00
1.10 0.17 9.70 1.00 0.00
1.10 0.17 9.88 1.00 0.00
1.10 0.17 10.05 1.00 0.00
1.10 0.17 10.23 1.00 0.00
1.10 0.17 10.40 1.00 0.00
1.10 0.17 10.58 1.00 0.00
0.30 0.35 7.57 1.00 0.00
0.30 0.35 7.75 1.00 0.00
0.30 0.35 7.92 1.00 0.00
0.30 0.35 8.10 1.00 0.00
0.30 0.35 8.27 1.00 0.00
0.30 0.35 8.45 1.00 0.00
0.30 0.35 8.62 1.00 0.00
0.30 0.35 8.79 1.00 0.00
0.30 0.35 8.97 1.00 0.00
0.30 0.35 9.14 1.00 0.00
0.30 0.35 9.32 1.00 0.00
0.30 0.35 9.49 1.00 0.00
0.30 0.35 9.67 1.00 0.00
0.30 0.35 9.84 1.00 0.00
0.30 0.35 10.02 1.00 0.00
0.30 0.35 10.19 1.00 0.00
0.30 0.35 10.37 1.00 0.00
0.30 0.35 10.54 1.00 0.00
0.50 0.35 7.57 1.00 0.00
0.50 0.35 7.74 1.00 0.00
0.50 0.35 7.92 1.00 0.00
0.50 0.35 8.09 1.00 0.00
0.50 0.35 8.27 1.00 0.00
0.50 0.35 8.44 1.00 0.00
0.50 0.35 8.62 1.00 0.00
0.50 0.35 8.79 1.00 0.00
0.50 0.35 8.96 1.00 0.00
0.50 0.35 9.14 1.00 0.00
0.50 0.35 9.31 1.00 0.00
0.50 0.35 9.49 1.00 0.00
0.50 0.35 9.66 1.00 0.00
0.50 0.35 9.84 1.00 0.00
0.50 0.35 10.01 1.00 0.00
0.50 0.35 10.19 1.00 0.00
0.50 0.35 10.36 1.00 0.00
0.50 0.35 10.54 1.00 0.00
0.70 0.35 7.56 1.00 0.00
0.70 0.35 7.74 1.00 0.00
0.70 0.35 7.91 1.00 0.00
0.70 0.35 8.09 1.00 0.00
0.70 0.35 8.26 1.00 0.00
0.70 0.35 8.44 1.00 0.00
0.70 0.35 8.61 1.00 0.00
0.70 0.35 8.79 1.00 0.00
0.70 0.35 8.96 1.00 0.00
0.70 0.35 9.14 1.00 0.00
0.70 0.35 9.31 1.00 0.00
0.70 0.35 9.48 1.00 0.00
0.70 0.35 9.66 1.00 0.00
0.70 0.35 9.83 1.00 0.00
0.70 0.35 10.01 1.00 0.00
0.70 0.35 10.18 1.00 0.00
0.70 0.35 10.36 1.00 0.00
0.70 0.35 10.53 1.00 0.00
0.90 0.35 7.56 1.00 0.00
0.90 0.35 7.74 1.00 0.00
0.90 0.35 7.91 1.00 0.00
0.90 0.35 8.08 1.00 0.00
0.90 0.35 8.26 1.00 0.00
0.90 0.35 8.43 1.00 0.00
0.90 0.35 8.61 1.00 0.00
0.90 0.35 8.78 1.00 0.00
0.90 0.35 8.96 1.00 0.00
0.90 0.35 9.13 1.00 0.00
0.90 0.35 9.31 1.00 0.00
0.90 0.35 9.48 1.00 0.00
0.90 0.35 9.66 1.00 0.00
0.90 0.35 9.83 1.00 0.00
0.90 0.35 10.00 1.00 0.00
0.90 0.35 10.18 1.00 0.00
0.90 0.35 10.35 1.00 0.00
0.90 0.35 10.53 1.00 0.00
1.10 0.35 7.56 1.00 0.00
1.10 0.35 7.73 1.00 0.00
1.10 0.35 7.91 1.00 0.00
1.10 0.35 8.08 1.00 0.00
1.10 0.35 8.26 1.00 0.00
1.10 0.35 8.43 1.00 0.00
1.10 0.35 8.61 1.00 0.00
1.10 0.35 8.78 1.00 0.00
1.10 0.35 8.95 1.00 0.00
1.10 0.35 9.13 1.00 0.00
1.10 0.35 9.30 1.00 0.00
1.10 0.35 9.48 1.00 0.00
1.10 0.35 9.65 1.00 0.00
1.10 0.35 9.83 1.00 0.00
1.10 0.35 10.00 1.00 0.00
1.10 0.35 10.18 1.00 0.00
1.10 0.35 10.35 1.00 0.00
1.10 0.35 10.53 1.00 0.00
0.30 0.52 7.56 1.00 0.00
0.30 0.52 7.73 1.00 0.00
0.30 0.52 7.90 1.00 0.00
0.30 0.52 8.08 1.00 0.00
0.30 0.52 8.25 1.00 0.00
0.30 0.52 8.43 1.00 0.00
0.30 0.52 8.60 1.00 0.00
0.30 0.52 8.78 1.00 0.00
0.30 0.52 8.95 1.00 0.00
0.30 0.52 9.13 1.00 0.00
0.30 0.52 9.30 1.00 0.00
0.30 0.52 9.48 1.00 0.00
0.30 0.52 9.65 1.00 0.00
0.30 0.52 9.82 1.00 0.00
0.30 0.52 10.00 1.00 0.00
0.30 0.52 10.17 1.00 0.00
0.30 0.52 10.35 1.00 0.00
0.30 0.52 10.52 1.00 0.00
0.50 0.52 7.54 1.00 0.00
0.50 0.52 7.72 1.00 0.00
0.50 0.52 7.89 1.00 0.00
0.50 0.52 8.06 1.00 0.00
0.50 0.52 8.24 1.00 0.00
0.50 0.52 8.41 1.00 0.00
0.50 0.52 8.59 1.00 0.00
0.50 0.52 8.76 1.00 0.00
0.50 0.52 8.94 1.00 0.00
0.50 0.52 9.11 1.00 0.00
0.50 0.52 9.29 1.00 0.00
0.50 0.52 9.46 1.00 0.00
0.50 0.52 9.64 1.00 0.00
0.50 0.52 9.81 1.00 0.00
0.50 0.52 9.98 1.00 0.00
0.50 0.52 10.16 1.00 0.00
0.50 0.52 10.33 1.00 0.00
0.50 0.52 10.51 1.00 0.00
0.70 0.52 7.53 1.00 0.00
0.70 0.52 7.70 1.00 0.00
0.70 0.52 7.88 1.00 0.00
0.70 0.52 8.05 1.00 0.00
0.70 0.52 8.23 1.00 0.00
0.70 0.52 8.40 1.00 0.00
0.70 0.52 8.58 1.00 0.00
0.70 0.52 8.75 1.00 0.00
0.70 0.52 8.92 1.00 0.00
0.70 0.52 9.10 1.00 0.00
0.70 0.52 9.27 1.00 0.00
0.70 0.52 9.45 1.00 0.00
0.70 0.52 9.62 1.00 0.00
0.70 0.52 9.80 1.00 0.00
0.70 0.52 9.97 1.00 0.00
0.70 0.52 10.15 1.00 0.00
0.70 0.52 10.32 1.00 0.00
0.70 0.52 10.50 1.00 0.00
0.90 0.52 7.52 1.00 0.00
0.90 0.52 7.69 1.00 0.00
0.90 0.52 7.87 1.00 0.00
0.90 0.52 8.04 1.00 0.00
0.90 0.52 8.22 1.00 0.00
0.90 0.52 8.39 1.00 0.00
0.90 0.52 8.56 1.00 0.00
0.90 0.52 8.74 1.00 0.00
0.90 0.52 8.91 1.00 0.00
0.90 0.52 9.09 1.00 0.00
0.90 0.52 9.26 1.00 0.00
0.90 0.52 9.44 1.00 0.00
0.90 0.52 9.61 1.00 0.00
0.90 0.52 9.79 1.00 0.00
0.90 0.52 9.96 1.00 0.00
0.90 0.52 10.14 1.00 0.00
0.90 0.52 10.31 1.00 0.00
0.90 0.52 10.48 1.00 0.00
1.10 0.52 7.51 1.00 0.00
1.10 0.52 7.68 1.00 0.00
1.10 0.52 7.86 1.00 0.00
1.10 0.52 8.03 1.00 0.00
1.10 0.52 8.21 1.00 0.00
1.10 0.52 8.38 1.00 0.00
1.10 0.52 8.55 1.00 0.00
1.10 0.52 8.73 1.00 0.00
1.10 0.52 8.90 1.00 0.00
1.10 0.52 9.08 1.00 0.00
1.10 0.52 9.25 1.00 0.00
1.10 0.52 9.43 1.00 0.00
1.10 0.52 9.60 1.00 0.00
1.10 0.52 9.78 1.00 0.00
1.10 0.52 9.95 1.00 0.00
1.10 0.52 10.13 1.00 0.00
1.10 0.52 10.30 1.00 0.00
1.10 0.52 10.47 1.00 0.00
0.30 0.70 7.54 1.00 0.00
0.30 0.70 7.71 1.00 0.00
0.30 0.70 7.89 1.00 0.00
0.30 0.70 8.06 1.00 0.00
0.30 0.70 8.24 1.00 0.00
0.30 0.70 8.41 1.00 0.00
0.30 0.70 8.59 1.00 0.00
0.30 0.70 8.76 1.00 0.00
0.30 0.70 8.93 1.00 0.00
0.30 0.70 9.11 1.00 0.00
0.30 0.70 9.28 1.00 0.00
0.30 0.70 9.46 1.00 0.00
0.30 0.70 9.63 1.00 0.00
0.30 0.70 9.81 1.00 0.00
0.30 0.70 9.98 1.00 0.00
0.30 0.70 10.16 1.00 0.00
0.30 0.70 10.33 1.00 0.00
0.30 0.70 10.51 1.00 0.00
0.50 0.70 7.51 1.00 0.00
0.50 0.70 7.69 1.00 0.00
0.50 0.70 7.86 1.00 0.00
0.50 0.70 8.04 1.00 0.00
0.50 0.70 8.21 1.00 0.00
0.50 0.70 8.39 1.00 0.00
0.50 0.70 8.56 1.00 0.00
0.50 0.70 8.74 1.00 0.00
0.50 0.70 8.91 1.00 0.00
0.50 0.70 9.09 1.00 0.00
0.50 0.70 9.26 1.00 0.00
0.50 0.70 9.43 1.00 0.00
0.50 0.70 9.61 1.00 0.00
0.50 0.70 9.78 1.00 0.00
0.50 0.70 9.96 1.00 0.00
0.50 0.70 10.13 1.00 0.00
0.50 0.70 10.31 1.00 0.00
0.50 0.70 10.48 1.00 0.00
0.70 0.70 7.49 1.00 0.00
0.70 0.70 7.67 1.00 0.00
0.70 0.70 7.84 1.00 0.00
0.70 0.70 8.02 1.00 0.00
0.70 0.70 8.19 1.00 0.00
0.70 0.70 8.37 1.00 0.00
0.70 0.70 8.54 1.00 0.00
0.70 0.70 8.72 1.00 0.00
0.70 0.70 8.89 1.00 0.00
0.70 0.70 9.06 1.00 0.00
0.70 0.70 9.24 1.00 0.00
0.70 0.70 9.41 1.00 0.00
0.70 0.70 9.59 1.00 0.00
0.70 0.70 9.76 1.00 0.00
0.70 0.70 9.94 1.00 0.00
0.70 0.70 10.11 1.00 0.00
0.70 0.70 10.29 1.00 0.00
0.70 0.70 10.46 1.00 0.00
0.90 0.70 7.47 1.00 0.00
0.90 0.70 7.65 1.00 0.00
0.90 0.70 7.82 1.00 0.00
0.90 0.70 8.00 1.00 0.00
0.90 0.70 8.17 1.00 0.00
0.90 0.70 8.35 1.00 0.00
0.90 0.70 8.52 1.00 0.00
0.90 0.70 8.70 1.00 0.00
0.90 0.70 8.87 1.00 0.00
0.90 0.70 9.05 1.00 0.00
0.90 0.70 9.22 1.00 0.00
0.90 0.70 9.39 1.00 0.00
0.90 0.70 9.57 1.00 0.00
0.90 0.70 9.74 1.00 0.00
0.90 0.70 9.92 1.00 0.00
0.90 0.70 10.09 1.00 0.00
0.90 0.70 10.27 1.00 0.00
0.90 0.70 10.44 1.00 0.00
1.10 0.70 7.46 1.00 0.00
1.10 0.70 7.63 1.00 0.00
1.10 0.70 7.81 1.00 0.00
1.10 0.70 7.98 1.00 0.00
1.10 0.70 8.16 1.00 0.00
1.10 0.70 8.33 1.00 0.00
1.10 0.70 8.51 1.00 0.00
1.10 0.70 8.68 1.00 0.00
1.10 0.70 8.85 1.00 0.00
1.10 0.70 9.03 1.00 0.00
1.10 0.70 9.20 1.00 0.00
1.10 0.70 9.38 1.00 0.00
1.10 0.70 9.55 1.00 0.00
1.10 0.70 9.73 1.00 0.00
1.10 0.70 9.90 1.00 0.00
1.10 0.70 10.08 1.00 0.00
1.10 0.70 10.25 1.00 0.00
1.10 0.70 10.42 1.00 0.00
0.30 0.87 7.52 1.00 0.00
0.30 0.87 7.70 1.00 0.00
0.30 0.87 7.87 1.00 0.00
0.30 0.87 8.05 1.00 0.00
0.30 0.87 8.22 1.00 0.00
0.30 0.87 8.40 1.00 0.00
0.30 0.87 8.57 1.00 0.00
0.30 0.87 8.74 1.00 0.00
0.30 0.87 8.92 1.00 0.00
0.30 0.87 9.09 1.00 0.00
0.30 0.87 9.27 1.00 0.00
0.30 0.87 9.44 1.00 0.00
0.30 0.87 9.62 1.00 0.00
0.30 0.87 9.79 1.00 0.00
0.30 0.87 9.97 1.00 0.00
0.30 0.87 10.14 1.00 0.00
0.30 0.87 10.32 1.00 0.00
0.30 0.87 10.49 1.00 0.00
0.50 0.87 7.49 1.00 0.00
0.50 0.87 7.66 1.00 0.00
0.50 0.87 7.84 1.00 0.00
0.50 0.87 8.01 1.00 0.00
0.50 0.87 8.19 1.00 0.00
0.50 0.87 8.36 1.00 0.00
0.50 0.87 8.54 1.00 0.00
0.50 0.87 8.71 1.00 0.00
0.50 0.87 8.89 1.00 0.00
0.50 0.87 9.06 1.00 0.00
0.50 0.87 9.23 1.00 0.00
0.50 0.87 9.41 1.00 0.00
0.50 0.87 9.58 1.00 0.00
0.50 0.87 9.76 1.00 0.00
0.50 0.87 9.93 1.00 0.00
0.50 0.87 10.11 1.00 0.00
0.50 0.87 10.28 1.00 0.00
0.50 0.87 10.46 1.00 0.00
0.70 0.87 7.46 1.00 0.00
0.70 0.87 7.63 1.00 0.00
0.70 0.87 7.81 1.00 0.00
0.70 0.87 7.98 1.00 0.00
0.70 0.87 8.16 1.00 0.00
0.70 0.87 8.33 1.00 0.00
0.70 0.87 8.51 1.00 0.00
0.70 0.87 8.68 1.00 0.00
0.70 0.87 8.86 1.00 0.00
0.70 0.87 9.03 1.00 0.00
0.70 0.87 9.21 1.00 0.00
0.70 0.87 9.38 1.00 0.00
0.70 0.87 9.55 1.00 0.00
0.70 0.87 9.73 1.00 0.00
0.70 0.87 9.90 1.00 0.00
0.70 0.87 10.08 1.00 0.00
0.70 0.87 10.25 1.00 0.00
0.70 0.87 10.43 1.00 0.00
0.90 0.87 7.43 1.00 0.00
0.90 0.87 7.61 1.00 0.00
0.90 0.87 7.78 1.00 0.00
0.90 0.87 7.96 1.00 0.00
0.90 0.87 8.13 1.00 0.00
0.90 0.87 8.31 1.00 0.00
0.90 0.87 8.48 1.00 0.00
0.90 0.87 8.65 1.00 0.00
0.90 0.87 8.83 1.00 0.00
0.90 0.87 9.00 1.00 0.00
0.90 0.87 9.18 1.00 0.00
0.90 0.87 9.35 1.00 0.00
0.90 0.87 9.53 1.00 0.00
0.90 0.87 9.70 1.00 0.00
0.90 0.87 9.88 1.00 0.00
0.90 0.87 10.05 1.00 0.00
0.90 0.87 10.23 1.00 0.00
0.90 0.87 10.40 1.00 0.00
1.10 0.87 7.41 1.00 0.00
1.10 0.87 7.58 1.00 0.00
1.10 0.87 7.76 1.00 0.00
1.10 0.87 7.93 1.00 0.00
1.10 0.87 8.11 1.00 0.00
1.10 0.87 8.28 1.00 0.00
1.10 0.87 8.46 1.00 0.00
1.10 0.87 8.63 1.00 0.00
1.10 0.87 8.81 1.00 0.00
1.10 0.87 8.98 1.00 0.00
1.10 0.87 9.15 1.00 0.00
1.10 0.87 9.33 1.00 0.00
1.10 0.87 9.50 1.00 0.00
1.10 0.87 9.68 1.00 0.00
1.10 0.87 9.85 1.00 0.00
1.10 0.87 10.03 1.00 0.00
1.10 0.87 10.20 1.00 0.00
1.10 0.87 10.38 1.00 0.00
0.30 1.05 7.51 1.00 0.00
0.30 1.05 7.68 1.00 0.00
0.30 1.05 7.86 1.00 0.00
0.30 1.05 8.03 1.00 0.00
0.30 1.05 8.21 1.00 0.00
0.30 1.05 8.38 1.00 0.00
0.30 1.05 8.56 1.00 0.00
0.30 1.05 8.73 1.00 0.00
0.30 1.05 8.90 1.00 0.00
0.30 1.05 9.08 1.00 0.00
0.30 1.05 9.25 1.00 0.00
0.30 1.05 9.43 1.00 0.00
0.30 1.05 9.60 1.00 0.00
0.30 1.05 9.78 1.00 0.00
0.30 1.05 9.95 1.00 0.00
0.30 1.05 10.13 1.00 0.00
0.30 1.05 10.30 1.00 0.00
0.30 1.05 10.47 1.00 0.00
0.50 1.05 7.47 1.00 0.00
0.50 1.05 7.64 1.00 0.00
0.50 1.05 7.81 1.00 0.00
0.50 1.05 7.99 1.00 0.00
0.50 1.05 8.16 1.00 0.00
0.50 1.05 8.34 1.00 0.00
0.50 1.05 8.51 1.00 0.00
0.50 1.05 8.69 1.00 0.00
0.50 1.05 8.86 1.00 0.00
0.50 1.05 9.04 1.00 0.00
0.50 1.05 9.21 1.00 0.00
0.50 1.05 9.39 1.00 0.00
0.50 1.05 9.56 1.00 0.00
0.50 1.05 9.73 1.00 0.00
0.50 1.05 9.91 1.00 0.00
0.50 1.05 10.08 1.00 0.00
0.50 1.05 10.26 1.00 0.00
0.50 1.05 10.43 1.00 0.00
0.70 1.05 7.43 1.00 0.00
0.70 1.05 7.60 1.00 0.00
0.70 1.05 7.78 1.00 0.00
0.70 1.05 7.95 1.00 0.00
0.70 1.05 8.13 1.00 0.00
0.70 1.05 8.30 1.00 0.00
0.70 1.05 8.47 1.00 0.00
0.70 1.05 8.65 1.00 0.00
0.70 1.05 8.82 1.00 0.00
0.70 1.05 9.00 1.00 0.00
0.70 1.05 9.17 1.00 0.00
0.70 1.05 9.35 1.00 0.00
0.70 1.05 9.52 1.00 0.00
0.70 1.05 9.70 1.00 0.00
0.70 1.05 9.87 1.00 0.00
0.70 1.05 10.05 1.00 0.00
0.70 1.05 10.22 1.00 0.00
0.70 1.05 10.39 1.00 0.00
0.90 1.05 7.39 1.00 0.00
0.90 1.05 7.57 1.00 0.00
0.90 1.05 7.74 1.00 0.00
0.90 1.05 7.92 1.00 0.00
0.90 1.05 8.09 1.00 0.00
0.90 1.05 8.27 1.00 0.00
0.90 1.05 8.44 1.00 0.00
0.90 1.05 8.62 1.00 0.00
0.90 1.05 8.79 1.00 0.00
0.90 1.05 8.96 1.00 0.00
0.90 1.05 9.14 1.00 0.00
0.90 1.05 9.31 1.00 0.00
0.90 1.05 9.49 1.00 0.00
0.90 1.05 9.66 1.00 0.00
0.90 1.05 9.84 1.00 0.00
0.90 1.05 10.01 1.00 0.00
0.90 1.05 10.19 1.00 0.00
0.90 1.05 10.36 1.00 0.00
1.10 1.05 7.36 1.00 0.00
1.10 1.05 7.54 1.00 0.00
1.10 1.05 7.71 1.00 0.00
1.10 1.05 7.89 1.00 0.00
1.10 1.05 8.06 1.00 0.00
1.10 1.05 8.23 1.00 0.00
1.10 1.05 8.41 1.00 0.00
1.10 1.05 8.58 1.00 0.00
1.10 1.05 8.76 1.00 0.00
1.10 1.05 8.93 1.00 0.00
1.10 1.05 9.11 1.00 0.00
1.10 1.05 9.28 1.00 0.00
1.10 1.05 9.46 1.00 0.00
1.10 1.05 9.63 1.00 0.00
1.10 1.05 9.81 1.00 0.00
1.10 1.05 9.98 1.00 0.00
1.10 1.05 10.15 1.00 0.00
1.10 1.05 10.33 1.00 0.00
0.30 1.22 7.50 1.00 0.00
0.30 1.22 7.67 1.00 0.00
0.30 1.22 7.84 1.00 0.00
0.30 1.22 8.02 1.00 0.00
0.30 1.22 8.19 1.00 0.00
0.30 1.22 8.37 1.00 0.00
0.30 1.22 8.54 1.00 0.00
0.30 1.22 8.72 1.00 0.00
0.30 1.22 8.89 1.00 0.00
0.30 1.22 9.07 1.00 0.00
0.30 1.22 9.24 1.00 0.00
0.30 1.22 9.41 1.00 0.00
0.30 1.22 9.59 1.00 0.00
0.30 1.22 9.76 1.00 0.00
0.30 1.22 9.94 1.00 0.00
0.30 1.22 10.11 1.00 0.00
0.30 1.22 10.29 1.00 0.00
0.30 1.22 10.46 1.00 0.00
0.50 1.22 7.44 1.00 0.00
0.50 1.22 7.62 1.00 0.00
0.50 1.22 7.79 1.00 0.00
0.50 1.22 7.97 1.00 0.00
0.50 1.22 8.14 1.00 0.00
0.50 1.22 8.32 1.00 0.00
0.50 1.22 8.49 1.00 0.00
0.50 1.22 8.67 1.00 0.00
0.50 1.22 8.84 1.00 0.00
0.50 1.22 9.02 1.00 0.00
0.50 1.22 9.19 1.00 0.00
0.50 1.22 9.36 1.00 0.00
0.50 1.22 9.54 1.00 0.00
0.50 1.22 9.71 1.00 0.00
0.50 1.22 9.89 1.00 0.00
0.50 1.22 10.06 1.00 0.00
0.50 1.22 10.24 1.00 0.00
0.50 1.22 10.41 1.00 0.00
0.70 1.22 7.40 1.00 0.00
0.70 1.22 7.57 1.00 0.00
0.70 1.22 7.75 1.00 0.00
0.70 1.22 7.92 1.00 0.00
0.70 1.22 8.10 1.00 0.00
0.70 1.22 8.27 1.00 0.00
0.70 1.22 8.45 1.00 0.00
0.70 1.22 8.62 1.00 0.00
0.70 1.22 8.79 1.00 0.00
0.70 1.22 8.97 1.00 0.00
0.70 1.22 9.14 1.00 0.00
0.70 1.22 9.32 1.00 0.00
0.70 1.22 9.49 1.00 0.00
0.70 1.22 9.67 1.00 0.00
0.70 1.22 9.84 1.00 0.00
0.70 1.22 10.02 1.00 0.00
0.70 1.22 10.19 1.00 0.00
0.70 1.22 10.37 1.00 0.00
0.90 1.22 7.36 1.00 0.00
0.90 1.22 7.53 1.00 0.00
0.90 1.22 7.71 1.00 0.00
0.90 1.22 7.88 1.00 0.00
0.90 1.22 8.05 1.00 0.00
0.90 1.22 8.23 1.00 0.00
0.90 1.22 8.40 1.00 0.00
0.90 1.22 8.58 1.00 0.00
0.90 1.22 8.75 1.00 0.00
0.90 1.22 8.93 1.00 0.00
0.90 1.22 9.10 1.00 0.00
0.90 1.22 9.28 1.00 0.00
0.90 1.22 9.45 1.00 0.00
0.90 1.22 9.62 1.00 0.00
0.90 1.22 9.80 1.00 0.00
0.90 1.22 9.97 1.00 0.00
0.90 1.22 10.15 1.00 0.00
0.90 1.22 10.32 1.00 0.00
1.10 1.22 7.32 1.00 0.00
1.10 1.22 7.49 1.00 0.00
1.10 1.22 7.67 1.00 0.00
1.10 1.22 7.84 1.00 0.00
1.10 1.22 8.02 1.00 0.00
1.10 1.22 8.19 1.00 0.00
1.10 1.22 8.36 1.00 0.00
1.10 1.22 8.54 1.00 0.00
1.10 1.22 8.71 1.00 0.00
1.10 1.22 8.89 1.00 0.00
1.10 1.22 9.06 1.00 0.00
1.10 1.22 9.24 1.00 0.00
1.10 1.22 9.41 1.00 0.00
1.10 1.22 9.59 1.00 0.00
1.10 1.22 9.76 1.00 0.00
1.10 1.22 9.94 1.00 0.00
1.10 1.22 10.11 1.00 0.00
1.10 1.22 10.28 1.00 0.00
0.30 1.40 7.48 1.00 0.00
0.30 1.40 7.66 1.00 0.00
0.30 1.40 7.83 1.00 0.00
0.30 1.40 8.01 1.00 0.00
0.30 1.40 8.18 1.00 0.00
0.30 1.40 8.36 1.00 0.00
0.30 1.40 8.53 1.00 0.00
0.30 1.40 8.71 1.00 0.00
0.30 1.40 8.88 1.00 0.00
0.30 1.40 9.06 1.00 0.00
0.30 1.40 9.23 1.00 0.00
0.30 1.40 9.40 1.00 0.00
0.30 1.40 9.58 1.00 0.00
0.30 1.40 9.75 1.00 0.00
0.30 1.40 9.93 1.00 0.00
0.30 1.40 10.10 1.00 0.00
0.30 1.40 10.28 1.00 0.00
0.30 1.40 10.45 1.00 0.00
0.50 1.40 7.43 1.00 0.00
0.50 1.40 7.60 1.00 0.00
0.50 1.40 7.78 1.00 0.00
0.50 1.40 7.95 1.00 0.00
0.50 1.40 8.12 1.00 0.00
0.50 1.40 8.30 1.00 0.00
0.50 1.40 8.47 1.00 0.00
0.50 1.40 8.65 1.00 0.00
0.50 1.40 8.82 1.00 0.00
0.50 1.40 9.00 1.00 0.00
0.50 1.40 9.17 1.00 0.00
0.50 1.40 9.35 1.00 0.00
0.50 1.40 9.52 1.00 0.00
0.50 1.40 9.69 1.00 0.00
0.50 1.40 9.87 1.00 0.00
0.50 1.40 10.04 1.00 0.00
0.50 1.40 10.22 1.00 0.00
0.50 1.40 10.39 1.00 0.00
0.70 1.40 7.37 1.00 0.00
0.70 1.40 7.55 1.00 0.00
0.70 1.40 7.72 1.00 0.00
0.70 1.40 7.90 1.00 0.00
0.70 1.40 8.07 1.00 0.00
0.70 1.40 8.24 1.00 0.00
0.70 1.40 8.42 1.00 0.00
0.70 1.40 8.59 1.00 0.00
0.70 1.40 8.77 1.00 0.00
0.70 1.40 8.94 1.00 0.00
0.70 1.40 9.12 1.00 0.00
0.70 1.40 9.29 1.00 0.00
0.70 1.40 9.47 1.00 0.00
0.70 1.40 9.64 1.00 0.00
0.70 1.40 9.82 1.00 0.00
0.70 1.40 9.99 1.00 0.00
0.70 1.40 10.16 1.00 0.00
0.70 1.40 10.34 1.00 0.00
0.90 1.40 7.32 1.00 0.00
0.90 1.40 7.50 1.00 0.00
0.90 1.40 7.67 1.00 0.00
0.90 1.40 7.85 1.00 0.00
0.90 1.40 8.02 1.00 0.00
0.90 1.40 8.19 1.00 0.00
0.90 1.40 8.37 1.00 0.00
0.90 1.40 8.54 1.00 0.00
0.90 1.40 8.72 1.00 0.00
0.90 1.40 8.89 1.00 0.00
0.90 1.40 9.07 1.00 0.00
0.90 1.40 9.24 1.00 0.00
0.90 1.40 9.42 1.00 0.00
0.90 1.40 9.59 1.00 0.00
0.90 1.40 9.77 1.00 0.00
0.90 1.40 9.94 1.00 0.00
0.90 1.40 10.11 1.00 0.00
0.90 1.40 10.29 1.00 0.00
1.10 1.40 7.28 1.00 0.00
1.10 1.40 7.45 1.00 0.00
1.10 1.40 7.63 1.00 0.00
1.10 1.40 7.80 1.00 0.00
1.10 1.40 7.97 1.00 0.00
1.10 1.40 8.15 1.00 0.00
1.10 1.40 8.32 1.00 0.00
1.10 1.40 8.50 1.00 0.00
1.10 1.40 8.67 1.00 0.00
1.10 1.40 8.85 1.00 0.00
1.10 1.40 9.02 1.00 0.00
1.10 1.40 9.20 1.00 0.00
1.10 1.40 9.37 1.00 0.00
1.10 1.40 9.54 1.00 0.00
1.10 1.40 9.72 1.00 0.00
1.10 1.40 9.89 1.00 0.00
1.10 1.40 10.07 1.00 0.00
1.10 1.40 10.24 1.00 0.00
0.30 1.57 7.48 1.00 0.00
0.30 1.57 7.65 1.00 0.00
0.30 1.57 7.83 1.00 0.00
0.30 1.57 8.00 1.00 0.00
0.30 1.57 8.17 1.00 0.00
0.30 1.57 8.35 1.00 0.00
0.30 1.57 8.52 1.00 0.00
0.30 1.57 8.70 1.00 0.00
0.30 1.57 8.87 1.00 0.00
0.30 1.57 9.05 1.00 0.00
0.30 1.57 9.22 1.00 0.00
0.30 1.57 9.40 1.00 0.00
0.30 1.57 9.57 1.00 0.00
0.30 1.57 9.74 1.00 0.00
0.30 1.57 9.92 1.00 0.00
0.30 1.57 10.09 1.00 0.00
0.30 1.57 10.27 1.00 0.00
0.30 1.57 10.44 1.00 0.00
0.50 1.57 7.41 1.00 0.00
0.50 1.57 7.59 1.00 0.00
0.50 1.57 7.76 1.00 0.00
0.50 1.57 7.93 1.00 0.00
0.50 1.57 8.11 1.00 0.00
0.50 1.57 8.28 1.00 0.00
0.50 1.57 8.46 1.00 0.00
0.50 1.57 8.63 1.00 0.00
0.50 1.57 8.81 1.00 0.00
0.50 1.57 8.98 1.00 0.00
0.50 1.57 9.16 1.00 0.00
0.50 1.57 9.33 1.00 0.00
0.50 1.57 9.51 1.00 0.00
0.50 1.57 9.68 1.00 0.00
0.50 1.57 9.85 1.00 0.00
0.50 1.57 10.03 1.00 0.00
0.50 1.57 10.20 1.00 0.00
0.50 1.57 10.38 1.00 0.00
0.70 1.57 7.35 1.00 0.00
0.70 1.57 7.52 1.00 0.00
0.70 1.57 7.70 1.00 0.00
0.70 1.57 7.87 1.00 0.00
0.70 1.57 8.05 1.00 0.00
0.70 1.57 8.22 1.00 0.00
0.70 1.57 8.40 1.00 0.00
0.70 1.57 8.57 1.00 0.00
0.70 1.57 8.75 1.00 0.00
0.70 1.57 8.92 1.00 0.00
0.70 1.57 9.09 1.00 0.00
0.70 1.57 9.27 1.00 0.00
0.70 1.57 9.44 1.00 0.00
0.70 1.57 9.62 1.00 0.00
0.70 1.57 9.79 1.00 0.00
0.70 1.57 9.97 1.00 0.00
0.70 1.57 10.14 1.00 0.00
0.70 1.57 10.32 1.00 0.00
0.90 1.57 7.29 1.00 0.00
0.90 1.57 7.47 1.00 0.00
0.90 1.57 7.64 1.00 0.00
0.90 1.57 7.82 1.00 0.00
0.90 1.57 7.99 1.00 0.00
0.90 1.57 8.16 1.00 0.00
0.90 1.57 8.34 1.00 0.00
0.90 1.57 8.51 1.00 0.00
0.90 1.57 8.69 1.00 0.00
0.90 1.57 8.86 1.00 0.00
0.90 1.57 9.04 1.00 0.00
0.90 1.57 9.21 1.00 0.00
0.90 1.57 9.39 1.00 0.00
0.90 1.57 9.56 1.00 0.00
0.90 1.57 9.74 1.00 0.00
0.90 1.57 9.91 1.00 0.00
0.90 1.57 10.08 1.00 0.00
0.90 1.57 10.26 1.00 0.00
1.10 1.57 7.24 1.00 0.00
1.10 1.57 7.41 1.00 0.00
1.10 1.57 7.59 1.00 0.00
1.10 1.57 7.76 1.00 0.00
1.10 1.57 7.94 1.00 0.00
1.10 1.57 8.11 1.00 0.00
1.10 1.57 8.29 1.00 0.00
1.10 1.57 8.46 1.00 0.00
1.10 1.57 8.63 1.00 0.00
1.10 1.57 8.81 1.00 0.00
1.10 1.57 8.98 1.00 0.00
1.10 1.57 9.16 1.00 0.00
1.10 1.57 9.33 1.00 0.00
1.10 1.57 9.51 1.00 0.00
1.10 1.57 9.68 1.00 0.00
1.10 1.57 9.86 1.00 0.00
1.10 1.57 10.03 1.00 0.00
1.10 1.57 10.21 1.00 0.00
0.30 1.75 7.47 1.00 0.00
0.30 1.75 7.65 1.00 0.00
0.30 1.75 7.82 1.00 0.00
0.30 1.75 7.99 1.00 0.00
0.30 1.75 8.17 1.00 0.00
0.30 1.75 8.34 1.00 0.00
0.30 1.75 8.52 1.00 0.00
0.30 1.75 8.69 1.00 0.00
0.30 1.75 8.87 1.00 0.00
0.30 1.75 9.04 1.00 0.00
0.30 1.75 9.22 1.00 0.00
0.30 1.75 9.39 1.00 0.00
0.30 1.75 9.56 1.00 0.00
0.30 1.75 9.74 1.00 0.00
0.30 1.75 9.91 1.00 0.00
0.30 1.75 10.09 1.00 0.00
0.30 1.75 10.26 1.00 0.00
0.30 1.75 10.44 1.00 0.00
0.50 1.75 7.40 1.00 0.00
0.50 1.75 7.57 1.00 0.00
0.50 1.75 7.75 1.00 0.00
0.50 1.75 7.92 1.00 0.00
0.50 1.75 8.10 1.00 0.00
0.50 1.75 8.27 1.00 0.00
0.50 1.75 8.45 1.00 0.00
0.50 1.75 8.62 1.00 0.00
0.50 1.75 8.80 1.00 0.00
0.50 1.75 8.97 1.00 0.00
0.50 1.75 9.15 1.00 0.00
0.50 1.75 9.32 1.00 0.00
0.50 1.75 9.49 1.00 0.00
0.50 1.75 9.67 1.00 0.00
0.50 1.75 9.84 1.00 0.00
0.50 1.75 10.02 1.00 0.00
0.50 1.75 10.19 1.00 0.00
0.50 1.75 10.37 1.00 0.00
0.70 1.75 7.33 1.00 0.00
0.70 1.75 7.51 1.00 0.00
0.70 1.75 7.68 1.00 0.00
0.70 1.75 7.86 1.00 0.00
0.70 1.75 8.03 1.00 0.00
0.70 1.75 8.20 1.00 0.00
0.70 1.75 8.38 1.00 0.00
0.70 1.75 8.55 1.00 0.00
0.70 1.75 8.73 1.00 0.00
0.70 1.75 8.90 1.00 0.00
0.70 1.75 9.08 1.00 0.00
0.70 1.75 9.25 1.00 0.00
0.70 1.75 9.43 1.00 0.00
0.70 1.75 9.60 1.00 0.00
0.70 1.75 9.78 1.00 0.00
0.70 1.75 9.95 1.00 0.00
0.70 1.75 10.12 1.00 0.00
0.70 1.75 10.30 1.00 0.00
0.90 1.75 7.27 1.00 0.00
0.90 1.75 7.44 1.00 0.00
0.90 1.75 7.62 1.00 0.00
0.90 1.75 7.79 1.00 0.00
0.90 1.75 7.97 1.00 0.00
0.90 1.75 8.14 1.00 0.00
0.90 1.75 8.31 1.00 0.00
0.90 1.75 8.49 1.00 0.00
0.90 1.75 8.66 1.00 0.00
0.90 1.75 8.84 1.00 0.00
0.90 1.75 9.01 1.00 0.00
0.90 1.75 9.19 1.00 0.00
0.90 1.75 9.36 1.00 0.00
0.90 1.75 9.54 1.00 0.00
0.90 1.75 9.71 1.00 0.00
0.90 1.75 9.89 1.00 0.00
0.90 1.75 10.06 1.00 0.00
0.90 1.75 10.23 1.00 0.00
1.10 1.75 7.21 1.00 0.00
1.10 1.75 7.38 1.00 0.00
1.10 1.75 7.56 1.00 0.00
1.10 1.75 7.73 1.00 0.00
1.10 1.75 7.90 1.00 0.00
1.10 1.75 8.08 1.00 0.00
1.10 1.75 8.25 1.00 0.00
1.10 1.75 8.43 1.00 0.00
1.10 1.75 8.60 1.00 0.00
1.10 1.75 8.78 1.00 0.00
1.10 1.75 8.95 1.00 0.00
1.10 1.75 9.13 1.00 0.00
1.10 1.75 9.30 1.00 0.00
1.10 1.75 9.48 1.00 0.00
1.10 1.75 9.65 1.00 0.00
1.10 1.75 9.82 1.00 0.00
1.10 1.75 10.00 1.00 0.00
1.10 1.75 10.17 1.00 0.00
0.30 1.92 7.47 1.00 0.00
0.30 1.92 7.64 1.00 0.00
0.30 1.92 7.82 1.00 0.00
0.30 1.92 7.99 1.00 0.00
0.30 1.92 8.17 1.00 0.00
0.30 1.92 8.34 1.00 0.00
0.30 1.92 8.52 1.00 0.00
0.30 1.92 8.69 1.00 0.00
0.30 1.92 8.86 1.00 0.00
0.30 1.92 9.04 1.00 0.00
0.30 1.92 9.21 1.00 0.00
0.30 1.92 9.39 1.00 0.00
0.30 1.92 9.56 1.00 0.00
0.30 1.92 9.74 1.00 0.00
0.30 1.92 9.91 1.00 0.00
0.30 1.92 10.09 1.00 0.00
0.30 1.92 10.26 1.00 0.00
0.30 1.92 10.44 1.00 0.00
0.50 1.92 7.39 1.00 0.00
0.50 1.92 7.57 1.00 0.00
0.50 1.92 7.74 1.00 0.00
0.50 1.92 7.92 1.00 0.00
0.50 1.92 8.09 1.00 0.00
0.50 1.92 8.27 1.00 0.00
0.50 1.92 8.44 1.00 0.00
0.50 1.92 8.62 1.00 0.00
0.50 1.92 8.79 1.00 0.00
0.50 1.92 8.96 1.00 0.00
0.50 1.92 9.14 1.00 0.00
0.50 1.92 9.31 1.00 0.00
0.50 1.92 9.49 1.00 0.00
0.50 1.92 9.66 1.00 0.00
0.50 1.92 9.84 1.00 0.00
0.50 1.92 10.01 1.00 0.00
0.50 1.92 10.19 1.00 0.00
0.50 1.92 10.36 1.00 0.00
0.70 1.92 7.32 1.00 0.00
0.70 1.92 7.50 1.00 0.00
0.70 1.92 7.67 1.00 0.00
0.70 1.92 7.84 1.00 0.00
0.70 1.92 8.02 1.00 0.00
0.70 1.92 8.19 1.00 0.00
0.70 1.92 8.37 1.00 0.00
0.70 1.92 8.54 1.00 0.00
0.70 1.92 8.72 1.00 0.00
0.70 1.92 8.89 1.00 0.00
0.70 1.92 9.07 1.00 0.00
0.70 1.92 9.24 1.00 0.00
0.70 1.92 9.42 1.00 0.00
0.70 1.92 9.59 1.00 0.00
0.70 1.92 9.76 1.00 0.00
0.70 1.92 9.94 1.00 0.00
0.70 1.92 10.11 1.00 0.00
0.70 1.92 10.29 1.00 0.00
0.90 1.92 7.25 1.00 0.00
0.90 1.92 7.42 1.00 0.00
0.90 1.92 7.60 1.00 0.00
0.90 1.92 7.77 1.00 0.00
0.90 1.92 7.95 1.00 0.00
0.90 1.92 8.12 1.00 0.00
0.90 1.92 8.30 1.00 0.00
0.90 1.92 8.47 1.00 0.00
0.90 1.92 8.65 1.00 0.00
0.90 1.92 8.82 1.00 0.00
0.90 1.92 8.99 1.00 0.00
0.90 1.92 9.17 1.00 0.00
0.90 1.92 9.34 1.00 0.00
0.90 1.92 9.52 1.00 0.00
0.90 1.92 9.69 1.00 0.00
0.90 1.92 9.87 1.00 0.00
0.90 1.92 10.04 1.00 0.00
0.90 1.92 10.22 1.00 0.00
1.10 1.92 7.18 1.00 0.00
1.10 1.92 7.36 1.00 0.00
1.10 1.92 7.53 1.00 0.00
1.10 1.92 7.70 1.00 0.00
1.10 1.92 7.88 1.00 0.00
1.10 1.92 8.05 1.00 0.00
1.10 1.92 8.23 1.00 0.00
1.10 1.92 8.40 1.00 0.00
1.10 1.92 8.58 1.00 0.00
1.10 1.92 8.75 1.00 0.00
1.10 1.92 8.93 1.00 0.00
1.10 1.92 9.10 1.00 0.00
1.10 1.92 9.28 1.00 0.00
1.10 1.92 9.45 1.00 0.00
1.10 1.92 9.62 1.00 0.00
1.10 1.92 9.80 1.00 0.00
1.10 1.92 9.97 1.00 0.00
1.10 1.92 10.15 1.00 0.00
0.30 2.09 7.47 1.00 0.00
0.30 2.09 7.64 1.00 0.00
0.30 2.09 7.82 1.00 0.00
0.30 2.09 7.99 1.00 0.00
0.30 2.09 8.17 1.00 0.00
0.30 2.09 8.34 1.00 0.00
0.30 2.09 8.52 1.00 0.00
0.30 2.09 8.69 1.00 0.00
0.30 2.09 8.87 1.00 0.00
0.30 2.09 9.04 1.00 0.00
0.30 2.09 9.21 1.00 0.00
0.30 2.09 9.39 1.00 0.00
0.30 2.09 9.56 1.00 0.00
0.30 2.09 9.74 1.00 0.00
0.30 2.09 9.91 1.00 0.00
0.30 2.09 10.09 1.00 0.00
0.30 2.09 10.26 1.00 0.00
0.30 2.09 10.44 1.00 0.00
0.50 2.09 7.39 1.00 0.00
0.50 2.09 7.57 1.00 0.00
0.50 2.09 7.74 1.00 0.00
0.50 2.09 7.92 1.00 0.00
0.50 2.09 8.09 1.00 0.00
0.50 2.09 8.27 1.00 0.00
0.50 2.09 8.44 1.00 0.00
0.50 2.09 8.61 1.00 0.00
0.50 2.09 8.79 1.00 0.00
0.50 2.09 8.96 1.00 0.00
0.50 2.09 9.14 1.00 0.00
0.50 2.09 9.31 1.00 0.00
0.50 2.09 9.49 1.00 0.00
0.50 2.09 9.66 1.00 0.00
0.50 2.09 9.84 1.00 0.00
0.50 2.09 10.01 1.00 0.00
0.50 2.09 10.19 1.00 0.00
0.50 2.09 10.36 1.00 0.00
0.70 2.09 7.32 1.00 0.00
0.70 2.09 7.49 1.00 0.00
0.70 2.09 7.67 1.00 0.00
0.70 2.09 7.84 1.00 0.00
0.70 2.09 8.01 1.00 0.00
0.70 2.09 8.19 1.00 0.00
0.70 2.09 8.36 1.00 0.00
0.70 2.09 8.54 1.00 0.00
0.70 2.09 8.71 1.00 0.00
0.70 2.09 8.89 1.00 0.00
0.70 2.09 9.06 1.00 0.00
0.70 2.09 9.24 1.00 0.00
0.70 2.09 9.41 1.00 0.00
0.70 2.09 9.59 1.00 0.00
0.70 2.09 9.76 1.00 0.00
0.70 2.09 9.93 1.00 0.00
0.70 2.09 10.11 1.00 0.00
0.70 2.09 10.28 1.00 0.00
0.90 2.09 7.24 1.00 0.00
0.90 2.09 7.41 1.00 0.00
0.90 2.09 7.59 1.00 0.00
0.90 2.09 7.76 1.00 0.00
0.90 2.09 7.94 1.00 0.00
0.90 2.09 8.11 1.00 0.00
0.90 2.09 8.29 1.00 0.00
0.90 2.09 8.46 1.00 0.00
0.90 2.09 8.64 1.00 0.00
0.90 2.09 8.81 1.00 0.00
0.90 2.09 8.98 1.00 0.00
0.90 2.09 9.16 1.00 0.00
0.90 2.09 9.33 1.00 0.00
0.90 2.09 9.51 1.00 0.00
0.90 2.09 9.68 1.00 0.00
0.90 2.09 9.86 1.00 0.00
0.90 2.09 10.03 1.00 0.00
0.90 2.09 10.21 1.00 0.00
1.10 2.09 7.16 1.00 0.00
1.10 2.09 7.34 1.00 0.00
1.10 2.09 7.51 1.00 0.00
1.10 2.09 7.69 1.00 0.00
1.10 2.09 7.86 1.00 0.00
1.10 2.09 8.04 1.00 0.00
1.10 2.09 8.21 1.00 0.00
1.10 2.09 8.39 1.00 0.00
1.10 2.09 8.56 1.00 0.00
1.10 2.09 8.73 1.00 0.00
1.10 2.09 8.91 1.00 0.00
1.10 2.09 9.08 1.00 0.00
1.10 2.09 9.26 1.00 0.00
1.10 2.09 9.43 1.00 0.00
1.10 2.09 9.61 1.00 0.00
1.10 2.09 9.78 1.00 0.00
1.10 2.09 9.96 1.00 0.00
1.10 2.09 10.13 1.00 0.00
0.30 2.27 7.47 1.00 0.00
0.30 2.27 7.65 1.00 0.00
0.30 2.27 7.82 1.00 0.00
0.30 2.27 8.00 1.00 0.00
0.30 2.27 8.17 1.00 0.00
0.30 2.27 8.35 1.00 0.00
0.30 2.27 8.52 1.00 0.00
0.30 2.27 8.70 1.00 0.00
0.30 2.27 8.87 1.00 0.00
0.30 2.27 9.04 1.00 0.00
0.30 2.27 9.22 1.00 0.00
0.30 2.27 9.39 1.00 0.00
0.30 2.27 9.57 1.00 0.00
0.30 2.27 9.74 1.00 0.00
0.30 2.27 9.92 1.00 0.00
0.30 2.27 10.09 1.00 0.00
0.30 2.27 10.27 1.00 0.00
0.30 2.27 10.44 1.00 0.00
0.50 2.27 7.40 1.00 0.00
0.50 2.27 7.57 1.00 0.00
0.50 2.27 7.75 1.00 0.00
0.50 2.27 7.92 1.00 0.00
0.50 2.27 8.10 1.00 0.00
0.50 2.27 8.27 1.00 0.00
0.50 2.27 8.45 1.00 0.00
0.50 2.27 8.62 1.00 0.00
0.50 2.27 8.79 1.00 0.00
0.50 2.27 8.97 1.00 0.00
0.50 2.27 9.14 1.00 0.00
0.50 2.27 9.32 1.00 0.00
0.50 2.27 9.49 1.00 0.00
0.50 2.27 9.67 1.00 0.00
0.50 2.27 9.84 1.00 0.00
0.50 2.27 10.02 1.00 0.00
0.50 2.27 10.19 1.00 0.00
0.50 2.27 10.37 1.00 0.00
0.70 2.27 7.32 1.00 0.00
0.70 2.27 7.49 1.00 0.00
0.70 2.27 7.67 1.00 0.00
0.70 2.27 7.84 1.00 0.00
0.70 2.27 8.02 1.00 0.00
0.70 2.27 8.19 1.00 0.00
0.70 2.27 8.37 1.00 0.00
0.70 2.27 8.54 1.00 0.00
0.70 2.27 8.72 1.00 0.00
0.70 2.27 8.89 1.00 0.00
0.70 2.27 9.07 1.00 0.00
0.70 2.27 9.24 1.00 0.00
0.70 2.27 9.41 1.00 0.00
0.70 2.27 9.59 1.00 0.00
0.70 2.27 9.76 1.00 0.00
0.70 2.27 9.94 1.00 0.00
0.70 2.27 10.11 1.00 0.00
0.70 2.27 10.29 1.00 0.00
0.90 2.27 7.24 1.00 0.00
0.90 2.27 7.41 1.00 0.00
0.90 2.27 7.59 1.00 0.00
0.90 2.27 7.76 1.00 0.00
0.90 2.27 7.94 1.00 0.00
0.90 2.27 8.11 1.00 0.00
0.90 2.27 8.29 1.00 0.00
0.90 2.27 8.46 1.00 0.00
0.90 2.27 8.64 1.00 0.00
0.90 2.27 8.81 1.00 0.00
0.90 2.27 8.98 1.00 0.00
0.90 2.27 9.16 1.00 0.00
0.90 2.27 9.33 1.00 0.00
0.90 2.27 9.51 1.00 0.00
0.90 2.27 9.68 1.00 0.00
0.90 2.27 9.86 1.00 0.00
0.90 2.27 10.03 1.00 0.00
0.90 2.27 10.21 1.00 0.00
1.10 2.27 7.16 1.00 0.00
1.10 2.27 7.33 1.00 0.00
1.10 2.27 7.51 1.00 0.00
1.10 2.27 7.68 1.00 0.00
1.10 2.27 7.86 1.00 0.00
1.10 2.27 8.03 1.00 0.00
1.10 2.27 8.20 1.00 0.00
1.10 2.27 8.38 1.00 0.00
1.10 2.27 8.55 1.00 0.00
1.10 2.27 8.73 1.00 0.00
1.10 2.27 8.90 1.00 0.00
1.10 2.27 9.08 1.00 0.00
1.10 2.27 9.25 1.00 0.00
1.10 2.27 9.43 1.00 0.00
1.10 2.27 9.60 1.00 0.00
1.10 2.27 9.78 1.00 0.00
1.10 2.27 9.95 1.00 0.00
1.10 2.27 10.12 1.00 0.00
0.30 2.44 7.48 1.00 0.00
0.30 2.44 7.66 1.00 0.00
0.30 2.44 7.83 1.00 0.00
0.30 2.44 8.01 1.00 0.00
0.30 2.44 8.18 1.00 0.00
0.30 2.44 8.35 1.00 0.00
0.30 2.44 8.53 1.00 0.00
0.30 2.44 8.70 1.00 0.00
0.30 2.44 8.88 1.00 0.00
0.30 2.44 9.05 1.00 0.00
0.30 2.44 9.23 1.00 0.00
0.30 2.44 9.40 1.00 0.00
0.30 2.44 9.58 1.00 0.00
0.30 2.44 9.75 1.00 0.00
0.30 2.44 9.93 1.00 0.00
0.30 2.44 10.10 1.00 0.00
0.30 2.44 10.27 1.00 0.00
0.30 2.44 10.45 1.00 0.00
0.50 2.44 7.41 1.00 0.00
0.50 2.44 7.58 1.00 0.00
0.50 2.44 7.76 1.00 0.00
0.50 2.44 7.93 1.00 0.00
0.50 2.44 8.11 1.00 0.00
0.50 2.44 8.28 1.00 0.00
0.50 2.44 8.46 1.00 0.00
0.50 2.44 8.63 1.00 0.00
0.50 2.44 8.81 1.00 0.00
0.50 2.44 8.98 1.00 0.00
0.50 2.44 9.16 1.00 0.00
0.50 2.44 9.33 1.00 0.00
0.50 2.44 9.50 1.00 0.00
0.50 2.44 9.68 1.00 0.00
0.50 2.44 9.85 1.00 0.00
0.50 2.44 10.03 1.00 0.00
0.50 2.44 10.20 1.00 0.00
0.50 2.44 10.38 1.00 0.00
0.70 2.44 7.33 1.00 0.00
0.70 2.44 7.51 1.00 0.00
0.70 2.44 7.68 1.00 0.00
0.70 2.44 7.86 1.00 0.00
0.70 2.44 8.03 1.00 0.00
0.70 2.44 8.21 1.00 0.00
0.70 2.44 8.38 1.00 0.00
0.70 2.44 8.55 1.00 0.00
0.70 2.44 8.73 1.00 0.00
0.70 2.44 8.90 1.00 0.00
0.70 2.44 9.08 1.00 0.00
0.70 2.44 9.25 1.00 0.00
0.70 2.44 9.43 1.00 0.00
0.70 2.44 9.60 1.00 0.00
0.70 2.44 9.78 1.00 0.00
0.70 2.44 9.95 1.00 0.00
0.70 2.44 10.13 1.00 0.00
0.70 2.44 10.30 1.00 0.00
0.90 2.44 7.25 1.00 0.00
0.90 2.44 7.43 1.00 0.00
0.90 2.44 7.60 1.00 0.00
0.90 2.44 7.77 1.00 0.00
0.90 2.44 7.95 1.00 0.00
0.90 2.44 8.12 1.00 0.00
0.90 2.44 8.30 1.00 0.00
0.90 2.44 8.47 1.00 0.00
0.90 2.44 8.65 1.00 0.00
0.90 2.44 8.82 1.00 0.00
0.90 2.44 9.00 1.00 0.00
0.90 2.44 9.17 1.00 0.00
0.90 2.44 9.35 1.00 0.00
0.90 2.44 9.52 1.00 0.00
0.90 2.44 9.69 1.00 0.00
0.90 2.44 9.87 1.00 0.00
0.90 2.44 10.04 1.00 0.00
0.90 2.44 10.22 1.00 0.00
1.10 2.44 7.17 1.00 0.00
1.10 2.44 7.34 1.00 0.00
1.10 2.44 7.51 1.00 0.00
1.10 2.44 7.69 1.00 0.00
1.10 2.44 7.86 1.00 0.00
1.10 2.44 8.04 1.00 0.00
1.10 2.44 8.21 1.00 0.00
1.10 2.44 8.39 1.00 0.00
1.10 2.44 8.56 1.00 0.00
1.10 2.44 8.74 1.00 0.00
1.10 2.44 8.91 1.00 0.00
1.10 2.44 9.08 1.00 0.00
1.10 2.44 9.26 1.00 0.00
1.10 2.44 9.43 1.00 0.00
1.10 2.44 9.61 1.00 0.00
1.10 2.44 9.78 1.00 0.00
1.10 2.44 9.96 1.00 0.00
1.10 2.44 10.13 1.00 0.00
0.30 2.62 7.49 1.00 0.00
0.30 2.62 7.67 1.00 0.00
0.30 2.62 7.84 1.00 0.00
0.30 2.62 8.02 1.00 0.00
0.30 2.62 8.19 1.00 0.00
0.30 2.62 8.37 1.00 0.00
0.30 2.62 8.54 1.00 0.00
0.30 2.62 8.72 1.00 0.00
0.30 2.62 8.89 1.00 0.00
0.30 2.62 9.06 1.00 0.00
0.30 2.62 9.24 1.00 0.00
0.30 2.62 9.41 1.00 0.00
0.30 2.62 9.59 1.00 0.00
0.30 2.62 9.76 1.00 0.00
0.30 2.62 9.94 1.00 0.00
0.30 2.62 10.11 1.00 0.00
0.30 2.62 10.29 1.00 0.00
0.30 2.62 10.46 1.00 0.00
0.50 2.62 7.43 1.00 0.00
0.50 2.62 7.60 1.00 0.00
0.50 2.62 7.78 1.00 0.00
0.50 2.62 7.95 1.00 0.00
0.50 2.62 8.13 1.00 0.00
0.50 2.62 8.30 1.00 0.00
0.50 2.62 8.48 1.00 0.00
0.50 2.62 8.65 1.00 0.00
0.50 2.62 8.82 1.00 0.00
0.50 2.62 9.00 1.00 0.00
0.50 2.62 9.17 1.00 0.00
0.50 2.62 9.35 1.00 0.00
0.50 2.62 9.52 1.00 0.00
0.50 2.62 9.70 1.00 0.00
0.50 2.62 9.87 1.00 0.00
0.50 2.62 10.05 1.00 0.00
0.50 2.62 10.22 1.00 0.00
0.50 2.62 10.40 1.00 0.00
0.70 2.62 7.36 1.00 0.00
0.70 2.62 7.53 1.00 0.00
0.70 2.62 7.70 1.00 0.00
0.70 2.62 7.88 1.00 0.00
0.70 2.62 8.05 1.00 0.00
0.70 2.62 8.23 1.00 0.00
0.70 2.62 8.40 1.00 0.00
0.70 2.62 8.58 1.00 0.00
0.70 2.62 8.75 1.00 0.00
0.70 2.62 8.93 1.00 0.00
0.70 2.62 9.10 1.00 0.00
0.70 2.62 9.28 1.00 0.00
0.70 2.62 9.45 1.00 0.00
0.70 2.62 9.62 1.00 0.00
0.70 2.62 9.80 1.00 0.00
0.70 2.62 9.97 1.00 0.00
0.70 2.62 10.15 1.00 0.00
0.70 2.62 10.32 1.00 0.00
0.90 2.62 7.28 1.00 0.00
0.90 2.62 7.45 1.00 0.00
0.90 2.62 7.63 1.00 0.00
0.90 2.62 7.80 1.00 0.00
0.90 2.62 7.97 1.00 0.00
0.90 2.62 8.15 1.00 0.00
0.90 2.62 8.32 1.00 0.00
0.90 2.62 8.50 1.00 0.00
0.90 2.62 8.67 1.00 0.00
0.90 2.62 8.85 1.00 0.00
0.90 2.62 9.02 1.00 0.00
0.90 2.62 9.20 1.00 0.00
0.90 2.62 9.37 1.00 0.00
0.90 2.62 9.55 1.00 0.00
0.90 2.62 9.72 1.00 0.00
0.90 2.62 9.89 1.00 0.00
0.90 2.62 10.07 1.00 0.00
0.90 2.62 10.24 1.00 0.00
1.10 2.62 7.19 1.00 0.00
1.10 2.62 7.36 1.00 0.00
1.10 2.62 7.54 1.00 0.00
1.10 2.62 7.71 1.00 0.00
1.10 2.62 7.89 1.00 0.00
1.10 2.62 8.06 1.00 0.00
1.10 2.62 8.24 1.00 0.00
1.10 2.62 8.41 1.00 0.00
1.10 2.62 8.59 1.00 0.00
1.10 2.62 8.76 1.00 0.00
1.10 2.62 8.94 1.00 0.00
1.10 2.62 9.11 1.00 0.00
1.10 2.62 9.28 1.00 0.00
1.10 2.62 9.46 1.00 0.00
1.10 2.62 9.63 1.00 0.00
1.10 2.62 9.81 1.00 0.00
1.10 2.62 9.98 1.00 0.00
1.10 2.62 10.16 1.00 0.00
0.30 2.79 7.51 1.00 0.00
0.30 2.79 7.68 1.00 0.00
0.30 2.79 7.86 1.00 0.00
0.30 2.79 8.03 1.00 0.00
0.30 2.79 8.21 1.00 0.00
0.30 2.79 8.38 1.00 0.00
0.30 2.79 8.56 1.00 0.00
0.30 2.79 8.73 1.00 0.00
0.30 2.79 8.90 1.00 0.00
0.30 2.79 9.08 1.00 0.00
0.30 2.79 9.25 1.00 0.00
0.30 2.79 9.43 1.00 0.00
0.30 2.79 9.60 1.00 0.00
0.30 2.79 9.78 1.00 0.00
0.30 2.79 9.95 1.00 0.00
0.30 2.79 10.13 1.00 0.00
0.30 2.79 10.30 1.00 0.00
0.30 2.79 10.48 1.00 0.00
0.50 2.79 7.45 1.00 0.00
0.50 2.79 7.63 1.00 0.00
0.50 2.79 7.80 1.00 0.00
0.50 2.79 7.98 1.00 0.00
0.50 2.79 8.15 1.00 0.00
0.50 2.79 8.33 1.00 0.00
0.50 2.79 8.50 1.00 0.00
0.50 2.79 8.67 1.00 0.00
0.50 2.79 8.85 1.00 0.00
0.50 2.79 9.02 1.00 0.00
0.50 2.79 9.20 1.00 0.00
0.50 2.79 9.37 1.00 0.00
0.50 2.79 9.55 1.00 0.00
0.50 2.79 9.72 1.00 0.00
0.50 2.79 9.90 1.00 0.00
0.50 2.79 10.07 1.00 0.00
0.50 2.79 10.25 1.00 0.00
0.50 2.79 10.42 1.00 0.00
0.70 2.79 7.39 1.00 0.00
0.70 2.79 7.56 1.00 0.00
0.70 2.79 7.74 1.00 0.00
0.70 2.79 7.91 1.00 0.00
0.70 2.79 8.09 1.00 0.00
0.70 2.79 8.26 1.00 0.00
0.70 2.79 8.44 1.00 0.00
0.70 2.79 8.61 1.00 0.00
0.70 2.79 8.79 1.00 0.00
0.70 2.79 8.96 1.00 0.00
0.70 2.79 9.13 1.00 0.00
0.70 2.79 9.31 1.00 0.00
0.70 2.79 9.48 1.00 0.00
0.70 2.79 9.66 1.00 0.00
0.70 2.79 9.83 1.00 0.00
0.70 2.79 10.01 1.00 0.00
0.70 2.79 10.18 1.00 0.00
0.70 2.79 10.36 1.00 0.00
0.90 2.79 7.32 1.00 0.00
0.90 2.79 7.49 1.00 0.00
0.90 2.79 7.67 1.00 0.00
0.90 2.79 7.84 1.00 0.00
0.90 2.79 8.02 1.00 0.00
0.90 2.79 8.19 1.00 0.00
0.90 2.79 8.36 1.00 0.00
0.90 2.79 8.54 1.00 0.00
0.90 2.79 8.71 1.00 0.00
0.90 2.79 8.89 1.00 0.00
0.90 2.79 9.06 1.00 0.00
0.90 2.79 9.24 1.00 0.00
0.90 2.79 9.41 1.00 0.00
0.90 2.79 9.59 1.00 0.00
0.90 2.79 9.76 1.00 0.00
0.90 2.79 9.94 1.00 0.00
0.90 2.79 10.11 1.00 0.00
0.90 2.79 10.28 1.00 0.00
1.10 2.79 7.24 1.00 0.00
1.10 2.79 7.41 1.00 0.00
1.10 2.79 7.58 1.00 0.00
1.10 2.79 7.76 1.00 0.00
1.10 2.79 7.93 1.00 0.00
1.10 2.79 8.11 1.00 0.00
1.10 2.79 8.28 1.00 0.00
1.10 2.79 8.46 1.00 0.00
1.10 2.79 8.63 1.00 0.00
1.10 2.79 8.81 1.00 0.00
1.10 2.79 8.98 1.00 0.00
1.10 2.79 9.16 1.00 0.00
1.10 2.79 9.33 1.00 0.00
1.10 2.79 9.50 1.00 0.00
1.10 2.79 9.68 1.00 0.00
1.10 2.79 9.85 1.00 0.00
1.10 2.79 10.03 1.00 0.00
1.10 2.79 10.20 1.00 0.00
0.30 2.97 7.53 1.00 0.00
0.30 2.97 7.70 1.00 0.00
0.30 2.97 7.88 1.00 0.00
0.30 2.97 8.05 1.00 0.00
0.30 2.97 8.22 1.00 0.00
0.30 2.97 8.40 1.00 0.00
0.30 2.97 8.57 1.00 0.00
0.30 2.97 8.75 1.00 0.00
0.30 2.97 8.92 1.00 0.00
0.30 2.97 9.10 1.00 0.00
0.30 2.97 9.27 1.00 0.00
0.30 2.97 9.45 1.00 0.00
0.30 2.97 9.62 1.00 0.00
0.30 2.97 9.80 1.00 0.00
0.30 2.97 9.97 1.00 0.00
0.30 2.97 10.14 1.00 0.00
0.30 2.97 10.32 1.00 0.00
0.30 2.97 10.49 1.00 0.00
0.50 2.97 7.48 1.00 0.00
0.50 2.97 7.66 1.00 0.00
0.50 2.97 7.83 1.00 0.00
0.50 2.97 8.01 1.00 0.00
0.50 2.97 8.18 1.00 0.00
0.50 2.97 8.36 1.00 0.00
0.50 2.97 8.53 1.00 0.00
0.50 2.97 8.71 1.00 0.00
0.50 2.97 8.88 1.00 0.00
0.50 2.97 9.05 1.00 0.00
0.50 2.97 9.23 1.00 0.00
0.50 2.97 9.40 1.00 0.00
0.50 2.97 9.58 1.00 0.00
0.50 2.97 9.75 1.00 0.00
0.50 2.97 9.93 1.00 0.00
0.50 2.97 10.10 1.00 0.00
0.50 2.97 10.28 1.00 0.00
0.50 2.97 10.45 1.00 0.00
0.70 2.97 7.43 1.00 0.00
0.70 2.97 7.61 1.00 0.00
0.70 2.97 7.78 1.00 0.00
0.70 2.97 7.96 1.00 0.00
0.70 2.97 8.13 1.00 0.00
0.70 2.97 8.31 1.00 0.00
0.70 2.97 8.48 1.00 0.00
0.70 2.97 8.66 1.00 0.00
0.70 2.97 8.83 1.00 0.00
0.70 2.97 9.00 1.00 0.00
0.70 2.97 9.18 1.00 0.00
0.70 2.97 9.35 1.00 0.00
0.70 2.97 9.53 1.00 0.00
0.70 2.97 9.70 1.00 0.00
0.70 2.97 9.88 1.00 0.00
0.70 2.97 10.05 1.00 0.00
0.70 2.97 10.23 1.00 0.00
0.70 2.97 10.40 1.00 0.00
0.90 2.97 7.37 1.00 0.00
0.90 2.97 7.55 1.00 0.00
0.90 2.97 7.72 1.00 0.00
0.90 2.97 7.90 1.00 0.00
0.90 2.97 8.07 1.00 0.00
0.90 2.97 8.25 1.00 0.00
0.90 2.97 8.42 1.00 0.00
0.90 2.97 8.60 1.00 0.00
0.90 2.97 8.77 1.00 0.00
0.90 2.97 8.95 1.00 0.00
0.90 2.97 9.12 1.00 0.00
0.90 2.97 9.29 1.00 0.00
0.90 2.97 9.47 1.00 0.00
0.90 2.97 9.64 1.00 0.00
0.90 2.97 9.82 1.00 0.00
0.90 2.97 9.99 1.00 0.00
0.90 2.97 10.17 1.00 0.00
0.90 2.97 10.34 1.00 0.00
1.10 2.97 7.31 1.00 0.00
1.10 2.97 7.48 1.00 0.00
1.10 2.97 7.65 1.00 0.00
1.10 2.97 7.83 1.00 0.00
1.10 2.97 8.00 1.00 0.00
1.10 2.97 8.18 1.00 0.00
1.10 2.97 8.35 1.00 0.00
1.10 2.97 8.53 1.00 0.00
1.10 2.97 8.70 1.00 0.00
1.10 2.97 8.88 1.00 0.00
1.10 2.97 9.05 1.00 0.00
1.10 2.97 9.23 1.00 0.00
1.10 2.97 9.40 1.00 0.00
1.10 2.97 9.57 1.00 0.00
1.10 2.97 9.75 1.00 0.00
1.10 2.97 9.92 1.00 0.00
1.10 2.97 10.10 1.00 0.00
1.10 2.97 10.27 1.00 0.00
0.30 3.14 7.55 1.00 0.00
0.30 3.14 7.72 1.00 0.00
0.30 3.14 7.90 1.00 0.00
0.30 3.14 8.07 1.00 0.00
0.30 3.14 8.24 1.00 0.00
0.30 3.14 8.42 1.00 0.00
0.30 3.14 8.59 1.00 0.00
0.30 3.14 8.77 1.00 0.00
0.30 3.14 8.94 1.00 0.00
0.30 3.14 9.12 1.00 0.00
0.30 3.14 9.29 1.00 0.00
0.30 3.14 9.47 1.00 0.00
0.30 3.14 9.64 1.00 0.00
0.30 3.14 9.82 1.00 0.00
0.30 3.14 9.99 1.00 0.00
0.30 3.14 10.16 1.00 0.00
0.30 3.14 10.34 1.00 0.00
0.30 3.14 10.51 1.00 0.00
0.50 3.14 7.52 1.00 0.00
0.50 3.14 7.69 1.00 0.00
0.50 3.14 7.87 1.00 0.00
0.50 3.14 8.04 1.00 0.00
0.50 3.14 8.22 1.00 0.00
0.50 3.14 8.39 1.00 0.00
0.50 3.14 8.57 1.00 0.00
0.50 3.14 8.74 1.00 0.00
0.50 3.14 8.92 1.00 0.00
0.50 3.14 9.09 1.00 0.00
0.50 3.14 9.26 1.00 0.00
0.50 3.14 9.44 1.00 0.00
0.50 3.14 9.61 1.00 0.00
0.50 3.14 9.79 1.00 0.00
0.50 3.14 9.96 1.00 0.00
0.50 3.14 10.14 1.00 0.00
0.50 3.14 10.31 1.00 0.00
0.50 3.14 10.49 1.00 0.00
0.70 3.14 7.49 1.00 0.00
0.70 3.14 7.66 1.00 0.00
0.70 3.14 7.84 1.00 0.00
0.70 3.14 8.01 1.00 0.00
0.70 3.14 8.18 1.00 0.00
0.70 3.14 8.36 1.00 0.00
0.70 3.14 8.53 1.00 0.00
0.70 3.14 8.71 1.00 0.00
0.70 3.14 8.88 1.00 0.00
0.70 3.14 9.06 1.00 0.00
0.70 3.14 9.23 1.00 0.00
0.70 3.14 9.41 1.00 0.00
0.70 3.14 9.58 1.00 0.00
0.70 3.14 9.76 1.00 0.00
0.70 3.14 9.93 1.00 0.00
0.70 3.14 10.10 1.00 0.00
0.70 3.14 10.28 1.00 0.00
0.70 3.14 10.45 1.00 0.00
0.90 3.14 7.45 1.00 0.00
0.90 3.14 7.62 1.00 0.00
0.90 3.14 7.80 1.00 0.00
0.90 3.14 7.97 1.00 0.00
0.90 3.14 8.15 1.00 0.00
0.90 3.14 8.32 1.00 0.00
0.90 3.14 8.49 1.00 0.00
0.90 3.14 8.67 1.00 0.00
0.90 3.14 8.84 1.00 0.00
0.90 3.14 9.02 1.00 0.00
0.90 3.14 9.19 1.00 0.00
0.90 3.14 9.37 1.00 0.00
0.90 3.14 9.54 1.00 0.00
0.90 3.14 9.72 1.00 0.00
0.90 3.14 9.89 1.00 0.00
0.90 3.14 10.06 1.00 0.00
0.90 3.14 10.24 1.00 0.00
0.90 3.14 10.41 1.00 0.00
1.10 3.14 7.40 1.00 0.00
1.10 3.14 7.57 1.00 0.00
1.10 3.14 7.75 1.00 0.00
1.10 3.14 7.92 1.00 0.00
1.10 3.14 8.10 1.00 0.00
1.10 3.14 8.27 1.00 0.00
1.10 3.14 8.45 1.00 0.00
1.10 3.14 8.62 1.00 0.00
1.10 3.14 8.80 1.00 0.00
1.10 3.14 8.97 1.00 0.00
1.10 3.14 9.14 1.00 0.00
1.10 3.14 9.32 1.00 0.00
1.10 3.14 9.49 1.00 0.00
1.10 3.14 9.67 1.00 0.00
1.10 3.14 9.84 1.00 0.00
1.10 3.14 10.02 1.00 0.00
1.10 3.14 10.19 1.00 0.00
1.10 3.14 10.37 1.00 0.00
0.30 3.32 7.57 1.00 0.00
0.30 3.32 7.74 1.00 0.00
0.30 3.32 7.92 1.00 0.00
0.30 3.32 8.09 1.00 0.00
0.30 3.32 8.27 1.00 0.00
0.30 3.32 8.44 1.00 0.00
0.30 3.32 8.61 1.00 0.00
0.30 3.32 8.79 1.00 0.00
0.30 3.32 8.96 1.00 0.00
0.30 3.32 9.14 1.00 0.00
0.30 3.32 9.31 1.00 0.00
0.30 3.32 9.49 1.00 0.00
0.30 3.32 9.66 1.00 0.00
0.30 3.32 9.84 1.00 0.00
0.30 3.32 10.01 1.00 0.00
0.30 3.32 10.19 1.00 0.00
0.30 3.32 10.36 1.00 0.00
0.30 3.32 10.53 1.00 0.00
0.50 3.32 7.56 1.00 0.00
0.50 3.32 7.73 1.00 0.00
0.50 3.32 7.91 1.00 0.00
0.50 3.32 8.08 1.00 0.00
0.50 3.32 8.26 1.00 0.00
0.50 3.32 8.43 1.00 0.00
0.50 3.32 8.60 1.00 0.00
0.50 3.32 8.78 1.00 0.00
0.50 3.32 8.95 1.00 0.00
0.50 3.32 9.13 1.00 0.00
0.50 3.32 9.30 1.00 0.00
0.50 3.32 9.48 1.00 0.00
0.50 3.32 9.65 1.00 0.00
0.50 3.32 9.83 1.00 0.00
0.50 3.32 10.00 1.00 0.00
0.50 3.32 10.18 1.00 0.00
0.50 3.32 10.35 1.00 0.00
0.50 3.32 10.52 1.00 0.00
0.70 3.32 7.55 1.00 0.00
0.70 3.32 7.72 1.00 0.00
0.70 3.32 7.89 1.00 0.00
0.70 3.32 8.07 1.00 0.00
0.70 3.32 8.24 1.00 0.00
0.70 3.32 8.42 1.00 0.00
0.70 3.32 8.59 1.00 0.00
0.70 3.32 8.77 1.00 0.00
0.70 3.32 8.94 1.00 0.00
0.70 3.32 9.12 1.00 0.00
0.70 3.32 9.29 1.00 0.00
0.70 3.32 9.47 1.00 0.00
0.70 3.32 9.64 1.00 0.00
0.70 3.32 9.81 1.00 0.00
0.70 3.32 9.99 1.00 0.00
0.70 3.32 10.16 1.00 0.00
0.70 3.32 10.34 1.00 0.00
0.70 3.32 10.51 1.00 0.00
0.90 3.32 7.53 1.00 0.00
0.90 3.32 7.70 1.00 0.00
0.90 3.32 7.88 1.00 0.00
0.90 3.32 8.05 1.00 0.00
0.90 3.32 8.23 1.00 0.00
0.90 3.32 8.40 1.00 0.00
0.90 3.32 8.58 1.00 0.00
0.90 3.32 8.75 1.00 0.00
0.90 3.32 8.93 1.00 0.00
0.90 3.32 9.10 1.00 0.00
0.90 3.32 9.28 1.00 0.00
0.90 3.32 9.45 1.00 0.00
0.90 3.32 9.62 1.00 0.00
0.90 3.32 9.80 1.00 0.00
0.90 3.32 9.97 1.00 0.00
0.90 3.32 10.15 1.00 0.00
0.90 3.32 10.32 1.00 0.00
0.90 3.32 10.50 1.00 0.00
1.10 3.32 7.51 1.00 0.00
1.10 3.32 7.69 1.00 0.00
1.10 3.32 7.86 1.00 0.00
1.10 3.32 8.04 1.00 0.00
1.10 3.32 8.21 1.00 0.00
1.10 3.32 8.38 1.00 0.00
1.10 3.32 8.56 1.00 0.00
1.10 3.32 8.73 1.00 0.00
1.10 3.32 8.91 1.00 0.00
1.10 3.32 9.08 1.00 0.00
1.10 3.32 9.26 1.00 0.00
1.10 3.32 9.43 1.00 0.00
1.10 3.32 9.61 1.00 0.00
1.10 3.32 9.78 1.00 0.00
1.10 3.32 9.96 1.00 0.00
1.10 3.32 10.13 1.00 0.00
1.10 3.32 10.30 1.00 0.00
1.10 3.32 10.48 1.00 0.00
0.30 3.49 7.59 1.00 0.00
0.30 3.49 7.76 1.00 0.00
0.30 3.49 7.94 1.00 0.00
0.30 3.49 8.11 1.00 0.00
0.30 3.49 8.29 1.00 0.00
0.30 3.49 8.46 1.00 0.00
0.30 3.49 8.64 1.00 0.00
0.30 3.49 8.81 1.00 0.00
0.30 3.49 8.99 1.00 0.00
0.30 3.49 9.16 1.00 0.00
0.30 3.49 9.33 1.00 0.00
0.30 3.49 9.51 1.00 0.00
0.30 3.49 9.68 1.00 0.00
0.30 3.49 9.86 1.00 0.00
0.30 3.49 10.03 1.00 0.00
0.30 3.49 10.21 1.00 0.00
0.30 3.49 10.38 1.00 0.00
0.30 3.49 10.56 1.00 0.00
0.50 3.49 7.60 1.00 0.00
0.50 3.49 7.77 1.00 0.00
0.50 3.49 7.95 1.00 0.00
0.50 3.49 8.12 1.00 0.00
0.50 3.49 8.30 1.00 0.00
0.50 3.49 8.47 1.00 0.00
0.50 3.49 8.64 1.00 0.00
0.50 3.49 8.82 1.00 0.00
0.50 3.49 8.99 1.00 0.00
0.50 3.49 9.17 1.00 0.00
0.50 3.49 9.34 1.00 0.00
0.50 3.49 9.52 1.00 0.00
0.50 3.49 9.69 1.00 0.00
0.50 3.49 9.87 1.00 0.00
0.50 3.49 10.04 1.00 0.00
0.50 3.49 10.22 1.00 0.00
0.50 3.49 10.39 1.00 0.00
0.50 3.49 10.56 1.00 0.00
0.70 3.49 7.61 1.00 0.00
0.70 3.49 7.78 1.00 0.00
0.70 3.49 7.96 1.00 0.00
0.70 3.49 8.13 1.00 0.00
0.70 3.49 8.30 1.00 0.00
0.70 3.49 8.48 1.00 0.00
0.70 3.49 8.65 1.00 0.00
0.70 3.49 8.83 1.00 0.00
0.70 3.49 9.00 1.00 0.00
0.70 3.49 9.18 1.00 0.00
0.70 3.49 9.35 1.00 0.00
0.70 3.49 9.53 1.00 0.00
0.70 3.49 9.70 1.00 0.00
0.70 3.49 9.88 1.00 0.00
0.70 3.49 10.05 1.00 0.00
0.70 3.49 10.22 1.00 0.00
0.70 3.49 10.40 1.00 0.00
0.70 3.49 10.57 1.00 0.00
0.90 3.49 7.62 1.00 0.00
0.90 3.49 7.79 1.00 0.00
0.90 3.49 7.97 1.00 0.00
0.90 3.49 8.14 1.00 0.00
0.90 3.49 8.32 1.00 0.00
0.90 3.49 8.49 1.00 0.00
0.90 3.49 8.67 1.00 0.00
0.90 3.49 8.84 1.00 0.00
0.90 3.49 9.01 1.00 0.00
0.90 3.49 9.19 1.00 0.00
0.90 3.49 9.36 1.00 0.00
0.90 3.49 9.54 1.00 0.00
0.90 3.49 9.71 1.00 0.00
0.90 3.49 9.89 1.00 0.00
0.90 3.49 10.06 1.00 0.00
0.90 3.49 10.24 1.00 0.00
0.90 3.49 10.41 1.00 0.00
0.90 3.49 10.59 1.00 0.00
1.10 3.49 7.63 1.00 0.00
1.10 3.49 7.81 1.00 0.00
1.10 3.49 7.98 1.00 0.00
1.10 3.49 8.16 1.00 0.00
1.10 3.49 8.33 1.00 0.00
1.10 3.49 8.50 1.00 0.00
1.10 3.49 8.68 1.00 0.00
1.10 3.49 8.85 1.00 0.00
1.10 3.49 9.03 1.00 0.00
1.10 3.49 9.20 1.00 0.00
1.10 3.49 9.38 1.00 0.00
1.10 3.49 9.55 1.00 0.00
1.10 3.49 9.73 1.00 0.00
1.10 3.49 9.90 1.00 0.00
1.10 3.49 10.08 1.00 0.00
1.10 3.49 10.25 1.00 0.00
1.10 3.49 10.42 1.00 0.00
1.10 3.49 10.60 1.00 0.00
0.30 3.67 7.61 1.00 0.00
0.30 3.67 7.79 1.00 0.00
0.30 3.67 7.96 1.00 0.00
0.30 3.67 8.13 1.00 0.00
0.30 3.67 8.31 1.00 0.00
0.30 3.67 8.48 1.00 0.00
0.30 3.67 8.66 1.00 0.00
0.30 3.67 8.83 1.00 0.00
0.30 3.67 9.01 1.00 0.00
0.30 3.67 9.18 1.00 0.00
0.30 3.67 9.36 1.00 0.00
0.30 3.67 9.53 1.00 0.00
0.30 3.67 9.71 1.00 0.00
0.30 3.67 9.88 1.00 0.00
0.30 3.67 10.05 1.00 0.00
0.30 3.67 10.23 1.00 0.00
0.30 3.67 10.40 1.00 0.00
0.30 3.67 10.58 1.00 0.00
0.50 3.67 7.64 1.00 0.00
0.50 3.67 7.81 1.00 0.00
0.50 3.67 7.99 1.00 0.00
0.50 3.67 8.16 1.00 0.00
0.50 3.67 8.33 1.00 0.00
0.50 3.67 8.51 1.00 0.00
0.50 3.67 8.68 1.00 0.00
0.50 3.67 8.86 1.00 0.00
0.50 3.67 9.03 1.00 0.00
0.50 3.67 9.21 1.00 0.00
0.50 3.67 9.38 1.00 0.00
0.50 3.67 9.56 1.00 0.00
0.50 3.67 9.73 1.00 0.00
0.50 3.67 9.91 1.00 0.00
0.50 3.67 10.08 1.00 0.00
0.50 3.67 10.25 1.00 0.00
0.50 3.67 10.43 1.00 0.00
0.50 3.67 10.60 1.00 0.00
0.70 3.67 7.67 1.00 0.00
0.70 3.67 7.84 1.00 0.00
0.70 3.67 8.02 1.00 0.00
0.70 3.67 8.19 1.00 0.00
0.70 3.67 8.36 1.00 0.00
0.70 3.67 8.54 1.00 0.00
0.70 3.67 8.71 1.00 0.00
0.70 3.67 8.89 1.00 0.00
0.70 3.67 9.06 1.00 0.00
0.70 3.67 9.24 1.00 0.00
0.70 3.67 9.41 1.00 0.00
0.70 3.67 9.59 1.00 0.00
0.70 3.67 9.76 1.00 0.00
0.70 3.67 9.94 1.00 0.00
0.70 3.67 10.11 1.00 0.00
0.70 3.67 10.28 1.00 0.00
0.70 3.67 10.46 1.00 0.00
0.70 3.67 10.63 1.00 0.00
0.90 3.67 1.42 1.00 0.00
0.90 3.67 1.59 1.00 0.00
0.90 3.67 1.77 1.00 0.00
0.90 3.67 1.94 1.00 0.00
0.90 3.67 2.12 1.00 0.00
0.90 3.67 2.29 1.00 0.00
0.90 3.67 2.47 1.00 0.00
0.90 3.67 2.64 1.00 0.00
0.90 3.67 2.82 1.00 0.00
0.90 3.67 2.99 1.00 0.00
0.90 3.67 3.16 1.00 0.00
0.90 3.67 3.34 1.00 0.00
0.90 3.67 3.51 1.00 0.00
0.90 3.67 3.69 1.00 0.00
0.90 3.67 3.86 1.00 0.00
0.90 3.67 4.04 1.00 0.00
0.90 3.67 4.21 1.00 0.00
0.90 3.67 4.39 1.00 0.00
1.10 3.67 1.46 1.00 0.00
1.10 3.67 1.64 1.00 0.00
1.10 3.67 1.81 1.00 0.00
1.10 3.67 1.99 1.00 0.00
1.10 3.67 2.16 1.00 0.00
1.10 3.67 2.34 1.00 0.00
1.10 3.67 2.51 1.00 0.00
1.10 3.67 2.69 1.00 0.00
1.10 3.67 2.86 1.00 0.00
1.10 3.67 3.03 1.00 0.00
1.10 3.67 3.21 1.00 0.00
1.10 3.67 3.38 1.00 0.00
1.10 3.67 3.56 1.00 0.00
1.10 3.67 3.73 1.00 0.00
1.10 3.67 3.91 1.00 0.00
1.10 3.67 4.08 1.00 0.00
1.10 3.67 4.26 1.00 0.00
1.10 3.67 4.43 1.00 0.00
0.30 3.84 7.63 1.00 0.00
0.30 3.84 7.81 1.00 0.00
0.30 3.84 7.98 1.00 0.00
0.30 3.84 8.16 1.00 0.00
0.30 3.84 8.33 1.00 0.00
0.30 3.84 8.50 1.00 0.00
0.30 3.84 8.68 1.00 0.00
0.30 3.84 8.85 1.00 0.00
0.30 3.84 9.03 1.00 0.00
0.30 3.84 9.20 1.00 0.00
0.30 3.84 9.38 1.00 0.00
0.30 3.84 9.55 1.00 0.00
0.30 3.84 9.73 1.00 0.00
0.30 3.84 9.90 1.00 0.00
0.30 3.84 10.07 1.00 0.00
0.30 3.84 10.25 1.00 0.00
0.30 3.84 10.42 1.00 0.00
0.30 3.84 10.60 1.00 0.00
0.50 3.84 7.67 1.00 0.00
0.50 3.84 7.85 1.00 0.00
0.50 3.84 8.02 1.00 0.00
0.50 3.84 8.20 1.00 0.00
0.50 3.84 8.37 1.00 0.00
0.50 3.84 8.55 1.00 0.00
0.50 3.84 8.72 1.00 0.00
0.50 3.84 8.89 1.00 0.00
0.50 3.84 9.07 1.00 0.00
0.50 3.84 9.24 1.00 0.00
0.50 3.84 9.42 1.00 0.00
0.50 3.84 9.59 1.00 0.00
0.50 3.84 9.77 1.00 0.00
0.50 3.84 9.94 1.00 0.00
0.50 3.84 10.12 1.00 0.00
0.50 3.84 10.29 1.00 0.00
0.50 3.84 10.46 1.00 0.00
0.50 3.84 10.64 1.00 0.00
0.70 3.84 1.44 1.00 0.00
0.70 3.84 1.61 1.00 0.00
0.70 3.84 1.79 1.00 0.00
0.70 3.84 1.96 1.00 0.00
0.70 3.84 2.14 1.00 0.00
0.70 3.84 2.31 1.00 0.00
0.70 3.84 2.48 1.00 0.00
0.70 3.84 2.66 1.00 0.00
0.70 3.84 2.83 1.00 0.00
0.70 3.84 3.01 1.00 0.00
0.70 3.84 3.18 1.00 0.00
0.70 3.84 3.36 1.00 0.00
0.70 3.84 3.53 1.00 0.00
0.70 3.84 3.71 1.00 0.00
0.70 3.84 3.88 1.00 0.00
0.70 3.84 4.06 1.00 0.00
0.70 3.84 4.23 1.00 0.00
0.70 3.84 4.40 1.00 0.00
0.90 3.84 1.49 1.00 0.00
0.90 3.84 1.67 1.00 0.00
0.90 3.84 1.84 1.00 0.00
0.90 3.84 2.02 1.00 0.00
0.90 3.84 2.19 1.00 0.00
0.90 3.84 2.37 1.00 0.00
0.90 3.84 2.54 1.00 0.00
0.90 3.84 2.72 1.00 0.00
0.90 3.84 2.89 1.00 0.00
0.90 3.84 3.06 1.00 0.00
0.90 3.84 3.24 1.00 0.00
0.90 3.84 3.41 1.00 0.00
0.90 3.84 3.59 1.00 0.00
0.90 3.84 3.76 1.00 0.00
0.90 3.84 3.94 1.00 0.00
0.90 3.84 4.11 1.00 0.00
0.90 3.84 4.29 1.00 0.00
0.90 3.84 4.46 1.00 0.00
1.10 3.84 1.56 1.00 0.00
1.10 3.84 1.73 1.00 0.00
1.10 3.84 1.91 1.00 0.00
1.10 3.84 2.08 1.00 0.00
1.10 3.84 2.26 1.00 0.00
1.10 3.84 2.43 1.00 0.00
1.10 3.84 2.61 1.00 0.00
1.10 3.84 2.78 1.00 0.00
1.10 3.84 2.96 1.00 0.00
1.10 3.84 3.13 1.00 0.00
1.10 3.84 3.31 1.00 0.00
1.10 3.84 3.48 1.00 0.00
1.10 3.84 3.65 1.00 0.00
1.10 3.84 3.83 1.00 0.00
1.10 3.84 4.00 1.00 0.00
1.10 3.84 4.18 1.00 0.00
1.10 3.84 4.35 1.00 0.00
1.10 3.84 4.53 1.00 0.00
0.30 4.01 7.65 1.00 0.00
0.30 4.01 7.82 1.00 0.00
0.30 4.01 8.00 1.00 0.00
0.30 4.01 8.17 1.00 0.00
0.30 4.01 8.35 1.00 0.00
0.30 4.01 8.52 1.00 0.00
0.30 4.01 8.70 1.00 0.00
0.30 4.01 8.87 1.00 0.00
0.30 4.01 9.05 1.00 0.00
0.30 4.01 9.22 1.00 0.00
0.30 4.01 9.39 1.00 0.00
0.30 4.01 9.57 1.00 0.00
0.30 4.01 9.74 1.00 0.00
0.30 4.01 9.92 1.00 0.00
0.30 4.01 10.09 1.00 0.00
0.30 4.01 10.27 1.00 0.00
0.30 4.01 10.44 1.00 0.00
0.30 4.01 10.62 1.00 0.00
0.50 4.01 1.42 1.00 0.00
0.50 4.01 1.60 1.00 0.00
0.50 4.01 1.77 1.00 0.00
0.50 4.01 1.94 1.00 0.00
0.50 4.01 2.12 1.00 0.00
0.50 4.01 2.29 1.00 0.00
0.50 4.01 2.47 1.00 0.00
0.50 4.01 2.64 1.00 0.00
0.50 4.01 2.82 1.00 0.00
0.50 4.01 2.99 1.00 0.00
0.50 4.01 3.17 1.00 0.00
0.50 4.01 3.34 1.00 0.00
0.50 4.01 3.51 1.00 0.00
0.50 4.01 3.69 1.00 0.00
0.50 4.01 3.86 1.00 0.00
0.50 4.01 4.04 1.00 0.00
0.50 4.01 4.21 1.00 0.00
0.50 4.01 4.39 1.00 0.00
0.70 4.01 1.48 1.00 0.00
0.70 4.01 1.66 1.00 0.00
0.70 4.01 1.83 1.00 0.00
0.70 4.01 2.01 1.00 0.00
0.70 4.01 2.18 1.00 0.00
0.70 4.01 2.36 1.00 0.00
0.70 4.01 2.53 1.00 0.00
0.70 4.01 2.70 1.00 0.00
0.70 4.01 2.88 1.00 0.00
0.70 4.01 3.05 1.00 0.00
0.70 4.01 3.23 1.00 0.00
0.70 4.01 3.40 1.00 0.00
0.70 4.01 3.58 1.00 0.00
0.70 4.01 3.75 1.00 0.00
0.70 4.01 3.93 1.00 0.00
0.70 4.01 4.10 1.00 0.00
0.70 4.01 4.27 1.00 0.00
0.70 4.01 4.45 1.00 0.00
0.90 4.01 1.55 1.00 0.00
0.90 4.01 1.73 1.00 0.00
0.90 4.01 1.90 1.00 0.00
0.90 4.01 2.08 1.00 0.00
0.90 4.01 2.25 1.00 0.00
0.90 4.01 2.43 1.00 0.00
0.90 4.01 2.60 1.00 0.00
0.90 4.01 2.77 1.00 0.00
0.90 4.01 2.95 1.00 0.00
0.90 4.01 3.12 1.00 0.00
0.90 4.01 3.30 1.00 0.00
0.90 4.01 3.47 1.00 0.00
0.90 4.01 3.65 1.00 0.00
0.90 4.01 3.82 1.00 0.00
0.90 4.01 4.00 1.00 0.00
0.90 4.01 4.17 1.00 0.00
0.90 4.01 4.35 1.00 0.00
0.90 4.01 4.52 1.00 0.00
1.10 4.01 1.63 1.00 0.00
1.10 4.01 1.81 1.00 0.00
1.10 4.01 1.98 1.00 0.00
1.10 4.01 2.16 1.00 0.00
1.10 4.01 2.33 1.00 0.00
1.10 4.01 2.51 1.00 0.00
1.10 4.01 2.68 1.00 0.00
1.10 4.01 2.86 1.00 0.00
1.10 4.01 3.03 1.00 0.00
1.10 4.01 3.20 1.00 0.00
1.10 4.01 3.38 1.00 0.00
1.10 4.01 3.55 1.00 0.00
1.10 4.01 3.73 1.00 0.00
1.10 4.01 3.90 1.00 0.00
1.10 4.01 4.08 1.00 0.00
1.10 4.01 4.25 1.00 0.00
1.10 4.01 4.43 1.00 0.00
1.10 4.01 4.60 1.00 0.00
0.30 4.19 7.66 1.00 0.00
0.30 4.19 7.84 1.00 0.00
0.30 4.19 8.01 1.00 0.00
0.30 4.19 8.19 1.00 0.00
0.30 4.19 8.36 1.00 0.00
0.30 4.19 8.54 1.00 0.00
0.30 4.19 8.71 1.00 0.00
0.30 4.19 8.89 1.00 0.00
0.30 4.19 9.06 1.00 0.00
0.30 4.19 9.24 1.00 0.00
0.30 4.19 9.41 1.00 0.00
0.30 4.19 9.58 1.00 0.00
0.30 4.19 9.76 1.00 0.00
0.30 4.19 9.93 1.00 0.00
0.30 4.19 10.11 1.00 0.00
0.30 4.19 10.28 1.00 0.00
0.30 4.19 10.46 1.00 0.00
0.30 4.19 10.63 1.00 0.00
0.50 4.19 1.45 1.00 0.00
0.50 4.19 1.62 1.00 0.00
0.50 4.19 1.80 1.00 0.00
0.50 4.19 1.97 1.00 0.00
0.50 4.19 2.14 1.00 0.00
0.50 4.19 2.32 1.00 0.00
0.50 4.19 2.49 1.00 0.00
0.50 4.19 2.67 1.00 0.00
0.50 4.19 2.84 1.00 0.00
0.50 4.19 3.02 1.00 0.00
0.50 4.19 3.19 1.00 0.00
0.50 4.19 3.37 1.00 0.00
0.50 4.19 3.54 1.00 0.00
0.50 4.19 3.72 1.00 0.00
0.50 4.19 3.89 1.00 0.00
0.50 4.19 4.06 1.00 0.00
0.50 4.19 4.24 1.00 0.00
0.50 4.19 4.41 1.00 0.00
0.70 4.19 1.52 1.00 0.00
0.70 4.19 1.69 1.00 0.00
0.70 4.19 1.87 1.00 0.00
0.70 4.19 2.04 1.00 0.00
0.70 4.19 2.22 1.00 0.00
0.70 4.19 2.39 1.00 0.00
0.70 4.19 2.56 1.00 0.00
0.70 4.19 2.74 1.00 0.00
0.70 4.19 2.91 1.00 0.00
0.70 4.19 3.09 1.00 0.00
0.70 4.19 3.26 1.00 0.00
0.70 4.19 3.44 1.00 0.00
0.70 4.19 3.61 1.00 0.00
0.70 4.19 3.79 1.00 0.00
0.70 4.19 3.96 1.00 0.00
0.70 4.19 4.14 1.00 0.00
0.70 4.19 4.31 1.00 0.00
0.70 4.19 4.48 1.00 0.00
0.90 4.19 1.60 1.00 0.00
0.90 4.19 1.77 1.00 0.00
0.90 4.19 1.95 1.00 0.00
0.90 4.19 2.12 1.00 0.00
0.90 4.19 2.29 1.00 0.00
0.90 4.19 2.47 1.00 0.00
0.90 4.19 2.64 1.00 0.00
0.90 4.19 2.82 1.00 0.00
0.90 4.19 2.99 1.00 0.00
0.90 4.19 3.17 1.00 0.00
0.90 4.19 3.34 1.00 0.00
0.90 4.19 3.52 1.00 0.00
0.90 4.19 3.69 1.00 0.00
0.90 4.19 3.87 1.00 0.00
0.90 4.19 4.04 1.00 0.00
0.90 4.19 4.21 1.00 0.00
0.90 4.19 4.39 1.00 0.00
0.90 4.19 4.56 1.00 0.00
1.10 4.19 1.68 1.00 0.00
1.10 4.19 1.86 1.00 0.00
1.10 4.19 2.03 1.00 0.00
1.10 4.19 2.21 1.00 0.00
1.10 4.19 2.38 1.00 0.00
1.10 4.19 2.56 1.00 0.00
1.10 4.19 2.73 1.00 0.00
1.10 4.19 2.90 1.00 0.00
1.10 4.19 3.08 1.00 0.00
1.10 4.19 3.25 1.00 0.00
1.10 4.19 3.43 1.00 0.00
1.10 4.19 3.60 1.00 0.00
1.10 4.19 3.78 1.00 0.00
1.10 4.19 3.95 1.00 0.00
1.10 4.19 4.13 1.00 0.00
1.10 4.19 4.30 1.00 0.00
1.10 4.19 4.47 1.00 0.00
1.10 4.19 4.65 1.00 0.00
0.30 4.36 7.68 1.00 0.00
0.30 4.36 7.85 1.00 0.00
0.30 4.36 8.03 1.00 0.00
0.30 4.36 8.20 1.00 0.00
0.30 4.36 8.38 1.00 0.00
0.30 4.36 8.55 1.00 0.00
0.30 4.36 8.72 1.00 0.00
0.30 4.36 8.90 1.00 0.00
0.30 4.36 9.07 1.00 0.00
0.30 4.36 9.25 1.00 0.00
0.30 4.36 9.42 1.00 0.00
0.30 4.36 9.60 1.00 0.00
0.30 4.36 9.77 1.00 0.00
0.30 4.36 9.95 1.00 0.00
0.30 4.36 10.12 1.00 0.00
0.30 4.36 10.30 1.00 0.00
0.30 4.36 10.47 1.00 0.00
0.30 4.36 10.64 1.00 0.00
0.50 4.36 1.47 1.00 0.00
0.50 4.36 1.64 1.00 0.00
0.50 4.36 1.81 1.00 0.00
0.50 4.36 1.99 1.00 0.00
0.50 4.36 2.16 1.00 0.00
0.50 4.36 2.34 1.00 0.00
0.50 4.36 2.51 1.00 0.00
0.50 4.36 2.69 1.00 0.00
0.50 4.36 2.86 1.00 0.00
0.50 4.36 3.04 1.00 0.00
0.50 4.36 3.21 1.00 0.00
0.50 4.36 3.39 1.00 0.00
0.50 4.36 3.56 1.00 0.00
0.50 4.36 3.73 1.00 0.00
0.50 4.36 3.91 1.00 0.00
0.50 4.36 4.08 1.00 0.00
0.50 4.36 4.26 1.00 0.00
0.50 4.36 4.43 1.00 0.00
0.70 4.36 1.54 1.00 0.00
0.70 4.36 1.72 1.00 0.00
0.70 4.36 1.89 1.00 0.00
0.70 4.36 2.07 1.00 0.00
0.70 4.36 2.24 1.00 0.00
0.70 4.36 2.41 1.00 0.00
0.70 4.36 2.59 1.00 0.00
0.70 4.36 2.76 1.00 0.00
0.70 4.36 2.94 1.00 0.00
0.70 4.36 3.11 1.00 0.00
0.70 4.36 3.29 1.00 0.00
0.70 4.36 3.46 1.00 0.00
0.70 4.36 3.64 1.00 0.00
0.70 4.36 3.81 1.00 0.00
0.70 4.36 3.99 1.00 0.00
0.70 4.36 4.16 1.00 0.00
0.70 4.36 4.33 1.00 0.00
0.70 4.36 4.51 1.00 0.00
0.90 4.36 1.62 1.00 0.00
0.90 4.36 1.80 1.00 0.00
0.90 4.36 1.97 1.00 0.00
0.90 4.36 2.15 1.00 0.00
0.90 4.36 2.32 1.00 0.00
0.90 4.36 2.50 1.00 0.00
0.90 4.36 2.67 1.00 0.00
0.90 4.36 2.85 1.00 0.00
0.90 4.36 3.02 1.00 0.00
0.90 4.36 3.19 1.00 0.00
0.90 4.36 3.37 1.00 0.00
0.90 4.36 3.54 1.00 0.00
0.90 4.36 3.72 1.00 0.00
0.90 4.36 3.89 1.00 0.00
0.90 4.36 4.07 1.00 0.00
0.90 4.36 4.24 1.00 0.00
0.90 4.36 4.42 1.00 0.00
0.90 4.36 4.59 1.00 0.00
1.10 4.36 1.71 1.00 0.00
1.10 4.36 1.88 1.00 0.00
1.10 4.36 2.06 1.00 0.00
1.10 4.36 2.23 1.00 0.00
1.10 4.36 2.41 1.00 0.00
1.10 4.36 2.58 1.00 0.00
1.10 4.36 2.76 1.00 0.00
1.10 4.36 2.93 1.00 0.00
1.10 4.36 3.11 1.00 0.00
1.10 4.36 3.28 1.00 0.00
1.10 4.36 3.46 1.00 0.00
1.10 4.36 3.63 1.00 0.00
1.10 4.36 3.80 1.00 0.00
1.10 4.36 3.98 1.00 0.00
1.10 4.36 4.15 1.00 0.00
1.10 4.36 4.33 1.00 0.00
1.10 4.36 4.50 1.00 0.00
1.10 4.36 4.68 1.00 0.00
0.30 4.54 1.40 1.00 0.00
0.30 4.54 1.58 1.00 0.00
0.30 4.54 1.75 1.00 0.00
0.30 4.54 1.93 1.00 0.00
0.30 4.54 2.10 1.00 0.00
0.30 4.54 2.28 1.00 0.00
0.30 4.54 2.45 1.00 0.00
0.30 4.54 2.62 1.00 0.00
0.30 4.54 2.80 1.00 0.00
0.30 4.54 2.97 1.00 0.00
0.30 4.54 3.15 1.00 0.00
0.30 4.54 3.32 1.00 0.00
0.30 4.54 3.50 1.00 0.00
0.30 4.54 3.67 1.00 0.00
0.30 4.54 3.85 1.00 0.00
0.30 4.54 4.02 1.00 0.00
0.30 4.54 4.20 1.00 0.00
0.30 4.54 4.37 1.00 0.00
0.50 4.54 1.48 1.00 0.00
0.50 4.54 1.65 1.00 0.00
0.50 4.54 1.83 1.00 0.00
0.50 4.54 2.00 1.00 0.00
0.50 4.54 2.18 1.00 0.00
0.50 4.54 2.35 1.00 0.00
0.50 4.54 2.52 1.00 0.00
0.50 4.54 2.70 1.00 0.00
0.50 4.54 2.87 1.00 0.00
0.50 4.54 3.05 1.00 0.00
0.50 4.54 3.22 1.00 0.00
0.50 4.54 3.40 1.00 0.00
0.50 4.54 3.57 1.00 0.00
0.50 4.54 3.75 1.00 0.00
0.50 4.54 3.92 1.00 0.00
0.50 4.54 4.10 1.00 0.00
0.50 4.54 4.27 1.00 0.00
0.50 4.54 4.44 1.00 0.00
0.70 4.54 1.56 1.00 0.00
0.70 4.54 1.73 1.00 0.00
0.70 4.54 1.91 1.00 0.00
0.70 4.54 2.08 1.00 0.00
0.70 4.54 2.25 1.00 0.00
0.70 4.54 2.43 1.00 0.00
0.70 4.54 2.60 1.00 0.00
0.70 4.54 2.78 1.00 0.00
0.70 4.54 2.95 1.00 0.00
0.70 4.54 3.13 1.00 0.00
0.70 4.54 3.30 1.00 0.00
0.70 4.54 3.48 1.00 0.00
0.70 4.54 3.65 1.00 0.00
0.70 4.54 3.83 1.00 0.00
0.70 4.54 4.00 1.00 0.00
0.70 4.54 4.17 1.00 0.00
0.70 4.54 4.35 1.00 0.00
0.70 4.54 4.52 1.00 0.00
0.90 4.54 1.64 1.00 0.00
0.90 4.54 1.81 1.00 0.00
0.90 4.54 1.99 1.00 0.00
0.90 4.54 2.16 1.00 0.00
0.90 4.54 2.34 1.00 0.00
0.90 4.54 2.51 1.00 0.00
0.90 4.54 2.68 1.00 0.00
0.90 4.54 2.86 1.00 0.00
0.90 4.54 3.03 1.00 0.00
0.90 4.54 3.21 1.00 0.00
0.90 4.54 3.38 1.00 0.00
0.90 4.54 3.56 1.00 0.00
0.90 4.54 3.73 1.00 0.00
0.90 4.54 3.91 1.00 0.00
0.90 4.54 4.08 1.00 0.00
0.90 4.54 4.26 1.00 0.00
0.90 4.54 4.43 1.00 0.00
0.90 4.54 4.60 1.00 0.00
1.10 4.54 1.72 1.00 0.00
1.10 4.54 1.89 1.00 0.00
1.10 4.54 2.07 1.00 0.00
1.10 4.54 2.24 1.00 0.00
1.10 4.54 2.42 1.00 0.00
1.10 4.54 2.59 1.00 0.00
1.10 4.54 2.77 1.00 0.00
1.10 4.54 2.94 1.00 0.00
1.10 4.54 3.12 1.00 0.00
1.10 4.54 3.29 1.00 0.00
1.10 4.54 3.46 1.00 0.00
1.10 4.54 3.64 1.00 0.00
1.10 4.54 3.81 1.00 0.00
1.10 4.54 3.99 1.00 0.00
1.10 4.54 4.16 1.00 0.00
1.10 4.54 4.34 1.00 0.00
1.10 4.54 4.51 1.00 0.00
1.10 4.54 4.69 1.00 0.00
0.30 4.71 1.41 1.00 0.00
0.30 4.71 1.58 1.00 0.00
0.30 4.71 1.76 1.00 0.00
0.30 4.71 1.93 1.00 0.00
0.30 4.71 2.11 1.00 0.00
0.30 4.71 2.28 1.00 0.00
0.30 4.71 2.45 1.00 0.00
0.30 4.71 2.63 1.00 0.00
0.30 4.71 2.80 1.00 0.00
0.30 4.71 2.98 1.00 0.00
0.30 4.71 3.15 1.00 0.00
0.30 4.71 3.33 1.00 0.00
0.30 4.71 3.50 1.00 0.00
0.30 4.71 3.68 1.00 0.00
0.30 4.71 3.85 1.00 0.00
0.30 4.71 4.03 1.00 0.00
0.30 4.71 4.20 1.00 0.00
0.30 4.71 4.37 1.00 0.00
0.50 4.71 1.48 1.00 0.00
0.50 4.71 1.66 1.00 0.00
0.50 4.71 1.83 1.00 0.00
0.50 4.71 2.01 1.00 0.00
0.50 4.71 2.18 1.00 0.00
0.50 4.71 2.36 1.00 0.00
0.50 4.71 2.53 1.00 0.00
0.50 4.71 2.71 1.00 0.00
0.50 4.71 2.88 1.00 0.00
0.50 4.71 3.05 1.00 0.00
0.50 4.71 3.23 1.00 0.00
0.50 4.71 3.40 1.00 0.00
0.50 4.71 3.58 1.00 0.00
0.50 4.71 3.75 1.00 0.00
0.50 4.71 3.93 1.00 0.00
0.50 4.71 4.10 1.00 0.00
0.50 4.71 4.28 1.00 0.00
0.50 4.71 4.45 1.00 0.00
0.70 4.71 1.56 1.00 0.00
0.70 4.71 1.74 1.00 0.00
0.70 4.71 1.91 1.00 0.00
0.70 4.71 2.08 1.00 0.00
0.70 4.71 2.26 1.00 0.00
0.70 4.71 2.43 1.00 0.00
0.70 4.71 2.61 1.00 0.00
0.70 4.71 2.78 1.00 0.00
0.70 4.71 2.96 1.00 0.00
0.70 4.71 3.13 1.00 0.00
0.70 4.71 3.31 1.00 0.00
0.70 4.71 3.48 1.00 0.00
0.70 4.71 3.66 1.00 0.00
0.70 4.71 3.83 1.00 0.00
0.70 4.71 4.00 1.00 0.00
0.70 4.71 4.18 1.00 0.00
0.70 4.71 4.35 1.00 0.00
0.70 4.71 4.53 1.00 0.00
0.90 4.71 1.64 1.00 0.00
0.90 4.71 1.81 1.00 0.00
0.90 4.71 1.99 1.00 0.00
0.90 4.71 2.16 1.00 0.00
0.90 4.71 2.34 1.00 0.00
0.90 4.71 2.51 1.00 0.00
0.90 4.71 2.69 1.00 0.00
0.90 4.71 2.86 1.00 0.00
0.90 4.71 3.03 1.00 0.00
0.90 4.71 3.21 1.00 0.00
0.90 4.71 3.38 1.00 0.00
0.90 4.71 3.56 1.00 0.00
0.90 4.71 3.73 1.00 0.00
0.90 4.71 3.91 1.00 0.00
0.90 4.71 4.08 1.00 0.00
0.90 4.71 4.26 1.00 0.00
0.90 4.71 4.43 1.00 0.00
0.90 4.71 4.61 1.00 0.00
1.10 4.71 1.72 1.00 0.00
1.10 4.71 1.89 1.00 0.00
1.10 4.71 2.06 1.00 0.00
1.10 4.71 2.24 1.00 0.00
1.10 4.71 2.41 1.00 0.00
1.10 4.71 2.59 1.00 0.00
1.10 4.71 2.76 1.00 0.00
1.10 4.71 2.94 1.00 0.00
1.10 4.71 3.11 1.00 0.00
1.10 4.71 3.29 1.00 0.00
1.10 4.71 3.46 1.00 0.00
1.10 4.71 3.63 1.00 0.00
1.10 4.71 3.81 1.00 0.00
1.10 4.71 3.98 1.00 0.00
1.10 4.71 4.16 1.00 0.00
1.10 4.71 4.33 1.00 0.00
1.10 4.71 4.51 1.00 0.00
1.10 4.71 4.68 1.00 0.00
0.30 4.89 1.41 1.00 0.00
0.30 4.89 1.58 1.00 0.00
0.30 4.89 1.76 1.00 0.00
0.30 4.89 1.93 1.00 0.00
0.30 4.89 2.11 1.00 0.00
0.30 4.89 2.28 1.00 0.00
0.30 4.89 2.46 1.00 0.00
0.30 4.89 2.63 1.00 0.00
0.30 4.89 2.81 1.00 0.00
0.30 4.89 2.98 1.00 0.00
0.30 4.89 3.15 1.00 0.00
0.30 4.89 3.33 1.00 0.00
0.30 4.89 3.50 1.00 0.00
0.30 4.89 3.68 1.00 0.00
0.30 4.89 3.85 1.00 0.00
0.30 4.89 4.03 1.00 0.00
0.30 4.89 4.20 1.00 0.00
0.30 4.89 4.38 1.00 0.00
0.50 4.89 1.48 1.00 0.00
0.50 4.89 1.66 1.00 0.00
0.50 4.89 1.83 1.00 0.00
0.50 4.89 2.01 1.00 0.00
0.50 4.89 2.18 1.00 0.00
0.50 4.89 2.36 1.00 0.00
0.50 4.89 2.53 1.00 0.00
0.50 4.89 2.71 1.00 0.00
0.50 4.89 2.88 1.00 0.00
0.50 4.89 3.05 1.00 0.00
0.50 4.89 3.23 1.00 0.00
0.50 4.89 3.40 1.00 0.00
0.50 4.89 3.58 1.00 0.00
0.50 4.89 3.75 1.00 0.00
0.50 4.89 3.93 1.00 0.00
0.50 4.89 4.10 1.00 0.00
0.50 4.89 4.28 1.00 0.00
0.50 4.89 4.45 1.00 0.00
0.70 4.89 1.56 1.00 0.00
0.70 4.89 1.73 1.00 0.00
0.70 4.89 1.91 1.00 0.00
0.70 4.89 2.08 1.00 0.00
0.70 4.89 2.26 1.00 0.00
0.70 4.89 2.43 1.00 0.00
0.70 4.89 2.60 1.00 0.00
0.70 4.89 2.78 1.00 0.00
0.70 4.89 2.95 1.00 0.00
0.70 4.89 3.13 1.00 0.00
0.70 4.89 3.30 1.00 0.00
0.70 4.89 3.48 1.00 0.00
0.70 4.89 3.65 1.00 0.00
0.70 4.89 3.83 1.00 0.00
0.70 4.89 4.00 1.00 0.00
0.70 4.89 4.18 1.00 0.00
0.70 4.89 4.35 1.00 0.00
0.70 4.89 4.52 1.00 0.00
0.90 4.89 1.63 1.00 0.00
0.90 4.89 1.80 1.00 0.00
0.90 4.89 1.98 1.00 0.00
0.90 4.89 2.15 1.00 0.00
0.90 4.89 2.33 1.00 0.00
0.90 4.89 2.50 1.00 0.00
0.90 4.89 2.68 1.00 0.00
0.90 4.89 2.85 1.00 0.00
0.90 4.89 3.03 1.00 0.00
0.90 4.89 3.20 1.00 0.00
0.90 4.89 3.37 1.00 0.00
0.90 4.89 3.55 1.00 0.00
0.90 4.89 3.72 1.00 0.00
0.90 4.89 3.90 1.00 0.00
0.90 4.89 4.07 1.00 0.00
0.90 4.89 4.25 1.00 0.00
0.90 4.89 4.42 1.00 0.00
0.90 4.89 4.60 1.00 0.00
1.10 4.89 1.70 1.00 0.00
1.10 4.89 1.87 1.00 0.00
1.10 4.89 2.05 1.00 0.00
1.10 4.89 2.22 1.00 0.00
1.10 4.89 2.40 1.00 0.00
1.10 4.89 2.57 1.00 0.00
1.10 4.89 2.75 1.00 0.00
1.10 4.89 2.92 1.00 0.00
1.10 4.89 3.10 1.00 0.00
1.10 4.89 3.27 1.00 0.00
1.10 4.89 3.44 1.00 0.00
1.10 4.89 3.62 1.00 0.00
1.10 4.89 3.79 1.00 0.00
1.10 4.89 3.97 1.00 0.00
1.10 4.89 4.14 1.00 0.00
1.10 4.89 4.32 1.00 0.00
1.10 4.89 4.49 1.00 0.00
1.10 4.89 4.67 1.00 0.00
0.30 5.06 1.41 1.00 0.00
0.30 5.06 1.58 1.00 0.00
0.30 5.06 1.76 1.00 0.00
0.30 5.06 1.93 1.00 0.00
0.30 5.06 2.11 1.00 0.00
0.30 5.06 2.28 1.00 0.00
0.30 5.06 2.45 1.00 0.00
0.30 5.06 2.63 1.00 0.00
0.30 5.06 2.80 1.00 0.00
0.30 5.06 2.98 1.00 0.00
0.30 5.06 3.15 1.00 0.00
0.30 5.06 3.33 1.00 0.00
0.30 5.06 3.50 1.00 0.00
0.30 5.06 3.68 1.00 0.00
0.30 5.06 3.85 1.00 0.00
0.30 5.06 4.03 1.00 0.00
0.30 5.06 4.20 1.00 0.00
0.30 5.06 4.37 1.00 0.00
0.50 5.06 1.48 1.00 0.00
0.50 5.06 1.65 1.00 0.00
0.50 5.06 1.83 1.00 0.00
0.50 5.06 2.00 1.00 0.00
0.50 5.06 2.18 1.00 0.00
0.50 5.06 2.35 1.00 0.00
0.50 5.06 2.53 1.00 0.00
0.50 5.06 2.70 1.00 0.00
0.50 5.06 2.87 1.00 0.00
0.50 5.06 3.05 1.00 0.00
0.50 5.06 3.22 1.00 0.00
0.50 5.06 3.40 1.00 0.00
0.50 5.06 3.57 1.00 0.00
0.50 5.06 3.75 1.00 0.00
0.50 5.06 3.92 1.00 0.00
0.50 5.06 4.10 1.00 0.00
0.50 5.06 4.27 1.00 0.00
0.50 5.06 4.45 1.00 0.00
0.70 5.06 1.55 1.00 0.00
0.70 5.06 1.72 1.00 0.00
0.70 5.06 1.90 1.00 0.00
0.70 5.06 2.07 1.00 0.00
0.70 5.06 2.25 1.00 0.00
0.70 5.06 2.42 1.00 0.00
0.70 5.06 2.59 1.00 0.00
0.70 5.06 2.77 1.00 0.00
0.70 5.06 2.94 1.00 0.00
0.70 5.06 3.12 1.00 0.00
0.70 5.06 3.29 1.00 0.00
0.70 5.06 3.47 1.00 0.00
0.70 5.06 3.64 1.00 0.00
0.70 5.06 3.82 1.00 0.00
0.70 5.06 3.99 1.00 0.00
0.70 5.06 4.16 1.00 0.00
0.70 5.06 4.34 1.00 0.00
0.70 5.06 4.51 1.00 0.00
0.90 5.06 1.61 1.00 0.00
0.90 5.06 1.79 1.00 0.00
0.90 5.06 1.96 1.00 0.00
0.90 5.06 2.14 1.00 0.00
0.90 5.06 2.31 1.00 0.00
0.90 5.06 2.49 1.00 0.00
0.90 5.06 2.66 1.00 0.00
0.90 5.06 2.83 1.00 0.00
0.90 5.06 3.01 1.00 0.00
0.90 5.06 3.18 1.00 0.00
0.90 5.06 3.36 1.00 0.00
0.90 5.06 3.53 1.00 0.00
0.90 5.06 3.71 1.00 0.00
0.90 5.06 3.88 1.00 0.00
0.90 5.06 4.06 1.00 0.00
0.90 5.06 4.23 1.00 0.00
0.90 5.06 4.41 1.00 0.00
0.90 5.06 4.58 1.00 0.00
1.10 5.06 1.67 1.00 0.00
1.10 5.06 1.85 1.00 0.00
1.10 5.06 2.02 1.00 0.00
1.10 5.06 2.20 1.00 0.00
1.10 5.06 2.37 1.00 0.00
1.10 5.06 2.55 1.00 0.00
1.10 5.06 2.72 1.00 0.00
1.10 5.06 2.90 1.00 0.00
1.10 5.06 3.07 1.00 0.00
1.10 5.06 3.25 1.00 0.00
1.10 5.06 3.42 1.00 0.00
1.10 5.06 3.59 1.00 0.00
1.10 5.06 3.77 1.00 0.00
1.10 5.06 3.94 1.00 0.00
1.10 5.06 4.12 1.00 0.00
1.10 5.06 4.29 1.00 0.00
1.10 5.06 4.47 1.00 0.00
1.10 5.06 4.64 1.00 0.00
0.30 5.24 1.40 1.00 0.00
0.30 5.24 1.58 1.00 0.00
0.30 5.24 1.75 1.00 0.00
0.30 5.24 1.93 1.00 0.00
0.30 5.24 2.10 1.00 0.00
0.30 5.24 2.27 1.00 0.00
0.30 5.24 2.45 1.00 0.00
0.30 5.24 2.62 1.00 0.00
0.30 5.24 2.80 1.00 0.00
0.30 5.24 2.97 1.00 0.00
0.30 5.24 3.15 1.00 0.00
0.30 5.24 3.32 1.00 0.00
0.30 5.24 3.50 1.00 0.00
0.30 5.24 3.67 1.00 0.00
0.30 5.24 3.85 1.00 0.00
0.30 5.24 4.02 1.00 0.00
0.30 5.24 4.19 1.00 0.00
0.30 5.24 4.37 1.00 0.00
0.50 5.24 1.47 1.00 0.00
0.50 5.24 1.64 1.00 0.00
0.50 5.24 1.82 1.00 0.00
0.50 5.24 1.99 1.00 0.00
0.50 5.24 2.17 1.00 0.00
0.50 5.24 2.34 1.00 0.00
0.50 5.24 2.52 1.00 0.00
0.50 5.24 2.69 1.00 0.00
0.50 5.24 2.86 1.00 0.00
0.50 5.24 3.04 1.00 0.00
0.50 5.24 3.21 1.00 0.00
0.50 5.24 3.39 1.00 0.00
0.50 5.24 3.56 1.00 0.00
0.50 5.24 3.74 1.00 0.00
0.50 5.24 3.91 1.00 0.00
0.50 5.24 4.09 1.00 0.00
0.50 5.24 4.26 1.00 0.00
0.50 5.24 4.44 1.00 0.00
0.70 5.24 1.53 1.00 0.00
0.70 5.24 1.70 1.00 0.00
0.70 5.24 1.88 1.00 0.00
0.70 5.24 2.05 1.00 0.00
0.70 5.24 2.23 1.00 0.00
0.70 5.24 2.40 1.00 0.00
0.70 5.24 2.58 1.00 0.00
0.70 5.24 2.75 1.00 0.00
0.70 5.24 2.93 1.00 0.00
0.70 5.24 3.10 1.00 0.00
0.70 5.24 3.28 1.00 0.00
0.70 5.24 3.45 1.00 0.00
0.70 5.24 3.62 1.00 0.00
0.70 5.24 3.80 1.00 0.00
0.70 5.24 3.97 1.00 0.00
0.70 5.24 4.15 1.00 0.00
0.70 5.24 4.32 1.00 0.00
0.70 5.24 4.50 1.00 0.00
0.90 5.24 1.59 1.00 0.00
0.90 5.24 1.76 1.00 0.00
0.90 5.24 1.94 1.00 0.00
0.90 5.24 2.11 1.00 0.00
0.90 5.24 2.29 1.00 0.00
0.90 5.24 2.46 1.00 0.00
0.90 5.24 2.64 1.00 0.00
0.90 5.24 2.81 1.00 0.00
0.90 5.24 2.98 1.00 0.00
0.90 5.24 3.16 1.00 0.00
0.90 5.24 3.33 1.00 0.00
0.90 5.24 3.51 1.00 0.00
0.90 5.24 3.68 1.00 0.00
0.90 5.24 3.86 1.00 0.00
0.90 5.24 4.03 1.00 0.00
0.90 5.24 4.21 1.00 0.00
0.90 5.24 4.38 1.00 0.00
0.90 5.24 4.56 1.00 0.00
1.10 5.24 1.64 1.00 0.00
1.10 5.24 1.82 1.00 0.00
1.10 5.24 1.99 1.00 0.00
1.10 5.24 2.17 1.00 0.00
1.10 5.24 2.34 1.00 0.00
1.10 5.24 2.52 1.00 0.00
1.10 5.24 2.69 1.00 0.00
1.10 5.24 2.87 1.00 0.00
1.10 5.24 3.04 1.00 0.00
1.10 5.24 3.21 1.00 0.00
1.10 5.24 3.39 1.00 0.00
1.10 5.24 3.56 1.00 0.00
1.10 5.24 3.74 1.00 0.00
1.10 5.24 3.91 1.00 0.00
1.10 5.24 4.09 1.00 0.00
1.10 5.24 4.26 1.00 0.00
1.10 5.24 4.44 1.00 0.00
1.10 5.24 4.61 1.00 0.00
0.30 5.41 7.68 1.00 0.00
0.30 5.41 7.85 1.00 0.00
0.30 5.41 8.03 1.00 0.00
0.30 5.41 8.20 1.00 0.00
0.30 5.41 8.38 1.00 0.00
0.30 5.41 8.55 1.00 0.00
0.30 5.41 8.72 1.00 0.00
0.30 5.41 8.90 1.00 0.00
0.30 5.41 9.07 1.00 0.00
0.30 5.41 9.25 1.00 0.00
0.30 5.41 9.42 1.00 0.00
0.30 5.41 9.60 1.00 0.00
0.30 5.41 9.77 1.00 0.00
0.30 5.41 9.95 1.00 0.00
0.30 5.41 10.12 1.00 0.00
0.30 5.41 10.30 1.00 0.00
0.30 5.41 10.47 1.00 0.00
0.30 5.41 10.64 1.00 0.00
0.50 5.41 1.45 1.00 0.00
0.50 5.41 1.63 1.00 0.00
0.50 5.41 1.80 1.00 0.00
0.50 5.41 1.98 1.00 0.00
0.50 5.41 2.15 1.00 0.00
0.50 5.41 2.33 1.00 0.00
0.50 5.41 2.50 1.00 0.00
0.50 5.41 2.68 1.00 0.00
0.50 5.41 2.85 1.00 0.00
0.50 5.41 3.02 1.00 0.00
0.50 5.41 3.20 1.00 0.00
0.50 5.41 3.37 1.00 0.00
0.50 5.41 3.55 1.00 0.00
0.50 5.41 3.72 1.00 0.00
0.50 5.41 3.90 1.00 0.00
0.50 5.41 4.07 1.00 0.00
0.50 5.41 4.25 1.00 0.00
0.50 5.41 4.42 1.00 0.00
0.70 5.41 1.51 1.00 0.00
0.70 5.41 1.68 1.00 0.00
0.70 5.41 1.86 1.00 0.00
0.70 5.41 2.03 1.00 0.00
0.70 5.41 2.21 1.00 0.00
0.70 5.41 2.38 1.00 0.00
0.70 5.41 2.56 1.00 0.00
0.70 5.41 2.73 1.00 0.00
0.70 5.41 2.90 1.00 0.00
0.70 5.41 3.08 1.00 0.00
0.70 5.41 3.25 1.00 0.00
0.70 5.41 3.43 1.00 0.00
0.70 5.41 3.60 1.00 0.00
0.70 5.41 3.78 1.00 0.00
0.70 5.41 3.95 1.00 0.00
0.70 5.41 4.13 1.00 0.00
0.70 5.41 4.30 1.00 0.00
0.70 5.41 4.48 1.00 0.00
0.90 5.41 1.56 1.00 0.00
0.90 5.41 1.73 1.00 0.00
0.90 5.41 1.91 1.00 0.00
0.90 5.41 2.08 1.00 0.00
0.90 5.41 2.26 1.00 0.00
0.90 5.41 2.43 1.00 0.00
0.90 5.41 2.61 1.00 0.00
0.90 5.41 2.78 1.00 0.00
0.90 5.41 2.96 1.00 0.00
0.90 5.41 3.13 1.00 0.00
0.90 5.41 3.30 1.00 0.00
0.90 5.41 3.48 1.00 0.00
0.90 5.41 3.65 1.00 0.00
0.90 5.41 3.83 1.00 0.00
0.90 5.41 4.00 1.00 0.00
0.90 5.41 4.18 1.00 0.00
0.90 5.41 4.35 1.00 0.00
0.90 5.41 4.53 1.00 0.00
1.10 5.41 1.61 1.00 0.00
1.10 5.41 1.78 1.00 0.00
1.10 5.41 1.96 1.00 0.00
1.10 5.41 2.13 1.00 0.00
1.10 5.41 2.30 1.00 0.00
1.10 5.41 2.48 1.00 0.00
1.10 5.41 2.65 1.00 0.00
1.10 5.41 2.83 1.00 0.00
1.10 5.41 3.00 1.00 0.00
1.10 5.41 3.18 1.00 0.00
1.10 5.41 3.35 1.00 0.00
1.10 5.41 3.53 1.00 0.00
1.10 5.41 3.70 1.00 0.00
1.10 5.41 3.88 1.00 0.00
1.10 5.41 4.05 1.00 0.00
1.10 5.41 4.22 1.00 0.00
1.10 5.41 4.40 1.00 0.00
1.10 5.41 4.57 1.00 0.00
0.30 5.59 7.67 1.00 0.00
0.30 5.59 7.84 1.00 0.00
0.30 5.59 8.02 1.00 0.00
0.30 5.59 8.19 1.00 0.00
0.30 5.59 8.37 1.00 0.00
0.30 5.59 8.54 1.00 0.00
0.30 5.59 8.71 1.00 0.00
0.30 5.59 8.89 1.00 0.00
0.30 5.59 9.06 1.00 0.00
0.30 5.59 9.24 1.00 0.00
0.30 5.59 9.41 1.00 0.00
0.30 5.59 9.59 1.00 0.00
0.30 5.59 9.76 1.00 0.00
0.30 5.59 9.94 1.00 0.00
0.30 5.59 10.11 1.00 0.00
0.30 5.59 10.28 1.00 0.00
0.30 5.59 10.46 1.00 0.00
0.30 5.59 10.63 1.00 0.00
0.50 5.59 1.44 1.00 0.00
0.50 5.59 1.61 1.00 0.00
0.50 5.59 1.78 1.00 0.00
0.50 5.59 1.96 1.00 0.00
0.50 5.59 2.13 1.00 0.00
0.50 5.59 2.31 1.00 0.00
0.50 5.59 2.48 1.00 0.00
0.50 5.59 2.66 1.00 0.00
0.50 5.59 2.83 1.00 0.00
0.50 5.59 3.01 1.00 0.00
0.50 5.59 3.18 1.00 0.00
0.50 5.59 3.36 1.00 0.00
0.50 5.59 3.53 1.00 0.00
0.50 5.59 3.70 1.00 0.00
0.50 5.59 3.88 1.00 0.00
0.50 5.59 4.05 1.00 0.00
0.50 5.59 4.23 1.00 0.00
0.50 5.59 4.40 1.00 0.00
0.70 5.59 1.48 1.00 0.00
0.70 5.59 1.66 1.00 0.00
0.70 5.59 1.83 1.00 0.00
0.70 5.59 2.01 1.00 0.00
0.70 5.59 2.18 1.00 0.00
0.70 5.59 2.36 1.00 0.00
0.70 5.59 2.53 1.00 0.00
0.70 5.59 2.70 1.00 0.00
0.70 5.59 2.88 1.00 0.00
0.70 5.59 3.05 1.00 0.00
0.70 5.59 3.23 1.00 0.00
0.70 5.59 3.40 1.00 0.00
0.70 5.59 3.58 1.00 0.00
0.70 5.59 3.75 1.00 0.00
0.70 5.59 3.93 1.00 0.00
0.70 5.59 4.10 1.00 0.00
0.70 5.59 4.28 1.00 0.00
0.70 5.59 4.45 1.00 0.00
0.90 5.59 1.53 1.00 0.00
0.90 5.59 1.70 1.00 0.00
0.90 5.59 1.88 1.00 0.00
0.90 5.59 2.05 1.00 0.00
0.90 5.59 2.22 1.00 0.00
0.90 5.59 2.40 1.00 0.00
0.90 5.59 2.57 1.00 0.00
0.90 5.59 2.75 1.00 0.00
0.90 5.59 2.92 1.00 0.00
0.90 5.59 3.10 1.00 0.00
0.90 5.59 3.27 1.00 0.00
0.90 5.59 3.45 1.00 0.00
0.90 5.59 3.62 1.00 0.00
0.90 5.59 3.79 1.00 0.00
0.90 5.59 3.97 1.00 0.00
0.90 5.59 4.14 1.00 0.00
0.90 5.59 4.32 1.00 0.00
0.90 5.59 4.49 1.00 0.00
1.10 5.59 1.57 1.00 0.00
1.10 5.59 1.74 1.00 0.00
1.10 5.59 1.91 1.00 0.00
1.10 5.59 2.09 1.00 0.00
1.10 5.59 2.26 1.00 0.00
1.10 5.59 2.44 1.00 0.00
1.10 5.59 2.61 1.00 0.00
1.10 5.59 2.79 1.00 0.00
1.10 5.59 2.96 1.00 0.00
1.10 5.59 3.14 1.00 0.00
1.10 5.59 3.31 1.00 0.00
1.10 5.59 3.49 1.00 0.00
1.10 5.59 3.66 1.00 0.00
1.10 5.59 3.83 1.00 0.00
1.10 5.59 4.01 1.00 0.00
1.10 5.59 4.18 1.00 0.00
1.10 5.59 4.36 1.00 0.00
1.10 5.59 4.53 1.00 0.00
0.30 5.76 7.65 1.00 0.00
0.30 5.76 7.83 1.00 0.00
0.30 5.76 8.00 1.00 0.00
0.30 5.76 8.18 1.00 0.00
0.30 5.76 8.35 1.00 0.00
0.30 5.76 8.53 1.00 0.00
0.30 5.76 8.70 1.00 0.00
0.30 5.76 8.88 1.00 0.00
0.30 5.76 9.05 1.00 0.00
0.30 5.76 9.23 1.00 0.00
0.30 5.76 9.40 1.00 0.00
0.30 5.76 9.57 1.00 0.00
0.30 5.76 9.75 1.00 0.00
0.30 5.76 9.92 1.00 0.00
0.30 5.76 10.10 1.00 0.00
0.30 5.76 10.27 1.00 0.00
0.30 5.76 10.45 1.00 0.00
0.30 5.76 10.62 1.00 0.00
0.50 5.76 1.41 1.00 0.00
0.50 5.76 1.59 1.00 0.00
0.50 5.76 1.76 1.00 0.00
0.50 5.76 1.94 1.00 0.00
0.50 5.76 2.11 1.00 0.00
0.50 5.76 2.29 1.00 0.00
0.50 5.76 2.46 1.00 0.00
0.50 5.76 2.64 1.00 0.00
0.50 5.76 2.81 1.00 0.00
0.50 5.76 2.99 1.00 0.00
0.50 5.76 3.16 1.00 0.00
0.50 5.76 3.33 1.00 0.00
0.50 5.76 3.51 1.00 0.00
0.50 5.76 3.68 1.00 0.00
0.50 5.76 3.86 1.00 0.00
0.50 5.76 4.03 1.00 0.00
0.50 5.76 4.21 1.00 0.00
0.50 5.76 4.38 1.00 0.00
0.70 5.76 1.45 1.00 0.00
0.70 5.76 1.63 1.00 0.00
0.70 5.76 1.80 1.00 0.00
0.70 5.76 1.98 1.00 0.00
0.70 5.76 2.15 1.00 0.00
0.70 5.76 2.33 1.00 0.00
0.70 5.76 2.50 1.00 0.00
0.70 5.76 2.68 1.00 0.00
0.70 5.76 2.85 1.00 0.00
0.70 5.76 3.02 1.00 0.00
0.70 5.76 3.20 1.00 0.00
0.70 5.76 3.37 1.00 0.00
0.70 5.76 3.55 1.00 0.00
0.70 5.76 3.72 1.00 0.00
0.70 5.76 3.90 1.00 0.00
0.70 5.76 4.07 1.00 0.00
0.70 5.76 4.25 1.00 0.00
0.70 5.76 4.42 1.00 0.00
0.90 5.76 1.49 1.00 0.00
0.90 5.76 1.66 1.00 0.00
0.90 5.76 1.84 1.00 0.00
0.90 5.76 2.01 1.00 0.00
0.90 5.76 2.19 1.00 0.00
0.90 5.76 2.36 1.00 0.00
0.90 5.76 2.54 1.00 0.00
0.90 5.76 2.71 1.00 0.00
0.90 5.76 2.89 1.00 0.00
0.90 5.76 3.06 1.00 0.00
0.90 5.76 3.23 1.00 0.00
0.90 5.76 3.41 1.00 0.00
0.90 5.76 3.58 1.00 0.00
0.90 5.76 3.76 1.00 0.00
0.90 5.76 3.93 1.00 0.00
0.90 5.76 4.11 1.00 0.00
0.90 5.76 4.28 1.00 0.00
0.90 5.76 4.46 1.00 0.00
1.10 5.76 1.52 1.00 0.00
1.10 5.76 1.70 1.00 0.00
1.10 5.76 1.87 1.00 0.00
1.10 5.76 2.04 1.00 0.00
1.10 5.76 2.22 1.00 0.00
1.10 5.76 2.39 1.00 0.00
1.10 5.76 2.57 1.00 0.00
1.10 5.76 2.74 1.00 0.00
1.10 5.76 2.92 1.00 0.00
1.10 5.76 3.09 1.00 0.00
1.10 5.76 3.27 1.00 0.00
1.10 5.76 3.44 1.00 0.00
1.10 5.76 3.62 1.00 0.00
1.10 5.76 3.79 1.00 0.00
1.10 5.76 3.96 1.00 0.00
1.10 5.76 4.14 1.00 0.00
1.10 5.76 4.31 1.00 0.00
1.10 5.76 4.49 1.00 0.00
0.30 5.93 7.64 1.00 0.00
0.30 5.93 7.81 1.00 0.00
0.30 5.93 7.99 1.00 0.00
0.30 5.93 8.16 1.00 0.00
0.30 5.93 8.34 1.00 0.00
0.30 5.93 8.51 1.00 0.00
0.30 5.93 8.69 1.00 0.00
0.30 5.93 8.86 1.00 0.00
0.30 5.93 9.04 1.00 0.00
0.30 5.93 9.21 1.00 0.00
0.30 5.93 9.39 1.00 0.00
0.30 5.93 9.56 1.00 0.00
0.30 5.93 9.73 1.00 0.00
0.30 5.93 9.91 1.00 0.00
0.30 5.93 10.08 1.00 0.00
0.30 5.93 10.26 1.00 0.00
0.30 5.93 10.43 1.00 0.00
0.30 5.93 10.61 1.00 0.00
0.50 5.93 7.67 1.00 0.00
0.50 5.93 7.85 1.00 0.00
0.50 5.93 8.02 1.00 0.00
0.50 5.93 8.20 1.00 0.00
0.50 5.93 8.37 1.00 0.00
0.50 5.93 8.55 1.00 0.00
0.50 5.93 8.72 1.00 0.00
0.50 5.93 8.90 1.00 0.00
0.50 5.93 9.07 1.00 0.00
0.50 5.93 9.25 1.00 0.00
0.50 5.93 9.42 1.00 0.00
0.50 5.93 9.59 1.00 0.00
0.50 5.93 9.77 1.00 0.00
0.50 5.93 9.94 1.00 0.00
0.50 5.93 10.12 1.00 0.00
0.50 5.93 10.29 1.00 0.00
0.50 5.93 10.47 1.00 0.00
0.50 5.93 10.64 1.00 0.00
0.70 5.93 1.42 1.00 0.00
0.70 5.93 1.60 1.00 0.00
0.70 5.93 1.77 1.00 0.00
0.70 5.93 1.95 1.00 0.00
0.70 5.93 2.12 1.00 0.00
0.70 5.93 2.29 1.00 0.00
0.70 5.93 2.47 1.00 0.00
0.70 5.93 2.64 1.00 0.00
0.70 5.93 2.82 1.00 0.00
0.70 5.93 2.99 1.00 0.00
0.70 5.93 3.17 1.00 0.00
0.70 5.93 3.34 1.00 0.00
0.70 5.93 3.52 1.00 0.00
0.70 5.93 3.69 1.00 0.00
0.70 5.93 3.87 1.00 0.00
0.70 5.93 4.04 1.00 0.00
0.70 5.93 4.21 1.00 0.00
0.70 5.93 4.39 1.00 0.00
0.90 5.93 1.45 1.00 0.00
0.90 5.93 1.62 1.00 0.00
0.90 5.93 1.80 1.00 0.00
0.90 5.93 1.97 1.00 0.00
0.90 5.93 2.15 1.00 0.00
0.90 5.93 2.32 1.00 0.00
0.90 5.93 2.50 1.00 0.00
0.90 5.93 2.67 1.00 0.00
0.90 5.93 2.85 1.00 0.00
0.90 5.93 3.02 1.00 0.00
0.90 5.93 3.19 1.00 0.00
0.90 5.93 3.37 1.00 0.00
0.90 5.93 3.54 1.00 0.00
0.90 5.93 3.72 1.00 0.00
0.90 5.93 3.89 1.00 0.00
0.90 5.93 4.07 1.00 0.00
0.90 5.93 4.24 1.00 0.00
0.90 5.93 4.42 1.00 0.00
1.10 5.93 1.47 1.00 0.00
1.10 5.93 1.65 1.00 0.00
1.10 5.93 1.82 1.00 0.00
1.10 5.93 2.00 1.00 0.00
1.10 5.93 2.17 1.00 0.00
1.10 5.93 2.35 1.00 0.00
1.10 5.93 2.52 1.00 0.00
1.10 5.93 2.70 1.00 0.00
1.10 5.93 2.87 1.00 0.00
1.10 5.93 3.05 1.00 0.00
1.10 5.93 3.22 1.00 0.00
1.10 5.93 3.39 1.00 0.00
1.10 5.93 3.57 1.00 0.00
1.10 5.93 3.74 1.00 0.00
1.10 5.93 3.92 1.00 0.00
1.10 5.93 4.09 1.00 0.00
1.10 5.93 4.27 1.00 0.00
1.10 5.93 4.44 1.00 0.00
0.30 6.11 7.62 1.00 0.00
0.30 6.11 7.80 1.00 0.00
0.30 6.11 7.97 1.00 0.00
0.30 6.11 8.15 1.00 0.00
0.30 6.11 8.32 1.00 0.00
0.30 6.11 8.50 1.00 0.00
0.30 6.11 8.67 1.00 0.00
0.30 6.11 8.85 1.00 0.00
0.30 6.11 9.02 1.00 0.00
0.30 6.11 9.19 1.00 0.00
0.30 6.11 9.37 1.00 0.00
0.30 6.11 9.54 1.00 0.00
0.30 6.11 9.72 1.00 0.00
0.30 6.11 9.89 1.00 0.00
0.30 6.11 10.07 1.00 0.00
0.30 6.11 10.24 1.00 0.00
0.30 6.11 10.42 1.00 0.00
0.30 6.11 10.59 1.00 0.00
0.50 6.11 7.65 1.00 0.00
0.50 6.11 7.82 1.00 0.00
0.50 6.11 8.00 1.00 0.00
0.50 6.11 8.17 1.00 0.00
0.50 6.11 8.35 1.00 0.00
0.50 6.11 8.52 1.00 0.00
0.50 6.11 8.70 1.00 0.00
0.50 6.11 8.87 1.00 0.00
0.50 6.11 9.05 1.00 0.00
0.50 6.11 9.22 1.00 0.00
0.50 6.11 9.39 1.00 0.00
0.50 6.11 9.57 1.00 0.00
0.50 6.11 9.74 1.00 0.00
0.50 6.11 9.92 1.00 0.00
0.50 6.11 10.09 1.00 0.00
0.50 6.11 10.27 1.00 0.00
0.50 6.11 10.44 1.00 0.00
0.50 6.11 10.62 1.00 0.00
0.70 6.11 7.67 1.00 0.00
0.70 6.11 7.85 1.00 0.00
0.70 6.11 8.02 1.00 0.00
0.70 6.11 8.20 1.00 0.00
0.70 6.11 8.37 1.00 0.00
0.70 6.11 8.54 1.00 0.00
0.70 6.11 8.72 1.00 0.00
0.70 6.11 8.89 1.00 0.00
0.70 6.11 9.07 1.00 0.00
0.70 6.11 9.24 1.00 0.00
0.70 6.11 9.42 1.00 0.00
0.70 6.11 9.59 1.00 0.00
0.70 6.11 9.77 1.00 0.00
0.70 6.11 9.94 1.00 0.00
0.70 6.11 10.11 1.00 0.00
0.70 6.11 10.29 1.00 0.00
0.70 6.11 10.46 1.00 0.00
0.70 6.11 10.64 1.00 0.00
0.90 6.11 1.41 1.00 0.00
0.90 6.11 1.58 1.00 0.00
0.90 6.11 1.76 1.00 0.00
0.90 6.11 1.93 1.00 0.00
0.90 6.11 2.11 1.00 0.00
0.90 6.11 2.28 1.00 0.00
0.90 6.11 2.46 1.00 0.00
0.90 6.11 2.63 1.00 0.00
0.90 6.11 2.80 1.00 0.00
0.90 6.11 2.98 1.00 0.00
0.90 6.11 3.15 1.00 0.00
0.90 6.11 3.33 1.00 0.00
0.90 6.11 3.50 1.00 0.00
0.90 6.11 3.68 1.00 0.00
0.90 6.11 3.85 1.00 0.00
0.90 6.11 4.03 1.00 0.00
0.90 6.11 4.20 1.00 0.00
0.90 6.11 4.38 1.00 0.00
1.10 6.11 1.43 1.00 0.00
1.10 6.11 1.60 1.00 0.00
1.10 6.11 1.78 1.00 0.00
1.10 6.11 1.95 1.00 0.00
1.10 6.11 2.12 1.00 0.00
1.10 6.11 2.30 1.00 0.00
1.10 6.11 2.47 1.00 0.00
1.10 6.11 2.65 1.00 0.00
1.10 6.11 2.82 1.00 0.00
1.10 6.11 3.00 1.00 0.00
1.10 6.11 3.17 1.00 0.00
1.10 6.11 3.35 1.00 0.00
1.10 6.11 3.52 1.00 0.00
1.10 6.11 3.70 1.00 0.00
1.10 6.11 3.87 1.00 0.00
1.10 6.11 4.04 1.00 0.00
1.10 6.11 4.22 1.00 0.00
1.10 6.11 4.39 1.00 0.00
