0.30 0.00 5.76 1.00 0.00
0.30 0.00 5.93 1.00 0.00
0.30 0.00 6.11 1.00 0.00
0.30 0.00 6.28 1.00 0.00
0.30 0.00 6.46 1.00 0.00
0.30 0.00 6.63 1.00 0.00
0.30 0.00 6.80 1.00 0.00
0.30 0.00 6.98 1.00 0.00
0.30 0.00 7.15 1.00 0.00
0.30 0.00 7.33 1.00 0.00
0.30 0.00 7.50 1.00 0.00
0.30 0.00 7.68 1.00 0.00
0.30 0.00 7.85 1.00 0.00
0.30 0.00 8.03 1.00 0.00
0.30 0.00 8.20 1.00 0.00
0.30 0.00 8.38 1.00 0.00
0.30 0.00 8.55 1.00 0.00
0.30 0.00 8.72 1.00 0.00
0.50 0.00 -0.45 1.00 0.00
0.50 0.00 -0.28 1.00 0.00
0.50 0.00 -0.11 1.00 0.00
0.50 0.00 0.07 1.00 0.00
0.50 0.00 0.24 1.00 0.00
0.50 0.00 0.42 1.00 0.00
0.50 0.00 0.59 1.00 0.00
0.50 0.00 0.77 1.00 0.00
0.50 0.00 0.94 1.00 0.00
0.50 0.00 1.12 1.00 0.00
0.50 0.00 1.29 1.00 0.00
0.50 0.00 1.47 1.00 0.00
0.50 0.00 1.64 1.00 0.00
0.50 0.00 1.81 1.00 0.00
0.50 0.00 1.99 1.00 0.00
0.50 0.00 2.16 1.00 0.00
0.50 0.00 2.34 1.00 0.00
0.50 0.00 2.51 1.00 0.00
0.70 0.00 -0.38 1.00 0.00
0.70 0.00 -0.20 1.00 0.00
0.70 0.00 -0.03 1.00 0.00
0.70 0.00 0.15 1.00 0.00
0.70 0.00 0.32 1.00 0.00
0.70 0.00 0.49 1.00 0.00
0.70 0.00 0.67 1.00 0.00
0.70 0.00 0.84 1.00 0.00
0.70 0.00 1.02 1.00 0.00
0.70 0.00 1.19 1.00 0.00
0.70 0.00 1.37 1.00 0.00
0.70 0.00 1.54 1.00 0.00
0.70 0.00 1.72 1.00 0.00
0.70 0.00 1.89 1.00 0.00
0.70 0.00 2.07 1.00 0.00
0.70 0.00 2.24 1.00 0.00
0.70 0.00 2.41 1.00 0.00
0.70 0.00 2.59 1.00 0.00
0.90 0.00 -0.30 1.00 0.00
0.90 0.00 -0.12 1.00 0.00
0.90 0.00 0.05 1.00 0.00
0.90 0.00 0.23 1.00 0.00
0.90 0.00 0.40 1.00 0.00
0.90 0.00 0.58 1.00 0.00
0.90 0.00 0.75 1.00 0.00
0.90 0.00 0.93 1.00 0.00
0.90 0.00 1.10 1.00 0.00
0.90 0.00 1.27 1.00 0.00
0.90 0.00 1.45 1.00 0.00
0.90 0.00 1.62 1.00 0.00
0.90 0.00 1.80 1.00 0.00
0.90 0.00 1.97 1.00 0.00
0.90 0.00 2.15 1.00 0.00
0.90 0.00 2.32 1.00 0.00
0.90 0.00 2.50 1.00 0.00
0.90 0.00 2.67 1.00 0.00
1.10 0.00 -0.21 1.00 0.00
1.10 0.00 -0.04 1.00 0.00
1.10 0.00 0.14 1.00 0.00
1.10 0.00 0.31 1.00 0.00
1.10 0.00 0.49 1.00 0.00
1.10 0.00 0.66 1.00 0.00
1.10 0.00 0.84 1.00 0.00
1.10 0.00 1.01 1.00 0.00
1.10 0.00 1.19 1.00 0.00
1.10 0.00 1.36 1.00 0.00
1.10 0.00 1.54 1.00 0.00
1.10 0.00 1.71 1.00 0.00
1.10 0.00 1.88 1.00 0.00
1.10 0.00 2.06 1.00 0.00
1.10 0.00 2.23 1.00 0.00
1.10 0.00 2.41 1.00 0.00
1.10 0.00 2.58 1.00 0.00
1.10 0.00 2.76 1.00 0.00
0.30 0.17 -0.52 1.00 0.00
0.30 0.17 -0.34 1.00 0.00
0.30 0.17 -0.17 1.00 0.00
0.30 0.17 0.01 1.00 0.00
0.30 0.17 0.18 1.00 0.00
0.30 0.17 0.36 1.00 0.00
0.30 0.17 0.53 1.00 0.00
0.30 0.17 0.70 1.00 0.00
0.30 0.17 0.88 1.00 0.00
0.30 0.17 1.05 1.00 0.00
0.30 0.17 1.23 1.00 0.00
0.30 0.17 1.40 1.00 0.00
0.30 0.17 1.58 1.00 0.00
0.30 0.17 1.75 1.00 0.00
0.30 0.17 1.93 1.00 0.00
0.30 0.17 2.10 1.00 0.00
0.30 0.17 2.28 1.00 0.00
0.30 0.17 2.45 1.00 0.00
0.50 0.17 -0.44 1.00 0.00
0.50 0.17 -0.27 1.00 0.00
0.50 0.17 -0.09 1.00 0.00
0.50 0.17 0.08 1.00 0.00
0.50 0.17 0.26 1.00 0.00
0.50 0.17 0.43 1.00 0.00
0.50 0.17 0.61 1.00 0.00
0.50 0.17 0.78 1.00 0.00
0.50 0.17 0.95 1.00 0.00
0.50 0.17 1.13 1.00 0.00
0.50 0.17 1.30 1.00 0.00
0.50 0.17 1.48 1.00 0.00
0.50 0.17 1.65 1.00 0.00
0.50 0.17 1.83 1.00 0.00
0.50 0.17 2.00 1.00 0.00
0.50 0.17 2.18 1.00 0.00
0.50 0.17 2.35 1.00 0.00
0.50 0.17 2.52 1.00 0.00
0.70 0.17 -0.36 1.00 0.00
0.70 0.17 -0.19 1.00 0.00
0.70 0.17 -0.01 1.00 0.00
0.70 0.17 0.16 1.00 0.00
0.70 0.17 0.33 1.00 0.00
0.70 0.17 0.51 1.00 0.00
0.70 0.17 0.68 1.00 0.00
0.70 0.17 0.86 1.00 0.00
0.70 0.17 1.03 1.00 0.00
0.70 0.17 1.21 1.00 0.00
0.70 0.17 1.38 1.00 0.00
0.70 0.17 1.56 1.00 0.00
0.70 0.17 1.73 1.00 0.00
0.70 0.17 1.91 1.00 0.00
0.70 0.17 2.08 1.00 0.00
0.70 0.17 2.25 1.00 0.00
0.70 0.17 2.43 1.00 0.00
0.70 0.17 2.60 1.00 0.00
0.90 0.17 -0.28 1.00 0.00
0.90 0.17 -0.11 1.00 0.00
0.90 0.17 0.07 1.00 0.00
0.90 0.17 0.24 1.00 0.00
0.90 0.17 0.42 1.00 0.00
0.90 0.17 0.59 1.00 0.00
0.90 0.17 0.76 1.00 0.00
0.90 0.17 0.94 1.00 0.00
0.90 0.17 1.11 1.00 0.00
0.90 0.17 1.29 1.00 0.00
0.90 0.17 1.46 1.00 0.00
0.90 0.17 1.64 1.00 0.00
0.90 0.17 1.81 1.00 0.00
0.90 0.17 1.99 1.00 0.00
0.90 0.17 2.16 1.00 0.00
0.90 0.17 2.34 1.00 0.00
0.90 0.17 2.51 1.00 0.00
0.90 0.17 2.68 1.00 0.00
1.10 0.17 -0.20 1.00 0.00
1.10 0.17 -0.03 1.00 0.00
1.10 0.17 0.15 1.00 0.00
1.10 0.17 0.32 1.00 0.00
1.10 0.17 0.50 1.00 0.00
1.10 0.17 0.67 1.00 0.00
1.10 0.17 0.85 1.00 0.00
1.10 0.17 1.02 1.00 0.00
1.10 0.17 1.20 1.00 0.00
1.10 0.17 1.37 1.00 0.00
1.10 0.17 1.54 1.00 0.00
1.10 0.17 1.72 1.00 0.00
1.10 0.17 1.89 1.00 0.00
1.10 0.17 2.07 1.00 0.00
1.10 0.17 2.24 1.00 0.00
1.10 0.17 2.42 1.00 0.00
1.10 0.17 2.59 1.00 0.00
1.10 0.17 2.77 1.00 0.00
0.30 0.35 -0.51 1.00 0.00
0.30 0.35 -0.34 1.00 0.00
0.30 0.35 -0.16 1.00 0.00
0.30 0.35 0.01 1.00 0.00
0.30 0.35 0.19 1.00 0.00
0.30 0.35 0.36 1.00 0.00
0.30 0.35 0.53 1.00 0.00
0.30 0.35 0.71 1.00 0.00
0.30 0.35 0.88 1.00 0.00
0.30 0.35 1.06 1.00 0.00
0.30 0.35 1.23 1.00 0.00
0.30 0.35 1.41 1.00 0.00
0.30 0.35 1.58 1.00 0.00
0.30 0.35 1.76 1.00 0.00
0.30 0.35 1.93 1.00 0.00
0.30 0.35 2.11 1.00 0.00
0.30 0.35 2.28 1.00 0.00
0.30 0.35 2.45 1.00 0.00
0.50 0.35 -0.44 1.00 0.00
0.50 0.35 -0.26 1.00 0.00
0.50 0.35 -0.09 1.00 0.00
0.50 0.35 0.09 1.00 0.00
0.50 0.35 0.26 1.00 0.00
0.50 0.35 0.44 1.00 0.00
0.50 0.35 0.61 1.00 0.00
0.50 0.35 0.79 1.00 0.00
0.50 0.35 0.96 1.00 0.00
0.50 0.35 1.13 1.00 0.00
0.50 0.35 1.31 1.00 0.00
0.50 0.35 1.48 1.00 0.00
0.50 0.35 1.66 1.00 0.00
0.50 0.35 1.83 1.00 0.00
0.50 0.35 2.01 1.00 0.00
0.50 0.35 2.18 1.00 0.00
0.50 0.35 2.36 1.00 0.00
0.50 0.35 2.53 1.00 0.00
0.70 0.35 -0.36 1.00 0.00
0.70 0.35 -0.18 1.00 0.00
0.70 0.35 -0.01 1.00 0.00
0.70 0.35 0.16 1.00 0.00
0.70 0.35 0.34 1.00 0.00
0.70 0.35 0.51 1.00 0.00
0.70 0.35 0.69 1.00 0.00
0.70 0.35 0.86 1.00 0.00
0.70 0.35 1.04 1.00 0.00
0.70 0.35 1.21 1.00 0.00
0.70 0.35 1.39 1.00 0.00
0.70 0.35 1.56 1.00 0.00
0.70 0.35 1.74 1.00 0.00
0.70 0.35 1.91 1.00 0.00
0.70 0.35 2.08 1.00 0.00
0.70 0.35 2.26 1.00 0.00
0.70 0.35 2.43 1.00 0.00
0.70 0.35 2.61 1.00 0.00
0.90 0.35 -0.28 1.00 0.00
0.90 0.35 -0.11 1.00 0.00
0.90 0.35 0.07 1.00 0.00
0.90 0.35 0.24 1.00 0.00
0.90 0.35 0.42 1.00 0.00
0.90 0.35 0.59 1.00 0.00
0.90 0.35 0.77 1.00 0.00
0.90 0.35 0.94 1.00 0.00
0.90 0.35 1.11 1.00 0.00
0.90 0.35 1.29 1.00 0.00
0.90 0.35 1.46 1.00 0.00
0.90 0.35 1.64 1.00 0.00
0.90 0.35 1.81 1.00 0.00
0.90 0.35 1.99 1.00 0.00
0.90 0.35 2.16 1.00 0.00
0.90 0.35 2.34 1.00 0.00
0.90 0.35 2.51 1.00 0.00
0.90 0.35 2.69 1.00 0.00
1.10 0.35 -0.20 1.00 0.00
1.10 0.35 -0.03 1.00 0.00
1.10 0.35 0.14 1.00 0.00
1.10 0.35 0.32 1.00 0.00
1.10 0.35 0.49 1.00 0.00
1.10 0.35 0.67 1.00 0.00
1.10 0.35 0.84 1.00 0.00
1.10 0.35 1.02 1.00 0.00
1.10 0.35 1.19 1.00 0.00
1.10 0.35 1.37 1.00 0.00
1.10 0.35 1.54 1.00 0.00
1.10 0.35 1.72 1.00 0.00
1.10 0.35 1.89 1.00 0.00
1.10 0.35 2.06 1.00 0.00
1.10 0.35 2.24 1.00 0.00
1.10 0.35 2.41 1.00 0.00
1.10 0.35 2.59 1.00 0.00
1.10 0.35 2.76 1.00 0.00
0.30 0.52 -0.51 1.00 0.00
0.30 0.52 -0.34 1.00 0.00
0.30 0.52 -0.16 1.00 0.00
0.30 0.52 0.01 1.00 0.00
0.30 0.52 0.19 1.00 0.00
0.30 0.52 0.36 1.00 0.00
0.30 0.52 0.54 1.00 0.00
0.30 0.52 0.71 1.00 0.00
0.30 0.52 0.89 1.00 0.00
0.30 0.52 1.06 1.00 0.00
0.30 0.52 1.23 1.00 0.00
0.30 0.52 1.41 1.00 0.00
0.30 0.52 1.58 1.00 0.00
0.30 0.52 1.76 1.00 0.00
0.30 0.52 1.93 1.00 0.00
0.30 0.52 2.11 1.00 0.00
0.30 0.52 2.28 1.00 0.00
0.30 0.52 2.46 1.00 0.00
0.50 0.52 -0.44 1.00 0.00
0.50 0.52 -0.26 1.00 0.00
0.50 0.52 -0.09 1.00 0.00
0.50 0.52 0.09 1.00 0.00
0.50 0.52 0.26 1.00 0.00
0.50 0.52 0.44 1.00 0.00
0.50 0.52 0.61 1.00 0.00
0.50 0.52 0.79 1.00 0.00
0.50 0.52 0.96 1.00 0.00
0.50 0.52 1.13 1.00 0.00
0.50 0.52 1.31 1.00 0.00
0.50 0.52 1.48 1.00 0.00
0.50 0.52 1.66 1.00 0.00
0.50 0.52 1.83 1.00 0.00
0.50 0.52 2.01 1.00 0.00
0.50 0.52 2.18 1.00 0.00
0.50 0.52 2.36 1.00 0.00
0.50 0.52 2.53 1.00 0.00
0.70 0.52 -0.36 1.00 0.00
0.70 0.52 -0.19 1.00 0.00
0.70 0.52 -0.01 1.00 0.00
0.70 0.52 0.16 1.00 0.00
0.70 0.52 0.34 1.00 0.00
0.70 0.52 0.51 1.00 0.00
0.70 0.52 0.68 1.00 0.00
0.70 0.52 0.86 1.00 0.00
0.70 0.52 1.03 1.00 0.00
0.70 0.52 1.21 1.00 0.00
0.70 0.52 1.38 1.00 0.00
0.70 0.52 1.56 1.00 0.00
0.70 0.52 1.73 1.00 0.00
0.70 0.52 1.91 1.00 0.00
0.70 0.52 2.08 1.00 0.00
0.70 0.52 2.26 1.00 0.00
0.70 0.52 2.43 1.00 0.00
0.70 0.52 2.60 1.00 0.00
0.90 0.52 -0.29 1.00 0.00
0.90 0.52 -0.12 1.00 0.00
0.90 0.52 0.06 1.00 0.00
0.90 0.52 0.23 1.00 0.00
0.90 0.52 0.41 1.00 0.00
0.90 0.52 0.58 1.00 0.00
0.90 0.52 0.76 1.00 0.00
0.90 0.52 0.93 1.00 0.00
0.90 0.52 1.11 1.00 0.00
0.90 0.52 1.28 1.00 0.00
0.90 0.52 1.46 1.00 0.00
0.90 0.52 1.63 1.00 0.00
0.90 0.52 1.80 1.00 0.00
0.90 0.52 1.98 1.00 0.00
0.90 0.52 2.15 1.00 0.00
0.90 0.52 2.33 1.00 0.00
0.90 0.52 2.50 1.00 0.00
0.90 0.52 2.68 1.00 0.00
1.10 0.52 -0.22 1.00 0.00
1.10 0.52 -0.05 1.00 0.00
1.10 0.52 0.13 1.00 0.00
1.10 0.52 0.30 1.00 0.00
1.10 0.52 0.48 1.00 0.00
1.10 0.52 0.65 1.00 0.00
1.10 0.52 0.83 1.00 0.00
1.10 0.52 1.00 1.00 0.00
1.10 0.52 1.18 1.00 0.00
1.10 0.52 1.35 1.00 0.00
1.10 0.52 1.52 1.00 0.00
1.10 0.52 1.70 1.00 0.00
1.10 0.52 1.87 1.00 0.00
1.10 0.52 2.05 1.00 0.00
1.10 0.52 2.22 1.00 0.00
1.10 0.52 2.40 1.00 0.00
1.10 0.52 2.57 1.00 0.00
1.10 0.52 2.75 1.00 0.00
0.30 0.70 -0.51 1.00 0.00
0.30 0.70 -0.34 1.00 0.00
0.30 0.70 -0.16 1.00 0.00
0.30 0.70 0.01 1.00 0.00
0.30 0.70 0.19 1.00 0.00
0.30 0.70 0.36 1.00 0.00
0.30 0.70 0.53 1.00 0.00
0.30 0.70 0.71 1.00 0.00
0.30 0.70 0.88 1.00 0.00
0.30 0.70 1.06 1.00 0.00
0.30 0.70 1.23 1.00 0.00
0.30 0.70 1.41 1.00 0.00
0.30 0.70 1.58 1.00 0.00
0.30 0.70 1.76 1.00 0.00
0.30 0.70 1.93 1.00 0.00
0.30 0.70 2.11 1.00 0.00
0.30 0.70 2.28 1.00 0.00
0.30 0.70 2.45 1.00 0.00
0.50 0.70 -0.44 1.00 0.00
0.50 0.70 -0.27 1.00 0.00
0.50 0.70 -0.09 1.00 0.00
0.50 0.70 0.08 1.00 0.00
0.50 0.70 0.26 1.00 0.00
0.50 0.70 0.43 1.00 0.00
0.50 0.70 0.61 1.00 0.00
0.50 0.70 0.78 1.00 0.00
0.50 0.70 0.95 1.00 0.00
0.50 0.70 1.13 1.00 0.00
0.50 0.70 1.30 1.00 0.00
0.50 0.70 1.48 1.00 0.00
0.50 0.70 1.65 1.00 0.00
0.50 0.70 1.83 1.00 0.00
0.50 0.70 2.00 1.00 0.00
0.50 0.70 2.18 1.00 0.00
0.50 0.70 2.35 1.00 0.00
0.50 0.70 2.53 1.00 0.00
0.70 0.70 -0.37 1.00 0.00
0.70 0.70 -0.20 1.00 0.00
0.70 0.70 -0.02 1.00 0.00
0.70 0.70 0.15 1.00 0.00
0.70 0.70 0.33 1.00 0.00
0.70 0.70 0.50 1.00 0.00
0.70 0.70 0.67 1.00 0.00
0.70 0.70 0.85 1.00 0.00
0.70 0.70 1.02 1.00 0.00
0.70 0.70 1.20 1.00 0.00
0.70 0.70 1.37 1.00 0.00
0.70 0.70 1.55 1.00 0.00
0.70 0.70 1.72 1.00 0.00
0.70 0.70 1.90 1.00 0.00
0.70 0.70 2.07 1.00 0.00
0.70 0.70 2.25 1.00 0.00
0.70 0.70 2.42 1.00 0.00
0.70 0.70 2.59 1.00 0.00
0.90 0.70 -0.31 1.00 0.00
0.90 0.70 -0.13 1.00 0.00
0.90 0.70 0.04 1.00 0.00
0.90 0.70 0.22 1.00 0.00
0.90 0.70 0.39 1.00 0.00
0.90 0.70 0.57 1.00 0.00
0.90 0.70 0.74 1.00 0.00
0.90 0.70 0.91 1.00 0.00
0.90 0.70 1.09 1.00 0.00
0.90 0.70 1.26 1.00 0.00
0.90 0.70 1.44 1.00 0.00
0.90 0.70 1.61 1.00 0.00
0.90 0.70 1.79 1.00 0.00
0.90 0.70 1.96 1.00 0.00
0.90 0.70 2.14 1.00 0.00
0.90 0.70 2.31 1.00 0.00
0.90 0.70 2.49 1.00 0.00
0.90 0.70 2.66 1.00 0.00
1.10 0.70 -0.25 1.00 0.00
1.10 0.70 -0.07 1.00 0.00
1.10 0.70 0.10 1.00 0.00
1.10 0.70 0.28 1.00 0.00
1.10 0.70 0.45 1.00 0.00
1.10 0.70 0.63 1.00 0.00
1.10 0.70 0.80 1.00 0.00
1.10 0.70 0.98 1.00 0.00
1.10 0.70 1.15 1.00 0.00
1.10 0.70 1.33 1.00 0.00
1.10 0.70 1.50 1.00 0.00
1.10 0.70 1.67 1.00 0.00
1.10 0.70 1.85 1.00 0.00
1.10 0.70 2.02 1.00 0.00
1.10 0.70 2.20 1.00 0.00
1.10 0.70 2.37 1.00 0.00
1.10 0.70 2.55 1.00 0.00
1.10 0.70 2.72 1.00 0.00
0.30 0.87 -0.52 1.00 0.00
0.30 0.87 -0.34 1.00 0.00
0.30 0.87 -0.17 1.00 0.00
0.30 0.87 0.01 1.00 0.00
0.30 0.87 0.18 1.00 0.00
0.30 0.87 0.35 1.00 0.00
0.30 0.87 0.53 1.00 0.00
0.30 0.87 0.70 1.00 0.00
0.30 0.87 0.88 1.00 0.00
0.30 0.87 1.05 1.00 0.00
0.30 0.87 1.23 1.00 0.00
0.30 0.87 1.40 1.00 0.00
0.30 0.87 1.58 1.00 0.00
0.30 0.87 1.75 1.00 0.00
0.30 0.87 1.93 1.00 0.00
0.30 0.87 2.10 1.00 0.00
0.30 0.87 2.27 1.00 0.00
0.30 0.87 2.45 1.00 0.00
0.50 0.87 -0.45 1.00 0.00
0.50 0.87 -0.28 1.00 0.00
0.50 0.87 -0.10 1.00 0.00
0.50 0.87 0.07 1.00 0.00
0.50 0.87 0.25 1.00 0.00
0.50 0.87 0.42 1.00 0.00
0.50 0.87 0.60 1.00 0.00
0.50 0.87 0.77 1.00 0.00
0.50 0.87 0.94 1.00 0.00
0.50 0.87 1.12 1.00 0.00
0.50 0.87 1.29 1.00 0.00
0.50 0.87 1.47 1.00 0.00
0.50 0.87 1.64 1.00 0.00
0.50 0.87 1.82 1.00 0.00
0.50 0.87 1.99 1.00 0.00
0.50 0.87 2.17 1.00 0.00
0.50 0.87 2.34 1.00 0.00
0.50 0.87 2.52 1.00 0.00
0.70 0.87 -0.39 1.00 0.00
0.70 0.87 -0.22 1.00 0.00
0.70 0.87 -0.04 1.00 0.00
0.70 0.87 0.13 1.00 0.00
0.70 0.87 0.31 1.00 0.00
0.70 0.87 0.48 1.00 0.00
0.70 0.87 0.66 1.00 0.00
0.70 0.87 0.83 1.00 0.00
0.70 0.87 1.01 1.00 0.00
0.70 0.87 1.18 1.00 0.00
0.70 0.87 1.36 1.00 0.00
0.70 0.87 1.53 1.00 0.00
0.70 0.87 1.70 1.00 0.00
0.70 0.87 1.88 1.00 0.00
0.70 0.87 2.05 1.00 0.00
0.70 0.87 2.23 1.00 0.00
0.70 0.87 2.40 1.00 0.00
0.70 0.87 2.58 1.00 0.00
0.90 0.87 -0.33 1.00 0.00
0.90 0.87 -0.16 1.00 0.00
0.90 0.87 0.02 1.00 0.00
0.90 0.87 0.19 1.00 0.00
0.90 0.87 0.37 1.00 0.00
0.90 0.87 0.54 1.00 0.00
0.90 0.87 0.72 1.00 0.00
0.90 0.87 0.89 1.00 0.00
0.90 0.87 1.07 1.00 0.00
0.90 0.87 1.24 1.00 0.00
0.90 0.87 1.41 1.00 0.00
0.90 0.87 1.59 1.00 0.00
0.90 0.87 1.76 1.00 0.00
0.90 0.87 1.94 1.00 0.00
0.90 0.87 2.11 1.00 0.00
0.90 0.87 2.29 1.00 0.00
0.90 0.87 2.46 1.00 0.00
0.90 0.87 2.64 1.00 0.00
1.10 0.87 -0.28 1.00 0.00
1.10 0.87 -0.10 1.00 0.00
1.10 0.87 0.07 1.00 0.00
1.10 0.87 0.25 1.00 0.00
1.10 0.87 0.42 1.00 0.00
1.10 0.87 0.60 1.00 0.00
1.10 0.87 0.77 1.00 0.00
1.10 0.87 0.95 1.00 0.00
1.10 0.87 1.12 1.00 0.00
1.10 0.87 1.29 1.00 0.00
1.10 0.87 1.47 1.00 0.00
1.10 0.87 1.64 1.00 0.00
1.10 0.87 1.82 1.00 0.00
1.10 0.87 1.99 1.00 0.00
1.10 0.87 2.17 1.00 0.00
1.10 0.87 2.34 1.00 0.00
1.10 0.87 2.52 1.00 0.00
1.10 0.87 2.69 1.00 0.00
0.30 1.05 5.76 1.00 0.00
0.30 1.05 5.93 1.00 0.00
0.30 1.05 6.11 1.00 0.00
0.30 1.05 6.28 1.00 0.00
0.30 1.05 6.46 1.00 0.00
0.30 1.05 6.63 1.00 0.00
0.30 1.05 6.80 1.00 0.00
0.30 1.05 6.98 1.00 0.00
0.30 1.05 7.15 1.00 0.00
0.30 1.05 7.33 1.00 0.00
0.30 1.05 7.50 1.00 0.00
0.30 1.05 7.68 1.00 0.00
0.30 1.05 7.85 1.00 0.00
0.30 1.05 8.03 1.00 0.00
0.30 1.05 8.20 1.00 0.00
0.30 1.05 8.38 1.00 0.00
0.30 1.05 8.55 1.00 0.00
0.30 1.05 8.72 1.00 0.00
0.50 1.05 -0.47 1.00 0.00
0.50 1.05 -0.29 1.00 0.00
0.50 1.05 -0.12 1.00 0.00
0.50 1.05 0.06 1.00 0.00
0.50 1.05 0.23 1.00 0.00
0.50 1.05 0.41 1.00 0.00
0.50 1.05 0.58 1.00 0.00
0.50 1.05 0.76 1.00 0.00
0.50 1.05 0.93 1.00 0.00
0.50 1.05 1.10 1.00 0.00
0.50 1.05 1.28 1.00 0.00
0.50 1.05 1.45 1.00 0.00
0.50 1.05 1.63 1.00 0.00
0.50 1.05 1.80 1.00 0.00
0.50 1.05 1.98 1.00 0.00
0.50 1.05 2.15 1.00 0.00
0.50 1.05 2.33 1.00 0.00
0.50 1.05 2.50 1.00 0.00
0.70 1.05 -0.41 1.00 0.00
0.70 1.05 -0.24 1.00 0.00
0.70 1.05 -0.06 1.00 0.00
0.70 1.05 0.11 1.00 0.00
0.70 1.05 0.29 1.00 0.00
0.70 1.05 0.46 1.00 0.00
0.70 1.05 0.64 1.00 0.00
0.70 1.05 0.81 1.00 0.00
0.70 1.05 0.98 1.00 0.00
0.70 1.05 1.16 1.00 0.00
0.70 1.05 1.33 1.00 0.00
0.70 1.05 1.51 1.00 0.00
0.70 1.05 1.68 1.00 0.00
0.70 1.05 1.86 1.00 0.00
0.70 1.05 2.03 1.00 0.00
0.70 1.05 2.21 1.00 0.00
0.70 1.05 2.38 1.00 0.00
0.70 1.05 2.56 1.00 0.00
0.90 1.05 -0.36 1.00 0.00
0.90 1.05 -0.19 1.00 0.00
0.90 1.05 -0.01 1.00 0.00
0.90 1.05 0.16 1.00 0.00
0.90 1.05 0.34 1.00 0.00
0.90 1.05 0.51 1.00 0.00
0.90 1.05 0.69 1.00 0.00
0.90 1.05 0.86 1.00 0.00
0.90 1.05 1.04 1.00 0.00
0.90 1.05 1.21 1.00 0.00
0.90 1.05 1.38 1.00 0.00
0.90 1.05 1.56 1.00 0.00
0.90 1.05 1.73 1.00 0.00
0.90 1.05 1.91 1.00 0.00
0.90 1.05 2.08 1.00 0.00
0.90 1.05 2.26 1.00 0.00
0.90 1.05 2.43 1.00 0.00
0.90 1.05 2.61 1.00 0.00
1.10 1.05 -0.31 1.00 0.00
1.10 1.05 -0.14 1.00 0.00
1.10 1.05 0.04 1.00 0.00
1.10 1.05 0.21 1.00 0.00
1.10 1.05 0.38 1.00 0.00
1.10 1.05 0.56 1.00 0.00
1.10 1.05 0.73 1.00 0.00
1.10 1.05 0.91 1.00 0.00
1.10 1.05 1.08 1.00 0.00
1.10 1.05 1.26 1.00 0.00
1.10 1.05 1.43 1.00 0.00
1.10 1.05 1.61 1.00 0.00
1.10 1.05 1.78 1.00 0.00
1.10 1.05 1.96 1.00 0.00
1.10 1.05 2.13 1.00 0.00
1.10 1.05 2.30 1.00 0.00
1.10 1.05 2.48 1.00 0.00
1.10 1.05 2.65 1.00 0.00
0.30 1.22 5.75 1.00 0.00
0.30 1.22 5.92 1.00 0.00
0.30 1.22 6.10 1.00 0.00
0.30 1.22 6.27 1.00 0.00
0.30 1.22 6.45 1.00 0.00
0.30 1.22 6.62 1.00 0.00
0.30 1.22 6.79 1.00 0.00
0.30 1.22 6.97 1.00 0.00
0.30 1.22 7.14 1.00 0.00
0.30 1.22 7.32 1.00 0.00
0.30 1.22 7.49 1.00 0.00
0.30 1.22 7.67 1.00 0.00
0.30 1.22 7.84 1.00 0.00
0.30 1.22 8.02 1.00 0.00
0.30 1.22 8.19 1.00 0.00
0.30 1.22 8.37 1.00 0.00
0.30 1.22 8.54 1.00 0.00
0.30 1.22 8.71 1.00 0.00
0.50 1.22 -0.48 1.00 0.00
0.50 1.22 -0.31 1.00 0.00
0.50 1.22 -0.14 1.00 0.00
0.50 1.22 0.04 1.00 0.00
0.50 1.22 0.21 1.00 0.00
0.50 1.22 0.39 1.00 0.00
0.50 1.22 0.56 1.00 0.00
0.50 1.22 0.74 1.00 0.00
0.50 1.22 0.91 1.00 0.00
0.50 1.22 1.09 1.00 0.00
0.50 1.22 1.26 1.00 0.00
0.50 1.22 1.44 1.00 0.00
0.50 1.22 1.61 1.00 0.00
0.50 1.22 1.78 1.00 0.00
0.50 1.22 1.96 1.00 0.00
0.50 1.22 2.13 1.00 0.00
0.50 1.22 2.31 1.00 0.00
0.50 1.22 2.48 1.00 0.00
0.70 1.22 -0.44 1.00 0.00
0.70 1.22 -0.26 1.00 0.00
0.70 1.22 -0.09 1.00 0.00
0.70 1.22 0.09 1.00 0.00
0.70 1.22 0.26 1.00 0.00
0.70 1.22 0.44 1.00 0.00
0.70 1.22 0.61 1.00 0.00
0.70 1.22 0.78 1.00 0.00
0.70 1.22 0.96 1.00 0.00
0.70 1.22 1.13 1.00 0.00
0.70 1.22 1.31 1.00 0.00
0.70 1.22 1.48 1.00 0.00
0.70 1.22 1.66 1.00 0.00
0.70 1.22 1.83 1.00 0.00
0.70 1.22 2.01 1.00 0.00
0.70 1.22 2.18 1.00 0.00
0.70 1.22 2.36 1.00 0.00
0.70 1.22 2.53 1.00 0.00
0.90 1.22 -0.39 1.00 0.00
0.90 1.22 -0.22 1.00 0.00
0.90 1.22 -0.04 1.00 0.00
0.90 1.22 0.13 1.00 0.00
0.90 1.22 0.30 1.00 0.00
0.90 1.22 0.48 1.00 0.00
0.90 1.22 0.65 1.00 0.00
0.90 1.22 0.83 1.00 0.00
0.90 1.22 1.00 1.00 0.00
0.90 1.22 1.18 1.00 0.00
0.90 1.22 1.35 1.00 0.00
0.90 1.22 1.53 1.00 0.00
0.90 1.22 1.70 1.00 0.00
0.90 1.22 1.88 1.00 0.00
0.90 1.22 2.05 1.00 0.00
0.90 1.22 2.22 1.00 0.00
0.90 1.22 2.40 1.00 0.00
0.90 1.22 2.57 1.00 0.00
1.10 1.22 -0.35 1.00 0.00
1.10 1.22 -0.18 1.00 0.00
1.10 1.22 -0.01 1.00 0.00
1.10 1.22 0.17 1.00 0.00
1.10 1.22 0.34 1.00 0.00
1.10 1.22 0.52 1.00 0.00
1.10 1.22 0.69 1.00 0.00
1.10 1.22 0.87 1.00 0.00
1.10 1.22 1.04 1.00 0.00
1.10 1.22 1.22 1.00 0.00
1.10 1.22 1.39 1.00 0.00
1.10 1.22 1.57 1.00 0.00
1.10 1.22 1.74 1.00 0.00
1.10 1.22 1.91 1.00 0.00
1.10 1.22 2.09 1.00 0.00
1.10 1.22 2.26 1.00 0.00
1.10 1.22 2.44 1.00 0.00
1.10 1.22 2.61 1.00 0.00
0.30 1.40 5.73 1.00 0.00
0.30 1.40 5.91 1.00 0.00
0.30 1.40 6.08 1.00 0.00
0.30 1.40 6.26 1.00 0.00
0.30 1.40 6.43 1.00 0.00
0.30 1.40 6.61 1.00 0.00
0.30 1.40 6.78 1.00 0.00
0.30 1.40 6.96 1.00 0.00
0.30 1.40 7.13 1.00 0.00
0.30 1.40 7.31 1.00 0.00
0.30 1.40 7.48 1.00 0.00
0.30 1.40 7.65 1.00 0.00
0.30 1.40 7.83 1.00 0.00
0.30 1.40 8.00 1.00 0.00
0.30 1.40 8.18 1.00 0.00
0.30 1.40 8.35 1.00 0.00
0.30 1.40 8.53 1.00 0.00
0.30 1.40 8.70 1.00 0.00
0.50 1.40 -0.51 1.00 0.00
0.50 1.40 -0.33 1.00 0.00
0.50 1.40 -0.16 1.00 0.00
0.50 1.40 0.02 1.00 0.00
0.50 1.40 0.19 1.00 0.00
0.50 1.40 0.37 1.00 0.00
0.50 1.40 0.54 1.00 0.00
0.50 1.40 0.72 1.00 0.00
0.50 1.40 0.89 1.00 0.00
0.50 1.40 1.07 1.00 0.00
0.50 1.40 1.24 1.00 0.00
0.50 1.40 1.41 1.00 0.00
0.50 1.40 1.59 1.00 0.00
0.50 1.40 1.76 1.00 0.00
0.50 1.40 1.94 1.00 0.00
0.50 1.40 2.11 1.00 0.00
0.50 1.40 2.29 1.00 0.00
0.50 1.40 2.46 1.00 0.00
0.70 1.40 -0.47 1.00 0.00
0.70 1.40 -0.29 1.00 0.00
0.70 1.40 -0.12 1.00 0.00
0.70 1.40 0.06 1.00 0.00
0.70 1.40 0.23 1.00 0.00
0.70 1.40 0.41 1.00 0.00
0.70 1.40 0.58 1.00 0.00
0.70 1.40 0.76 1.00 0.00
0.70 1.40 0.93 1.00 0.00
0.70 1.40 1.10 1.00 0.00
0.70 1.40 1.28 1.00 0.00
0.70 1.40 1.45 1.00 0.00
0.70 1.40 1.63 1.00 0.00
0.70 1.40 1.80 1.00 0.00
0.70 1.40 1.98 1.00 0.00
0.70 1.40 2.15 1.00 0.00
0.70 1.40 2.33 1.00 0.00
0.70 1.40 2.50 1.00 0.00
0.90 1.40 -0.43 1.00 0.00
0.90 1.40 -0.26 1.00 0.00
0.90 1.40 -0.08 1.00 0.00
0.90 1.40 0.09 1.00 0.00
0.90 1.40 0.27 1.00 0.00
0.90 1.40 0.44 1.00 0.00
0.90 1.40 0.62 1.00 0.00
0.90 1.40 0.79 1.00 0.00
0.90 1.40 0.97 1.00 0.00
0.90 1.40 1.14 1.00 0.00
0.90 1.40 1.31 1.00 0.00
0.90 1.40 1.49 1.00 0.00
0.90 1.40 1.66 1.00 0.00
0.90 1.40 1.84 1.00 0.00
0.90 1.40 2.01 1.00 0.00
0.90 1.40 2.19 1.00 0.00
0.90 1.40 2.36 1.00 0.00
0.90 1.40 2.54 1.00 0.00
1.10 1.40 -0.40 1.00 0.00
1.10 1.40 -0.22 1.00 0.00
1.10 1.40 -0.05 1.00 0.00
1.10 1.40 0.13 1.00 0.00
1.10 1.40 0.30 1.00 0.00
1.10 1.40 0.47 1.00 0.00
1.10 1.40 0.65 1.00 0.00
1.10 1.40 0.82 1.00 0.00
1.10 1.40 1.00 1.00 0.00
1.10 1.40 1.17 1.00 0.00
1.10 1.40 1.35 1.00 0.00
1.10 1.40 1.52 1.00 0.00
1.10 1.40 1.70 1.00 0.00
1.10 1.40 1.87 1.00 0.00
1.10 1.40 2.04 1.00 0.00
1.10 1.40 2.22 1.00 0.00
1.10 1.40 2.39 1.00 0.00
1.10 1.40 2.57 1.00 0.00
0.30 1.57 5.72 1.00 0.00
0.30 1.57 5.89 1.00 0.00
0.30 1.57 6.07 1.00 0.00
0.30 1.57 6.24 1.00 0.00
0.30 1.57 6.42 1.00 0.00
0.30 1.57 6.59 1.00 0.00
0.30 1.57 6.77 1.00 0.00
0.30 1.57 6.94 1.00 0.00
0.30 1.57 7.12 1.00 0.00
0.30 1.57 7.29 1.00 0.00
0.30 1.57 7.47 1.00 0.00
0.30 1.57 7.64 1.00 0.00
0.30 1.57 7.81 1.00 0.00
0.30 1.57 7.99 1.00 0.00
0.30 1.57 8.16 1.00 0.00
0.30 1.57 8.34 1.00 0.00
0.30 1.57 8.51 1.00 0.00
0.30 1.57 8.69 1.00 0.00
0.50 1.57 5.75 1.00 0.00
0.50 1.57 5.93 1.00 0.00
0.50 1.57 6.10 1.00 0.00
0.50 1.57 6.28 1.00 0.00
0.50 1.57 6.45 1.00 0.00
0.50 1.57 6.63 1.00 0.00
0.50 1.57 6.80 1.00 0.00
0.50 1.57 6.98 1.00 0.00
0.50 1.57 7.15 1.00 0.00
0.50 1.57 7.33 1.00 0.00
0.50 1.57 7.50 1.00 0.00
0.50 1.57 7.67 1.00 0.00
0.50 1.57 7.85 1.00 0.00
0.50 1.57 8.02 1.00 0.00
0.50 1.57 8.20 1.00 0.00
0.50 1.57 8.37 1.00 0.00
0.50 1.57 8.55 1.00 0.00
0.50 1.57 8.72 1.00 0.00
0.70 1.57 -0.50 1.00 0.00
0.70 1.57 -0.32 1.00 0.00
0.70 1.57 -0.15 1.00 0.00
0.70 1.57 0.03 1.00 0.00
0.70 1.57 0.20 1.00 0.00
0.70 1.57 0.37 1.00 0.00
0.70 1.57 0.55 1.00 0.00
0.70 1.57 0.72 1.00 0.00
0.70 1.57 0.90 1.00 0.00
0.70 1.57 1.07 1.00 0.00
0.70 1.57 1.25 1.00 0.00
0.70 1.57 1.42 1.00 0.00
0.70 1.57 1.60 1.00 0.00
0.70 1.57 1.77 1.00 0.00
0.70 1.57 1.95 1.00 0.00
0.70 1.57 2.12 1.00 0.00
0.70 1.57 2.29 1.00 0.00
0.70 1.57 2.47 1.00 0.00
0.90 1.57 -0.47 1.00 0.00
0.90 1.57 -0.30 1.00 0.00
0.90 1.57 -0.12 1.00 0.00
0.90 1.57 0.05 1.00 0.00
0.90 1.57 0.23 1.00 0.00
0.90 1.57 0.40 1.00 0.00
0.90 1.57 0.58 1.00 0.00
0.90 1.57 0.75 1.00 0.00
0.90 1.57 0.93 1.00 0.00
0.90 1.57 1.10 1.00 0.00
0.90 1.57 1.28 1.00 0.00
0.90 1.57 1.45 1.00 0.00
0.90 1.57 1.62 1.00 0.00
0.90 1.57 1.80 1.00 0.00
0.90 1.57 1.97 1.00 0.00
0.90 1.57 2.15 1.00 0.00
0.90 1.57 2.32 1.00 0.00
0.90 1.57 2.50 1.00 0.00
1.10 1.57 -0.45 1.00 0.00
1.10 1.57 -0.27 1.00 0.00
1.10 1.57 -0.10 1.00 0.00
1.10 1.57 0.08 1.00 0.00
1.10 1.57 0.25 1.00 0.00
1.10 1.57 0.43 1.00 0.00
1.10 1.57 0.60 1.00 0.00
1.10 1.57 0.78 1.00 0.00
1.10 1.57 0.95 1.00 0.00
1.10 1.57 1.13 1.00 0.00
1.10 1.57 1.30 1.00 0.00
1.10 1.57 1.47 1.00 0.00
1.10 1.57 1.65 1.00 0.00
1.10 1.57 1.82 1.00 0.00
1.10 1.57 2.00 1.00 0.00
1.10 1.57 2.17 1.00 0.00
1.10 1.57 2.35 1.00 0.00
1.10 1.57 2.52 1.00 0.00
0.30 1.75 5.70 1.00 0.00
0.30 1.75 5.88 1.00 0.00
0.30 1.75 6.05 1.00 0.00
0.30 1.75 6.23 1.00 0.00
0.30 1.75 6.40 1.00 0.00
0.30 1.75 6.58 1.00 0.00
0.30 1.75 6.75 1.00 0.00
0.30 1.75 6.93 1.00 0.00
0.30 1.75 7.10 1.00 0.00
0.30 1.75 7.28 1.00 0.00
0.30 1.75 7.45 1.00 0.00
0.30 1.75 7.62 1.00 0.00
0.30 1.75 7.80 1.00 0.00
0.30 1.75 7.97 1.00 0.00
0.30 1.75 8.15 1.00 0.00
0.30 1.75 8.32 1.00 0.00
0.30 1.75 8.50 1.00 0.00
0.30 1.75 8.67 1.00 0.00
0.50 1.75 5.73 1.00 0.00
0.50 1.75 5.90 1.00 0.00
0.50 1.75 6.08 1.00 0.00
0.50 1.75 6.25 1.00 0.00
0.50 1.75 6.43 1.00 0.00
0.50 1.75 6.60 1.00 0.00
0.50 1.75 6.78 1.00 0.00
0.50 1.75 6.95 1.00 0.00
0.50 1.75 7.13 1.00 0.00
0.50 1.75 7.30 1.00 0.00
0.50 1.75 7.47 1.00 0.00
0.50 1.75 7.65 1.00 0.00
0.50 1.75 7.82 1.00 0.00
0.50 1.75 8.00 1.00 0.00
0.50 1.75 8.17 1.00 0.00
0.50 1.75 8.35 1.00 0.00
0.50 1.75 8.52 1.00 0.00
0.50 1.75 8.70 1.00 0.00
0.70 1.75 5.75 1.00 0.00
0.70 1.75 5.93 1.00 0.00
0.70 1.75 6.10 1.00 0.00
0.70 1.75 6.28 1.00 0.00
0.70 1.75 6.45 1.00 0.00
0.70 1.75 6.62 1.00 0.00
0.70 1.75 6.80 1.00 0.00
0.70 1.75 6.97 1.00 0.00
0.70 1.75 7.15 1.00 0.00
0.70 1.75 7.32 1.00 0.00
0.70 1.75 7.50 1.00 0.00
0.70 1.75 7.67 1.00 0.00
0.70 1.75 7.85 1.00 0.00
0.70 1.75 8.02 1.00 0.00
0.70 1.75 8.20 1.00 0.00
0.70 1.75 8.37 1.00 0.00
0.70 1.75 8.54 1.00 0.00
0.70 1.75 8.72 1.00 0.00
0.90 1.75 -0.51 1.00 0.00
0.90 1.75 -0.34 1.00 0.00
0.90 1.75 -0.16 1.00 0.00
0.90 1.75 0.01 1.00 0.00
0.90 1.75 0.19 1.00 0.00
0.90 1.75 0.36 1.00 0.00
0.90 1.75 0.54 1.00 0.00
0.90 1.75 0.71 1.00 0.00
0.90 1.75 0.88 1.00 0.00
0.90 1.75 1.06 1.00 0.00
0.90 1.75 1.23 1.00 0.00
0.90 1.75 1.41 1.00 0.00
0.90 1.75 1.58 1.00 0.00
0.90 1.75 1.76 1.00 0.00
0.90 1.75 1.93 1.00 0.00
0.90 1.75 2.11 1.00 0.00
0.90 1.75 2.28 1.00 0.00
0.90 1.75 2.46 1.00 0.00
1.10 1.75 -0.49 1.00 0.00
1.10 1.75 -0.32 1.00 0.00
1.10 1.75 -0.14 1.00 0.00
1.10 1.75 0.03 1.00 0.00
1.10 1.75 0.20 1.00 0.00
1.10 1.75 0.38 1.00 0.00
1.10 1.75 0.55 1.00 0.00
1.10 1.75 0.73 1.00 0.00
1.10 1.75 0.90 1.00 0.00
1.10 1.75 1.08 1.00 0.00
1.10 1.75 1.25 1.00 0.00
1.10 1.75 1.43 1.00 0.00
1.10 1.75 1.60 1.00 0.00
1.10 1.75 1.78 1.00 0.00
1.10 1.75 1.95 1.00 0.00
1.10 1.75 2.12 1.00 0.00
1.10 1.75 2.30 1.00 0.00
1.10 1.75 2.47 1.00 0.00
0.30 1.92 5.69 1.00 0.00
0.30 1.92 5.86 1.00 0.00
0.30 1.92 6.04 1.00 0.00
0.30 1.92 6.21 1.00 0.00
0.30 1.92 6.39 1.00 0.00
0.30 1.92 6.56 1.00 0.00
0.30 1.92 6.73 1.00 0.00
0.30 1.92 6.91 1.00 0.00
0.30 1.92 7.08 1.00 0.00
0.30 1.92 7.26 1.00 0.00
0.30 1.92 7.43 1.00 0.00
0.30 1.92 7.61 1.00 0.00
0.30 1.92 7.78 1.00 0.00
0.30 1.92 7.96 1.00 0.00
0.30 1.92 8.13 1.00 0.00
0.30 1.92 8.31 1.00 0.00
0.30 1.92 8.48 1.00 0.00
0.30 1.92 8.65 1.00 0.00
0.50 1.92 5.70 1.00 0.00
0.50 1.92 5.88 1.00 0.00
0.50 1.92 6.05 1.00 0.00
0.50 1.92 6.23 1.00 0.00
0.50 1.92 6.40 1.00 0.00
0.50 1.92 6.58 1.00 0.00
0.50 1.92 6.75 1.00 0.00
0.50 1.92 6.92 1.00 0.00
0.50 1.92 7.10 1.00 0.00
0.50 1.92 7.27 1.00 0.00
0.50 1.92 7.45 1.00 0.00
0.50 1.92 7.62 1.00 0.00
0.50 1.92 7.80 1.00 0.00
0.50 1.92 7.97 1.00 0.00
0.50 1.92 8.15 1.00 0.00
0.50 1.92 8.32 1.00 0.00
0.50 1.92 8.50 1.00 0.00
0.50 1.92 8.67 1.00 0.00
0.70 1.92 5.72 1.00 0.00
0.70 1.92 5.89 1.00 0.00
0.70 1.92 6.07 1.00 0.00
0.70 1.92 6.24 1.00 0.00
0.70 1.92 6.41 1.00 0.00
0.70 1.92 6.59 1.00 0.00
0.70 1.92 6.76 1.00 0.00
0.70 1.92 6.94 1.00 0.00
0.70 1.92 7.11 1.00 0.00
0.70 1.92 7.29 1.00 0.00
0.70 1.92 7.46 1.00 0.00
0.70 1.92 7.64 1.00 0.00
0.70 1.92 7.81 1.00 0.00
0.70 1.92 7.99 1.00 0.00
0.70 1.92 8.16 1.00 0.00
0.70 1.92 8.33 1.00 0.00
0.70 1.92 8.51 1.00 0.00
0.70 1.92 8.68 1.00 0.00
0.90 1.92 5.73 1.00 0.00
0.90 1.92 5.90 1.00 0.00
0.90 1.92 6.08 1.00 0.00
0.90 1.92 6.25 1.00 0.00
0.90 1.92 6.43 1.00 0.00
0.90 1.92 6.60 1.00 0.00
0.90 1.92 6.78 1.00 0.00
0.90 1.92 6.95 1.00 0.00
0.90 1.92 7.13 1.00 0.00
0.90 1.92 7.30 1.00 0.00
0.90 1.92 7.47 1.00 0.00
0.90 1.92 7.65 1.00 0.00
0.90 1.92 7.82 1.00 0.00
0.90 1.92 8.00 1.00 0.00
0.90 1.92 8.17 1.00 0.00
0.90 1.92 8.35 1.00 0.00
0.90 1.92 8.52 1.00 0.00
0.90 1.92 8.70 1.00 0.00
1.10 1.92 5.74 1.00 0.00
1.10 1.92 5.91 1.00 0.00
1.10 1.92 6.09 1.00 0.00
1.10 1.92 6.26 1.00 0.00
1.10 1.92 6.44 1.00 0.00
1.10 1.92 6.61 1.00 0.00
1.10 1.92 6.79 1.00 0.00
1.10 1.92 6.96 1.00 0.00
1.10 1.92 7.14 1.00 0.00
1.10 1.92 7.31 1.00 0.00
1.10 1.92 7.48 1.00 0.00
1.10 1.92 7.66 1.00 0.00
1.10 1.92 7.83 1.00 0.00
1.10 1.92 8.01 1.00 0.00
1.10 1.92 8.18 1.00 0.00
1.10 1.92 8.36 1.00 0.00
1.10 1.92 8.53 1.00 0.00
1.10 1.92 8.71 1.00 0.00
0.30 2.09 5.67 1.00 0.00
0.30 2.09 5.84 1.00 0.00
0.30 2.09 6.02 1.00 0.00
0.30 2.09 6.19 1.00 0.00
0.30 2.09 6.37 1.00 0.00
0.30 2.09 6.54 1.00 0.00
0.30 2.09 6.72 1.00 0.00
0.30 2.09 6.89 1.00 0.00
0.30 2.09 7.07 1.00 0.00
0.30 2.09 7.24 1.00 0.00
0.30 2.09 7.42 1.00 0.00
0.30 2.09 7.59 1.00 0.00
0.30 2.09 7.76 1.00 0.00
0.30 2.09 7.94 1.00 0.00
0.30 2.09 8.11 1.00 0.00
0.30 2.09 8.29 1.00 0.00
0.30 2.09 8.46 1.00 0.00
0.30 2.09 8.64 1.00 0.00
0.50 2.09 5.68 1.00 0.00
0.50 2.09 5.85 1.00 0.00
0.50 2.09 6.02 1.00 0.00
0.50 2.09 6.20 1.00 0.00
0.50 2.09 6.37 1.00 0.00
0.50 2.09 6.55 1.00 0.00
0.50 2.09 6.72 1.00 0.00
0.50 2.09 6.90 1.00 0.00
0.50 2.09 7.07 1.00 0.00
0.50 2.09 7.25 1.00 0.00
0.50 2.09 7.42 1.00 0.00
0.50 2.09 7.60 1.00 0.00
0.50 2.09 7.77 1.00 0.00
0.50 2.09 7.94 1.00 0.00
0.50 2.09 8.12 1.00 0.00
0.50 2.09 8.29 1.00 0.00
0.50 2.09 8.47 1.00 0.00
0.50 2.09 8.64 1.00 0.00
0.70 2.09 5.68 1.00 0.00
0.70 2.09 5.86 1.00 0.00
0.70 2.09 6.03 1.00 0.00
0.70 2.09 6.20 1.00 0.00
0.70 2.09 6.38 1.00 0.00
0.70 2.09 6.55 1.00 0.00
0.70 2.09 6.73 1.00 0.00
0.70 2.09 6.90 1.00 0.00
0.70 2.09 7.08 1.00 0.00
0.70 2.09 7.25 1.00 0.00
0.70 2.09 7.43 1.00 0.00
0.70 2.09 7.60 1.00 0.00
0.70 2.09 7.78 1.00 0.00
0.70 2.09 7.95 1.00 0.00
0.70 2.09 8.12 1.00 0.00
0.70 2.09 8.30 1.00 0.00
0.70 2.09 8.47 1.00 0.00
0.70 2.09 8.65 1.00 0.00
0.90 2.09 5.69 1.00 0.00
0.90 2.09 5.86 1.00 0.00
0.90 2.09 6.03 1.00 0.00
0.90 2.09 6.21 1.00 0.00
0.90 2.09 6.38 1.00 0.00
0.90 2.09 6.56 1.00 0.00
0.90 2.09 6.73 1.00 0.00
0.90 2.09 6.91 1.00 0.00
0.90 2.09 7.08 1.00 0.00
0.90 2.09 7.26 1.00 0.00
0.90 2.09 7.43 1.00 0.00
0.90 2.09 7.61 1.00 0.00
0.90 2.09 7.78 1.00 0.00
0.90 2.09 7.95 1.00 0.00
0.90 2.09 8.13 1.00 0.00
0.90 2.09 8.30 1.00 0.00
0.90 2.09 8.48 1.00 0.00
0.90 2.09 8.65 1.00 0.00
1.10 2.09 5.69 1.00 0.00
1.10 2.09 5.86 1.00 0.00
1.10 2.09 6.04 1.00 0.00
1.10 2.09 6.21 1.00 0.00
1.10 2.09 6.39 1.00 0.00
1.10 2.09 6.56 1.00 0.00
1.10 2.09 6.74 1.00 0.00
1.10 2.09 6.91 1.00 0.00
1.10 2.09 7.09 1.00 0.00
1.10 2.09 7.26 1.00 0.00
1.10 2.09 7.43 1.00 0.00
1.10 2.09 7.61 1.00 0.00
1.10 2.09 7.78 1.00 0.00
1.10 2.09 7.96 1.00 0.00
1.10 2.09 8.13 1.00 0.00
1.10 2.09 8.31 1.00 0.00
1.10 2.09 8.48 1.00 0.00
1.10 2.09 8.66 1.00 0.00
0.30 2.27 5.65 1.00 0.00
0.30 2.27 5.83 1.00 0.00
0.30 2.27 6.00 1.00 0.00
0.30 2.27 6.18 1.00 0.00
0.30 2.27 6.35 1.00 0.00
0.30 2.27 6.53 1.00 0.00
0.30 2.27 6.70 1.00 0.00
0.30 2.27 6.87 1.00 0.00
0.30 2.27 7.05 1.00 0.00
0.30 2.27 7.22 1.00 0.00
0.30 2.27 7.40 1.00 0.00
0.30 2.27 7.57 1.00 0.00
0.30 2.27 7.75 1.00 0.00
0.30 2.27 7.92 1.00 0.00
0.30 2.27 8.10 1.00 0.00
0.30 2.27 8.27 1.00 0.00
0.30 2.27 8.45 1.00 0.00
0.30 2.27 8.62 1.00 0.00
0.50 2.27 5.65 1.00 0.00
0.50 2.27 5.82 1.00 0.00
0.50 2.27 6.00 1.00 0.00
0.50 2.27 6.17 1.00 0.00
0.50 2.27 6.35 1.00 0.00
0.50 2.27 6.52 1.00 0.00
0.50 2.27 6.70 1.00 0.00
0.50 2.27 6.87 1.00 0.00
0.50 2.27 7.04 1.00 0.00
0.50 2.27 7.22 1.00 0.00
0.50 2.27 7.39 1.00 0.00
0.50 2.27 7.57 1.00 0.00
0.50 2.27 7.74 1.00 0.00
0.50 2.27 7.92 1.00 0.00
0.50 2.27 8.09 1.00 0.00
0.50 2.27 8.27 1.00 0.00
0.50 2.27 8.44 1.00 0.00
0.50 2.27 8.62 1.00 0.00
0.70 2.27 5.64 1.00 0.00
0.70 2.27 5.82 1.00 0.00
0.70 2.27 5.99 1.00 0.00
0.70 2.27 6.17 1.00 0.00
0.70 2.27 6.34 1.00 0.00
0.70 2.27 6.52 1.00 0.00
0.70 2.27 6.69 1.00 0.00
0.70 2.27 6.87 1.00 0.00
0.70 2.27 7.04 1.00 0.00
0.70 2.27 7.22 1.00 0.00
0.70 2.27 7.39 1.00 0.00
0.70 2.27 7.56 1.00 0.00
0.70 2.27 7.74 1.00 0.00
0.70 2.27 7.91 1.00 0.00
0.70 2.27 8.09 1.00 0.00
0.70 2.27 8.26 1.00 0.00
0.70 2.27 8.44 1.00 0.00
0.70 2.27 8.61 1.00 0.00
0.90 2.27 5.64 1.00 0.00
0.90 2.27 5.82 1.00 0.00
0.90 2.27 5.99 1.00 0.00
0.90 2.27 6.17 1.00 0.00
0.90 2.27 6.34 1.00 0.00
0.90 2.27 6.51 1.00 0.00
0.90 2.27 6.69 1.00 0.00
0.90 2.27 6.86 1.00 0.00
0.90 2.27 7.04 1.00 0.00
0.90 2.27 7.21 1.00 0.00
0.90 2.27 7.39 1.00 0.00
0.90 2.27 7.56 1.00 0.00
0.90 2.27 7.74 1.00 0.00
0.90 2.27 7.91 1.00 0.00
0.90 2.27 8.08 1.00 0.00
0.90 2.27 8.26 1.00 0.00
0.90 2.27 8.43 1.00 0.00
0.90 2.27 8.61 1.00 0.00
1.10 2.27 5.64 1.00 0.00
1.10 2.27 5.81 1.00 0.00
1.10 2.27 5.99 1.00 0.00
1.10 2.27 6.16 1.00 0.00
1.10 2.27 6.34 1.00 0.00
1.10 2.27 6.51 1.00 0.00
1.10 2.27 6.69 1.00 0.00
1.10 2.27 6.86 1.00 0.00
1.10 2.27 7.03 1.00 0.00
1.10 2.27 7.21 1.00 0.00
1.10 2.27 7.38 1.00 0.00
1.10 2.27 7.56 1.00 0.00
1.10 2.27 7.73 1.00 0.00
1.10 2.27 7.91 1.00 0.00
1.10 2.27 8.08 1.00 0.00
1.10 2.27 8.26 1.00 0.00
1.10 2.27 8.43 1.00 0.00
1.10 2.27 8.61 1.00 0.00
0.30 2.44 5.64 1.00 0.00
0.30 2.44 5.81 1.00 0.00
0.30 2.44 5.98 1.00 0.00
0.30 2.44 6.16 1.00 0.00
0.30 2.44 6.33 1.00 0.00
0.30 2.44 6.51 1.00 0.00
0.30 2.44 6.68 1.00 0.00
0.30 2.44 6.86 1.00 0.00
0.30 2.44 7.03 1.00 0.00
0.30 2.44 7.21 1.00 0.00
0.30 2.44 7.38 1.00 0.00
0.30 2.44 7.56 1.00 0.00
0.30 2.44 7.73 1.00 0.00
0.30 2.44 7.90 1.00 0.00
0.30 2.44 8.08 1.00 0.00
0.30 2.44 8.25 1.00 0.00
0.30 2.44 8.43 1.00 0.00
0.30 2.44 8.60 1.00 0.00
0.50 2.44 5.62 1.00 0.00
0.50 2.44 5.80 1.00 0.00
0.50 2.44 5.97 1.00 0.00
0.50 2.44 6.14 1.00 0.00
0.50 2.44 6.32 1.00 0.00
0.50 2.44 6.49 1.00 0.00
0.50 2.44 6.67 1.00 0.00
0.50 2.44 6.84 1.00 0.00
0.50 2.44 7.02 1.00 0.00
0.50 2.44 7.19 1.00 0.00
0.50 2.44 7.37 1.00 0.00
0.50 2.44 7.54 1.00 0.00
0.50 2.44 7.72 1.00 0.00
0.50 2.44 7.89 1.00 0.00
0.50 2.44 8.06 1.00 0.00
0.50 2.44 8.24 1.00 0.00
0.50 2.44 8.41 1.00 0.00
0.50 2.44 8.59 1.00 0.00
0.70 2.44 5.61 1.00 0.00
0.70 2.44 5.78 1.00 0.00
0.70 2.44 5.96 1.00 0.00
0.70 2.44 6.13 1.00 0.00
0.70 2.44 6.31 1.00 0.00
0.70 2.44 6.48 1.00 0.00
0.70 2.44 6.66 1.00 0.00
0.70 2.44 6.83 1.00 0.00
0.70 2.44 7.01 1.00 0.00
0.70 2.44 7.18 1.00 0.00
0.70 2.44 7.35 1.00 0.00
0.70 2.44 7.53 1.00 0.00
0.70 2.44 7.70 1.00 0.00
0.70 2.44 7.88 1.00 0.00
0.70 2.44 8.05 1.00 0.00
0.70 2.44 8.23 1.00 0.00
0.70 2.44 8.40 1.00 0.00
0.70 2.44 8.58 1.00 0.00
0.90 2.44 5.60 1.00 0.00
0.90 2.44 5.77 1.00 0.00
0.90 2.44 5.95 1.00 0.00
0.90 2.44 6.12 1.00 0.00
0.90 2.44 6.30 1.00 0.00
0.90 2.44 6.47 1.00 0.00
0.90 2.44 6.64 1.00 0.00
0.90 2.44 6.82 1.00 0.00
0.90 2.44 6.99 1.00 0.00
0.90 2.44 7.17 1.00 0.00
0.90 2.44 7.34 1.00 0.00
0.90 2.44 7.52 1.00 0.00
0.90 2.44 7.69 1.00 0.00
0.90 2.44 7.87 1.00 0.00
0.90 2.44 8.04 1.00 0.00
0.90 2.44 8.22 1.00 0.00
0.90 2.44 8.39 1.00 0.00
0.90 2.44 8.56 1.00 0.00
1.10 2.44 5.59 1.00 0.00
1.10 2.44 5.76 1.00 0.00
1.10 2.44 5.94 1.00 0.00
1.10 2.44 6.11 1.00 0.00
1.10 2.44 6.29 1.00 0.00
1.10 2.44 6.46 1.00 0.00
1.10 2.44 6.64 1.00 0.00
1.10 2.44 6.81 1.00 0.00
1.10 2.44 6.98 1.00 0.00
1.10 2.44 7.16 1.00 0.00
1.10 2.44 7.33 1.00 0.00
1.10 2.44 7.51 1.00 0.00
1.10 2.44 7.68 1.00 0.00
1.10 2.44 7.86 1.00 0.00
1.10 2.44 8.03 1.00 0.00
1.10 2.44 8.21 1.00 0.00
1.10 2.44 8.38 1.00 0.00
1.10 2.44 8.55 1.00 0.00
0.30 2.62 5.62 1.00 0.00
0.30 2.62 5.79 1.00 0.00
0.30 2.62 5.97 1.00 0.00
0.30 2.62 6.14 1.00 0.00
0.30 2.62 6.32 1.00 0.00
0.30 2.62 6.49 1.00 0.00
0.30 2.62 6.67 1.00 0.00
0.30 2.62 6.84 1.00 0.00
0.30 2.62 7.01 1.00 0.00
0.30 2.62 7.19 1.00 0.00
0.30 2.62 7.36 1.00 0.00
0.30 2.62 7.54 1.00 0.00
0.30 2.62 7.71 1.00 0.00
0.30 2.62 7.89 1.00 0.00
0.30 2.62 8.06 1.00 0.00
0.30 2.62 8.24 1.00 0.00
0.30 2.62 8.41 1.00 0.00
0.30 2.62 8.59 1.00 0.00
0.50 2.62 5.59 1.00 0.00
0.50 2.62 5.77 1.00 0.00
0.50 2.62 5.94 1.00 0.00
0.50 2.62 6.12 1.00 0.00
0.50 2.62 6.29 1.00 0.00
0.50 2.62 6.47 1.00 0.00
0.50 2.62 6.64 1.00 0.00
0.50 2.62 6.82 1.00 0.00
0.50 2.62 6.99 1.00 0.00
0.50 2.62 7.17 1.00 0.00
0.50 2.62 7.34 1.00 0.00
0.50 2.62 7.51 1.00 0.00
0.50 2.62 7.69 1.00 0.00
0.50 2.62 7.86 1.00 0.00
0.50 2.62 8.04 1.00 0.00
0.50 2.62 8.21 1.00 0.00
0.50 2.62 8.39 1.00 0.00
0.50 2.62 8.56 1.00 0.00
0.70 2.62 5.57 1.00 0.00
0.70 2.62 5.75 1.00 0.00
0.70 2.62 5.92 1.00 0.00
0.70 2.62 6.10 1.00 0.00
0.70 2.62 6.27 1.00 0.00
0.70 2.62 6.45 1.00 0.00
0.70 2.62 6.62 1.00 0.00
0.70 2.62 6.80 1.00 0.00
0.70 2.62 6.97 1.00 0.00
0.70 2.62 7.14 1.00 0.00
0.70 2.62 7.32 1.00 0.00
0.70 2.62 7.49 1.00 0.00
0.70 2.62 7.67 1.00 0.00
0.70 2.62 7.84 1.00 0.00
0.70 2.62 8.02 1.00 0.00
0.70 2.62 8.19 1.00 0.00
0.70 2.62 8.37 1.00 0.00
0.70 2.62 8.54 1.00 0.00
0.90 2.62 5.55 1.00 0.00
0.90 2.62 5.73 1.00 0.00
0.90 2.62 5.90 1.00 0.00
0.90 2.62 6.08 1.00 0.00
0.90 2.62 6.25 1.00 0.00
0.90 2.62 6.43 1.00 0.00
0.90 2.62 6.60 1.00 0.00
0.90 2.62 6.78 1.00 0.00
0.90 2.62 6.95 1.00 0.00
0.90 2.62 7.13 1.00 0.00
0.90 2.62 7.30 1.00 0.00
0.90 2.62 7.47 1.00 0.00
0.90 2.62 7.65 1.00 0.00
0.90 2.62 7.82 1.00 0.00
0.90 2.62 8.00 1.00 0.00
0.90 2.62 8.17 1.00 0.00
0.90 2.62 8.35 1.00 0.00
0.90 2.62 8.52 1.00 0.00
1.10 2.62 5.54 1.00 0.00
1.10 2.62 5.71 1.00 0.00
1.10 2.62 5.89 1.00 0.00
1.10 2.62 6.06 1.00 0.00
1.10 2.62 6.24 1.00 0.00
1.10 2.62 6.41 1.00 0.00
1.10 2.62 6.59 1.00 0.00
1.10 2.62 6.76 1.00 0.00
1.10 2.62 6.93 1.00 0.00
1.10 2.62 7.11 1.00 0.00
1.10 2.62 7.28 1.00 0.00
1.10 2.62 7.46 1.00 0.00
1.10 2.62 7.63 1.00 0.00
1.10 2.62 7.81 1.00 0.00
1.10 2.62 7.98 1.00 0.00
1.10 2.62 8.16 1.00 0.00
1.10 2.62 8.33 1.00 0.00
1.10 2.62 8.51 1.00 0.00
0.30 2.79 5.60 1.00 0.00
0.30 2.79 5.78 1.00 0.00
0.30 2.79 5.95 1.00 0.00
0.30 2.79 6.13 1.00 0.00
0.30 2.79 6.30 1.00 0.00
0.30 2.79 6.48 1.00 0.00
0.30 2.79 6.65 1.00 0.00
0.30 2.79 6.82 1.00 0.00
0.30 2.79 7.00 1.00 0.00
0.30 2.79 7.17 1.00 0.00
0.30 2.79 7.35 1.00 0.00
0.30 2.79 7.52 1.00 0.00
0.30 2.79 7.70 1.00 0.00
0.30 2.79 7.87 1.00 0.00
0.30 2.79 8.05 1.00 0.00
0.30 2.79 8.22 1.00 0.00
0.30 2.79 8.40 1.00 0.00
0.30 2.79 8.57 1.00 0.00
0.50 2.79 5.57 1.00 0.00
0.50 2.79 5.74 1.00 0.00
0.50 2.79 5.92 1.00 0.00
0.50 2.79 6.09 1.00 0.00
0.50 2.79 6.27 1.00 0.00
0.50 2.79 6.44 1.00 0.00
0.50 2.79 6.62 1.00 0.00
0.50 2.79 6.79 1.00 0.00
0.50 2.79 6.97 1.00 0.00
0.50 2.79 7.14 1.00 0.00
0.50 2.79 7.31 1.00 0.00
0.50 2.79 7.49 1.00 0.00
0.50 2.79 7.66 1.00 0.00
0.50 2.79 7.84 1.00 0.00
0.50 2.79 8.01 1.00 0.00
0.50 2.79 8.19 1.00 0.00
0.50 2.79 8.36 1.00 0.00
0.50 2.79 8.54 1.00 0.00
0.70 2.79 5.54 1.00 0.00
0.70 2.79 5.71 1.00 0.00
0.70 2.79 5.89 1.00 0.00
0.70 2.79 6.06 1.00 0.00
0.70 2.79 6.24 1.00 0.00
0.70 2.79 6.41 1.00 0.00
0.70 2.79 6.59 1.00 0.00
0.70 2.79 6.76 1.00 0.00
0.70 2.79 6.94 1.00 0.00
0.70 2.79 7.11 1.00 0.00
0.70 2.79 7.29 1.00 0.00
0.70 2.79 7.46 1.00 0.00
0.70 2.79 7.63 1.00 0.00
0.70 2.79 7.81 1.00 0.00
0.70 2.79 7.98 1.00 0.00
0.70 2.79 8.16 1.00 0.00
0.70 2.79 8.33 1.00 0.00
0.70 2.79 8.51 1.00 0.00
0.90 2.79 5.51 1.00 0.00
0.90 2.79 5.69 1.00 0.00
0.90 2.79 5.86 1.00 0.00
0.90 2.79 6.04 1.00 0.00
0.90 2.79 6.21 1.00 0.00
0.90 2.79 6.39 1.00 0.00
0.90 2.79 6.56 1.00 0.00
0.90 2.79 6.73 1.00 0.00
0.90 2.79 6.91 1.00 0.00
0.90 2.79 7.08 1.00 0.00
0.90 2.79 7.26 1.00 0.00
0.90 2.79 7.43 1.00 0.00
0.90 2.79 7.61 1.00 0.00
0.90 2.79 7.78 1.00 0.00
0.90 2.79 7.96 1.00 0.00
0.90 2.79 8.13 1.00 0.00
0.90 2.79 8.31 1.00 0.00
0.90 2.79 8.48 1.00 0.00
1.10 2.79 5.49 1.00 0.00
1.10 2.79 5.66 1.00 0.00
1.10 2.79 5.84 1.00 0.00
1.10 2.79 6.01 1.00 0.00
1.10 2.79 6.19 1.00 0.00
1.10 2.79 6.36 1.00 0.00
1.10 2.79 6.54 1.00 0.00
1.10 2.79 6.71 1.00 0.00
1.10 2.79 6.89 1.00 0.00
1.10 2.79 7.06 1.00 0.00
1.10 2.79 7.23 1.00 0.00
1.10 2.79 7.41 1.00 0.00
1.10 2.79 7.58 1.00 0.00
1.10 2.79 7.76 1.00 0.00
1.10 2.79 7.93 1.00 0.00
1.10 2.79 8.11 1.00 0.00
1.10 2.79 8.28 1.00 0.00
1.10 2.79 8.46 1.00 0.00
0.30 2.97 5.59 1.00 0.00
0.30 2.97 5.76 1.00 0.00
0.30 2.97 5.94 1.00 0.00
0.30 2.97 6.11 1.00 0.00
0.30 2.97 6.29 1.00 0.00
0.30 2.97 6.46 1.00 0.00
0.30 2.97 6.64 1.00 0.00
0.30 2.97 6.81 1.00 0.00
0.30 2.97 6.98 1.00 0.00
0.30 2.97 7.16 1.00 0.00
0.30 2.97 7.33 1.00 0.00
0.30 2.97 7.51 1.00 0.00
0.30 2.97 7.68 1.00 0.00
0.30 2.97 7.86 1.00 0.00
0.30 2.97 8.03 1.00 0.00
0.30 2.97 8.21 1.00 0.00
0.30 2.97 8.38 1.00 0.00
0.30 2.97 8.56 1.00 0.00
0.50 2.97 5.55 1.00 0.00
0.50 2.97 5.72 1.00 0.00
0.50 2.97 5.89 1.00 0.00
0.50 2.97 6.07 1.00 0.00
0.50 2.97 6.24 1.00 0.00
0.50 2.97 6.42 1.00 0.00
0.50 2.97 6.59 1.00 0.00
0.50 2.97 6.77 1.00 0.00
0.50 2.97 6.94 1.00 0.00
0.50 2.97 7.12 1.00 0.00
0.50 2.97 7.29 1.00 0.00
0.50 2.97 7.47 1.00 0.00
0.50 2.97 7.64 1.00 0.00
0.50 2.97 7.81 1.00 0.00
0.50 2.97 7.99 1.00 0.00
0.50 2.97 8.16 1.00 0.00
0.50 2.97 8.34 1.00 0.00
0.50 2.97 8.51 1.00 0.00
0.70 2.97 5.51 1.00 0.00
0.70 2.97 5.68 1.00 0.00
0.70 2.97 5.86 1.00 0.00
0.70 2.97 6.03 1.00 0.00
0.70 2.97 6.21 1.00 0.00
0.70 2.97 6.38 1.00 0.00
0.70 2.97 6.56 1.00 0.00
0.70 2.97 6.73 1.00 0.00
0.70 2.97 6.90 1.00 0.00
0.70 2.97 7.08 1.00 0.00
0.70 2.97 7.25 1.00 0.00
0.70 2.97 7.43 1.00 0.00
0.70 2.97 7.60 1.00 0.00
0.70 2.97 7.78 1.00 0.00
0.70 2.97 7.95 1.00 0.00
0.70 2.97 8.13 1.00 0.00
0.70 2.97 8.30 1.00 0.00
0.70 2.97 8.47 1.00 0.00
0.90 2.97 5.47 1.00 0.00
0.90 2.97 5.65 1.00 0.00
0.90 2.97 5.82 1.00 0.00
0.90 2.97 6.00 1.00 0.00
0.90 2.97 6.17 1.00 0.00
0.90 2.97 6.35 1.00 0.00
0.90 2.97 6.52 1.00 0.00
0.90 2.97 6.70 1.00 0.00
0.90 2.97 6.87 1.00 0.00
0.90 2.97 7.04 1.00 0.00
0.90 2.97 7.22 1.00 0.00
0.90 2.97 7.39 1.00 0.00
0.90 2.97 7.57 1.00 0.00
0.90 2.97 7.74 1.00 0.00
0.90 2.97 7.92 1.00 0.00
0.90 2.97 8.09 1.00 0.00
0.90 2.97 8.27 1.00 0.00
0.90 2.97 8.44 1.00 0.00
1.10 2.97 5.44 1.00 0.00
1.10 2.97 5.62 1.00 0.00
1.10 2.97 5.79 1.00 0.00
1.10 2.97 5.97 1.00 0.00
1.10 2.97 6.14 1.00 0.00
1.10 2.97 6.31 1.00 0.00
1.10 2.97 6.49 1.00 0.00
1.10 2.97 6.66 1.00 0.00
1.10 2.97 6.84 1.00 0.00
1.10 2.97 7.01 1.00 0.00
1.10 2.97 7.19 1.00 0.00
1.10 2.97 7.36 1.00 0.00
1.10 2.97 7.54 1.00 0.00
1.10 2.97 7.71 1.00 0.00
1.10 2.97 7.89 1.00 0.00
1.10 2.97 8.06 1.00 0.00
1.10 2.97 8.23 1.00 0.00
1.10 2.97 8.41 1.00 0.00
0.30 3.14 5.58 1.00 0.00
0.30 3.14 5.75 1.00 0.00
0.30 3.14 5.92 1.00 0.00
0.30 3.14 6.10 1.00 0.00
0.30 3.14 6.27 1.00 0.00
0.30 3.14 6.45 1.00 0.00
0.30 3.14 6.62 1.00 0.00
0.30 3.14 6.80 1.00 0.00
0.30 3.14 6.97 1.00 0.00
0.30 3.14 7.15 1.00 0.00
0.30 3.14 7.32 1.00 0.00
0.30 3.14 7.50 1.00 0.00
0.30 3.14 7.67 1.00 0.00
0.30 3.14 7.84 1.00 0.00
0.30 3.14 8.02 1.00 0.00
0.30 3.14 8.19 1.00 0.00
0.30 3.14 8.37 1.00 0.00
0.30 3.14 8.54 1.00 0.00
0.50 3.14 5.52 1.00 0.00
0.50 3.14 5.70 1.00 0.00
0.50 3.14 5.87 1.00 0.00
0.50 3.14 6.05 1.00 0.00
0.50 3.14 6.22 1.00 0.00
0.50 3.14 6.40 1.00 0.00
0.50 3.14 6.57 1.00 0.00
0.50 3.14 6.75 1.00 0.00
0.50 3.14 6.92 1.00 0.00
0.50 3.14 7.10 1.00 0.00
0.50 3.14 7.27 1.00 0.00
0.50 3.14 7.44 1.00 0.00
0.50 3.14 7.62 1.00 0.00
0.50 3.14 7.79 1.00 0.00
0.50 3.14 7.97 1.00 0.00
0.50 3.14 8.14 1.00 0.00
0.50 3.14 8.32 1.00 0.00
0.50 3.14 8.49 1.00 0.00
0.70 3.14 5.48 1.00 0.00
0.70 3.14 5.65 1.00 0.00
0.70 3.14 5.83 1.00 0.00
0.70 3.14 6.00 1.00 0.00
0.70 3.14 6.18 1.00 0.00
0.70 3.14 6.35 1.00 0.00
0.70 3.14 6.53 1.00 0.00
0.70 3.14 6.70 1.00 0.00
0.70 3.14 6.87 1.00 0.00
0.70 3.14 7.05 1.00 0.00
0.70 3.14 7.22 1.00 0.00
0.70 3.14 7.40 1.00 0.00
0.70 3.14 7.57 1.00 0.00
0.70 3.14 7.75 1.00 0.00
0.70 3.14 7.92 1.00 0.00
0.70 3.14 8.10 1.00 0.00
0.70 3.14 8.27 1.00 0.00
0.70 3.14 8.45 1.00 0.00
0.90 3.14 5.44 1.00 0.00
0.90 3.14 5.61 1.00 0.00
0.90 3.14 5.79 1.00 0.00
0.90 3.14 5.96 1.00 0.00
0.90 3.14 6.13 1.00 0.00
0.90 3.14 6.31 1.00 0.00
0.90 3.14 6.48 1.00 0.00
0.90 3.14 6.66 1.00 0.00
0.90 3.14 6.83 1.00 0.00
0.90 3.14 7.01 1.00 0.00
0.90 3.14 7.18 1.00 0.00
0.90 3.14 7.36 1.00 0.00
0.90 3.14 7.53 1.00 0.00
0.90 3.14 7.71 1.00 0.00
0.90 3.14 7.88 1.00 0.00
0.90 3.14 8.05 1.00 0.00
0.90 3.14 8.23 1.00 0.00
0.90 3.14 8.40 1.00 0.00
1.10 3.14 5.40 1.00 0.00
1.10 3.14 5.57 1.00 0.00
1.10 3.14 5.75 1.00 0.00
1.10 3.14 5.92 1.00 0.00
1.10 3.14 6.10 1.00 0.00
1.10 3.14 6.27 1.00 0.00
1.10 3.14 6.44 1.00 0.00
1.10 3.14 6.62 1.00 0.00
1.10 3.14 6.79 1.00 0.00
1.10 3.14 6.97 1.00 0.00
1.10 3.14 7.14 1.00 0.00
1.10 3.14 7.32 1.00 0.00
1.10 3.14 7.49 1.00 0.00
1.10 3.14 7.67 1.00 0.00
1.10 3.14 7.84 1.00 0.00
1.10 3.14 8.02 1.00 0.00
1.10 3.14 8.19 1.00 0.00
1.10 3.14 8.36 1.00 0.00
0.30 3.32 5.56 1.00 0.00
0.30 3.32 5.74 1.00 0.00
0.30 3.32 5.91 1.00 0.00
0.30 3.32 6.09 1.00 0.00
0.30 3.32 6.26 1.00 0.00
0.30 3.32 6.44 1.00 0.00
0.30 3.32 6.61 1.00 0.00
0.30 3.32 6.79 1.00 0.00
0.30 3.32 6.96 1.00 0.00
0.30 3.32 7.14 1.00 0.00
0.30 3.32 7.31 1.00 0.00
0.30 3.32 7.48 1.00 0.00
0.30 3.32 7.66 1.00 0.00
0.30 3.32 7.83 1.00 0.00
0.30 3.32 8.01 1.00 0.00
0.30 3.32 8.18 1.00 0.00
0.30 3.32 8.36 1.00 0.00
0.30 3.32 8.53 1.00 0.00
0.50 3.32 5.51 1.00 0.00
0.50 3.32 5.68 1.00 0.00
0.50 3.32 5.86 1.00 0.00
0.50 3.32 6.03 1.00 0.00
0.50 3.32 6.20 1.00 0.00
0.50 3.32 6.38 1.00 0.00
0.50 3.32 6.55 1.00 0.00
0.50 3.32 6.73 1.00 0.00
0.50 3.32 6.90 1.00 0.00
0.50 3.32 7.08 1.00 0.00
0.50 3.32 7.25 1.00 0.00
0.50 3.32 7.43 1.00 0.00
0.50 3.32 7.60 1.00 0.00
0.50 3.32 7.78 1.00 0.00
0.50 3.32 7.95 1.00 0.00
0.50 3.32 8.12 1.00 0.00
0.50 3.32 8.30 1.00 0.00
0.50 3.32 8.47 1.00 0.00
0.70 3.32 5.45 1.00 0.00
0.70 3.32 5.63 1.00 0.00
0.70 3.32 5.80 1.00 0.00
0.70 3.32 5.98 1.00 0.00
0.70 3.32 6.15 1.00 0.00
0.70 3.32 6.32 1.00 0.00
0.70 3.32 6.50 1.00 0.00
0.70 3.32 6.67 1.00 0.00
0.70 3.32 6.85 1.00 0.00
0.70 3.32 7.02 1.00 0.00
0.70 3.32 7.20 1.00 0.00
0.70 3.32 7.37 1.00 0.00
0.70 3.32 7.55 1.00 0.00
0.70 3.32 7.72 1.00 0.00
0.70 3.32 7.90 1.00 0.00
0.70 3.32 8.07 1.00 0.00
0.70 3.32 8.24 1.00 0.00
0.70 3.32 8.42 1.00 0.00
0.90 3.32 5.40 1.00 0.00
0.90 3.32 5.58 1.00 0.00
0.90 3.32 5.75 1.00 0.00
0.90 3.32 5.93 1.00 0.00
0.90 3.32 6.10 1.00 0.00
0.90 3.32 6.27 1.00 0.00
0.90 3.32 6.45 1.00 0.00
0.90 3.32 6.62 1.00 0.00
0.90 3.32 6.80 1.00 0.00
0.90 3.32 6.97 1.00 0.00
0.90 3.32 7.15 1.00 0.00
0.90 3.32 7.32 1.00 0.00
0.90 3.32 7.50 1.00 0.00
0.90 3.32 7.67 1.00 0.00
0.90 3.32 7.85 1.00 0.00
0.90 3.32 8.02 1.00 0.00
0.90 3.32 8.19 1.00 0.00
0.90 3.32 8.37 1.00 0.00
1.10 3.32 5.36 1.00 0.00
1.10 3.32 5.53 1.00 0.00
1.10 3.32 5.71 1.00 0.00
1.10 3.32 5.88 1.00 0.00
1.10 3.32 6.05 1.00 0.00
1.10 3.32 6.23 1.00 0.00
1.10 3.32 6.40 1.00 0.00
1.10 3.32 6.58 1.00 0.00
1.10 3.32 6.75 1.00 0.00
1.10 3.32 6.93 1.00 0.00
1.10 3.32 7.10 1.00 0.00
1.10 3.32 7.28 1.00 0.00
1.10 3.32 7.45 1.00 0.00
1.10 3.32 7.63 1.00 0.00
1.10 3.32 7.80 1.00 0.00
1.10 3.32 7.97 1.00 0.00
1.10 3.32 8.15 1.00 0.00
1.10 3.32 8.32 1.00 0.00
0.30 3.49 5.56 1.00 0.00
0.30 3.49 5.73 1.00 0.00
0.30 3.49 5.91 1.00 0.00
0.30 3.49 6.08 1.00 0.00
0.30 3.49 6.25 1.00 0.00
0.30 3.49 6.43 1.00 0.00
0.30 3.49 6.60 1.00 0.00
0.30 3.49 6.78 1.00 0.00
0.30 3.49 6.95 1.00 0.00
0.30 3.49 7.13 1.00 0.00
0.30 3.49 7.30 1.00 0.00
0.30 3.49 7.48 1.00 0.00
0.30 3.49 7.65 1.00 0.00
0.30 3.49 7.83 1.00 0.00
0.30 3.49 8.00 1.00 0.00
0.30 3.49 8.17 1.00 0.00
0.30 3.49 8.35 1.00 0.00
0.30 3.49 8.52 1.00 0.00
0.50 3.49 5.49 1.00 0.00
0.50 3.49 5.67 1.00 0.00
0.50 3.49 5.84 1.00 0.00
0.50 3.49 6.01 1.00 0.00
0.50 3.49 6.19 1.00 0.00
0.50 3.49 6.36 1.00 0.00
0.50 3.49 6.54 1.00 0.00
0.50 3.49 6.71 1.00 0.00
0.50 3.49 6.89 1.00 0.00
0.50 3.49 7.06 1.00 0.00
0.50 3.49 7.24 1.00 0.00
0.50 3.49 7.41 1.00 0.00
0.50 3.49 7.59 1.00 0.00
0.50 3.49 7.76 1.00 0.00
0.50 3.49 7.93 1.00 0.00
0.50 3.49 8.11 1.00 0.00
0.50 3.49 8.28 1.00 0.00
0.50 3.49 8.46 1.00 0.00
0.70 3.49 5.43 1.00 0.00
0.70 3.49 5.60 1.00 0.00
0.70 3.49 5.78 1.00 0.00
0.70 3.49 5.95 1.00 0.00
0.70 3.49 6.13 1.00 0.00
0.70 3.49 6.30 1.00 0.00
0.70 3.49 6.48 1.00 0.00
0.70 3.49 6.65 1.00 0.00
0.70 3.49 6.83 1.00 0.00
0.70 3.49 7.00 1.00 0.00
0.70 3.49 7.18 1.00 0.00
0.70 3.49 7.35 1.00 0.00
0.70 3.49 7.52 1.00 0.00
0.70 3.49 7.70 1.00 0.00
0.70 3.49 7.87 1.00 0.00
0.70 3.49 8.05 1.00 0.00
0.70 3.49 8.22 1.00 0.00
0.70 3.49 8.40 1.00 0.00
0.90 3.49 5.37 1.00 0.00
0.90 3.49 5.55 1.00 0.00
0.90 3.49 5.72 1.00 0.00
0.90 3.49 5.90 1.00 0.00
0.90 3.49 6.07 1.00 0.00
0.90 3.49 6.24 1.00 0.00
0.90 3.49 6.42 1.00 0.00
0.90 3.49 6.59 1.00 0.00
0.90 3.49 6.77 1.00 0.00
0.90 3.49 6.94 1.00 0.00
0.90 3.49 7.12 1.00 0.00
0.90 3.49 7.29 1.00 0.00
0.90 3.49 7.47 1.00 0.00
0.90 3.49 7.64 1.00 0.00
0.90 3.49 7.82 1.00 0.00
0.90 3.49 7.99 1.00 0.00
0.90 3.49 8.16 1.00 0.00
0.90 3.49 8.34 1.00 0.00
1.10 3.49 5.32 1.00 0.00
1.10 3.49 5.49 1.00 0.00
1.10 3.49 5.67 1.00 0.00
1.10 3.49 5.84 1.00 0.00
1.10 3.49 6.02 1.00 0.00
1.10 3.49 6.19 1.00 0.00
1.10 3.49 6.37 1.00 0.00
1.10 3.49 6.54 1.00 0.00
1.10 3.49 6.72 1.00 0.00
1.10 3.49 6.89 1.00 0.00
1.10 3.49 7.06 1.00 0.00
1.10 3.49 7.24 1.00 0.00
1.10 3.49 7.41 1.00 0.00
1.10 3.49 7.59 1.00 0.00
1.10 3.49 7.76 1.00 0.00
1.10 3.49 7.94 1.00 0.00
1.10 3.49 8.11 1.00 0.00
1.10 3.49 8.29 1.00 0.00
0.30 3.67 5.55 1.00 0.00
0.30 3.67 5.73 1.00 0.00
0.30 3.67 5.90 1.00 0.00
0.30 3.67 6.07 1.00 0.00
0.30 3.67 6.25 1.00 0.00
0.30 3.67 6.42 1.00 0.00
0.30 3.67 6.60 1.00 0.00
0.30 3.67 6.77 1.00 0.00
0.30 3.67 6.95 1.00 0.00
0.30 3.67 7.12 1.00 0.00
0.30 3.67 7.30 1.00 0.00
0.30 3.67 7.47 1.00 0.00
0.30 3.67 7.65 1.00 0.00
0.30 3.67 7.82 1.00 0.00
0.30 3.67 7.99 1.00 0.00
0.30 3.67 8.17 1.00 0.00
0.30 3.67 8.34 1.00 0.00
0.30 3.67 8.52 1.00 0.00
0.50 3.67 5.48 1.00 0.00
0.50 3.67 5.65 1.00 0.00
0.50 3.67 5.83 1.00 0.00
0.50 3.67 6.00 1.00 0.00
0.50 3.67 6.18 1.00 0.00
0.50 3.67 6.35 1.00 0.00
0.50 3.67 6.53 1.00 0.00
0.50 3.67 6.70 1.00 0.00
0.50 3.67 6.88 1.00 0.00
0.50 3.67 7.05 1.00 0.00
0.50 3.67 7.23 1.00 0.00
0.50 3.67 7.40 1.00 0.00
0.50 3.67 7.57 1.00 0.00
0.50 3.67 7.75 1.00 0.00
0.50 3.67 7.92 1.00 0.00
0.50 3.67 8.10 1.00 0.00
0.50 3.67 8.27 1.00 0.00
0.50 3.67 8.45 1.00 0.00
0.70 3.67 5.41 1.00 0.00
0.70 3.67 5.59 1.00 0.00
0.70 3.67 5.76 1.00 0.00
0.70 3.67 5.94 1.00 0.00
0.70 3.67 6.11 1.00 0.00
0.70 3.67 6.28 1.00 0.00
0.70 3.67 6.46 1.00 0.00
0.70 3.67 6.63 1.00 0.00
0.70 3.67 6.81 1.00 0.00
0.70 3.67 6.98 1.00 0.00
0.70 3.67 7.16 1.00 0.00
0.70 3.67 7.33 1.00 0.00
0.70 3.67 7.51 1.00 0.00
0.70 3.67 7.68 1.00 0.00
0.70 3.67 7.86 1.00 0.00
0.70 3.67 8.03 1.00 0.00
0.70 3.67 8.20 1.00 0.00
0.70 3.67 8.38 1.00 0.00
0.90 3.67 5.35 1.00 0.00
0.90 3.67 5.52 1.00 0.00
0.90 3.67 5.70 1.00 0.00
0.90 3.67 5.87 1.00 0.00
0.90 3.67 6.05 1.00 0.00
0.90 3.67 6.22 1.00 0.00
0.90 3.67 6.39 1.00 0.00
0.90 3.67 6.57 1.00 0.00
0.90 3.67 6.74 1.00 0.00
0.90 3.67 6.92 1.00 0.00
0.90 3.67 7.09 1.00 0.00
0.90 3.67 7.27 1.00 0.00
0.90 3.67 7.44 1.00 0.00
0.90 3.67 7.62 1.00 0.00
0.90 3.67 7.79 1.00 0.00
0.90 3.67 7.97 1.00 0.00
0.90 3.67 8.14 1.00 0.00
0.90 3.67 8.31 1.00 0.00
1.10 3.67 5.29 1.00 0.00
1.10 3.67 5.46 1.00 0.00
1.10 3.67 5.64 1.00 0.00
1.10 3.67 5.81 1.00 0.00
1.10 3.67 5.98 1.00 0.00
1.10 3.67 6.16 1.00 0.00
1.10 3.67 6.33 1.00 0.00
1.10 3.67 6.51 1.00 0.00
1.10 3.67 6.68 1.00 0.00
1.10 3.67 6.86 1.00 0.00
1.10 3.67 7.03 1.00 0.00
1.10 3.67 7.21 1.00 0.00
1.10 3.67 7.38 1.00 0.00
1.10 3.67 7.56 1.00 0.00
1.10 3.67 7.73 1.00 0.00
1.10 3.67 7.90 1.00 0.00
1.10 3.67 8.08 1.00 0.00
1.10 3.67 8.25 1.00 0.00
0.30 3.84 5.55 1.00 0.00
0.30 3.84 5.72 1.00 0.00
0.30 3.84 5.90 1.00 0.00
0.30 3.84 6.07 1.00 0.00
0.30 3.84 6.25 1.00 0.00
0.30 3.84 6.42 1.00 0.00
0.30 3.84 6.60 1.00 0.00
0.30 3.84 6.77 1.00 0.00
0.30 3.84 6.94 1.00 0.00
0.30 3.84 7.12 1.00 0.00
0.30 3.84 7.29 1.00 0.00
0.30 3.84 7.47 1.00 0.00
0.30 3.84 7.64 1.00 0.00
0.30 3.84 7.82 1.00 0.00
0.30 3.84 7.99 1.00 0.00
0.30 3.84 8.17 1.00 0.00
0.30 3.84 8.34 1.00 0.00
0.30 3.84 8.52 1.00 0.00
0.50 3.84 5.47 1.00 0.00
0.50 3.84 5.65 1.00 0.00
0.50 3.84 5.82 1.00 0.00
0.50 3.84 6.00 1.00 0.00
0.50 3.84 6.17 1.00 0.00
0.50 3.84 6.35 1.00 0.00
0.50 3.84 6.52 1.00 0.00
0.50 3.84 6.70 1.00 0.00
0.50 3.84 6.87 1.00 0.00
0.50 3.84 7.04 1.00 0.00
0.50 3.84 7.22 1.00 0.00
0.50 3.84 7.39 1.00 0.00
0.50 3.84 7.57 1.00 0.00
0.50 3.84 7.74 1.00 0.00
0.50 3.84 7.92 1.00 0.00
0.50 3.84 8.09 1.00 0.00
0.50 3.84 8.27 1.00 0.00
0.50 3.84 8.44 1.00 0.00
0.70 3.84 5.40 1.00 0.00
0.70 3.84 5.58 1.00 0.00
0.70 3.84 5.75 1.00 0.00
0.70 3.84 5.92 1.00 0.00
0.70 3.84 6.10 1.00 0.00
0.70 3.84 6.27 1.00 0.00
0.70 3.84 6.45 1.00 0.00
0.70 3.84 6.62 1.00 0.00
0.70 3.84 6.80 1.00 0.00
0.70 3.84 6.97 1.00 0.00
0.70 3.84 7.15 1.00 0.00
0.70 3.84 7.32 1.00 0.00
0.70 3.84 7.50 1.00 0.00
0.70 3.84 7.67 1.00 0.00
0.70 3.84 7.84 1.00 0.00
0.70 3.84 8.02 1.00 0.00
0.70 3.84 8.19 1.00 0.00
0.70 3.84 8.37 1.00 0.00
0.90 3.84 5.33 1.00 0.00
0.90 3.84 5.50 1.00 0.00
0.90 3.84 5.68 1.00 0.00
0.90 3.84 5.85 1.00 0.00
0.90 3.84 6.03 1.00 0.00
0.90 3.84 6.20 1.00 0.00
0.90 3.84 6.38 1.00 0.00
0.90 3.84 6.55 1.00 0.00
0.90 3.84 6.73 1.00 0.00
0.90 3.84 6.90 1.00 0.00
0.90 3.84 7.07 1.00 0.00
0.90 3.84 7.25 1.00 0.00
0.90 3.84 7.42 1.00 0.00
0.90 3.84 7.60 1.00 0.00
0.90 3.84 7.77 1.00 0.00
0.90 3.84 7.95 1.00 0.00
0.90 3.84 8.12 1.00 0.00
0.90 3.84 8.30 1.00 0.00
1.10 3.84 5.26 1.00 0.00
1.10 3.84 5.44 1.00 0.00
1.10 3.84 5.61 1.00 0.00
1.10 3.84 5.78 1.00 0.00
1.10 3.84 5.96 1.00 0.00
1.10 3.84 6.13 1.00 0.00
1.10 3.84 6.31 1.00 0.00
1.10 3.84 6.48 1.00 0.00
1.10 3.84 6.66 1.00 0.00
1.10 3.84 6.83 1.00 0.00
1.10 3.84 7.01 1.00 0.00
1.10 3.84 7.18 1.00 0.00
1.10 3.84 7.36 1.00 0.00
1.10 3.84 7.53 1.00 0.00
1.10 3.84 7.70 1.00 0.00
1.10 3.84 7.88 1.00 0.00
1.10 3.84 8.05 1.00 0.00
1.10 3.84 8.23 1.00 0.00
0.30 4.01 5.55 1.00 0.00
0.30 4.01 5.72 1.00 0.00
0.30 4.01 5.90 1.00 0.00
0.30 4.01 6.07 1.00 0.00
0.30 4.01 6.25 1.00 0.00
0.30 4.01 6.42 1.00 0.00
0.30 4.01 6.60 1.00 0.00
0.30 4.01 6.77 1.00 0.00
0.30 4.01 6.95 1.00 0.00
0.30 4.01 7.12 1.00 0.00
0.30 4.01 7.29 1.00 0.00
0.30 4.01 7.47 1.00 0.00
0.30 4.01 7.64 1.00 0.00
0.30 4.01 7.82 1.00 0.00
0.30 4.01 7.99 1.00 0.00
0.30 4.01 8.17 1.00 0.00
0.30 4.01 8.34 1.00 0.00
0.30 4.01 8.52 1.00 0.00
0.50 4.01 5.47 1.00 0.00
0.50 4.01 5.65 1.00 0.00
0.50 4.01 5.82 1.00 0.00
0.50 4.01 6.00 1.00 0.00
0.50 4.01 6.17 1.00 0.00
0.50 4.01 6.35 1.00 0.00
0.50 4.01 6.52 1.00 0.00
0.50 4.01 6.69 1.00 0.00
0.50 4.01 6.87 1.00 0.00
0.50 4.01 7.04 1.00 0.00
0.50 4.01 7.22 1.00 0.00
0.50 4.01 7.39 1.00 0.00
0.50 4.01 7.57 1.00 0.00
0.50 4.01 7.74 1.00 0.00
0.50 4.01 7.92 1.00 0.00
0.50 4.01 8.09 1.00 0.00
0.50 4.01 8.27 1.00 0.00
0.50 4.01 8.44 1.00 0.00
0.70 4.01 5.40 1.00 0.00
0.70 4.01 5.57 1.00 0.00
0.70 4.01 5.75 1.00 0.00
0.70 4.01 5.92 1.00 0.00
0.70 4.01 6.09 1.00 0.00
0.70 4.01 6.27 1.00 0.00
0.70 4.01 6.44 1.00 0.00
0.70 4.01 6.62 1.00 0.00
0.70 4.01 6.79 1.00 0.00
0.70 4.01 6.97 1.00 0.00
0.70 4.01 7.14 1.00 0.00
0.70 4.01 7.32 1.00 0.00
0.70 4.01 7.49 1.00 0.00
0.70 4.01 7.67 1.00 0.00
0.70 4.01 7.84 1.00 0.00
0.70 4.01 8.01 1.00 0.00
0.70 4.01 8.19 1.00 0.00
0.70 4.01 8.36 1.00 0.00
0.90 4.01 5.32 1.00 0.00
0.90 4.01 5.49 1.00 0.00
0.90 4.01 5.67 1.00 0.00
0.90 4.01 5.84 1.00 0.00
0.90 4.01 6.02 1.00 0.00
0.90 4.01 6.19 1.00 0.00
0.90 4.01 6.37 1.00 0.00
0.90 4.01 6.54 1.00 0.00
0.90 4.01 6.72 1.00 0.00
0.90 4.01 6.89 1.00 0.00
0.90 4.01 7.06 1.00 0.00
0.90 4.01 7.24 1.00 0.00
0.90 4.01 7.41 1.00 0.00
0.90 4.01 7.59 1.00 0.00
0.90 4.01 7.76 1.00 0.00
0.90 4.01 7.94 1.00 0.00
0.90 4.01 8.11 1.00 0.00
0.90 4.01 8.29 1.00 0.00
1.10 4.01 5.24 1.00 0.00
1.10 4.01 5.42 1.00 0.00
1.10 4.01 5.59 1.00 0.00
1.10 4.01 5.77 1.00 0.00
1.10 4.01 5.94 1.00 0.00
1.10 4.01 6.12 1.00 0.00
1.10 4.01 6.29 1.00 0.00
1.10 4.01 6.47 1.00 0.00
1.10 4.01 6.64 1.00 0.00
1.10 4.01 6.81 1.00 0.00
1.10 4.01 6.99 1.00 0.00
1.10 4.01 7.16 1.00 0.00
1.10 4.01 7.34 1.00 0.00
1.10 4.01 7.51 1.00 0.00
1.10 4.01 7.69 1.00 0.00
1.10 4.01 7.86 1.00 0.00
1.10 4.01 8.04 1.00 0.00
1.10 4.01 8.21 1.00 0.00
0.30 4.19 5.55 1.00 0.00
0.30 4.19 5.73 1.00 0.00
0.30 4.19 5.90 1.00 0.00
0.30 4.19 6.08 1.00 0.00
0.30 4.19 6.25 1.00 0.00
0.30 4.19 6.43 1.00 0.00
0.30 4.19 6.60 1.00 0.00
0.30 4.19 6.78 1.00 0.00
0.30 4.19 6.95 1.00 0.00
0.30 4.19 7.12 1.00 0.00
0.30 4.19 7.30 1.00 0.00
0.30 4.19 7.47 1.00 0.00
0.30 4.19 7.65 1.00 0.00
0.30 4.19 7.82 1.00 0.00
0.30 4.19 8.00 1.00 0.00
0.30 4.19 8.17 1.00 0.00
0.30 4.19 8.35 1.00 0.00
0.30 4.19 8.52 1.00 0.00
0.50 4.19 5.48 1.00 0.00
0.50 4.19 5.65 1.00 0.00
0.50 4.19 5.83 1.00 0.00
0.50 4.19 6.00 1.00 0.00
0.50 4.19 6.18 1.00 0.00
0.50 4.19 6.35 1.00 0.00
0.50 4.19 6.53 1.00 0.00
0.50 4.19 6.70 1.00 0.00
0.50 4.19 6.87 1.00 0.00
0.50 4.19 7.05 1.00 0.00
0.50 4.19 7.22 1.00 0.00
0.50 4.19 7.40 1.00 0.00
0.50 4.19 7.57 1.00 0.00
0.50 4.19 7.75 1.00 0.00
0.50 4.19 7.92 1.00 0.00
0.50 4.19 8.10 1.00 0.00
0.50 4.19 8.27 1.00 0.00
0.50 4.19 8.45 1.00 0.00
0.70 4.19 5.40 1.00 0.00
0.70 4.19 5.57 1.00 0.00
0.70 4.19 5.75 1.00 0.00
0.70 4.19 5.92 1.00 0.00
0.70 4.19 6.10 1.00 0.00
0.70 4.19 6.27 1.00 0.00
0.70 4.19 6.45 1.00 0.00
0.70 4.19 6.62 1.00 0.00
0.70 4.19 6.80 1.00 0.00
0.70 4.19 6.97 1.00 0.00
0.70 4.19 7.15 1.00 0.00
0.70 4.19 7.32 1.00 0.00
0.70 4.19 7.49 1.00 0.00
0.70 4.19 7.67 1.00 0.00
0.70 4.19 7.84 1.00 0.00
0.70 4.19 8.02 1.00 0.00
0.70 4.19 8.19 1.00 0.00
0.70 4.19 8.37 1.00 0.00
0.90 4.19 5.32 1.00 0.00
0.90 4.19 5.49 1.00 0.00
0.90 4.19 5.67 1.00 0.00
0.90 4.19 5.84 1.00 0.00
0.90 4.19 6.02 1.00 0.00
0.90 4.19 6.19 1.00 0.00
0.90 4.19 6.37 1.00 0.00
0.90 4.19 6.54 1.00 0.00
0.90 4.19 6.72 1.00 0.00
0.90 4.19 6.89 1.00 0.00
0.90 4.19 7.06 1.00 0.00
0.90 4.19 7.24 1.00 0.00
0.90 4.19 7.41 1.00 0.00
0.90 4.19 7.59 1.00 0.00
0.90 4.19 7.76 1.00 0.00
0.90 4.19 7.94 1.00 0.00
0.90 4.19 8.11 1.00 0.00
0.90 4.19 8.29 1.00 0.00
1.10 4.19 5.24 1.00 0.00
1.10 4.19 5.41 1.00 0.00
1.10 4.19 5.59 1.00 0.00
1.10 4.19 5.76 1.00 0.00
1.10 4.19 5.94 1.00 0.00
1.10 4.19 6.11 1.00 0.00
1.10 4.19 6.28 1.00 0.00
1.10 4.19 6.46 1.00 0.00
1.10 4.19 6.63 1.00 0.00
1.10 4.19 6.81 1.00 0.00
1.10 4.19 6.98 1.00 0.00
1.10 4.19 7.16 1.00 0.00
1.10 4.19 7.33 1.00 0.00
1.10 4.19 7.51 1.00 0.00
1.10 4.19 7.68 1.00 0.00
1.10 4.19 7.86 1.00 0.00
1.10 4.19 8.03 1.00 0.00
1.10 4.19 8.20 1.00 0.00
0.30 4.36 5.56 1.00 0.00
0.30 4.36 5.74 1.00 0.00
0.30 4.36 5.91 1.00 0.00
0.30 4.36 6.09 1.00 0.00
0.30 4.36 6.26 1.00 0.00
0.30 4.36 6.43 1.00 0.00
0.30 4.36 6.61 1.00 0.00
0.30 4.36 6.78 1.00 0.00
0.30 4.36 6.96 1.00 0.00
0.30 4.36 7.13 1.00 0.00
0.30 4.36 7.31 1.00 0.00
0.30 4.36 7.48 1.00 0.00
0.30 4.36 7.66 1.00 0.00
0.30 4.36 7.83 1.00 0.00
0.30 4.36 8.01 1.00 0.00
0.30 4.36 8.18 1.00 0.00
0.30 4.36 8.35 1.00 0.00
0.30 4.36 8.53 1.00 0.00
0.50 4.36 5.49 1.00 0.00
0.50 4.36 5.66 1.00 0.00
0.50 4.36 5.84 1.00 0.00
0.50 4.36 6.01 1.00 0.00
0.50 4.36 6.19 1.00 0.00
0.50 4.36 6.36 1.00 0.00
0.50 4.36 6.54 1.00 0.00
0.50 4.36 6.71 1.00 0.00
0.50 4.36 6.89 1.00 0.00
0.50 4.36 7.06 1.00 0.00
0.50 4.36 7.24 1.00 0.00
0.50 4.36 7.41 1.00 0.00
0.50 4.36 7.58 1.00 0.00
0.50 4.36 7.76 1.00 0.00
0.50 4.36 7.93 1.00 0.00
0.50 4.36 8.11 1.00 0.00
0.50 4.36 8.28 1.00 0.00
0.50 4.36 8.46 1.00 0.00
0.70 4.36 5.41 1.00 0.00
0.70 4.36 5.59 1.00 0.00
0.70 4.36 5.76 1.00 0.00
0.70 4.36 5.94 1.00 0.00
0.70 4.36 6.11 1.00 0.00
0.70 4.36 6.29 1.00 0.00
0.70 4.36 6.46 1.00 0.00
0.70 4.36 6.63 1.00 0.00
0.70 4.36 6.81 1.00 0.00
0.70 4.36 6.98 1.00 0.00
0.70 4.36 7.16 1.00 0.00
0.70 4.36 7.33 1.00 0.00
0.70 4.36 7.51 1.00 0.00
0.70 4.36 7.68 1.00 0.00
0.70 4.36 7.86 1.00 0.00
0.70 4.36 8.03 1.00 0.00
0.70 4.36 8.21 1.00 0.00
0.70 4.36 8.38 1.00 0.00
0.90 4.36 5.33 1.00 0.00
0.90 4.36 5.51 1.00 0.00
0.90 4.36 5.68 1.00 0.00
0.90 4.36 5.85 1.00 0.00
0.90 4.36 6.03 1.00 0.00
0.90 4.36 6.20 1.00 0.00
0.90 4.36 6.38 1.00 0.00
0.90 4.36 6.55 1.00 0.00
0.90 4.36 6.73 1.00 0.00
0.90 4.36 6.90 1.00 0.00
0.90 4.36 7.08 1.00 0.00
0.90 4.36 7.25 1.00 0.00
0.90 4.36 7.43 1.00 0.00
0.90 4.36 7.60 1.00 0.00
0.90 4.36 7.77 1.00 0.00
0.90 4.36 7.95 1.00 0.00
0.90 4.36 8.12 1.00 0.00
0.90 4.36 8.30 1.00 0.00
1.10 4.36 5.25 1.00 0.00
1.10 4.36 5.42 1.00 0.00
1.10 4.36 5.59 1.00 0.00
1.10 4.36 5.77 1.00 0.00
1.10 4.36 5.94 1.00 0.00
1.10 4.36 6.12 1.00 0.00
1.10 4.36 6.29 1.00 0.00
1.10 4.36 6.47 1.00 0.00
1.10 4.36 6.64 1.00 0.00
1.10 4.36 6.82 1.00 0.00
1.10 4.36 6.99 1.00 0.00
1.10 4.36 7.17 1.00 0.00
1.10 4.36 7.34 1.00 0.00
1.10 4.36 7.51 1.00 0.00
1.10 4.36 7.69 1.00 0.00
1.10 4.36 7.86 1.00 0.00
1.10 4.36 8.04 1.00 0.00
1.10 4.36 8.21 1.00 0.00
0.30 4.54 5.57 1.00 0.00
0.30 4.54 5.75 1.00 0.00
0.30 4.54 5.92 1.00 0.00
0.30 4.54 6.10 1.00 0.00
0.30 4.54 6.27 1.00 0.00
0.30 4.54 6.45 1.00 0.00
0.30 4.54 6.62 1.00 0.00
0.30 4.54 6.80 1.00 0.00
0.30 4.54 6.97 1.00 0.00
0.30 4.54 7.14 1.00 0.00
0.30 4.54 7.32 1.00 0.00
0.30 4.54 7.49 1.00 0.00
0.30 4.54 7.67 1.00 0.00
0.30 4.54 7.84 1.00 0.00
0.30 4.54 8.02 1.00 0.00
0.30 4.54 8.19 1.00 0.00
0.30 4.54 8.37 1.00 0.00
0.30 4.54 8.54 1.00 0.00
0.50 4.54 5.51 1.00 0.00
0.50 4.54 5.68 1.00 0.00
0.50 4.54 5.86 1.00 0.00
0.50 4.54 6.03 1.00 0.00
0.50 4.54 6.21 1.00 0.00
0.50 4.54 6.38 1.00 0.00
0.50 4.54 6.56 1.00 0.00
0.50 4.54 6.73 1.00 0.00
0.50 4.54 6.90 1.00 0.00
0.50 4.54 7.08 1.00 0.00
0.50 4.54 7.25 1.00 0.00
0.50 4.54 7.43 1.00 0.00
0.50 4.54 7.60 1.00 0.00
0.50 4.54 7.78 1.00 0.00
0.50 4.54 7.95 1.00 0.00
0.50 4.54 8.13 1.00 0.00
0.50 4.54 8.30 1.00 0.00
0.50 4.54 8.48 1.00 0.00
0.70 4.54 5.44 1.00 0.00
0.70 4.54 5.61 1.00 0.00
0.70 4.54 5.78 1.00 0.00
0.70 4.54 5.96 1.00 0.00
0.70 4.54 6.13 1.00 0.00
0.70 4.54 6.31 1.00 0.00
0.70 4.54 6.48 1.00 0.00
0.70 4.54 6.66 1.00 0.00
0.70 4.54 6.83 1.00 0.00
0.70 4.54 7.01 1.00 0.00
0.70 4.54 7.18 1.00 0.00
0.70 4.54 7.36 1.00 0.00
0.70 4.54 7.53 1.00 0.00
0.70 4.54 7.70 1.00 0.00
0.70 4.54 7.88 1.00 0.00
0.70 4.54 8.05 1.00 0.00
0.70 4.54 8.23 1.00 0.00
0.70 4.54 8.40 1.00 0.00
0.90 4.54 5.36 1.00 0.00
0.90 4.54 5.53 1.00 0.00
0.90 4.54 5.71 1.00 0.00
0.90 4.54 5.88 1.00 0.00
0.90 4.54 6.05 1.00 0.00
0.90 4.54 6.23 1.00 0.00
0.90 4.54 6.40 1.00 0.00
0.90 4.54 6.58 1.00 0.00
0.90 4.54 6.75 1.00 0.00
0.90 4.54 6.93 1.00 0.00
0.90 4.54 7.10 1.00 0.00
0.90 4.54 7.28 1.00 0.00
0.90 4.54 7.45 1.00 0.00
0.90 4.54 7.63 1.00 0.00
0.90 4.54 7.80 1.00 0.00
0.90 4.54 7.97 1.00 0.00
0.90 4.54 8.15 1.00 0.00
0.90 4.54 8.32 1.00 0.00
1.10 4.54 5.27 1.00 0.00
1.10 4.54 5.44 1.00 0.00
1.10 4.54 5.62 1.00 0.00
1.10 4.54 5.79 1.00 0.00
1.10 4.54 5.97 1.00 0.00
1.10 4.54 6.14 1.00 0.00
1.10 4.54 6.32 1.00 0.00
1.10 4.54 6.49 1.00 0.00
1.10 4.54 6.67 1.00 0.00
1.10 4.54 6.84 1.00 0.00
1.10 4.54 7.02 1.00 0.00
1.10 4.54 7.19 1.00 0.00
1.10 4.54 7.36 1.00 0.00
1.10 4.54 7.54 1.00 0.00
1.10 4.54 7.71 1.00 0.00
1.10 4.54 7.89 1.00 0.00
1.10 4.54 8.06 1.00 0.00
1.10 4.54 8.24 1.00 0.00
0.30 4.71 5.59 1.00 0.00
0.30 4.71 5.76 1.00 0.00
0.30 4.71 5.94 1.00 0.00
0.30 4.71 6.11 1.00 0.00
0.30 4.71 6.29 1.00 0.00
0.30 4.71 6.46 1.00 0.00
0.30 4.71 6.64 1.00 0.00
0.30 4.71 6.81 1.00 0.00
0.30 4.71 6.98 1.00 0.00
0.30 4.71 7.16 1.00 0.00
0.30 4.71 7.33 1.00 0.00
0.30 4.71 7.51 1.00 0.00
0.30 4.71 7.68 1.00 0.00
0.30 4.71 7.86 1.00 0.00
0.30 4.71 8.03 1.00 0.00
0.30 4.71 8.21 1.00 0.00
0.30 4.71 8.38 1.00 0.00
0.30 4.71 8.56 1.00 0.00
0.50 4.71 5.53 1.00 0.00
0.50 4.71 5.71 1.00 0.00
0.50 4.71 5.88 1.00 0.00
0.50 4.71 6.06 1.00 0.00
0.50 4.71 6.23 1.00 0.00
0.50 4.71 6.41 1.00 0.00
0.50 4.71 6.58 1.00 0.00
0.50 4.71 6.75 1.00 0.00
0.50 4.71 6.93 1.00 0.00
0.50 4.71 7.10 1.00 0.00
0.50 4.71 7.28 1.00 0.00
0.50 4.71 7.45 1.00 0.00
0.50 4.71 7.63 1.00 0.00
0.50 4.71 7.80 1.00 0.00
0.50 4.71 7.98 1.00 0.00
0.50 4.71 8.15 1.00 0.00
0.50 4.71 8.33 1.00 0.00
0.50 4.71 8.50 1.00 0.00
0.70 4.71 5.47 1.00 0.00
0.70 4.71 5.64 1.00 0.00
0.70 4.71 5.82 1.00 0.00
0.70 4.71 5.99 1.00 0.00
0.70 4.71 6.17 1.00 0.00
0.70 4.71 6.34 1.00 0.00
0.70 4.71 6.52 1.00 0.00
0.70 4.71 6.69 1.00 0.00
0.70 4.71 6.87 1.00 0.00
0.70 4.71 7.04 1.00 0.00
0.70 4.71 7.21 1.00 0.00
0.70 4.71 7.39 1.00 0.00
0.70 4.71 7.56 1.00 0.00
0.70 4.71 7.74 1.00 0.00
0.70 4.71 7.91 1.00 0.00
0.70 4.71 8.09 1.00 0.00
0.70 4.71 8.26 1.00 0.00
0.70 4.71 8.44 1.00 0.00
0.90 4.71 5.40 1.00 0.00
0.90 4.71 5.57 1.00 0.00
0.90 4.71 5.75 1.00 0.00
0.90 4.71 5.92 1.00 0.00
0.90 4.71 6.10 1.00 0.00
0.90 4.71 6.27 1.00 0.00
0.90 4.71 6.44 1.00 0.00
0.90 4.71 6.62 1.00 0.00
0.90 4.71 6.79 1.00 0.00
0.90 4.71 6.97 1.00 0.00
0.90 4.71 7.14 1.00 0.00
0.90 4.71 7.32 1.00 0.00
0.90 4.71 7.49 1.00 0.00
0.90 4.71 7.67 1.00 0.00
0.90 4.71 7.84 1.00 0.00
0.90 4.71 8.02 1.00 0.00
0.90 4.71 8.19 1.00 0.00
0.90 4.71 8.36 1.00 0.00
1.10 4.71 5.32 1.00 0.00
1.10 4.71 5.49 1.00 0.00
1.10 4.71 5.66 1.00 0.00
1.10 4.71 5.84 1.00 0.00
1.10 4.71 6.01 1.00 0.00
1.10 4.71 6.19 1.00 0.00
1.10 4.71 6.36 1.00 0.00
1.10 4.71 6.54 1.00 0.00
1.10 4.71 6.71 1.00 0.00
1.10 4.71 6.89 1.00 0.00
1.10 4.71 7.06 1.00 0.00
1.10 4.71 7.24 1.00 0.00
1.10 4.71 7.41 1.00 0.00
1.10 4.71 7.58 1.00 0.00
1.10 4.71 7.76 1.00 0.00
1.10 4.71 7.93 1.00 0.00
1.10 4.71 8.11 1.00 0.00
1.10 4.71 8.28 1.00 0.00
0.30 4.89 5.61 1.00 0.00
0.30 4.89 5.78 1.00 0.00
0.30 4.89 5.96 1.00 0.00
0.30 4.89 6.13 1.00 0.00
0.30 4.89 6.30 1.00 0.00
0.30 4.89 6.48 1.00 0.00
0.30 4.89 6.65 1.00 0.00
0.30 4.89 6.83 1.00 0.00
0.30 4.89 7.00 1.00 0.00
0.30 4.89 7.18 1.00 0.00
0.30 4.89 7.35 1.00 0.00
0.30 4.89 7.53 1.00 0.00
0.30 4.89 7.70 1.00 0.00
0.30 4.89 7.88 1.00 0.00
0.30 4.89 8.05 1.00 0.00
0.30 4.89 8.22 1.00 0.00
0.30 4.89 8.40 1.00 0.00
0.30 4.89 8.57 1.00 0.00
0.50 4.89 5.56 1.00 0.00
0.50 4.89 5.74 1.00 0.00
0.50 4.89 5.91 1.00 0.00
0.50 4.89 6.09 1.00 0.00
0.50 4.89 6.26 1.00 0.00
0.50 4.89 6.44 1.00 0.00
0.50 4.89 6.61 1.00 0.00
0.50 4.89 6.79 1.00 0.00
0.50 4.89 6.96 1.00 0.00
0.50 4.89 7.13 1.00 0.00
0.50 4.89 7.31 1.00 0.00
0.50 4.89 7.48 1.00 0.00
0.50 4.89 7.66 1.00 0.00
0.50 4.89 7.83 1.00 0.00
0.50 4.89 8.01 1.00 0.00
0.50 4.89 8.18 1.00 0.00
0.50 4.89 8.36 1.00 0.00
0.50 4.89 8.53 1.00 0.00
0.70 4.89 5.51 1.00 0.00
0.70 4.89 5.69 1.00 0.00
0.70 4.89 5.86 1.00 0.00
0.70 4.89 6.04 1.00 0.00
0.70 4.89 6.21 1.00 0.00
0.70 4.89 6.39 1.00 0.00
0.70 4.89 6.56 1.00 0.00
0.70 4.89 6.74 1.00 0.00
0.70 4.89 6.91 1.00 0.00
0.70 4.89 7.08 1.00 0.00
0.70 4.89 7.26 1.00 0.00
0.70 4.89 7.43 1.00 0.00
0.70 4.89 7.61 1.00 0.00
0.70 4.89 7.78 1.00 0.00
0.70 4.89 7.96 1.00 0.00
0.70 4.89 8.13 1.00 0.00
0.70 4.89 8.31 1.00 0.00
0.70 4.89 8.48 1.00 0.00
0.90 4.89 5.45 1.00 0.00
0.90 4.89 5.63 1.00 0.00
0.90 4.89 5.80 1.00 0.00
0.90 4.89 5.98 1.00 0.00
0.90 4.89 6.15 1.00 0.00
0.90 4.89 6.33 1.00 0.00
0.90 4.89 6.50 1.00 0.00
0.90 4.89 6.68 1.00 0.00
0.90 4.89 6.85 1.00 0.00
0.90 4.89 7.03 1.00 0.00
0.90 4.89 7.20 1.00 0.00
0.90 4.89 7.37 1.00 0.00
0.90 4.89 7.55 1.00 0.00
0.90 4.89 7.72 1.00 0.00
0.90 4.89 7.90 1.00 0.00
0.90 4.89 8.07 1.00 0.00
0.90 4.89 8.25 1.00 0.00
0.90 4.89 8.42 1.00 0.00
1.10 4.89 5.39 1.00 0.00
1.10 4.89 5.56 1.00 0.00
1.10 4.89 5.73 1.00 0.00
1.10 4.89 5.91 1.00 0.00
1.10 4.89 6.08 1.00 0.00
1.10 4.89 6.26 1.00 0.00
1.10 4.89 6.43 1.00 0.00
1.10 4.89 6.61 1.00 0.00
1.10 4.89 6.78 1.00 0.00
1.10 4.89 6.96 1.00 0.00
1.10 4.89 7.13 1.00 0.00
1.10 4.89 7.31 1.00 0.00
1.10 4.89 7.48 1.00 0.00
1.10 4.89 7.65 1.00 0.00
1.10 4.89 7.83 1.00 0.00
1.10 4.89 8.00 1.00 0.00
1.10 4.89 8.18 1.00 0.00
1.10 4.89 8.35 1.00 0.00
0.30 5.06 5.63 1.00 0.00
0.30 5.06 5.80 1.00 0.00
0.30 5.06 5.98 1.00 0.00
0.30 5.06 6.15 1.00 0.00
0.30 5.06 6.32 1.00 0.00
0.30 5.06 6.50 1.00 0.00
0.30 5.06 6.67 1.00 0.00
0.30 5.06 6.85 1.00 0.00
0.30 5.06 7.02 1.00 0.00
0.30 5.06 7.20 1.00 0.00
0.30 5.06 7.37 1.00 0.00
0.30 5.06 7.55 1.00 0.00
0.30 5.06 7.72 1.00 0.00
0.30 5.06 7.90 1.00 0.00
0.30 5.06 8.07 1.00 0.00
0.30 5.06 8.24 1.00 0.00
0.30 5.06 8.42 1.00 0.00
0.30 5.06 8.59 1.00 0.00
0.50 5.06 5.60 1.00 0.00
0.50 5.06 5.77 1.00 0.00
0.50 5.06 5.95 1.00 0.00
0.50 5.06 6.12 1.00 0.00
0.50 5.06 6.30 1.00 0.00
0.50 5.06 6.47 1.00 0.00
0.50 5.06 6.65 1.00 0.00
0.50 5.06 6.82 1.00 0.00
0.50 5.06 7.00 1.00 0.00
0.50 5.06 7.17 1.00 0.00
0.50 5.06 7.34 1.00 0.00
0.50 5.06 7.52 1.00 0.00
0.50 5.06 7.69 1.00 0.00
0.50 5.06 7.87 1.00 0.00
0.50 5.06 8.04 1.00 0.00
0.50 5.06 8.22 1.00 0.00
0.50 5.06 8.39 1.00 0.00
0.50 5.06 8.57 1.00 0.00
0.70 5.06 5.57 1.00 0.00
0.70 5.06 5.74 1.00 0.00
0.70 5.06 5.92 1.00 0.00
0.70 5.06 6.09 1.00 0.00
0.70 5.06 6.26 1.00 0.00
0.70 5.06 6.44 1.00 0.00
0.70 5.06 6.61 1.00 0.00
0.70 5.06 6.79 1.00 0.00
0.70 5.06 6.96 1.00 0.00
0.70 5.06 7.14 1.00 0.00
0.70 5.06 7.31 1.00 0.00
0.70 5.06 7.49 1.00 0.00
0.70 5.06 7.66 1.00 0.00
0.70 5.06 7.84 1.00 0.00
0.70 5.06 8.01 1.00 0.00
0.70 5.06 8.18 1.00 0.00
0.70 5.06 8.36 1.00 0.00
0.70 5.06 8.53 1.00 0.00
0.90 5.06 5.53 1.00 0.00
0.90 5.06 5.70 1.00 0.00
0.90 5.06 5.88 1.00 0.00
0.90 5.06 6.05 1.00 0.00
0.90 5.06 6.23 1.00 0.00
0.90 5.06 6.40 1.00 0.00
0.90 5.06 6.57 1.00 0.00
0.90 5.06 6.75 1.00 0.00
0.90 5.06 6.92 1.00 0.00
0.90 5.06 7.10 1.00 0.00
0.90 5.06 7.27 1.00 0.00
0.90 5.06 7.45 1.00 0.00
0.90 5.06 7.62 1.00 0.00
0.90 5.06 7.80 1.00 0.00
0.90 5.06 7.97 1.00 0.00
0.90 5.06 8.15 1.00 0.00
0.90 5.06 8.32 1.00 0.00
0.90 5.06 8.49 1.00 0.00
1.10 5.06 5.48 1.00 0.00
1.10 5.06 5.65 1.00 0.00
1.10 5.06 5.83 1.00 0.00
1.10 5.06 6.00 1.00 0.00
1.10 5.06 6.18 1.00 0.00
1.10 5.06 6.35 1.00 0.00
1.10 5.06 6.53 1.00 0.00
1.10 5.06 6.70 1.00 0.00
1.10 5.06 6.88 1.00 0.00
1.10 5.06 7.05 1.00 0.00
1.10 5.06 7.22 1.00 0.00
1.10 5.06 7.40 1.00 0.00
1.10 5.06 7.57 1.00 0.00
1.10 5.06 7.75 1.00 0.00
1.10 5.06 7.92 1.00 0.00
1.10 5.06 8.10 1.00 0.00
1.10 5.06 8.27 1.00 0.00
1.10 5.06 8.45 1.00 0.00
0.30 5.24 5.65 1.00 0.00
0.30 5.24 5.82 1.00 0.00
0.30 5.24 6.00 1.00 0.00
0.30 5.24 6.17 1.00 0.00
0.30 5.24 6.35 1.00 0.00
0.30 5.24 6.52 1.00 0.00
0.30 5.24 6.70 1.00 0.00
0.30 5.24 6.87 1.00 0.00
0.30 5.24 7.04 1.00 0.00
0.30 5.24 7.22 1.00 0.00
0.30 5.24 7.39 1.00 0.00
0.30 5.24 7.57 1.00 0.00
0.30 5.24 7.74 1.00 0.00
0.30 5.24 7.92 1.00 0.00
0.30 5.24 8.09 1.00 0.00
0.30 5.24 8.27 1.00 0.00
0.30 5.24 8.44 1.00 0.00
0.30 5.24 8.61 1.00 0.00
0.50 5.24 5.64 1.00 0.00
0.50 5.24 5.81 1.00 0.00
0.50 5.24 5.99 1.00 0.00
0.50 5.24 6.16 1.00 0.00
0.50 5.24 6.34 1.00 0.00
0.50 5.24 6.51 1.00 0.00
0.50 5.24 6.68 1.00 0.00
0.50 5.24 6.86 1.00 0.00
0.50 5.24 7.03 1.00 0.00
0.50 5.24 7.21 1.00 0.00
0.50 5.24 7.38 1.00 0.00
0.50 5.24 7.56 1.00 0.00
0.50 5.24 7.73 1.00 0.00
0.50 5.24 7.91 1.00 0.00
0.50 5.24 8.08 1.00 0.00
0.50 5.24 8.26 1.00 0.00
0.50 5.24 8.43 1.00 0.00
0.50 5.24 8.60 1.00 0.00
0.70 5.24 5.63 1.00 0.00
0.70 5.24 5.80 1.00 0.00
0.70 5.24 5.97 1.00 0.00
0.70 5.24 6.15 1.00 0.00
0.70 5.24 6.32 1.00 0.00
0.70 5.24 6.50 1.00 0.00
0.70 5.24 6.67 1.00 0.00
0.70 5.24 6.85 1.00 0.00
0.70 5.24 7.02 1.00 0.00
0.70 5.24 7.20 1.00 0.00
0.70 5.24 7.37 1.00 0.00
0.70 5.24 7.55 1.00 0.00
0.70 5.24 7.72 1.00 0.00
0.70 5.24 7.89 1.00 0.00
0.70 5.24 8.07 1.00 0.00
0.70 5.24 8.24 1.00 0.00
0.70 5.24 8.42 1.00 0.00
0.70 5.24 8.59 1.00 0.00
0.90 5.24 5.61 1.00 0.00
0.90 5.24 5.78 1.00 0.00
0.90 5.24 5.96 1.00 0.00
0.90 5.24 6.13 1.00 0.00
0.90 5.24 6.31 1.00 0.00
0.90 5.24 6.48 1.00 0.00
0.90 5.24 6.66 1.00 0.00
0.90 5.24 6.83 1.00 0.00
0.90 5.24 7.01 1.00 0.00
0.90 5.24 7.18 1.00 0.00
0.90 5.24 7.36 1.00 0.00
0.90 5.24 7.53 1.00 0.00
0.90 5.24 7.70 1.00 0.00
0.90 5.24 7.88 1.00 0.00
0.90 5.24 8.05 1.00 0.00
0.90 5.24 8.23 1.00 0.00
0.90 5.24 8.40 1.00 0.00
0.90 5.24 8.58 1.00 0.00
1.10 5.24 5.59 1.00 0.00
1.10 5.24 5.77 1.00 0.00
1.10 5.24 5.94 1.00 0.00
1.10 5.24 6.12 1.00 0.00
1.10 5.24 6.29 1.00 0.00
1.10 5.24 6.46 1.00 0.00
1.10 5.24 6.64 1.00 0.00
1.10 5.24 6.81 1.00 0.00
1.10 5.24 6.99 1.00 0.00
1.10 5.24 7.16 1.00 0.00
1.10 5.24 7.34 1.00 0.00
1.10 5.24 7.51 1.00 0.00
1.10 5.24 7.69 1.00 0.00
1.10 5.24 7.86 1.00 0.00
1.10 5.24 8.04 1.00 0.00
1.10 5.24 8.21 1.00 0.00
1.10 5.24 8.38 1.00 0.00
1.10 5.24 8.56 1.00 0.00
0.30 5.41 5.67 1.00 0.00
0.30 5.41 5.84 1.00 0.00
0.30 5.41 6.02 1.00 0.00
0.30 5.41 6.19 1.00 0.00
0.30 5.41 6.37 1.00 0.00
0.30 5.41 6.54 1.00 0.00
0.30 5.41 6.72 1.00 0.00
0.30 5.41 6.89 1.00 0.00
0.30 5.41 7.07 1.00 0.00
0.30 5.41 7.24 1.00 0.00
0.30 5.41 7.42 1.00 0.00
0.30 5.41 7.59 1.00 0.00
0.30 5.41 7.76 1.00 0.00
0.30 5.41 7.94 1.00 0.00
0.30 5.41 8.11 1.00 0.00
0.30 5.41 8.29 1.00 0.00
0.30 5.41 8.46 1.00 0.00
0.30 5.41 8.64 1.00 0.00
0.50 5.41 5.68 1.00 0.00
0.50 5.41 5.85 1.00 0.00
0.50 5.41 6.03 1.00 0.00
0.50 5.41 6.20 1.00 0.00
0.50 5.41 6.38 1.00 0.00
0.50 5.41 6.55 1.00 0.00
0.50 5.41 6.72 1.00 0.00
0.50 5.41 6.90 1.00 0.00
0.50 5.41 7.07 1.00 0.00
0.50 5.41 7.25 1.00 0.00
0.50 5.41 7.42 1.00 0.00
0.50 5.41 7.60 1.00 0.00
0.50 5.41 7.77 1.00 0.00
0.50 5.41 7.95 1.00 0.00
0.50 5.41 8.12 1.00 0.00
0.50 5.41 8.30 1.00 0.00
0.50 5.41 8.47 1.00 0.00
0.50 5.41 8.64 1.00 0.00
0.70 5.41 5.69 1.00 0.00
0.70 5.41 5.86 1.00 0.00
0.70 5.41 6.04 1.00 0.00
0.70 5.41 6.21 1.00 0.00
0.70 5.41 6.38 1.00 0.00
0.70 5.41 6.56 1.00 0.00
0.70 5.41 6.73 1.00 0.00
0.70 5.41 6.91 1.00 0.00
0.70 5.41 7.08 1.00 0.00
0.70 5.41 7.26 1.00 0.00
0.70 5.41 7.43 1.00 0.00
0.70 5.41 7.61 1.00 0.00
0.70 5.41 7.78 1.00 0.00
0.70 5.41 7.96 1.00 0.00
0.70 5.41 8.13 1.00 0.00
0.70 5.41 8.30 1.00 0.00
0.70 5.41 8.48 1.00 0.00
0.70 5.41 8.65 1.00 0.00
0.90 5.41 5.70 1.00 0.00
0.90 5.41 5.87 1.00 0.00
0.90 5.41 6.05 1.00 0.00
0.90 5.41 6.22 1.00 0.00
0.90 5.41 6.40 1.00 0.00
0.90 5.41 6.57 1.00 0.00
0.90 5.41 6.75 1.00 0.00
0.90 5.41 6.92 1.00 0.00
0.90 5.41 7.09 1.00 0.00
0.90 5.41 7.27 1.00 0.00
0.90 5.41 7.44 1.00 0.00
0.90 5.41 7.62 1.00 0.00
0.90 5.41 7.79 1.00 0.00
0.90 5.41 7.97 1.00 0.00
0.90 5.41 8.14 1.00 0.00
0.90 5.41 8.32 1.00 0.00
0.90 5.41 8.49 1.00 0.00
0.90 5.41 8.67 1.00 0.00
1.10 5.41 5.71 1.00 0.00
1.10 5.41 5.89 1.00 0.00
1.10 5.41 6.06 1.00 0.00
1.10 5.41 6.24 1.00 0.00
1.10 5.41 6.41 1.00 0.00
1.10 5.41 6.59 1.00 0.00
1.10 5.41 6.76 1.00 0.00
1.10 5.41 6.93 1.00 0.00
1.10 5.41 7.11 1.00 0.00
1.10 5.41 7.28 1.00 0.00
1.10 5.41 7.46 1.00 0.00
1.10 5.41 7.63 1.00 0.00
1.10 5.41 7.81 1.00 0.00
1.10 5.41 7.98 1.00 0.00
1.10 5.41 8.16 1.00 0.00
1.10 5.41 8.33 1.00 0.00
1.10 5.41 8.50 1.00 0.00
1.10 5.41 8.68 1.00 0.00
0.30 5.59 5.69 1.00 0.00
0.30 5.59 5.87 1.00 0.00
0.30 5.59 6.04 1.00 0.00
0.30 5.59 6.21 1.00 0.00
0.30 5.59 6.39 1.00 0.00
0.30 5.59 6.56 1.00 0.00
0.30 5.59 6.74 1.00 0.00
0.30 5.59 6.91 1.00 0.00
0.30 5.59 7.09 1.00 0.00
0.30 5.59 7.26 1.00 0.00
0.30 5.59 7.44 1.00 0.00
0.30 5.59 7.61 1.00 0.00
0.30 5.59 7.79 1.00 0.00
0.30 5.59 7.96 1.00 0.00
0.30 5.59 8.13 1.00 0.00
0.30 5.59 8.31 1.00 0.00
0.30 5.59 8.48 1.00 0.00
0.30 5.59 8.66 1.00 0.00
0.50 5.59 5.72 1.00 0.00
0.50 5.59 5.89 1.00 0.00
0.50 5.59 6.07 1.00 0.00
0.50 5.59 6.24 1.00 0.00
0.50 5.59 6.41 1.00 0.00
0.50 5.59 6.59 1.00 0.00
0.50 5.59 6.76 1.00 0.00
0.50 5.59 6.94 1.00 0.00
0.50 5.59 7.11 1.00 0.00
0.50 5.59 7.29 1.00 0.00
0.50 5.59 7.46 1.00 0.00
0.50 5.59 7.64 1.00 0.00
0.50 5.59 7.81 1.00 0.00
0.50 5.59 7.99 1.00 0.00
0.50 5.59 8.16 1.00 0.00
0.50 5.59 8.33 1.00 0.00
0.50 5.59 8.51 1.00 0.00
0.50 5.59 8.68 1.00 0.00
0.70 5.59 5.75 1.00 0.00
0.70 5.59 5.92 1.00 0.00
0.70 5.59 6.10 1.00 0.00
0.70 5.59 6.27 1.00 0.00
0.70 5.59 6.44 1.00 0.00
0.70 5.59 6.62 1.00 0.00
0.70 5.59 6.79 1.00 0.00
0.70 5.59 6.97 1.00 0.00
0.70 5.59 7.14 1.00 0.00
0.70 5.59 7.32 1.00 0.00
0.70 5.59 7.49 1.00 0.00
0.70 5.59 7.67 1.00 0.00
0.70 5.59 7.84 1.00 0.00
0.70 5.59 8.02 1.00 0.00
0.70 5.59 8.19 1.00 0.00
0.70 5.59 8.36 1.00 0.00
0.70 5.59 8.54 1.00 0.00
0.70 5.59 8.71 1.00 0.00
0.90 5.59 -0.50 1.00 0.00
0.90 5.59 -0.33 1.00 0.00
0.90 5.59 -0.15 1.00 0.00
0.90 5.59 0.02 1.00 0.00
0.90 5.59 0.20 1.00 0.00
0.90 5.59 0.37 1.00 0.00
0.90 5.59 0.55 1.00 0.00
0.90 5.59 0.72 1.00 0.00
0.90 5.59 0.90 1.00 0.00
0.90 5.59 1.07 1.00 0.00
0.90 5.59 1.24 1.00 0.00
0.90 5.59 1.42 1.00 0.00
0.90 5.59 1.59 1.00 0.00
0.90 5.59 1.77 1.00 0.00
0.90 5.59 1.94 1.00 0.00
0.90 5.59 2.12 1.00 0.00
0.90 5.59 2.29 1.00 0.00
0.90 5.59 2.47 1.00 0.00
1.10 5.59 -0.46 1.00 0.00
1.10 5.59 -0.28 1.00 0.00
1.10 5.59 -0.11 1.00 0.00
1.10 5.59 0.07 1.00 0.00
1.10 5.59 0.24 1.00 0.00
1.10 5.59 0.42 1.00 0.00
1.10 5.59 0.59 1.00 0.00
1.10 5.59 0.77 1.00 0.00
1.10 5.59 0.94 1.00 0.00
1.10 5.59 1.11 1.00 0.00
1.10 5.59 1.29 1.00 0.00
1.10 5.59 1.46 1.00 0.00
1.10 5.59 1.64 1.00 0.00
1.10 5.59 1.81 1.00 0.00
1.10 5.59 1.99 1.00 0.00
1.10 5.59 2.16 1.00 0.00
1.10 5.59 2.34 1.00 0.00
1.10 5.59 2.51 1.00 0.00
0.30 5.76 5.71 1.00 0.00
0.30 5.76 5.89 1.00 0.00
0.30 5.76 6.06 1.00 0.00
0.30 5.76 6.24 1.00 0.00
0.30 5.76 6.41 1.00 0.00
0.30 5.76 6.58 1.00 0.00
0.30 5.76 6.76 1.00 0.00
0.30 5.76 6.93 1.00 0.00
0.30 5.76 7.11 1.00 0.00
0.30 5.76 7.28 1.00 0.00
0.30 5.76 7.46 1.00 0.00
0.30 5.76 7.63 1.00 0.00
0.30 5.76 7.81 1.00 0.00
0.30 5.76 7.98 1.00 0.00
0.30 5.76 8.16 1.00 0.00
0.30 5.76 8.33 1.00 0.00
0.30 5.76 8.50 1.00 0.00
0.30 5.76 8.68 1.00 0.00
0.50 5.76 5.75 1.00 0.00
0.50 5.76 5.93 1.00 0.00
0.50 5.76 6.10 1.00 0.00
0.50 5.76 6.28 1.00 0.00
0.50 5.76 6.45 1.00 0.00
0.50 5.76 6.63 1.00 0.00
0.50 5.76 6.80 1.00 0.00
0.50 5.76 6.97 1.00 0.00
0.50 5.76 7.15 1.00 0.00
0.50 5.76 7.32 1.00 0.00
0.50 5.76 7.50 1.00 0.00
0.50 5.76 7.67 1.00 0.00
0.50 5.76 7.85 1.00 0.00
0.50 5.76 8.02 1.00 0.00
0.50 5.76 8.20 1.00 0.00
0.50 5.76 8.37 1.00 0.00
0.50 5.76 8.55 1.00 0.00
0.50 5.76 8.72 1.00 0.00
0.70 5.76 -0.48 1.00 0.00
0.70 5.76 -0.31 1.00 0.00
0.70 5.76 -0.13 1.00 0.00
0.70 5.76 0.04 1.00 0.00
0.70 5.76 0.22 1.00 0.00
0.70 5.76 0.39 1.00 0.00
0.70 5.76 0.56 1.00 0.00
0.70 5.76 0.74 1.00 0.00
0.70 5.76 0.91 1.00 0.00
0.70 5.76 1.09 1.00 0.00
0.70 5.76 1.26 1.00 0.00
0.70 5.76 1.44 1.00 0.00
0.70 5.76 1.61 1.00 0.00
0.70 5.76 1.79 1.00 0.00
0.70 5.76 1.96 1.00 0.00
0.70 5.76 2.14 1.00 0.00
0.70 5.76 2.31 1.00 0.00
0.70 5.76 2.48 1.00 0.00
0.90 5.76 -0.43 1.00 0.00
0.90 5.76 -0.25 1.00 0.00
0.90 5.76 -0.08 1.00 0.00
0.90 5.76 0.10 1.00 0.00
0.90 5.76 0.27 1.00 0.00
0.90 5.76 0.45 1.00 0.00
0.90 5.76 0.62 1.00 0.00
0.90 5.76 0.80 1.00 0.00
0.90 5.76 0.97 1.00 0.00
0.90 5.76 1.14 1.00 0.00
0.90 5.76 1.32 1.00 0.00
0.90 5.76 1.49 1.00 0.00
0.90 5.76 1.67 1.00 0.00
0.90 5.76 1.84 1.00 0.00
0.90 5.76 2.02 1.00 0.00
0.90 5.76 2.19 1.00 0.00
0.90 5.76 2.37 1.00 0.00
0.90 5.76 2.54 1.00 0.00
1.10 5.76 -0.36 1.00 0.00
1.10 5.76 -0.18 1.00 0.00
1.10 5.76 -0.01 1.00 0.00
1.10 5.76 0.16 1.00 0.00
1.10 5.76 0.34 1.00 0.00
1.10 5.76 0.51 1.00 0.00
1.10 5.76 0.69 1.00 0.00
1.10 5.76 0.86 1.00 0.00
1.10 5.76 1.04 1.00 0.00
1.10 5.76 1.21 1.00 0.00
1.10 5.76 1.39 1.00 0.00
1.10 5.76 1.56 1.00 0.00
1.10 5.76 1.73 1.00 0.00
1.10 5.76 1.91 1.00 0.00
1.10 5.76 2.08 1.00 0.00
1.10 5.76 2.26 1.00 0.00
1.10 5.76 2.43 1.00 0.00
1.10 5.76 2.61 1.00 0.00
0.30 5.93 5.73 1.00 0.00
0.30 5.93 5.90 1.00 0.00
0.30 5.93 6.08 1.00 0.00
0.30 5.93 6.25 1.00 0.00
0.30 5.93 6.43 1.00 0.00
0.30 5.93 6.60 1.00 0.00
0.30 5.93 6.78 1.00 0.00
0.30 5.93 6.95 1.00 0.00
0.30 5.93 7.13 1.00 0.00
0.30 5.93 7.30 1.00 0.00
0.30 5.93 7.48 1.00 0.00
0.30 5.93 7.65 1.00 0.00
0.30 5.93 7.82 1.00 0.00
0.30 5.93 8.00 1.00 0.00
0.30 5.93 8.17 1.00 0.00
0.30 5.93 8.35 1.00 0.00
0.30 5.93 8.52 1.00 0.00
0.30 5.93 8.70 1.00 0.00
0.50 5.93 -0.50 1.00 0.00
0.50 5.93 -0.32 1.00 0.00
0.50 5.93 -0.15 1.00 0.00
0.50 5.93 0.02 1.00 0.00
0.50 5.93 0.20 1.00 0.00
0.50 5.93 0.37 1.00 0.00
0.50 5.93 0.55 1.00 0.00
0.50 5.93 0.72 1.00 0.00
0.50 5.93 0.90 1.00 0.00
0.50 5.93 1.07 1.00 0.00
0.50 5.93 1.25 1.00 0.00
0.50 5.93 1.42 1.00 0.00
0.50 5.93 1.60 1.00 0.00
0.50 5.93 1.77 1.00 0.00
0.50 5.93 1.94 1.00 0.00
0.50 5.93 2.12 1.00 0.00
0.50 5.93 2.29 1.00 0.00
0.50 5.93 2.47 1.00 0.00
0.70 5.93 -0.44 1.00 0.00
0.70 5.93 -0.26 1.00 0.00
0.70 5.93 -0.09 1.00 0.00
0.70 5.93 0.09 1.00 0.00
0.70 5.93 0.26 1.00 0.00
0.70 5.93 0.44 1.00 0.00
0.70 5.93 0.61 1.00 0.00
0.70 5.93 0.78 1.00 0.00
0.70 5.93 0.96 1.00 0.00
0.70 5.93 1.13 1.00 0.00
0.70 5.93 1.31 1.00 0.00
0.70 5.93 1.48 1.00 0.00
0.70 5.93 1.66 1.00 0.00
0.70 5.93 1.83 1.00 0.00
0.70 5.93 2.01 1.00 0.00
0.70 5.93 2.18 1.00 0.00
0.70 5.93 2.36 1.00 0.00
0.70 5.93 2.53 1.00 0.00
0.90 5.93 -0.37 1.00 0.00
0.90 5.93 -0.19 1.00 0.00
0.90 5.93 -0.02 1.00 0.00
0.90 5.93 0.16 1.00 0.00
0.90 5.93 0.33 1.00 0.00
0.90 5.93 0.51 1.00 0.00
0.90 5.93 0.68 1.00 0.00
0.90 5.93 0.85 1.00 0.00
0.90 5.93 1.03 1.00 0.00
0.90 5.93 1.20 1.00 0.00
0.90 5.93 1.38 1.00 0.00
0.90 5.93 1.55 1.00 0.00
0.90 5.93 1.73 1.00 0.00
0.90 5.93 1.90 1.00 0.00
0.90 5.93 2.08 1.00 0.00
0.90 5.93 2.25 1.00 0.00
0.90 5.93 2.43 1.00 0.00
0.90 5.93 2.60 1.00 0.00
1.10 5.93 -0.29 1.00 0.00
1.10 5.93 -0.11 1.00 0.00
1.10 5.93 0.06 1.00 0.00
1.10 5.93 0.24 1.00 0.00
1.10 5.93 0.41 1.00 0.00
1.10 5.93 0.59 1.00 0.00
1.10 5.93 0.76 1.00 0.00
1.10 5.93 0.94 1.00 0.00
1.10 5.93 1.11 1.00 0.00
1.10 5.93 1.28 1.00 0.00
1.10 5.93 1.46 1.00 0.00
1.10 5.93 1.63 1.00 0.00
1.10 5.93 1.81 1.00 0.00
1.10 5.93 1.98 1.00 0.00
1.10 5.93 2.16 1.00 0.00
1.10 5.93 2.33 1.00 0.00
1.10 5.93 2.51 1.00 0.00
1.10 5.93 2.68 1.00 0.00
0.30 6.11 5.75 1.00 0.00
0.30 6.11 5.92 1.00 0.00
0.30 6.11 6.09 1.00 0.00
0.30 6.11 6.27 1.00 0.00
0.30 6.11 6.44 1.00 0.00
0.30 6.11 6.62 1.00 0.00
0.30 6.11 6.79 1.00 0.00
0.30 6.11 6.97 1.00 0.00
0.30 6.11 7.14 1.00 0.00
0.30 6.11 7.32 1.00 0.00
0.30 6.11 7.49 1.00 0.00
0.30 6.11 7.66 1.00 0.00
0.30 6.11 7.84 1.00 0.00
0.30 6.11 8.01 1.00 0.00
0.30 6.11 8.19 1.00 0.00
0.30 6.11 8.36 1.00 0.00
0.30 6.11 8.54 1.00 0.00
0.30 6.11 8.71 1.00 0.00
0.50 6.11 -0.47 1.00 0.00
0.50 6.11 -0.30 1.00 0.00
0.50 6.11 -0.12 1.00 0.00
0.50 6.11 0.05 1.00 0.00
0.50 6.11 0.22 1.00 0.00
0.50 6.11 0.40 1.00 0.00
0.50 6.11 0.57 1.00 0.00
0.50 6.11 0.75 1.00 0.00
0.50 6.11 0.92 1.00 0.00
0.50 6.11 1.10 1.00 0.00
0.50 6.11 1.27 1.00 0.00
0.50 6.11 1.45 1.00 0.00
0.50 6.11 1.62 1.00 0.00
0.50 6.11 1.80 1.00 0.00
0.50 6.11 1.97 1.00 0.00
0.50 6.11 2.14 1.00 0.00
0.50 6.11 2.32 1.00 0.00
0.50 6.11 2.49 1.00 0.00
0.70 6.11 -0.40 1.00 0.00
0.70 6.11 -0.23 1.00 0.00
0.70 6.11 -0.05 1.00 0.00
0.70 6.11 0.12 1.00 0.00
0.70 6.11 0.30 1.00 0.00
0.70 6.11 0.47 1.00 0.00
0.70 6.11 0.64 1.00 0.00
0.70 6.11 0.82 1.00 0.00
0.70 6.11 0.99 1.00 0.00
0.70 6.11 1.17 1.00 0.00
0.70 6.11 1.34 1.00 0.00
0.70 6.11 1.52 1.00 0.00
0.70 6.11 1.69 1.00 0.00
0.70 6.11 1.87 1.00 0.00
0.70 6.11 2.04 1.00 0.00
0.70 6.11 2.22 1.00 0.00
0.70 6.11 2.39 1.00 0.00
0.70 6.11 2.56 1.00 0.00
0.90 6.11 -0.32 1.00 0.00
0.90 6.11 -0.15 1.00 0.00
0.90 6.11 0.03 1.00 0.00
0.90 6.11 0.20 1.00 0.00
0.90 6.11 0.37 1.00 0.00
0.90 6.11 0.55 1.00 0.00
0.90 6.11 0.72 1.00 0.00
0.90 6.11 0.90 1.00 0.00
0.90 6.11 1.07 1.00 0.00
0.90 6.11 1.25 1.00 0.00
0.90 6.11 1.42 1.00 0.00
0.90 6.11 1.60 1.00 0.00
0.90 6.11 1.77 1.00 0.00
0.90 6.11 1.95 1.00 0.00
0.90 6.11 2.12 1.00 0.00
0.90 6.11 2.29 1.00 0.00
0.90 6.11 2.47 1.00 0.00
0.90 6.11 2.64 1.00 0.00
1.10 6.11 -0.24 1.00 0.00
1.10 6.11 -0.06 1.00 0.00
1.10 6.11 0.11 1.00 0.00
1.10 6.11 0.29 1.00 0.00
1.10 6.11 0.46 1.00 0.00
1.10 6.11 0.64 1.00 0.00
1.10 6.11 0.81 1.00 0.00
1.10 6.11 0.98 1.00 0.00
1.10 6.11 1.16 1.00 0.00
1.10 6.11 1.33 1.00 0.00
1.10 6.11 1.51 1.00 0.00
1.10 6.11 1.68 1.00 0.00
1.10 6.11 1.86 1.00 0.00
1.10 6.11 2.03 1.00 0.00
1.10 6.11 2.21 1.00 0.00
1.10 6.11 2.38 1.00 0.00
1.10 6.11 2.56 1.00 0.00
1.10 6.11 2.73 1.00 0.00
