0.30 0.00 5.57 1.00 0.00
0.30 0.00 5.75 1.00 0.00
0.30 0.00 5.92 1.00 0.00
0.30 0.00 6.09 1.00 0.00
0.30 0.00 6.27 1.00 0.00
0.30 0.00 6.44 1.00 0.00
0.30 0.00 6.62 1.00 0.00
0.30 0.00 6.79 1.00 0.00
0.30 0.00 6.97 1.00 0.00
0.30 0.00 7.14 1.00 0.00
0.30 0.00 7.32 1.00 0.00
0.30 0.00 7.49 1.00 0.00
0.30 0.00 7.66 1.00 0.00
0.30 0.00 7.84 1.00 0.00
0.30 0.00 8.01 1.00 0.00
0.30 0.00 8.19 1.00 0.00
0.30 0.00 8.36 1.00 0.00
0.30 0.00 8.54 1.00 0.00
0.50 0.00 -0.65 1.00 0.00
0.50 0.00 -0.47 1.00 0.00
0.50 0.00 -0.30 1.00 0.00
0.50 0.00 -0.12 1.00 0.00
0.50 0.00 0.05 1.00 0.00
0.50 0.00 0.22 1.00 0.00
0.50 0.00 0.40 1.00 0.00
0.50 0.00 0.57 1.00 0.00
0.50 0.00 0.75 1.00 0.00
0.50 0.00 0.92 1.00 0.00
0.50 0.00 1.10 1.00 0.00
0.50 0.00 1.27 1.00 0.00
0.50 0.00 1.45 1.00 0.00
0.50 0.00 1.62 1.00 0.00
0.50 0.00 1.80 1.00 0.00
0.50 0.00 1.97 1.00 0.00
0.50 0.00 2.14 1.00 0.00
0.50 0.00 2.32 1.00 0.00
0.70 0.00 -0.58 1.00 0.00
0.70 0.00 -0.40 1.00 0.00
0.70 0.00 -0.23 1.00 0.00
0.70 0.00 -0.05 1.00 0.00
0.70 0.00 0.12 1.00 0.00
0.70 0.00 0.30 1.00 0.00
0.70 0.00 0.47 1.00 0.00
0.70 0.00 0.64 1.00 0.00
0.70 0.00 0.82 1.00 0.00
0.70 0.00 0.99 1.00 0.00
0.70 0.00 1.17 1.00 0.00
0.70 0.00 1.34 1.00 0.00
0.70 0.00 1.52 1.00 0.00
0.70 0.00 1.69 1.00 0.00
0.70 0.00 1.87 1.00 0.00
0.70 0.00 2.04 1.00 0.00
0.70 0.00 2.22 1.00 0.00
0.70 0.00 2.39 1.00 0.00
0.90 0.00 -0.50 1.00 0.00
0.90 0.00 -0.32 1.00 0.00
0.90 0.00 -0.15 1.00 0.00
0.90 0.00 0.03 1.00 0.00
0.90 0.00 0.20 1.00 0.00
0.90 0.00 0.37 1.00 0.00
0.90 0.00 0.55 1.00 0.00
0.90 0.00 0.72 1.00 0.00
0.90 0.00 0.90 1.00 0.00
0.90 0.00 1.07 1.00 0.00
0.90 0.00 1.25 1.00 0.00
0.90 0.00 1.42 1.00 0.00
0.90 0.00 1.60 1.00 0.00
0.90 0.00 1.77 1.00 0.00
0.90 0.00 1.95 1.00 0.00
0.90 0.00 2.12 1.00 0.00
0.90 0.00 2.29 1.00 0.00
0.90 0.00 2.47 1.00 0.00
1.10 0.00 -0.41 1.00 0.00
1.10 0.00 -0.24 1.00 0.00
1.10 0.00 -0.06 1.00 0.00
1.10 0.00 0.11 1.00 0.00
1.10 0.00 0.29 1.00 0.00
1.10 0.00 0.46 1.00 0.00
1.10 0.00 0.64 1.00 0.00
1.10 0.00 0.81 1.00 0.00
1.10 0.00 0.98 1.00 0.00
1.10 0.00 1.16 1.00 0.00
1.10 0.00 1.33 1.00 0.00
1.10 0.00 1.51 1.00 0.00
1.10 0.00 1.68 1.00 0.00
1.10 0.00 1.86 1.00 0.00
1.10 0.00 2.03 1.00 0.00
1.10 0.00 2.21 1.00 0.00
1.10 0.00 2.38 1.00 0.00
1.10 0.00 2.56 1.00 0.00
0.30 0.17 5.58 1.00 0.00
0.30 0.17 5.76 1.00 0.00
0.30 0.17 5.93 1.00 0.00
0.30 0.17 6.11 1.00 0.00
0.30 0.17 6.28 1.00 0.00
0.30 0.17 6.46 1.00 0.00
0.30 0.17 6.63 1.00 0.00
0.30 0.17 6.80 1.00 0.00
0.30 0.17 6.98 1.00 0.00
0.30 0.17 7.15 1.00 0.00
0.30 0.17 7.33 1.00 0.00
0.30 0.17 7.50 1.00 0.00
0.30 0.17 7.68 1.00 0.00
0.30 0.17 7.85 1.00 0.00
0.30 0.17 8.03 1.00 0.00
0.30 0.17 8.20 1.00 0.00
0.30 0.17 8.38 1.00 0.00
0.30 0.17 8.55 1.00 0.00
0.50 0.17 -0.63 1.00 0.00
0.50 0.17 -0.45 1.00 0.00
0.50 0.17 -0.28 1.00 0.00
0.50 0.17 -0.11 1.00 0.00
0.50 0.17 0.07 1.00 0.00
0.50 0.17 0.24 1.00 0.00
0.50 0.17 0.42 1.00 0.00
0.50 0.17 0.59 1.00 0.00
0.50 0.17 0.77 1.00 0.00
0.50 0.17 0.94 1.00 0.00
0.50 0.17 1.12 1.00 0.00
0.50 0.17 1.29 1.00 0.00
0.50 0.17 1.47 1.00 0.00
0.50 0.17 1.64 1.00 0.00
0.50 0.17 1.81 1.00 0.00
0.50 0.17 1.99 1.00 0.00
0.50 0.17 2.16 1.00 0.00
0.50 0.17 2.34 1.00 0.00
0.70 0.17 -0.55 1.00 0.00
0.70 0.17 -0.38 1.00 0.00
0.70 0.17 -0.20 1.00 0.00
0.70 0.17 -0.03 1.00 0.00
0.70 0.17 0.15 1.00 0.00
0.70 0.17 0.32 1.00 0.00
0.70 0.17 0.49 1.00 0.00
0.70 0.17 0.67 1.00 0.00
0.70 0.17 0.84 1.00 0.00
0.70 0.17 1.02 1.00 0.00
0.70 0.17 1.19 1.00 0.00
0.70 0.17 1.37 1.00 0.00
0.70 0.17 1.54 1.00 0.00
0.70 0.17 1.72 1.00 0.00
0.70 0.17 1.89 1.00 0.00
0.70 0.17 2.07 1.00 0.00
0.70 0.17 2.24 1.00 0.00
0.70 0.17 2.41 1.00 0.00
0.90 0.17 -0.47 1.00 0.00
0.90 0.17 -0.30 1.00 0.00
0.90 0.17 -0.12 1.00 0.00
0.90 0.17 0.05 1.00 0.00
0.90 0.17 0.23 1.00 0.00
0.90 0.17 0.40 1.00 0.00
0.90 0.17 0.58 1.00 0.00
0.90 0.17 0.75 1.00 0.00
0.90 0.17 0.93 1.00 0.00
0.90 0.17 1.10 1.00 0.00
0.90 0.17 1.27 1.00 0.00
0.90 0.17 1.45 1.00 0.00
0.90 0.17 1.62 1.00 0.00
0.90 0.17 1.80 1.00 0.00
0.90 0.17 1.97 1.00 0.00
0.90 0.17 2.15 1.00 0.00
0.90 0.17 2.32 1.00 0.00
0.90 0.17 2.50 1.00 0.00
1.10 0.17 -0.38 1.00 0.00
1.10 0.17 -0.21 1.00 0.00
1.10 0.17 -0.04 1.00 0.00
1.10 0.17 0.14 1.00 0.00
1.10 0.17 0.31 1.00 0.00
1.10 0.17 0.49 1.00 0.00
1.10 0.17 0.66 1.00 0.00
1.10 0.17 0.84 1.00 0.00
1.10 0.17 1.01 1.00 0.00
1.10 0.17 1.19 1.00 0.00
1.10 0.17 1.36 1.00 0.00
1.10 0.17 1.54 1.00 0.00
1.10 0.17 1.71 1.00 0.00
1.10 0.17 1.88 1.00 0.00
1.10 0.17 2.06 1.00 0.00
1.10 0.17 2.23 1.00 0.00
1.10 0.17 2.41 1.00 0.00
1.10 0.17 2.58 1.00 0.00
0.30 0.35 -0.69 1.00 0.00
0.30 0.35 -0.52 1.00 0.00
0.30 0.35 -0.34 1.00 0.00
0.30 0.35 -0.17 1.00 0.00
0.30 0.35 0.01 1.00 0.00
0.30 0.35 0.18 1.00 0.00
0.30 0.35 0.36 1.00 0.00
0.30 0.35 0.53 1.00 0.00
0.30 0.35 0.70 1.00 0.00
0.30 0.35 0.88 1.00 0.00
0.30 0.35 1.05 1.00 0.00
0.30 0.35 1.23 1.00 0.00
0.30 0.35 1.40 1.00 0.00
0.30 0.35 1.58 1.00 0.00
0.30 0.35 1.75 1.00 0.00
0.30 0.35 1.93 1.00 0.00
0.30 0.35 2.10 1.00 0.00
0.30 0.35 2.28 1.00 0.00
0.50 0.35 -0.62 1.00 0.00
0.50 0.35 -0.44 1.00 0.00
0.50 0.35 -0.27 1.00 0.00
0.50 0.35 -0.09 1.00 0.00
0.50 0.35 0.08 1.00 0.00
0.50 0.35 0.26 1.00 0.00
0.50 0.35 0.43 1.00 0.00
0.50 0.35 0.61 1.00 0.00
0.50 0.35 0.78 1.00 0.00
0.50 0.35 0.95 1.00 0.00
0.50 0.35 1.13 1.00 0.00
0.50 0.35 1.30 1.00 0.00
0.50 0.35 1.48 1.00 0.00
0.50 0.35 1.65 1.00 0.00
0.50 0.35 1.83 1.00 0.00
0.50 0.35 2.00 1.00 0.00
0.50 0.35 2.18 1.00 0.00
0.50 0.35 2.35 1.00 0.00
0.70 0.35 -0.54 1.00 0.00
0.70 0.35 -0.36 1.00 0.00
0.70 0.35 -0.19 1.00 0.00
0.70 0.35 -0.01 1.00 0.00
0.70 0.35 0.16 1.00 0.00
0.70 0.35 0.33 1.00 0.00
0.70 0.35 0.51 1.00 0.00
0.70 0.35 0.68 1.00 0.00
0.70 0.35 0.86 1.00 0.00
0.70 0.35 1.03 1.00 0.00
0.70 0.35 1.21 1.00 0.00
0.70 0.35 1.38 1.00 0.00
0.70 0.35 1.56 1.00 0.00
0.70 0.35 1.73 1.00 0.00
0.70 0.35 1.91 1.00 0.00
0.70 0.35 2.08 1.00 0.00
0.70 0.35 2.25 1.00 0.00
0.70 0.35 2.43 1.00 0.00
0.90 0.35 -0.46 1.00 0.00
0.90 0.35 -0.28 1.00 0.00
0.90 0.35 -0.11 1.00 0.00
0.90 0.35 0.07 1.00 0.00
0.90 0.35 0.24 1.00 0.00
0.90 0.35 0.42 1.00 0.00
0.90 0.35 0.59 1.00 0.00
0.90 0.35 0.76 1.00 0.00
0.90 0.35 0.94 1.00 0.00
0.90 0.35 1.11 1.00 0.00
0.90 0.35 1.29 1.00 0.00
0.90 0.35 1.46 1.00 0.00
0.90 0.35 1.64 1.00 0.00
0.90 0.35 1.81 1.00 0.00
0.90 0.35 1.99 1.00 0.00
0.90 0.35 2.16 1.00 0.00
0.90 0.35 2.34 1.00 0.00
0.90 0.35 2.51 1.00 0.00
1.10 0.35 -0.37 1.00 0.00
1.10 0.35 -0.20 1.00 0.00
1.10 0.35 -0.03 1.00 0.00
1.10 0.35 0.15 1.00 0.00
1.10 0.35 0.32 1.00 0.00
1.10 0.35 0.50 1.00 0.00
1.10 0.35 0.67 1.00 0.00
1.10 0.35 0.85 1.00 0.00
1.10 0.35 1.02 1.00 0.00
1.10 0.35 1.20 1.00 0.00
1.10 0.35 1.37 1.00 0.00
1.10 0.35 1.54 1.00 0.00
1.10 0.35 1.72 1.00 0.00
1.10 0.35 1.89 1.00 0.00
1.10 0.35 2.07 1.00 0.00
1.10 0.35 2.24 1.00 0.00
1.10 0.35 2.42 1.00 0.00
1.10 0.35 2.59 1.00 0.00
0.30 0.52 -0.69 1.00 0.00
0.30 0.52 -0.51 1.00 0.00
0.30 0.52 -0.34 1.00 0.00
0.30 0.52 -0.16 1.00 0.00
0.30 0.52 0.01 1.00 0.00
0.30 0.52 0.19 1.00 0.00
0.30 0.52 0.36 1.00 0.00
0.30 0.52 0.53 1.00 0.00
0.30 0.52 0.71 1.00 0.00
0.30 0.52 0.88 1.00 0.00
0.30 0.52 1.06 1.00 0.00
0.30 0.52 1.23 1.00 0.00
0.30 0.52 1.41 1.00 0.00
0.30 0.52 1.58 1.00 0.00
0.30 0.52 1.76 1.00 0.00
0.30 0.52 1.93 1.00 0.00
0.30 0.52 2.11 1.00 0.00
0.30 0.52 2.28 1.00 0.00
0.50 0.52 -0.61 1.00 0.00
0.50 0.52 -0.44 1.00 0.00
0.50 0.52 -0.26 1.00 0.00
0.50 0.52 -0.09 1.00 0.00
0.50 0.52 0.09 1.00 0.00
0.50 0.52 0.26 1.00 0.00
0.50 0.52 0.44 1.00 0.00
0.50 0.52 0.61 1.00 0.00
0.50 0.52 0.79 1.00 0.00
0.50 0.52 0.96 1.00 0.00
0.50 0.52 1.13 1.00 0.00
0.50 0.52 1.31 1.00 0.00
0.50 0.52 1.48 1.00 0.00
0.50 0.52 1.66 1.00 0.00
0.50 0.52 1.83 1.00 0.00
0.50 0.52 2.01 1.00 0.00
0.50 0.52 2.18 1.00 0.00
0.50 0.52 2.36 1.00 0.00
0.70 0.52 -0.53 1.00 0.00
0.70 0.52 -0.36 1.00 0.00
0.70 0.52 -0.18 1.00 0.00
0.70 0.52 -0.01 1.00 0.00
0.70 0.52 0.16 1.00 0.00
0.70 0.52 0.34 1.00 0.00
0.70 0.52 0.51 1.00 0.00
0.70 0.52 0.69 1.00 0.00
0.70 0.52 0.86 1.00 0.00
0.70 0.52 1.04 1.00 0.00
0.70 0.52 1.21 1.00 0.00
0.70 0.52 1.39 1.00 0.00
0.70 0.52 1.56 1.00 0.00
0.70 0.52 1.74 1.00 0.00
0.70 0.52 1.91 1.00 0.00
0.70 0.52 2.08 1.00 0.00
0.70 0.52 2.26 1.00 0.00
0.70 0.52 2.43 1.00 0.00
0.90 0.52 -0.46 1.00 0.00
0.90 0.52 -0.28 1.00 0.00
0.90 0.52 -0.11 1.00 0.00
0.90 0.52 0.07 1.00 0.00
0.90 0.52 0.24 1.00 0.00
0.90 0.52 0.42 1.00 0.00
0.90 0.52 0.59 1.00 0.00
0.90 0.52 0.77 1.00 0.00
0.90 0.52 0.94 1.00 0.00
0.90 0.52 1.11 1.00 0.00
0.90 0.52 1.29 1.00 0.00
0.90 0.52 1.46 1.00 0.00
0.90 0.52 1.64 1.00 0.00
0.90 0.52 1.81 1.00 0.00
0.90 0.52 1.99 1.00 0.00
0.90 0.52 2.16 1.00 0.00
0.90 0.52 2.34 1.00 0.00
0.90 0.52 2.51 1.00 0.00
1.10 0.52 -0.38 1.00 0.00
1.10 0.52 -0.20 1.00 0.00
1.10 0.52 -0.03 1.00 0.00
1.10 0.52 0.14 1.00 0.00
1.10 0.52 0.32 1.00 0.00
1.10 0.52 0.49 1.00 0.00
1.10 0.52 0.67 1.00 0.00
1.10 0.52 0.84 1.00 0.00
1.10 0.52 1.02 1.00 0.00
1.10 0.52 1.19 1.00 0.00
1.10 0.52 1.37 1.00 0.00
1.10 0.52 1.54 1.00 0.00
1.10 0.52 1.72 1.00 0.00
1.10 0.52 1.89 1.00 0.00
1.10 0.52 2.06 1.00 0.00
1.10 0.52 2.24 1.00 0.00
1.10 0.52 2.41 1.00 0.00
1.10 0.52 2.59 1.00 0.00
0.30 0.70 -0.69 1.00 0.00
0.30 0.70 -0.51 1.00 0.00
0.30 0.70 -0.34 1.00 0.00
0.30 0.70 -0.16 1.00 0.00
0.30 0.70 0.01 1.00 0.00
0.30 0.70 0.19 1.00 0.00
0.30 0.70 0.36 1.00 0.00
0.30 0.70 0.54 1.00 0.00
0.30 0.70 0.71 1.00 0.00
0.30 0.70 0.89 1.00 0.00
0.30 0.70 1.06 1.00 0.00
0.30 0.70 1.23 1.00 0.00
0.30 0.70 1.41 1.00 0.00
0.30 0.70 1.58 1.00 0.00
0.30 0.70 1.76 1.00 0.00
0.30 0.70 1.93 1.00 0.00
0.30 0.70 2.11 1.00 0.00
0.30 0.70 2.28 1.00 0.00
0.50 0.70 -0.61 1.00 0.00
0.50 0.70 -0.44 1.00 0.00
0.50 0.70 -0.26 1.00 0.00
0.50 0.70 -0.09 1.00 0.00
0.50 0.70 0.09 1.00 0.00
0.50 0.70 0.26 1.00 0.00
0.50 0.70 0.44 1.00 0.00
0.50 0.70 0.61 1.00 0.00
0.50 0.70 0.79 1.00 0.00
0.50 0.70 0.96 1.00 0.00
0.50 0.70 1.13 1.00 0.00
0.50 0.70 1.31 1.00 0.00
0.50 0.70 1.48 1.00 0.00
0.50 0.70 1.66 1.00 0.00
0.50 0.70 1.83 1.00 0.00
0.50 0.70 2.01 1.00 0.00
0.50 0.70 2.18 1.00 0.00
0.50 0.70 2.36 1.00 0.00
0.70 0.70 -0.54 1.00 0.00
0.70 0.70 -0.36 1.00 0.00
0.70 0.70 -0.19 1.00 0.00
0.70 0.70 -0.01 1.00 0.00
0.70 0.70 0.16 1.00 0.00
0.70 0.70 0.34 1.00 0.00
0.70 0.70 0.51 1.00 0.00
0.70 0.70 0.68 1.00 0.00
0.70 0.70 0.86 1.00 0.00
0.70 0.70 1.03 1.00 0.00
0.70 0.70 1.21 1.00 0.00
0.70 0.70 1.38 1.00 0.00
0.70 0.70 1.56 1.00 0.00
0.70 0.70 1.73 1.00 0.00
0.70 0.70 1.91 1.00 0.00
0.70 0.70 2.08 1.00 0.00
0.70 0.70 2.26 1.00 0.00
0.70 0.70 2.43 1.00 0.00
0.90 0.70 -0.46 1.00 0.00
0.90 0.70 -0.29 1.00 0.00
0.90 0.70 -0.12 1.00 0.00
0.90 0.70 0.06 1.00 0.00
0.90 0.70 0.23 1.00 0.00
0.90 0.70 0.41 1.00 0.00
0.90 0.70 0.58 1.00 0.00
0.90 0.70 0.76 1.00 0.00
0.90 0.70 0.93 1.00 0.00
0.90 0.70 1.11 1.00 0.00
0.90 0.70 1.28 1.00 0.00
0.90 0.70 1.46 1.00 0.00
0.90 0.70 1.63 1.00 0.00
0.90 0.70 1.80 1.00 0.00
0.90 0.70 1.98 1.00 0.00
0.90 0.70 2.15 1.00 0.00
0.90 0.70 2.33 1.00 0.00
0.90 0.70 2.50 1.00 0.00
1.10 0.70 -0.40 1.00 0.00
1.10 0.70 -0.22 1.00 0.00
1.10 0.70 -0.05 1.00 0.00
1.10 0.70 0.13 1.00 0.00
1.10 0.70 0.30 1.00 0.00
1.10 0.70 0.48 1.00 0.00
1.10 0.70 0.65 1.00 0.00
1.10 0.70 0.83 1.00 0.00
1.10 0.70 1.00 1.00 0.00
1.10 0.70 1.18 1.00 0.00
1.10 0.70 1.35 1.00 0.00
1.10 0.70 1.52 1.00 0.00
1.10 0.70 1.70 1.00 0.00
1.10 0.70 1.87 1.00 0.00
1.10 0.70 2.05 1.00 0.00
1.10 0.70 2.22 1.00 0.00
1.10 0.70 2.40 1.00 0.00
1.10 0.70 2.57 1.00 0.00
0.30 0.87 -0.69 1.00 0.00
0.30 0.87 -0.51 1.00 0.00
0.30 0.87 -0.34 1.00 0.00
0.30 0.87 -0.16 1.00 0.00
0.30 0.87 0.01 1.00 0.00
0.30 0.87 0.19 1.00 0.00
0.30 0.87 0.36 1.00 0.00
0.30 0.87 0.53 1.00 0.00
0.30 0.87 0.71 1.00 0.00
0.30 0.87 0.88 1.00 0.00
0.30 0.87 1.06 1.00 0.00
0.30 0.87 1.23 1.00 0.00
0.30 0.87 1.41 1.00 0.00
0.30 0.87 1.58 1.00 0.00
0.30 0.87 1.76 1.00 0.00
0.30 0.87 1.93 1.00 0.00
0.30 0.87 2.11 1.00 0.00
0.30 0.87 2.28 1.00 0.00
0.50 0.87 -0.62 1.00 0.00
0.50 0.87 -0.44 1.00 0.00
0.50 0.87 -0.27 1.00 0.00
0.50 0.87 -0.09 1.00 0.00
0.50 0.87 0.08 1.00 0.00
0.50 0.87 0.26 1.00 0.00
0.50 0.87 0.43 1.00 0.00
0.50 0.87 0.61 1.00 0.00
0.50 0.87 0.78 1.00 0.00
0.50 0.87 0.95 1.00 0.00
0.50 0.87 1.13 1.00 0.00
0.50 0.87 1.30 1.00 0.00
0.50 0.87 1.48 1.00 0.00
0.50 0.87 1.65 1.00 0.00
0.50 0.87 1.83 1.00 0.00
0.50 0.87 2.00 1.00 0.00
0.50 0.87 2.18 1.00 0.00
0.50 0.87 2.35 1.00 0.00
0.70 0.87 -0.55 1.00 0.00
0.70 0.87 -0.37 1.00 0.00
0.70 0.87 -0.20 1.00 0.00
0.70 0.87 -0.02 1.00 0.00
0.70 0.87 0.15 1.00 0.00
0.70 0.87 0.33 1.00 0.00
0.70 0.87 0.50 1.00 0.00
0.70 0.87 0.67 1.00 0.00
0.70 0.87 0.85 1.00 0.00
0.70 0.87 1.02 1.00 0.00
0.70 0.87 1.20 1.00 0.00
0.70 0.87 1.37 1.00 0.00
0.70 0.87 1.55 1.00 0.00
0.70 0.87 1.72 1.00 0.00
0.70 0.87 1.90 1.00 0.00
0.70 0.87 2.07 1.00 0.00
0.70 0.87 2.25 1.00 0.00
0.70 0.87 2.42 1.00 0.00
0.90 0.87 -0.48 1.00 0.00
0.90 0.87 -0.31 1.00 0.00
0.90 0.87 -0.13 1.00 0.00
0.90 0.87 0.04 1.00 0.00
0.90 0.87 0.22 1.00 0.00
0.90 0.87 0.39 1.00 0.00
0.90 0.87 0.57 1.00 0.00
0.90 0.87 0.74 1.00 0.00
0.90 0.87 0.91 1.00 0.00
0.90 0.87 1.09 1.00 0.00
0.90 0.87 1.26 1.00 0.00
0.90 0.87 1.44 1.00 0.00
0.90 0.87 1.61 1.00 0.00
0.90 0.87 1.79 1.00 0.00
0.90 0.87 1.96 1.00 0.00
0.90 0.87 2.14 1.00 0.00
0.90 0.87 2.31 1.00 0.00
0.90 0.87 2.49 1.00 0.00
1.10 0.87 -0.42 1.00 0.00
1.10 0.87 -0.25 1.00 0.00
1.10 0.87 -0.07 1.00 0.00
1.10 0.87 0.10 1.00 0.00
1.10 0.87 0.28 1.00 0.00
1.10 0.87 0.45 1.00 0.00
1.10 0.87 0.63 1.00 0.00
1.10 0.87 0.80 1.00 0.00
1.10 0.87 0.98 1.00 0.00
1.10 0.87 1.15 1.00 0.00
1.10 0.87 1.33 1.00 0.00
1.10 0.87 1.50 1.00 0.00
1.10 0.87 1.67 1.00 0.00
1.10 0.87 1.85 1.00 0.00
1.10 0.87 2.02 1.00 0.00
1.10 0.87 2.20 1.00 0.00
1.10 0.87 2.37 1.00 0.00
1.10 0.87 2.55 1.00 0.00
0.30 1.05 -0.69 1.00 0.00
0.30 1.05 -0.52 1.00 0.00
0.30 1.05 -0.34 1.00 0.00
0.30 1.05 -0.17 1.00 0.00
0.30 1.05 0.01 1.00 0.00
0.30 1.05 0.18 1.00 0.00
0.30 1.05 0.35 1.00 0.00
0.30 1.05 0.53 1.00 0.00
0.30 1.05 0.70 1.00 0.00
0.30 1.05 0.88 1.00 0.00
0.30 1.05 1.05 1.00 0.00
0.30 1.05 1.23 1.00 0.00
0.30 1.05 1.40 1.00 0.00
0.30 1.05 1.58 1.00 0.00
0.30 1.05 1.75 1.00 0.00
0.30 1.05 1.93 1.00 0.00
0.30 1.05 2.10 1.00 0.00
0.30 1.05 2.27 1.00 0.00
0.50 1.05 -0.63 1.00 0.00
0.50 1.05 -0.45 1.00 0.00
0.50 1.05 -0.28 1.00 0.00
0.50 1.05 -0.10 1.00 0.00
0.50 1.05 0.07 1.00 0.00
0.50 1.05 0.25 1.00 0.00
0.50 1.05 0.42 1.00 0.00
0.50 1.05 0.60 1.00 0.00
0.50 1.05 0.77 1.00 0.00
0.50 1.05 0.94 1.00 0.00
0.50 1.05 1.12 1.00 0.00
0.50 1.05 1.29 1.00 0.00
0.50 1.05 1.47 1.00 0.00
0.50 1.05 1.64 1.00 0.00
0.50 1.05 1.82 1.00 0.00
0.50 1.05 1.99 1.00 0.00
0.50 1.05 2.17 1.00 0.00
0.50 1.05 2.34 1.00 0.00
0.70 1.05 -0.56 1.00 0.00
0.70 1.05 -0.39 1.00 0.00
0.70 1.05 -0.22 1.00 0.00
0.70 1.05 -0.04 1.00 0.00
0.70 1.05 0.13 1.00 0.00
0.70 1.05 0.31 1.00 0.00
0.70 1.05 0.48 1.00 0.00
0.70 1.05 0.66 1.00 0.00
0.70 1.05 0.83 1.00 0.00
0.70 1.05 1.01 1.00 0.00
0.70 1.05 1.18 1.00 0.00
0.70 1.05 1.36 1.00 0.00
0.70 1.05 1.53 1.00 0.00
0.70 1.05 1.70 1.00 0.00
0.70 1.05 1.88 1.00 0.00
0.70 1.05 2.05 1.00 0.00
0.70 1.05 2.23 1.00 0.00
0.70 1.05 2.40 1.00 0.00
0.90 1.05 -0.51 1.00 0.00
0.90 1.05 -0.33 1.00 0.00
0.90 1.05 -0.16 1.00 0.00
0.90 1.05 0.02 1.00 0.00
0.90 1.05 0.19 1.00 0.00
0.90 1.05 0.37 1.00 0.00
0.90 1.05 0.54 1.00 0.00
0.90 1.05 0.72 1.00 0.00
0.90 1.05 0.89 1.00 0.00
0.90 1.05 1.07 1.00 0.00
0.90 1.05 1.24 1.00 0.00
0.90 1.05 1.41 1.00 0.00
0.90 1.05 1.59 1.00 0.00
0.90 1.05 1.76 1.00 0.00
0.90 1.05 1.94 1.00 0.00
0.90 1.05 2.11 1.00 0.00
0.90 1.05 2.29 1.00 0.00
0.90 1.05 2.46 1.00 0.00
1.10 1.05 -0.45 1.00 0.00
1.10 1.05 -0.28 1.00 0.00
1.10 1.05 -0.10 1.00 0.00
1.10 1.05 0.07 1.00 0.00
1.10 1.05 0.25 1.00 0.00
1.10 1.05 0.42 1.00 0.00
1.10 1.05 0.60 1.00 0.00
1.10 1.05 0.77 1.00 0.00
1.10 1.05 0.95 1.00 0.00
1.10 1.05 1.12 1.00 0.00
1.10 1.05 1.29 1.00 0.00
1.10 1.05 1.47 1.00 0.00
1.10 1.05 1.64 1.00 0.00
1.10 1.05 1.82 1.00 0.00
1.10 1.05 1.99 1.00 0.00
1.10 1.05 2.17 1.00 0.00
1.10 1.05 2.34 1.00 0.00
1.10 1.05 2.52 1.00 0.00
0.30 1.22 5.58 1.00 0.00
0.30 1.22 5.76 1.00 0.00
0.30 1.22 5.93 1.00 0.00
0.30 1.22 6.11 1.00 0.00
0.30 1.22 6.28 1.00 0.00
0.30 1.22 6.46 1.00 0.00
0.30 1.22 6.63 1.00 0.00
0.30 1.22 6.80 1.00 0.00
0.30 1.22 6.98 1.00 0.00
0.30 1.22 7.15 1.00 0.00
0.30 1.22 7.33 1.00 0.00
0.30 1.22 7.50 1.00 0.00
0.30 1.22 7.68 1.00 0.00
0.30 1.22 7.85 1.00 0.00
0.30 1.22 8.03 1.00 0.00
0.30 1.22 8.20 1.00 0.00
0.30 1.22 8.38 1.00 0.00
0.30 1.22 8.55 1.00 0.00
0.50 1.22 -0.64 1.00 0.00
0.50 1.22 -0.47 1.00 0.00
0.50 1.22 -0.29 1.00 0.00
0.50 1.22 -0.12 1.00 0.00
0.50 1.22 0.06 1.00 0.00
0.50 1.22 0.23 1.00 0.00
0.50 1.22 0.41 1.00 0.00
0.50 1.22 0.58 1.00 0.00
0.50 1.22 0.76 1.00 0.00
0.50 1.22 0.93 1.00 0.00
0.50 1.22 1.10 1.00 0.00
0.50 1.22 1.28 1.00 0.00
0.50 1.22 1.45 1.00 0.00
0.50 1.22 1.63 1.00 0.00
0.50 1.22 1.80 1.00 0.00
0.50 1.22 1.98 1.00 0.00
0.50 1.22 2.15 1.00 0.00
0.50 1.22 2.33 1.00 0.00
0.70 1.22 -0.59 1.00 0.00
0.70 1.22 -0.41 1.00 0.00
0.70 1.22 -0.24 1.00 0.00
0.70 1.22 -0.06 1.00 0.00
0.70 1.22 0.11 1.00 0.00
0.70 1.22 0.29 1.00 0.00
0.70 1.22 0.46 1.00 0.00
0.70 1.22 0.64 1.00 0.00
0.70 1.22 0.81 1.00 0.00
0.70 1.22 0.98 1.00 0.00
0.70 1.22 1.16 1.00 0.00
0.70 1.22 1.33 1.00 0.00
0.70 1.22 1.51 1.00 0.00
0.70 1.22 1.68 1.00 0.00
0.70 1.22 1.86 1.00 0.00
0.70 1.22 2.03 1.00 0.00
0.70 1.22 2.21 1.00 0.00
0.70 1.22 2.38 1.00 0.00
0.90 1.22 -0.53 1.00 0.00
0.90 1.22 -0.36 1.00 0.00
0.90 1.22 -0.19 1.00 0.00
0.90 1.22 -0.01 1.00 0.00
0.90 1.22 0.16 1.00 0.00
0.90 1.22 0.34 1.00 0.00
0.90 1.22 0.51 1.00 0.00
0.90 1.22 0.69 1.00 0.00
0.90 1.22 0.86 1.00 0.00
0.90 1.22 1.04 1.00 0.00
0.90 1.22 1.21 1.00 0.00
0.90 1.22 1.38 1.00 0.00
0.90 1.22 1.56 1.00 0.00
0.90 1.22 1.73 1.00 0.00
0.90 1.22 1.91 1.00 0.00
0.90 1.22 2.08 1.00 0.00
0.90 1.22 2.26 1.00 0.00
0.90 1.22 2.43 1.00 0.00
1.10 1.22 -0.49 1.00 0.00
1.10 1.22 -0.31 1.00 0.00
1.10 1.22 -0.14 1.00 0.00
1.10 1.22 0.04 1.00 0.00
1.10 1.22 0.21 1.00 0.00
1.10 1.22 0.38 1.00 0.00
1.10 1.22 0.56 1.00 0.00
1.10 1.22 0.73 1.00 0.00
1.10 1.22 0.91 1.00 0.00
1.10 1.22 1.08 1.00 0.00
1.10 1.22 1.26 1.00 0.00
1.10 1.22 1.43 1.00 0.00
1.10 1.22 1.61 1.00 0.00
1.10 1.22 1.78 1.00 0.00
1.10 1.22 1.96 1.00 0.00
1.10 1.22 2.13 1.00 0.00
1.10 1.22 2.30 1.00 0.00
1.10 1.22 2.48 1.00 0.00
0.30 1.40 5.57 1.00 0.00
0.30 1.40 5.75 1.00 0.00
0.30 1.40 5.92 1.00 0.00
0.30 1.40 6.10 1.00 0.00
0.30 1.40 6.27 1.00 0.00
0.30 1.40 6.45 1.00 0.00
0.30 1.40 6.62 1.00 0.00
0.30 1.40 6.79 1.00 0.00
0.30 1.40 6.97 1.00 0.00
0.30 1.40 7.14 1.00 0.00
0.30 1.40 7.32 1.00 0.00
0.30 1.40 7.49 1.00 0.00
0.30 1.40 7.67 1.00 0.00
0.30 1.40 7.84 1.00 0.00
0.30 1.40 8.02 1.00 0.00
0.30 1.40 8.19 1.00 0.00
0.30 1.40 8.37 1.00 0.00
0.30 1.40 8.54 1.00 0.00
0.50 1.40 -0.66 1.00 0.00
0.50 1.40 -0.48 1.00 0.00
0.50 1.40 -0.31 1.00 0.00
0.50 1.40 -0.14 1.00 0.00
0.50 1.40 0.04 1.00 0.00
0.50 1.40 0.21 1.00 0.00
0.50 1.40 0.39 1.00 0.00
0.50 1.40 0.56 1.00 0.00
0.50 1.40 0.74 1.00 0.00
0.50 1.40 0.91 1.00 0.00
0.50 1.40 1.09 1.00 0.00
0.50 1.40 1.26 1.00 0.00
0.50 1.40 1.44 1.00 0.00
0.50 1.40 1.61 1.00 0.00
0.50 1.40 1.78 1.00 0.00
0.50 1.40 1.96 1.00 0.00
0.50 1.40 2.13 1.00 0.00
0.50 1.40 2.31 1.00 0.00
0.70 1.40 -0.61 1.00 0.00
0.70 1.40 -0.44 1.00 0.00
0.70 1.40 -0.26 1.00 0.00
0.70 1.40 -0.09 1.00 0.00
0.70 1.40 0.09 1.00 0.00
0.70 1.40 0.26 1.00 0.00
0.70 1.40 0.44 1.00 0.00
0.70 1.40 0.61 1.00 0.00
0.70 1.40 0.78 1.00 0.00
0.70 1.40 0.96 1.00 0.00
0.70 1.40 1.13 1.00 0.00
0.70 1.40 1.31 1.00 0.00
0.70 1.40 1.48 1.00 0.00
0.70 1.40 1.66 1.00 0.00
0.70 1.40 1.83 1.00 0.00
0.70 1.40 2.01 1.00 0.00
0.70 1.40 2.18 1.00 0.00
0.70 1.40 2.36 1.00 0.00
0.90 1.40 -0.57 1.00 0.00
0.90 1.40 -0.39 1.00 0.00
0.90 1.40 -0.22 1.00 0.00
0.90 1.40 -0.04 1.00 0.00
0.90 1.40 0.13 1.00 0.00
0.90 1.40 0.30 1.00 0.00
0.90 1.40 0.48 1.00 0.00
0.90 1.40 0.65 1.00 0.00
0.90 1.40 0.83 1.00 0.00
0.90 1.40 1.00 1.00 0.00
0.90 1.40 1.18 1.00 0.00
0.90 1.40 1.35 1.00 0.00
0.90 1.40 1.53 1.00 0.00
0.90 1.40 1.70 1.00 0.00
0.90 1.40 1.88 1.00 0.00
0.90 1.40 2.05 1.00 0.00
0.90 1.40 2.22 1.00 0.00
0.90 1.40 2.40 1.00 0.00
1.10 1.40 -0.53 1.00 0.00
1.10 1.40 -0.35 1.00 0.00
1.10 1.40 -0.18 1.00 0.00
1.10 1.40 -0.01 1.00 0.00
1.10 1.40 0.17 1.00 0.00
1.10 1.40 0.34 1.00 0.00
1.10 1.40 0.52 1.00 0.00
1.10 1.40 0.69 1.00 0.00
1.10 1.40 0.87 1.00 0.00
1.10 1.40 1.04 1.00 0.00
1.10 1.40 1.22 1.00 0.00
1.10 1.40 1.39 1.00 0.00
1.10 1.40 1.57 1.00 0.00
1.10 1.40 1.74 1.00 0.00
1.10 1.40 1.91 1.00 0.00
1.10 1.40 2.09 1.00 0.00
1.10 1.40 2.26 1.00 0.00
1.10 1.40 2.44 1.00 0.00
0.30 1.57 5.56 1.00 0.00
0.30 1.57 5.73 1.00 0.00
0.30 1.57 5.91 1.00 0.00
0.30 1.57 6.08 1.00 0.00
0.30 1.57 6.26 1.00 0.00
0.30 1.57 6.43 1.00 0.00
0.30 1.57 6.61 1.00 0.00
0.30 1.57 6.78 1.00 0.00
0.30 1.57 6.96 1.00 0.00
0.30 1.57 7.13 1.00 0.00
0.30 1.57 7.31 1.00 0.00
0.30 1.57 7.48 1.00 0.00
0.30 1.57 7.65 1.00 0.00
0.30 1.57 7.83 1.00 0.00
0.30 1.57 8.00 1.00 0.00
0.30 1.57 8.18 1.00 0.00
0.30 1.57 8.35 1.00 0.00
0.30 1.57 8.53 1.00 0.00
0.50 1.57 -0.68 1.00 0.00
0.50 1.57 -0.51 1.00 0.00
0.50 1.57 -0.33 1.00 0.00
0.50 1.57 -0.16 1.00 0.00
0.50 1.57 0.02 1.00 0.00
0.50 1.57 0.19 1.00 0.00
0.50 1.57 0.37 1.00 0.00
0.50 1.57 0.54 1.00 0.00
0.50 1.57 0.72 1.00 0.00
0.50 1.57 0.89 1.00 0.00
0.50 1.57 1.07 1.00 0.00
0.50 1.57 1.24 1.00 0.00
0.50 1.57 1.41 1.00 0.00
0.50 1.57 1.59 1.00 0.00
0.50 1.57 1.76 1.00 0.00
0.50 1.57 1.94 1.00 0.00
0.50 1.57 2.11 1.00 0.00
0.50 1.57 2.29 1.00 0.00
0.70 1.57 -0.64 1.00 0.00
0.70 1.57 -0.47 1.00 0.00
0.70 1.57 -0.29 1.00 0.00
0.70 1.57 -0.12 1.00 0.00
0.70 1.57 0.06 1.00 0.00
0.70 1.57 0.23 1.00 0.00
0.70 1.57 0.41 1.00 0.00
0.70 1.57 0.58 1.00 0.00
0.70 1.57 0.76 1.00 0.00
0.70 1.57 0.93 1.00 0.00
0.70 1.57 1.10 1.00 0.00
0.70 1.57 1.28 1.00 0.00
0.70 1.57 1.45 1.00 0.00
0.70 1.57 1.63 1.00 0.00
0.70 1.57 1.80 1.00 0.00
0.70 1.57 1.98 1.00 0.00
0.70 1.57 2.15 1.00 0.00
0.70 1.57 2.33 1.00 0.00
0.90 1.57 -0.61 1.00 0.00
0.90 1.57 -0.43 1.00 0.00
0.90 1.57 -0.26 1.00 0.00
0.90 1.57 -0.08 1.00 0.00
0.90 1.57 0.09 1.00 0.00
0.90 1.57 0.27 1.00 0.00
0.90 1.57 0.44 1.00 0.00
0.90 1.57 0.62 1.00 0.00
0.90 1.57 0.79 1.00 0.00
0.90 1.57 0.97 1.00 0.00
0.90 1.57 1.14 1.00 0.00
0.90 1.57 1.31 1.00 0.00
0.90 1.57 1.49 1.00 0.00
0.90 1.57 1.66 1.00 0.00
0.90 1.57 1.84 1.00 0.00
0.90 1.57 2.01 1.00 0.00
0.90 1.57 2.19 1.00 0.00
0.90 1.57 2.36 1.00 0.00
1.10 1.57 -0.57 1.00 0.00
1.10 1.57 -0.40 1.00 0.00
1.10 1.57 -0.22 1.00 0.00
1.10 1.57 -0.05 1.00 0.00
1.10 1.57 0.13 1.00 0.00
1.10 1.57 0.30 1.00 0.00
1.10 1.57 0.47 1.00 0.00
1.10 1.57 0.65 1.00 0.00
1.10 1.57 0.82 1.00 0.00
1.10 1.57 1.00 1.00 0.00
1.10 1.57 1.17 1.00 0.00
1.10 1.57 1.35 1.00 0.00
1.10 1.57 1.52 1.00 0.00
1.10 1.57 1.70 1.00 0.00
1.10 1.57 1.87 1.00 0.00
1.10 1.57 2.04 1.00 0.00
1.10 1.57 2.22 1.00 0.00
1.10 1.57 2.39 1.00 0.00
0.30 1.75 5.55 1.00 0.00
0.30 1.75 5.72 1.00 0.00
0.30 1.75 5.89 1.00 0.00
0.30 1.75 6.07 1.00 0.00
0.30 1.75 6.24 1.00 0.00
0.30 1.75 6.42 1.00 0.00
0.30 1.75 6.59 1.00 0.00
0.30 1.75 6.77 1.00 0.00
0.30 1.75 6.94 1.00 0.00
0.30 1.75 7.12 1.00 0.00
0.30 1.75 7.29 1.00 0.00
0.30 1.75 7.47 1.00 0.00
0.30 1.75 7.64 1.00 0.00
0.30 1.75 7.81 1.00 0.00
0.30 1.75 7.99 1.00 0.00
0.30 1.75 8.16 1.00 0.00
0.30 1.75 8.34 1.00 0.00
0.30 1.75 8.51 1.00 0.00
0.50 1.75 5.58 1.00 0.00
0.50 1.75 5.75 1.00 0.00
0.50 1.75 5.93 1.00 0.00
0.50 1.75 6.10 1.00 0.00
0.50 1.75 6.28 1.00 0.00
0.50 1.75 6.45 1.00 0.00
0.50 1.75 6.63 1.00 0.00
0.50 1.75 6.80 1.00 0.00
0.50 1.75 6.98 1.00 0.00
0.50 1.75 7.15 1.00 0.00
0.50 1.75 7.33 1.00 0.00
0.50 1.75 7.50 1.00 0.00
0.50 1.75 7.67 1.00 0.00
0.50 1.75 7.85 1.00 0.00
0.50 1.75 8.02 1.00 0.00
0.50 1.75 8.20 1.00 0.00
0.50 1.75 8.37 1.00 0.00
0.50 1.75 8.55 1.00 0.00
0.70 1.75 -0.67 1.00 0.00
0.70 1.75 -0.50 1.00 0.00
0.70 1.75 -0.32 1.00 0.00
0.70 1.75 -0.15 1.00 0.00
0.70 1.75 0.03 1.00 0.00
0.70 1.75 0.20 1.00 0.00
0.70 1.75 0.37 1.00 0.00
0.70 1.75 0.55 1.00 0.00
0.70 1.75 0.72 1.00 0.00
0.70 1.75 0.90 1.00 0.00
0.70 1.75 1.07 1.00 0.00
0.70 1.75 1.25 1.00 0.00
0.70 1.75 1.42 1.00 0.00
0.70 1.75 1.60 1.00 0.00
0.70 1.75 1.77 1.00 0.00
0.70 1.75 1.95 1.00 0.00
0.70 1.75 2.12 1.00 0.00
0.70 1.75 2.29 1.00 0.00
0.90 1.75 -0.64 1.00 0.00
0.90 1.75 -0.47 1.00 0.00
0.90 1.75 -0.30 1.00 0.00
0.90 1.75 -0.12 1.00 0.00
0.90 1.75 0.05 1.00 0.00
0.90 1.75 0.23 1.00 0.00
0.90 1.75 0.40 1.00 0.00
0.90 1.75 0.58 1.00 0.00
0.90 1.75 0.75 1.00 0.00
0.90 1.75 0.93 1.00 0.00
0.90 1.75 1.10 1.00 0.00
0.90 1.75 1.28 1.00 0.00
0.90 1.75 1.45 1.00 0.00
0.90 1.75 1.62 1.00 0.00
0.90 1.75 1.80 1.00 0.00
0.90 1.75 1.97 1.00 0.00
0.90 1.75 2.15 1.00 0.00
0.90 1.75 2.32 1.00 0.00
1.10 1.75 -0.62 1.00 0.00
1.10 1.75 -0.45 1.00 0.00
1.10 1.75 -0.27 1.00 0.00
1.10 1.75 -0.10 1.00 0.00
1.10 1.75 0.08 1.00 0.00
1.10 1.75 0.25 1.00 0.00
1.10 1.75 0.43 1.00 0.00
1.10 1.75 0.60 1.00 0.00
1.10 1.75 0.78 1.00 0.00
1.10 1.75 0.95 1.00 0.00
1.10 1.75 1.13 1.00 0.00
1.10 1.75 1.30 1.00 0.00
1.10 1.75 1.47 1.00 0.00
1.10 1.75 1.65 1.00 0.00
1.10 1.75 1.82 1.00 0.00
1.10 1.75 2.00 1.00 0.00
1.10 1.75 2.17 1.00 0.00
1.10 1.75 2.35 1.00 0.00
0.30 1.92 5.53 1.00 0.00
0.30 1.92 5.70 1.00 0.00
0.30 1.92 5.88 1.00 0.00
0.30 1.92 6.05 1.00 0.00
0.30 1.92 6.23 1.00 0.00
0.30 1.92 6.40 1.00 0.00
0.30 1.92 6.58 1.00 0.00
0.30 1.92 6.75 1.00 0.00
0.30 1.92 6.93 1.00 0.00
0.30 1.92 7.10 1.00 0.00
0.30 1.92 7.28 1.00 0.00
0.30 1.92 7.45 1.00 0.00
0.30 1.92 7.62 1.00 0.00
0.30 1.92 7.80 1.00 0.00
0.30 1.92 7.97 1.00 0.00
0.30 1.92 8.15 1.00 0.00
0.30 1.92 8.32 1.00 0.00
0.30 1.92 8.50 1.00 0.00
0.50 1.92 5.55 1.00 0.00
0.50 1.92 5.73 1.00 0.00
0.50 1.92 5.90 1.00 0.00
0.50 1.92 6.08 1.00 0.00
0.50 1.92 6.25 1.00 0.00
0.50 1.92 6.43 1.00 0.00
0.50 1.92 6.60 1.00 0.00
0.50 1.92 6.78 1.00 0.00
0.50 1.92 6.95 1.00 0.00
0.50 1.92 7.13 1.00 0.00
0.50 1.92 7.30 1.00 0.00
0.50 1.92 7.47 1.00 0.00
0.50 1.92 7.65 1.00 0.00
0.50 1.92 7.82 1.00 0.00
0.50 1.92 8.00 1.00 0.00
0.50 1.92 8.17 1.00 0.00
0.50 1.92 8.35 1.00 0.00
0.50 1.92 8.52 1.00 0.00
0.70 1.92 5.58 1.00 0.00
0.70 1.92 5.75 1.00 0.00
0.70 1.92 5.93 1.00 0.00
0.70 1.92 6.10 1.00 0.00
0.70 1.92 6.28 1.00 0.00
0.70 1.92 6.45 1.00 0.00
0.70 1.92 6.62 1.00 0.00
0.70 1.92 6.80 1.00 0.00
0.70 1.92 6.97 1.00 0.00
0.70 1.92 7.15 1.00 0.00
0.70 1.92 7.32 1.00 0.00
0.70 1.92 7.50 1.00 0.00
0.70 1.92 7.67 1.00 0.00
0.70 1.92 7.85 1.00 0.00
0.70 1.92 8.02 1.00 0.00
0.70 1.92 8.20 1.00 0.00
0.70 1.92 8.37 1.00 0.00
0.70 1.92 8.54 1.00 0.00
0.90 1.92 -0.69 1.00 0.00
0.90 1.92 -0.51 1.00 0.00
0.90 1.92 -0.34 1.00 0.00
0.90 1.92 -0.16 1.00 0.00
0.90 1.92 0.01 1.00 0.00
0.90 1.92 0.19 1.00 0.00
0.90 1.92 0.36 1.00 0.00
0.90 1.92 0.54 1.00 0.00
0.90 1.92 0.71 1.00 0.00
0.90 1.92 0.88 1.00 0.00
0.90 1.92 1.06 1.00 0.00
0.90 1.92 1.23 1.00 0.00
0.90 1.92 1.41 1.00 0.00
0.90 1.92 1.58 1.00 0.00
0.90 1.92 1.76 1.00 0.00
0.90 1.92 1.93 1.00 0.00
0.90 1.92 2.11 1.00 0.00
0.90 1.92 2.28 1.00 0.00
1.10 1.92 -0.67 1.00 0.00
1.10 1.92 -0.49 1.00 0.00
1.10 1.92 -0.32 1.00 0.00
1.10 1.92 -0.14 1.00 0.00
1.10 1.92 0.03 1.00 0.00
1.10 1.92 0.20 1.00 0.00
1.10 1.92 0.38 1.00 0.00
1.10 1.92 0.55 1.00 0.00
1.10 1.92 0.73 1.00 0.00
1.10 1.92 0.90 1.00 0.00
1.10 1.92 1.08 1.00 0.00
1.10 1.92 1.25 1.00 0.00
1.10 1.92 1.43 1.00 0.00
1.10 1.92 1.60 1.00 0.00
1.10 1.92 1.78 1.00 0.00
1.10 1.92 1.95 1.00 0.00
1.10 1.92 2.12 1.00 0.00
1.10 1.92 2.30 1.00 0.00
0.30 2.09 5.51 1.00 0.00
0.30 2.09 5.69 1.00 0.00
0.30 2.09 5.86 1.00 0.00
0.30 2.09 6.04 1.00 0.00
0.30 2.09 6.21 1.00 0.00
0.30 2.09 6.39 1.00 0.00
0.30 2.09 6.56 1.00 0.00
0.30 2.09 6.73 1.00 0.00
0.30 2.09 6.91 1.00 0.00
0.30 2.09 7.08 1.00 0.00
0.30 2.09 7.26 1.00 0.00
0.30 2.09 7.43 1.00 0.00
0.30 2.09 7.61 1.00 0.00
0.30 2.09 7.78 1.00 0.00
0.30 2.09 7.96 1.00 0.00
0.30 2.09 8.13 1.00 0.00
0.30 2.09 8.31 1.00 0.00
0.30 2.09 8.48 1.00 0.00
0.50 2.09 5.53 1.00 0.00
0.50 2.09 5.70 1.00 0.00
0.50 2.09 5.88 1.00 0.00
0.50 2.09 6.05 1.00 0.00
0.50 2.09 6.23 1.00 0.00
0.50 2.09 6.40 1.00 0.00
0.50 2.09 6.58 1.00 0.00
0.50 2.09 6.75 1.00 0.00
0.50 2.09 6.92 1.00 0.00
0.50 2.09 7.10 1.00 0.00
0.50 2.09 7.27 1.00 0.00
0.50 2.09 7.45 1.00 0.00
0.50 2.09 7.62 1.00 0.00
0.50 2.09 7.80 1.00 0.00
0.50 2.09 7.97 1.00 0.00
0.50 2.09 8.15 1.00 0.00
0.50 2.09 8.32 1.00 0.00
0.50 2.09 8.50 1.00 0.00
0.70 2.09 5.54 1.00 0.00
0.70 2.09 5.72 1.00 0.00
0.70 2.09 5.89 1.00 0.00
0.70 2.09 6.07 1.00 0.00
0.70 2.09 6.24 1.00 0.00
0.70 2.09 6.41 1.00 0.00
0.70 2.09 6.59 1.00 0.00
0.70 2.09 6.76 1.00 0.00
0.70 2.09 6.94 1.00 0.00
0.70 2.09 7.11 1.00 0.00
0.70 2.09 7.29 1.00 0.00
0.70 2.09 7.46 1.00 0.00
0.70 2.09 7.64 1.00 0.00
0.70 2.09 7.81 1.00 0.00
0.70 2.09 7.99 1.00 0.00
0.70 2.09 8.16 1.00 0.00
0.70 2.09 8.33 1.00 0.00
0.70 2.09 8.51 1.00 0.00
0.90 2.09 5.55 1.00 0.00
0.90 2.09 5.73 1.00 0.00
0.90 2.09 5.90 1.00 0.00
0.90 2.09 6.08 1.00 0.00
0.90 2.09 6.25 1.00 0.00
0.90 2.09 6.43 1.00 0.00
0.90 2.09 6.60 1.00 0.00
0.90 2.09 6.78 1.00 0.00
0.90 2.09 6.95 1.00 0.00
0.90 2.09 7.13 1.00 0.00
0.90 2.09 7.30 1.00 0.00
0.90 2.09 7.47 1.00 0.00
0.90 2.09 7.65 1.00 0.00
0.90 2.09 7.82 1.00 0.00
0.90 2.09 8.00 1.00 0.00
0.90 2.09 8.17 1.00 0.00
0.90 2.09 8.35 1.00 0.00
0.90 2.09 8.52 1.00 0.00
1.10 2.09 5.57 1.00 0.00
1.10 2.09 5.74 1.00 0.00
1.10 2.09 5.91 1.00 0.00
1.10 2.09 6.09 1.00 0.00
1.10 2.09 6.26 1.00 0.00
1.10 2.09 6.44 1.00 0.00
1.10 2.09 6.61 1.00 0.00
1.10 2.09 6.79 1.00 0.00
1.10 2.09 6.96 1.00 0.00
1.10 2.09 7.14 1.00 0.00
1.10 2.09 7.31 1.00 0.00
1.10 2.09 7.48 1.00 0.00
1.10 2.09 7.66 1.00 0.00
1.10 2.09 7.83 1.00 0.00
1.10 2.09 8.01 1.00 0.00
1.10 2.09 8.18 1.00 0.00
1.10 2.09 8.36 1.00 0.00
1.10 2.09 8.53 1.00 0.00
0.30 2.27 5.50 1.00 0.00
0.30 2.27 5.67 1.00 0.00
0.30 2.27 5.84 1.00 0.00
0.30 2.27 6.02 1.00 0.00
0.30 2.27 6.19 1.00 0.00
0.30 2.27 6.37 1.00 0.00
0.30 2.27 6.54 1.00 0.00
0.30 2.27 6.72 1.00 0.00
0.30 2.27 6.89 1.00 0.00
0.30 2.27 7.07 1.00 0.00
0.30 2.27 7.24 1.00 0.00
0.30 2.27 7.42 1.00 0.00
0.30 2.27 7.59 1.00 0.00
0.30 2.27 7.76 1.00 0.00
0.30 2.27 7.94 1.00 0.00
0.30 2.27 8.11 1.00 0.00
0.30 2.27 8.29 1.00 0.00
0.30 2.27 8.46 1.00 0.00
0.50 2.27 5.50 1.00 0.00
0.50 2.27 5.68 1.00 0.00
0.50 2.27 5.85 1.00 0.00
0.50 2.27 6.02 1.00 0.00
0.50 2.27 6.20 1.00 0.00
0.50 2.27 6.37 1.00 0.00
0.50 2.27 6.55 1.00 0.00
0.50 2.27 6.72 1.00 0.00
0.50 2.27 6.90 1.00 0.00
0.50 2.27 7.07 1.00 0.00
0.50 2.27 7.25 1.00 0.00
0.50 2.27 7.42 1.00 0.00
0.50 2.27 7.60 1.00 0.00
0.50 2.27 7.77 1.00 0.00
0.50 2.27 7.94 1.00 0.00
0.50 2.27 8.12 1.00 0.00
0.50 2.27 8.29 1.00 0.00
0.50 2.27 8.47 1.00 0.00
0.70 2.27 5.51 1.00 0.00
0.70 2.27 5.68 1.00 0.00
0.70 2.27 5.86 1.00 0.00
0.70 2.27 6.03 1.00 0.00
0.70 2.27 6.20 1.00 0.00
0.70 2.27 6.38 1.00 0.00
0.70 2.27 6.55 1.00 0.00
0.70 2.27 6.73 1.00 0.00
0.70 2.27 6.90 1.00 0.00
0.70 2.27 7.08 1.00 0.00
0.70 2.27 7.25 1.00 0.00
0.70 2.27 7.43 1.00 0.00
0.70 2.27 7.60 1.00 0.00
0.70 2.27 7.78 1.00 0.00
0.70 2.27 7.95 1.00 0.00
0.70 2.27 8.12 1.00 0.00
0.70 2.27 8.30 1.00 0.00
0.70 2.27 8.47 1.00 0.00
0.90 2.27 5.51 1.00 0.00
0.90 2.27 5.69 1.00 0.00
0.90 2.27 5.86 1.00 0.00
0.90 2.27 6.03 1.00 0.00
0.90 2.27 6.21 1.00 0.00
0.90 2.27 6.38 1.00 0.00
0.90 2.27 6.56 1.00 0.00
0.90 2.27 6.73 1.00 0.00
0.90 2.27 6.91 1.00 0.00
0.90 2.27 7.08 1.00 0.00
0.90 2.27 7.26 1.00 0.00
0.90 2.27 7.43 1.00 0.00
0.90 2.27 7.61 1.00 0.00
0.90 2.27 7.78 1.00 0.00
0.90 2.27 7.95 1.00 0.00
0.90 2.27 8.13 1.00 0.00
0.90 2.27 8.30 1.00 0.00
0.90 2.27 8.48 1.00 0.00
1.10 2.27 5.51 1.00 0.00
1.10 2.27 5.69 1.00 0.00
1.10 2.27 5.86 1.00 0.00
1.10 2.27 6.04 1.00 0.00
1.10 2.27 6.21 1.00 0.00
1.10 2.27 6.39 1.00 0.00
1.10 2.27 6.56 1.00 0.00
1.10 2.27 6.74 1.00 0.00
1.10 2.27 6.91 1.00 0.00
1.10 2.27 7.09 1.00 0.00
1.10 2.27 7.26 1.00 0.00
1.10 2.27 7.43 1.00 0.00
1.10 2.27 7.61 1.00 0.00
1.10 2.27 7.78 1.00 0.00
1.10 2.27 7.96 1.00 0.00
1.10 2.27 8.13 1.00 0.00
1.10 2.27 8.31 1.00 0.00
1.10 2.27 8.48 1.00 0.00
0.30 2.44 5.48 1.00 0.00
0.30 2.44 5.65 1.00 0.00
0.30 2.44 5.83 1.00 0.00
0.30 2.44 6.00 1.00 0.00
0.30 2.44 6.18 1.00 0.00
0.30 2.44 6.35 1.00 0.00
0.30 2.44 6.53 1.00 0.00
0.30 2.44 6.70 1.00 0.00
0.30 2.44 6.87 1.00 0.00
0.30 2.44 7.05 1.00 0.00
0.30 2.44 7.22 1.00 0.00
0.30 2.44 7.40 1.00 0.00
0.30 2.44 7.57 1.00 0.00
0.30 2.44 7.75 1.00 0.00
0.30 2.44 7.92 1.00 0.00
0.30 2.44 8.10 1.00 0.00
0.30 2.44 8.27 1.00 0.00
0.30 2.44 8.45 1.00 0.00
0.50 2.44 5.47 1.00 0.00
0.50 2.44 5.65 1.00 0.00
0.50 2.44 5.82 1.00 0.00
0.50 2.44 6.00 1.00 0.00
0.50 2.44 6.17 1.00 0.00
0.50 2.44 6.35 1.00 0.00
0.50 2.44 6.52 1.00 0.00
0.50 2.44 6.70 1.00 0.00
0.50 2.44 6.87 1.00 0.00
0.50 2.44 7.04 1.00 0.00
0.50 2.44 7.22 1.00 0.00
0.50 2.44 7.39 1.00 0.00
0.50 2.44 7.57 1.00 0.00
0.50 2.44 7.74 1.00 0.00
0.50 2.44 7.92 1.00 0.00
0.50 2.44 8.09 1.00 0.00
0.50 2.44 8.27 1.00 0.00
0.50 2.44 8.44 1.00 0.00
0.70 2.44 5.47 1.00 0.00
0.70 2.44 5.64 1.00 0.00
0.70 2.44 5.82 1.00 0.00
0.70 2.44 5.99 1.00 0.00
0.70 2.44 6.17 1.00 0.00
0.70 2.44 6.34 1.00 0.00
0.70 2.44 6.52 1.00 0.00
0.70 2.44 6.69 1.00 0.00
0.70 2.44 6.87 1.00 0.00
0.70 2.44 7.04 1.00 0.00
0.70 2.44 7.22 1.00 0.00
0.70 2.44 7.39 1.00 0.00
0.70 2.44 7.56 1.00 0.00
0.70 2.44 7.74 1.00 0.00
0.70 2.44 7.91 1.00 0.00
0.70 2.44 8.09 1.00 0.00
0.70 2.44 8.26 1.00 0.00
0.70 2.44 8.44 1.00 0.00
0.90 2.44 5.47 1.00 0.00
0.90 2.44 5.64 1.00 0.00
0.90 2.44 5.82 1.00 0.00
0.90 2.44 5.99 1.00 0.00
0.90 2.44 6.17 1.00 0.00
0.90 2.44 6.34 1.00 0.00
0.90 2.44 6.51 1.00 0.00
0.90 2.44 6.69 1.00 0.00
0.90 2.44 6.86 1.00 0.00
0.90 2.44 7.04 1.00 0.00
0.90 2.44 7.21 1.00 0.00
0.90 2.44 7.39 1.00 0.00
0.90 2.44 7.56 1.00 0.00
0.90 2.44 7.74 1.00 0.00
0.90 2.44 7.91 1.00 0.00
0.90 2.44 8.08 1.00 0.00
0.90 2.44 8.26 1.00 0.00
0.90 2.44 8.43 1.00 0.00
1.10 2.44 5.46 1.00 0.00
1.10 2.44 5.64 1.00 0.00
1.10 2.44 5.81 1.00 0.00
1.10 2.44 5.99 1.00 0.00
1.10 2.44 6.16 1.00 0.00
1.10 2.44 6.34 1.00 0.00
1.10 2.44 6.51 1.00 0.00
1.10 2.44 6.69 1.00 0.00
1.10 2.44 6.86 1.00 0.00
1.10 2.44 7.03 1.00 0.00
1.10 2.44 7.21 1.00 0.00
1.10 2.44 7.38 1.00 0.00
1.10 2.44 7.56 1.00 0.00
1.10 2.44 7.73 1.00 0.00
1.10 2.44 7.91 1.00 0.00
1.10 2.44 8.08 1.00 0.00
1.10 2.44 8.26 1.00 0.00
1.10 2.44 8.43 1.00 0.00
0.30 2.62 5.46 1.00 0.00
0.30 2.62 5.64 1.00 0.00
0.30 2.62 5.81 1.00 0.00
0.30 2.62 5.98 1.00 0.00
0.30 2.62 6.16 1.00 0.00
0.30 2.62 6.33 1.00 0.00
0.30 2.62 6.51 1.00 0.00
0.30 2.62 6.68 1.00 0.00
0.30 2.62 6.86 1.00 0.00
0.30 2.62 7.03 1.00 0.00
0.30 2.62 7.21 1.00 0.00
0.30 2.62 7.38 1.00 0.00
0.30 2.62 7.56 1.00 0.00
0.30 2.62 7.73 1.00 0.00
0.30 2.62 7.90 1.00 0.00
0.30 2.62 8.08 1.00 0.00
0.30 2.62 8.25 1.00 0.00
0.30 2.62 8.43 1.00 0.00
0.50 2.62 5.45 1.00 0.00
0.50 2.62 5.62 1.00 0.00
0.50 2.62 5.80 1.00 0.00
0.50 2.62 5.97 1.00 0.00
0.50 2.62 6.14 1.00 0.00
0.50 2.62 6.32 1.00 0.00
0.50 2.62 6.49 1.00 0.00
0.50 2.62 6.67 1.00 0.00
0.50 2.62 6.84 1.00 0.00
0.50 2.62 7.02 1.00 0.00
0.50 2.62 7.19 1.00 0.00
0.50 2.62 7.37 1.00 0.00
0.50 2.62 7.54 1.00 0.00
0.50 2.62 7.72 1.00 0.00
0.50 2.62 7.89 1.00 0.00
0.50 2.62 8.06 1.00 0.00
0.50 2.62 8.24 1.00 0.00
0.50 2.62 8.41 1.00 0.00
0.70 2.62 5.43 1.00 0.00
0.70 2.62 5.61 1.00 0.00
0.70 2.62 5.78 1.00 0.00
0.70 2.62 5.96 1.00 0.00
0.70 2.62 6.13 1.00 0.00
0.70 2.62 6.31 1.00 0.00
0.70 2.62 6.48 1.00 0.00
0.70 2.62 6.66 1.00 0.00
0.70 2.62 6.83 1.00 0.00
0.70 2.62 7.01 1.00 0.00
0.70 2.62 7.18 1.00 0.00
0.70 2.62 7.35 1.00 0.00
0.70 2.62 7.53 1.00 0.00
0.70 2.62 7.70 1.00 0.00
0.70 2.62 7.88 1.00 0.00
0.70 2.62 8.05 1.00 0.00
0.70 2.62 8.23 1.00 0.00
0.70 2.62 8.40 1.00 0.00
0.90 2.62 5.42 1.00 0.00
0.90 2.62 5.60 1.00 0.00
0.90 2.62 5.77 1.00 0.00
0.90 2.62 5.95 1.00 0.00
0.90 2.62 6.12 1.00 0.00
0.90 2.62 6.30 1.00 0.00
0.90 2.62 6.47 1.00 0.00
0.90 2.62 6.64 1.00 0.00
0.90 2.62 6.82 1.00 0.00
0.90 2.62 6.99 1.00 0.00
0.90 2.62 7.17 1.00 0.00
0.90 2.62 7.34 1.00 0.00
0.90 2.62 7.52 1.00 0.00
0.90 2.62 7.69 1.00 0.00
0.90 2.62 7.87 1.00 0.00
0.90 2.62 8.04 1.00 0.00
0.90 2.62 8.22 1.00 0.00
0.90 2.62 8.39 1.00 0.00
1.10 2.62 5.41 1.00 0.00
1.10 2.62 5.59 1.00 0.00
1.10 2.62 5.76 1.00 0.00
1.10 2.62 5.94 1.00 0.00
1.10 2.62 6.11 1.00 0.00
1.10 2.62 6.29 1.00 0.00
1.10 2.62 6.46 1.00 0.00
1.10 2.62 6.64 1.00 0.00
1.10 2.62 6.81 1.00 0.00
1.10 2.62 6.98 1.00 0.00
1.10 2.62 7.16 1.00 0.00
1.10 2.62 7.33 1.00 0.00
1.10 2.62 7.51 1.00 0.00
1.10 2.62 7.68 1.00 0.00
1.10 2.62 7.86 1.00 0.00
1.10 2.62 8.03 1.00 0.00
1.10 2.62 8.21 1.00 0.00
1.10 2.62 8.38 1.00 0.00
0.30 2.79 5.44 1.00 0.00
0.30 2.79 5.62 1.00 0.00
0.30 2.79 5.79 1.00 0.00
0.30 2.79 5.97 1.00 0.00
0.30 2.79 6.14 1.00 0.00
0.30 2.79 6.32 1.00 0.00
0.30 2.79 6.49 1.00 0.00
0.30 2.79 6.67 1.00 0.00
0.30 2.79 6.84 1.00 0.00
0.30 2.79 7.01 1.00 0.00
0.30 2.79 7.19 1.00 0.00
0.30 2.79 7.36 1.00 0.00
0.30 2.79 7.54 1.00 0.00
0.30 2.79 7.71 1.00 0.00
0.30 2.79 7.89 1.00 0.00
0.30 2.79 8.06 1.00 0.00
0.30 2.79 8.24 1.00 0.00
0.30 2.79 8.41 1.00 0.00
0.50 2.79 5.42 1.00 0.00
0.50 2.79 5.59 1.00 0.00
0.50 2.79 5.77 1.00 0.00
0.50 2.79 5.94 1.00 0.00
0.50 2.79 6.12 1.00 0.00
0.50 2.79 6.29 1.00 0.00
0.50 2.79 6.47 1.00 0.00
0.50 2.79 6.64 1.00 0.00
0.50 2.79 6.82 1.00 0.00
0.50 2.79 6.99 1.00 0.00
0.50 2.79 7.17 1.00 0.00
0.50 2.79 7.34 1.00 0.00
0.50 2.79 7.51 1.00 0.00
0.50 2.79 7.69 1.00 0.00
0.50 2.79 7.86 1.00 0.00
0.50 2.79 8.04 1.00 0.00
0.50 2.79 8.21 1.00 0.00
0.50 2.79 8.39 1.00 0.00
0.70 2.79 5.40 1.00 0.00
0.70 2.79 5.57 1.00 0.00
0.70 2.79 5.75 1.00 0.00
0.70 2.79 5.92 1.00 0.00
0.70 2.79 6.10 1.00 0.00
0.70 2.79 6.27 1.00 0.00
0.70 2.79 6.45 1.00 0.00
0.70 2.79 6.62 1.00 0.00
0.70 2.79 6.80 1.00 0.00
0.70 2.79 6.97 1.00 0.00
0.70 2.79 7.14 1.00 0.00
0.70 2.79 7.32 1.00 0.00
0.70 2.79 7.49 1.00 0.00
0.70 2.79 7.67 1.00 0.00
0.70 2.79 7.84 1.00 0.00
0.70 2.79 8.02 1.00 0.00
0.70 2.79 8.19 1.00 0.00
0.70 2.79 8.37 1.00 0.00
0.90 2.79 5.38 1.00 0.00
0.90 2.79 5.55 1.00 0.00
0.90 2.79 5.73 1.00 0.00
0.90 2.79 5.90 1.00 0.00
0.90 2.79 6.08 1.00 0.00
0.90 2.79 6.25 1.00 0.00
0.90 2.79 6.43 1.00 0.00
0.90 2.79 6.60 1.00 0.00
0.90 2.79 6.78 1.00 0.00
0.90 2.79 6.95 1.00 0.00
0.90 2.79 7.13 1.00 0.00
0.90 2.79 7.30 1.00 0.00
0.90 2.79 7.47 1.00 0.00
0.90 2.79 7.65 1.00 0.00
0.90 2.79 7.82 1.00 0.00
0.90 2.79 8.00 1.00 0.00
0.90 2.79 8.17 1.00 0.00
0.90 2.79 8.35 1.00 0.00
1.10 2.79 5.36 1.00 0.00
1.10 2.79 5.54 1.00 0.00
1.10 2.79 5.71 1.00 0.00
1.10 2.79 5.89 1.00 0.00
1.10 2.79 6.06 1.00 0.00
1.10 2.79 6.24 1.00 0.00
1.10 2.79 6.41 1.00 0.00
1.10 2.79 6.59 1.00 0.00
1.10 2.79 6.76 1.00 0.00
1.10 2.79 6.93 1.00 0.00
1.10 2.79 7.11 1.00 0.00
1.10 2.79 7.28 1.00 0.00
1.10 2.79 7.46 1.00 0.00
1.10 2.79 7.63 1.00 0.00
1.10 2.79 7.81 1.00 0.00
1.10 2.79 7.98 1.00 0.00
1.10 2.79 8.16 1.00 0.00
1.10 2.79 8.33 1.00 0.00
0.30 2.97 5.43 1.00 0.00
0.30 2.97 5.60 1.00 0.00
0.30 2.97 5.78 1.00 0.00
0.30 2.97 5.95 1.00 0.00
0.30 2.97 6.13 1.00 0.00
0.30 2.97 6.30 1.00 0.00
0.30 2.97 6.48 1.00 0.00
0.30 2.97 6.65 1.00 0.00
0.30 2.97 6.82 1.00 0.00
0.30 2.97 7.00 1.00 0.00
0.30 2.97 7.17 1.00 0.00
0.30 2.97 7.35 1.00 0.00
0.30 2.97 7.52 1.00 0.00
0.30 2.97 7.70 1.00 0.00
0.30 2.97 7.87 1.00 0.00
0.30 2.97 8.05 1.00 0.00
0.30 2.97 8.22 1.00 0.00
0.30 2.97 8.40 1.00 0.00
0.50 2.97 5.39 1.00 0.00
0.50 2.97 5.57 1.00 0.00
0.50 2.97 5.74 1.00 0.00
0.50 2.97 5.92 1.00 0.00
0.50 2.97 6.09 1.00 0.00
0.50 2.97 6.27 1.00 0.00
0.50 2.97 6.44 1.00 0.00
0.50 2.97 6.62 1.00 0.00
0.50 2.97 6.79 1.00 0.00
0.50 2.97 6.97 1.00 0.00
0.50 2.97 7.14 1.00 0.00
0.50 2.97 7.31 1.00 0.00
0.50 2.97 7.49 1.00 0.00
0.50 2.97 7.66 1.00 0.00
0.50 2.97 7.84 1.00 0.00
0.50 2.97 8.01 1.00 0.00
0.50 2.97 8.19 1.00 0.00
0.50 2.97 8.36 1.00 0.00
0.70 2.97 5.37 1.00 0.00
0.70 2.97 5.54 1.00 0.00
0.70 2.97 5.71 1.00 0.00
0.70 2.97 5.89 1.00 0.00
0.70 2.97 6.06 1.00 0.00
0.70 2.97 6.24 1.00 0.00
0.70 2.97 6.41 1.00 0.00
0.70 2.97 6.59 1.00 0.00
0.70 2.97 6.76 1.00 0.00
0.70 2.97 6.94 1.00 0.00
0.70 2.97 7.11 1.00 0.00
0.70 2.97 7.29 1.00 0.00
0.70 2.97 7.46 1.00 0.00
0.70 2.97 7.63 1.00 0.00
0.70 2.97 7.81 1.00 0.00
0.70 2.97 7.98 1.00 0.00
0.70 2.97 8.16 1.00 0.00
0.70 2.97 8.33 1.00 0.00
0.90 2.97 5.34 1.00 0.00
0.90 2.97 5.51 1.00 0.00
0.90 2.97 5.69 1.00 0.00
0.90 2.97 5.86 1.00 0.00
0.90 2.97 6.04 1.00 0.00
0.90 2.97 6.21 1.00 0.00
0.90 2.97 6.39 1.00 0.00
0.90 2.97 6.56 1.00 0.00
0.90 2.97 6.73 1.00 0.00
0.90 2.97 6.91 1.00 0.00
0.90 2.97 7.08 1.00 0.00
0.90 2.97 7.26 1.00 0.00
0.90 2.97 7.43 1.00 0.00
0.90 2.97 7.61 1.00 0.00
0.90 2.97 7.78 1.00 0.00
0.90 2.97 7.96 1.00 0.00
0.90 2.97 8.13 1.00 0.00
0.90 2.97 8.31 1.00 0.00
1.10 2.97 5.31 1.00 0.00
1.10 2.97 5.49 1.00 0.00
1.10 2.97 5.66 1.00 0.00
1.10 2.97 5.84 1.00 0.00
1.10 2.97 6.01 1.00 0.00
1.10 2.97 6.19 1.00 0.00
1.10 2.97 6.36 1.00 0.00
1.10 2.97 6.54 1.00 0.00
1.10 2.97 6.71 1.00 0.00
1.10 2.97 6.89 1.00 0.00
1.10 2.97 7.06 1.00 0.00
1.10 2.97 7.23 1.00 0.00
1.10 2.97 7.41 1.00 0.00
1.10 2.97 7.58 1.00 0.00
1.10 2.97 7.76 1.00 0.00
1.10 2.97 7.93 1.00 0.00
1.10 2.97 8.11 1.00 0.00
1.10 2.97 8.28 1.00 0.00
0.30 3.14 5.41 1.00 0.00
0.30 3.14 5.59 1.00 0.00
0.30 3.14 5.76 1.00 0.00
0.30 3.14 5.94 1.00 0.00
0.30 3.14 6.11 1.00 0.00
0.30 3.14 6.29 1.00 0.00
0.30 3.14 6.46 1.00 0.00
0.30 3.14 6.64 1.00 0.00
0.30 3.14 6.81 1.00 0.00
0.30 3.14 6.98 1.00 0.00
0.30 3.14 7.16 1.00 0.00
0.30 3.14 7.33 1.00 0.00
0.30 3.14 7.51 1.00 0.00
0.30 3.14 7.68 1.00 0.00
0.30 3.14 7.86 1.00 0.00
0.30 3.14 8.03 1.00 0.00
0.30 3.14 8.21 1.00 0.00
0.30 3.14 8.38 1.00 0.00
0.50 3.14 5.37 1.00 0.00
0.50 3.14 5.55 1.00 0.00
0.50 3.14 5.72 1.00 0.00
0.50 3.14 5.89 1.00 0.00
0.50 3.14 6.07 1.00 0.00
0.50 3.14 6.24 1.00 0.00
0.50 3.14 6.42 1.00 0.00
0.50 3.14 6.59 1.00 0.00
0.50 3.14 6.77 1.00 0.00
0.50 3.14 6.94 1.00 0.00
0.50 3.14 7.12 1.00 0.00
0.50 3.14 7.29 1.00 0.00
0.50 3.14 7.47 1.00 0.00
0.50 3.14 7.64 1.00 0.00
0.50 3.14 7.81 1.00 0.00
0.50 3.14 7.99 1.00 0.00
0.50 3.14 8.16 1.00 0.00
0.50 3.14 8.34 1.00 0.00
0.70 3.14 5.33 1.00 0.00
0.70 3.14 5.51 1.00 0.00
0.70 3.14 5.68 1.00 0.00
0.70 3.14 5.86 1.00 0.00
0.70 3.14 6.03 1.00 0.00
0.70 3.14 6.21 1.00 0.00
0.70 3.14 6.38 1.00 0.00
0.70 3.14 6.56 1.00 0.00
0.70 3.14 6.73 1.00 0.00
0.70 3.14 6.90 1.00 0.00
0.70 3.14 7.08 1.00 0.00
0.70 3.14 7.25 1.00 0.00
0.70 3.14 7.43 1.00 0.00
0.70 3.14 7.60 1.00 0.00
0.70 3.14 7.78 1.00 0.00
0.70 3.14 7.95 1.00 0.00
0.70 3.14 8.13 1.00 0.00
0.70 3.14 8.30 1.00 0.00
0.90 3.14 5.30 1.00 0.00
0.90 3.14 5.47 1.00 0.00
0.90 3.14 5.65 1.00 0.00
0.90 3.14 5.82 1.00 0.00
0.90 3.14 6.00 1.00 0.00
0.90 3.14 6.17 1.00 0.00
0.90 3.14 6.35 1.00 0.00
0.90 3.14 6.52 1.00 0.00
0.90 3.14 6.70 1.00 0.00
0.90 3.14 6.87 1.00 0.00
0.90 3.14 7.04 1.00 0.00
0.90 3.14 7.22 1.00 0.00
0.90 3.14 7.39 1.00 0.00
0.90 3.14 7.57 1.00 0.00
0.90 3.14 7.74 1.00 0.00
0.90 3.14 7.92 1.00 0.00
0.90 3.14 8.09 1.00 0.00
0.90 3.14 8.27 1.00 0.00
1.10 3.14 5.27 1.00 0.00
1.10 3.14 5.44 1.00 0.00
1.10 3.14 5.62 1.00 0.00
1.10 3.14 5.79 1.00 0.00
1.10 3.14 5.97 1.00 0.00
1.10 3.14 6.14 1.00 0.00
1.10 3.14 6.31 1.00 0.00
1.10 3.14 6.49 1.00 0.00
1.10 3.14 6.66 1.00 0.00
1.10 3.14 6.84 1.00 0.00
1.10 3.14 7.01 1.00 0.00
1.10 3.14 7.19 1.00 0.00
1.10 3.14 7.36 1.00 0.00
1.10 3.14 7.54 1.00 0.00
1.10 3.14 7.71 1.00 0.00
1.10 3.14 7.89 1.00 0.00
1.10 3.14 8.06 1.00 0.00
1.10 3.14 8.23 1.00 0.00
0.30 3.32 5.40 1.00 0.00
0.30 3.32 5.58 1.00 0.00
0.30 3.32 5.75 1.00 0.00
0.30 3.32 5.92 1.00 0.00
0.30 3.32 6.10 1.00 0.00
0.30 3.32 6.27 1.00 0.00
0.30 3.32 6.45 1.00 0.00
0.30 3.32 6.62 1.00 0.00
0.30 3.32 6.80 1.00 0.00
0.30 3.32 6.97 1.00 0.00
0.30 3.32 7.15 1.00 0.00
0.30 3.32 7.32 1.00 0.00
0.30 3.32 7.50 1.00 0.00
0.30 3.32 7.67 1.00 0.00
0.30 3.32 7.84 1.00 0.00
0.30 3.32 8.02 1.00 0.00
0.30 3.32 8.19 1.00 0.00
0.30 3.32 8.37 1.00 0.00
0.50 3.32 5.35 1.00 0.00
0.50 3.32 5.52 1.00 0.00
0.50 3.32 5.70 1.00 0.00
0.50 3.32 5.87 1.00 0.00
0.50 3.32 6.05 1.00 0.00
0.50 3.32 6.22 1.00 0.00
0.50 3.32 6.40 1.00 0.00
0.50 3.32 6.57 1.00 0.00
0.50 3.32 6.75 1.00 0.00
0.50 3.32 6.92 1.00 0.00
0.50 3.32 7.10 1.00 0.00
0.50 3.32 7.27 1.00 0.00
0.50 3.32 7.44 1.00 0.00
0.50 3.32 7.62 1.00 0.00
0.50 3.32 7.79 1.00 0.00
0.50 3.32 7.97 1.00 0.00
0.50 3.32 8.14 1.00 0.00
0.50 3.32 8.32 1.00 0.00
0.70 3.32 5.30 1.00 0.00
0.70 3.32 5.48 1.00 0.00
0.70 3.32 5.65 1.00 0.00
0.70 3.32 5.83 1.00 0.00
0.70 3.32 6.00 1.00 0.00
0.70 3.32 6.18 1.00 0.00
0.70 3.32 6.35 1.00 0.00
0.70 3.32 6.53 1.00 0.00
0.70 3.32 6.70 1.00 0.00
0.70 3.32 6.87 1.00 0.00
0.70 3.32 7.05 1.00 0.00
0.70 3.32 7.22 1.00 0.00
0.70 3.32 7.40 1.00 0.00
0.70 3.32 7.57 1.00 0.00
0.70 3.32 7.75 1.00 0.00
0.70 3.32 7.92 1.00 0.00
0.70 3.32 8.10 1.00 0.00
0.70 3.32 8.27 1.00 0.00
0.90 3.32 5.26 1.00 0.00
0.90 3.32 5.44 1.00 0.00
0.90 3.32 5.61 1.00 0.00
0.90 3.32 5.79 1.00 0.00
0.90 3.32 5.96 1.00 0.00
0.90 3.32 6.13 1.00 0.00
0.90 3.32 6.31 1.00 0.00
0.90 3.32 6.48 1.00 0.00
0.90 3.32 6.66 1.00 0.00
0.90 3.32 6.83 1.00 0.00
0.90 3.32 7.01 1.00 0.00
0.90 3.32 7.18 1.00 0.00
0.90 3.32 7.36 1.00 0.00
0.90 3.32 7.53 1.00 0.00
0.90 3.32 7.71 1.00 0.00
0.90 3.32 7.88 1.00 0.00
0.90 3.32 8.05 1.00 0.00
0.90 3.32 8.23 1.00 0.00
1.10 3.32 5.22 1.00 0.00
1.10 3.32 5.40 1.00 0.00
1.10 3.32 5.57 1.00 0.00
1.10 3.32 5.75 1.00 0.00
1.10 3.32 5.92 1.00 0.00
1.10 3.32 6.10 1.00 0.00
1.10 3.32 6.27 1.00 0.00
1.10 3.32 6.44 1.00 0.00
1.10 3.32 6.62 1.00 0.00
1.10 3.32 6.79 1.00 0.00
1.10 3.32 6.97 1.00 0.00
1.10 3.32 7.14 1.00 0.00
1.10 3.32 7.32 1.00 0.00
1.10 3.32 7.49 1.00 0.00
1.10 3.32 7.67 1.00 0.00
1.10 3.32 7.84 1.00 0.00
1.10 3.32 8.02 1.00 0.00
1.10 3.32 8.19 1.00 0.00
0.30 3.49 5.39 1.00 0.00
0.30 3.49 5.56 1.00 0.00
0.30 3.49 5.74 1.00 0.00
0.30 3.49 5.91 1.00 0.00
0.30 3.49 6.09 1.00 0.00
0.30 3.49 6.26 1.00 0.00
0.30 3.49 6.44 1.00 0.00
0.30 3.49 6.61 1.00 0.00
0.30 3.49 6.79 1.00 0.00
0.30 3.49 6.96 1.00 0.00
0.30 3.49 7.14 1.00 0.00
0.30 3.49 7.31 1.00 0.00
0.30 3.49 7.48 1.00 0.00
0.30 3.49 7.66 1.00 0.00
0.30 3.49 7.83 1.00 0.00
0.30 3.49 8.01 1.00 0.00
0.30 3.49 8.18 1.00 0.00
0.30 3.49 8.36 1.00 0.00
0.50 3.49 5.33 1.00 0.00
0.50 3.49 5.51 1.00 0.00
0.50 3.49 5.68 1.00 0.00
0.50 3.49 5.86 1.00 0.00
0.50 3.49 6.03 1.00 0.00
0.50 3.49 6.20 1.00 0.00
0.50 3.49 6.38 1.00 0.00
0.50 3.49 6.55 1.00 0.00
0.50 3.49 6.73 1.00 0.00
0.50 3.49 6.90 1.00 0.00
0.50 3.49 7.08 1.00 0.00
0.50 3.49 7.25 1.00 0.00
0.50 3.49 7.43 1.00 0.00
0.50 3.49 7.60 1.00 0.00
0.50 3.49 7.78 1.00 0.00
0.50 3.49 7.95 1.00 0.00
0.50 3.49 8.12 1.00 0.00
0.50 3.49 8.30 1.00 0.00
0.70 3.49 5.28 1.00 0.00
0.70 3.49 5.45 1.00 0.00
0.70 3.49 5.63 1.00 0.00
0.70 3.49 5.80 1.00 0.00
0.70 3.49 5.98 1.00 0.00
0.70 3.49 6.15 1.00 0.00
0.70 3.49 6.32 1.00 0.00
0.70 3.49 6.50 1.00 0.00
0.70 3.49 6.67 1.00 0.00
0.70 3.49 6.85 1.00 0.00
0.70 3.49 7.02 1.00 0.00
0.70 3.49 7.20 1.00 0.00
0.70 3.49 7.37 1.00 0.00
0.70 3.49 7.55 1.00 0.00
0.70 3.49 7.72 1.00 0.00
0.70 3.49 7.90 1.00 0.00
0.70 3.49 8.07 1.00 0.00
0.70 3.49 8.24 1.00 0.00
0.90 3.49 5.23 1.00 0.00
0.90 3.49 5.40 1.00 0.00
0.90 3.49 5.58 1.00 0.00
0.90 3.49 5.75 1.00 0.00
0.90 3.49 5.93 1.00 0.00
0.90 3.49 6.10 1.00 0.00
0.90 3.49 6.27 1.00 0.00
0.90 3.49 6.45 1.00 0.00
0.90 3.49 6.62 1.00 0.00
0.90 3.49 6.80 1.00 0.00
0.90 3.49 6.97 1.00 0.00
0.90 3.49 7.15 1.00 0.00
0.90 3.49 7.32 1.00 0.00
0.90 3.49 7.50 1.00 0.00
0.90 3.49 7.67 1.00 0.00
0.90 3.49 7.85 1.00 0.00
0.90 3.49 8.02 1.00 0.00
0.90 3.49 8.19 1.00 0.00
1.10 3.49 5.18 1.00 0.00
1.10 3.49 5.36 1.00 0.00
1.10 3.49 5.53 1.00 0.00
1.10 3.49 5.71 1.00 0.00
1.10 3.49 5.88 1.00 0.00
1.10 3.49 6.05 1.00 0.00
1.10 3.49 6.23 1.00 0.00
1.10 3.49 6.40 1.00 0.00
1.10 3.49 6.58 1.00 0.00
1.10 3.49 6.75 1.00 0.00
1.10 3.49 6.93 1.00 0.00
1.10 3.49 7.10 1.00 0.00
1.10 3.49 7.28 1.00 0.00
1.10 3.49 7.45 1.00 0.00
1.10 3.49 7.63 1.00 0.00
1.10 3.49 7.80 1.00 0.00
1.10 3.49 7.97 1.00 0.00
1.10 3.49 8.15 1.00 0.00
0.30 3.67 5.38 1.00 0.00
0.30 3.67 5.56 1.00 0.00
0.30 3.67 5.73 1.00 0.00
0.30 3.67 5.91 1.00 0.00
0.30 3.67 6.08 1.00 0.00
0.30 3.67 6.25 1.00 0.00
0.30 3.67 6.43 1.00 0.00
0.30 3.67 6.60 1.00 0.00
0.30 3.67 6.78 1.00 0.00
0.30 3.67 6.95 1.00 0.00
0.30 3.67 7.13 1.00 0.00
0.30 3.67 7.30 1.00 0.00
0.30 3.67 7.48 1.00 0.00
0.30 3.67 7.65 1.00 0.00
0.30 3.67 7.83 1.00 0.00
0.30 3.67 8.00 1.00 0.00
0.30 3.67 8.17 1.00 0.00
0.30 3.67 8.35 1.00 0.00
0.50 3.67 5.32 1.00 0.00
0.50 3.67 5.49 1.00 0.00
0.50 3.67 5.67 1.00 0.00
0.50 3.67 5.84 1.00 0.00
0.50 3.67 6.01 1.00 0.00
0.50 3.67 6.19 1.00 0.00
0.50 3.67 6.36 1.00 0.00
0.50 3.67 6.54 1.00 0.00
0.50 3.67 6.71 1.00 0.00
0.50 3.67 6.89 1.00 0.00
0.50 3.67 7.06 1.00 0.00
0.50 3.67 7.24 1.00 0.00
0.50 3.67 7.41 1.00 0.00
0.50 3.67 7.59 1.00 0.00
0.50 3.67 7.76 1.00 0.00
0.50 3.67 7.93 1.00 0.00
0.50 3.67 8.11 1.00 0.00
0.50 3.67 8.28 1.00 0.00
0.70 3.67 5.26 1.00 0.00
0.70 3.67 5.43 1.00 0.00
0.70 3.67 5.60 1.00 0.00
0.70 3.67 5.78 1.00 0.00
0.70 3.67 5.95 1.00 0.00
0.70 3.67 6.13 1.00 0.00
0.70 3.67 6.30 1.00 0.00
0.70 3.67 6.48 1.00 0.00
0.70 3.67 6.65 1.00 0.00
0.70 3.67 6.83 1.00 0.00
0.70 3.67 7.00 1.00 0.00
0.70 3.67 7.18 1.00 0.00
0.70 3.67 7.35 1.00 0.00
0.70 3.67 7.52 1.00 0.00
0.70 3.67 7.70 1.00 0.00
0.70 3.67 7.87 1.00 0.00
0.70 3.67 8.05 1.00 0.00
0.70 3.67 8.22 1.00 0.00
0.90 3.67 5.20 1.00 0.00
0.90 3.67 5.37 1.00 0.00
0.90 3.67 5.55 1.00 0.00
0.90 3.67 5.72 1.00 0.00
0.90 3.67 5.90 1.00 0.00
0.90 3.67 6.07 1.00 0.00
0.90 3.67 6.24 1.00 0.00
0.90 3.67 6.42 1.00 0.00
0.90 3.67 6.59 1.00 0.00
0.90 3.67 6.77 1.00 0.00
0.90 3.67 6.94 1.00 0.00
0.90 3.67 7.12 1.00 0.00
0.90 3.67 7.29 1.00 0.00
0.90 3.67 7.47 1.00 0.00
0.90 3.67 7.64 1.00 0.00
0.90 3.67 7.82 1.00 0.00
0.90 3.67 7.99 1.00 0.00
0.90 3.67 8.16 1.00 0.00
1.10 3.67 5.14 1.00 0.00
1.10 3.67 5.32 1.00 0.00
1.10 3.67 5.49 1.00 0.00
1.10 3.67 5.67 1.00 0.00
1.10 3.67 5.84 1.00 0.00
1.10 3.67 6.02 1.00 0.00
1.10 3.67 6.19 1.00 0.00
1.10 3.67 6.37 1.00 0.00
1.10 3.67 6.54 1.00 0.00
1.10 3.67 6.72 1.00 0.00
1.10 3.67 6.89 1.00 0.00
1.10 3.67 7.06 1.00 0.00
1.10 3.67 7.24 1.00 0.00
1.10 3.67 7.41 1.00 0.00
1.10 3.67 7.59 1.00 0.00
1.10 3.67 7.76 1.00 0.00
1.10 3.67 7.94 1.00 0.00
1.10 3.67 8.11 1.00 0.00
0.30 3.84 5.38 1.00 0.00
0.30 3.84 5.55 1.00 0.00
0.30 3.84 5.73 1.00 0.00
0.30 3.84 5.90 1.00 0.00
0.30 3.84 6.07 1.00 0.00
0.30 3.84 6.25 1.00 0.00
0.30 3.84 6.42 1.00 0.00
0.30 3.84 6.60 1.00 0.00
0.30 3.84 6.77 1.00 0.00
0.30 3.84 6.95 1.00 0.00
0.30 3.84 7.12 1.00 0.00
0.30 3.84 7.30 1.00 0.00
0.30 3.84 7.47 1.00 0.00
0.30 3.84 7.65 1.00 0.00
0.30 3.84 7.82 1.00 0.00
0.30 3.84 7.99 1.00 0.00
0.30 3.84 8.17 1.00 0.00
0.30 3.84 8.34 1.00 0.00
0.50 3.84 5.31 1.00 0.00
0.50 3.84 5.48 1.00 0.00
0.50 3.84 5.65 1.00 0.00
0.50 3.84 5.83 1.00 0.00
0.50 3.84 6.00 1.00 0.00
0.50 3.84 6.18 1.00 0.00
0.50 3.84 6.35 1.00 0.00
0.50 3.84 6.53 1.00 0.00
0.50 3.84 6.70 1.00 0.00
0.50 3.84 6.88 1.00 0.00
0.50 3.84 7.05 1.00 0.00
0.50 3.84 7.23 1.00 0.00
0.50 3.84 7.40 1.00 0.00
0.50 3.84 7.57 1.00 0.00
0.50 3.84 7.75 1.00 0.00
0.50 3.84 7.92 1.00 0.00
0.50 3.84 8.10 1.00 0.00
0.50 3.84 8.27 1.00 0.00
0.70 3.84 5.24 1.00 0.00
0.70 3.84 5.41 1.00 0.00
0.70 3.84 5.59 1.00 0.00
0.70 3.84 5.76 1.00 0.00
0.70 3.84 5.94 1.00 0.00
0.70 3.84 6.11 1.00 0.00
0.70 3.84 6.28 1.00 0.00
0.70 3.84 6.46 1.00 0.00
0.70 3.84 6.63 1.00 0.00
0.70 3.84 6.81 1.00 0.00
0.70 3.84 6.98 1.00 0.00
0.70 3.84 7.16 1.00 0.00
0.70 3.84 7.33 1.00 0.00
0.70 3.84 7.51 1.00 0.00
0.70 3.84 7.68 1.00 0.00
0.70 3.84 7.86 1.00 0.00
0.70 3.84 8.03 1.00 0.00
0.70 3.84 8.20 1.00 0.00
0.90 3.84 5.17 1.00 0.00
0.90 3.84 5.35 1.00 0.00
0.90 3.84 5.52 1.00 0.00
0.90 3.84 5.70 1.00 0.00
0.90 3.84 5.87 1.00 0.00
0.90 3.84 6.05 1.00 0.00
0.90 3.84 6.22 1.00 0.00
0.90 3.84 6.39 1.00 0.00
0.90 3.84 6.57 1.00 0.00
0.90 3.84 6.74 1.00 0.00
0.90 3.84 6.92 1.00 0.00
0.90 3.84 7.09 1.00 0.00
0.90 3.84 7.27 1.00 0.00
0.90 3.84 7.44 1.00 0.00
0.90 3.84 7.62 1.00 0.00
0.90 3.84 7.79 1.00 0.00
0.90 3.84 7.97 1.00 0.00
0.90 3.84 8.14 1.00 0.00
1.10 3.84 5.11 1.00 0.00
1.10 3.84 5.29 1.00 0.00
1.10 3.84 5.46 1.00 0.00
1.10 3.84 5.64 1.00 0.00
1.10 3.84 5.81 1.00 0.00
1.10 3.84 5.98 1.00 0.00
1.10 3.84 6.16 1.00 0.00
1.10 3.84 6.33 1.00 0.00
1.10 3.84 6.51 1.00 0.00
1.10 3.84 6.68 1.00 0.00
1.10 3.84 6.86 1.00 0.00
1.10 3.84 7.03 1.00 0.00
1.10 3.84 7.21 1.00 0.00
1.10 3.84 7.38 1.00 0.00
1.10 3.84 7.56 1.00 0.00
1.10 3.84 7.73 1.00 0.00
1.10 3.84 7.90 1.00 0.00
1.10 3.84 8.08 1.00 0.00
0.30 4.01 5.37 1.00 0.00
0.30 4.01 5.55 1.00 0.00
0.30 4.01 5.72 1.00 0.00
0.30 4.01 5.90 1.00 0.00
0.30 4.01 6.07 1.00 0.00
0.30 4.01 6.25 1.00 0.00
0.30 4.01 6.42 1.00 0.00
0.30 4.01 6.60 1.00 0.00
0.30 4.01 6.77 1.00 0.00
0.30 4.01 6.94 1.00 0.00
0.30 4.01 7.12 1.00 0.00
0.30 4.01 7.29 1.00 0.00
0.30 4.01 7.47 1.00 0.00
0.30 4.01 7.64 1.00 0.00
0.30 4.01 7.82 1.00 0.00
0.30 4.01 7.99 1.00 0.00
0.30 4.01 8.17 1.00 0.00
0.30 4.01 8.34 1.00 0.00
0.50 4.01 5.30 1.00 0.00
0.50 4.01 5.47 1.00 0.00
0.50 4.01 5.65 1.00 0.00
0.50 4.01 5.82 1.00 0.00
0.50 4.01 6.00 1.00 0.00
0.50 4.01 6.17 1.00 0.00
0.50 4.01 6.35 1.00 0.00
0.50 4.01 6.52 1.00 0.00
0.50 4.01 6.70 1.00 0.00
0.50 4.01 6.87 1.00 0.00
0.50 4.01 7.04 1.00 0.00
0.50 4.01 7.22 1.00 0.00
0.50 4.01 7.39 1.00 0.00
0.50 4.01 7.57 1.00 0.00
0.50 4.01 7.74 1.00 0.00
0.50 4.01 7.92 1.00 0.00
0.50 4.01 8.09 1.00 0.00
0.50 4.01 8.27 1.00 0.00
0.70 4.01 5.23 1.00 0.00
0.70 4.01 5.40 1.00 0.00
0.70 4.01 5.58 1.00 0.00
0.70 4.01 5.75 1.00 0.00
0.70 4.01 5.92 1.00 0.00
0.70 4.01 6.10 1.00 0.00
0.70 4.01 6.27 1.00 0.00
0.70 4.01 6.45 1.00 0.00
0.70 4.01 6.62 1.00 0.00
0.70 4.01 6.80 1.00 0.00
0.70 4.01 6.97 1.00 0.00
0.70 4.01 7.15 1.00 0.00
0.70 4.01 7.32 1.00 0.00
0.70 4.01 7.50 1.00 0.00
0.70 4.01 7.67 1.00 0.00
0.70 4.01 7.84 1.00 0.00
0.70 4.01 8.02 1.00 0.00
0.70 4.01 8.19 1.00 0.00
0.90 4.01 5.16 1.00 0.00
0.90 4.01 5.33 1.00 0.00
0.90 4.01 5.50 1.00 0.00
0.90 4.01 5.68 1.00 0.00
0.90 4.01 5.85 1.00 0.00
0.90 4.01 6.03 1.00 0.00
0.90 4.01 6.20 1.00 0.00
0.90 4.01 6.38 1.00 0.00
0.90 4.01 6.55 1.00 0.00
0.90 4.01 6.73 1.00 0.00
0.90 4.01 6.90 1.00 0.00
0.90 4.01 7.07 1.00 0.00
0.90 4.01 7.25 1.00 0.00
0.90 4.01 7.42 1.00 0.00
0.90 4.01 7.60 1.00 0.00
0.90 4.01 7.77 1.00 0.00
0.90 4.01 7.95 1.00 0.00
0.90 4.01 8.12 1.00 0.00
1.10 4.01 5.09 1.00 0.00
1.10 4.01 5.26 1.00 0.00
1.10 4.01 5.44 1.00 0.00
1.10 4.01 5.61 1.00 0.00
1.10 4.01 5.78 1.00 0.00
1.10 4.01 5.96 1.00 0.00
1.10 4.01 6.13 1.00 0.00
1.10 4.01 6.31 1.00 0.00
1.10 4.01 6.48 1.00 0.00
1.10 4.01 6.66 1.00 0.00
1.10 4.01 6.83 1.00 0.00
1.10 4.01 7.01 1.00 0.00
1.10 4.01 7.18 1.00 0.00
1.10 4.01 7.36 1.00 0.00
1.10 4.01 7.53 1.00 0.00
1.10 4.01 7.70 1.00 0.00
1.10 4.01 7.88 1.00 0.00
1.10 4.01 8.05 1.00 0.00
0.30 4.19 5.37 1.00 0.00
0.30 4.19 5.55 1.00 0.00
0.30 4.19 5.72 1.00 0.00
0.30 4.19 5.90 1.00 0.00
0.30 4.19 6.07 1.00 0.00
0.30 4.19 6.25 1.00 0.00
0.30 4.19 6.42 1.00 0.00
0.30 4.19 6.60 1.00 0.00
0.30 4.19 6.77 1.00 0.00
0.30 4.19 6.95 1.00 0.00
0.30 4.19 7.12 1.00 0.00
0.30 4.19 7.29 1.00 0.00
0.30 4.19 7.47 1.00 0.00
0.30 4.19 7.64 1.00 0.00
0.30 4.19 7.82 1.00 0.00
0.30 4.19 7.99 1.00 0.00
0.30 4.19 8.17 1.00 0.00
0.30 4.19 8.34 1.00 0.00
0.50 4.19 5.30 1.00 0.00
0.50 4.19 5.47 1.00 0.00
0.50 4.19 5.65 1.00 0.00
0.50 4.19 5.82 1.00 0.00
0.50 4.19 6.00 1.00 0.00
0.50 4.19 6.17 1.00 0.00
0.50 4.19 6.35 1.00 0.00
0.50 4.19 6.52 1.00 0.00
0.50 4.19 6.69 1.00 0.00
0.50 4.19 6.87 1.00 0.00
0.50 4.19 7.04 1.00 0.00
0.50 4.19 7.22 1.00 0.00
0.50 4.19 7.39 1.00 0.00
0.50 4.19 7.57 1.00 0.00
0.50 4.19 7.74 1.00 0.00
0.50 4.19 7.92 1.00 0.00
0.50 4.19 8.09 1.00 0.00
0.50 4.19 8.27 1.00 0.00
0.70 4.19 5.22 1.00 0.00
0.70 4.19 5.40 1.00 0.00
0.70 4.19 5.57 1.00 0.00
0.70 4.19 5.75 1.00 0.00
0.70 4.19 5.92 1.00 0.00
0.70 4.19 6.09 1.00 0.00
0.70 4.19 6.27 1.00 0.00
0.70 4.19 6.44 1.00 0.00
0.70 4.19 6.62 1.00 0.00
0.70 4.19 6.79 1.00 0.00
0.70 4.19 6.97 1.00 0.00
0.70 4.19 7.14 1.00 0.00
0.70 4.19 7.32 1.00 0.00
0.70 4.19 7.49 1.00 0.00
0.70 4.19 7.67 1.00 0.00
0.70 4.19 7.84 1.00 0.00
0.70 4.19 8.01 1.00 0.00
0.70 4.19 8.19 1.00 0.00
0.90 4.19 5.14 1.00 0.00
0.90 4.19 5.32 1.00 0.00
0.90 4.19 5.49 1.00 0.00
0.90 4.19 5.67 1.00 0.00
0.90 4.19 5.84 1.00 0.00
0.90 4.19 6.02 1.00 0.00
0.90 4.19 6.19 1.00 0.00
0.90 4.19 6.37 1.00 0.00
0.90 4.19 6.54 1.00 0.00
0.90 4.19 6.72 1.00 0.00
0.90 4.19 6.89 1.00 0.00
0.90 4.19 7.06 1.00 0.00
0.90 4.19 7.24 1.00 0.00
0.90 4.19 7.41 1.00 0.00
0.90 4.19 7.59 1.00 0.00
0.90 4.19 7.76 1.00 0.00
0.90 4.19 7.94 1.00 0.00
0.90 4.19 8.11 1.00 0.00
1.10 4.19 5.07 1.00 0.00
1.10 4.19 5.24 1.00 0.00
1.10 4.19 5.42 1.00 0.00
1.10 4.19 5.59 1.00 0.00
1.10 4.19 5.77 1.00 0.00
1.10 4.19 5.94 1.00 0.00
1.10 4.19 6.12 1.00 0.00
1.10 4.19 6.29 1.00 0.00
1.10 4.19 6.47 1.00 0.00
1.10 4.19 6.64 1.00 0.00
1.10 4.19 6.81 1.00 0.00
1.10 4.19 6.99 1.00 0.00
1.10 4.19 7.16 1.00 0.00
1.10 4.19 7.34 1.00 0.00
1.10 4.19 7.51 1.00 0.00
1.10 4.19 7.69 1.00 0.00
1.10 4.19 7.86 1.00 0.00
1.10 4.19 8.04 1.00 0.00
0.30 4.36 5.38 1.00 0.00
0.30 4.36 5.55 1.00 0.00
0.30 4.36 5.73 1.00 0.00
0.30 4.36 5.90 1.00 0.00
0.30 4.36 6.08 1.00 0.00
0.30 4.36 6.25 1.00 0.00
0.30 4.36 6.43 1.00 0.00
0.30 4.36 6.60 1.00 0.00
0.30 4.36 6.78 1.00 0.00
0.30 4.36 6.95 1.00 0.00
0.30 4.36 7.12 1.00 0.00
0.30 4.36 7.30 1.00 0.00
0.30 4.36 7.47 1.00 0.00
0.30 4.36 7.65 1.00 0.00
0.30 4.36 7.82 1.00 0.00
0.30 4.36 8.00 1.00 0.00
0.30 4.36 8.17 1.00 0.00
0.30 4.36 8.35 1.00 0.00
0.50 4.36 5.30 1.00 0.00
0.50 4.36 5.48 1.00 0.00
0.50 4.36 5.65 1.00 0.00
0.50 4.36 5.83 1.00 0.00
0.50 4.36 6.00 1.00 0.00
0.50 4.36 6.18 1.00 0.00
0.50 4.36 6.35 1.00 0.00
0.50 4.36 6.53 1.00 0.00
0.50 4.36 6.70 1.00 0.00
0.50 4.36 6.87 1.00 0.00
0.50 4.36 7.05 1.00 0.00
0.50 4.36 7.22 1.00 0.00
0.50 4.36 7.40 1.00 0.00
0.50 4.36 7.57 1.00 0.00
0.50 4.36 7.75 1.00 0.00
0.50 4.36 7.92 1.00 0.00
0.50 4.36 8.10 1.00 0.00
0.50 4.36 8.27 1.00 0.00
0.70 4.36 5.23 1.00 0.00
0.70 4.36 5.40 1.00 0.00
0.70 4.36 5.57 1.00 0.00
0.70 4.36 5.75 1.00 0.00
0.70 4.36 5.92 1.00 0.00
0.70 4.36 6.10 1.00 0.00
0.70 4.36 6.27 1.00 0.00
0.70 4.36 6.45 1.00 0.00
0.70 4.36 6.62 1.00 0.00
0.70 4.36 6.80 1.00 0.00
0.70 4.36 6.97 1.00 0.00
0.70 4.36 7.15 1.00 0.00
0.70 4.36 7.32 1.00 0.00
0.70 4.36 7.49 1.00 0.00
0.70 4.36 7.67 1.00 0.00
0.70 4.36 7.84 1.00 0.00
0.70 4.36 8.02 1.00 0.00
0.70 4.36 8.19 1.00 0.00
0.90 4.36 5.14 1.00 0.00
0.90 4.36 5.32 1.00 0.00
0.90 4.36 5.49 1.00 0.00
0.90 4.36 5.67 1.00 0.00
0.90 4.36 5.84 1.00 0.00
0.90 4.36 6.02 1.00 0.00
0.90 4.36 6.19 1.00 0.00
0.90 4.36 6.37 1.00 0.00
0.90 4.36 6.54 1.00 0.00
0.90 4.36 6.72 1.00 0.00
0.90 4.36 6.89 1.00 0.00
0.90 4.36 7.06 1.00 0.00
0.90 4.36 7.24 1.00 0.00
0.90 4.36 7.41 1.00 0.00
0.90 4.36 7.59 1.00 0.00
0.90 4.36 7.76 1.00 0.00
0.90 4.36 7.94 1.00 0.00
0.90 4.36 8.11 1.00 0.00
1.10 4.36 5.06 1.00 0.00
1.10 4.36 5.24 1.00 0.00
1.10 4.36 5.41 1.00 0.00
1.10 4.36 5.59 1.00 0.00
1.10 4.36 5.76 1.00 0.00
1.10 4.36 5.94 1.00 0.00
1.10 4.36 6.11 1.00 0.00
1.10 4.36 6.28 1.00 0.00
1.10 4.36 6.46 1.00 0.00
1.10 4.36 6.63 1.00 0.00
1.10 4.36 6.81 1.00 0.00
1.10 4.36 6.98 1.00 0.00
1.10 4.36 7.16 1.00 0.00
1.10 4.36 7.33 1.00 0.00
1.10 4.36 7.51 1.00 0.00
1.10 4.36 7.68 1.00 0.00
1.10 4.36 7.86 1.00 0.00
1.10 4.36 8.03 1.00 0.00
0.30 4.54 5.39 1.00 0.00
0.30 4.54 5.56 1.00 0.00
0.30 4.54 5.74 1.00 0.00
0.30 4.54 5.91 1.00 0.00
0.30 4.54 6.09 1.00 0.00
0.30 4.54 6.26 1.00 0.00
0.30 4.54 6.43 1.00 0.00
0.30 4.54 6.61 1.00 0.00
0.30 4.54 6.78 1.00 0.00
0.30 4.54 6.96 1.00 0.00
0.30 4.54 7.13 1.00 0.00
0.30 4.54 7.31 1.00 0.00
0.30 4.54 7.48 1.00 0.00
0.30 4.54 7.66 1.00 0.00
0.30 4.54 7.83 1.00 0.00
0.30 4.54 8.01 1.00 0.00
0.30 4.54 8.18 1.00 0.00
0.30 4.54 8.35 1.00 0.00
0.50 4.54 5.32 1.00 0.00
0.50 4.54 5.49 1.00 0.00
0.50 4.54 5.66 1.00 0.00
0.50 4.54 5.84 1.00 0.00
0.50 4.54 6.01 1.00 0.00
0.50 4.54 6.19 1.00 0.00
0.50 4.54 6.36 1.00 0.00
0.50 4.54 6.54 1.00 0.00
0.50 4.54 6.71 1.00 0.00
0.50 4.54 6.89 1.00 0.00
0.50 4.54 7.06 1.00 0.00
0.50 4.54 7.24 1.00 0.00
0.50 4.54 7.41 1.00 0.00
0.50 4.54 7.58 1.00 0.00
0.50 4.54 7.76 1.00 0.00
0.50 4.54 7.93 1.00 0.00
0.50 4.54 8.11 1.00 0.00
0.50 4.54 8.28 1.00 0.00
0.70 4.54 5.24 1.00 0.00
0.70 4.54 5.41 1.00 0.00
0.70 4.54 5.59 1.00 0.00
0.70 4.54 5.76 1.00 0.00
0.70 4.54 5.94 1.00 0.00
0.70 4.54 6.11 1.00 0.00
0.70 4.54 6.29 1.00 0.00
0.70 4.54 6.46 1.00 0.00
0.70 4.54 6.63 1.00 0.00
0.70 4.54 6.81 1.00 0.00
0.70 4.54 6.98 1.00 0.00
0.70 4.54 7.16 1.00 0.00
0.70 4.54 7.33 1.00 0.00
0.70 4.54 7.51 1.00 0.00
0.70 4.54 7.68 1.00 0.00
0.70 4.54 7.86 1.00 0.00
0.70 4.54 8.03 1.00 0.00
0.70 4.54 8.21 1.00 0.00
0.90 4.54 5.16 1.00 0.00
0.90 4.54 5.33 1.00 0.00
0.90 4.54 5.51 1.00 0.00
0.90 4.54 5.68 1.00 0.00
0.90 4.54 5.85 1.00 0.00
0.90 4.54 6.03 1.00 0.00
0.90 4.54 6.20 1.00 0.00
0.90 4.54 6.38 1.00 0.00
0.90 4.54 6.55 1.00 0.00
0.90 4.54 6.73 1.00 0.00
0.90 4.54 6.90 1.00 0.00
0.90 4.54 7.08 1.00 0.00
0.90 4.54 7.25 1.00 0.00
0.90 4.54 7.43 1.00 0.00
0.90 4.54 7.60 1.00 0.00
0.90 4.54 7.77 1.00 0.00
0.90 4.54 7.95 1.00 0.00
0.90 4.54 8.12 1.00 0.00
1.10 4.54 5.07 1.00 0.00
1.10 4.54 5.25 1.00 0.00
1.10 4.54 5.42 1.00 0.00
1.10 4.54 5.59 1.00 0.00
1.10 4.54 5.77 1.00 0.00
1.10 4.54 5.94 1.00 0.00
1.10 4.54 6.12 1.00 0.00
1.10 4.54 6.29 1.00 0.00
1.10 4.54 6.47 1.00 0.00
1.10 4.54 6.64 1.00 0.00
1.10 4.54 6.82 1.00 0.00
1.10 4.54 6.99 1.00 0.00
1.10 4.54 7.17 1.00 0.00
1.10 4.54 7.34 1.00 0.00
1.10 4.54 7.51 1.00 0.00
1.10 4.54 7.69 1.00 0.00
1.10 4.54 7.86 1.00 0.00
1.10 4.54 8.04 1.00 0.00
0.30 4.71 5.40 1.00 0.00
0.30 4.71 5.57 1.00 0.00
0.30 4.71 5.75 1.00 0.00
0.30 4.71 5.92 1.00 0.00
0.30 4.71 6.10 1.00 0.00
0.30 4.71 6.27 1.00 0.00
0.30 4.71 6.45 1.00 0.00
0.30 4.71 6.62 1.00 0.00
0.30 4.71 6.80 1.00 0.00
0.30 4.71 6.97 1.00 0.00
0.30 4.71 7.14 1.00 0.00
0.30 4.71 7.32 1.00 0.00
0.30 4.71 7.49 1.00 0.00
0.30 4.71 7.67 1.00 0.00
0.30 4.71 7.84 1.00 0.00
0.30 4.71 8.02 1.00 0.00
0.30 4.71 8.19 1.00 0.00
0.30 4.71 8.37 1.00 0.00
0.50 4.71 5.33 1.00 0.00
0.50 4.71 5.51 1.00 0.00
0.50 4.71 5.68 1.00 0.00
0.50 4.71 5.86 1.00 0.00
0.50 4.71 6.03 1.00 0.00
0.50 4.71 6.21 1.00 0.00
0.50 4.71 6.38 1.00 0.00
0.50 4.71 6.56 1.00 0.00
0.50 4.71 6.73 1.00 0.00
0.50 4.71 6.90 1.00 0.00
0.50 4.71 7.08 1.00 0.00
0.50 4.71 7.25 1.00 0.00
0.50 4.71 7.43 1.00 0.00
0.50 4.71 7.60 1.00 0.00
0.50 4.71 7.78 1.00 0.00
0.50 4.71 7.95 1.00 0.00
0.50 4.71 8.13 1.00 0.00
0.50 4.71 8.30 1.00 0.00
0.70 4.71 5.26 1.00 0.00
0.70 4.71 5.44 1.00 0.00
0.70 4.71 5.61 1.00 0.00
0.70 4.71 5.78 1.00 0.00
0.70 4.71 5.96 1.00 0.00
0.70 4.71 6.13 1.00 0.00
0.70 4.71 6.31 1.00 0.00
0.70 4.71 6.48 1.00 0.00
0.70 4.71 6.66 1.00 0.00
0.70 4.71 6.83 1.00 0.00
0.70 4.71 7.01 1.00 0.00
0.70 4.71 7.18 1.00 0.00
0.70 4.71 7.36 1.00 0.00
0.70 4.71 7.53 1.00 0.00
0.70 4.71 7.70 1.00 0.00
0.70 4.71 7.88 1.00 0.00
0.70 4.71 8.05 1.00 0.00
0.70 4.71 8.23 1.00 0.00
0.90 4.71 5.18 1.00 0.00
0.90 4.71 5.36 1.00 0.00
0.90 4.71 5.53 1.00 0.00
0.90 4.71 5.71 1.00 0.00
0.90 4.71 5.88 1.00 0.00
0.90 4.71 6.05 1.00 0.00
0.90 4.71 6.23 1.00 0.00
0.90 4.71 6.40 1.00 0.00
0.90 4.71 6.58 1.00 0.00
0.90 4.71 6.75 1.00 0.00
0.90 4.71 6.93 1.00 0.00
0.90 4.71 7.10 1.00 0.00
0.90 4.71 7.28 1.00 0.00
0.90 4.71 7.45 1.00 0.00
0.90 4.71 7.63 1.00 0.00
0.90 4.71 7.80 1.00 0.00
0.90 4.71 7.97 1.00 0.00
0.90 4.71 8.15 1.00 0.00
1.10 4.71 5.10 1.00 0.00
1.10 4.71 5.27 1.00 0.00
1.10 4.71 5.44 1.00 0.00
1.10 4.71 5.62 1.00 0.00
1.10 4.71 5.79 1.00 0.00
1.10 4.71 5.97 1.00 0.00
1.10 4.71 6.14 1.00 0.00
1.10 4.71 6.32 1.00 0.00
1.10 4.71 6.49 1.00 0.00
1.10 4.71 6.67 1.00 0.00
1.10 4.71 6.84 1.00 0.00
1.10 4.71 7.02 1.00 0.00
1.10 4.71 7.19 1.00 0.00
1.10 4.71 7.36 1.00 0.00
1.10 4.71 7.54 1.00 0.00
1.10 4.71 7.71 1.00 0.00
1.10 4.71 7.89 1.00 0.00
1.10 4.71 8.06 1.00 0.00
0.30 4.89 5.41 1.00 0.00
0.30 4.89 5.59 1.00 0.00
0.30 4.89 5.76 1.00 0.00
0.30 4.89 5.94 1.00 0.00
0.30 4.89 6.11 1.00 0.00
0.30 4.89 6.29 1.00 0.00
0.30 4.89 6.46 1.00 0.00
0.30 4.89 6.64 1.00 0.00
0.30 4.89 6.81 1.00 0.00
0.30 4.89 6.98 1.00 0.00
0.30 4.89 7.16 1.00 0.00
0.30 4.89 7.33 1.00 0.00
0.30 4.89 7.51 1.00 0.00
0.30 4.89 7.68 1.00 0.00
0.30 4.89 7.86 1.00 0.00
0.30 4.89 8.03 1.00 0.00
0.30 4.89 8.21 1.00 0.00
0.30 4.89 8.38 1.00 0.00
0.50 4.89 5.36 1.00 0.00
0.50 4.89 5.53 1.00 0.00
0.50 4.89 5.71 1.00 0.00
0.50 4.89 5.88 1.00 0.00
0.50 4.89 6.06 1.00 0.00
0.50 4.89 6.23 1.00 0.00
0.50 4.89 6.41 1.00 0.00
0.50 4.89 6.58 1.00 0.00
0.50 4.89 6.75 1.00 0.00
0.50 4.89 6.93 1.00 0.00
0.50 4.89 7.10 1.00 0.00
0.50 4.89 7.28 1.00 0.00
0.50 4.89 7.45 1.00 0.00
0.50 4.89 7.63 1.00 0.00
0.50 4.89 7.80 1.00 0.00
0.50 4.89 7.98 1.00 0.00
0.50 4.89 8.15 1.00 0.00
0.50 4.89 8.33 1.00 0.00
0.70 4.89 5.29 1.00 0.00
0.70 4.89 5.47 1.00 0.00
0.70 4.89 5.64 1.00 0.00
0.70 4.89 5.82 1.00 0.00
0.70 4.89 5.99 1.00 0.00
0.70 4.89 6.17 1.00 0.00
0.70 4.89 6.34 1.00 0.00
0.70 4.89 6.52 1.00 0.00
0.70 4.89 6.69 1.00 0.00
0.70 4.89 6.87 1.00 0.00
0.70 4.89 7.04 1.00 0.00
0.70 4.89 7.21 1.00 0.00
0.70 4.89 7.39 1.00 0.00
0.70 4.89 7.56 1.00 0.00
0.70 4.89 7.74 1.00 0.00
0.70 4.89 7.91 1.00 0.00
0.70 4.89 8.09 1.00 0.00
0.70 4.89 8.26 1.00 0.00
0.90 4.89 5.22 1.00 0.00
0.90 4.89 5.40 1.00 0.00
0.90 4.89 5.57 1.00 0.00
0.90 4.89 5.75 1.00 0.00
0.90 4.89 5.92 1.00 0.00
0.90 4.89 6.10 1.00 0.00
0.90 4.89 6.27 1.00 0.00
0.90 4.89 6.44 1.00 0.00
0.90 4.89 6.62 1.00 0.00
0.90 4.89 6.79 1.00 0.00
0.90 4.89 6.97 1.00 0.00
0.90 4.89 7.14 1.00 0.00
0.90 4.89 7.32 1.00 0.00
0.90 4.89 7.49 1.00 0.00
0.90 4.89 7.67 1.00 0.00
0.90 4.89 7.84 1.00 0.00
0.90 4.89 8.02 1.00 0.00
0.90 4.89 8.19 1.00 0.00
1.10 4.89 5.14 1.00 0.00
1.10 4.89 5.32 1.00 0.00
1.10 4.89 5.49 1.00 0.00
1.10 4.89 5.66 1.00 0.00
1.10 4.89 5.84 1.00 0.00
1.10 4.89 6.01 1.00 0.00
1.10 4.89 6.19 1.00 0.00
1.10 4.89 6.36 1.00 0.00
1.10 4.89 6.54 1.00 0.00
1.10 4.89 6.71 1.00 0.00
1.10 4.89 6.89 1.00 0.00
1.10 4.89 7.06 1.00 0.00
1.10 4.89 7.24 1.00 0.00
1.10 4.89 7.41 1.00 0.00
1.10 4.89 7.58 1.00 0.00
1.10 4.89 7.76 1.00 0.00
1.10 4.89 7.93 1.00 0.00
1.10 4.89 8.11 1.00 0.00
0.30 5.06 5.43 1.00 0.00
0.30 5.06 5.61 1.00 0.00
0.30 5.06 5.78 1.00 0.00
0.30 5.06 5.96 1.00 0.00
0.30 5.06 6.13 1.00 0.00
0.30 5.06 6.30 1.00 0.00
0.30 5.06 6.48 1.00 0.00
0.30 5.06 6.65 1.00 0.00
0.30 5.06 6.83 1.00 0.00
0.30 5.06 7.00 1.00 0.00
0.30 5.06 7.18 1.00 0.00
0.30 5.06 7.35 1.00 0.00
0.30 5.06 7.53 1.00 0.00
0.30 5.06 7.70 1.00 0.00
0.30 5.06 7.88 1.00 0.00
0.30 5.06 8.05 1.00 0.00
0.30 5.06 8.22 1.00 0.00
0.30 5.06 8.40 1.00 0.00
0.50 5.06 5.39 1.00 0.00
0.50 5.06 5.56 1.00 0.00
0.50 5.06 5.74 1.00 0.00
0.50 5.06 5.91 1.00 0.00
0.50 5.06 6.09 1.00 0.00
0.50 5.06 6.26 1.00 0.00
0.50 5.06 6.44 1.00 0.00
0.50 5.06 6.61 1.00 0.00
0.50 5.06 6.79 1.00 0.00
0.50 5.06 6.96 1.00 0.00
0.50 5.06 7.13 1.00 0.00
0.50 5.06 7.31 1.00 0.00
0.50 5.06 7.48 1.00 0.00
0.50 5.06 7.66 1.00 0.00
0.50 5.06 7.83 1.00 0.00
0.50 5.06 8.01 1.00 0.00
0.50 5.06 8.18 1.00 0.00
0.50 5.06 8.36 1.00 0.00
0.70 5.06 5.34 1.00 0.00
0.70 5.06 5.51 1.00 0.00
0.70 5.06 5.69 1.00 0.00
0.70 5.06 5.86 1.00 0.00
0.70 5.06 6.04 1.00 0.00
0.70 5.06 6.21 1.00 0.00
0.70 5.06 6.39 1.00 0.00
0.70 5.06 6.56 1.00 0.00
0.70 5.06 6.74 1.00 0.00
0.70 5.06 6.91 1.00 0.00
0.70 5.06 7.08 1.00 0.00
0.70 5.06 7.26 1.00 0.00
0.70 5.06 7.43 1.00 0.00
0.70 5.06 7.61 1.00 0.00
0.70 5.06 7.78 1.00 0.00
0.70 5.06 7.96 1.00 0.00
0.70 5.06 8.13 1.00 0.00
0.70 5.06 8.31 1.00 0.00
0.90 5.06 5.28 1.00 0.00
0.90 5.06 5.45 1.00 0.00
0.90 5.06 5.63 1.00 0.00
0.90 5.06 5.80 1.00 0.00
0.90 5.06 5.98 1.00 0.00
0.90 5.06 6.15 1.00 0.00
0.90 5.06 6.33 1.00 0.00
0.90 5.06 6.50 1.00 0.00
0.90 5.06 6.68 1.00 0.00
0.90 5.06 6.85 1.00 0.00
0.90 5.06 7.03 1.00 0.00
0.90 5.06 7.20 1.00 0.00
0.90 5.06 7.37 1.00 0.00
0.90 5.06 7.55 1.00 0.00
0.90 5.06 7.72 1.00 0.00
0.90 5.06 7.90 1.00 0.00
0.90 5.06 8.07 1.00 0.00
0.90 5.06 8.25 1.00 0.00
1.10 5.06 5.21 1.00 0.00
1.10 5.06 5.39 1.00 0.00
1.10 5.06 5.56 1.00 0.00
1.10 5.06 5.73 1.00 0.00
1.10 5.06 5.91 1.00 0.00
1.10 5.06 6.08 1.00 0.00
1.10 5.06 6.26 1.00 0.00
1.10 5.06 6.43 1.00 0.00
1.10 5.06 6.61 1.00 0.00
1.10 5.06 6.78 1.00 0.00
1.10 5.06 6.96 1.00 0.00
1.10 5.06 7.13 1.00 0.00
1.10 5.06 7.31 1.00 0.00
1.10 5.06 7.48 1.00 0.00
1.10 5.06 7.65 1.00 0.00
1.10 5.06 7.83 1.00 0.00
1.10 5.06 8.00 1.00 0.00
1.10 5.06 8.18 1.00 0.00
0.30 5.24 5.45 1.00 0.00
0.30 5.24 5.63 1.00 0.00
0.30 5.24 5.80 1.00 0.00
0.30 5.24 5.98 1.00 0.00
0.30 5.24 6.15 1.00 0.00
0.30 5.24 6.32 1.00 0.00
0.30 5.24 6.50 1.00 0.00
0.30 5.24 6.67 1.00 0.00
0.30 5.24 6.85 1.00 0.00
0.30 5.24 7.02 1.00 0.00
0.30 5.24 7.20 1.00 0.00
0.30 5.24 7.37 1.00 0.00
0.30 5.24 7.55 1.00 0.00
0.30 5.24 7.72 1.00 0.00
0.30 5.24 7.90 1.00 0.00
0.30 5.24 8.07 1.00 0.00
0.30 5.24 8.24 1.00 0.00
0.30 5.24 8.42 1.00 0.00
0.50 5.24 5.42 1.00 0.00
0.50 5.24 5.60 1.00 0.00
0.50 5.24 5.77 1.00 0.00
0.50 5.24 5.95 1.00 0.00
0.50 5.24 6.12 1.00 0.00
0.50 5.24 6.30 1.00 0.00
0.50 5.24 6.47 1.00 0.00
0.50 5.24 6.65 1.00 0.00
0.50 5.24 6.82 1.00 0.00
0.50 5.24 7.00 1.00 0.00
0.50 5.24 7.17 1.00 0.00
0.50 5.24 7.34 1.00 0.00
0.50 5.24 7.52 1.00 0.00
0.50 5.24 7.69 1.00 0.00
0.50 5.24 7.87 1.00 0.00
0.50 5.24 8.04 1.00 0.00
0.50 5.24 8.22 1.00 0.00
0.50 5.24 8.39 1.00 0.00
0.70 5.24 5.39 1.00 0.00
0.70 5.24 5.57 1.00 0.00
0.70 5.24 5.74 1.00 0.00
0.70 5.24 5.92 1.00 0.00
0.70 5.24 6.09 1.00 0.00
0.70 5.24 6.26 1.00 0.00
0.70 5.24 6.44 1.00 0.00
0.70 5.24 6.61 1.00 0.00
0.70 5.24 6.79 1.00 0.00
0.70 5.24 6.96 1.00 0.00
0.70 5.24 7.14 1.00 0.00
0.70 5.24 7.31 1.00 0.00
0.70 5.24 7.49 1.00 0.00
0.70 5.24 7.66 1.00 0.00
0.70 5.24 7.84 1.00 0.00
0.70 5.24 8.01 1.00 0.00
0.70 5.24 8.18 1.00 0.00
0.70 5.24 8.36 1.00 0.00
0.90 5.24 5.35 1.00 0.00
0.90 5.24 5.53 1.00 0.00
0.90 5.24 5.70 1.00 0.00
0.90 5.24 5.88 1.00 0.00
0.90 5.24 6.05 1.00 0.00
0.90 5.24 6.23 1.00 0.00
0.90 5.24 6.40 1.00 0.00
0.90 5.24 6.57 1.00 0.00
0.90 5.24 6.75 1.00 0.00
0.90 5.24 6.92 1.00 0.00
0.90 5.24 7.10 1.00 0.00
0.90 5.24 7.27 1.00 0.00
0.90 5.24 7.45 1.00 0.00
0.90 5.24 7.62 1.00 0.00
0.90 5.24 7.80 1.00 0.00
0.90 5.24 7.97 1.00 0.00
0.90 5.24 8.15 1.00 0.00
0.90 5.24 8.32 1.00 0.00
1.10 5.24 5.30 1.00 0.00
1.10 5.24 5.48 1.00 0.00
1.10 5.24 5.65 1.00 0.00
1.10 5.24 5.83 1.00 0.00
1.10 5.24 6.00 1.00 0.00
1.10 5.24 6.18 1.00 0.00
1.10 5.24 6.35 1.00 0.00
1.10 5.24 6.53 1.00 0.00
1.10 5.24 6.70 1.00 0.00
1.10 5.24 6.88 1.00 0.00
1.10 5.24 7.05 1.00 0.00
1.10 5.24 7.22 1.00 0.00
1.10 5.24 7.40 1.00 0.00
1.10 5.24 7.57 1.00 0.00
1.10 5.24 7.75 1.00 0.00
1.10 5.24 7.92 1.00 0.00
1.10 5.24 8.10 1.00 0.00
1.10 5.24 8.27 1.00 0.00
0.30 5.41 5.47 1.00 0.00
0.30 5.41 5.65 1.00 0.00
0.30 5.41 5.82 1.00 0.00
0.30 5.41 6.00 1.00 0.00
0.30 5.41 6.17 1.00 0.00
0.30 5.41 6.35 1.00 0.00
0.30 5.41 6.52 1.00 0.00
0.30 5.41 6.70 1.00 0.00
0.30 5.41 6.87 1.00 0.00
0.30 5.41 7.04 1.00 0.00
0.30 5.41 7.22 1.00 0.00
0.30 5.41 7.39 1.00 0.00
0.30 5.41 7.57 1.00 0.00
0.30 5.41 7.74 1.00 0.00
0.30 5.41 7.92 1.00 0.00
0.30 5.41 8.09 1.00 0.00
0.30 5.41 8.27 1.00 0.00
0.30 5.41 8.44 1.00 0.00
0.50 5.41 5.46 1.00 0.00
0.50 5.41 5.64 1.00 0.00
0.50 5.41 5.81 1.00 0.00
0.50 5.41 5.99 1.00 0.00
0.50 5.41 6.16 1.00 0.00
0.50 5.41 6.34 1.00 0.00
0.50 5.41 6.51 1.00 0.00
0.50 5.41 6.68 1.00 0.00
0.50 5.41 6.86 1.00 0.00
0.50 5.41 7.03 1.00 0.00
0.50 5.41 7.21 1.00 0.00
0.50 5.41 7.38 1.00 0.00
0.50 5.41 7.56 1.00 0.00
0.50 5.41 7.73 1.00 0.00
0.50 5.41 7.91 1.00 0.00
0.50 5.41 8.08 1.00 0.00
0.50 5.41 8.26 1.00 0.00
0.50 5.41 8.43 1.00 0.00
0.70 5.41 5.45 1.00 0.00
0.70 5.41 5.63 1.00 0.00
0.70 5.41 5.80 1.00 0.00
0.70 5.41 5.97 1.00 0.00
0.70 5.41 6.15 1.00 0.00
0.70 5.41 6.32 1.00 0.00
0.70 5.41 6.50 1.00 0.00
0.70 5.41 6.67 1.00 0.00
0.70 5.41 6.85 1.00 0.00
0.70 5.41 7.02 1.00 0.00
0.70 5.41 7.20 1.00 0.00
0.70 5.41 7.37 1.00 0.00
0.70 5.41 7.55 1.00 0.00
0.70 5.41 7.72 1.00 0.00
0.70 5.41 7.89 1.00 0.00
0.70 5.41 8.07 1.00 0.00
0.70 5.41 8.24 1.00 0.00
0.70 5.41 8.42 1.00 0.00
0.90 5.41 5.44 1.00 0.00
0.90 5.41 5.61 1.00 0.00
0.90 5.41 5.78 1.00 0.00
0.90 5.41 5.96 1.00 0.00
0.90 5.41 6.13 1.00 0.00
0.90 5.41 6.31 1.00 0.00
0.90 5.41 6.48 1.00 0.00
0.90 5.41 6.66 1.00 0.00
0.90 5.41 6.83 1.00 0.00
0.90 5.41 7.01 1.00 0.00
0.90 5.41 7.18 1.00 0.00
0.90 5.41 7.36 1.00 0.00
0.90 5.41 7.53 1.00 0.00
0.90 5.41 7.70 1.00 0.00
0.90 5.41 7.88 1.00 0.00
0.90 5.41 8.05 1.00 0.00
0.90 5.41 8.23 1.00 0.00
0.90 5.41 8.40 1.00 0.00
1.10 5.41 5.42 1.00 0.00
1.10 5.41 5.59 1.00 0.00
1.10 5.41 5.77 1.00 0.00
1.10 5.41 5.94 1.00 0.00
1.10 5.41 6.12 1.00 0.00
1.10 5.41 6.29 1.00 0.00
1.10 5.41 6.46 1.00 0.00
1.10 5.41 6.64 1.00 0.00
1.10 5.41 6.81 1.00 0.00
1.10 5.41 6.99 1.00 0.00
1.10 5.41 7.16 1.00 0.00
1.10 5.41 7.34 1.00 0.00
1.10 5.41 7.51 1.00 0.00
1.10 5.41 7.69 1.00 0.00
1.10 5.41 7.86 1.00 0.00
1.10 5.41 8.04 1.00 0.00
1.10 5.41 8.21 1.00 0.00
1.10 5.41 8.38 1.00 0.00
0.30 5.59 5.50 1.00 0.00
0.30 5.59 5.67 1.00 0.00
0.30 5.59 5.84 1.00 0.00
0.30 5.59 6.02 1.00 0.00
0.30 5.59 6.19 1.00 0.00
0.30 5.59 6.37 1.00 0.00
0.30 5.59 6.54 1.00 0.00
0.30 5.59 6.72 1.00 0.00
0.30 5.59 6.89 1.00 0.00
0.30 5.59 7.07 1.00 0.00
0.30 5.59 7.24 1.00 0.00
0.30 5.59 7.42 1.00 0.00
0.30 5.59 7.59 1.00 0.00
0.30 5.59 7.76 1.00 0.00
0.30 5.59 7.94 1.00 0.00
0.30 5.59 8.11 1.00 0.00
0.30 5.59 8.29 1.00 0.00
0.30 5.59 8.46 1.00 0.00
0.50 5.59 5.50 1.00 0.00
0.50 5.59 5.68 1.00 0.00
0.50 5.59 5.85 1.00 0.00
0.50 5.59 6.03 1.00 0.00
0.50 5.59 6.20 1.00 0.00
0.50 5.59 6.38 1.00 0.00
0.50 5.59 6.55 1.00 0.00
0.50 5.59 6.72 1.00 0.00
0.50 5.59 6.90 1.00 0.00
0.50 5.59 7.07 1.00 0.00
0.50 5.59 7.25 1.00 0.00
0.50 5.59 7.42 1.00 0.00
0.50 5.59 7.60 1.00 0.00
0.50 5.59 7.77 1.00 0.00
0.50 5.59 7.95 1.00 0.00
0.50 5.59 8.12 1.00 0.00
0.50 5.59 8.30 1.00 0.00
0.50 5.59 8.47 1.00 0.00
0.70 5.59 5.51 1.00 0.00
0.70 5.59 5.69 1.00 0.00
0.70 5.59 5.86 1.00 0.00
0.70 5.59 6.04 1.00 0.00
0.70 5.59 6.21 1.00 0.00
0.70 5.59 6.38 1.00 0.00
0.70 5.59 6.56 1.00 0.00
0.70 5.59 6.73 1.00 0.00
0.70 5.59 6.91 1.00 0.00
0.70 5.59 7.08 1.00 0.00
0.70 5.59 7.26 1.00 0.00
0.70 5.59 7.43 1.00 0.00
0.70 5.59 7.61 1.00 0.00
0.70 5.59 7.78 1.00 0.00
0.70 5.59 7.96 1.00 0.00
0.70 5.59 8.13 1.00 0.00
0.70 5.59 8.30 1.00 0.00
0.70 5.59 8.48 1.00 0.00
0.90 5.59 5.52 1.00 0.00
0.90 5.59 5.70 1.00 0.00
0.90 5.59 5.87 1.00 0.00
0.90 5.59 6.05 1.00 0.00
0.90 5.59 6.22 1.00 0.00
0.90 5.59 6.40 1.00 0.00
0.90 5.59 6.57 1.00 0.00
0.90 5.59 6.75 1.00 0.00
0.90 5.59 6.92 1.00 0.00
0.90 5.59 7.09 1.00 0.00
0.90 5.59 7.27 1.00 0.00
0.90 5.59 7.44 1.00 0.00
0.90 5.59 7.62 1.00 0.00
0.90 5.59 7.79 1.00 0.00
0.90 5.59 7.97 1.00 0.00
0.90 5.59 8.14 1.00 0.00
0.90 5.59 8.32 1.00 0.00
0.90 5.59 8.49 1.00 0.00
1.10 5.59 5.54 1.00 0.00
1.10 5.59 5.71 1.00 0.00
1.10 5.59 5.89 1.00 0.00
1.10 5.59 6.06 1.00 0.00
1.10 5.59 6.24 1.00 0.00
1.10 5.59 6.41 1.00 0.00
1.10 5.59 6.59 1.00 0.00
1.10 5.59 6.76 1.00 0.00
1.10 5.59 6.93 1.00 0.00
1.10 5.59 7.11 1.00 0.00
1.10 5.59 7.28 1.00 0.00
1.10 5.59 7.46 1.00 0.00
1.10 5.59 7.63 1.00 0.00
1.10 5.59 7.81 1.00 0.00
1.10 5.59 7.98 1.00 0.00
1.10 5.59 8.16 1.00 0.00
1.10 5.59 8.33 1.00 0.00
1.10 5.59 8.50 1.00 0.00
0.30 5.76 5.52 1.00 0.00
0.30 5.76 5.69 1.00 0.00
0.30 5.76 5.87 1.00 0.00
0.30 5.76 6.04 1.00 0.00
0.30 5.76 6.21 1.00 0.00
0.30 5.76 6.39 1.00 0.00
0.30 5.76 6.56 1.00 0.00
0.30 5.76 6.74 1.00 0.00
0.30 5.76 6.91 1.00 0.00
0.30 5.76 7.09 1.00 0.00
0.30 5.76 7.26 1.00 0.00
0.30 5.76 7.44 1.00 0.00
0.30 5.76 7.61 1.00 0.00
0.30 5.76 7.79 1.00 0.00
0.30 5.76 7.96 1.00 0.00
0.30 5.76 8.13 1.00 0.00
0.30 5.76 8.31 1.00 0.00
0.30 5.76 8.48 1.00 0.00
0.50 5.76 5.54 1.00 0.00
0.50 5.76 5.72 1.00 0.00
0.50 5.76 5.89 1.00 0.00
0.50 5.76 6.07 1.00 0.00
0.50 5.76 6.24 1.00 0.00
0.50 5.76 6.41 1.00 0.00
0.50 5.76 6.59 1.00 0.00
0.50 5.76 6.76 1.00 0.00
0.50 5.76 6.94 1.00 0.00
0.50 5.76 7.11 1.00 0.00
0.50 5.76 7.29 1.00 0.00
0.50 5.76 7.46 1.00 0.00
0.50 5.76 7.64 1.00 0.00
0.50 5.76 7.81 1.00 0.00
0.50 5.76 7.99 1.00 0.00
0.50 5.76 8.16 1.00 0.00
0.50 5.76 8.33 1.00 0.00
0.50 5.76 8.51 1.00 0.00
0.70 5.76 5.57 1.00 0.00
0.70 5.76 5.75 1.00 0.00
0.70 5.76 5.92 1.00 0.00
0.70 5.76 6.10 1.00 0.00
0.70 5.76 6.27 1.00 0.00
0.70 5.76 6.44 1.00 0.00
0.70 5.76 6.62 1.00 0.00
0.70 5.76 6.79 1.00 0.00
0.70 5.76 6.97 1.00 0.00
0.70 5.76 7.14 1.00 0.00
0.70 5.76 7.32 1.00 0.00
0.70 5.76 7.49 1.00 0.00
0.70 5.76 7.67 1.00 0.00
0.70 5.76 7.84 1.00 0.00
0.70 5.76 8.02 1.00 0.00
0.70 5.76 8.19 1.00 0.00
0.70 5.76 8.36 1.00 0.00
0.70 5.76 8.54 1.00 0.00
0.90 5.76 -0.68 1.00 0.00
0.90 5.76 -0.50 1.00 0.00
0.90 5.76 -0.33 1.00 0.00
0.90 5.76 -0.15 1.00 0.00
0.90 5.76 0.02 1.00 0.00
0.90 5.76 0.20 1.00 0.00
0.90 5.76 0.37 1.00 0.00
0.90 5.76 0.55 1.00 0.00
0.90 5.76 0.72 1.00 0.00
0.90 5.76 0.90 1.00 0.00
0.90 5.76 1.07 1.00 0.00
0.90 5.76 1.24 1.00 0.00
0.90 5.76 1.42 1.00 0.00
0.90 5.76 1.59 1.00 0.00
0.90 5.76 1.77 1.00 0.00
0.90 5.76 1.94 1.00 0.00
0.90 5.76 2.12 1.00 0.00
0.90 5.76 2.29 1.00 0.00
1.10 5.76 -0.63 1.00 0.00
1.10 5.76 -0.46 1.00 0.00
1.10 5.76 -0.28 1.00 0.00
1.10 5.76 -0.11 1.00 0.00
1.10 5.76 0.07 1.00 0.00
1.10 5.76 0.24 1.00 0.00
1.10 5.76 0.42 1.00 0.00
1.10 5.76 0.59 1.00 0.00
1.10 5.76 0.77 1.00 0.00
1.10 5.76 0.94 1.00 0.00
1.10 5.76 1.11 1.00 0.00
1.10 5.76 1.29 1.00 0.00
1.10 5.76 1.46 1.00 0.00
1.10 5.76 1.64 1.00 0.00
1.10 5.76 1.81 1.00 0.00
1.10 5.76 1.99 1.00 0.00
1.10 5.76 2.16 1.00 0.00
1.10 5.76 2.34 1.00 0.00
0.30 5.93 5.54 1.00 0.00
0.30 5.93 5.71 1.00 0.00
0.30 5.93 5.89 1.00 0.00
0.30 5.93 6.06 1.00 0.00
0.30 5.93 6.24 1.00 0.00
0.30 5.93 6.41 1.00 0.00
0.30 5.93 6.58 1.00 0.00
0.30 5.93 6.76 1.00 0.00
0.30 5.93 6.93 1.00 0.00
0.30 5.93 7.11 1.00 0.00
0.30 5.93 7.28 1.00 0.00
0.30 5.93 7.46 1.00 0.00
0.30 5.93 7.63 1.00 0.00
0.30 5.93 7.81 1.00 0.00
0.30 5.93 7.98 1.00 0.00
0.30 5.93 8.16 1.00 0.00
0.30 5.93 8.33 1.00 0.00
0.30 5.93 8.50 1.00 0.00
0.50 5.93 5.58 1.00 0.00
0.50 5.93 5.75 1.00 0.00
0.50 5.93 5.93 1.00 0.00
0.50 5.93 6.10 1.00 0.00
0.50 5.93 6.28 1.00 0.00
0.50 5.93 6.45 1.00 0.00
0.50 5.93 6.63 1.00 0.00
0.50 5.93 6.80 1.00 0.00
0.50 5.93 6.97 1.00 0.00
0.50 5.93 7.15 1.00 0.00
0.50 5.93 7.32 1.00 0.00
0.50 5.93 7.50 1.00 0.00
0.50 5.93 7.67 1.00 0.00
0.50 5.93 7.85 1.00 0.00
0.50 5.93 8.02 1.00 0.00
0.50 5.93 8.20 1.00 0.00
0.50 5.93 8.37 1.00 0.00
0.50 5.93 8.55 1.00 0.00
0.70 5.93 -0.66 1.00 0.00
0.70 5.93 -0.48 1.00 0.00
0.70 5.93 -0.31 1.00 0.00
0.70 5.93 -0.13 1.00 0.00
0.70 5.93 0.04 1.00 0.00
0.70 5.93 0.22 1.00 0.00
0.70 5.93 0.39 1.00 0.00
0.70 5.93 0.56 1.00 0.00
0.70 5.93 0.74 1.00 0.00
0.70 5.93 0.91 1.00 0.00
0.70 5.93 1.09 1.00 0.00
0.70 5.93 1.26 1.00 0.00
0.70 5.93 1.44 1.00 0.00
0.70 5.93 1.61 1.00 0.00
0.70 5.93 1.79 1.00 0.00
0.70 5.93 1.96 1.00 0.00
0.70 5.93 2.14 1.00 0.00
0.70 5.93 2.31 1.00 0.00
0.90 5.93 -0.60 1.00 0.00
0.90 5.93 -0.43 1.00 0.00
0.90 5.93 -0.25 1.00 0.00
0.90 5.93 -0.08 1.00 0.00
0.90 5.93 0.10 1.00 0.00
0.90 5.93 0.27 1.00 0.00
0.90 5.93 0.45 1.00 0.00
0.90 5.93 0.62 1.00 0.00
0.90 5.93 0.80 1.00 0.00
0.90 5.93 0.97 1.00 0.00
0.90 5.93 1.14 1.00 0.00
0.90 5.93 1.32 1.00 0.00
0.90 5.93 1.49 1.00 0.00
0.90 5.93 1.67 1.00 0.00
0.90 5.93 1.84 1.00 0.00
0.90 5.93 2.02 1.00 0.00
0.90 5.93 2.19 1.00 0.00
0.90 5.93 2.37 1.00 0.00
1.10 5.93 -0.53 1.00 0.00
1.10 5.93 -0.36 1.00 0.00
1.10 5.93 -0.18 1.00 0.00
1.10 5.93 -0.01 1.00 0.00
1.10 5.93 0.16 1.00 0.00
1.10 5.93 0.34 1.00 0.00
1.10 5.93 0.51 1.00 0.00
1.10 5.93 0.69 1.00 0.00
1.10 5.93 0.86 1.00 0.00
1.10 5.93 1.04 1.00 0.00
1.10 5.93 1.21 1.00 0.00
1.10 5.93 1.39 1.00 0.00
1.10 5.93 1.56 1.00 0.00
1.10 5.93 1.73 1.00 0.00
1.10 5.93 1.91 1.00 0.00
1.10 5.93 2.08 1.00 0.00
1.10 5.93 2.26 1.00 0.00
1.10 5.93 2.43 1.00 0.00
0.30 6.11 5.56 1.00 0.00
0.30 6.11 5.73 1.00 0.00
0.30 6.11 5.90 1.00 0.00
0.30 6.11 6.08 1.00 0.00
0.30 6.11 6.25 1.00 0.00
0.30 6.11 6.43 1.00 0.00
0.30 6.11 6.60 1.00 0.00
0.30 6.11 6.78 1.00 0.00
0.30 6.11 6.95 1.00 0.00
0.30 6.11 7.13 1.00 0.00
0.30 6.11 7.30 1.00 0.00
0.30 6.11 7.48 1.00 0.00
0.30 6.11 7.65 1.00 0.00
0.30 6.11 7.82 1.00 0.00
0.30 6.11 8.00 1.00 0.00
0.30 6.11 8.17 1.00 0.00
0.30 6.11 8.35 1.00 0.00
0.30 6.11 8.52 1.00 0.00
0.50 6.11 -0.67 1.00 0.00
0.50 6.11 -0.50 1.00 0.00
0.50 6.11 -0.32 1.00 0.00
0.50 6.11 -0.15 1.00 0.00
0.50 6.11 0.02 1.00 0.00
0.50 6.11 0.20 1.00 0.00
0.50 6.11 0.37 1.00 0.00
0.50 6.11 0.55 1.00 0.00
0.50 6.11 0.72 1.00 0.00
0.50 6.11 0.90 1.00 0.00
0.50 6.11 1.07 1.00 0.00
0.50 6.11 1.25 1.00 0.00
0.50 6.11 1.42 1.00 0.00
0.50 6.11 1.60 1.00 0.00
0.50 6.11 1.77 1.00 0.00
0.50 6.11 1.94 1.00 0.00
0.50 6.11 2.12 1.00 0.00
0.50 6.11 2.29 1.00 0.00
0.70 6.11 -0.61 1.00 0.00
0.70 6.11 -0.44 1.00 0.00
0.70 6.11 -0.26 1.00 0.00
0.70 6.11 -0.09 1.00 0.00
0.70 6.11 0.09 1.00 0.00
0.70 6.11 0.26 1.00 0.00
0.70 6.11 0.44 1.00 0.00
0.70 6.11 0.61 1.00 0.00
0.70 6.11 0.78 1.00 0.00
0.70 6.11 0.96 1.00 0.00
0.70 6.11 1.13 1.00 0.00
0.70 6.11 1.31 1.00 0.00
0.70 6.11 1.48 1.00 0.00
0.70 6.11 1.66 1.00 0.00
0.70 6.11 1.83 1.00 0.00
0.70 6.11 2.01 1.00 0.00
0.70 6.11 2.18 1.00 0.00
0.70 6.11 2.36 1.00 0.00
0.90 6.11 -0.54 1.00 0.00
0.90 6.11 -0.37 1.00 0.00
0.90 6.11 -0.19 1.00 0.00
0.90 6.11 -0.02 1.00 0.00
0.90 6.11 0.16 1.00 0.00
0.90 6.11 0.33 1.00 0.00
0.90 6.11 0.51 1.00 0.00
0.90 6.11 0.68 1.00 0.00
0.90 6.11 0.85 1.00 0.00
0.90 6.11 1.03 1.00 0.00
0.90 6.11 1.20 1.00 0.00
0.90 6.11 1.38 1.00 0.00
0.90 6.11 1.55 1.00 0.00
0.90 6.11 1.73 1.00 0.00
0.90 6.11 1.90 1.00 0.00
0.90 6.11 2.08 1.00 0.00
0.90 6.11 2.25 1.00 0.00
0.90 6.11 2.43 1.00 0.00
1.10 6.11 -0.46 1.00 0.00
1.10 6.11 -0.29 1.00 0.00
1.10 6.11 -0.11 1.00 0.00
1.10 6.11 0.06 1.00 0.00
1.10 6.11 0.24 1.00 0.00
1.10 6.11 0.41 1.00 0.00
1.10 6.11 0.59 1.00 0.00
1.10 6.11 0.76 1.00 0.00
1.10 6.11 0.94 1.00 0.00
1.10 6.11 1.11 1.00 0.00
1.10 6.11 1.28 1.00 0.00
1.10 6.11 1.46 1.00 0.00
1.10 6.11 1.63 1.00 0.00
1.10 6.11 1.81 1.00 0.00
1.10 6.11 1.98 1.00 0.00
1.10 6.11 2.16 1.00 0.00
1.10 6.11 2.33 1.00 0.00
1.10 6.11 2.51 1.00 0.00
