0.30 0.00 5.38 1.00 0.00
0.30 0.00 5.56 1.00 0.00
0.30 0.00 5.73 1.00 0.00
0.30 0.00 5.90 1.00 0.00
0.30 0.00 6.08 1.00 0.00
0.30 0.00 6.25 1.00 0.00
0.30 0.00 6.43 1.00 0.00
0.30 0.00 6.60 1.00 0.00
0.30 0.00 6.78 1.00 0.00
0.30 0.00 6.95 1.00 0.00
0.30 0.00 7.13 1.00 0.00
0.30 0.00 7.30 1.00 0.00
0.30 0.00 7.48 1.00 0.00
0.30 0.00 7.65 1.00 0.00
0.30 0.00 7.82 1.00 0.00
0.30 0.00 8.00 1.00 0.00
0.30 0.00 8.17 1.00 0.00
0.30 0.00 8.35 1.00 0.00
0.50 0.00 -0.85 1.00 0.00
0.50 0.00 -0.67 1.00 0.00
0.50 0.00 -0.50 1.00 0.00
0.50 0.00 -0.32 1.00 0.00
0.50 0.00 -0.15 1.00 0.00
0.50 0.00 0.02 1.00 0.00
0.50 0.00 0.20 1.00 0.00
0.50 0.00 0.37 1.00 0.00
0.50 0.00 0.55 1.00 0.00
0.50 0.00 0.72 1.00 0.00
0.50 0.00 0.90 1.00 0.00
0.50 0.00 1.07 1.00 0.00
0.50 0.00 1.25 1.00 0.00
0.50 0.00 1.42 1.00 0.00
0.50 0.00 1.60 1.00 0.00
0.50 0.00 1.77 1.00 0.00
0.50 0.00 1.94 1.00 0.00
0.50 0.00 2.12 1.00 0.00
0.70 0.00 -0.79 1.00 0.00
0.70 0.00 -0.61 1.00 0.00
0.70 0.00 -0.44 1.00 0.00
0.70 0.00 -0.26 1.00 0.00
0.70 0.00 -0.09 1.00 0.00
0.70 0.00 0.09 1.00 0.00
0.70 0.00 0.26 1.00 0.00
0.70 0.00 0.44 1.00 0.00
0.70 0.00 0.61 1.00 0.00
0.70 0.00 0.78 1.00 0.00
0.70 0.00 0.96 1.00 0.00
0.70 0.00 1.13 1.00 0.00
0.70 0.00 1.31 1.00 0.00
0.70 0.00 1.48 1.00 0.00
0.70 0.00 1.66 1.00 0.00
0.70 0.00 1.83 1.00 0.00
0.70 0.00 2.01 1.00 0.00
0.70 0.00 2.18 1.00 0.00
0.90 0.00 -0.72 1.00 0.00
0.90 0.00 -0.54 1.00 0.00
0.90 0.00 -0.37 1.00 0.00
0.90 0.00 -0.19 1.00 0.00
0.90 0.00 -0.02 1.00 0.00
0.90 0.00 0.16 1.00 0.00
0.90 0.00 0.33 1.00 0.00
0.90 0.00 0.51 1.00 0.00
0.90 0.00 0.68 1.00 0.00
0.90 0.00 0.85 1.00 0.00
0.90 0.00 1.03 1.00 0.00
0.90 0.00 1.20 1.00 0.00
0.90 0.00 1.38 1.00 0.00
0.90 0.00 1.55 1.00 0.00
0.90 0.00 1.73 1.00 0.00
0.90 0.00 1.90 1.00 0.00
0.90 0.00 2.08 1.00 0.00
0.90 0.00 2.25 1.00 0.00
1.10 0.00 -0.64 1.00 0.00
1.10 0.00 -0.46 1.00 0.00
1.10 0.00 -0.29 1.00 0.00
1.10 0.00 -0.11 1.00 0.00
1.10 0.00 0.06 1.00 0.00
1.10 0.00 0.24 1.00 0.00
1.10 0.00 0.41 1.00 0.00
1.10 0.00 0.59 1.00 0.00
1.10 0.00 0.76 1.00 0.00
1.10 0.00 0.94 1.00 0.00
1.10 0.00 1.11 1.00 0.00
1.10 0.00 1.28 1.00 0.00
1.10 0.00 1.46 1.00 0.00
1.10 0.00 1.63 1.00 0.00
1.10 0.00 1.81 1.00 0.00
1.10 0.00 1.98 1.00 0.00
1.10 0.00 2.16 1.00 0.00
1.10 0.00 2.33 1.00 0.00
0.30 0.17 5.40 1.00 0.00
0.30 0.17 5.57 1.00 0.00
0.30 0.17 5.75 1.00 0.00
0.30 0.17 5.92 1.00 0.00
0.30 0.17 6.09 1.00 0.00
0.30 0.17 6.27 1.00 0.00
0.30 0.17 6.44 1.00 0.00
0.30 0.17 6.62 1.00 0.00
0.30 0.17 6.79 1.00 0.00
0.30 0.17 6.97 1.00 0.00
0.30 0.17 7.14 1.00 0.00
0.30 0.17 7.32 1.00 0.00
0.30 0.17 7.49 1.00 0.00
0.30 0.17 7.66 1.00 0.00
0.30 0.17 7.84 1.00 0.00
0.30 0.17 8.01 1.00 0.00
0.30 0.17 8.19 1.00 0.00
0.30 0.17 8.36 1.00 0.00
0.50 0.17 -0.82 1.00 0.00
0.50 0.17 -0.65 1.00 0.00
0.50 0.17 -0.47 1.00 0.00
0.50 0.17 -0.30 1.00 0.00
0.50 0.17 -0.12 1.00 0.00
0.50 0.17 0.05 1.00 0.00
0.50 0.17 0.22 1.00 0.00
0.50 0.17 0.40 1.00 0.00
0.50 0.17 0.57 1.00 0.00
0.50 0.17 0.75 1.00 0.00
0.50 0.17 0.92 1.00 0.00
0.50 0.17 1.10 1.00 0.00
0.50 0.17 1.27 1.00 0.00
0.50 0.17 1.45 1.00 0.00
0.50 0.17 1.62 1.00 0.00
0.50 0.17 1.80 1.00 0.00
0.50 0.17 1.97 1.00 0.00
0.50 0.17 2.14 1.00 0.00
0.70 0.17 -0.75 1.00 0.00
0.70 0.17 -0.58 1.00 0.00
0.70 0.17 -0.40 1.00 0.00
0.70 0.17 -0.23 1.00 0.00
0.70 0.17 -0.05 1.00 0.00
0.70 0.17 0.12 1.00 0.00
0.70 0.17 0.30 1.00 0.00
0.70 0.17 0.47 1.00 0.00
0.70 0.17 0.64 1.00 0.00
0.70 0.17 0.82 1.00 0.00
0.70 0.17 0.99 1.00 0.00
0.70 0.17 1.17 1.00 0.00
0.70 0.17 1.34 1.00 0.00
0.70 0.17 1.52 1.00 0.00
0.70 0.17 1.69 1.00 0.00
0.70 0.17 1.87 1.00 0.00
0.70 0.17 2.04 1.00 0.00
0.70 0.17 2.22 1.00 0.00
0.90 0.17 -0.67 1.00 0.00
0.90 0.17 -0.50 1.00 0.00
0.90 0.17 -0.32 1.00 0.00
0.90 0.17 -0.15 1.00 0.00
0.90 0.17 0.03 1.00 0.00
0.90 0.17 0.20 1.00 0.00
0.90 0.17 0.37 1.00 0.00
0.90 0.17 0.55 1.00 0.00
0.90 0.17 0.72 1.00 0.00
0.90 0.17 0.90 1.00 0.00
0.90 0.17 1.07 1.00 0.00
0.90 0.17 1.25 1.00 0.00
0.90 0.17 1.42 1.00 0.00
0.90 0.17 1.60 1.00 0.00
0.90 0.17 1.77 1.00 0.00
0.90 0.17 1.95 1.00 0.00
0.90 0.17 2.12 1.00 0.00
0.90 0.17 2.29 1.00 0.00
1.10 0.17 -0.59 1.00 0.00
1.10 0.17 -0.41 1.00 0.00
1.10 0.17 -0.24 1.00 0.00
1.10 0.17 -0.06 1.00 0.00
1.10 0.17 0.11 1.00 0.00
1.10 0.17 0.29 1.00 0.00
1.10 0.17 0.46 1.00 0.00
1.10 0.17 0.64 1.00 0.00
1.10 0.17 0.81 1.00 0.00
1.10 0.17 0.98 1.00 0.00
1.10 0.17 1.16 1.00 0.00
1.10 0.17 1.33 1.00 0.00
1.10 0.17 1.51 1.00 0.00
1.10 0.17 1.68 1.00 0.00
1.10 0.17 1.86 1.00 0.00
1.10 0.17 2.03 1.00 0.00
1.10 0.17 2.21 1.00 0.00
1.10 0.17 2.38 1.00 0.00
0.30 0.35 5.41 1.00 0.00
0.30 0.35 5.58 1.00 0.00
0.30 0.35 5.76 1.00 0.00
0.30 0.35 5.93 1.00 0.00
0.30 0.35 6.11 1.00 0.00
0.30 0.35 6.28 1.00 0.00
0.30 0.35 6.46 1.00 0.00
0.30 0.35 6.63 1.00 0.00
0.30 0.35 6.80 1.00 0.00
0.30 0.35 6.98 1.00 0.00
0.30 0.35 7.15 1.00 0.00
0.30 0.35 7.33 1.00 0.00
0.30 0.35 7.50 1.00 0.00
0.30 0.35 7.68 1.00 0.00
0.30 0.35 7.85 1.00 0.00
0.30 0.35 8.03 1.00 0.00
0.30 0.35 8.20 1.00 0.00
0.30 0.35 8.38 1.00 0.00
0.50 0.35 -0.80 1.00 0.00
0.50 0.35 -0.63 1.00 0.00
0.50 0.35 -0.45 1.00 0.00
0.50 0.35 -0.28 1.00 0.00
0.50 0.35 -0.11 1.00 0.00
0.50 0.35 0.07 1.00 0.00
0.50 0.35 0.24 1.00 0.00
0.50 0.35 0.42 1.00 0.00
0.50 0.35 0.59 1.00 0.00
0.50 0.35 0.77 1.00 0.00
0.50 0.35 0.94 1.00 0.00
0.50 0.35 1.12 1.00 0.00
0.50 0.35 1.29 1.00 0.00
0.50 0.35 1.47 1.00 0.00
0.50 0.35 1.64 1.00 0.00
0.50 0.35 1.81 1.00 0.00
0.50 0.35 1.99 1.00 0.00
0.50 0.35 2.16 1.00 0.00
0.70 0.35 -0.73 1.00 0.00
0.70 0.35 -0.55 1.00 0.00
0.70 0.35 -0.38 1.00 0.00
0.70 0.35 -0.20 1.00 0.00
0.70 0.35 -0.03 1.00 0.00
0.70 0.35 0.15 1.00 0.00
0.70 0.35 0.32 1.00 0.00
0.70 0.35 0.49 1.00 0.00
0.70 0.35 0.67 1.00 0.00
0.70 0.35 0.84 1.00 0.00
0.70 0.35 1.02 1.00 0.00
0.70 0.35 1.19 1.00 0.00
0.70 0.35 1.37 1.00 0.00
0.70 0.35 1.54 1.00 0.00
0.70 0.35 1.72 1.00 0.00
0.70 0.35 1.89 1.00 0.00
0.70 0.35 2.07 1.00 0.00
0.70 0.35 2.24 1.00 0.00
0.90 0.35 -0.65 1.00 0.00
0.90 0.35 -0.47 1.00 0.00
0.90 0.35 -0.30 1.00 0.00
0.90 0.35 -0.12 1.00 0.00
0.90 0.35 0.05 1.00 0.00
0.90 0.35 0.23 1.00 0.00
0.90 0.35 0.40 1.00 0.00
0.90 0.35 0.58 1.00 0.00
0.90 0.35 0.75 1.00 0.00
0.90 0.35 0.93 1.00 0.00
0.90 0.35 1.10 1.00 0.00
0.90 0.35 1.27 1.00 0.00
0.90 0.35 1.45 1.00 0.00
0.90 0.35 1.62 1.00 0.00
0.90 0.35 1.80 1.00 0.00
0.90 0.35 1.97 1.00 0.00
0.90 0.35 2.15 1.00 0.00
0.90 0.35 2.32 1.00 0.00
1.10 0.35 -0.56 1.00 0.00
1.10 0.35 -0.38 1.00 0.00
1.10 0.35 -0.21 1.00 0.00
1.10 0.35 -0.04 1.00 0.00
1.10 0.35 0.14 1.00 0.00
1.10 0.35 0.31 1.00 0.00
1.10 0.35 0.49 1.00 0.00
1.10 0.35 0.66 1.00 0.00
1.10 0.35 0.84 1.00 0.00
1.10 0.35 1.01 1.00 0.00
1.10 0.35 1.19 1.00 0.00
1.10 0.35 1.36 1.00 0.00
1.10 0.35 1.54 1.00 0.00
1.10 0.35 1.71 1.00 0.00
1.10 0.35 1.88 1.00 0.00
1.10 0.35 2.06 1.00 0.00
1.10 0.35 2.23 1.00 0.00
1.10 0.35 2.41 1.00 0.00
0.30 0.52 -0.87 1.00 0.00
0.30 0.52 -0.69 1.00 0.00
0.30 0.52 -0.52 1.00 0.00
0.30 0.52 -0.34 1.00 0.00
0.30 0.52 -0.17 1.00 0.00
0.30 0.52 0.01 1.00 0.00
0.30 0.52 0.18 1.00 0.00
0.30 0.52 0.36 1.00 0.00
0.30 0.52 0.53 1.00 0.00
0.30 0.52 0.70 1.00 0.00
0.30 0.52 0.88 1.00 0.00
0.30 0.52 1.05 1.00 0.00
0.30 0.52 1.23 1.00 0.00
0.30 0.52 1.40 1.00 0.00
0.30 0.52 1.58 1.00 0.00
0.30 0.52 1.75 1.00 0.00
0.30 0.52 1.93 1.00 0.00
0.30 0.52 2.10 1.00 0.00
0.50 0.52 -0.79 1.00 0.00
0.50 0.52 -0.62 1.00 0.00
0.50 0.52 -0.44 1.00 0.00
0.50 0.52 -0.27 1.00 0.00
0.50 0.52 -0.09 1.00 0.00
0.50 0.52 0.08 1.00 0.00
0.50 0.52 0.26 1.00 0.00
0.50 0.52 0.43 1.00 0.00
0.50 0.52 0.61 1.00 0.00
0.50 0.52 0.78 1.00 0.00
0.50 0.52 0.95 1.00 0.00
0.50 0.52 1.13 1.00 0.00
0.50 0.52 1.30 1.00 0.00
0.50 0.52 1.48 1.00 0.00
0.50 0.52 1.65 1.00 0.00
0.50 0.52 1.83 1.00 0.00
0.50 0.52 2.00 1.00 0.00
0.50 0.52 2.18 1.00 0.00
0.70 0.52 -0.71 1.00 0.00
0.70 0.52 -0.54 1.00 0.00
0.70 0.52 -0.36 1.00 0.00
0.70 0.52 -0.19 1.00 0.00
0.70 0.52 -0.01 1.00 0.00
0.70 0.52 0.16 1.00 0.00
0.70 0.52 0.33 1.00 0.00
0.70 0.52 0.51 1.00 0.00
0.70 0.52 0.68 1.00 0.00
0.70 0.52 0.86 1.00 0.00
0.70 0.52 1.03 1.00 0.00
0.70 0.52 1.21 1.00 0.00
0.70 0.52 1.38 1.00 0.00
0.70 0.52 1.56 1.00 0.00
0.70 0.52 1.73 1.00 0.00
0.70 0.52 1.91 1.00 0.00
0.70 0.52 2.08 1.00 0.00
0.70 0.52 2.25 1.00 0.00
0.90 0.52 -0.63 1.00 0.00
0.90 0.52 -0.46 1.00 0.00
0.90 0.52 -0.28 1.00 0.00
0.90 0.52 -0.11 1.00 0.00
0.90 0.52 0.07 1.00 0.00
0.90 0.52 0.24 1.00 0.00
0.90 0.52 0.42 1.00 0.00
0.90 0.52 0.59 1.00 0.00
0.90 0.52 0.76 1.00 0.00
0.90 0.52 0.94 1.00 0.00
0.90 0.52 1.11 1.00 0.00
0.90 0.52 1.29 1.00 0.00
0.90 0.52 1.46 1.00 0.00
0.90 0.52 1.64 1.00 0.00
0.90 0.52 1.81 1.00 0.00
0.90 0.52 1.99 1.00 0.00
0.90 0.52 2.16 1.00 0.00
0.90 0.52 2.34 1.00 0.00
1.10 0.52 -0.55 1.00 0.00
1.10 0.52 -0.37 1.00 0.00
1.10 0.52 -0.20 1.00 0.00
1.10 0.52 -0.03 1.00 0.00
1.10 0.52 0.15 1.00 0.00
1.10 0.52 0.32 1.00 0.00
1.10 0.52 0.50 1.00 0.00
1.10 0.52 0.67 1.00 0.00
1.10 0.52 0.85 1.00 0.00
1.10 0.52 1.02 1.00 0.00
1.10 0.52 1.20 1.00 0.00
1.10 0.52 1.37 1.00 0.00
1.10 0.52 1.54 1.00 0.00
1.10 0.52 1.72 1.00 0.00
1.10 0.52 1.89 1.00 0.00
1.10 0.52 2.07 1.00 0.00
1.10 0.52 2.24 1.00 0.00
1.10 0.52 2.42 1.00 0.00
0.30 0.70 -0.86 1.00 0.00
0.30 0.70 -0.69 1.00 0.00
0.30 0.70 -0.51 1.00 0.00
0.30 0.70 -0.34 1.00 0.00
0.30 0.70 -0.16 1.00 0.00
0.30 0.70 0.01 1.00 0.00
0.30 0.70 0.19 1.00 0.00
0.30 0.70 0.36 1.00 0.00
0.30 0.70 0.53 1.00 0.00
0.30 0.70 0.71 1.00 0.00
0.30 0.70 0.88 1.00 0.00
0.30 0.70 1.06 1.00 0.00
0.30 0.70 1.23 1.00 0.00
0.30 0.70 1.41 1.00 0.00
0.30 0.70 1.58 1.00 0.00
0.30 0.70 1.76 1.00 0.00
0.30 0.70 1.93 1.00 0.00
0.30 0.70 2.11 1.00 0.00
0.50 0.70 -0.79 1.00 0.00
0.50 0.70 -0.61 1.00 0.00
0.50 0.70 -0.44 1.00 0.00
0.50 0.70 -0.26 1.00 0.00
0.50 0.70 -0.09 1.00 0.00
0.50 0.70 0.09 1.00 0.00
0.50 0.70 0.26 1.00 0.00
0.50 0.70 0.44 1.00 0.00
0.50 0.70 0.61 1.00 0.00
0.50 0.70 0.79 1.00 0.00
0.50 0.70 0.96 1.00 0.00
0.50 0.70 1.13 1.00 0.00
0.50 0.70 1.31 1.00 0.00
0.50 0.70 1.48 1.00 0.00
0.50 0.70 1.66 1.00 0.00
0.50 0.70 1.83 1.00 0.00
0.50 0.70 2.01 1.00 0.00
0.50 0.70 2.18 1.00 0.00
0.70 0.70 -0.71 1.00 0.00
0.70 0.70 -0.53 1.00 0.00
0.70 0.70 -0.36 1.00 0.00
0.70 0.70 -0.18 1.00 0.00
0.70 0.70 -0.01 1.00 0.00
0.70 0.70 0.16 1.00 0.00
0.70 0.70 0.34 1.00 0.00
0.70 0.70 0.51 1.00 0.00
0.70 0.70 0.69 1.00 0.00
0.70 0.70 0.86 1.00 0.00
0.70 0.70 1.04 1.00 0.00
0.70 0.70 1.21 1.00 0.00
0.70 0.70 1.39 1.00 0.00
0.70 0.70 1.56 1.00 0.00
0.70 0.70 1.74 1.00 0.00
0.70 0.70 1.91 1.00 0.00
0.70 0.70 2.08 1.00 0.00
0.70 0.70 2.26 1.00 0.00
0.90 0.70 -0.63 1.00 0.00
0.90 0.70 -0.46 1.00 0.00
0.90 0.70 -0.28 1.00 0.00
0.90 0.70 -0.11 1.00 0.00
0.90 0.70 0.07 1.00 0.00
0.90 0.70 0.24 1.00 0.00
0.90 0.70 0.42 1.00 0.00
0.90 0.70 0.59 1.00 0.00
0.90 0.70 0.77 1.00 0.00
0.90 0.70 0.94 1.00 0.00
0.90 0.70 1.11 1.00 0.00
0.90 0.70 1.29 1.00 0.00
0.90 0.70 1.46 1.00 0.00
0.90 0.70 1.64 1.00 0.00
0.90 0.70 1.81 1.00 0.00
0.90 0.70 1.99 1.00 0.00
0.90 0.70 2.16 1.00 0.00
0.90 0.70 2.34 1.00 0.00
1.10 0.70 -0.55 1.00 0.00
1.10 0.70 -0.38 1.00 0.00
1.10 0.70 -0.20 1.00 0.00
1.10 0.70 -0.03 1.00 0.00
1.10 0.70 0.14 1.00 0.00
1.10 0.70 0.32 1.00 0.00
1.10 0.70 0.49 1.00 0.00
1.10 0.70 0.67 1.00 0.00
1.10 0.70 0.84 1.00 0.00
1.10 0.70 1.02 1.00 0.00
1.10 0.70 1.19 1.00 0.00
1.10 0.70 1.37 1.00 0.00
1.10 0.70 1.54 1.00 0.00
1.10 0.70 1.72 1.00 0.00
1.10 0.70 1.89 1.00 0.00
1.10 0.70 2.06 1.00 0.00
1.10 0.70 2.24 1.00 0.00
1.10 0.70 2.41 1.00 0.00
0.30 0.87 -0.86 1.00 0.00
0.30 0.87 -0.69 1.00 0.00
0.30 0.87 -0.51 1.00 0.00
0.30 0.87 -0.34 1.00 0.00
0.30 0.87 -0.16 1.00 0.00
0.30 0.87 0.01 1.00 0.00
0.30 0.87 0.19 1.00 0.00
0.30 0.87 0.36 1.00 0.00
0.30 0.87 0.54 1.00 0.00
0.30 0.87 0.71 1.00 0.00
0.30 0.87 0.89 1.00 0.00
0.30 0.87 1.06 1.00 0.00
0.30 0.87 1.23 1.00 0.00
0.30 0.87 1.41 1.00 0.00
0.30 0.87 1.58 1.00 0.00
0.30 0.87 1.76 1.00 0.00
0.30 0.87 1.93 1.00 0.00
0.30 0.87 2.11 1.00 0.00
0.50 0.87 -0.79 1.00 0.00
0.50 0.87 -0.61 1.00 0.00
0.50 0.87 -0.44 1.00 0.00
0.50 0.87 -0.26 1.00 0.00
0.50 0.87 -0.09 1.00 0.00
0.50 0.87 0.09 1.00 0.00
0.50 0.87 0.26 1.00 0.00
0.50 0.87 0.44 1.00 0.00
0.50 0.87 0.61 1.00 0.00
0.50 0.87 0.79 1.00 0.00
0.50 0.87 0.96 1.00 0.00
0.50 0.87 1.13 1.00 0.00
0.50 0.87 1.31 1.00 0.00
0.50 0.87 1.48 1.00 0.00
0.50 0.87 1.66 1.00 0.00
0.50 0.87 1.83 1.00 0.00
0.50 0.87 2.01 1.00 0.00
0.50 0.87 2.18 1.00 0.00
0.70 0.87 -0.71 1.00 0.00
0.70 0.87 -0.54 1.00 0.00
0.70 0.87 -0.36 1.00 0.00
0.70 0.87 -0.19 1.00 0.00
0.70 0.87 -0.01 1.00 0.00
0.70 0.87 0.16 1.00 0.00
0.70 0.87 0.34 1.00 0.00
0.70 0.87 0.51 1.00 0.00
0.70 0.87 0.68 1.00 0.00
0.70 0.87 0.86 1.00 0.00
0.70 0.87 1.03 1.00 0.00
0.70 0.87 1.21 1.00 0.00
0.70 0.87 1.38 1.00 0.00
0.70 0.87 1.56 1.00 0.00
0.70 0.87 1.73 1.00 0.00
0.70 0.87 1.91 1.00 0.00
0.70 0.87 2.08 1.00 0.00
0.70 0.87 2.26 1.00 0.00
0.90 0.87 -0.64 1.00 0.00
0.90 0.87 -0.46 1.00 0.00
0.90 0.87 -0.29 1.00 0.00
0.90 0.87 -0.12 1.00 0.00
0.90 0.87 0.06 1.00 0.00
0.90 0.87 0.23 1.00 0.00
0.90 0.87 0.41 1.00 0.00
0.90 0.87 0.58 1.00 0.00
0.90 0.87 0.76 1.00 0.00
0.90 0.87 0.93 1.00 0.00
0.90 0.87 1.11 1.00 0.00
0.90 0.87 1.28 1.00 0.00
0.90 0.87 1.46 1.00 0.00
0.90 0.87 1.63 1.00 0.00
0.90 0.87 1.80 1.00 0.00
0.90 0.87 1.98 1.00 0.00
0.90 0.87 2.15 1.00 0.00
0.90 0.87 2.33 1.00 0.00
1.10 0.87 -0.57 1.00 0.00
1.10 0.87 -0.40 1.00 0.00
1.10 0.87 -0.22 1.00 0.00
1.10 0.87 -0.05 1.00 0.00
1.10 0.87 0.13 1.00 0.00
1.10 0.87 0.30 1.00 0.00
1.10 0.87 0.48 1.00 0.00
1.10 0.87 0.65 1.00 0.00
1.10 0.87 0.83 1.00 0.00
1.10 0.87 1.00 1.00 0.00
1.10 0.87 1.18 1.00 0.00
1.10 0.87 1.35 1.00 0.00
1.10 0.87 1.52 1.00 0.00
1.10 0.87 1.70 1.00 0.00
1.10 0.87 1.87 1.00 0.00
1.10 0.87 2.05 1.00 0.00
1.10 0.87 2.22 1.00 0.00
1.10 0.87 2.40 1.00 0.00
0.30 1.05 -0.86 1.00 0.00
0.30 1.05 -0.69 1.00 0.00
0.30 1.05 -0.51 1.00 0.00
0.30 1.05 -0.34 1.00 0.00
0.30 1.05 -0.16 1.00 0.00
0.30 1.05 0.01 1.00 0.00
0.30 1.05 0.19 1.00 0.00
0.30 1.05 0.36 1.00 0.00
0.30 1.05 0.53 1.00 0.00
0.30 1.05 0.71 1.00 0.00
0.30 1.05 0.88 1.00 0.00
0.30 1.05 1.06 1.00 0.00
0.30 1.05 1.23 1.00 0.00
0.30 1.05 1.41 1.00 0.00
0.30 1.05 1.58 1.00 0.00
0.30 1.05 1.76 1.00 0.00
0.30 1.05 1.93 1.00 0.00
0.30 1.05 2.11 1.00 0.00
0.50 1.05 -0.79 1.00 0.00
0.50 1.05 -0.62 1.00 0.00
0.50 1.05 -0.44 1.00 0.00
0.50 1.05 -0.27 1.00 0.00
0.50 1.05 -0.09 1.00 0.00
0.50 1.05 0.08 1.00 0.00
0.50 1.05 0.26 1.00 0.00
0.50 1.05 0.43 1.00 0.00
0.50 1.05 0.61 1.00 0.00
0.50 1.05 0.78 1.00 0.00
0.50 1.05 0.95 1.00 0.00
0.50 1.05 1.13 1.00 0.00
0.50 1.05 1.30 1.00 0.00
0.50 1.05 1.48 1.00 0.00
0.50 1.05 1.65 1.00 0.00
0.50 1.05 1.83 1.00 0.00
0.50 1.05 2.00 1.00 0.00
0.50 1.05 2.18 1.00 0.00
0.70 1.05 -0.72 1.00 0.00
0.70 1.05 -0.55 1.00 0.00
0.70 1.05 -0.37 1.00 0.00
0.70 1.05 -0.20 1.00 0.00
0.70 1.05 -0.02 1.00 0.00
0.70 1.05 0.15 1.00 0.00
0.70 1.05 0.33 1.00 0.00
0.70 1.05 0.50 1.00 0.00
0.70 1.05 0.67 1.00 0.00
0.70 1.05 0.85 1.00 0.00
0.70 1.05 1.02 1.00 0.00
0.70 1.05 1.20 1.00 0.00
0.70 1.05 1.37 1.00 0.00
0.70 1.05 1.55 1.00 0.00
0.70 1.05 1.72 1.00 0.00
0.70 1.05 1.90 1.00 0.00
0.70 1.05 2.07 1.00 0.00
0.70 1.05 2.25 1.00 0.00
0.90 1.05 -0.66 1.00 0.00
0.90 1.05 -0.48 1.00 0.00
0.90 1.05 -0.31 1.00 0.00
0.90 1.05 -0.13 1.00 0.00
0.90 1.05 0.04 1.00 0.00
0.90 1.05 0.22 1.00 0.00
0.90 1.05 0.39 1.00 0.00
0.90 1.05 0.57 1.00 0.00
0.90 1.05 0.74 1.00 0.00
0.90 1.05 0.91 1.00 0.00
0.90 1.05 1.09 1.00 0.00
0.90 1.05 1.26 1.00 0.00
0.90 1.05 1.44 1.00 0.00
0.90 1.05 1.61 1.00 0.00
0.90 1.05 1.79 1.00 0.00
0.90 1.05 1.96 1.00 0.00
0.90 1.05 2.14 1.00 0.00
0.90 1.05 2.31 1.00 0.00
1.10 1.05 -0.59 1.00 0.00
1.10 1.05 -0.42 1.00 0.00
1.10 1.05 -0.25 1.00 0.00
1.10 1.05 -0.07 1.00 0.00
1.10 1.05 0.10 1.00 0.00
1.10 1.05 0.28 1.00 0.00
1.10 1.05 0.45 1.00 0.00
1.10 1.05 0.63 1.00 0.00
1.10 1.05 0.80 1.00 0.00
1.10 1.05 0.98 1.00 0.00
1.10 1.05 1.15 1.00 0.00
1.10 1.05 1.33 1.00 0.00
1.10 1.05 1.50 1.00 0.00
1.10 1.05 1.67 1.00 0.00
1.10 1.05 1.85 1.00 0.00
1.10 1.05 2.02 1.00 0.00
1.10 1.05 2.20 1.00 0.00
1.10 1.05 2.37 1.00 0.00
0.30 1.22 -0.87 1.00 0.00
0.30 1.22 -0.69 1.00 0.00
0.30 1.22 -0.52 1.00 0.00
0.30 1.22 -0.34 1.00 0.00
0.30 1.22 -0.17 1.00 0.00
0.30 1.22 0.01 1.00 0.00
0.30 1.22 0.18 1.00 0.00
0.30 1.22 0.35 1.00 0.00
0.30 1.22 0.53 1.00 0.00
0.30 1.22 0.70 1.00 0.00
0.30 1.22 0.88 1.00 0.00
0.30 1.22 1.05 1.00 0.00
0.30 1.22 1.23 1.00 0.00
0.30 1.22 1.40 1.00 0.00
0.30 1.22 1.58 1.00 0.00
0.30 1.22 1.75 1.00 0.00
0.30 1.22 1.93 1.00 0.00
0.30 1.22 2.10 1.00 0.00
0.50 1.22 -0.80 1.00 0.00
0.50 1.22 -0.63 1.00 0.00
0.50 1.22 -0.45 1.00 0.00
0.50 1.22 -0.28 1.00 0.00
0.50 1.22 -0.10 1.00 0.00
0.50 1.22 0.07 1.00 0.00
0.50 1.22 0.25 1.00 0.00
0.50 1.22 0.42 1.00 0.00
0.50 1.22 0.60 1.00 0.00
0.50 1.22 0.77 1.00 0.00
0.50 1.22 0.94 1.00 0.00
0.50 1.22 1.12 1.00 0.00
0.50 1.22 1.29 1.00 0.00
0.50 1.22 1.47 1.00 0.00
0.50 1.22 1.64 1.00 0.00
0.50 1.22 1.82 1.00 0.00
0.50 1.22 1.99 1.00 0.00
0.50 1.22 2.17 1.00 0.00
0.70 1.22 -0.74 1.00 0.00
0.70 1.22 -0.56 1.00 0.00
0.70 1.22 -0.39 1.00 0.00
0.70 1.22 -0.22 1.00 0.00
0.70 1.22 -0.04 1.00 0.00
0.70 1.22 0.13 1.00 0.00
0.70 1.22 0.31 1.00 0.00
0.70 1.22 0.48 1.00 0.00
0.70 1.22 0.66 1.00 0.00
0.70 1.22 0.83 1.00 0.00
0.70 1.22 1.01 1.00 0.00
0.70 1.22 1.18 1.00 0.00
0.70 1.22 1.36 1.00 0.00
0.70 1.22 1.53 1.00 0.00
0.70 1.22 1.70 1.00 0.00
0.70 1.22 1.88 1.00 0.00
0.70 1.22 2.05 1.00 0.00
0.70 1.22 2.23 1.00 0.00
0.90 1.22 -0.68 1.00 0.00
0.90 1.22 -0.51 1.00 0.00
0.90 1.22 -0.33 1.00 0.00
0.90 1.22 -0.16 1.00 0.00
0.90 1.22 0.02 1.00 0.00
0.90 1.22 0.19 1.00 0.00
0.90 1.22 0.37 1.00 0.00
0.90 1.22 0.54 1.00 0.00
0.90 1.22 0.72 1.00 0.00
0.90 1.22 0.89 1.00 0.00
0.90 1.22 1.07 1.00 0.00
0.90 1.22 1.24 1.00 0.00
0.90 1.22 1.41 1.00 0.00
0.90 1.22 1.59 1.00 0.00
0.90 1.22 1.76 1.00 0.00
0.90 1.22 1.94 1.00 0.00
0.90 1.22 2.11 1.00 0.00
0.90 1.22 2.29 1.00 0.00
1.10 1.22 -0.63 1.00 0.00
1.10 1.22 -0.45 1.00 0.00
1.10 1.22 -0.28 1.00 0.00
1.10 1.22 -0.10 1.00 0.00
1.10 1.22 0.07 1.00 0.00
1.10 1.22 0.25 1.00 0.00
1.10 1.22 0.42 1.00 0.00
1.10 1.22 0.60 1.00 0.00
1.10 1.22 0.77 1.00 0.00
1.10 1.22 0.95 1.00 0.00
1.10 1.22 1.12 1.00 0.00
1.10 1.22 1.29 1.00 0.00
1.10 1.22 1.47 1.00 0.00
1.10 1.22 1.64 1.00 0.00
1.10 1.22 1.82 1.00 0.00
1.10 1.22 1.99 1.00 0.00
1.10 1.22 2.17 1.00 0.00
1.10 1.22 2.34 1.00 0.00
0.30 1.40 5.41 1.00 0.00
0.30 1.40 5.58 1.00 0.00
0.30 1.40 5.76 1.00 0.00
0.30 1.40 5.93 1.00 0.00
0.30 1.40 6.11 1.00 0.00
0.30 1.40 6.28 1.00 0.00
0.30 1.40 6.46 1.00 0.00
0.30 1.40 6.63 1.00 0.00
0.30 1.40 6.80 1.00 0.00
0.30 1.40 6.98 1.00 0.00
0.30 1.40 7.15 1.00 0.00
0.30 1.40 7.33 1.00 0.00
0.30 1.40 7.50 1.00 0.00
0.30 1.40 7.68 1.00 0.00
0.30 1.40 7.85 1.00 0.00
0.30 1.40 8.03 1.00 0.00
0.30 1.40 8.20 1.00 0.00
0.30 1.40 8.38 1.00 0.00
0.50 1.40 -0.82 1.00 0.00
0.50 1.40 -0.64 1.00 0.00
0.50 1.40 -0.47 1.00 0.00
0.50 1.40 -0.29 1.00 0.00
0.50 1.40 -0.12 1.00 0.00
0.50 1.40 0.06 1.00 0.00
0.50 1.40 0.23 1.00 0.00
0.50 1.40 0.41 1.00 0.00
0.50 1.40 0.58 1.00 0.00
0.50 1.40 0.76 1.00 0.00
0.50 1.40 0.93 1.00 0.00
0.50 1.40 1.10 1.00 0.00
0.50 1.40 1.28 1.00 0.00
0.50 1.40 1.45 1.00 0.00
0.50 1.40 1.63 1.00 0.00
0.50 1.40 1.80 1.00 0.00
0.50 1.40 1.98 1.00 0.00
0.50 1.40 2.15 1.00 0.00
0.70 1.40 -0.76 1.00 0.00
0.70 1.40 -0.59 1.00 0.00
0.70 1.40 -0.41 1.00 0.00
0.70 1.40 -0.24 1.00 0.00
0.70 1.40 -0.06 1.00 0.00
0.70 1.40 0.11 1.00 0.00
0.70 1.40 0.29 1.00 0.00
0.70 1.40 0.46 1.00 0.00
0.70 1.40 0.64 1.00 0.00
0.70 1.40 0.81 1.00 0.00
0.70 1.40 0.98 1.00 0.00
0.70 1.40 1.16 1.00 0.00
0.70 1.40 1.33 1.00 0.00
0.70 1.40 1.51 1.00 0.00
0.70 1.40 1.68 1.00 0.00
0.70 1.40 1.86 1.00 0.00
0.70 1.40 2.03 1.00 0.00
0.70 1.40 2.21 1.00 0.00
0.90 1.40 -0.71 1.00 0.00
0.90 1.40 -0.53 1.00 0.00
0.90 1.40 -0.36 1.00 0.00
0.90 1.40 -0.19 1.00 0.00
0.90 1.40 -0.01 1.00 0.00
0.90 1.40 0.16 1.00 0.00
0.90 1.40 0.34 1.00 0.00
0.90 1.40 0.51 1.00 0.00
0.90 1.40 0.69 1.00 0.00
0.90 1.40 0.86 1.00 0.00
0.90 1.40 1.04 1.00 0.00
0.90 1.40 1.21 1.00 0.00
0.90 1.40 1.38 1.00 0.00
0.90 1.40 1.56 1.00 0.00
0.90 1.40 1.73 1.00 0.00
0.90 1.40 1.91 1.00 0.00
0.90 1.40 2.08 1.00 0.00
0.90 1.40 2.26 1.00 0.00
1.10 1.40 -0.66 1.00 0.00
1.10 1.40 -0.49 1.00 0.00
1.10 1.40 -0.31 1.00 0.00
1.10 1.40 -0.14 1.00 0.00
1.10 1.40 0.04 1.00 0.00
1.10 1.40 0.21 1.00 0.00
1.10 1.40 0.38 1.00 0.00
1.10 1.40 0.56 1.00 0.00
1.10 1.40 0.73 1.00 0.00
1.10 1.40 0.91 1.00 0.00
1.10 1.40 1.08 1.00 0.00
1.10 1.40 1.26 1.00 0.00
1.10 1.40 1.43 1.00 0.00
1.10 1.40 1.61 1.00 0.00
1.10 1.40 1.78 1.00 0.00
1.10 1.40 1.96 1.00 0.00
1.10 1.40 2.13 1.00 0.00
1.10 1.40 2.30 1.00 0.00
0.30 1.57 5.40 1.00 0.00
0.30 1.57 5.57 1.00 0.00
0.30 1.57 5.75 1.00 0.00
0.30 1.57 5.92 1.00 0.00
0.30 1.57 6.10 1.00 0.00
0.30 1.57 6.27 1.00 0.00
0.30 1.57 6.45 1.00 0.00
0.30 1.57 6.62 1.00 0.00
0.30 1.57 6.79 1.00 0.00
0.30 1.57 6.97 1.00 0.00
0.30 1.57 7.14 1.00 0.00
0.30 1.57 7.32 1.00 0.00
0.30 1.57 7.49 1.00 0.00
0.30 1.57 7.67 1.00 0.00
0.30 1.57 7.84 1.00 0.00
0.30 1.57 8.02 1.00 0.00
0.30 1.57 8.19 1.00 0.00
0.30 1.57 8.37 1.00 0.00
0.50 1.57 -0.83 1.00 0.00
0.50 1.57 -0.66 1.00 0.00
0.50 1.57 -0.48 1.00 0.00
0.50 1.57 -0.31 1.00 0.00
0.50 1.57 -0.14 1.00 0.00
0.50 1.57 0.04 1.00 0.00
0.50 1.57 0.21 1.00 0.00
0.50 1.57 0.39 1.00 0.00
0.50 1.57 0.56 1.00 0.00
0.50 1.57 0.74 1.00 0.00
0.50 1.57 0.91 1.00 0.00
0.50 1.57 1.09 1.00 0.00
0.50 1.57 1.26 1.00 0.00
0.50 1.57 1.44 1.00 0.00
0.50 1.57 1.61 1.00 0.00
0.50 1.57 1.78 1.00 0.00
0.50 1.57 1.96 1.00 0.00
0.50 1.57 2.13 1.00 0.00
0.70 1.57 -0.79 1.00 0.00
0.70 1.57 -0.61 1.00 0.00
0.70 1.57 -0.44 1.00 0.00
0.70 1.57 -0.26 1.00 0.00
0.70 1.57 -0.09 1.00 0.00
0.70 1.57 0.09 1.00 0.00
0.70 1.57 0.26 1.00 0.00
0.70 1.57 0.44 1.00 0.00
0.70 1.57 0.61 1.00 0.00
0.70 1.57 0.78 1.00 0.00
0.70 1.57 0.96 1.00 0.00
0.70 1.57 1.13 1.00 0.00
0.70 1.57 1.31 1.00 0.00
0.70 1.57 1.48 1.00 0.00
0.70 1.57 1.66 1.00 0.00
0.70 1.57 1.83 1.00 0.00
0.70 1.57 2.01 1.00 0.00
0.70 1.57 2.18 1.00 0.00
0.90 1.57 -0.74 1.00 0.00
0.90 1.57 -0.57 1.00 0.00
0.90 1.57 -0.39 1.00 0.00
0.90 1.57 -0.22 1.00 0.00
0.90 1.57 -0.04 1.00 0.00
0.90 1.57 0.13 1.00 0.00
0.90 1.57 0.30 1.00 0.00
0.90 1.57 0.48 1.00 0.00
0.90 1.57 0.65 1.00 0.00
0.90 1.57 0.83 1.00 0.00
0.90 1.57 1.00 1.00 0.00
0.90 1.57 1.18 1.00 0.00
0.90 1.57 1.35 1.00 0.00
0.90 1.57 1.53 1.00 0.00
0.90 1.57 1.70 1.00 0.00
0.90 1.57 1.88 1.00 0.00
0.90 1.57 2.05 1.00 0.00
0.90 1.57 2.22 1.00 0.00
1.10 1.57 -0.70 1.00 0.00
1.10 1.57 -0.53 1.00 0.00
1.10 1.57 -0.35 1.00 0.00
1.10 1.57 -0.18 1.00 0.00
1.10 1.57 -0.01 1.00 0.00
1.10 1.57 0.17 1.00 0.00
1.10 1.57 0.34 1.00 0.00
1.10 1.57 0.52 1.00 0.00
1.10 1.57 0.69 1.00 0.00
1.10 1.57 0.87 1.00 0.00
1.10 1.57 1.04 1.00 0.00
1.10 1.57 1.22 1.00 0.00
1.10 1.57 1.39 1.00 0.00
1.10 1.57 1.57 1.00 0.00
1.10 1.57 1.74 1.00 0.00
1.10 1.57 1.91 1.00 0.00
1.10 1.57 2.09 1.00 0.00
1.10 1.57 2.26 1.00 0.00
0.30 1.75 5.39 1.00 0.00
0.30 1.75 5.56 1.00 0.00
0.30 1.75 5.73 1.00 0.00
0.30 1.75 5.91 1.00 0.00
0.30 1.75 6.08 1.00 0.00
0.30 1.75 6.26 1.00 0.00
0.30 1.75 6.43 1.00 0.00
0.30 1.75 6.61 1.00 0.00
0.30 1.75 6.78 1.00 0.00
0.30 1.75 6.96 1.00 0.00
0.30 1.75 7.13 1.00 0.00
0.30 1.75 7.31 1.00 0.00
0.30 1.75 7.48 1.00 0.00
0.30 1.75 7.65 1.00 0.00
0.30 1.75 7.83 1.00 0.00
0.30 1.75 8.00 1.00 0.00
0.30 1.75 8.18 1.00 0.00
0.30 1.75 8.35 1.00 0.00
0.50 1.75 -0.85 1.00 0.00
0.50 1.75 -0.68 1.00 0.00
0.50 1.75 -0.51 1.00 0.00
0.50 1.75 -0.33 1.00 0.00
0.50 1.75 -0.16 1.00 0.00
0.50 1.75 0.02 1.00 0.00
0.50 1.75 0.19 1.00 0.00
0.50 1.75 0.37 1.00 0.00
0.50 1.75 0.54 1.00 0.00
0.50 1.75 0.72 1.00 0.00
0.50 1.75 0.89 1.00 0.00
0.50 1.75 1.07 1.00 0.00
0.50 1.75 1.24 1.00 0.00
0.50 1.75 1.41 1.00 0.00
0.50 1.75 1.59 1.00 0.00
0.50 1.75 1.76 1.00 0.00
0.50 1.75 1.94 1.00 0.00
0.50 1.75 2.11 1.00 0.00
0.70 1.75 -0.82 1.00 0.00
0.70 1.75 -0.64 1.00 0.00
0.70 1.75 -0.47 1.00 0.00
0.70 1.75 -0.29 1.00 0.00
0.70 1.75 -0.12 1.00 0.00
0.70 1.75 0.06 1.00 0.00
0.70 1.75 0.23 1.00 0.00
0.70 1.75 0.41 1.00 0.00
0.70 1.75 0.58 1.00 0.00
0.70 1.75 0.76 1.00 0.00
0.70 1.75 0.93 1.00 0.00
0.70 1.75 1.10 1.00 0.00
0.70 1.75 1.28 1.00 0.00
0.70 1.75 1.45 1.00 0.00
0.70 1.75 1.63 1.00 0.00
0.70 1.75 1.80 1.00 0.00
0.70 1.75 1.98 1.00 0.00
0.70 1.75 2.15 1.00 0.00
0.90 1.75 -0.78 1.00 0.00
0.90 1.75 -0.61 1.00 0.00
0.90 1.75 -0.43 1.00 0.00
0.90 1.75 -0.26 1.00 0.00
0.90 1.75 -0.08 1.00 0.00
0.90 1.75 0.09 1.00 0.00
0.90 1.75 0.27 1.00 0.00
0.90 1.75 0.44 1.00 0.00
0.90 1.75 0.62 1.00 0.00
0.90 1.75 0.79 1.00 0.00
0.90 1.75 0.97 1.00 0.00
0.90 1.75 1.14 1.00 0.00
0.90 1.75 1.31 1.00 0.00
0.90 1.75 1.49 1.00 0.00
0.90 1.75 1.66 1.00 0.00
0.90 1.75 1.84 1.00 0.00
0.90 1.75 2.01 1.00 0.00
0.90 1.75 2.19 1.00 0.00
1.10 1.75 -0.75 1.00 0.00
1.10 1.75 -0.57 1.00 0.00
1.10 1.75 -0.40 1.00 0.00
1.10 1.75 -0.22 1.00 0.00
1.10 1.75 -0.05 1.00 0.00
1.10 1.75 0.13 1.00 0.00
1.10 1.75 0.30 1.00 0.00
1.10 1.75 0.47 1.00 0.00
1.10 1.75 0.65 1.00 0.00
1.10 1.75 0.82 1.00 0.00
1.10 1.75 1.00 1.00 0.00
1.10 1.75 1.17 1.00 0.00
1.10 1.75 1.35 1.00 0.00
1.10 1.75 1.52 1.00 0.00
1.10 1.75 1.70 1.00 0.00
1.10 1.75 1.87 1.00 0.00
1.10 1.75 2.04 1.00 0.00
1.10 1.75 2.22 1.00 0.00
0.30 1.92 5.37 1.00 0.00
0.30 1.92 5.55 1.00 0.00
0.30 1.92 5.72 1.00 0.00
0.30 1.92 5.89 1.00 0.00
0.30 1.92 6.07 1.00 0.00
0.30 1.92 6.24 1.00 0.00
0.30 1.92 6.42 1.00 0.00
0.30 1.92 6.59 1.00 0.00
0.30 1.92 6.77 1.00 0.00
0.30 1.92 6.94 1.00 0.00
0.30 1.92 7.12 1.00 0.00
0.30 1.92 7.29 1.00 0.00
0.30 1.92 7.47 1.00 0.00
0.30 1.92 7.64 1.00 0.00
0.30 1.92 7.81 1.00 0.00
0.30 1.92 7.99 1.00 0.00
0.30 1.92 8.16 1.00 0.00
0.30 1.92 8.34 1.00 0.00
0.50 1.92 5.41 1.00 0.00
0.50 1.92 5.58 1.00 0.00
0.50 1.92 5.75 1.00 0.00
0.50 1.92 5.93 1.00 0.00
0.50 1.92 6.10 1.00 0.00
0.50 1.92 6.28 1.00 0.00
0.50 1.92 6.45 1.00 0.00
0.50 1.92 6.63 1.00 0.00
0.50 1.92 6.80 1.00 0.00
0.50 1.92 6.98 1.00 0.00
0.50 1.92 7.15 1.00 0.00
0.50 1.92 7.33 1.00 0.00
0.50 1.92 7.50 1.00 0.00
0.50 1.92 7.67 1.00 0.00
0.50 1.92 7.85 1.00 0.00
0.50 1.92 8.02 1.00 0.00
0.50 1.92 8.20 1.00 0.00
0.50 1.92 8.37 1.00 0.00
0.70 1.92 -0.85 1.00 0.00
0.70 1.92 -0.67 1.00 0.00
0.70 1.92 -0.50 1.00 0.00
0.70 1.92 -0.32 1.00 0.00
0.70 1.92 -0.15 1.00 0.00
0.70 1.92 0.03 1.00 0.00
0.70 1.92 0.20 1.00 0.00
0.70 1.92 0.37 1.00 0.00
0.70 1.92 0.55 1.00 0.00
0.70 1.92 0.72 1.00 0.00
0.70 1.92 0.90 1.00 0.00
0.70 1.92 1.07 1.00 0.00
0.70 1.92 1.25 1.00 0.00
0.70 1.92 1.42 1.00 0.00
0.70 1.92 1.60 1.00 0.00
0.70 1.92 1.77 1.00 0.00
0.70 1.92 1.95 1.00 0.00
0.70 1.92 2.12 1.00 0.00
0.90 1.92 -0.82 1.00 0.00
0.90 1.92 -0.64 1.00 0.00
0.90 1.92 -0.47 1.00 0.00
0.90 1.92 -0.30 1.00 0.00
0.90 1.92 -0.12 1.00 0.00
0.90 1.92 0.05 1.00 0.00
0.90 1.92 0.23 1.00 0.00
0.90 1.92 0.40 1.00 0.00
0.90 1.92 0.58 1.00 0.00
0.90 1.92 0.75 1.00 0.00
0.90 1.92 0.93 1.00 0.00
0.90 1.92 1.10 1.00 0.00
0.90 1.92 1.28 1.00 0.00
0.90 1.92 1.45 1.00 0.00
0.90 1.92 1.62 1.00 0.00
0.90 1.92 1.80 1.00 0.00
0.90 1.92 1.97 1.00 0.00
0.90 1.92 2.15 1.00 0.00
1.10 1.92 -0.79 1.00 0.00
1.10 1.92 -0.62 1.00 0.00
1.10 1.92 -0.45 1.00 0.00
1.10 1.92 -0.27 1.00 0.00
1.10 1.92 -0.10 1.00 0.00
1.10 1.92 0.08 1.00 0.00
1.10 1.92 0.25 1.00 0.00
1.10 1.92 0.43 1.00 0.00
1.10 1.92 0.60 1.00 0.00
1.10 1.92 0.78 1.00 0.00
1.10 1.92 0.95 1.00 0.00
1.10 1.92 1.13 1.00 0.00
1.10 1.92 1.30 1.00 0.00
1.10 1.92 1.47 1.00 0.00
1.10 1.92 1.65 1.00 0.00
1.10 1.92 1.82 1.00 0.00
1.10 1.92 2.00 1.00 0.00
1.10 1.92 2.17 1.00 0.00
0.30 2.09 5.36 1.00 0.00
0.30 2.09 5.53 1.00 0.00
0.30 2.09 5.70 1.00 0.00
0.30 2.09 5.88 1.00 0.00
0.30 2.09 6.05 1.00 0.00
0.30 2.09 6.23 1.00 0.00
0.30 2.09 6.40 1.00 0.00
0.30 2.09 6.58 1.00 0.00
0.30 2.09 6.75 1.00 0.00
0.30 2.09 6.93 1.00 0.00
0.30 2.09 7.10 1.00 0.00
0.30 2.09 7.28 1.00 0.00
0.30 2.09 7.45 1.00 0.00
0.30 2.09 7.62 1.00 0.00
0.30 2.09 7.80 1.00 0.00
0.30 2.09 7.97 1.00 0.00
0.30 2.09 8.15 1.00 0.00
0.30 2.09 8.32 1.00 0.00
0.50 2.09 5.38 1.00 0.00
0.50 2.09 5.55 1.00 0.00
0.50 2.09 5.73 1.00 0.00
0.50 2.09 5.90 1.00 0.00
0.50 2.09 6.08 1.00 0.00
0.50 2.09 6.25 1.00 0.00
0.50 2.09 6.43 1.00 0.00
0.50 2.09 6.60 1.00 0.00
0.50 2.09 6.78 1.00 0.00
0.50 2.09 6.95 1.00 0.00
0.50 2.09 7.13 1.00 0.00
0.50 2.09 7.30 1.00 0.00
0.50 2.09 7.47 1.00 0.00
0.50 2.09 7.65 1.00 0.00
0.50 2.09 7.82 1.00 0.00
0.50 2.09 8.00 1.00 0.00
0.50 2.09 8.17 1.00 0.00
0.50 2.09 8.35 1.00 0.00
0.70 2.09 5.40 1.00 0.00
0.70 2.09 5.58 1.00 0.00
0.70 2.09 5.75 1.00 0.00
0.70 2.09 5.93 1.00 0.00
0.70 2.09 6.10 1.00 0.00
0.70 2.09 6.28 1.00 0.00
0.70 2.09 6.45 1.00 0.00
0.70 2.09 6.62 1.00 0.00
0.70 2.09 6.80 1.00 0.00
0.70 2.09 6.97 1.00 0.00
0.70 2.09 7.15 1.00 0.00
0.70 2.09 7.32 1.00 0.00
0.70 2.09 7.50 1.00 0.00
0.70 2.09 7.67 1.00 0.00
0.70 2.09 7.85 1.00 0.00
0.70 2.09 8.02 1.00 0.00
0.70 2.09 8.20 1.00 0.00
0.70 2.09 8.37 1.00 0.00
0.90 2.09 -0.86 1.00 0.00
0.90 2.09 -0.69 1.00 0.00
0.90 2.09 -0.51 1.00 0.00
0.90 2.09 -0.34 1.00 0.00
0.90 2.09 -0.16 1.00 0.00
0.90 2.09 0.01 1.00 0.00
0.90 2.09 0.19 1.00 0.00
0.90 2.09 0.36 1.00 0.00
0.90 2.09 0.54 1.00 0.00
0.90 2.09 0.71 1.00 0.00
0.90 2.09 0.88 1.00 0.00
0.90 2.09 1.06 1.00 0.00
0.90 2.09 1.23 1.00 0.00
0.90 2.09 1.41 1.00 0.00
0.90 2.09 1.58 1.00 0.00
0.90 2.09 1.76 1.00 0.00
0.90 2.09 1.93 1.00 0.00
0.90 2.09 2.11 1.00 0.00
1.10 2.09 -0.84 1.00 0.00
1.10 2.09 -0.67 1.00 0.00
1.10 2.09 -0.49 1.00 0.00
1.10 2.09 -0.32 1.00 0.00
1.10 2.09 -0.14 1.00 0.00
1.10 2.09 0.03 1.00 0.00
1.10 2.09 0.20 1.00 0.00
1.10 2.09 0.38 1.00 0.00
1.10 2.09 0.55 1.00 0.00
1.10 2.09 0.73 1.00 0.00
1.10 2.09 0.90 1.00 0.00
1.10 2.09 1.08 1.00 0.00
1.10 2.09 1.25 1.00 0.00
1.10 2.09 1.43 1.00 0.00
1.10 2.09 1.60 1.00 0.00
1.10 2.09 1.78 1.00 0.00
1.10 2.09 1.95 1.00 0.00
1.10 2.09 2.12 1.00 0.00
0.30 2.27 5.34 1.00 0.00
0.30 2.27 5.51 1.00 0.00
0.30 2.27 5.69 1.00 0.00
0.30 2.27 5.86 1.00 0.00
0.30 2.27 6.04 1.00 0.00
0.30 2.27 6.21 1.00 0.00
0.30 2.27 6.39 1.00 0.00
0.30 2.27 6.56 1.00 0.00
0.30 2.27 6.73 1.00 0.00
0.30 2.27 6.91 1.00 0.00
0.30 2.27 7.08 1.00 0.00
0.30 2.27 7.26 1.00 0.00
0.30 2.27 7.43 1.00 0.00
0.30 2.27 7.61 1.00 0.00
0.30 2.27 7.78 1.00 0.00
0.30 2.27 7.96 1.00 0.00
0.30 2.27 8.13 1.00 0.00
0.30 2.27 8.31 1.00 0.00
0.50 2.27 5.35 1.00 0.00
0.50 2.27 5.53 1.00 0.00
0.50 2.27 5.70 1.00 0.00
0.50 2.27 5.88 1.00 0.00
0.50 2.27 6.05 1.00 0.00
0.50 2.27 6.23 1.00 0.00
0.50 2.27 6.40 1.00 0.00
0.50 2.27 6.58 1.00 0.00
0.50 2.27 6.75 1.00 0.00
0.50 2.27 6.92 1.00 0.00
0.50 2.27 7.10 1.00 0.00
0.50 2.27 7.27 1.00 0.00
0.50 2.27 7.45 1.00 0.00
0.50 2.27 7.62 1.00 0.00
0.50 2.27 7.80 1.00 0.00
0.50 2.27 7.97 1.00 0.00
0.50 2.27 8.15 1.00 0.00
0.50 2.27 8.32 1.00 0.00
0.70 2.27 5.37 1.00 0.00
0.70 2.27 5.54 1.00 0.00
0.70 2.27 5.72 1.00 0.00
0.70 2.27 5.89 1.00 0.00
0.70 2.27 6.07 1.00 0.00
0.70 2.27 6.24 1.00 0.00
0.70 2.27 6.41 1.00 0.00
0.70 2.27 6.59 1.00 0.00
0.70 2.27 6.76 1.00 0.00
0.70 2.27 6.94 1.00 0.00
0.70 2.27 7.11 1.00 0.00
0.70 2.27 7.29 1.00 0.00
0.70 2.27 7.46 1.00 0.00
0.70 2.27 7.64 1.00 0.00
0.70 2.27 7.81 1.00 0.00
0.70 2.27 7.99 1.00 0.00
0.70 2.27 8.16 1.00 0.00
0.70 2.27 8.33 1.00 0.00
0.90 2.27 5.38 1.00 0.00
0.90 2.27 5.55 1.00 0.00
0.90 2.27 5.73 1.00 0.00
0.90 2.27 5.90 1.00 0.00
0.90 2.27 6.08 1.00 0.00
0.90 2.27 6.25 1.00 0.00
0.90 2.27 6.43 1.00 0.00
0.90 2.27 6.60 1.00 0.00
0.90 2.27 6.78 1.00 0.00
0.90 2.27 6.95 1.00 0.00
0.90 2.27 7.13 1.00 0.00
0.90 2.27 7.30 1.00 0.00
0.90 2.27 7.47 1.00 0.00
0.90 2.27 7.65 1.00 0.00
0.90 2.27 7.82 1.00 0.00
0.90 2.27 8.00 1.00 0.00
0.90 2.27 8.17 1.00 0.00
0.90 2.27 8.35 1.00 0.00
1.10 2.27 5.39 1.00 0.00
1.10 2.27 5.57 1.00 0.00
1.10 2.27 5.74 1.00 0.00
1.10 2.27 5.91 1.00 0.00
1.10 2.27 6.09 1.00 0.00
1.10 2.27 6.26 1.00 0.00
1.10 2.27 6.44 1.00 0.00
1.10 2.27 6.61 1.00 0.00
1.10 2.27 6.79 1.00 0.00
1.10 2.27 6.96 1.00 0.00
1.10 2.27 7.14 1.00 0.00
1.10 2.27 7.31 1.00 0.00
1.10 2.27 7.48 1.00 0.00
1.10 2.27 7.66 1.00 0.00
1.10 2.27 7.83 1.00 0.00
1.10 2.27 8.01 1.00 0.00
1.10 2.27 8.18 1.00 0.00
1.10 2.27 8.36 1.00 0.00
0.30 2.44 5.32 1.00 0.00
0.30 2.44 5.50 1.00 0.00
0.30 2.44 5.67 1.00 0.00
0.30 2.44 5.84 1.00 0.00
0.30 2.44 6.02 1.00 0.00
0.30 2.44 6.19 1.00 0.00
0.30 2.44 6.37 1.00 0.00
0.30 2.44 6.54 1.00 0.00
0.30 2.44 6.72 1.00 0.00
0.30 2.44 6.89 1.00 0.00
0.30 2.44 7.07 1.00 0.00
0.30 2.44 7.24 1.00 0.00
0.30 2.44 7.42 1.00 0.00
0.30 2.44 7.59 1.00 0.00
0.30 2.44 7.76 1.00 0.00
0.30 2.44 7.94 1.00 0.00
0.30 2.44 8.11 1.00 0.00
0.30 2.44 8.29 1.00 0.00
0.50 2.44 5.33 1.00 0.00
0.50 2.44 5.50 1.00 0.00
0.50 2.44 5.68 1.00 0.00
0.50 2.44 5.85 1.00 0.00
0.50 2.44 6.02 1.00 0.00
0.50 2.44 6.20 1.00 0.00
0.50 2.44 6.37 1.00 0.00
0.50 2.44 6.55 1.00 0.00
0.50 2.44 6.72 1.00 0.00
0.50 2.44 6.90 1.00 0.00
0.50 2.44 7.07 1.00 0.00
0.50 2.44 7.25 1.00 0.00
0.50 2.44 7.42 1.00 0.00
0.50 2.44 7.60 1.00 0.00
0.50 2.44 7.77 1.00 0.00
0.50 2.44 7.94 1.00 0.00
0.50 2.44 8.12 1.00 0.00
0.50 2.44 8.29 1.00 0.00
0.70 2.44 5.33 1.00 0.00
0.70 2.44 5.51 1.00 0.00
0.70 2.44 5.68 1.00 0.00
0.70 2.44 5.86 1.00 0.00
0.70 2.44 6.03 1.00 0.00
0.70 2.44 6.20 1.00 0.00
0.70 2.44 6.38 1.00 0.00
0.70 2.44 6.55 1.00 0.00
0.70 2.44 6.73 1.00 0.00
0.70 2.44 6.90 1.00 0.00
0.70 2.44 7.08 1.00 0.00
0.70 2.44 7.25 1.00 0.00
0.70 2.44 7.43 1.00 0.00
0.70 2.44 7.60 1.00 0.00
0.70 2.44 7.78 1.00 0.00
0.70 2.44 7.95 1.00 0.00
0.70 2.44 8.12 1.00 0.00
0.70 2.44 8.30 1.00 0.00
0.90 2.44 5.34 1.00 0.00
0.90 2.44 5.51 1.00 0.00
0.90 2.44 5.69 1.00 0.00
0.90 2.44 5.86 1.00 0.00
0.90 2.44 6.03 1.00 0.00
0.90 2.44 6.21 1.00 0.00
0.90 2.44 6.38 1.00 0.00
0.90 2.44 6.56 1.00 0.00
0.90 2.44 6.73 1.00 0.00
0.90 2.44 6.91 1.00 0.00
0.90 2.44 7.08 1.00 0.00
0.90 2.44 7.26 1.00 0.00
0.90 2.44 7.43 1.00 0.00
0.90 2.44 7.61 1.00 0.00
0.90 2.44 7.78 1.00 0.00
0.90 2.44 7.95 1.00 0.00
0.90 2.44 8.13 1.00 0.00
0.90 2.44 8.30 1.00 0.00
1.10 2.44 5.34 1.00 0.00
1.10 2.44 5.51 1.00 0.00
1.10 2.44 5.69 1.00 0.00
1.10 2.44 5.86 1.00 0.00
1.10 2.44 6.04 1.00 0.00
1.10 2.44 6.21 1.00 0.00
1.10 2.44 6.39 1.00 0.00
1.10 2.44 6.56 1.00 0.00
1.10 2.44 6.74 1.00 0.00
1.10 2.44 6.91 1.00 0.00
1.10 2.44 7.09 1.00 0.00
1.10 2.44 7.26 1.00 0.00
1.10 2.44 7.43 1.00 0.00
1.10 2.44 7.61 1.00 0.00
1.10 2.44 7.78 1.00 0.00
1.10 2.44 7.96 1.00 0.00
1.10 2.44 8.13 1.00 0.00
1.10 2.44 8.31 1.00 0.00
0.30 2.62 5.30 1.00 0.00
0.30 2.62 5.48 1.00 0.00
0.30 2.62 5.65 1.00 0.00
0.30 2.62 5.83 1.00 0.00
0.30 2.62 6.00 1.00 0.00
0.30 2.62 6.18 1.00 0.00
0.30 2.62 6.35 1.00 0.00
0.30 2.62 6.53 1.00 0.00
0.30 2.62 6.70 1.00 0.00
0.30 2.62 6.87 1.00 0.00
0.30 2.62 7.05 1.00 0.00
0.30 2.62 7.22 1.00 0.00
0.30 2.62 7.40 1.00 0.00
0.30 2.62 7.57 1.00 0.00
0.30 2.62 7.75 1.00 0.00
0.30 2.62 7.92 1.00 0.00
0.30 2.62 8.10 1.00 0.00
0.30 2.62 8.27 1.00 0.00
0.50 2.62 5.30 1.00 0.00
0.50 2.62 5.47 1.00 0.00
0.50 2.62 5.65 1.00 0.00
0.50 2.62 5.82 1.00 0.00
0.50 2.62 6.00 1.00 0.00
0.50 2.62 6.17 1.00 0.00
0.50 2.62 6.35 1.00 0.00
0.50 2.62 6.52 1.00 0.00
0.50 2.62 6.70 1.00 0.00
0.50 2.62 6.87 1.00 0.00
0.50 2.62 7.04 1.00 0.00
0.50 2.62 7.22 1.00 0.00
0.50 2.62 7.39 1.00 0.00
0.50 2.62 7.57 1.00 0.00
0.50 2.62 7.74 1.00 0.00
0.50 2.62 7.92 1.00 0.00
0.50 2.62 8.09 1.00 0.00
0.50 2.62 8.27 1.00 0.00
0.70 2.62 5.30 1.00 0.00
0.70 2.62 5.47 1.00 0.00
0.70 2.62 5.64 1.00 0.00
0.70 2.62 5.82 1.00 0.00
0.70 2.62 5.99 1.00 0.00
0.70 2.62 6.17 1.00 0.00
0.70 2.62 6.34 1.00 0.00
0.70 2.62 6.52 1.00 0.00
0.70 2.62 6.69 1.00 0.00
0.70 2.62 6.87 1.00 0.00
0.70 2.62 7.04 1.00 0.00
0.70 2.62 7.22 1.00 0.00
0.70 2.62 7.39 1.00 0.00
0.70 2.62 7.56 1.00 0.00
0.70 2.62 7.74 1.00 0.00
0.70 2.62 7.91 1.00 0.00
0.70 2.62 8.09 1.00 0.00
0.70 2.62 8.26 1.00 0.00
0.90 2.62 5.29 1.00 0.00
0.90 2.62 5.47 1.00 0.00
0.90 2.62 5.64 1.00 0.00
0.90 2.62 5.82 1.00 0.00
0.90 2.62 5.99 1.00 0.00
0.90 2.62 6.17 1.00 0.00
0.90 2.62 6.34 1.00 0.00
0.90 2.62 6.51 1.00 0.00
0.90 2.62 6.69 1.00 0.00
0.90 2.62 6.86 1.00 0.00
0.90 2.62 7.04 1.00 0.00
0.90 2.62 7.21 1.00 0.00
0.90 2.62 7.39 1.00 0.00
0.90 2.62 7.56 1.00 0.00
0.90 2.62 7.74 1.00 0.00
0.90 2.62 7.91 1.00 0.00
0.90 2.62 8.08 1.00 0.00
0.90 2.62 8.26 1.00 0.00
1.10 2.62 5.29 1.00 0.00
1.10 2.62 5.46 1.00 0.00
1.10 2.62 5.64 1.00 0.00
1.10 2.62 5.81 1.00 0.00
1.10 2.62 5.99 1.00 0.00
1.10 2.62 6.16 1.00 0.00
1.10 2.62 6.34 1.00 0.00
1.10 2.62 6.51 1.00 0.00
1.10 2.62 6.69 1.00 0.00
1.10 2.62 6.86 1.00 0.00
1.10 2.62 7.03 1.00 0.00
1.10 2.62 7.21 1.00 0.00
1.10 2.62 7.38 1.00 0.00
1.10 2.62 7.56 1.00 0.00
1.10 2.62 7.73 1.00 0.00
1.10 2.62 7.91 1.00 0.00
1.10 2.62 8.08 1.00 0.00
1.10 2.62 8.26 1.00 0.00
0.30 2.79 5.29 1.00 0.00
0.30 2.79 5.46 1.00 0.00
0.30 2.79 5.64 1.00 0.00
0.30 2.79 5.81 1.00 0.00
0.30 2.79 5.98 1.00 0.00
0.30 2.79 6.16 1.00 0.00
0.30 2.79 6.33 1.00 0.00
0.30 2.79 6.51 1.00 0.00
0.30 2.79 6.68 1.00 0.00
0.30 2.79 6.86 1.00 0.00
0.30 2.79 7.03 1.00 0.00
0.30 2.79 7.21 1.00 0.00
0.30 2.79 7.38 1.00 0.00
0.30 2.79 7.56 1.00 0.00
0.30 2.79 7.73 1.00 0.00
0.30 2.79 7.90 1.00 0.00
0.30 2.79 8.08 1.00 0.00
0.30 2.79 8.25 1.00 0.00
0.50 2.79 5.27 1.00 0.00
0.50 2.79 5.45 1.00 0.00
0.50 2.79 5.62 1.00 0.00
0.50 2.79 5.80 1.00 0.00
0.50 2.79 5.97 1.00 0.00
0.50 2.79 6.14 1.00 0.00
0.50 2.79 6.32 1.00 0.00
0.50 2.79 6.49 1.00 0.00
0.50 2.79 6.67 1.00 0.00
0.50 2.79 6.84 1.00 0.00
0.50 2.79 7.02 1.00 0.00
0.50 2.79 7.19 1.00 0.00
0.50 2.79 7.37 1.00 0.00
0.50 2.79 7.54 1.00 0.00
0.50 2.79 7.72 1.00 0.00
0.50 2.79 7.89 1.00 0.00
0.50 2.79 8.06 1.00 0.00
0.50 2.79 8.24 1.00 0.00
0.70 2.79 5.26 1.00 0.00
0.70 2.79 5.43 1.00 0.00
0.70 2.79 5.61 1.00 0.00
0.70 2.79 5.78 1.00 0.00
0.70 2.79 5.96 1.00 0.00
0.70 2.79 6.13 1.00 0.00
0.70 2.79 6.31 1.00 0.00
0.70 2.79 6.48 1.00 0.00
0.70 2.79 6.66 1.00 0.00
0.70 2.79 6.83 1.00 0.00
0.70 2.79 7.01 1.00 0.00
0.70 2.79 7.18 1.00 0.00
0.70 2.79 7.35 1.00 0.00
0.70 2.79 7.53 1.00 0.00
0.70 2.79 7.70 1.00 0.00
0.70 2.79 7.88 1.00 0.00
0.70 2.79 8.05 1.00 0.00
0.70 2.79 8.23 1.00 0.00
0.90 2.79 5.25 1.00 0.00
0.90 2.79 5.42 1.00 0.00
0.90 2.79 5.60 1.00 0.00
0.90 2.79 5.77 1.00 0.00
0.90 2.79 5.95 1.00 0.00
0.90 2.79 6.12 1.00 0.00
0.90 2.79 6.30 1.00 0.00
0.90 2.79 6.47 1.00 0.00
0.90 2.79 6.64 1.00 0.00
0.90 2.79 6.82 1.00 0.00
0.90 2.79 6.99 1.00 0.00
0.90 2.79 7.17 1.00 0.00
0.90 2.79 7.34 1.00 0.00
0.90 2.79 7.52 1.00 0.00
0.90 2.79 7.69 1.00 0.00
0.90 2.79 7.87 1.00 0.00
0.90 2.79 8.04 1.00 0.00
0.90 2.79 8.22 1.00 0.00
1.10 2.79 5.24 1.00 0.00
1.10 2.79 5.41 1.00 0.00
1.10 2.79 5.59 1.00 0.00
1.10 2.79 5.76 1.00 0.00
1.10 2.79 5.94 1.00 0.00
1.10 2.79 6.11 1.00 0.00
1.10 2.79 6.29 1.00 0.00
1.10 2.79 6.46 1.00 0.00
1.10 2.79 6.64 1.00 0.00
1.10 2.79 6.81 1.00 0.00
1.10 2.79 6.98 1.00 0.00
1.10 2.79 7.16 1.00 0.00
1.10 2.79 7.33 1.00 0.00
1.10 2.79 7.51 1.00 0.00
1.10 2.79 7.68 1.00 0.00
1.10 2.79 7.86 1.00 0.00
1.10 2.79 8.03 1.00 0.00
1.10 2.79 8.21 1.00 0.00
0.30 2.97 5.27 1.00 0.00
0.30 2.97 5.44 1.00 0.00
0.30 2.97 5.62 1.00 0.00
0.30 2.97 5.79 1.00 0.00
0.30 2.97 5.97 1.00 0.00
0.30 2.97 6.14 1.00 0.00
0.30 2.97 6.32 1.00 0.00
0.30 2.97 6.49 1.00 0.00
0.30 2.97 6.67 1.00 0.00
0.30 2.97 6.84 1.00 0.00
0.30 2.97 7.01 1.00 0.00
0.30 2.97 7.19 1.00 0.00
0.30 2.97 7.36 1.00 0.00
0.30 2.97 7.54 1.00 0.00
0.30 2.97 7.71 1.00 0.00
0.30 2.97 7.89 1.00 0.00
0.30 2.97 8.06 1.00 0.00
0.30 2.97 8.24 1.00 0.00
0.50 2.97 5.25 1.00 0.00
0.50 2.97 5.42 1.00 0.00
0.50 2.97 5.59 1.00 0.00
0.50 2.97 5.77 1.00 0.00
0.50 2.97 5.94 1.00 0.00
0.50 2.97 6.12 1.00 0.00
0.50 2.97 6.29 1.00 0.00
0.50 2.97 6.47 1.00 0.00
0.50 2.97 6.64 1.00 0.00
0.50 2.97 6.82 1.00 0.00
0.50 2.97 6.99 1.00 0.00
0.50 2.97 7.17 1.00 0.00
0.50 2.97 7.34 1.00 0.00
0.50 2.97 7.51 1.00 0.00
0.50 2.97 7.69 1.00 0.00
0.50 2.97 7.86 1.00 0.00
0.50 2.97 8.04 1.00 0.00
0.50 2.97 8.21 1.00 0.00
0.70 2.97 5.22 1.00 0.00
0.70 2.97 5.40 1.00 0.00
0.70 2.97 5.57 1.00 0.00
0.70 2.97 5.75 1.00 0.00
0.70 2.97 5.92 1.00 0.00
0.70 2.97 6.10 1.00 0.00
0.70 2.97 6.27 1.00 0.00
0.70 2.97 6.45 1.00 0.00
0.70 2.97 6.62 1.00 0.00
0.70 2.97 6.80 1.00 0.00
0.70 2.97 6.97 1.00 0.00
0.70 2.97 7.14 1.00 0.00
0.70 2.97 7.32 1.00 0.00
0.70 2.97 7.49 1.00 0.00
0.70 2.97 7.67 1.00 0.00
0.70 2.97 7.84 1.00 0.00
0.70 2.97 8.02 1.00 0.00
0.70 2.97 8.19 1.00 0.00
0.90 2.97 5.21 1.00 0.00
0.90 2.97 5.38 1.00 0.00
0.90 2.97 5.55 1.00 0.00
0.90 2.97 5.73 1.00 0.00
0.90 2.97 5.90 1.00 0.00
0.90 2.97 6.08 1.00 0.00
0.90 2.97 6.25 1.00 0.00
0.90 2.97 6.43 1.00 0.00
0.90 2.97 6.60 1.00 0.00
0.90 2.97 6.78 1.00 0.00
0.90 2.97 6.95 1.00 0.00
0.90 2.97 7.13 1.00 0.00
0.90 2.97 7.30 1.00 0.00
0.90 2.97 7.47 1.00 0.00
0.90 2.97 7.65 1.00 0.00
0.90 2.97 7.82 1.00 0.00
0.90 2.97 8.00 1.00 0.00
0.90 2.97 8.17 1.00 0.00
1.10 2.97 5.19 1.00 0.00
1.10 2.97 5.36 1.00 0.00
1.10 2.97 5.54 1.00 0.00
1.10 2.97 5.71 1.00 0.00
1.10 2.97 5.89 1.00 0.00
1.10 2.97 6.06 1.00 0.00
1.10 2.97 6.24 1.00 0.00
1.10 2.97 6.41 1.00 0.00
1.10 2.97 6.59 1.00 0.00
1.10 2.97 6.76 1.00 0.00
1.10 2.97 6.93 1.00 0.00
1.10 2.97 7.11 1.00 0.00
1.10 2.97 7.28 1.00 0.00
1.10 2.97 7.46 1.00 0.00
1.10 2.97 7.63 1.00 0.00
1.10 2.97 7.81 1.00 0.00
1.10 2.97 7.98 1.00 0.00
1.10 2.97 8.16 1.00 0.00
0.30 3.14 5.25 1.00 0.00
0.30 3.14 5.43 1.00 0.00
0.30 3.14 5.60 1.00 0.00
0.30 3.14 5.78 1.00 0.00
0.30 3.14 5.95 1.00 0.00
0.30 3.14 6.13 1.00 0.00
0.30 3.14 6.30 1.00 0.00
0.30 3.14 6.48 1.00 0.00
0.30 3.14 6.65 1.00 0.00
0.30 3.14 6.82 1.00 0.00
0.30 3.14 7.00 1.00 0.00
0.30 3.14 7.17 1.00 0.00
0.30 3.14 7.35 1.00 0.00
0.30 3.14 7.52 1.00 0.00
0.30 3.14 7.70 1.00 0.00
0.30 3.14 7.87 1.00 0.00
0.30 3.14 8.05 1.00 0.00
0.30 3.14 8.22 1.00 0.00
0.50 3.14 5.22 1.00 0.00
0.50 3.14 5.39 1.00 0.00
0.50 3.14 5.57 1.00 0.00
0.50 3.14 5.74 1.00 0.00
0.50 3.14 5.92 1.00 0.00
0.50 3.14 6.09 1.00 0.00
0.50 3.14 6.27 1.00 0.00
0.50 3.14 6.44 1.00 0.00
0.50 3.14 6.62 1.00 0.00
0.50 3.14 6.79 1.00 0.00
0.50 3.14 6.97 1.00 0.00
0.50 3.14 7.14 1.00 0.00
0.50 3.14 7.31 1.00 0.00
0.50 3.14 7.49 1.00 0.00
0.50 3.14 7.66 1.00 0.00
0.50 3.14 7.84 1.00 0.00
0.50 3.14 8.01 1.00 0.00
0.50 3.14 8.19 1.00 0.00
0.70 3.14 5.19 1.00 0.00
0.70 3.14 5.37 1.00 0.00
0.70 3.14 5.54 1.00 0.00
0.70 3.14 5.71 1.00 0.00
0.70 3.14 5.89 1.00 0.00
0.70 3.14 6.06 1.00 0.00
0.70 3.14 6.24 1.00 0.00
0.70 3.14 6.41 1.00 0.00
0.70 3.14 6.59 1.00 0.00
0.70 3.14 6.76 1.00 0.00
0.70 3.14 6.94 1.00 0.00
0.70 3.14 7.11 1.00 0.00
0.70 3.14 7.29 1.00 0.00
0.70 3.14 7.46 1.00 0.00
0.70 3.14 7.63 1.00 0.00
0.70 3.14 7.81 1.00 0.00
0.70 3.14 7.98 1.00 0.00
0.70 3.14 8.16 1.00 0.00
0.90 3.14 5.16 1.00 0.00
0.90 3.14 5.34 1.00 0.00
0.90 3.14 5.51 1.00 0.00
0.90 3.14 5.69 1.00 0.00
0.90 3.14 5.86 1.00 0.00
0.90 3.14 6.04 1.00 0.00
0.90 3.14 6.21 1.00 0.00
0.90 3.14 6.39 1.00 0.00
0.90 3.14 6.56 1.00 0.00
0.90 3.14 6.73 1.00 0.00
0.90 3.14 6.91 1.00 0.00
0.90 3.14 7.08 1.00 0.00
0.90 3.14 7.26 1.00 0.00
0.90 3.14 7.43 1.00 0.00
0.90 3.14 7.61 1.00 0.00
0.90 3.14 7.78 1.00 0.00
0.90 3.14 7.96 1.00 0.00
0.90 3.14 8.13 1.00 0.00
1.10 3.14 5.14 1.00 0.00
1.10 3.14 5.31 1.00 0.00
1.10 3.14 5.49 1.00 0.00
1.10 3.14 5.66 1.00 0.00
1.10 3.14 5.84 1.00 0.00
1.10 3.14 6.01 1.00 0.00
1.10 3.14 6.19 1.00 0.00
1.10 3.14 6.36 1.00 0.00
1.10 3.14 6.54 1.00 0.00
1.10 3.14 6.71 1.00 0.00
1.10 3.14 6.89 1.00 0.00
1.10 3.14 7.06 1.00 0.00
1.10 3.14 7.23 1.00 0.00
1.10 3.14 7.41 1.00 0.00
1.10 3.14 7.58 1.00 0.00
1.10 3.14 7.76 1.00 0.00
1.10 3.14 7.93 1.00 0.00
1.10 3.14 8.11 1.00 0.00
0.30 3.32 5.24 1.00 0.00
0.30 3.32 5.41 1.00 0.00
0.30 3.32 5.59 1.00 0.00
0.30 3.32 5.76 1.00 0.00
0.30 3.32 5.94 1.00 0.00
0.30 3.32 6.11 1.00 0.00
0.30 3.32 6.29 1.00 0.00
0.30 3.32 6.46 1.00 0.00
0.30 3.32 6.64 1.00 0.00
0.30 3.32 6.81 1.00 0.00
0.30 3.32 6.98 1.00 0.00
0.30 3.32 7.16 1.00 0.00
0.30 3.32 7.33 1.00 0.00
0.30 3.32 7.51 1.00 0.00
0.30 3.32 7.68 1.00 0.00
0.30 3.32 7.86 1.00 0.00
0.30 3.32 8.03 1.00 0.00
0.30 3.32 8.21 1.00 0.00
0.50 3.32 5.20 1.00 0.00
0.50 3.32 5.37 1.00 0.00
0.50 3.32 5.55 1.00 0.00
0.50 3.32 5.72 1.00 0.00
0.50 3.32 5.89 1.00 0.00
0.50 3.32 6.07 1.00 0.00
0.50 3.32 6.24 1.00 0.00
0.50 3.32 6.42 1.00 0.00
0.50 3.32 6.59 1.00 0.00
0.50 3.32 6.77 1.00 0.00
0.50 3.32 6.94 1.00 0.00
0.50 3.32 7.12 1.00 0.00
0.50 3.32 7.29 1.00 0.00
0.50 3.32 7.47 1.00 0.00
0.50 3.32 7.64 1.00 0.00
0.50 3.32 7.81 1.00 0.00
0.50 3.32 7.99 1.00 0.00
0.50 3.32 8.16 1.00 0.00
0.70 3.32 5.16 1.00 0.00
0.70 3.32 5.33 1.00 0.00
0.70 3.32 5.51 1.00 0.00
0.70 3.32 5.68 1.00 0.00
0.70 3.32 5.86 1.00 0.00
0.70 3.32 6.03 1.00 0.00
0.70 3.32 6.21 1.00 0.00
0.70 3.32 6.38 1.00 0.00
0.70 3.32 6.56 1.00 0.00
0.70 3.32 6.73 1.00 0.00
0.70 3.32 6.90 1.00 0.00
0.70 3.32 7.08 1.00 0.00
0.70 3.32 7.25 1.00 0.00
0.70 3.32 7.43 1.00 0.00
0.70 3.32 7.60 1.00 0.00
0.70 3.32 7.78 1.00 0.00
0.70 3.32 7.95 1.00 0.00
0.70 3.32 8.13 1.00 0.00
0.90 3.32 5.12 1.00 0.00
0.90 3.32 5.30 1.00 0.00
0.90 3.32 5.47 1.00 0.00
0.90 3.32 5.65 1.00 0.00
0.90 3.32 5.82 1.00 0.00
0.90 3.32 6.00 1.00 0.00
0.90 3.32 6.17 1.00 0.00
0.90 3.32 6.35 1.00 0.00
0.90 3.32 6.52 1.00 0.00
0.90 3.32 6.70 1.00 0.00
0.90 3.32 6.87 1.00 0.00
0.90 3.32 7.04 1.00 0.00
0.90 3.32 7.22 1.00 0.00
0.90 3.32 7.39 1.00 0.00
0.90 3.32 7.57 1.00 0.00
0.90 3.32 7.74 1.00 0.00
0.90 3.32 7.92 1.00 0.00
0.90 3.32 8.09 1.00 0.00
1.10 3.32 5.09 1.00 0.00
1.10 3.32 5.27 1.00 0.00
1.10 3.32 5.44 1.00 0.00
1.10 3.32 5.62 1.00 0.00
1.10 3.32 5.79 1.00 0.00
1.10 3.32 5.97 1.00 0.00
1.10 3.32 6.14 1.00 0.00
1.10 3.32 6.31 1.00 0.00
1.10 3.32 6.49 1.00 0.00
1.10 3.32 6.66 1.00 0.00
1.10 3.32 6.84 1.00 0.00
1.10 3.32 7.01 1.00 0.00
1.10 3.32 7.19 1.00 0.00
1.10 3.32 7.36 1.00 0.00
1.10 3.32 7.54 1.00 0.00
1.10 3.32 7.71 1.00 0.00
1.10 3.32 7.89 1.00 0.00
1.10 3.32 8.06 1.00 0.00
0.30 3.49 5.23 1.00 0.00
0.30 3.49 5.40 1.00 0.00
0.30 3.49 5.58 1.00 0.00
0.30 3.49 5.75 1.00 0.00
0.30 3.49 5.92 1.00 0.00
0.30 3.49 6.10 1.00 0.00
0.30 3.49 6.27 1.00 0.00
0.30 3.49 6.45 1.00 0.00
0.30 3.49 6.62 1.00 0.00
0.30 3.49 6.80 1.00 0.00
0.30 3.49 6.97 1.00 0.00
0.30 3.49 7.15 1.00 0.00
0.30 3.49 7.32 1.00 0.00
0.30 3.49 7.50 1.00 0.00
0.30 3.49 7.67 1.00 0.00
0.30 3.49 7.84 1.00 0.00
0.30 3.49 8.02 1.00 0.00
0.30 3.49 8.19 1.00 0.00
0.50 3.49 5.18 1.00 0.00
0.50 3.49 5.35 1.00 0.00
0.50 3.49 5.52 1.00 0.00
0.50 3.49 5.70 1.00 0.00
0.50 3.49 5.87 1.00 0.00
0.50 3.49 6.05 1.00 0.00
0.50 3.49 6.22 1.00 0.00
0.50 3.49 6.40 1.00 0.00
0.50 3.49 6.57 1.00 0.00
0.50 3.49 6.75 1.00 0.00
0.50 3.49 6.92 1.00 0.00
0.50 3.49 7.10 1.00 0.00
0.50 3.49 7.27 1.00 0.00
0.50 3.49 7.44 1.00 0.00
0.50 3.49 7.62 1.00 0.00
0.50 3.49 7.79 1.00 0.00
0.50 3.49 7.97 1.00 0.00
0.50 3.49 8.14 1.00 0.00
0.70 3.49 5.13 1.00 0.00
0.70 3.49 5.30 1.00 0.00
0.70 3.49 5.48 1.00 0.00
0.70 3.49 5.65 1.00 0.00
0.70 3.49 5.83 1.00 0.00
0.70 3.49 6.00 1.00 0.00
0.70 3.49 6.18 1.00 0.00
0.70 3.49 6.35 1.00 0.00
0.70 3.49 6.53 1.00 0.00
0.70 3.49 6.70 1.00 0.00
0.70 3.49 6.87 1.00 0.00
0.70 3.49 7.05 1.00 0.00
0.70 3.49 7.22 1.00 0.00
0.70 3.49 7.40 1.00 0.00
0.70 3.49 7.57 1.00 0.00
0.70 3.49 7.75 1.00 0.00
0.70 3.49 7.92 1.00 0.00
0.70 3.49 8.10 1.00 0.00
0.90 3.49 5.09 1.00 0.00
0.90 3.49 5.26 1.00 0.00
0.90 3.49 5.44 1.00 0.00
0.90 3.49 5.61 1.00 0.00
0.90 3.49 5.79 1.00 0.00
0.90 3.49 5.96 1.00 0.00
0.90 3.49 6.13 1.00 0.00
0.90 3.49 6.31 1.00 0.00
0.90 3.49 6.48 1.00 0.00
0.90 3.49 6.66 1.00 0.00
0.90 3.49 6.83 1.00 0.00
0.90 3.49 7.01 1.00 0.00
0.90 3.49 7.18 1.00 0.00
0.90 3.49 7.36 1.00 0.00
0.90 3.49 7.53 1.00 0.00
0.90 3.49 7.71 1.00 0.00
0.90 3.49 7.88 1.00 0.00
0.90 3.49 8.05 1.00 0.00
1.10 3.49 5.05 1.00 0.00
1.10 3.49 5.22 1.00 0.00
1.10 3.49 5.40 1.00 0.00
1.10 3.49 5.57 1.00 0.00
1.10 3.49 5.75 1.00 0.00
1.10 3.49 5.92 1.00 0.00
1.10 3.49 6.10 1.00 0.00
1.10 3.49 6.27 1.00 0.00
1.10 3.49 6.44 1.00 0.00
1.10 3.49 6.62 1.00 0.00
1.10 3.49 6.79 1.00 0.00
1.10 3.49 6.97 1.00 0.00
1.10 3.49 7.14 1.00 0.00
1.10 3.49 7.32 1.00 0.00
1.10 3.49 7.49 1.00 0.00
1.10 3.49 7.67 1.00 0.00
1.10 3.49 7.84 1.00 0.00
1.10 3.49 8.02 1.00 0.00
0.30 3.67 5.22 1.00 0.00
0.30 3.67 5.39 1.00 0.00
0.30 3.67 5.56 1.00 0.00
0.30 3.67 5.74 1.00 0.00
0.30 3.67 5.91 1.00 0.00
0.30 3.67 6.09 1.00 0.00
0.30 3.67 6.26 1.00 0.00
0.30 3.67 6.44 1.00 0.00
0.30 3.67 6.61 1.00 0.00
0.30 3.67 6.79 1.00 0.00
0.30 3.67 6.96 1.00 0.00
0.30 3.67 7.14 1.00 0.00
0.30 3.67 7.31 1.00 0.00
0.30 3.67 7.48 1.00 0.00
0.30 3.67 7.66 1.00 0.00
0.30 3.67 7.83 1.00 0.00
0.30 3.67 8.01 1.00 0.00
0.30 3.67 8.18 1.00 0.00
0.50 3.67 5.16 1.00 0.00
0.50 3.67 5.33 1.00 0.00
0.50 3.67 5.51 1.00 0.00
0.50 3.67 5.68 1.00 0.00
0.50 3.67 5.86 1.00 0.00
0.50 3.67 6.03 1.00 0.00
0.50 3.67 6.20 1.00 0.00
0.50 3.67 6.38 1.00 0.00
0.50 3.67 6.55 1.00 0.00
0.50 3.67 6.73 1.00 0.00
0.50 3.67 6.90 1.00 0.00
0.50 3.67 7.08 1.00 0.00
0.50 3.67 7.25 1.00 0.00
0.50 3.67 7.43 1.00 0.00
0.50 3.67 7.60 1.00 0.00
0.50 3.67 7.78 1.00 0.00
0.50 3.67 7.95 1.00 0.00
0.50 3.67 8.12 1.00 0.00
0.70 3.67 5.10 1.00 0.00
0.70 3.67 5.28 1.00 0.00
0.70 3.67 5.45 1.00 0.00
0.70 3.67 5.63 1.00 0.00
0.70 3.67 5.80 1.00 0.00
0.70 3.67 5.98 1.00 0.00
0.70 3.67 6.15 1.00 0.00
0.70 3.67 6.32 1.00 0.00
0.70 3.67 6.50 1.00 0.00
0.70 3.67 6.67 1.00 0.00
0.70 3.67 6.85 1.00 0.00
0.70 3.67 7.02 1.00 0.00
0.70 3.67 7.20 1.00 0.00
0.70 3.67 7.37 1.00 0.00
0.70 3.67 7.55 1.00 0.00
0.70 3.67 7.72 1.00 0.00
0.70 3.67 7.90 1.00 0.00
0.70 3.67 8.07 1.00 0.00
0.90 3.67 5.05 1.00 0.00
0.90 3.67 5.23 1.00 0.00
0.90 3.67 5.40 1.00 0.00
0.90 3.67 5.58 1.00 0.00
0.90 3.67 5.75 1.00 0.00
0.90 3.67 5.93 1.00 0.00
0.90 3.67 6.10 1.00 0.00
0.90 3.67 6.27 1.00 0.00
0.90 3.67 6.45 1.00 0.00
0.90 3.67 6.62 1.00 0.00
0.90 3.67 6.80 1.00 0.00
0.90 3.67 6.97 1.00 0.00
0.90 3.67 7.15 1.00 0.00
0.90 3.67 7.32 1.00 0.00
0.90 3.67 7.50 1.00 0.00
0.90 3.67 7.67 1.00 0.00
0.90 3.67 7.85 1.00 0.00
0.90 3.67 8.02 1.00 0.00
1.10 3.67 5.01 1.00 0.00
1.10 3.67 5.18 1.00 0.00
1.10 3.67 5.36 1.00 0.00
1.10 3.67 5.53 1.00 0.00
1.10 3.67 5.71 1.00 0.00
1.10 3.67 5.88 1.00 0.00
1.10 3.67 6.05 1.00 0.00
1.10 3.67 6.23 1.00 0.00
1.10 3.67 6.40 1.00 0.00
1.10 3.67 6.58 1.00 0.00
1.10 3.67 6.75 1.00 0.00
1.10 3.67 6.93 1.00 0.00
1.10 3.67 7.10 1.00 0.00
1.10 3.67 7.28 1.00 0.00
1.10 3.67 7.45 1.00 0.00
1.10 3.67 7.63 1.00 0.00
1.10 3.67 7.80 1.00 0.00
1.10 3.67 7.97 1.00 0.00
0.30 3.84 5.21 1.00 0.00
0.30 3.84 5.38 1.00 0.00
0.30 3.84 5.56 1.00 0.00
0.30 3.84 5.73 1.00 0.00
0.30 3.84 5.91 1.00 0.00
0.30 3.84 6.08 1.00 0.00
0.30 3.84 6.25 1.00 0.00
0.30 3.84 6.43 1.00 0.00
0.30 3.84 6.60 1.00 0.00
0.30 3.84 6.78 1.00 0.00
0.30 3.84 6.95 1.00 0.00
0.30 3.84 7.13 1.00 0.00
0.30 3.84 7.30 1.00 0.00
0.30 3.84 7.48 1.00 0.00
0.30 3.84 7.65 1.00 0.00
0.30 3.84 7.83 1.00 0.00
0.30 3.84 8.00 1.00 0.00
0.30 3.84 8.17 1.00 0.00
0.50 3.84 5.14 1.00 0.00
0.50 3.84 5.32 1.00 0.00
0.50 3.84 5.49 1.00 0.00
0.50 3.84 5.67 1.00 0.00
0.50 3.84 5.84 1.00 0.00
0.50 3.84 6.01 1.00 0.00
0.50 3.84 6.19 1.00 0.00
0.50 3.84 6.36 1.00 0.00
0.50 3.84 6.54 1.00 0.00
0.50 3.84 6.71 1.00 0.00
0.50 3.84 6.89 1.00 0.00
0.50 3.84 7.06 1.00 0.00
0.50 3.84 7.24 1.00 0.00
0.50 3.84 7.41 1.00 0.00
0.50 3.84 7.59 1.00 0.00
0.50 3.84 7.76 1.00 0.00
0.50 3.84 7.93 1.00 0.00
0.50 3.84 8.11 1.00 0.00
0.70 3.84 5.08 1.00 0.00
0.70 3.84 5.26 1.00 0.00
0.70 3.84 5.43 1.00 0.00
0.70 3.84 5.60 1.00 0.00
0.70 3.84 5.78 1.00 0.00
0.70 3.84 5.95 1.00 0.00
0.70 3.84 6.13 1.00 0.00
0.70 3.84 6.30 1.00 0.00
0.70 3.84 6.48 1.00 0.00
0.70 3.84 6.65 1.00 0.00
0.70 3.84 6.83 1.00 0.00
0.70 3.84 7.00 1.00 0.00
0.70 3.84 7.18 1.00 0.00
0.70 3.84 7.35 1.00 0.00
0.70 3.84 7.52 1.00 0.00
0.70 3.84 7.70 1.00 0.00
0.70 3.84 7.87 1.00 0.00
0.70 3.84 8.05 1.00 0.00
0.90 3.84 5.02 1.00 0.00
0.90 3.84 5.20 1.00 0.00
0.90 3.84 5.37 1.00 0.00
0.90 3.84 5.55 1.00 0.00
0.90 3.84 5.72 1.00 0.00
0.90 3.84 5.90 1.00 0.00
0.90 3.84 6.07 1.00 0.00
0.90 3.84 6.24 1.00 0.00
0.90 3.84 6.42 1.00 0.00
0.90 3.84 6.59 1.00 0.00
0.90 3.84 6.77 1.00 0.00
0.90 3.84 6.94 1.00 0.00
0.90 3.84 7.12 1.00 0.00
0.90 3.84 7.29 1.00 0.00
0.90 3.84 7.47 1.00 0.00
0.90 3.84 7.64 1.00 0.00
0.90 3.84 7.82 1.00 0.00
0.90 3.84 7.99 1.00 0.00
1.10 3.84 4.97 1.00 0.00
1.10 3.84 5.14 1.00 0.00
1.10 3.84 5.32 1.00 0.00
1.10 3.84 5.49 1.00 0.00
1.10 3.84 5.67 1.00 0.00
1.10 3.84 5.84 1.00 0.00
1.10 3.84 6.02 1.00 0.00
1.10 3.84 6.19 1.00 0.00
1.10 3.84 6.37 1.00 0.00
1.10 3.84 6.54 1.00 0.00
1.10 3.84 6.72 1.00 0.00
1.10 3.84 6.89 1.00 0.00
1.10 3.84 7.06 1.00 0.00
1.10 3.84 7.24 1.00 0.00
1.10 3.84 7.41 1.00 0.00
1.10 3.84 7.59 1.00 0.00
1.10 3.84 7.76 1.00 0.00
1.10 3.84 7.94 1.00 0.00
0.30 4.01 5.20 1.00 0.00
0.30 4.01 5.38 1.00 0.00
0.30 4.01 5.55 1.00 0.00
0.30 4.01 5.73 1.00 0.00
0.30 4.01 5.90 1.00 0.00
0.30 4.01 6.07 1.00 0.00
0.30 4.01 6.25 1.00 0.00
0.30 4.01 6.42 1.00 0.00
0.30 4.01 6.60 1.00 0.00
0.30 4.01 6.77 1.00 0.00
0.30 4.01 6.95 1.00 0.00
0.30 4.01 7.12 1.00 0.00
0.30 4.01 7.30 1.00 0.00
0.30 4.01 7.47 1.00 0.00
0.30 4.01 7.65 1.00 0.00
0.30 4.01 7.82 1.00 0.00
0.30 4.01 7.99 1.00 0.00
0.30 4.01 8.17 1.00 0.00
0.50 4.01 5.13 1.00 0.00
0.50 4.01 5.31 1.00 0.00
0.50 4.01 5.48 1.00 0.00
0.50 4.01 5.65 1.00 0.00
0.50 4.01 5.83 1.00 0.00
0.50 4.01 6.00 1.00 0.00
0.50 4.01 6.18 1.00 0.00
0.50 4.01 6.35 1.00 0.00
0.50 4.01 6.53 1.00 0.00
0.50 4.01 6.70 1.00 0.00
0.50 4.01 6.88 1.00 0.00
0.50 4.01 7.05 1.00 0.00
0.50 4.01 7.23 1.00 0.00
0.50 4.01 7.40 1.00 0.00
0.50 4.01 7.57 1.00 0.00
0.50 4.01 7.75 1.00 0.00
0.50 4.01 7.92 1.00 0.00
0.50 4.01 8.10 1.00 0.00
0.70 4.01 5.06 1.00 0.00
0.70 4.01 5.24 1.00 0.00
0.70 4.01 5.41 1.00 0.00
0.70 4.01 5.59 1.00 0.00
0.70 4.01 5.76 1.00 0.00
0.70 4.01 5.94 1.00 0.00
0.70 4.01 6.11 1.00 0.00
0.70 4.01 6.28 1.00 0.00
0.70 4.01 6.46 1.00 0.00
0.70 4.01 6.63 1.00 0.00
0.70 4.01 6.81 1.00 0.00
0.70 4.01 6.98 1.00 0.00
0.70 4.01 7.16 1.00 0.00
0.70 4.01 7.33 1.00 0.00
0.70 4.01 7.51 1.00 0.00
0.70 4.01 7.68 1.00 0.00
0.70 4.01 7.86 1.00 0.00
0.70 4.01 8.03 1.00 0.00
0.90 4.01 5.00 1.00 0.00
0.90 4.01 5.17 1.00 0.00
0.90 4.01 5.35 1.00 0.00
0.90 4.01 5.52 1.00 0.00
0.90 4.01 5.70 1.00 0.00
0.90 4.01 5.87 1.00 0.00
0.90 4.01 6.05 1.00 0.00
0.90 4.01 6.22 1.00 0.00
0.90 4.01 6.39 1.00 0.00
0.90 4.01 6.57 1.00 0.00
0.90 4.01 6.74 1.00 0.00
0.90 4.01 6.92 1.00 0.00
0.90 4.01 7.09 1.00 0.00
0.90 4.01 7.27 1.00 0.00
0.90 4.01 7.44 1.00 0.00
0.90 4.01 7.62 1.00 0.00
0.90 4.01 7.79 1.00 0.00
0.90 4.01 7.97 1.00 0.00
1.10 4.01 4.94 1.00 0.00
1.10 4.01 5.11 1.00 0.00
1.10 4.01 5.29 1.00 0.00
1.10 4.01 5.46 1.00 0.00
1.10 4.01 5.64 1.00 0.00
1.10 4.01 5.81 1.00 0.00
1.10 4.01 5.98 1.00 0.00
1.10 4.01 6.16 1.00 0.00
1.10 4.01 6.33 1.00 0.00
1.10 4.01 6.51 1.00 0.00
1.10 4.01 6.68 1.00 0.00
1.10 4.01 6.86 1.00 0.00
1.10 4.01 7.03 1.00 0.00
1.10 4.01 7.21 1.00 0.00
1.10 4.01 7.38 1.00 0.00
1.10 4.01 7.56 1.00 0.00
1.10 4.01 7.73 1.00 0.00
1.10 4.01 7.90 1.00 0.00
0.30 4.19 5.20 1.00 0.00
0.30 4.19 5.37 1.00 0.00
0.30 4.19 5.55 1.00 0.00
0.30 4.19 5.72 1.00 0.00
0.30 4.19 5.90 1.00 0.00
0.30 4.19 6.07 1.00 0.00
0.30 4.19 6.25 1.00 0.00
0.30 4.19 6.42 1.00 0.00
0.30 4.19 6.60 1.00 0.00
0.30 4.19 6.77 1.00 0.00
0.30 4.19 6.94 1.00 0.00
0.30 4.19 7.12 1.00 0.00
0.30 4.19 7.29 1.00 0.00
0.30 4.19 7.47 1.00 0.00
0.30 4.19 7.64 1.00 0.00
0.30 4.19 7.82 1.00 0.00
0.30 4.19 7.99 1.00 0.00
0.30 4.19 8.17 1.00 0.00
0.50 4.19 5.12 1.00 0.00
0.50 4.19 5.30 1.00 0.00
0.50 4.19 5.47 1.00 0.00
0.50 4.19 5.65 1.00 0.00
0.50 4.19 5.82 1.00 0.00
0.50 4.19 6.00 1.00 0.00
0.50 4.19 6.17 1.00 0.00
0.50 4.19 6.35 1.00 0.00
0.50 4.19 6.52 1.00 0.00
0.50 4.19 6.70 1.00 0.00
0.50 4.19 6.87 1.00 0.00
0.50 4.19 7.04 1.00 0.00
0.50 4.19 7.22 1.00 0.00
0.50 4.19 7.39 1.00 0.00
0.50 4.19 7.57 1.00 0.00
0.50 4.19 7.74 1.00 0.00
0.50 4.19 7.92 1.00 0.00
0.50 4.19 8.09 1.00 0.00
0.70 4.19 5.05 1.00 0.00
0.70 4.19 5.23 1.00 0.00
0.70 4.19 5.40 1.00 0.00
0.70 4.19 5.58 1.00 0.00
0.70 4.19 5.75 1.00 0.00
0.70 4.19 5.92 1.00 0.00
0.70 4.19 6.10 1.00 0.00
0.70 4.19 6.27 1.00 0.00
0.70 4.19 6.45 1.00 0.00
0.70 4.19 6.62 1.00 0.00
0.70 4.19 6.80 1.00 0.00
0.70 4.19 6.97 1.00 0.00
0.70 4.19 7.15 1.00 0.00
0.70 4.19 7.32 1.00 0.00
0.70 4.19 7.50 1.00 0.00
0.70 4.19 7.67 1.00 0.00
0.70 4.19 7.84 1.00 0.00
0.70 4.19 8.02 1.00 0.00
0.90 4.19 4.98 1.00 0.00
0.90 4.19 5.16 1.00 0.00
0.90 4.19 5.33 1.00 0.00
0.90 4.19 5.50 1.00 0.00
0.90 4.19 5.68 1.00 0.00
0.90 4.19 5.85 1.00 0.00
0.90 4.19 6.03 1.00 0.00
0.90 4.19 6.20 1.00 0.00
0.90 4.19 6.38 1.00 0.00
0.90 4.19 6.55 1.00 0.00
0.90 4.19 6.73 1.00 0.00
0.90 4.19 6.90 1.00 0.00
0.90 4.19 7.07 1.00 0.00
0.90 4.19 7.25 1.00 0.00
0.90 4.19 7.42 1.00 0.00
0.90 4.19 7.60 1.00 0.00
0.90 4.19 7.77 1.00 0.00
0.90 4.19 7.95 1.00 0.00
1.10 4.19 4.91 1.00 0.00
1.10 4.19 5.09 1.00 0.00
1.10 4.19 5.26 1.00 0.00
1.10 4.19 5.44 1.00 0.00
1.10 4.19 5.61 1.00 0.00
1.10 4.19 5.78 1.00 0.00
1.10 4.19 5.96 1.00 0.00
1.10 4.19 6.13 1.00 0.00
1.10 4.19 6.31 1.00 0.00
1.10 4.19 6.48 1.00 0.00
1.10 4.19 6.66 1.00 0.00
1.10 4.19 6.83 1.00 0.00
1.10 4.19 7.01 1.00 0.00
1.10 4.19 7.18 1.00 0.00
1.10 4.19 7.36 1.00 0.00
1.10 4.19 7.53 1.00 0.00
1.10 4.19 7.70 1.00 0.00
1.10 4.19 7.88 1.00 0.00
0.30 4.36 5.20 1.00 0.00
0.30 4.36 5.37 1.00 0.00
0.30 4.36 5.55 1.00 0.00
0.30 4.36 5.72 1.00 0.00
0.30 4.36 5.90 1.00 0.00
0.30 4.36 6.07 1.00 0.00
0.30 4.36 6.25 1.00 0.00
0.30 4.36 6.42 1.00 0.00
0.30 4.36 6.60 1.00 0.00
0.30 4.36 6.77 1.00 0.00
0.30 4.36 6.95 1.00 0.00
0.30 4.36 7.12 1.00 0.00
0.30 4.36 7.29 1.00 0.00
0.30 4.36 7.47 1.00 0.00
0.30 4.36 7.64 1.00 0.00
0.30 4.36 7.82 1.00 0.00
0.30 4.36 7.99 1.00 0.00
0.30 4.36 8.17 1.00 0.00
0.50 4.36 5.12 1.00 0.00
0.50 4.36 5.30 1.00 0.00
0.50 4.36 5.47 1.00 0.00
0.50 4.36 5.65 1.00 0.00
0.50 4.36 5.82 1.00 0.00
0.50 4.36 6.00 1.00 0.00
0.50 4.36 6.17 1.00 0.00
0.50 4.36 6.35 1.00 0.00
0.50 4.36 6.52 1.00 0.00
0.50 4.36 6.69 1.00 0.00
0.50 4.36 6.87 1.00 0.00
0.50 4.36 7.04 1.00 0.00
0.50 4.36 7.22 1.00 0.00
0.50 4.36 7.39 1.00 0.00
0.50 4.36 7.57 1.00 0.00
0.50 4.36 7.74 1.00 0.00
0.50 4.36 7.92 1.00 0.00
0.50 4.36 8.09 1.00 0.00
0.70 4.36 5.05 1.00 0.00
0.70 4.36 5.22 1.00 0.00
0.70 4.36 5.40 1.00 0.00
0.70 4.36 5.57 1.00 0.00
0.70 4.36 5.75 1.00 0.00
0.70 4.36 5.92 1.00 0.00
0.70 4.36 6.09 1.00 0.00
0.70 4.36 6.27 1.00 0.00
0.70 4.36 6.44 1.00 0.00
0.70 4.36 6.62 1.00 0.00
0.70 4.36 6.79 1.00 0.00
0.70 4.36 6.97 1.00 0.00
0.70 4.36 7.14 1.00 0.00
0.70 4.36 7.32 1.00 0.00
0.70 4.36 7.49 1.00 0.00
0.70 4.36 7.67 1.00 0.00
0.70 4.36 7.84 1.00 0.00
0.70 4.36 8.01 1.00 0.00
0.90 4.36 4.97 1.00 0.00
0.90 4.36 5.14 1.00 0.00
0.90 4.36 5.32 1.00 0.00
0.90 4.36 5.49 1.00 0.00
0.90 4.36 5.67 1.00 0.00
0.90 4.36 5.84 1.00 0.00
0.90 4.36 6.02 1.00 0.00
0.90 4.36 6.19 1.00 0.00
0.90 4.36 6.37 1.00 0.00
0.90 4.36 6.54 1.00 0.00
0.90 4.36 6.72 1.00 0.00
0.90 4.36 6.89 1.00 0.00
0.90 4.36 7.06 1.00 0.00
0.90 4.36 7.24 1.00 0.00
0.90 4.36 7.41 1.00 0.00
0.90 4.36 7.59 1.00 0.00
0.90 4.36 7.76 1.00 0.00
0.90 4.36 7.94 1.00 0.00
1.10 4.36 4.89 1.00 0.00
1.10 4.36 5.07 1.00 0.00
1.10 4.36 5.24 1.00 0.00
1.10 4.36 5.42 1.00 0.00
1.10 4.36 5.59 1.00 0.00
1.10 4.36 5.77 1.00 0.00
1.10 4.36 5.94 1.00 0.00
1.10 4.36 6.12 1.00 0.00
1.10 4.36 6.29 1.00 0.00
1.10 4.36 6.47 1.00 0.00
1.10 4.36 6.64 1.00 0.00
1.10 4.36 6.81 1.00 0.00
1.10 4.36 6.99 1.00 0.00
1.10 4.36 7.16 1.00 0.00
1.10 4.36 7.34 1.00 0.00
1.10 4.36 7.51 1.00 0.00
1.10 4.36 7.69 1.00 0.00
1.10 4.36 7.86 1.00 0.00
0.30 4.54 5.20 1.00 0.00
0.30 4.54 5.38 1.00 0.00
0.30 4.54 5.55 1.00 0.00
0.30 4.54 5.73 1.00 0.00
0.30 4.54 5.90 1.00 0.00
0.30 4.54 6.08 1.00 0.00
0.30 4.54 6.25 1.00 0.00
0.30 4.54 6.43 1.00 0.00
0.30 4.54 6.60 1.00 0.00
0.30 4.54 6.78 1.00 0.00
0.30 4.54 6.95 1.00 0.00
0.30 4.54 7.12 1.00 0.00
0.30 4.54 7.30 1.00 0.00
0.30 4.54 7.47 1.00 0.00
0.30 4.54 7.65 1.00 0.00
0.30 4.54 7.82 1.00 0.00
0.30 4.54 8.00 1.00 0.00
0.30 4.54 8.17 1.00 0.00
0.50 4.54 5.13 1.00 0.00
0.50 4.54 5.30 1.00 0.00
0.50 4.54 5.48 1.00 0.00
0.50 4.54 5.65 1.00 0.00
0.50 4.54 5.83 1.00 0.00
0.50 4.54 6.00 1.00 0.00
0.50 4.54 6.18 1.00 0.00
0.50 4.54 6.35 1.00 0.00
0.50 4.54 6.53 1.00 0.00
0.50 4.54 6.70 1.00 0.00
0.50 4.54 6.87 1.00 0.00
0.50 4.54 7.05 1.00 0.00
0.50 4.54 7.22 1.00 0.00
0.50 4.54 7.40 1.00 0.00
0.50 4.54 7.57 1.00 0.00
0.50 4.54 7.75 1.00 0.00
0.50 4.54 7.92 1.00 0.00
0.50 4.54 8.10 1.00 0.00
0.70 4.54 5.05 1.00 0.00
0.70 4.54 5.23 1.00 0.00
0.70 4.54 5.40 1.00 0.00
0.70 4.54 5.57 1.00 0.00
0.70 4.54 5.75 1.00 0.00
0.70 4.54 5.92 1.00 0.00
0.70 4.54 6.10 1.00 0.00
0.70 4.54 6.27 1.00 0.00
0.70 4.54 6.45 1.00 0.00
0.70 4.54 6.62 1.00 0.00
0.70 4.54 6.80 1.00 0.00
0.70 4.54 6.97 1.00 0.00
0.70 4.54 7.15 1.00 0.00
0.70 4.54 7.32 1.00 0.00
0.70 4.54 7.49 1.00 0.00
0.70 4.54 7.67 1.00 0.00
0.70 4.54 7.84 1.00 0.00
0.70 4.54 8.02 1.00 0.00
0.90 4.54 4.97 1.00 0.00
0.90 4.54 5.14 1.00 0.00
0.90 4.54 5.32 1.00 0.00
0.90 4.54 5.49 1.00 0.00
0.90 4.54 5.67 1.00 0.00
0.90 4.54 5.84 1.00 0.00
0.90 4.54 6.02 1.00 0.00
0.90 4.54 6.19 1.00 0.00
0.90 4.54 6.37 1.00 0.00
0.90 4.54 6.54 1.00 0.00
0.90 4.54 6.72 1.00 0.00
0.90 4.54 6.89 1.00 0.00
0.90 4.54 7.06 1.00 0.00
0.90 4.54 7.24 1.00 0.00
0.90 4.54 7.41 1.00 0.00
0.90 4.54 7.59 1.00 0.00
0.90 4.54 7.76 1.00 0.00
0.90 4.54 7.94 1.00 0.00
1.10 4.54 4.89 1.00 0.00
1.10 4.54 5.06 1.00 0.00
1.10 4.54 5.24 1.00 0.00
1.10 4.54 5.41 1.00 0.00
1.10 4.54 5.59 1.00 0.00
1.10 4.54 5.76 1.00 0.00
1.10 4.54 5.94 1.00 0.00
1.10 4.54 6.11 1.00 0.00
1.10 4.54 6.28 1.00 0.00
1.10 4.54 6.46 1.00 0.00
1.10 4.54 6.63 1.00 0.00
1.10 4.54 6.81 1.00 0.00
1.10 4.54 6.98 1.00 0.00
1.10 4.54 7.16 1.00 0.00
1.10 4.54 7.33 1.00 0.00
1.10 4.54 7.51 1.00 0.00
1.10 4.54 7.68 1.00 0.00
1.10 4.54 7.86 1.00 0.00
0.30 4.71 5.21 1.00 0.00
0.30 4.71 5.39 1.00 0.00
0.30 4.71 5.56 1.00 0.00
0.30 4.71 5.74 1.00 0.00
0.30 4.71 5.91 1.00 0.00
0.30 4.71 6.09 1.00 0.00
0.30 4.71 6.26 1.00 0.00
0.30 4.71 6.43 1.00 0.00
0.30 4.71 6.61 1.00 0.00
0.30 4.71 6.78 1.00 0.00
0.30 4.71 6.96 1.00 0.00
0.30 4.71 7.13 1.00 0.00
0.30 4.71 7.31 1.00 0.00
0.30 4.71 7.48 1.00 0.00
0.30 4.71 7.66 1.00 0.00
0.30 4.71 7.83 1.00 0.00
0.30 4.71 8.01 1.00 0.00
0.30 4.71 8.18 1.00 0.00
0.50 4.71 5.14 1.00 0.00
0.50 4.71 5.32 1.00 0.00
0.50 4.71 5.49 1.00 0.00
0.50 4.71 5.66 1.00 0.00
0.50 4.71 5.84 1.00 0.00
0.50 4.71 6.01 1.00 0.00
0.50 4.71 6.19 1.00 0.00
0.50 4.71 6.36 1.00 0.00
0.50 4.71 6.54 1.00 0.00
0.50 4.71 6.71 1.00 0.00
0.50 4.71 6.89 1.00 0.00
0.50 4.71 7.06 1.00 0.00
0.50 4.71 7.24 1.00 0.00
0.50 4.71 7.41 1.00 0.00
0.50 4.71 7.58 1.00 0.00
0.50 4.71 7.76 1.00 0.00
0.50 4.71 7.93 1.00 0.00
0.50 4.71 8.11 1.00 0.00
0.70 4.71 5.06 1.00 0.00
0.70 4.71 5.24 1.00 0.00
0.70 4.71 5.41 1.00 0.00
0.70 4.71 5.59 1.00 0.00
0.70 4.71 5.76 1.00 0.00
0.70 4.71 5.94 1.00 0.00
0.70 4.71 6.11 1.00 0.00
0.70 4.71 6.29 1.00 0.00
0.70 4.71 6.46 1.00 0.00
0.70 4.71 6.63 1.00 0.00
0.70 4.71 6.81 1.00 0.00
0.70 4.71 6.98 1.00 0.00
0.70 4.71 7.16 1.00 0.00
0.70 4.71 7.33 1.00 0.00
0.70 4.71 7.51 1.00 0.00
0.70 4.71 7.68 1.00 0.00
0.70 4.71 7.86 1.00 0.00
0.70 4.71 8.03 1.00 0.00
0.90 4.71 4.98 1.00 0.00
0.90 4.71 5.16 1.00 0.00
0.90 4.71 5.33 1.00 0.00
0.90 4.71 5.51 1.00 0.00
0.90 4.71 5.68 1.00 0.00
0.90 4.71 5.85 1.00 0.00
0.90 4.71 6.03 1.00 0.00
0.90 4.71 6.20 1.00 0.00
0.90 4.71 6.38 1.00 0.00
0.90 4.71 6.55 1.00 0.00
0.90 4.71 6.73 1.00 0.00
0.90 4.71 6.90 1.00 0.00
0.90 4.71 7.08 1.00 0.00
0.90 4.71 7.25 1.00 0.00
0.90 4.71 7.43 1.00 0.00
0.90 4.71 7.60 1.00 0.00
0.90 4.71 7.77 1.00 0.00
0.90 4.71 7.95 1.00 0.00
1.10 4.71 4.90 1.00 0.00
1.10 4.71 5.07 1.00 0.00
1.10 4.71 5.25 1.00 0.00
1.10 4.71 5.42 1.00 0.00
1.10 4.71 5.59 1.00 0.00
1.10 4.71 5.77 1.00 0.00
1.10 4.71 5.94 1.00 0.00
1.10 4.71 6.12 1.00 0.00
1.10 4.71 6.29 1.00 0.00
1.10 4.71 6.47 1.00 0.00
1.10 4.71 6.64 1.00 0.00
1.10 4.71 6.82 1.00 0.00
1.10 4.71 6.99 1.00 0.00
1.10 4.71 7.17 1.00 0.00
1.10 4.71 7.34 1.00 0.00
1.10 4.71 7.51 1.00 0.00
1.10 4.71 7.69 1.00 0.00
1.10 4.71 7.86 1.00 0.00
0.30 4.89 5.22 1.00 0.00
0.30 4.89 5.40 1.00 0.00
0.30 4.89 5.57 1.00 0.00
0.30 4.89 5.75 1.00 0.00
0.30 4.89 5.92 1.00 0.00
0.30 4.89 6.10 1.00 0.00
0.30 4.89 6.27 1.00 0.00
0.30 4.89 6.45 1.00 0.00
0.30 4.89 6.62 1.00 0.00
0.30 4.89 6.80 1.00 0.00
0.30 4.89 6.97 1.00 0.00
0.30 4.89 7.14 1.00 0.00
0.30 4.89 7.32 1.00 0.00
0.30 4.89 7.49 1.00 0.00
0.30 4.89 7.67 1.00 0.00
0.30 4.89 7.84 1.00 0.00
0.30 4.89 8.02 1.00 0.00
0.30 4.89 8.19 1.00 0.00
0.50 4.89 5.16 1.00 0.00
0.50 4.89 5.33 1.00 0.00
0.50 4.89 5.51 1.00 0.00
0.50 4.89 5.68 1.00 0.00
0.50 4.89 5.86 1.00 0.00
0.50 4.89 6.03 1.00 0.00
0.50 4.89 6.21 1.00 0.00
0.50 4.89 6.38 1.00 0.00
0.50 4.89 6.56 1.00 0.00
0.50 4.89 6.73 1.00 0.00
0.50 4.89 6.90 1.00 0.00
0.50 4.89 7.08 1.00 0.00
0.50 4.89 7.25 1.00 0.00
0.50 4.89 7.43 1.00 0.00
0.50 4.89 7.60 1.00 0.00
0.50 4.89 7.78 1.00 0.00
0.50 4.89 7.95 1.00 0.00
0.50 4.89 8.13 1.00 0.00
0.70 4.89 5.09 1.00 0.00
0.70 4.89 5.26 1.00 0.00
0.70 4.89 5.44 1.00 0.00
0.70 4.89 5.61 1.00 0.00
0.70 4.89 5.78 1.00 0.00
0.70 4.89 5.96 1.00 0.00
0.70 4.89 6.13 1.00 0.00
0.70 4.89 6.31 1.00 0.00
0.70 4.89 6.48 1.00 0.00
0.70 4.89 6.66 1.00 0.00
0.70 4.89 6.83 1.00 0.00
0.70 4.89 7.01 1.00 0.00
0.70 4.89 7.18 1.00 0.00
0.70 4.89 7.36 1.00 0.00
0.70 4.89 7.53 1.00 0.00
0.70 4.89 7.70 1.00 0.00
0.70 4.89 7.88 1.00 0.00
0.70 4.89 8.05 1.00 0.00
0.90 4.89 5.01 1.00 0.00
0.90 4.89 5.18 1.00 0.00
0.90 4.89 5.36 1.00 0.00
0.90 4.89 5.53 1.00 0.00
0.90 4.89 5.71 1.00 0.00
0.90 4.89 5.88 1.00 0.00
0.90 4.89 6.05 1.00 0.00
0.90 4.89 6.23 1.00 0.00
0.90 4.89 6.40 1.00 0.00
0.90 4.89 6.58 1.00 0.00
0.90 4.89 6.75 1.00 0.00
0.90 4.89 6.93 1.00 0.00
0.90 4.89 7.10 1.00 0.00
0.90 4.89 7.28 1.00 0.00
0.90 4.89 7.45 1.00 0.00
0.90 4.89 7.63 1.00 0.00
0.90 4.89 7.80 1.00 0.00
0.90 4.89 7.97 1.00 0.00
1.10 4.89 4.92 1.00 0.00
1.10 4.89 5.10 1.00 0.00
1.10 4.89 5.27 1.00 0.00
1.10 4.89 5.44 1.00 0.00
1.10 4.89 5.62 1.00 0.00
1.10 4.89 5.79 1.00 0.00
1.10 4.89 5.97 1.00 0.00
1.10 4.89 6.14 1.00 0.00
1.10 4.89 6.32 1.00 0.00
1.10 4.89 6.49 1.00 0.00
1.10 4.89 6.67 1.00 0.00
1.10 4.89 6.84 1.00 0.00
1.10 4.89 7.02 1.00 0.00
1.10 4.89 7.19 1.00 0.00
1.10 4.89 7.36 1.00 0.00
1.10 4.89 7.54 1.00 0.00
1.10 4.89 7.71 1.00 0.00
1.10 4.89 7.89 1.00 0.00
0.30 5.06 5.24 1.00 0.00
0.30 5.06 5.41 1.00 0.00
0.30 5.06 5.59 1.00 0.00
0.30 5.06 5.76 1.00 0.00
0.30 5.06 5.94 1.00 0.00
0.30 5.06 6.11 1.00 0.00
0.30 5.06 6.29 1.00 0.00
0.30 5.06 6.46 1.00 0.00
0.30 5.06 6.64 1.00 0.00
0.30 5.06 6.81 1.00 0.00
0.30 5.06 6.98 1.00 0.00
0.30 5.06 7.16 1.00 0.00
0.30 5.06 7.33 1.00 0.00
0.30 5.06 7.51 1.00 0.00
0.30 5.06 7.68 1.00 0.00
0.30 5.06 7.86 1.00 0.00
0.30 5.06 8.03 1.00 0.00
0.30 5.06 8.21 1.00 0.00
0.50 5.06 5.18 1.00 0.00
0.50 5.06 5.36 1.00 0.00
0.50 5.06 5.53 1.00 0.00
0.50 5.06 5.71 1.00 0.00
0.50 5.06 5.88 1.00 0.00
0.50 5.06 6.06 1.00 0.00
0.50 5.06 6.23 1.00 0.00
0.50 5.06 6.41 1.00 0.00
0.50 5.06 6.58 1.00 0.00
0.50 5.06 6.75 1.00 0.00
0.50 5.06 6.93 1.00 0.00
0.50 5.06 7.10 1.00 0.00
0.50 5.06 7.28 1.00 0.00
0.50 5.06 7.45 1.00 0.00
0.50 5.06 7.63 1.00 0.00
0.50 5.06 7.80 1.00 0.00
0.50 5.06 7.98 1.00 0.00
0.50 5.06 8.15 1.00 0.00
0.70 5.06 5.12 1.00 0.00
0.70 5.06 5.29 1.00 0.00
0.70 5.06 5.47 1.00 0.00
0.70 5.06 5.64 1.00 0.00
0.70 5.06 5.82 1.00 0.00
0.70 5.06 5.99 1.00 0.00
0.70 5.06 6.17 1.00 0.00
0.70 5.06 6.34 1.00 0.00
0.70 5.06 6.52 1.00 0.00
0.70 5.06 6.69 1.00 0.00
0.70 5.06 6.87 1.00 0.00
0.70 5.06 7.04 1.00 0.00
0.70 5.06 7.21 1.00 0.00
0.70 5.06 7.39 1.00 0.00
0.70 5.06 7.56 1.00 0.00
0.70 5.06 7.74 1.00 0.00
0.70 5.06 7.91 1.00 0.00
0.70 5.06 8.09 1.00 0.00
0.90 5.06 5.05 1.00 0.00
0.90 5.06 5.22 1.00 0.00
0.90 5.06 5.40 1.00 0.00
0.90 5.06 5.57 1.00 0.00
0.90 5.06 5.75 1.00 0.00
0.90 5.06 5.92 1.00 0.00
0.90 5.06 6.10 1.00 0.00
0.90 5.06 6.27 1.00 0.00
0.90 5.06 6.44 1.00 0.00
0.90 5.06 6.62 1.00 0.00
0.90 5.06 6.79 1.00 0.00
0.90 5.06 6.97 1.00 0.00
0.90 5.06 7.14 1.00 0.00
0.90 5.06 7.32 1.00 0.00
0.90 5.06 7.49 1.00 0.00
0.90 5.06 7.67 1.00 0.00
0.90 5.06 7.84 1.00 0.00
0.90 5.06 8.02 1.00 0.00
1.10 5.06 4.97 1.00 0.00
1.10 5.06 5.14 1.00 0.00
1.10 5.06 5.32 1.00 0.00
1.10 5.06 5.49 1.00 0.00
1.10 5.06 5.66 1.00 0.00
1.10 5.06 5.84 1.00 0.00
1.10 5.06 6.01 1.00 0.00
1.10 5.06 6.19 1.00 0.00
1.10 5.06 6.36 1.00 0.00
1.10 5.06 6.54 1.00 0.00
1.10 5.06 6.71 1.00 0.00
1.10 5.06 6.89 1.00 0.00
1.10 5.06 7.06 1.00 0.00
1.10 5.06 7.24 1.00 0.00
1.10 5.06 7.41 1.00 0.00
1.10 5.06 7.58 1.00 0.00
1.10 5.06 7.76 1.00 0.00
1.10 5.06 7.93 1.00 0.00
0.30 5.24 5.26 1.00 0.00
0.30 5.24 5.43 1.00 0.00
0.30 5.24 5.61 1.00 0.00
0.30 5.24 5.78 1.00 0.00
0.30 5.24 5.96 1.00 0.00
0.30 5.24 6.13 1.00 0.00
0.30 5.24 6.30 1.00 0.00
0.30 5.24 6.48 1.00 0.00
0.30 5.24 6.65 1.00 0.00
0.30 5.24 6.83 1.00 0.00
0.30 5.24 7.00 1.00 0.00
0.30 5.24 7.18 1.00 0.00
0.30 5.24 7.35 1.00 0.00
0.30 5.24 7.53 1.00 0.00
0.30 5.24 7.70 1.00 0.00
0.30 5.24 7.88 1.00 0.00
0.30 5.24 8.05 1.00 0.00
0.30 5.24 8.22 1.00 0.00
0.50 5.24 5.21 1.00 0.00
0.50 5.24 5.39 1.00 0.00
0.50 5.24 5.56 1.00 0.00
0.50 5.24 5.74 1.00 0.00
0.50 5.24 5.91 1.00 0.00
0.50 5.24 6.09 1.00 0.00
0.50 5.24 6.26 1.00 0.00
0.50 5.24 6.44 1.00 0.00
0.50 5.24 6.61 1.00 0.00
0.50 5.24 6.79 1.00 0.00
0.50 5.24 6.96 1.00 0.00
0.50 5.24 7.13 1.00 0.00
0.50 5.24 7.31 1.00 0.00
0.50 5.24 7.48 1.00 0.00
0.50 5.24 7.66 1.00 0.00
0.50 5.24 7.83 1.00 0.00
0.50 5.24 8.01 1.00 0.00
0.50 5.24 8.18 1.00 0.00
0.70 5.24 5.16 1.00 0.00
0.70 5.24 5.34 1.00 0.00
0.70 5.24 5.51 1.00 0.00
0.70 5.24 5.69 1.00 0.00
0.70 5.24 5.86 1.00 0.00
0.70 5.24 6.04 1.00 0.00
0.70 5.24 6.21 1.00 0.00
0.70 5.24 6.39 1.00 0.00
0.70 5.24 6.56 1.00 0.00
0.70 5.24 6.74 1.00 0.00
0.70 5.24 6.91 1.00 0.00
0.70 5.24 7.08 1.00 0.00
0.70 5.24 7.26 1.00 0.00
0.70 5.24 7.43 1.00 0.00
0.70 5.24 7.61 1.00 0.00
0.70 5.24 7.78 1.00 0.00
0.70 5.24 7.96 1.00 0.00
0.70 5.24 8.13 1.00 0.00
0.90 5.24 5.11 1.00 0.00
0.90 5.24 5.28 1.00 0.00
0.90 5.24 5.45 1.00 0.00
0.90 5.24 5.63 1.00 0.00
0.90 5.24 5.80 1.00 0.00
0.90 5.24 5.98 1.00 0.00
0.90 5.24 6.15 1.00 0.00
0.90 5.24 6.33 1.00 0.00
0.90 5.24 6.50 1.00 0.00
0.90 5.24 6.68 1.00 0.00
0.90 5.24 6.85 1.00 0.00
0.90 5.24 7.03 1.00 0.00
0.90 5.24 7.20 1.00 0.00
0.90 5.24 7.37 1.00 0.00
0.90 5.24 7.55 1.00 0.00
0.90 5.24 7.72 1.00 0.00
0.90 5.24 7.90 1.00 0.00
0.90 5.24 8.07 1.00 0.00
1.10 5.24 5.04 1.00 0.00
1.10 5.24 5.21 1.00 0.00
1.10 5.24 5.39 1.00 0.00
1.10 5.24 5.56 1.00 0.00
1.10 5.24 5.73 1.00 0.00
1.10 5.24 5.91 1.00 0.00
1.10 5.24 6.08 1.00 0.00
1.10 5.24 6.26 1.00 0.00
1.10 5.24 6.43 1.00 0.00
1.10 5.24 6.61 1.00 0.00
1.10 5.24 6.78 1.00 0.00
1.10 5.24 6.96 1.00 0.00
1.10 5.24 7.13 1.00 0.00
1.10 5.24 7.31 1.00 0.00
1.10 5.24 7.48 1.00 0.00
1.10 5.24 7.65 1.00 0.00
1.10 5.24 7.83 1.00 0.00
1.10 5.24 8.00 1.00 0.00
0.30 5.41 5.28 1.00 0.00
0.30 5.41 5.45 1.00 0.00
0.30 5.41 5.63 1.00 0.00
0.30 5.41 5.80 1.00 0.00
0.30 5.41 5.98 1.00 0.00
0.30 5.41 6.15 1.00 0.00
0.30 5.41 6.32 1.00 0.00
0.30 5.41 6.50 1.00 0.00
0.30 5.41 6.67 1.00 0.00
0.30 5.41 6.85 1.00 0.00
0.30 5.41 7.02 1.00 0.00
0.30 5.41 7.20 1.00 0.00
0.30 5.41 7.37 1.00 0.00
0.30 5.41 7.55 1.00 0.00
0.30 5.41 7.72 1.00 0.00
0.30 5.41 7.90 1.00 0.00
0.30 5.41 8.07 1.00 0.00
0.30 5.41 8.24 1.00 0.00
0.50 5.41 5.25 1.00 0.00
0.50 5.41 5.42 1.00 0.00
0.50 5.41 5.60 1.00 0.00
0.50 5.41 5.77 1.00 0.00
0.50 5.41 5.95 1.00 0.00
0.50 5.41 6.12 1.00 0.00
0.50 5.41 6.30 1.00 0.00
0.50 5.41 6.47 1.00 0.00
0.50 5.41 6.65 1.00 0.00
0.50 5.41 6.82 1.00 0.00
0.50 5.41 7.00 1.00 0.00
0.50 5.41 7.17 1.00 0.00
0.50 5.41 7.34 1.00 0.00
0.50 5.41 7.52 1.00 0.00
0.50 5.41 7.69 1.00 0.00
0.50 5.41 7.87 1.00 0.00
0.50 5.41 8.04 1.00 0.00
0.50 5.41 8.22 1.00 0.00
0.70 5.41 5.22 1.00 0.00
0.70 5.41 5.39 1.00 0.00
0.70 5.41 5.57 1.00 0.00
0.70 5.41 5.74 1.00 0.00
0.70 5.41 5.92 1.00 0.00
0.70 5.41 6.09 1.00 0.00
0.70 5.41 6.26 1.00 0.00
0.70 5.41 6.44 1.00 0.00
0.70 5.41 6.61 1.00 0.00
0.70 5.41 6.79 1.00 0.00
0.70 5.41 6.96 1.00 0.00
0.70 5.41 7.14 1.00 0.00
0.70 5.41 7.31 1.00 0.00
0.70 5.41 7.49 1.00 0.00
0.70 5.41 7.66 1.00 0.00
0.70 5.41 7.84 1.00 0.00
0.70 5.41 8.01 1.00 0.00
0.70 5.41 8.18 1.00 0.00
0.90 5.41 5.18 1.00 0.00
0.90 5.41 5.35 1.00 0.00
0.90 5.41 5.53 1.00 0.00
0.90 5.41 5.70 1.00 0.00
0.90 5.41 5.88 1.00 0.00
0.90 5.41 6.05 1.00 0.00
0.90 5.41 6.23 1.00 0.00
0.90 5.41 6.40 1.00 0.00
0.90 5.41 6.57 1.00 0.00
0.90 5.41 6.75 1.00 0.00
0.90 5.41 6.92 1.00 0.00
0.90 5.41 7.10 1.00 0.00
0.90 5.41 7.27 1.00 0.00
0.90 5.41 7.45 1.00 0.00
0.90 5.41 7.62 1.00 0.00
0.90 5.41 7.80 1.00 0.00
0.90 5.41 7.97 1.00 0.00
0.90 5.41 8.15 1.00 0.00
1.10 5.41 5.13 1.00 0.00
1.10 5.41 5.30 1.00 0.00
1.10 5.41 5.48 1.00 0.00
1.10 5.41 5.65 1.00 0.00
1.10 5.41 5.83 1.00 0.00
1.10 5.41 6.00 1.00 0.00
1.10 5.41 6.18 1.00 0.00
1.10 5.41 6.35 1.00 0.00
1.10 5.41 6.53 1.00 0.00
1.10 5.41 6.70 1.00 0.00
1.10 5.41 6.88 1.00 0.00
1.10 5.41 7.05 1.00 0.00
1.10 5.41 7.22 1.00 0.00
1.10 5.41 7.40 1.00 0.00
1.10 5.41 7.57 1.00 0.00
1.10 5.41 7.75 1.00 0.00
1.10 5.41 7.92 1.00 0.00
1.10 5.41 8.10 1.00 0.00
0.30 5.59 5.30 1.00 0.00
0.30 5.59 5.47 1.00 0.00
0.30 5.59 5.65 1.00 0.00
0.30 5.59 5.82 1.00 0.00
0.30 5.59 6.00 1.00 0.00
0.30 5.59 6.17 1.00 0.00
0.30 5.59 6.35 1.00 0.00
0.30 5.59 6.52 1.00 0.00
0.30 5.59 6.70 1.00 0.00
0.30 5.59 6.87 1.00 0.00
0.30 5.59 7.04 1.00 0.00
0.30 5.59 7.22 1.00 0.00
0.30 5.59 7.39 1.00 0.00
0.30 5.59 7.57 1.00 0.00
0.30 5.59 7.74 1.00 0.00
0.30 5.59 7.92 1.00 0.00
0.30 5.59 8.09 1.00 0.00
0.30 5.59 8.27 1.00 0.00
0.50 5.59 5.29 1.00 0.00
0.50 5.59 5.46 1.00 0.00
0.50 5.59 5.64 1.00 0.00
0.50 5.59 5.81 1.00 0.00
0.50 5.59 5.99 1.00 0.00
0.50 5.59 6.16 1.00 0.00
0.50 5.59 6.34 1.00 0.00
0.50 5.59 6.51 1.00 0.00
0.50 5.59 6.68 1.00 0.00
0.50 5.59 6.86 1.00 0.00
0.50 5.59 7.03 1.00 0.00
0.50 5.59 7.21 1.00 0.00
0.50 5.59 7.38 1.00 0.00
0.50 5.59 7.56 1.00 0.00
0.50 5.59 7.73 1.00 0.00
0.50 5.59 7.91 1.00 0.00
0.50 5.59 8.08 1.00 0.00
0.50 5.59 8.26 1.00 0.00
0.70 5.59 5.28 1.00 0.00
0.70 5.59 5.45 1.00 0.00
0.70 5.59 5.63 1.00 0.00
0.70 5.59 5.80 1.00 0.00
0.70 5.59 5.97 1.00 0.00
0.70 5.59 6.15 1.00 0.00
0.70 5.59 6.32 1.00 0.00
0.70 5.59 6.50 1.00 0.00
0.70 5.59 6.67 1.00 0.00
0.70 5.59 6.85 1.00 0.00
0.70 5.59 7.02 1.00 0.00
0.70 5.59 7.20 1.00 0.00
0.70 5.59 7.37 1.00 0.00
0.70 5.59 7.55 1.00 0.00
0.70 5.59 7.72 1.00 0.00
0.70 5.59 7.89 1.00 0.00
0.70 5.59 8.07 1.00 0.00
0.70 5.59 8.24 1.00 0.00
0.90 5.59 5.26 1.00 0.00
0.90 5.59 5.44 1.00 0.00
0.90 5.59 5.61 1.00 0.00
0.90 5.59 5.78 1.00 0.00
0.90 5.59 5.96 1.00 0.00
0.90 5.59 6.13 1.00 0.00
0.90 5.59 6.31 1.00 0.00
0.90 5.59 6.48 1.00 0.00
0.90 5.59 6.66 1.00 0.00
0.90 5.59 6.83 1.00 0.00
0.90 5.59 7.01 1.00 0.00
0.90 5.59 7.18 1.00 0.00
0.90 5.59 7.36 1.00 0.00
0.90 5.59 7.53 1.00 0.00
0.90 5.59 7.70 1.00 0.00
0.90 5.59 7.88 1.00 0.00
0.90 5.59 8.05 1.00 0.00
0.90 5.59 8.23 1.00 0.00
1.10 5.59 5.24 1.00 0.00
1.10 5.59 5.42 1.00 0.00
1.10 5.59 5.59 1.00 0.00
1.10 5.59 5.77 1.00 0.00
1.10 5.59 5.94 1.00 0.00
1.10 5.59 6.12 1.00 0.00
1.10 5.59 6.29 1.00 0.00
1.10 5.59 6.46 1.00 0.00
1.10 5.59 6.64 1.00 0.00
1.10 5.59 6.81 1.00 0.00
1.10 5.59 6.99 1.00 0.00
1.10 5.59 7.16 1.00 0.00
1.10 5.59 7.34 1.00 0.00
1.10 5.59 7.51 1.00 0.00
1.10 5.59 7.69 1.00 0.00
1.10 5.59 7.86 1.00 0.00
1.10 5.59 8.04 1.00 0.00
1.10 5.59 8.21 1.00 0.00
0.30 5.76 5.32 1.00 0.00
0.30 5.76 5.50 1.00 0.00
0.30 5.76 5.67 1.00 0.00
0.30 5.76 5.84 1.00 0.00
0.30 5.76 6.02 1.00 0.00
0.30 5.76 6.19 1.00 0.00
0.30 5.76 6.37 1.00 0.00
0.30 5.76 6.54 1.00 0.00
0.30 5.76 6.72 1.00 0.00
0.30 5.76 6.89 1.00 0.00
0.30 5.76 7.07 1.00 0.00
0.30 5.76 7.24 1.00 0.00
0.30 5.76 7.42 1.00 0.00
0.30 5.76 7.59 1.00 0.00
0.30 5.76 7.76 1.00 0.00
0.30 5.76 7.94 1.00 0.00
0.30 5.76 8.11 1.00 0.00
0.30 5.76 8.29 1.00 0.00
0.50 5.76 5.33 1.00 0.00
0.50 5.76 5.50 1.00 0.00
0.50 5.76 5.68 1.00 0.00
0.50 5.76 5.85 1.00 0.00
0.50 5.76 6.03 1.00 0.00
0.50 5.76 6.20 1.00 0.00
0.50 5.76 6.38 1.00 0.00
0.50 5.76 6.55 1.00 0.00
0.50 5.76 6.72 1.00 0.00
0.50 5.76 6.90 1.00 0.00
0.50 5.76 7.07 1.00 0.00
0.50 5.76 7.25 1.00 0.00
0.50 5.76 7.42 1.00 0.00
0.50 5.76 7.60 1.00 0.00
0.50 5.76 7.77 1.00 0.00
0.50 5.76 7.95 1.00 0.00
0.50 5.76 8.12 1.00 0.00
0.50 5.76 8.30 1.00 0.00
0.70 5.76 5.34 1.00 0.00
0.70 5.76 5.51 1.00 0.00
0.70 5.76 5.69 1.00 0.00
0.70 5.76 5.86 1.00 0.00
0.70 5.76 6.04 1.00 0.00
0.70 5.76 6.21 1.00 0.00
0.70 5.76 6.38 1.00 0.00
0.70 5.76 6.56 1.00 0.00
0.70 5.76 6.73 1.00 0.00
0.70 5.76 6.91 1.00 0.00
0.70 5.76 7.08 1.00 0.00
0.70 5.76 7.26 1.00 0.00
0.70 5.76 7.43 1.00 0.00
0.70 5.76 7.61 1.00 0.00
0.70 5.76 7.78 1.00 0.00
0.70 5.76 7.96 1.00 0.00
0.70 5.76 8.13 1.00 0.00
0.70 5.76 8.30 1.00 0.00
0.90 5.76 5.35 1.00 0.00
0.90 5.76 5.52 1.00 0.00
0.90 5.76 5.70 1.00 0.00
0.90 5.76 5.87 1.00 0.00
0.90 5.76 6.05 1.00 0.00
0.90 5.76 6.22 1.00 0.00
0.90 5.76 6.40 1.00 0.00
0.90 5.76 6.57 1.00 0.00
0.90 5.76 6.75 1.00 0.00
0.90 5.76 6.92 1.00 0.00
0.90 5.76 7.09 1.00 0.00
0.90 5.76 7.27 1.00 0.00
0.90 5.76 7.44 1.00 0.00
0.90 5.76 7.62 1.00 0.00
0.90 5.76 7.79 1.00 0.00
0.90 5.76 7.97 1.00 0.00
0.90 5.76 8.14 1.00 0.00
0.90 5.76 8.32 1.00 0.00
1.10 5.76 5.36 1.00 0.00
1.10 5.76 5.54 1.00 0.00
1.10 5.76 5.71 1.00 0.00
1.10 5.76 5.89 1.00 0.00
1.10 5.76 6.06 1.00 0.00
1.10 5.76 6.24 1.00 0.00
1.10 5.76 6.41 1.00 0.00
1.10 5.76 6.59 1.00 0.00
1.10 5.76 6.76 1.00 0.00
1.10 5.76 6.93 1.00 0.00
1.10 5.76 7.11 1.00 0.00
1.10 5.76 7.28 1.00 0.00
1.10 5.76 7.46 1.00 0.00
1.10 5.76 7.63 1.00 0.00
1.10 5.76 7.81 1.00 0.00
1.10 5.76 7.98 1.00 0.00
1.10 5.76 8.16 1.00 0.00
1.10 5.76 8.33 1.00 0.00
0.30 5.93 5.34 1.00 0.00
0.30 5.93 5.52 1.00 0.00
0.30 5.93 5.69 1.00 0.00
0.30 5.93 5.87 1.00 0.00
0.30 5.93 6.04 1.00 0.00
0.30 5.93 6.21 1.00 0.00
0.30 5.93 6.39 1.00 0.00
0.30 5.93 6.56 1.00 0.00
0.30 5.93 6.74 1.00 0.00
0.30 5.93 6.91 1.00 0.00
0.30 5.93 7.09 1.00 0.00
0.30 5.93 7.26 1.00 0.00
0.30 5.93 7.44 1.00 0.00
0.30 5.93 7.61 1.00 0.00
0.30 5.93 7.79 1.00 0.00
0.30 5.93 7.96 1.00 0.00
0.30 5.93 8.13 1.00 0.00
0.30 5.93 8.31 1.00 0.00
0.50 5.93 5.37 1.00 0.00
0.50 5.93 5.54 1.00 0.00
0.50 5.93 5.72 1.00 0.00
0.50 5.93 5.89 1.00 0.00
0.50 5.93 6.07 1.00 0.00
0.50 5.93 6.24 1.00 0.00
0.50 5.93 6.41 1.00 0.00
0.50 5.93 6.59 1.00 0.00
0.50 5.93 6.76 1.00 0.00
0.50 5.93 6.94 1.00 0.00
0.50 5.93 7.11 1.00 0.00
0.50 5.93 7.29 1.00 0.00
0.50 5.93 7.46 1.00 0.00
0.50 5.93 7.64 1.00 0.00
0.50 5.93 7.81 1.00 0.00
0.50 5.93 7.99 1.00 0.00
0.50 5.93 8.16 1.00 0.00
0.50 5.93 8.33 1.00 0.00
0.70 5.93 5.40 1.00 0.00
0.70 5.93 5.57 1.00 0.00
0.70 5.93 5.75 1.00 0.00
0.70 5.93 5.92 1.00 0.00
0.70 5.93 6.10 1.00 0.00
0.70 5.93 6.27 1.00 0.00
0.70 5.93 6.44 1.00 0.00
0.70 5.93 6.62 1.00 0.00
0.70 5.93 6.79 1.00 0.00
0.70 5.93 6.97 1.00 0.00
0.70 5.93 7.14 1.00 0.00
0.70 5.93 7.32 1.00 0.00
0.70 5.93 7.49 1.00 0.00
0.70 5.93 7.67 1.00 0.00
0.70 5.93 7.84 1.00 0.00
0.70 5.93 8.02 1.00 0.00
0.70 5.93 8.19 1.00 0.00
0.70 5.93 8.36 1.00 0.00
0.90 5.93 -0.85 1.00 0.00
0.90 5.93 -0.68 1.00 0.00
0.90 5.93 -0.50 1.00 0.00
0.90 5.93 -0.33 1.00 0.00
0.90 5.93 -0.15 1.00 0.00
0.90 5.93 0.02 1.00 0.00
0.90 5.93 0.20 1.00 0.00
0.90 5.93 0.37 1.00 0.00
0.90 5.93 0.55 1.00 0.00
0.90 5.93 0.72 1.00 0.00
0.90 5.93 0.90 1.00 0.00
0.90 5.93 1.07 1.00 0.00
0.90 5.93 1.24 1.00 0.00
0.90 5.93 1.42 1.00 0.00
0.90 5.93 1.59 1.00 0.00
0.90 5.93 1.77 1.00 0.00
0.90 5.93 1.94 1.00 0.00
0.90 5.93 2.12 1.00 0.00
1.10 5.93 -0.81 1.00 0.00
1.10 5.93 -0.63 1.00 0.00
1.10 5.93 -0.46 1.00 0.00
1.10 5.93 -0.28 1.00 0.00
1.10 5.93 -0.11 1.00 0.00
1.10 5.93 0.07 1.00 0.00
1.10 5.93 0.24 1.00 0.00
1.10 5.93 0.42 1.00 0.00
1.10 5.93 0.59 1.00 0.00
1.10 5.93 0.77 1.00 0.00
1.10 5.93 0.94 1.00 0.00
1.10 5.93 1.11 1.00 0.00
1.10 5.93 1.29 1.00 0.00
1.10 5.93 1.46 1.00 0.00
1.10 5.93 1.64 1.00 0.00
1.10 5.93 1.81 1.00 0.00
1.10 5.93 1.99 1.00 0.00
1.10 5.93 2.16 1.00 0.00
0.30 6.11 5.36 1.00 0.00
0.30 6.11 5.54 1.00 0.00
0.30 6.11 5.71 1.00 0.00
0.30 6.11 5.89 1.00 0.00
0.30 6.11 6.06 1.00 0.00
0.30 6.11 6.24 1.00 0.00
0.30 6.11 6.41 1.00 0.00
0.30 6.11 6.58 1.00 0.00
0.30 6.11 6.76 1.00 0.00
0.30 6.11 6.93 1.00 0.00
0.30 6.11 7.11 1.00 0.00
0.30 6.11 7.28 1.00 0.00
0.30 6.11 7.46 1.00 0.00
0.30 6.11 7.63 1.00 0.00
0.30 6.11 7.81 1.00 0.00
0.30 6.11 7.98 1.00 0.00
0.30 6.11 8.16 1.00 0.00
0.30 6.11 8.33 1.00 0.00
0.50 6.11 5.40 1.00 0.00
0.50 6.11 5.58 1.00 0.00
0.50 6.11 5.75 1.00 0.00
0.50 6.11 5.93 1.00 0.00
0.50 6.11 6.10 1.00 0.00
0.50 6.11 6.28 1.00 0.00
0.50 6.11 6.45 1.00 0.00
0.50 6.11 6.63 1.00 0.00
0.50 6.11 6.80 1.00 0.00
0.50 6.11 6.97 1.00 0.00
0.50 6.11 7.15 1.00 0.00
0.50 6.11 7.32 1.00 0.00
0.50 6.11 7.50 1.00 0.00
0.50 6.11 7.67 1.00 0.00
0.50 6.11 7.85 1.00 0.00
0.50 6.11 8.02 1.00 0.00
0.50 6.11 8.20 1.00 0.00
0.50 6.11 8.37 1.00 0.00
0.70 6.11 -0.83 1.00 0.00
0.70 6.11 -0.66 1.00 0.00
0.70 6.11 -0.48 1.00 0.00
0.70 6.11 -0.31 1.00 0.00
0.70 6.11 -0.13 1.00 0.00
0.70 6.11 0.04 1.00 0.00
0.70 6.11 0.22 1.00 0.00
0.70 6.11 0.39 1.00 0.00
0.70 6.11 0.56 1.00 0.00
0.70 6.11 0.74 1.00 0.00
0.70 6.11 0.91 1.00 0.00
0.70 6.11 1.09 1.00 0.00
0.70 6.11 1.26 1.00 0.00
0.70 6.11 1.44 1.00 0.00
0.70 6.11 1.61 1.00 0.00
0.70 6.11 1.79 1.00 0.00
0.70 6.11 1.96 1.00 0.00
0.70 6.11 2.14 1.00 0.00
0.90 6.11 -0.78 1.00 0.00
0.90 6.11 -0.60 1.00 0.00
0.90 6.11 -0.43 1.00 0.00
0.90 6.11 -0.25 1.00 0.00
0.90 6.11 -0.08 1.00 0.00
0.90 6.11 0.10 1.00 0.00
0.90 6.11 0.27 1.00 0.00
0.90 6.11 0.45 1.00 0.00
0.90 6.11 0.62 1.00 0.00
0.90 6.11 0.80 1.00 0.00
0.90 6.11 0.97 1.00 0.00
0.90 6.11 1.14 1.00 0.00
0.90 6.11 1.32 1.00 0.00
0.90 6.11 1.49 1.00 0.00
0.90 6.11 1.67 1.00 0.00
0.90 6.11 1.84 1.00 0.00
0.90 6.11 2.02 1.00 0.00
0.90 6.11 2.19 1.00 0.00
1.10 6.11 -0.71 1.00 0.00
1.10 6.11 -0.53 1.00 0.00
1.10 6.11 -0.36 1.00 0.00
1.10 6.11 -0.18 1.00 0.00
1.10 6.11 -0.01 1.00 0.00
1.10 6.11 0.16 1.00 0.00
1.10 6.11 0.34 1.00 0.00
1.10 6.11 0.51 1.00 0.00
1.10 6.11 0.69 1.00 0.00
1.10 6.11 0.86 1.00 0.00
1.10 6.11 1.04 1.00 0.00
1.10 6.11 1.21 1.00 0.00
1.10 6.11 1.39 1.00 0.00
1.10 6.11 1.56 1.00 0.00
1.10 6.11 1.73 1.00 0.00
1.10 6.11 1.91 1.00 0.00
1.10 6.11 2.08 1.00 0.00
1.10 6.11 2.26 1.00 0.00
