0.30 0.00 5.19 1.00 0.00
0.30 0.00 5.36 1.00 0.00
0.30 0.00 5.54 1.00 0.00
0.30 0.00 5.71 1.00 0.00
0.30 0.00 5.89 1.00 0.00
0.30 0.00 6.06 1.00 0.00
0.30 0.00 6.24 1.00 0.00
0.30 0.00 6.41 1.00 0.00
0.30 0.00 6.58 1.00 0.00
0.30 0.00 6.76 1.00 0.00
0.30 0.00 6.93 1.00 0.00
0.30 0.00 7.11 1.00 0.00
0.30 0.00 7.28 1.00 0.00
0.30 0.00 7.46 1.00 0.00
0.30 0.00 7.63 1.00 0.00
0.30 0.00 7.81 1.00 0.00
0.30 0.00 7.98 1.00 0.00
0.30 0.00 8.16 1.00 0.00
0.50 0.00 5.23 1.00 0.00
0.50 0.00 5.40 1.00 0.00
0.50 0.00 5.58 1.00 0.00
0.50 0.00 5.75 1.00 0.00
0.50 0.00 5.93 1.00 0.00
0.50 0.00 6.10 1.00 0.00
0.50 0.00 6.28 1.00 0.00
0.50 0.00 6.45 1.00 0.00
0.50 0.00 6.63 1.00 0.00
0.50 0.00 6.80 1.00 0.00
0.50 0.00 6.97 1.00 0.00
0.50 0.00 7.15 1.00 0.00
0.50 0.00 7.32 1.00 0.00
0.50 0.00 7.50 1.00 0.00
0.50 0.00 7.67 1.00 0.00
0.50 0.00 7.85 1.00 0.00
0.50 0.00 8.02 1.00 0.00
0.50 0.00 8.20 1.00 0.00
0.70 0.00 -1.01 1.00 0.00
0.70 0.00 -0.83 1.00 0.00
0.70 0.00 -0.66 1.00 0.00
0.70 0.00 -0.48 1.00 0.00
0.70 0.00 -0.31 1.00 0.00
0.70 0.00 -0.13 1.00 0.00
0.70 0.00 0.04 1.00 0.00
0.70 0.00 0.22 1.00 0.00
0.70 0.00 0.39 1.00 0.00
0.70 0.00 0.56 1.00 0.00
0.70 0.00 0.74 1.00 0.00
0.70 0.00 0.91 1.00 0.00
0.70 0.00 1.09 1.00 0.00
0.70 0.00 1.26 1.00 0.00
0.70 0.00 1.44 1.00 0.00
0.70 0.00 1.61 1.00 0.00
0.70 0.00 1.79 1.00 0.00
0.70 0.00 1.96 1.00 0.00
0.90 0.00 -0.95 1.00 0.00
0.90 0.00 -0.78 1.00 0.00
0.90 0.00 -0.60 1.00 0.00
0.90 0.00 -0.43 1.00 0.00
0.90 0.00 -0.25 1.00 0.00
0.90 0.00 -0.08 1.00 0.00
0.90 0.00 0.10 1.00 0.00
0.90 0.00 0.27 1.00 0.00
0.90 0.00 0.45 1.00 0.00
0.90 0.00 0.62 1.00 0.00
0.90 0.00 0.80 1.00 0.00
0.90 0.00 0.97 1.00 0.00
0.90 0.00 1.14 1.00 0.00
0.90 0.00 1.32 1.00 0.00
0.90 0.00 1.49 1.00 0.00
0.90 0.00 1.67 1.00 0.00
0.90 0.00 1.84 1.00 0.00
0.90 0.00 2.02 1.00 0.00
1.10 0.00 -0.88 1.00 0.00
1.10 0.00 -0.71 1.00 0.00
1.10 0.00 -0.53 1.00 0.00
1.10 0.00 -0.36 1.00 0.00
1.10 0.00 -0.18 1.00 0.00
1.10 0.00 -0.01 1.00 0.00
1.10 0.00 0.16 1.00 0.00
1.10 0.00 0.34 1.00 0.00
1.10 0.00 0.51 1.00 0.00
1.10 0.00 0.69 1.00 0.00
1.10 0.00 0.86 1.00 0.00
1.10 0.00 1.04 1.00 0.00
1.10 0.00 1.21 1.00 0.00
1.10 0.00 1.39 1.00 0.00
1.10 0.00 1.56 1.00 0.00
1.10 0.00 1.73 1.00 0.00
1.10 0.00 1.91 1.00 0.00
1.10 0.00 2.08 1.00 0.00
0.30 0.17 5.21 1.00 0.00
0.30 0.17 5.38 1.00 0.00
0.30 0.17 5.56 1.00 0.00
0.30 0.17 5.73 1.00 0.00
0.30 0.17 5.90 1.00 0.00
0.30 0.17 6.08 1.00 0.00
0.30 0.17 6.25 1.00 0.00
0.30 0.17 6.43 1.00 0.00
0.30 0.17 6.60 1.00 0.00
0.30 0.17 6.78 1.00 0.00
0.30 0.17 6.95 1.00 0.00
0.30 0.17 7.13 1.00 0.00
0.30 0.17 7.30 1.00 0.00
0.30 0.17 7.48 1.00 0.00
0.30 0.17 7.65 1.00 0.00
0.30 0.17 7.82 1.00 0.00
0.30 0.17 8.00 1.00 0.00
0.30 0.17 8.17 1.00 0.00
0.50 0.17 -1.02 1.00 0.00
0.50 0.17 -0.85 1.00 0.00
0.50 0.17 -0.67 1.00 0.00
0.50 0.17 -0.50 1.00 0.00
0.50 0.17 -0.32 1.00 0.00
0.50 0.17 -0.15 1.00 0.00
0.50 0.17 0.02 1.00 0.00
0.50 0.17 0.20 1.00 0.00
0.50 0.17 0.37 1.00 0.00
0.50 0.17 0.55 1.00 0.00
0.50 0.17 0.72 1.00 0.00
0.50 0.17 0.90 1.00 0.00
0.50 0.17 1.07 1.00 0.00
0.50 0.17 1.25 1.00 0.00
0.50 0.17 1.42 1.00 0.00
0.50 0.17 1.60 1.00 0.00
0.50 0.17 1.77 1.00 0.00
0.50 0.17 1.94 1.00 0.00
0.70 0.17 -0.96 1.00 0.00
0.70 0.17 -0.79 1.00 0.00
0.70 0.17 -0.61 1.00 0.00
0.70 0.17 -0.44 1.00 0.00
0.70 0.17 -0.26 1.00 0.00
0.70 0.17 -0.09 1.00 0.00
0.70 0.17 0.09 1.00 0.00
0.70 0.17 0.26 1.00 0.00
0.70 0.17 0.44 1.00 0.00
0.70 0.17 0.61 1.00 0.00
0.70 0.17 0.78 1.00 0.00
0.70 0.17 0.96 1.00 0.00
0.70 0.17 1.13 1.00 0.00
0.70 0.17 1.31 1.00 0.00
0.70 0.17 1.48 1.00 0.00
0.70 0.17 1.66 1.00 0.00
0.70 0.17 1.83 1.00 0.00
0.70 0.17 2.01 1.00 0.00
0.90 0.17 -0.89 1.00 0.00
0.90 0.17 -0.72 1.00 0.00
0.90 0.17 -0.54 1.00 0.00
0.90 0.17 -0.37 1.00 0.00
0.90 0.17 -0.19 1.00 0.00
0.90 0.17 -0.02 1.00 0.00
0.90 0.17 0.16 1.00 0.00
0.90 0.17 0.33 1.00 0.00
0.90 0.17 0.51 1.00 0.00
0.90 0.17 0.68 1.00 0.00
0.90 0.17 0.85 1.00 0.00
0.90 0.17 1.03 1.00 0.00
0.90 0.17 1.20 1.00 0.00
0.90 0.17 1.38 1.00 0.00
0.90 0.17 1.55 1.00 0.00
0.90 0.17 1.73 1.00 0.00
0.90 0.17 1.90 1.00 0.00
0.90 0.17 2.08 1.00 0.00
1.10 0.17 -0.81 1.00 0.00
1.10 0.17 -0.64 1.00 0.00
1.10 0.17 -0.46 1.00 0.00
1.10 0.17 -0.29 1.00 0.00
1.10 0.17 -0.11 1.00 0.00
1.10 0.17 0.06 1.00 0.00
1.10 0.17 0.24 1.00 0.00
1.10 0.17 0.41 1.00 0.00
1.10 0.17 0.59 1.00 0.00
1.10 0.17 0.76 1.00 0.00
1.10 0.17 0.94 1.00 0.00
1.10 0.17 1.11 1.00 0.00
1.10 0.17 1.28 1.00 0.00
1.10 0.17 1.46 1.00 0.00
1.10 0.17 1.63 1.00 0.00
1.10 0.17 1.81 1.00 0.00
1.10 0.17 1.98 1.00 0.00
1.10 0.17 2.16 1.00 0.00
0.30 0.35 5.22 1.00 0.00
0.30 0.35 5.40 1.00 0.00
0.30 0.35 5.57 1.00 0.00
0.30 0.35 5.75 1.00 0.00
0.30 0.35 5.92 1.00 0.00
0.30 0.35 6.09 1.00 0.00
0.30 0.35 6.27 1.00 0.00
0.30 0.35 6.44 1.00 0.00
0.30 0.35 6.62 1.00 0.00
0.30 0.35 6.79 1.00 0.00
0.30 0.35 6.97 1.00 0.00
0.30 0.35 7.14 1.00 0.00
0.30 0.35 7.32 1.00 0.00
0.30 0.35 7.49 1.00 0.00
0.30 0.35 7.66 1.00 0.00
0.30 0.35 7.84 1.00 0.00
0.30 0.35 8.01 1.00 0.00
0.30 0.35 8.19 1.00 0.00
0.50 0.35 -1.00 1.00 0.00
0.50 0.35 -0.82 1.00 0.00
0.50 0.35 -0.65 1.00 0.00
0.50 0.35 -0.47 1.00 0.00
0.50 0.35 -0.30 1.00 0.00
0.50 0.35 -0.12 1.00 0.00
0.50 0.35 0.05 1.00 0.00
0.50 0.35 0.22 1.00 0.00
0.50 0.35 0.40 1.00 0.00
0.50 0.35 0.57 1.00 0.00
0.50 0.35 0.75 1.00 0.00
0.50 0.35 0.92 1.00 0.00
0.50 0.35 1.10 1.00 0.00
0.50 0.35 1.27 1.00 0.00
0.50 0.35 1.45 1.00 0.00
0.50 0.35 1.62 1.00 0.00
0.50 0.35 1.80 1.00 0.00
0.50 0.35 1.97 1.00 0.00
0.70 0.35 -0.93 1.00 0.00
0.70 0.35 -0.75 1.00 0.00
0.70 0.35 -0.58 1.00 0.00
0.70 0.35 -0.40 1.00 0.00
0.70 0.35 -0.23 1.00 0.00
0.70 0.35 -0.05 1.00 0.00
0.70 0.35 0.12 1.00 0.00
0.70 0.35 0.30 1.00 0.00
0.70 0.35 0.47 1.00 0.00
0.70 0.35 0.64 1.00 0.00
0.70 0.35 0.82 1.00 0.00
0.70 0.35 0.99 1.00 0.00
0.70 0.35 1.17 1.00 0.00
0.70 0.35 1.34 1.00 0.00
0.70 0.35 1.52 1.00 0.00
0.70 0.35 1.69 1.00 0.00
0.70 0.35 1.87 1.00 0.00
0.70 0.35 2.04 1.00 0.00
0.90 0.35 -0.85 1.00 0.00
0.90 0.35 -0.67 1.00 0.00
0.90 0.35 -0.50 1.00 0.00
0.90 0.35 -0.32 1.00 0.00
0.90 0.35 -0.15 1.00 0.00
0.90 0.35 0.03 1.00 0.00
0.90 0.35 0.20 1.00 0.00
0.90 0.35 0.37 1.00 0.00
0.90 0.35 0.55 1.00 0.00
0.90 0.35 0.72 1.00 0.00
0.90 0.35 0.90 1.00 0.00
0.90 0.35 1.07 1.00 0.00
0.90 0.35 1.25 1.00 0.00
0.90 0.35 1.42 1.00 0.00
0.90 0.35 1.60 1.00 0.00
0.90 0.35 1.77 1.00 0.00
0.90 0.35 1.95 1.00 0.00
0.90 0.35 2.12 1.00 0.00
1.10 0.35 -0.76 1.00 0.00
1.10 0.35 -0.59 1.00 0.00
1.10 0.35 -0.41 1.00 0.00
1.10 0.35 -0.24 1.00 0.00
1.10 0.35 -0.06 1.00 0.00
1.10 0.35 0.11 1.00 0.00
1.10 0.35 0.29 1.00 0.00
1.10 0.35 0.46 1.00 0.00
1.10 0.35 0.64 1.00 0.00
1.10 0.35 0.81 1.00 0.00
1.10 0.35 0.98 1.00 0.00
1.10 0.35 1.16 1.00 0.00
1.10 0.35 1.33 1.00 0.00
1.10 0.35 1.51 1.00 0.00
1.10 0.35 1.68 1.00 0.00
1.10 0.35 1.86 1.00 0.00
1.10 0.35 2.03 1.00 0.00
1.10 0.35 2.21 1.00 0.00
0.30 0.52 5.23 1.00 0.00
0.30 0.52 5.41 1.00 0.00
0.30 0.52 5.58 1.00 0.00
0.30 0.52 5.76 1.00 0.00
0.30 0.52 5.93 1.00 0.00
0.30 0.52 6.11 1.00 0.00
0.30 0.52 6.28 1.00 0.00
0.30 0.52 6.46 1.00 0.00
0.30 0.52 6.63 1.00 0.00
0.30 0.52 6.80 1.00 0.00
0.30 0.52 6.98 1.00 0.00
0.30 0.52 7.15 1.00 0.00
0.30 0.52 7.33 1.00 0.00
0.30 0.52 7.50 1.00 0.00
0.30 0.52 7.68 1.00 0.00
0.30 0.52 7.85 1.00 0.00
0.30 0.52 8.03 1.00 0.00
0.30 0.52 8.20 1.00 0.00
0.50 0.52 -0.98 1.00 0.00
0.50 0.52 -0.80 1.00 0.00
0.50 0.52 -0.63 1.00 0.00
0.50 0.52 -0.45 1.00 0.00
0.50 0.52 -0.28 1.00 0.00
0.50 0.52 -0.11 1.00 0.00
0.50 0.52 0.07 1.00 0.00
0.50 0.52 0.24 1.00 0.00
0.50 0.52 0.42 1.00 0.00
0.50 0.52 0.59 1.00 0.00
0.50 0.52 0.77 1.00 0.00
0.50 0.52 0.94 1.00 0.00
0.50 0.52 1.12 1.00 0.00
0.50 0.52 1.29 1.00 0.00
0.50 0.52 1.47 1.00 0.00
0.50 0.52 1.64 1.00 0.00
0.50 0.52 1.81 1.00 0.00
0.50 0.52 1.99 1.00 0.00
0.70 0.52 -0.90 1.00 0.00
0.70 0.52 -0.73 1.00 0.00
0.70 0.52 -0.55 1.00 0.00
0.70 0.52 -0.38 1.00 0.00
0.70 0.52 -0.20 1.00 0.00
0.70 0.52 -0.03 1.00 0.00
0.70 0.52 0.15 1.00 0.00
0.70 0.52 0.32 1.00 0.00
0.70 0.52 0.49 1.00 0.00
0.70 0.52 0.67 1.00 0.00
0.70 0.52 0.84 1.00 0.00
0.70 0.52 1.02 1.00 0.00
0.70 0.52 1.19 1.00 0.00
0.70 0.52 1.37 1.00 0.00
0.70 0.52 1.54 1.00 0.00
0.70 0.52 1.72 1.00 0.00
0.70 0.52 1.89 1.00 0.00
0.70 0.52 2.07 1.00 0.00
0.90 0.52 -0.82 1.00 0.00
0.90 0.52 -0.65 1.00 0.00
0.90 0.52 -0.47 1.00 0.00
0.90 0.52 -0.30 1.00 0.00
0.90 0.52 -0.12 1.00 0.00
0.90 0.52 0.05 1.00 0.00
0.90 0.52 0.23 1.00 0.00
0.90 0.52 0.40 1.00 0.00
0.90 0.52 0.58 1.00 0.00
0.90 0.52 0.75 1.00 0.00
0.90 0.52 0.93 1.00 0.00
0.90 0.52 1.10 1.00 0.00
0.90 0.52 1.27 1.00 0.00
0.90 0.52 1.45 1.00 0.00
0.90 0.52 1.62 1.00 0.00
0.90 0.52 1.80 1.00 0.00
0.90 0.52 1.97 1.00 0.00
0.90 0.52 2.15 1.00 0.00
1.10 0.52 -0.73 1.00 0.00
1.10 0.52 -0.56 1.00 0.00
1.10 0.52 -0.38 1.00 0.00
1.10 0.52 -0.21 1.00 0.00
1.10 0.52 -0.04 1.00 0.00
1.10 0.52 0.14 1.00 0.00
1.10 0.52 0.31 1.00 0.00
1.10 0.52 0.49 1.00 0.00
1.10 0.52 0.66 1.00 0.00
1.10 0.52 0.84 1.00 0.00
1.10 0.52 1.01 1.00 0.00
1.10 0.52 1.19 1.00 0.00
1.10 0.52 1.36 1.00 0.00
1.10 0.52 1.54 1.00 0.00
1.10 0.52 1.71 1.00 0.00
1.10 0.52 1.88 1.00 0.00
1.10 0.52 2.06 1.00 0.00
1.10 0.52 2.23 1.00 0.00
0.30 0.70 -1.04 1.00 0.00
0.30 0.70 -0.87 1.00 0.00
0.30 0.70 -0.69 1.00 0.00
0.30 0.70 -0.52 1.00 0.00
0.30 0.70 -0.34 1.00 0.00
0.30 0.70 -0.17 1.00 0.00
0.30 0.70 0.01 1.00 0.00
0.30 0.70 0.18 1.00 0.00
0.30 0.70 0.36 1.00 0.00
0.30 0.70 0.53 1.00 0.00
0.30 0.70 0.70 1.00 0.00
0.30 0.70 0.88 1.00 0.00
0.30 0.70 1.05 1.00 0.00
0.30 0.70 1.23 1.00 0.00
0.30 0.70 1.40 1.00 0.00
0.30 0.70 1.58 1.00 0.00
0.30 0.70 1.75 1.00 0.00
0.30 0.70 1.93 1.00 0.00
0.50 0.70 -0.97 1.00 0.00
0.50 0.70 -0.79 1.00 0.00
0.50 0.70 -0.62 1.00 0.00
0.50 0.70 -0.44 1.00 0.00
0.50 0.70 -0.27 1.00 0.00
0.50 0.70 -0.09 1.00 0.00
0.50 0.70 0.08 1.00 0.00
0.50 0.70 0.26 1.00 0.00
0.50 0.70 0.43 1.00 0.00
0.50 0.70 0.61 1.00 0.00
0.50 0.70 0.78 1.00 0.00
0.50 0.70 0.95 1.00 0.00
0.50 0.70 1.13 1.00 0.00
0.50 0.70 1.30 1.00 0.00
0.50 0.70 1.48 1.00 0.00
0.50 0.70 1.65 1.00 0.00
0.50 0.70 1.83 1.00 0.00
0.50 0.70 2.00 1.00 0.00
0.70 0.70 -0.89 1.00 0.00
0.70 0.70 -0.71 1.00 0.00
0.70 0.70 -0.54 1.00 0.00
0.70 0.70 -0.36 1.00 0.00
0.70 0.70 -0.19 1.00 0.00
0.70 0.70 -0.01 1.00 0.00
0.70 0.70 0.16 1.00 0.00
0.70 0.70 0.33 1.00 0.00
0.70 0.70 0.51 1.00 0.00
0.70 0.70 0.68 1.00 0.00
0.70 0.70 0.86 1.00 0.00
0.70 0.70 1.03 1.00 0.00
0.70 0.70 1.21 1.00 0.00
0.70 0.70 1.38 1.00 0.00
0.70 0.70 1.56 1.00 0.00
0.70 0.70 1.73 1.00 0.00
0.70 0.70 1.91 1.00 0.00
0.70 0.70 2.08 1.00 0.00
0.90 0.70 -0.81 1.00 0.00
0.90 0.70 -0.63 1.00 0.00
0.90 0.70 -0.46 1.00 0.00
0.90 0.70 -0.28 1.00 0.00
0.90 0.70 -0.11 1.00 0.00
0.90 0.70 0.07 1.00 0.00
0.90 0.70 0.24 1.00 0.00
0.90 0.70 0.42 1.00 0.00
0.90 0.70 0.59 1.00 0.00
0.90 0.70 0.76 1.00 0.00
0.90 0.70 0.94 1.00 0.00
0.90 0.70 1.11 1.00 0.00
0.90 0.70 1.29 1.00 0.00
0.90 0.70 1.46 1.00 0.00
0.90 0.70 1.64 1.00 0.00
0.90 0.70 1.81 1.00 0.00
0.90 0.70 1.99 1.00 0.00
0.90 0.70 2.16 1.00 0.00
1.10 0.70 -0.72 1.00 0.00
1.10 0.70 -0.55 1.00 0.00
1.10 0.70 -0.37 1.00 0.00
1.10 0.70 -0.20 1.00 0.00
1.10 0.70 -0.03 1.00 0.00
1.10 0.70 0.15 1.00 0.00
1.10 0.70 0.32 1.00 0.00
1.10 0.70 0.50 1.00 0.00
1.10 0.70 0.67 1.00 0.00
1.10 0.70 0.85 1.00 0.00
1.10 0.70 1.02 1.00 0.00
1.10 0.70 1.20 1.00 0.00
1.10 0.70 1.37 1.00 0.00
1.10 0.70 1.54 1.00 0.00
1.10 0.70 1.72 1.00 0.00
1.10 0.70 1.89 1.00 0.00
1.10 0.70 2.07 1.00 0.00
1.10 0.70 2.24 1.00 0.00
0.30 0.87 -1.04 1.00 0.00
0.30 0.87 -0.86 1.00 0.00
0.30 0.87 -0.69 1.00 0.00
0.30 0.87 -0.51 1.00 0.00
0.30 0.87 -0.34 1.00 0.00
0.30 0.87 -0.16 1.00 0.00
0.30 0.87 0.01 1.00 0.00
0.30 0.87 0.19 1.00 0.00
0.30 0.87 0.36 1.00 0.00
0.30 0.87 0.53 1.00 0.00
0.30 0.87 0.71 1.00 0.00
0.30 0.87 0.88 1.00 0.00
0.30 0.87 1.06 1.00 0.00
0.30 0.87 1.23 1.00 0.00
0.30 0.87 1.41 1.00 0.00
0.30 0.87 1.58 1.00 0.00
0.30 0.87 1.76 1.00 0.00
0.30 0.87 1.93 1.00 0.00
0.50 0.87 -0.96 1.00 0.00
0.50 0.87 -0.79 1.00 0.00
0.50 0.87 -0.61 1.00 0.00
0.50 0.87 -0.44 1.00 0.00
0.50 0.87 -0.26 1.00 0.00
0.50 0.87 -0.09 1.00 0.00
0.50 0.87 0.09 1.00 0.00
0.50 0.87 0.26 1.00 0.00
0.50 0.87 0.44 1.00 0.00
0.50 0.87 0.61 1.00 0.00
0.50 0.87 0.79 1.00 0.00
0.50 0.87 0.96 1.00 0.00
0.50 0.87 1.13 1.00 0.00
0.50 0.87 1.31 1.00 0.00
0.50 0.87 1.48 1.00 0.00
0.50 0.87 1.66 1.00 0.00
0.50 0.87 1.83 1.00 0.00
0.50 0.87 2.01 1.00 0.00
0.70 0.87 -0.88 1.00 0.00
0.70 0.87 -0.71 1.00 0.00
0.70 0.87 -0.53 1.00 0.00
0.70 0.87 -0.36 1.00 0.00
0.70 0.87 -0.18 1.00 0.00
0.70 0.87 -0.01 1.00 0.00
0.70 0.87 0.16 1.00 0.00
0.70 0.87 0.34 1.00 0.00
0.70 0.87 0.51 1.00 0.00
0.70 0.87 0.69 1.00 0.00
0.70 0.87 0.86 1.00 0.00
0.70 0.87 1.04 1.00 0.00
0.70 0.87 1.21 1.00 0.00
0.70 0.87 1.39 1.00 0.00
0.70 0.87 1.56 1.00 0.00
0.70 0.87 1.74 1.00 0.00
0.70 0.87 1.91 1.00 0.00
0.70 0.87 2.08 1.00 0.00
0.90 0.87 -0.81 1.00 0.00
0.90 0.87 -0.63 1.00 0.00
0.90 0.87 -0.46 1.00 0.00
0.90 0.87 -0.28 1.00 0.00
0.90 0.87 -0.11 1.00 0.00
0.90 0.87 0.07 1.00 0.00
0.90 0.87 0.24 1.00 0.00
0.90 0.87 0.42 1.00 0.00
0.90 0.87 0.59 1.00 0.00
0.90 0.87 0.77 1.00 0.00
0.90 0.87 0.94 1.00 0.00
0.90 0.87 1.11 1.00 0.00
0.90 0.87 1.29 1.00 0.00
0.90 0.87 1.46 1.00 0.00
0.90 0.87 1.64 1.00 0.00
0.90 0.87 1.81 1.00 0.00
0.90 0.87 1.99 1.00 0.00
0.90 0.87 2.16 1.00 0.00
1.10 0.87 -0.73 1.00 0.00
1.10 0.87 -0.55 1.00 0.00
1.10 0.87 -0.38 1.00 0.00
1.10 0.87 -0.20 1.00 0.00
1.10 0.87 -0.03 1.00 0.00
1.10 0.87 0.14 1.00 0.00
1.10 0.87 0.32 1.00 0.00
1.10 0.87 0.49 1.00 0.00
1.10 0.87 0.67 1.00 0.00
1.10 0.87 0.84 1.00 0.00
1.10 0.87 1.02 1.00 0.00
1.10 0.87 1.19 1.00 0.00
1.10 0.87 1.37 1.00 0.00
1.10 0.87 1.54 1.00 0.00
1.10 0.87 1.72 1.00 0.00
1.10 0.87 1.89 1.00 0.00
1.10 0.87 2.06 1.00 0.00
1.10 0.87 2.24 1.00 0.00
0.30 1.05 -1.03 1.00 0.00
0.30 1.05 -0.86 1.00 0.00
0.30 1.05 -0.69 1.00 0.00
0.30 1.05 -0.51 1.00 0.00
0.30 1.05 -0.34 1.00 0.00
0.30 1.05 -0.16 1.00 0.00
0.30 1.05 0.01 1.00 0.00
0.30 1.05 0.19 1.00 0.00
0.30 1.05 0.36 1.00 0.00
0.30 1.05 0.54 1.00 0.00
0.30 1.05 0.71 1.00 0.00
0.30 1.05 0.89 1.00 0.00
0.30 1.05 1.06 1.00 0.00
0.30 1.05 1.23 1.00 0.00
0.30 1.05 1.41 1.00 0.00
0.30 1.05 1.58 1.00 0.00
0.30 1.05 1.76 1.00 0.00
0.30 1.05 1.93 1.00 0.00
0.50 1.05 -0.96 1.00 0.00
0.50 1.05 -0.79 1.00 0.00
0.50 1.05 -0.61 1.00 0.00
0.50 1.05 -0.44 1.00 0.00
0.50 1.05 -0.26 1.00 0.00
0.50 1.05 -0.09 1.00 0.00
0.50 1.05 0.09 1.00 0.00
0.50 1.05 0.26 1.00 0.00
0.50 1.05 0.44 1.00 0.00
0.50 1.05 0.61 1.00 0.00
0.50 1.05 0.79 1.00 0.00
0.50 1.05 0.96 1.00 0.00
0.50 1.05 1.13 1.00 0.00
0.50 1.05 1.31 1.00 0.00
0.50 1.05 1.48 1.00 0.00
0.50 1.05 1.66 1.00 0.00
0.50 1.05 1.83 1.00 0.00
0.50 1.05 2.01 1.00 0.00
0.70 1.05 -0.89 1.00 0.00
0.70 1.05 -0.71 1.00 0.00
0.70 1.05 -0.54 1.00 0.00
0.70 1.05 -0.36 1.00 0.00
0.70 1.05 -0.19 1.00 0.00
0.70 1.05 -0.01 1.00 0.00
0.70 1.05 0.16 1.00 0.00
0.70 1.05 0.34 1.00 0.00
0.70 1.05 0.51 1.00 0.00
0.70 1.05 0.68 1.00 0.00
0.70 1.05 0.86 1.00 0.00
0.70 1.05 1.03 1.00 0.00
0.70 1.05 1.21 1.00 0.00
0.70 1.05 1.38 1.00 0.00
0.70 1.05 1.56 1.00 0.00
0.70 1.05 1.73 1.00 0.00
0.70 1.05 1.91 1.00 0.00
0.70 1.05 2.08 1.00 0.00
0.90 1.05 -0.81 1.00 0.00
0.90 1.05 -0.64 1.00 0.00
0.90 1.05 -0.46 1.00 0.00
0.90 1.05 -0.29 1.00 0.00
0.90 1.05 -0.12 1.00 0.00
0.90 1.05 0.06 1.00 0.00
0.90 1.05 0.23 1.00 0.00
0.90 1.05 0.41 1.00 0.00
0.90 1.05 0.58 1.00 0.00
0.90 1.05 0.76 1.00 0.00
0.90 1.05 0.93 1.00 0.00
0.90 1.05 1.11 1.00 0.00
0.90 1.05 1.28 1.00 0.00
0.90 1.05 1.46 1.00 0.00
0.90 1.05 1.63 1.00 0.00
0.90 1.05 1.80 1.00 0.00
0.90 1.05 1.98 1.00 0.00
0.90 1.05 2.15 1.00 0.00
1.10 1.05 -0.74 1.00 0.00
1.10 1.05 -0.57 1.00 0.00
1.10 1.05 -0.40 1.00 0.00
1.10 1.05 -0.22 1.00 0.00
1.10 1.05 -0.05 1.00 0.00
1.10 1.05 0.13 1.00 0.00
1.10 1.05 0.30 1.00 0.00
1.10 1.05 0.48 1.00 0.00
1.10 1.05 0.65 1.00 0.00
1.10 1.05 0.83 1.00 0.00
1.10 1.05 1.00 1.00 0.00
1.10 1.05 1.18 1.00 0.00
1.10 1.05 1.35 1.00 0.00
1.10 1.05 1.52 1.00 0.00
1.10 1.05 1.70 1.00 0.00
1.10 1.05 1.87 1.00 0.00
1.10 1.05 2.05 1.00 0.00
1.10 1.05 2.22 1.00 0.00
0.30 1.22 -1.04 1.00 0.00
0.30 1.22 -0.86 1.00 0.00
0.30 1.22 -0.69 1.00 0.00
0.30 1.22 -0.51 1.00 0.00
0.30 1.22 -0.34 1.00 0.00
0.30 1.22 -0.16 1.00 0.00
0.30 1.22 0.01 1.00 0.00
0.30 1.22 0.19 1.00 0.00
0.30 1.22 0.36 1.00 0.00
0.30 1.22 0.53 1.00 0.00
0.30 1.22 0.71 1.00 0.00
0.30 1.22 0.88 1.00 0.00
0.30 1.22 1.06 1.00 0.00
0.30 1.22 1.23 1.00 0.00
0.30 1.22 1.41 1.00 0.00
0.30 1.22 1.58 1.00 0.00
0.30 1.22 1.76 1.00 0.00
0.30 1.22 1.93 1.00 0.00
0.50 1.22 -0.97 1.00 0.00
0.50 1.22 -0.79 1.00 0.00
0.50 1.22 -0.62 1.00 0.00
0.50 1.22 -0.44 1.00 0.00
0.50 1.22 -0.27 1.00 0.00
0.50 1.22 -0.09 1.00 0.00
0.50 1.22 0.08 1.00 0.00
0.50 1.22 0.26 1.00 0.00
0.50 1.22 0.43 1.00 0.00
0.50 1.22 0.61 1.00 0.00
0.50 1.22 0.78 1.00 0.00
0.50 1.22 0.95 1.00 0.00
0.50 1.22 1.13 1.00 0.00
0.50 1.22 1.30 1.00 0.00
0.50 1.22 1.48 1.00 0.00
0.50 1.22 1.65 1.00 0.00
0.50 1.22 1.83 1.00 0.00
0.50 1.22 2.00 1.00 0.00
0.70 1.22 -0.90 1.00 0.00
0.70 1.22 -0.72 1.00 0.00
0.70 1.22 -0.55 1.00 0.00
0.70 1.22 -0.37 1.00 0.00
0.70 1.22 -0.20 1.00 0.00
0.70 1.22 -0.02 1.00 0.00
0.70 1.22 0.15 1.00 0.00
0.70 1.22 0.33 1.00 0.00
0.70 1.22 0.50 1.00 0.00
0.70 1.22 0.67 1.00 0.00
0.70 1.22 0.85 1.00 0.00
0.70 1.22 1.02 1.00 0.00
0.70 1.22 1.20 1.00 0.00
0.70 1.22 1.37 1.00 0.00
0.70 1.22 1.55 1.00 0.00
0.70 1.22 1.72 1.00 0.00
0.70 1.22 1.90 1.00 0.00
0.70 1.22 2.07 1.00 0.00
0.90 1.22 -0.83 1.00 0.00
0.90 1.22 -0.66 1.00 0.00
0.90 1.22 -0.48 1.00 0.00
0.90 1.22 -0.31 1.00 0.00
0.90 1.22 -0.13 1.00 0.00
0.90 1.22 0.04 1.00 0.00
0.90 1.22 0.22 1.00 0.00
0.90 1.22 0.39 1.00 0.00
0.90 1.22 0.57 1.00 0.00
0.90 1.22 0.74 1.00 0.00
0.90 1.22 0.91 1.00 0.00
0.90 1.22 1.09 1.00 0.00
0.90 1.22 1.26 1.00 0.00
0.90 1.22 1.44 1.00 0.00
0.90 1.22 1.61 1.00 0.00
0.90 1.22 1.79 1.00 0.00
0.90 1.22 1.96 1.00 0.00
0.90 1.22 2.14 1.00 0.00
1.10 1.22 -0.77 1.00 0.00
1.10 1.22 -0.59 1.00 0.00
1.10 1.22 -0.42 1.00 0.00
1.10 1.22 -0.25 1.00 0.00
1.10 1.22 -0.07 1.00 0.00
1.10 1.22 0.10 1.00 0.00
1.10 1.22 0.28 1.00 0.00
1.10 1.22 0.45 1.00 0.00
1.10 1.22 0.63 1.00 0.00
1.10 1.22 0.80 1.00 0.00
1.10 1.22 0.98 1.00 0.00
1.10 1.22 1.15 1.00 0.00
1.10 1.22 1.33 1.00 0.00
1.10 1.22 1.50 1.00 0.00
1.10 1.22 1.67 1.00 0.00
1.10 1.22 1.85 1.00 0.00
1.10 1.22 2.02 1.00 0.00
1.10 1.22 2.20 1.00 0.00
0.30 1.40 -1.04 1.00 0.00
0.30 1.40 -0.87 1.00 0.00
0.30 1.40 -0.69 1.00 0.00
0.30 1.40 -0.52 1.00 0.00
0.30 1.40 -0.34 1.00 0.00
0.30 1.40 -0.17 1.00 0.00
0.30 1.40 0.01 1.00 0.00
0.30 1.40 0.18 1.00 0.00
0.30 1.40 0.35 1.00 0.00
0.30 1.40 0.53 1.00 0.00
0.30 1.40 0.70 1.00 0.00
0.30 1.40 0.88 1.00 0.00
0.30 1.40 1.05 1.00 0.00
0.30 1.40 1.23 1.00 0.00
0.30 1.40 1.40 1.00 0.00
0.30 1.40 1.58 1.00 0.00
0.30 1.40 1.75 1.00 0.00
0.30 1.40 1.93 1.00 0.00
0.50 1.40 -0.98 1.00 0.00
0.50 1.40 -0.80 1.00 0.00
0.50 1.40 -0.63 1.00 0.00
0.50 1.40 -0.45 1.00 0.00
0.50 1.40 -0.28 1.00 0.00
0.50 1.40 -0.10 1.00 0.00
0.50 1.40 0.07 1.00 0.00
0.50 1.40 0.25 1.00 0.00
0.50 1.40 0.42 1.00 0.00
0.50 1.40 0.60 1.00 0.00
0.50 1.40 0.77 1.00 0.00
0.50 1.40 0.94 1.00 0.00
0.50 1.40 1.12 1.00 0.00
0.50 1.40 1.29 1.00 0.00
0.50 1.40 1.47 1.00 0.00
0.50 1.40 1.64 1.00 0.00
0.50 1.40 1.82 1.00 0.00
0.50 1.40 1.99 1.00 0.00
0.70 1.40 -0.91 1.00 0.00
0.70 1.40 -0.74 1.00 0.00
0.70 1.40 -0.56 1.00 0.00
0.70 1.40 -0.39 1.00 0.00
0.70 1.40 -0.22 1.00 0.00
0.70 1.40 -0.04 1.00 0.00
0.70 1.40 0.13 1.00 0.00
0.70 1.40 0.31 1.00 0.00
0.70 1.40 0.48 1.00 0.00
0.70 1.40 0.66 1.00 0.00
0.70 1.40 0.83 1.00 0.00
0.70 1.40 1.01 1.00 0.00
0.70 1.40 1.18 1.00 0.00
0.70 1.40 1.36 1.00 0.00
0.70 1.40 1.53 1.00 0.00
0.70 1.40 1.70 1.00 0.00
0.70 1.40 1.88 1.00 0.00
0.70 1.40 2.05 1.00 0.00
0.90 1.40 -0.85 1.00 0.00
0.90 1.40 -0.68 1.00 0.00
0.90 1.40 -0.51 1.00 0.00
0.90 1.40 -0.33 1.00 0.00
0.90 1.40 -0.16 1.00 0.00
0.90 1.40 0.02 1.00 0.00
0.90 1.40 0.19 1.00 0.00
0.90 1.40 0.37 1.00 0.00
0.90 1.40 0.54 1.00 0.00
0.90 1.40 0.72 1.00 0.00
0.90 1.40 0.89 1.00 0.00
0.90 1.40 1.07 1.00 0.00
0.90 1.40 1.24 1.00 0.00
0.90 1.40 1.41 1.00 0.00
0.90 1.40 1.59 1.00 0.00
0.90 1.40 1.76 1.00 0.00
0.90 1.40 1.94 1.00 0.00
0.90 1.40 2.11 1.00 0.00
1.10 1.40 -0.80 1.00 0.00
1.10 1.40 -0.63 1.00 0.00
1.10 1.40 -0.45 1.00 0.00
1.10 1.40 -0.28 1.00 0.00
1.10 1.40 -0.10 1.00 0.00
1.10 1.40 0.07 1.00 0.00
1.10 1.40 0.25 1.00 0.00
1.10 1.40 0.42 1.00 0.00
1.10 1.40 0.60 1.00 0.00
1.10 1.40 0.77 1.00 0.00
1.10 1.40 0.95 1.00 0.00
1.10 1.40 1.12 1.00 0.00
1.10 1.40 1.29 1.00 0.00
1.10 1.40 1.47 1.00 0.00
1.10 1.40 1.64 1.00 0.00
1.10 1.40 1.82 1.00 0.00
1.10 1.40 1.99 1.00 0.00
1.10 1.40 2.17 1.00 0.00
0.30 1.57 5.23 1.00 0.00
0.30 1.57 5.41 1.00 0.00
0.30 1.57 5.58 1.00 0.00
0.30 1.57 5.76 1.00 0.00
0.30 1.57 5.93 1.00 0.00
0.30 1.57 6.11 1.00 0.00
0.30 1.57 6.28 1.00 0.00
0.30 1.57 6.46 1.00 0.00
0.30 1.57 6.63 1.00 0.00
0.30 1.57 6.80 1.00 0.00
0.30 1.57 6.98 1.00 0.00
0.30 1.57 7.15 1.00 0.00
0.30 1.57 7.33 1.00 0.00
0.30 1.57 7.50 1.00 0.00
0.30 1.57 7.68 1.00 0.00
0.30 1.57 7.85 1.00 0.00
0.30 1.57 8.03 1.00 0.00
0.30 1.57 8.20 1.00 0.00
0.50 1.57 -0.99 1.00 0.00
0.50 1.57 -0.82 1.00 0.00
0.50 1.57 -0.64 1.00 0.00
0.50 1.57 -0.47 1.00 0.00
0.50 1.57 -0.29 1.00 0.00
0.50 1.57 -0.12 1.00 0.00
0.50 1.57 0.06 1.00 0.00
0.50 1.57 0.23 1.00 0.00
0.50 1.57 0.41 1.00 0.00
0.50 1.57 0.58 1.00 0.00
0.50 1.57 0.76 1.00 0.00
0.50 1.57 0.93 1.00 0.00
0.50 1.57 1.10 1.00 0.00
0.50 1.57 1.28 1.00 0.00
0.50 1.57 1.45 1.00 0.00
0.50 1.57 1.63 1.00 0.00
0.50 1.57 1.80 1.00 0.00
0.50 1.57 1.98 1.00 0.00
0.70 1.57 -0.93 1.00 0.00
0.70 1.57 -0.76 1.00 0.00
0.70 1.57 -0.59 1.00 0.00
0.70 1.57 -0.41 1.00 0.00
0.70 1.57 -0.24 1.00 0.00
0.70 1.57 -0.06 1.00 0.00
0.70 1.57 0.11 1.00 0.00
0.70 1.57 0.29 1.00 0.00
0.70 1.57 0.46 1.00 0.00
0.70 1.57 0.64 1.00 0.00
0.70 1.57 0.81 1.00 0.00
0.70 1.57 0.98 1.00 0.00
0.70 1.57 1.16 1.00 0.00
0.70 1.57 1.33 1.00 0.00
0.70 1.57 1.51 1.00 0.00
0.70 1.57 1.68 1.00 0.00
0.70 1.57 1.86 1.00 0.00
0.70 1.57 2.03 1.00 0.00
0.90 1.57 -0.88 1.00 0.00
0.90 1.57 -0.71 1.00 0.00
0.90 1.57 -0.53 1.00 0.00
0.90 1.57 -0.36 1.00 0.00
0.90 1.57 -0.19 1.00 0.00
0.90 1.57 -0.01 1.00 0.00
0.90 1.57 0.16 1.00 0.00
0.90 1.57 0.34 1.00 0.00
0.90 1.57 0.51 1.00 0.00
0.90 1.57 0.69 1.00 0.00
0.90 1.57 0.86 1.00 0.00
0.90 1.57 1.04 1.00 0.00
0.90 1.57 1.21 1.00 0.00
0.90 1.57 1.38 1.00 0.00
0.90 1.57 1.56 1.00 0.00
0.90 1.57 1.73 1.00 0.00
0.90 1.57 1.91 1.00 0.00
0.90 1.57 2.08 1.00 0.00
1.10 1.57 -0.84 1.00 0.00
1.10 1.57 -0.66 1.00 0.00
1.10 1.57 -0.49 1.00 0.00
1.10 1.57 -0.31 1.00 0.00
1.10 1.57 -0.14 1.00 0.00
1.10 1.57 0.04 1.00 0.00
1.10 1.57 0.21 1.00 0.00
1.10 1.57 0.38 1.00 0.00
1.10 1.57 0.56 1.00 0.00
1.10 1.57 0.73 1.00 0.00
1.10 1.57 0.91 1.00 0.00
1.10 1.57 1.08 1.00 0.00
1.10 1.57 1.26 1.00 0.00
1.10 1.57 1.43 1.00 0.00
1.10 1.57 1.61 1.00 0.00
1.10 1.57 1.78 1.00 0.00
1.10 1.57 1.96 1.00 0.00
1.10 1.57 2.13 1.00 0.00
0.30 1.75 5.22 1.00 0.00
0.30 1.75 5.40 1.00 0.00
0.30 1.75 5.57 1.00 0.00
0.30 1.75 5.75 1.00 0.00
0.30 1.75 5.92 1.00 0.00
0.30 1.75 6.10 1.00 0.00
0.30 1.75 6.27 1.00 0.00
0.30 1.75 6.45 1.00 0.00
0.30 1.75 6.62 1.00 0.00
0.30 1.75 6.79 1.00 0.00
0.30 1.75 6.97 1.00 0.00
0.30 1.75 7.14 1.00 0.00
0.30 1.75 7.32 1.00 0.00
0.30 1.75 7.49 1.00 0.00
0.30 1.75 7.67 1.00 0.00
0.30 1.75 7.84 1.00 0.00
0.30 1.75 8.02 1.00 0.00
0.30 1.75 8.19 1.00 0.00
0.50 1.75 -1.01 1.00 0.00
0.50 1.75 -0.83 1.00 0.00
0.50 1.75 -0.66 1.00 0.00
0.50 1.75 -0.48 1.00 0.00
0.50 1.75 -0.31 1.00 0.00
0.50 1.75 -0.14 1.00 0.00
0.50 1.75 0.04 1.00 0.00
0.50 1.75 0.21 1.00 0.00
0.50 1.75 0.39 1.00 0.00
0.50 1.75 0.56 1.00 0.00
0.50 1.75 0.74 1.00 0.00
0.50 1.75 0.91 1.00 0.00
0.50 1.75 1.09 1.00 0.00
0.50 1.75 1.26 1.00 0.00
0.50 1.75 1.44 1.00 0.00
0.50 1.75 1.61 1.00 0.00
0.50 1.75 1.78 1.00 0.00
0.50 1.75 1.96 1.00 0.00
0.70 1.75 -0.96 1.00 0.00
0.70 1.75 -0.79 1.00 0.00
0.70 1.75 -0.61 1.00 0.00
0.70 1.75 -0.44 1.00 0.00
0.70 1.75 -0.26 1.00 0.00
0.70 1.75 -0.09 1.00 0.00
0.70 1.75 0.09 1.00 0.00
0.70 1.75 0.26 1.00 0.00
0.70 1.75 0.44 1.00 0.00
0.70 1.75 0.61 1.00 0.00
0.70 1.75 0.78 1.00 0.00
0.70 1.75 0.96 1.00 0.00
0.70 1.75 1.13 1.00 0.00
0.70 1.75 1.31 1.00 0.00
0.70 1.75 1.48 1.00 0.00
0.70 1.75 1.66 1.00 0.00
0.70 1.75 1.83 1.00 0.00
0.70 1.75 2.01 1.00 0.00
0.90 1.75 -0.92 1.00 0.00
0.90 1.75 -0.74 1.00 0.00
0.90 1.75 -0.57 1.00 0.00
0.90 1.75 -0.39 1.00 0.00
0.90 1.75 -0.22 1.00 0.00
0.90 1.75 -0.04 1.00 0.00
0.90 1.75 0.13 1.00 0.00
0.90 1.75 0.30 1.00 0.00
0.90 1.75 0.48 1.00 0.00
0.90 1.75 0.65 1.00 0.00
0.90 1.75 0.83 1.00 0.00
0.90 1.75 1.00 1.00 0.00
0.90 1.75 1.18 1.00 0.00
0.90 1.75 1.35 1.00 0.00
0.90 1.75 1.53 1.00 0.00
0.90 1.75 1.70 1.00 0.00
0.90 1.75 1.88 1.00 0.00
0.90 1.75 2.05 1.00 0.00
1.10 1.75 -0.88 1.00 0.00
1.10 1.75 -0.70 1.00 0.00
1.10 1.75 -0.53 1.00 0.00
1.10 1.75 -0.35 1.00 0.00
1.10 1.75 -0.18 1.00 0.00
1.10 1.75 -0.01 1.00 0.00
1.10 1.75 0.17 1.00 0.00
1.10 1.75 0.34 1.00 0.00
1.10 1.75 0.52 1.00 0.00
1.10 1.75 0.69 1.00 0.00
1.10 1.75 0.87 1.00 0.00
1.10 1.75 1.04 1.00 0.00
1.10 1.75 1.22 1.00 0.00
1.10 1.75 1.39 1.00 0.00
1.10 1.75 1.57 1.00 0.00
1.10 1.75 1.74 1.00 0.00
1.10 1.75 1.91 1.00 0.00
1.10 1.75 2.09 1.00 0.00
0.30 1.92 5.21 1.00 0.00
0.30 1.92 5.39 1.00 0.00
0.30 1.92 5.56 1.00 0.00
0.30 1.92 5.73 1.00 0.00
0.30 1.92 5.91 1.00 0.00
0.30 1.92 6.08 1.00 0.00
0.30 1.92 6.26 1.00 0.00
0.30 1.92 6.43 1.00 0.00
0.30 1.92 6.61 1.00 0.00
0.30 1.92 6.78 1.00 0.00
0.30 1.92 6.96 1.00 0.00
0.30 1.92 7.13 1.00 0.00
0.30 1.92 7.31 1.00 0.00
0.30 1.92 7.48 1.00 0.00
0.30 1.92 7.65 1.00 0.00
0.30 1.92 7.83 1.00 0.00
0.30 1.92 8.00 1.00 0.00
0.30 1.92 8.18 1.00 0.00
0.50 1.92 -1.03 1.00 0.00
0.50 1.92 -0.85 1.00 0.00
0.50 1.92 -0.68 1.00 0.00
0.50 1.92 -0.51 1.00 0.00
0.50 1.92 -0.33 1.00 0.00
0.50 1.92 -0.16 1.00 0.00
0.50 1.92 0.02 1.00 0.00
0.50 1.92 0.19 1.00 0.00
0.50 1.92 0.37 1.00 0.00
0.50 1.92 0.54 1.00 0.00
0.50 1.92 0.72 1.00 0.00
0.50 1.92 0.89 1.00 0.00
0.50 1.92 1.07 1.00 0.00
0.50 1.92 1.24 1.00 0.00
0.50 1.92 1.41 1.00 0.00
0.50 1.92 1.59 1.00 0.00
0.50 1.92 1.76 1.00 0.00
0.50 1.92 1.94 1.00 0.00
0.70 1.92 -0.99 1.00 0.00
0.70 1.92 -0.82 1.00 0.00
0.70 1.92 -0.64 1.00 0.00
0.70 1.92 -0.47 1.00 0.00
0.70 1.92 -0.29 1.00 0.00
0.70 1.92 -0.12 1.00 0.00
0.70 1.92 0.06 1.00 0.00
0.70 1.92 0.23 1.00 0.00
0.70 1.92 0.41 1.00 0.00
0.70 1.92 0.58 1.00 0.00
0.70 1.92 0.76 1.00 0.00
0.70 1.92 0.93 1.00 0.00
0.70 1.92 1.10 1.00 0.00
0.70 1.92 1.28 1.00 0.00
0.70 1.92 1.45 1.00 0.00
0.70 1.92 1.63 1.00 0.00
0.70 1.92 1.80 1.00 0.00
0.70 1.92 1.98 1.00 0.00
0.90 1.92 -0.95 1.00 0.00
0.90 1.92 -0.78 1.00 0.00
0.90 1.92 -0.61 1.00 0.00
0.90 1.92 -0.43 1.00 0.00
0.90 1.92 -0.26 1.00 0.00
0.90 1.92 -0.08 1.00 0.00
0.90 1.92 0.09 1.00 0.00
0.90 1.92 0.27 1.00 0.00
0.90 1.92 0.44 1.00 0.00
0.90 1.92 0.62 1.00 0.00
0.90 1.92 0.79 1.00 0.00
0.90 1.92 0.97 1.00 0.00
0.90 1.92 1.14 1.00 0.00
0.90 1.92 1.31 1.00 0.00
0.90 1.92 1.49 1.00 0.00
0.90 1.92 1.66 1.00 0.00
0.90 1.92 1.84 1.00 0.00
0.90 1.92 2.01 1.00 0.00
1.10 1.92 -0.92 1.00 0.00
1.10 1.92 -0.75 1.00 0.00
1.10 1.92 -0.57 1.00 0.00
1.10 1.92 -0.40 1.00 0.00
1.10 1.92 -0.22 1.00 0.00
1.10 1.92 -0.05 1.00 0.00
1.10 1.92 0.13 1.00 0.00
1.10 1.92 0.30 1.00 0.00
1.10 1.92 0.47 1.00 0.00
1.10 1.92 0.65 1.00 0.00
1.10 1.92 0.82 1.00 0.00
1.10 1.92 1.00 1.00 0.00
1.10 1.92 1.17 1.00 0.00
1.10 1.92 1.35 1.00 0.00
1.10 1.92 1.52 1.00 0.00
1.10 1.92 1.70 1.00 0.00
1.10 1.92 1.87 1.00 0.00
1.10 1.92 2.04 1.00 0.00
0.30 2.09 5.20 1.00 0.00
0.30 2.09 5.37 1.00 0.00
0.30 2.09 5.55 1.00 0.00
0.30 2.09 5.72 1.00 0.00
0.30 2.09 5.89 1.00 0.00
0.30 2.09 6.07 1.00 0.00
0.30 2.09 6.24 1.00 0.00
0.30 2.09 6.42 1.00 0.00
0.30 2.09 6.59 1.00 0.00
0.30 2.09 6.77 1.00 0.00
0.30 2.09 6.94 1.00 0.00
0.30 2.09 7.12 1.00 0.00
0.30 2.09 7.29 1.00 0.00
0.30 2.09 7.47 1.00 0.00
0.30 2.09 7.64 1.00 0.00
0.30 2.09 7.81 1.00 0.00
0.30 2.09 7.99 1.00 0.00
0.30 2.09 8.16 1.00 0.00
0.50 2.09 5.23 1.00 0.00
0.50 2.09 5.41 1.00 0.00
0.50 2.09 5.58 1.00 0.00
0.50 2.09 5.75 1.00 0.00
0.50 2.09 5.93 1.00 0.00
0.50 2.09 6.10 1.00 0.00
0.50 2.09 6.28 1.00 0.00
0.50 2.09 6.45 1.00 0.00
0.50 2.09 6.63 1.00 0.00
0.50 2.09 6.80 1.00 0.00
0.50 2.09 6.98 1.00 0.00
0.50 2.09 7.15 1.00 0.00
0.50 2.09 7.33 1.00 0.00
0.50 2.09 7.50 1.00 0.00
0.50 2.09 7.67 1.00 0.00
0.50 2.09 7.85 1.00 0.00
0.50 2.09 8.02 1.00 0.00
0.50 2.09 8.20 1.00 0.00
0.70 2.09 -1.02 1.00 0.00
0.70 2.09 -0.85 1.00 0.00
0.70 2.09 -0.67 1.00 0.00
0.70 2.09 -0.50 1.00 0.00
0.70 2.09 -0.32 1.00 0.00
0.70 2.09 -0.15 1.00 0.00
0.70 2.09 0.03 1.00 0.00
0.70 2.09 0.20 1.00 0.00
0.70 2.09 0.37 1.00 0.00
0.70 2.09 0.55 1.00 0.00
0.70 2.09 0.72 1.00 0.00
0.70 2.09 0.90 1.00 0.00
0.70 2.09 1.07 1.00 0.00
0.70 2.09 1.25 1.00 0.00
0.70 2.09 1.42 1.00 0.00
0.70 2.09 1.60 1.00 0.00
0.70 2.09 1.77 1.00 0.00
0.70 2.09 1.95 1.00 0.00
0.90 2.09 -0.99 1.00 0.00
0.90 2.09 -0.82 1.00 0.00
0.90 2.09 -0.64 1.00 0.00
0.90 2.09 -0.47 1.00 0.00
0.90 2.09 -0.30 1.00 0.00
0.90 2.09 -0.12 1.00 0.00
0.90 2.09 0.05 1.00 0.00
0.90 2.09 0.23 1.00 0.00
0.90 2.09 0.40 1.00 0.00
0.90 2.09 0.58 1.00 0.00
0.90 2.09 0.75 1.00 0.00
0.90 2.09 0.93 1.00 0.00
0.90 2.09 1.10 1.00 0.00
0.90 2.09 1.28 1.00 0.00
0.90 2.09 1.45 1.00 0.00
0.90 2.09 1.62 1.00 0.00
0.90 2.09 1.80 1.00 0.00
0.90 2.09 1.97 1.00 0.00
1.10 2.09 -0.97 1.00 0.00
1.10 2.09 -0.79 1.00 0.00
1.10 2.09 -0.62 1.00 0.00
1.10 2.09 -0.45 1.00 0.00
1.10 2.09 -0.27 1.00 0.00
1.10 2.09 -0.10 1.00 0.00
1.10 2.09 0.08 1.00 0.00
1.10 2.09 0.25 1.00 0.00
1.10 2.09 0.43 1.00 0.00
1.10 2.09 0.60 1.00 0.00
1.10 2.09 0.78 1.00 0.00
1.10 2.09 0.95 1.00 0.00
1.10 2.09 1.13 1.00 0.00
1.10 2.09 1.30 1.00 0.00
1.10 2.09 1.47 1.00 0.00
1.10 2.09 1.65 1.00 0.00
1.10 2.09 1.82 1.00 0.00
1.10 2.09 2.00 1.00 0.00
0.30 2.27 5.18 1.00 0.00
0.30 2.27 5.36 1.00 0.00
0.30 2.27 5.53 1.00 0.00
0.30 2.27 5.70 1.00 0.00
0.30 2.27 5.88 1.00 0.00
0.30 2.27 6.05 1.00 0.00
0.30 2.27 6.23 1.00 0.00
0.30 2.27 6.40 1.00 0.00
0.30 2.27 6.58 1.00 0.00
0.30 2.27 6.75 1.00 0.00
0.30 2.27 6.93 1.00 0.00
0.30 2.27 7.10 1.00 0.00
0.30 2.27 7.28 1.00 0.00
0.30 2.27 7.45 1.00 0.00
0.30 2.27 7.62 1.00 0.00
0.30 2.27 7.80 1.00 0.00
0.30 2.27 7.97 1.00 0.00
0.30 2.27 8.15 1.00 0.00
0.50 2.27 5.21 1.00 0.00
0.50 2.27 5.38 1.00 0.00
0.50 2.27 5.55 1.00 0.00
0.50 2.27 5.73 1.00 0.00
0.50 2.27 5.90 1.00 0.00
0.50 2.27 6.08 1.00 0.00
0.50 2.27 6.25 1.00 0.00
0.50 2.27 6.43 1.00 0.00
0.50 2.27 6.60 1.00 0.00
0.50 2.27 6.78 1.00 0.00
0.50 2.27 6.95 1.00 0.00
0.50 2.27 7.13 1.00 0.00
0.50 2.27 7.30 1.00 0.00
0.50 2.27 7.47 1.00 0.00
0.50 2.27 7.65 1.00 0.00
0.50 2.27 7.82 1.00 0.00
0.50 2.27 8.00 1.00 0.00
0.50 2.27 8.17 1.00 0.00
0.70 2.27 5.23 1.00 0.00
0.70 2.27 5.40 1.00 0.00
0.70 2.27 5.58 1.00 0.00
0.70 2.27 5.75 1.00 0.00
0.70 2.27 5.93 1.00 0.00
0.70 2.27 6.10 1.00 0.00
0.70 2.27 6.28 1.00 0.00
0.70 2.27 6.45 1.00 0.00
0.70 2.27 6.62 1.00 0.00
0.70 2.27 6.80 1.00 0.00
0.70 2.27 6.97 1.00 0.00
0.70 2.27 7.15 1.00 0.00
0.70 2.27 7.32 1.00 0.00
0.70 2.27 7.50 1.00 0.00
0.70 2.27 7.67 1.00 0.00
0.70 2.27 7.85 1.00 0.00
0.70 2.27 8.02 1.00 0.00
0.70 2.27 8.20 1.00 0.00
0.90 2.27 -1.04 1.00 0.00
0.90 2.27 -0.86 1.00 0.00
0.90 2.27 -0.69 1.00 0.00
0.90 2.27 -0.51 1.00 0.00
0.90 2.27 -0.34 1.00 0.00
0.90 2.27 -0.16 1.00 0.00
0.90 2.27 0.01 1.00 0.00
0.90 2.27 0.19 1.00 0.00
0.90 2.27 0.36 1.00 0.00
0.90 2.27 0.54 1.00 0.00
0.90 2.27 0.71 1.00 0.00
0.90 2.27 0.88 1.00 0.00
0.90 2.27 1.06 1.00 0.00
0.90 2.27 1.23 1.00 0.00
0.90 2.27 1.41 1.00 0.00
0.90 2.27 1.58 1.00 0.00
0.90 2.27 1.76 1.00 0.00
0.90 2.27 1.93 1.00 0.00
1.10 2.27 -1.02 1.00 0.00
1.10 2.27 -0.84 1.00 0.00
1.10 2.27 -0.67 1.00 0.00
1.10 2.27 -0.49 1.00 0.00
1.10 2.27 -0.32 1.00 0.00
1.10 2.27 -0.14 1.00 0.00
1.10 2.27 0.03 1.00 0.00
1.10 2.27 0.20 1.00 0.00
1.10 2.27 0.38 1.00 0.00
1.10 2.27 0.55 1.00 0.00
1.10 2.27 0.73 1.00 0.00
1.10 2.27 0.90 1.00 0.00
1.10 2.27 1.08 1.00 0.00
1.10 2.27 1.25 1.00 0.00
1.10 2.27 1.43 1.00 0.00
1.10 2.27 1.60 1.00 0.00
1.10 2.27 1.78 1.00 0.00
1.10 2.27 1.95 1.00 0.00
0.30 2.44 5.16 1.00 0.00
0.30 2.44 5.34 1.00 0.00
0.30 2.44 5.51 1.00 0.00
0.30 2.44 5.69 1.00 0.00
0.30 2.44 5.86 1.00 0.00
0.30 2.44 6.04 1.00 0.00
0.30 2.44 6.21 1.00 0.00
0.30 2.44 6.39 1.00 0.00
0.30 2.44 6.56 1.00 0.00
0.30 2.44 6.73 1.00 0.00
0.30 2.44 6.91 1.00 0.00
0.30 2.44 7.08 1.00 0.00
0.30 2.44 7.26 1.00 0.00
0.30 2.44 7.43 1.00 0.00
0.30 2.44 7.61 1.00 0.00
0.30 2.44 7.78 1.00 0.00
0.30 2.44 7.96 1.00 0.00
0.30 2.44 8.13 1.00 0.00
0.50 2.44 5.18 1.00 0.00
0.50 2.44 5.35 1.00 0.00
0.50 2.44 5.53 1.00 0.00
0.50 2.44 5.70 1.00 0.00
0.50 2.44 5.88 1.00 0.00
0.50 2.44 6.05 1.00 0.00
0.50 2.44 6.23 1.00 0.00
0.50 2.44 6.40 1.00 0.00
0.50 2.44 6.58 1.00 0.00
0.50 2.44 6.75 1.00 0.00
0.50 2.44 6.92 1.00 0.00
0.50 2.44 7.10 1.00 0.00
0.50 2.44 7.27 1.00 0.00
0.50 2.44 7.45 1.00 0.00
0.50 2.44 7.62 1.00 0.00
0.50 2.44 7.80 1.00 0.00
0.50 2.44 7.97 1.00 0.00
0.50 2.44 8.15 1.00 0.00
0.70 2.44 5.19 1.00 0.00
0.70 2.44 5.37 1.00 0.00
0.70 2.44 5.54 1.00 0.00
0.70 2.44 5.72 1.00 0.00
0.70 2.44 5.89 1.00 0.00
0.70 2.44 6.07 1.00 0.00
0.70 2.44 6.24 1.00 0.00
0.70 2.44 6.41 1.00 0.00
0.70 2.44 6.59 1.00 0.00
0.70 2.44 6.76 1.00 0.00
0.70 2.44 6.94 1.00 0.00
0.70 2.44 7.11 1.00 0.00
0.70 2.44 7.29 1.00 0.00
0.70 2.44 7.46 1.00 0.00
0.70 2.44 7.64 1.00 0.00
0.70 2.44 7.81 1.00 0.00
0.70 2.44 7.99 1.00 0.00
0.70 2.44 8.16 1.00 0.00
0.90 2.44 5.21 1.00 0.00
0.90 2.44 5.38 1.00 0.00
0.90 2.44 5.55 1.00 0.00
0.90 2.44 5.73 1.00 0.00
0.90 2.44 5.90 1.00 0.00
0.90 2.44 6.08 1.00 0.00
0.90 2.44 6.25 1.00 0.00
0.90 2.44 6.43 1.00 0.00
0.90 2.44 6.60 1.00 0.00
0.90 2.44 6.78 1.00 0.00
0.90 2.44 6.95 1.00 0.00
0.90 2.44 7.13 1.00 0.00
0.90 2.44 7.30 1.00 0.00
0.90 2.44 7.47 1.00 0.00
0.90 2.44 7.65 1.00 0.00
0.90 2.44 7.82 1.00 0.00
0.90 2.44 8.00 1.00 0.00
0.90 2.44 8.17 1.00 0.00
1.10 2.44 5.22 1.00 0.00
1.10 2.44 5.39 1.00 0.00
1.10 2.44 5.57 1.00 0.00
1.10 2.44 5.74 1.00 0.00
1.10 2.44 5.91 1.00 0.00
1.10 2.44 6.09 1.00 0.00
1.10 2.44 6.26 1.00 0.00
1.10 2.44 6.44 1.00 0.00
1.10 2.44 6.61 1.00 0.00
1.10 2.44 6.79 1.00 0.00
1.10 2.44 6.96 1.00 0.00
1.10 2.44 7.14 1.00 0.00
1.10 2.44 7.31 1.00 0.00
1.10 2.44 7.48 1.00 0.00
1.10 2.44 7.66 1.00 0.00
1.10 2.44 7.83 1.00 0.00
1.10 2.44 8.01 1.00 0.00
1.10 2.44 8.18 1.00 0.00
0.30 2.62 5.15 1.00 0.00
0.30 2.62 5.32 1.00 0.00
0.30 2.62 5.50 1.00 0.00
0.30 2.62 5.67 1.00 0.00
0.30 2.62 5.84 1.00 0.00
0.30 2.62 6.02 1.00 0.00
0.30 2.62 6.19 1.00 0.00
0.30 2.62 6.37 1.00 0.00
0.30 2.62 6.54 1.00 0.00
0.30 2.62 6.72 1.00 0.00
0.30 2.62 6.89 1.00 0.00
0.30 2.62 7.07 1.00 0.00
0.30 2.62 7.24 1.00 0.00
0.30 2.62 7.42 1.00 0.00
0.30 2.62 7.59 1.00 0.00
0.30 2.62 7.76 1.00 0.00
0.30 2.62 7.94 1.00 0.00
0.30 2.62 8.11 1.00 0.00
0.50 2.62 5.15 1.00 0.00
0.50 2.62 5.33 1.00 0.00
0.50 2.62 5.50 1.00 0.00
0.50 2.62 5.68 1.00 0.00
0.50 2.62 5.85 1.00 0.00
0.50 2.62 6.02 1.00 0.00
0.50 2.62 6.20 1.00 0.00
0.50 2.62 6.37 1.00 0.00
0.50 2.62 6.55 1.00 0.00
0.50 2.62 6.72 1.00 0.00
0.50 2.62 6.90 1.00 0.00
0.50 2.62 7.07 1.00 0.00
0.50 2.62 7.25 1.00 0.00
0.50 2.62 7.42 1.00 0.00
0.50 2.62 7.60 1.00 0.00
0.50 2.62 7.77 1.00 0.00
0.50 2.62 7.94 1.00 0.00
0.50 2.62 8.12 1.00 0.00
0.70 2.62 5.16 1.00 0.00
0.70 2.62 5.33 1.00 0.00
0.70 2.62 5.51 1.00 0.00
0.70 2.62 5.68 1.00 0.00
0.70 2.62 5.86 1.00 0.00
0.70 2.62 6.03 1.00 0.00
0.70 2.62 6.20 1.00 0.00
0.70 2.62 6.38 1.00 0.00
0.70 2.62 6.55 1.00 0.00
0.70 2.62 6.73 1.00 0.00
0.70 2.62 6.90 1.00 0.00
0.70 2.62 7.08 1.00 0.00
0.70 2.62 7.25 1.00 0.00
0.70 2.62 7.43 1.00 0.00
0.70 2.62 7.60 1.00 0.00
0.70 2.62 7.78 1.00 0.00
0.70 2.62 7.95 1.00 0.00
0.70 2.62 8.12 1.00 0.00
0.90 2.62 5.16 1.00 0.00
0.90 2.62 5.34 1.00 0.00
0.90 2.62 5.51 1.00 0.00
0.90 2.62 5.69 1.00 0.00
0.90 2.62 5.86 1.00 0.00
0.90 2.62 6.03 1.00 0.00
0.90 2.62 6.21 1.00 0.00
0.90 2.62 6.38 1.00 0.00
0.90 2.62 6.56 1.00 0.00
0.90 2.62 6.73 1.00 0.00
0.90 2.62 6.91 1.00 0.00
0.90 2.62 7.08 1.00 0.00
0.90 2.62 7.26 1.00 0.00
0.90 2.62 7.43 1.00 0.00
0.90 2.62 7.61 1.00 0.00
0.90 2.62 7.78 1.00 0.00
0.90 2.62 7.95 1.00 0.00
0.90 2.62 8.13 1.00 0.00
1.10 2.62 5.17 1.00 0.00
1.10 2.62 5.34 1.00 0.00
1.10 2.62 5.51 1.00 0.00
1.10 2.62 5.69 1.00 0.00
1.10 2.62 5.86 1.00 0.00
1.10 2.62 6.04 1.00 0.00
1.10 2.62 6.21 1.00 0.00
1.10 2.62 6.39 1.00 0.00
1.10 2.62 6.56 1.00 0.00
1.10 2.62 6.74 1.00 0.00
1.10 2.62 6.91 1.00 0.00
1.10 2.62 7.09 1.00 0.00
1.10 2.62 7.26 1.00 0.00
1.10 2.62 7.43 1.00 0.00
1.10 2.62 7.61 1.00 0.00
1.10 2.62 7.78 1.00 0.00
1.10 2.62 7.96 1.00 0.00
1.10 2.62 8.13 1.00 0.00
0.30 2.79 5.13 1.00 0.00
0.30 2.79 5.30 1.00 0.00
0.30 2.79 5.48 1.00 0.00
0.30 2.79 5.65 1.00 0.00
0.30 2.79 5.83 1.00 0.00
0.30 2.79 6.00 1.00 0.00
0.30 2.79 6.18 1.00 0.00
0.30 2.79 6.35 1.00 0.00
0.30 2.79 6.53 1.00 0.00
0.30 2.79 6.70 1.00 0.00
0.30 2.79 6.87 1.00 0.00
0.30 2.79 7.05 1.00 0.00
0.30 2.79 7.22 1.00 0.00
0.30 2.79 7.40 1.00 0.00
0.30 2.79 7.57 1.00 0.00
0.30 2.79 7.75 1.00 0.00
0.30 2.79 7.92 1.00 0.00
0.30 2.79 8.10 1.00 0.00
0.50 2.79 5.12 1.00 0.00
0.50 2.79 5.30 1.00 0.00
0.50 2.79 5.47 1.00 0.00
0.50 2.79 5.65 1.00 0.00
0.50 2.79 5.82 1.00 0.00
0.50 2.79 6.00 1.00 0.00
0.50 2.79 6.17 1.00 0.00
0.50 2.79 6.35 1.00 0.00
0.50 2.79 6.52 1.00 0.00
0.50 2.79 6.70 1.00 0.00
0.50 2.79 6.87 1.00 0.00
0.50 2.79 7.04 1.00 0.00
0.50 2.79 7.22 1.00 0.00
0.50 2.79 7.39 1.00 0.00
0.50 2.79 7.57 1.00 0.00
0.50 2.79 7.74 1.00 0.00
0.50 2.79 7.92 1.00 0.00
0.50 2.79 8.09 1.00 0.00
0.70 2.79 5.12 1.00 0.00
0.70 2.79 5.30 1.00 0.00
0.70 2.79 5.47 1.00 0.00
0.70 2.79 5.64 1.00 0.00
0.70 2.79 5.82 1.00 0.00
0.70 2.79 5.99 1.00 0.00
0.70 2.79 6.17 1.00 0.00
0.70 2.79 6.34 1.00 0.00
0.70 2.79 6.52 1.00 0.00
0.70 2.79 6.69 1.00 0.00
0.70 2.79 6.87 1.00 0.00
0.70 2.79 7.04 1.00 0.00
0.70 2.79 7.22 1.00 0.00
0.70 2.79 7.39 1.00 0.00
0.70 2.79 7.56 1.00 0.00
0.70 2.79 7.74 1.00 0.00
0.70 2.79 7.91 1.00 0.00
0.70 2.79 8.09 1.00 0.00
0.90 2.79 5.12 1.00 0.00
0.90 2.79 5.29 1.00 0.00
0.90 2.79 5.47 1.00 0.00
0.90 2.79 5.64 1.00 0.00
0.90 2.79 5.82 1.00 0.00
0.90 2.79 5.99 1.00 0.00
0.90 2.79 6.17 1.00 0.00
0.90 2.79 6.34 1.00 0.00
0.90 2.79 6.51 1.00 0.00
0.90 2.79 6.69 1.00 0.00
0.90 2.79 6.86 1.00 0.00
0.90 2.79 7.04 1.00 0.00
0.90 2.79 7.21 1.00 0.00
0.90 2.79 7.39 1.00 0.00
0.90 2.79 7.56 1.00 0.00
0.90 2.79 7.74 1.00 0.00
0.90 2.79 7.91 1.00 0.00
0.90 2.79 8.08 1.00 0.00
1.10 2.79 5.11 1.00 0.00
1.10 2.79 5.29 1.00 0.00
1.10 2.79 5.46 1.00 0.00
1.10 2.79 5.64 1.00 0.00
1.10 2.79 5.81 1.00 0.00
1.10 2.79 5.99 1.00 0.00
1.10 2.79 6.16 1.00 0.00
1.10 2.79 6.34 1.00 0.00
1.10 2.79 6.51 1.00 0.00
1.10 2.79 6.69 1.00 0.00
1.10 2.79 6.86 1.00 0.00
1.10 2.79 7.03 1.00 0.00
1.10 2.79 7.21 1.00 0.00
1.10 2.79 7.38 1.00 0.00
1.10 2.79 7.56 1.00 0.00
1.10 2.79 7.73 1.00 0.00
1.10 2.79 7.91 1.00 0.00
1.10 2.79 8.08 1.00 0.00
0.30 2.97 5.11 1.00 0.00
0.30 2.97 5.29 1.00 0.00
0.30 2.97 5.46 1.00 0.00
0.30 2.97 5.64 1.00 0.00
0.30 2.97 5.81 1.00 0.00
0.30 2.97 5.98 1.00 0.00
0.30 2.97 6.16 1.00 0.00
0.30 2.97 6.33 1.00 0.00
0.30 2.97 6.51 1.00 0.00
0.30 2.97 6.68 1.00 0.00
0.30 2.97 6.86 1.00 0.00
0.30 2.97 7.03 1.00 0.00
0.30 2.97 7.21 1.00 0.00
0.30 2.97 7.38 1.00 0.00
0.30 2.97 7.56 1.00 0.00
0.30 2.97 7.73 1.00 0.00
0.30 2.97 7.90 1.00 0.00
0.30 2.97 8.08 1.00 0.00
0.50 2.97 5.10 1.00 0.00
0.50 2.97 5.27 1.00 0.00
0.50 2.97 5.45 1.00 0.00
0.50 2.97 5.62 1.00 0.00
0.50 2.97 5.80 1.00 0.00
0.50 2.97 5.97 1.00 0.00
0.50 2.97 6.14 1.00 0.00
0.50 2.97 6.32 1.00 0.00
0.50 2.97 6.49 1.00 0.00
0.50 2.97 6.67 1.00 0.00
0.50 2.97 6.84 1.00 0.00
0.50 2.97 7.02 1.00 0.00
0.50 2.97 7.19 1.00 0.00
0.50 2.97 7.37 1.00 0.00
0.50 2.97 7.54 1.00 0.00
0.50 2.97 7.72 1.00 0.00
0.50 2.97 7.89 1.00 0.00
0.50 2.97 8.06 1.00 0.00
0.70 2.97 5.09 1.00 0.00
0.70 2.97 5.26 1.00 0.00
0.70 2.97 5.43 1.00 0.00
0.70 2.97 5.61 1.00 0.00
0.70 2.97 5.78 1.00 0.00
0.70 2.97 5.96 1.00 0.00
0.70 2.97 6.13 1.00 0.00
0.70 2.97 6.31 1.00 0.00
0.70 2.97 6.48 1.00 0.00
0.70 2.97 6.66 1.00 0.00
0.70 2.97 6.83 1.00 0.00
0.70 2.97 7.01 1.00 0.00
0.70 2.97 7.18 1.00 0.00
0.70 2.97 7.35 1.00 0.00
0.70 2.97 7.53 1.00 0.00
0.70 2.97 7.70 1.00 0.00
0.70 2.97 7.88 1.00 0.00
0.70 2.97 8.05 1.00 0.00
0.90 2.97 5.07 1.00 0.00
0.90 2.97 5.25 1.00 0.00
0.90 2.97 5.42 1.00 0.00
0.90 2.97 5.60 1.00 0.00
0.90 2.97 5.77 1.00 0.00
0.90 2.97 5.95 1.00 0.00
0.90 2.97 6.12 1.00 0.00
0.90 2.97 6.30 1.00 0.00
0.90 2.97 6.47 1.00 0.00
0.90 2.97 6.64 1.00 0.00
0.90 2.97 6.82 1.00 0.00
0.90 2.97 6.99 1.00 0.00
0.90 2.97 7.17 1.00 0.00
0.90 2.97 7.34 1.00 0.00
0.90 2.97 7.52 1.00 0.00
0.90 2.97 7.69 1.00 0.00
0.90 2.97 7.87 1.00 0.00
0.90 2.97 8.04 1.00 0.00
1.10 2.97 5.06 1.00 0.00
1.10 2.97 5.24 1.00 0.00
1.10 2.97 5.41 1.00 0.00
1.10 2.97 5.59 1.00 0.00
1.10 2.97 5.76 1.00 0.00
1.10 2.97 5.94 1.00 0.00
1.10 2.97 6.11 1.00 0.00
1.10 2.97 6.29 1.00 0.00
1.10 2.97 6.46 1.00 0.00
1.10 2.97 6.64 1.00 0.00
1.10 2.97 6.81 1.00 0.00
1.10 2.97 6.98 1.00 0.00
1.10 2.97 7.16 1.00 0.00
1.10 2.97 7.33 1.00 0.00
1.10 2.97 7.51 1.00 0.00
1.10 2.97 7.68 1.00 0.00
1.10 2.97 7.86 1.00 0.00
1.10 2.97 8.03 1.00 0.00
0.30 3.14 5.09 1.00 0.00
0.30 3.14 5.27 1.00 0.00
0.30 3.14 5.44 1.00 0.00
0.30 3.14 5.62 1.00 0.00
0.30 3.14 5.79 1.00 0.00
0.30 3.14 5.97 1.00 0.00
0.30 3.14 6.14 1.00 0.00
0.30 3.14 6.32 1.00 0.00
0.30 3.14 6.49 1.00 0.00
0.30 3.14 6.67 1.00 0.00
0.30 3.14 6.84 1.00 0.00
0.30 3.14 7.01 1.00 0.00
0.30 3.14 7.19 1.00 0.00
0.30 3.14 7.36 1.00 0.00
0.30 3.14 7.54 1.00 0.00
0.30 3.14 7.71 1.00 0.00
0.30 3.14 7.89 1.00 0.00
0.30 3.14 8.06 1.00 0.00
0.50 3.14 5.07 1.00 0.00
0.50 3.14 5.25 1.00 0.00
0.50 3.14 5.42 1.00 0.00
0.50 3.14 5.59 1.00 0.00
0.50 3.14 5.77 1.00 0.00
0.50 3.14 5.94 1.00 0.00
0.50 3.14 6.12 1.00 0.00
0.50 3.14 6.29 1.00 0.00
0.50 3.14 6.47 1.00 0.00
0.50 3.14 6.64 1.00 0.00
0.50 3.14 6.82 1.00 0.00
0.50 3.14 6.99 1.00 0.00
0.50 3.14 7.17 1.00 0.00
0.50 3.14 7.34 1.00 0.00
0.50 3.14 7.51 1.00 0.00
0.50 3.14 7.69 1.00 0.00
0.50 3.14 7.86 1.00 0.00
0.50 3.14 8.04 1.00 0.00
0.70 3.14 5.05 1.00 0.00
0.70 3.14 5.22 1.00 0.00
0.70 3.14 5.40 1.00 0.00
0.70 3.14 5.57 1.00 0.00
0.70 3.14 5.75 1.00 0.00
0.70 3.14 5.92 1.00 0.00
0.70 3.14 6.10 1.00 0.00
0.70 3.14 6.27 1.00 0.00
0.70 3.14 6.45 1.00 0.00
0.70 3.14 6.62 1.00 0.00
0.70 3.14 6.80 1.00 0.00
0.70 3.14 6.97 1.00 0.00
0.70 3.14 7.14 1.00 0.00
0.70 3.14 7.32 1.00 0.00
0.70 3.14 7.49 1.00 0.00
0.70 3.14 7.67 1.00 0.00
0.70 3.14 7.84 1.00 0.00
0.70 3.14 8.02 1.00 0.00
0.90 3.14 5.03 1.00 0.00
0.90 3.14 5.21 1.00 0.00
0.90 3.14 5.38 1.00 0.00
0.90 3.14 5.55 1.00 0.00
0.90 3.14 5.73 1.00 0.00
0.90 3.14 5.90 1.00 0.00
0.90 3.14 6.08 1.00 0.00
0.90 3.14 6.25 1.00 0.00
0.90 3.14 6.43 1.00 0.00
0.90 3.14 6.60 1.00 0.00
0.90 3.14 6.78 1.00 0.00
0.90 3.14 6.95 1.00 0.00
0.90 3.14 7.13 1.00 0.00
0.90 3.14 7.30 1.00 0.00
0.90 3.14 7.47 1.00 0.00
0.90 3.14 7.65 1.00 0.00
0.90 3.14 7.82 1.00 0.00
0.90 3.14 8.00 1.00 0.00
1.10 3.14 5.01 1.00 0.00
1.10 3.14 5.19 1.00 0.00
1.10 3.14 5.36 1.00 0.00
1.10 3.14 5.54 1.00 0.00
1.10 3.14 5.71 1.00 0.00
1.10 3.14 5.89 1.00 0.00
1.10 3.14 6.06 1.00 0.00
1.10 3.14 6.24 1.00 0.00
1.10 3.14 6.41 1.00 0.00
1.10 3.14 6.59 1.00 0.00
1.10 3.14 6.76 1.00 0.00
1.10 3.14 6.93 1.00 0.00
1.10 3.14 7.11 1.00 0.00
1.10 3.14 7.28 1.00 0.00
1.10 3.14 7.46 1.00 0.00
1.10 3.14 7.63 1.00 0.00
1.10 3.14 7.81 1.00 0.00
1.10 3.14 7.98 1.00 0.00
0.30 3.32 5.08 1.00 0.00
0.30 3.32 5.25 1.00 0.00
0.30 3.32 5.43 1.00 0.00
0.30 3.32 5.60 1.00 0.00
0.30 3.32 5.78 1.00 0.00
0.30 3.32 5.95 1.00 0.00
0.30 3.32 6.13 1.00 0.00
0.30 3.32 6.30 1.00 0.00
0.30 3.32 6.48 1.00 0.00
0.30 3.32 6.65 1.00 0.00
0.30 3.32 6.82 1.00 0.00
0.30 3.32 7.00 1.00 0.00
0.30 3.32 7.17 1.00 0.00
0.30 3.32 7.35 1.00 0.00
0.30 3.32 7.52 1.00 0.00
0.30 3.32 7.70 1.00 0.00
0.30 3.32 7.87 1.00 0.00
0.30 3.32 8.05 1.00 0.00
0.50 3.32 5.05 1.00 0.00
0.50 3.32 5.22 1.00 0.00
0.50 3.32 5.39 1.00 0.00
0.50 3.32 5.57 1.00 0.00
0.50 3.32 5.74 1.00 0.00
0.50 3.32 5.92 1.00 0.00
0.50 3.32 6.09 1.00 0.00
0.50 3.32 6.27 1.00 0.00
0.50 3.32 6.44 1.00 0.00
0.50 3.32 6.62 1.00 0.00
0.50 3.32 6.79 1.00 0.00
0.50 3.32 6.97 1.00 0.00
0.50 3.32 7.14 1.00 0.00
0.50 3.32 7.31 1.00 0.00
0.50 3.32 7.49 1.00 0.00
0.50 3.32 7.66 1.00 0.00
0.50 3.32 7.84 1.00 0.00
0.50 3.32 8.01 1.00 0.00
0.70 3.32 5.02 1.00 0.00
0.70 3.32 5.19 1.00 0.00
0.70 3.32 5.37 1.00 0.00
0.70 3.32 5.54 1.00 0.00
0.70 3.32 5.71 1.00 0.00
0.70 3.32 5.89 1.00 0.00
0.70 3.32 6.06 1.00 0.00
0.70 3.32 6.24 1.00 0.00
0.70 3.32 6.41 1.00 0.00
0.70 3.32 6.59 1.00 0.00
0.70 3.32 6.76 1.00 0.00
0.70 3.32 6.94 1.00 0.00
0.70 3.32 7.11 1.00 0.00
0.70 3.32 7.29 1.00 0.00
0.70 3.32 7.46 1.00 0.00
0.70 3.32 7.63 1.00 0.00
0.70 3.32 7.81 1.00 0.00
0.70 3.32 7.98 1.00 0.00
0.90 3.32 4.99 1.00 0.00
0.90 3.32 5.16 1.00 0.00
0.90 3.32 5.34 1.00 0.00
0.90 3.32 5.51 1.00 0.00
0.90 3.32 5.69 1.00 0.00
0.90 3.32 5.86 1.00 0.00
0.90 3.32 6.04 1.00 0.00
0.90 3.32 6.21 1.00 0.00
0.90 3.32 6.39 1.00 0.00
0.90 3.32 6.56 1.00 0.00
0.90 3.32 6.73 1.00 0.00
0.90 3.32 6.91 1.00 0.00
0.90 3.32 7.08 1.00 0.00
0.90 3.32 7.26 1.00 0.00
0.90 3.32 7.43 1.00 0.00
0.90 3.32 7.61 1.00 0.00
0.90 3.32 7.78 1.00 0.00
0.90 3.32 7.96 1.00 0.00
1.10 3.32 4.97 1.00 0.00
1.10 3.32 5.14 1.00 0.00
1.10 3.32 5.31 1.00 0.00
1.10 3.32 5.49 1.00 0.00
1.10 3.32 5.66 1.00 0.00
1.10 3.32 5.84 1.00 0.00
1.10 3.32 6.01 1.00 0.00
1.10 3.32 6.19 1.00 0.00
1.10 3.32 6.36 1.00 0.00
1.10 3.32 6.54 1.00 0.00
1.10 3.32 6.71 1.00 0.00
1.10 3.32 6.89 1.00 0.00
1.10 3.32 7.06 1.00 0.00
1.10 3.32 7.23 1.00 0.00
1.10 3.32 7.41 1.00 0.00
1.10 3.32 7.58 1.00 0.00
1.10 3.32 7.76 1.00 0.00
1.10 3.32 7.93 1.00 0.00
0.30 3.49 5.06 1.00 0.00
0.30 3.49 5.24 1.00 0.00
0.30 3.49 5.41 1.00 0.00
0.30 3.49 5.59 1.00 0.00
0.30 3.49 5.76 1.00 0.00
0.30 3.49 5.94 1.00 0.00
0.30 3.49 6.11 1.00 0.00
0.30 3.49 6.29 1.00 0.00
0.30 3.49 6.46 1.00 0.00
0.30 3.49 6.64 1.00 0.00
0.30 3.49 6.81 1.00 0.00
0.30 3.49 6.98 1.00 0.00
0.30 3.49 7.16 1.00 0.00
0.30 3.49 7.33 1.00 0.00
0.30 3.49 7.51 1.00 0.00
0.30 3.49 7.68 1.00 0.00
0.30 3.49 7.86 1.00 0.00
0.30 3.49 8.03 1.00 0.00
0.50 3.49 5.02 1.00 0.00
0.50 3.49 5.20 1.00 0.00
0.50 3.49 5.37 1.00 0.00
0.50 3.49 5.55 1.00 0.00
0.50 3.49 5.72 1.00 0.00
0.50 3.49 5.89 1.00 0.00
0.50 3.49 6.07 1.00 0.00
0.50 3.49 6.24 1.00 0.00
0.50 3.49 6.42 1.00 0.00
0.50 3.49 6.59 1.00 0.00
0.50 3.49 6.77 1.00 0.00
0.50 3.49 6.94 1.00 0.00
0.50 3.49 7.12 1.00 0.00
0.50 3.49 7.29 1.00 0.00
0.50 3.49 7.47 1.00 0.00
0.50 3.49 7.64 1.00 0.00
0.50 3.49 7.81 1.00 0.00
0.50 3.49 7.99 1.00 0.00
0.70 3.49 4.98 1.00 0.00
0.70 3.49 5.16 1.00 0.00
0.70 3.49 5.33 1.00 0.00
0.70 3.49 5.51 1.00 0.00
0.70 3.49 5.68 1.00 0.00
0.70 3.49 5.86 1.00 0.00
0.70 3.49 6.03 1.00 0.00
0.70 3.49 6.21 1.00 0.00
0.70 3.49 6.38 1.00 0.00
0.70 3.49 6.56 1.00 0.00
0.70 3.49 6.73 1.00 0.00
0.70 3.49 6.90 1.00 0.00
0.70 3.49 7.08 1.00 0.00
0.70 3.49 7.25 1.00 0.00
0.70 3.49 7.43 1.00 0.00
0.70 3.49 7.60 1.00 0.00
0.70 3.49 7.78 1.00 0.00
0.70 3.49 7.95 1.00 0.00
0.90 3.49 4.95 1.00 0.00
0.90 3.49 5.12 1.00 0.00
0.90 3.49 5.30 1.00 0.00
0.90 3.49 5.47 1.00 0.00
0.90 3.49 5.65 1.00 0.00
0.90 3.49 5.82 1.00 0.00
0.90 3.49 6.00 1.00 0.00
0.90 3.49 6.17 1.00 0.00
0.90 3.49 6.35 1.00 0.00
0.90 3.49 6.52 1.00 0.00
0.90 3.49 6.70 1.00 0.00
0.90 3.49 6.87 1.00 0.00
0.90 3.49 7.04 1.00 0.00
0.90 3.49 7.22 1.00 0.00
0.90 3.49 7.39 1.00 0.00
0.90 3.49 7.57 1.00 0.00
0.90 3.49 7.74 1.00 0.00
0.90 3.49 7.92 1.00 0.00
1.10 3.49 4.92 1.00 0.00
1.10 3.49 5.09 1.00 0.00
1.10 3.49 5.27 1.00 0.00
1.10 3.49 5.44 1.00 0.00
1.10 3.49 5.62 1.00 0.00
1.10 3.49 5.79 1.00 0.00
1.10 3.49 5.97 1.00 0.00
1.10 3.49 6.14 1.00 0.00
1.10 3.49 6.31 1.00 0.00
1.10 3.49 6.49 1.00 0.00
1.10 3.49 6.66 1.00 0.00
1.10 3.49 6.84 1.00 0.00
1.10 3.49 7.01 1.00 0.00
1.10 3.49 7.19 1.00 0.00
1.10 3.49 7.36 1.00 0.00
1.10 3.49 7.54 1.00 0.00
1.10 3.49 7.71 1.00 0.00
1.10 3.49 7.89 1.00 0.00
0.30 3.67 5.05 1.00 0.00
0.30 3.67 5.23 1.00 0.00
0.30 3.67 5.40 1.00 0.00
0.30 3.67 5.58 1.00 0.00
0.30 3.67 5.75 1.00 0.00
0.30 3.67 5.92 1.00 0.00
0.30 3.67 6.10 1.00 0.00
0.30 3.67 6.27 1.00 0.00
0.30 3.67 6.45 1.00 0.00
0.30 3.67 6.62 1.00 0.00
0.30 3.67 6.80 1.00 0.00
0.30 3.67 6.97 1.00 0.00
0.30 3.67 7.15 1.00 0.00
0.30 3.67 7.32 1.00 0.00
0.30 3.67 7.50 1.00 0.00
0.30 3.67 7.67 1.00 0.00
0.30 3.67 7.84 1.00 0.00
0.30 3.67 8.02 1.00 0.00
0.50 3.67 5.00 1.00 0.00
0.50 3.67 5.18 1.00 0.00
0.50 3.67 5.35 1.00 0.00
0.50 3.67 5.52 1.00 0.00
0.50 3.67 5.70 1.00 0.00
0.50 3.67 5.87 1.00 0.00
0.50 3.67 6.05 1.00 0.00
0.50 3.67 6.22 1.00 0.00
0.50 3.67 6.40 1.00 0.00
0.50 3.67 6.57 1.00 0.00
0.50 3.67 6.75 1.00 0.00
0.50 3.67 6.92 1.00 0.00
0.50 3.67 7.10 1.00 0.00
0.50 3.67 7.27 1.00 0.00
0.50 3.67 7.44 1.00 0.00
0.50 3.67 7.62 1.00 0.00
0.50 3.67 7.79 1.00 0.00
0.50 3.67 7.97 1.00 0.00
0.70 3.67 4.95 1.00 0.00
0.70 3.67 5.13 1.00 0.00
0.70 3.67 5.30 1.00 0.00
0.70 3.67 5.48 1.00 0.00
0.70 3.67 5.65 1.00 0.00
0.70 3.67 5.83 1.00 0.00
0.70 3.67 6.00 1.00 0.00
0.70 3.67 6.18 1.00 0.00
0.70 3.67 6.35 1.00 0.00
0.70 3.67 6.53 1.00 0.00
0.70 3.67 6.70 1.00 0.00
0.70 3.67 6.87 1.00 0.00
0.70 3.67 7.05 1.00 0.00
0.70 3.67 7.22 1.00 0.00
0.70 3.67 7.40 1.00 0.00
0.70 3.67 7.57 1.00 0.00
0.70 3.67 7.75 1.00 0.00
0.70 3.67 7.92 1.00 0.00
0.90 3.67 4.91 1.00 0.00
0.90 3.67 5.09 1.00 0.00
0.90 3.67 5.26 1.00 0.00
0.90 3.67 5.44 1.00 0.00
0.90 3.67 5.61 1.00 0.00
0.90 3.67 5.79 1.00 0.00
0.90 3.67 5.96 1.00 0.00
0.90 3.67 6.13 1.00 0.00
0.90 3.67 6.31 1.00 0.00
0.90 3.67 6.48 1.00 0.00
0.90 3.67 6.66 1.00 0.00
0.90 3.67 6.83 1.00 0.00
0.90 3.67 7.01 1.00 0.00
0.90 3.67 7.18 1.00 0.00
0.90 3.67 7.36 1.00 0.00
0.90 3.67 7.53 1.00 0.00
0.90 3.67 7.71 1.00 0.00
0.90 3.67 7.88 1.00 0.00
1.10 3.67 4.87 1.00 0.00
1.10 3.67 5.05 1.00 0.00
1.10 3.67 5.22 1.00 0.00
1.10 3.67 5.40 1.00 0.00
1.10 3.67 5.57 1.00 0.00
1.10 3.67 5.75 1.00 0.00
1.10 3.67 5.92 1.00 0.00
1.10 3.67 6.10 1.00 0.00
1.10 3.67 6.27 1.00 0.00
1.10 3.67 6.44 1.00 0.00
1.10 3.67 6.62 1.00 0.00
1.10 3.67 6.79 1.00 0.00
1.10 3.67 6.97 1.00 0.00
1.10 3.67 7.14 1.00 0.00
1.10 3.67 7.32 1.00 0.00
1.10 3.67 7.49 1.00 0.00
1.10 3.67 7.67 1.00 0.00
1.10 3.67 7.84 1.00 0.00
0.30 3.84 5.04 1.00 0.00
0.30 3.84 5.22 1.00 0.00
0.30 3.84 5.39 1.00 0.00
0.30 3.84 5.56 1.00 0.00
0.30 3.84 5.74 1.00 0.00
0.30 3.84 5.91 1.00 0.00
0.30 3.84 6.09 1.00 0.00
0.30 3.84 6.26 1.00 0.00
0.30 3.84 6.44 1.00 0.00
0.30 3.84 6.61 1.00 0.00
0.30 3.84 6.79 1.00 0.00
0.30 3.84 6.96 1.00 0.00
0.30 3.84 7.14 1.00 0.00
0.30 3.84 7.31 1.00 0.00
0.30 3.84 7.48 1.00 0.00
0.30 3.84 7.66 1.00 0.00
0.30 3.84 7.83 1.00 0.00
0.30 3.84 8.01 1.00 0.00
0.50 3.84 4.98 1.00 0.00
0.50 3.84 5.16 1.00 0.00
0.50 3.84 5.33 1.00 0.00
0.50 3.84 5.51 1.00 0.00
0.50 3.84 5.68 1.00 0.00
0.50 3.84 5.86 1.00 0.00
0.50 3.84 6.03 1.00 0.00
0.50 3.84 6.20 1.00 0.00
0.50 3.84 6.38 1.00 0.00
0.50 3.84 6.55 1.00 0.00
0.50 3.84 6.73 1.00 0.00
0.50 3.84 6.90 1.00 0.00
0.50 3.84 7.08 1.00 0.00
0.50 3.84 7.25 1.00 0.00
0.50 3.84 7.43 1.00 0.00
0.50 3.84 7.60 1.00 0.00
0.50 3.84 7.78 1.00 0.00
0.50 3.84 7.95 1.00 0.00
0.70 3.84 4.93 1.00 0.00
0.70 3.84 5.10 1.00 0.00
0.70 3.84 5.28 1.00 0.00
0.70 3.84 5.45 1.00 0.00
0.70 3.84 5.63 1.00 0.00
0.70 3.84 5.80 1.00 0.00
0.70 3.84 5.98 1.00 0.00
0.70 3.84 6.15 1.00 0.00
0.70 3.84 6.32 1.00 0.00
0.70 3.84 6.50 1.00 0.00
0.70 3.84 6.67 1.00 0.00
0.70 3.84 6.85 1.00 0.00
0.70 3.84 7.02 1.00 0.00
0.70 3.84 7.20 1.00 0.00
0.70 3.84 7.37 1.00 0.00
0.70 3.84 7.55 1.00 0.00
0.70 3.84 7.72 1.00 0.00
0.70 3.84 7.90 1.00 0.00
0.90 3.84 4.88 1.00 0.00
0.90 3.84 5.05 1.00 0.00
0.90 3.84 5.23 1.00 0.00
0.90 3.84 5.40 1.00 0.00
0.90 3.84 5.58 1.00 0.00
0.90 3.84 5.75 1.00 0.00
0.90 3.84 5.93 1.00 0.00
0.90 3.84 6.10 1.00 0.00
0.90 3.84 6.27 1.00 0.00
0.90 3.84 6.45 1.00 0.00
0.90 3.84 6.62 1.00 0.00
0.90 3.84 6.80 1.00 0.00
0.90 3.84 6.97 1.00 0.00
0.90 3.84 7.15 1.00 0.00
0.90 3.84 7.32 1.00 0.00
0.90 3.84 7.50 1.00 0.00
0.90 3.84 7.67 1.00 0.00
0.90 3.84 7.85 1.00 0.00
1.10 3.84 4.83 1.00 0.00
1.10 3.84 5.01 1.00 0.00
1.10 3.84 5.18 1.00 0.00
1.10 3.84 5.36 1.00 0.00
1.10 3.84 5.53 1.00 0.00
1.10 3.84 5.71 1.00 0.00
1.10 3.84 5.88 1.00 0.00
1.10 3.84 6.05 1.00 0.00
1.10 3.84 6.23 1.00 0.00
1.10 3.84 6.40 1.00 0.00
1.10 3.84 6.58 1.00 0.00
1.10 3.84 6.75 1.00 0.00
1.10 3.84 6.93 1.00 0.00
1.10 3.84 7.10 1.00 0.00
1.10 3.84 7.28 1.00 0.00
1.10 3.84 7.45 1.00 0.00
1.10 3.84 7.63 1.00 0.00
1.10 3.84 7.80 1.00 0.00
0.30 4.01 5.03 1.00 0.00
0.30 4.01 5.21 1.00 0.00
0.30 4.01 5.38 1.00 0.00
0.30 4.01 5.56 1.00 0.00
0.30 4.01 5.73 1.00 0.00
0.30 4.01 5.91 1.00 0.00
0.30 4.01 6.08 1.00 0.00
0.30 4.01 6.25 1.00 0.00
0.30 4.01 6.43 1.00 0.00
0.30 4.01 6.60 1.00 0.00
0.30 4.01 6.78 1.00 0.00
0.30 4.01 6.95 1.00 0.00
0.30 4.01 7.13 1.00 0.00
0.30 4.01 7.30 1.00 0.00
0.30 4.01 7.48 1.00 0.00
0.30 4.01 7.65 1.00 0.00
0.30 4.01 7.83 1.00 0.00
0.30 4.01 8.00 1.00 0.00
0.50 4.01 4.97 1.00 0.00
0.50 4.01 5.14 1.00 0.00
0.50 4.01 5.32 1.00 0.00
0.50 4.01 5.49 1.00 0.00
0.50 4.01 5.67 1.00 0.00
0.50 4.01 5.84 1.00 0.00
0.50 4.01 6.01 1.00 0.00
0.50 4.01 6.19 1.00 0.00
0.50 4.01 6.36 1.00 0.00
0.50 4.01 6.54 1.00 0.00
0.50 4.01 6.71 1.00 0.00
0.50 4.01 6.89 1.00 0.00
0.50 4.01 7.06 1.00 0.00
0.50 4.01 7.24 1.00 0.00
0.50 4.01 7.41 1.00 0.00
0.50 4.01 7.59 1.00 0.00
0.50 4.01 7.76 1.00 0.00
0.50 4.01 7.93 1.00 0.00
0.70 4.01 4.91 1.00 0.00
0.70 4.01 5.08 1.00 0.00
0.70 4.01 5.26 1.00 0.00
0.70 4.01 5.43 1.00 0.00
0.70 4.01 5.60 1.00 0.00
0.70 4.01 5.78 1.00 0.00
0.70 4.01 5.95 1.00 0.00
0.70 4.01 6.13 1.00 0.00
0.70 4.01 6.30 1.00 0.00
0.70 4.01 6.48 1.00 0.00
0.70 4.01 6.65 1.00 0.00
0.70 4.01 6.83 1.00 0.00
0.70 4.01 7.00 1.00 0.00
0.70 4.01 7.18 1.00 0.00
0.70 4.01 7.35 1.00 0.00
0.70 4.01 7.52 1.00 0.00
0.70 4.01 7.70 1.00 0.00
0.70 4.01 7.87 1.00 0.00
0.90 4.01 4.85 1.00 0.00
0.90 4.01 5.02 1.00 0.00
0.90 4.01 5.20 1.00 0.00
0.90 4.01 5.37 1.00 0.00
0.90 4.01 5.55 1.00 0.00
0.90 4.01 5.72 1.00 0.00
0.90 4.01 5.90 1.00 0.00
0.90 4.01 6.07 1.00 0.00
0.90 4.01 6.24 1.00 0.00
0.90 4.01 6.42 1.00 0.00
0.90 4.01 6.59 1.00 0.00
0.90 4.01 6.77 1.00 0.00
0.90 4.01 6.94 1.00 0.00
0.90 4.01 7.12 1.00 0.00
0.90 4.01 7.29 1.00 0.00
0.90 4.01 7.47 1.00 0.00
0.90 4.01 7.64 1.00 0.00
0.90 4.01 7.82 1.00 0.00
1.10 4.01 4.80 1.00 0.00
1.10 4.01 4.97 1.00 0.00
1.10 4.01 5.14 1.00 0.00
1.10 4.01 5.32 1.00 0.00
1.10 4.01 5.49 1.00 0.00
1.10 4.01 5.67 1.00 0.00
1.10 4.01 5.84 1.00 0.00
1.10 4.01 6.02 1.00 0.00
1.10 4.01 6.19 1.00 0.00
1.10 4.01 6.37 1.00 0.00
1.10 4.01 6.54 1.00 0.00
1.10 4.01 6.72 1.00 0.00
1.10 4.01 6.89 1.00 0.00
1.10 4.01 7.06 1.00 0.00
1.10 4.01 7.24 1.00 0.00
1.10 4.01 7.41 1.00 0.00
1.10 4.01 7.59 1.00 0.00
1.10 4.01 7.76 1.00 0.00
0.30 4.19 5.03 1.00 0.00
0.30 4.19 5.20 1.00 0.00
0.30 4.19 5.38 1.00 0.00
0.30 4.19 5.55 1.00 0.00
0.30 4.19 5.73 1.00 0.00
0.30 4.19 5.90 1.00 0.00
0.30 4.19 6.07 1.00 0.00
0.30 4.19 6.25 1.00 0.00
0.30 4.19 6.42 1.00 0.00
0.30 4.19 6.60 1.00 0.00
0.30 4.19 6.77 1.00 0.00
0.30 4.19 6.95 1.00 0.00
0.30 4.19 7.12 1.00 0.00
0.30 4.19 7.30 1.00 0.00
0.30 4.19 7.47 1.00 0.00
0.30 4.19 7.65 1.00 0.00
0.30 4.19 7.82 1.00 0.00
0.30 4.19 7.99 1.00 0.00
0.50 4.19 4.96 1.00 0.00
0.50 4.19 5.13 1.00 0.00
0.50 4.19 5.31 1.00 0.00
0.50 4.19 5.48 1.00 0.00
0.50 4.19 5.65 1.00 0.00
0.50 4.19 5.83 1.00 0.00
0.50 4.19 6.00 1.00 0.00
0.50 4.19 6.18 1.00 0.00
0.50 4.19 6.35 1.00 0.00
0.50 4.19 6.53 1.00 0.00
0.50 4.19 6.70 1.00 0.00
0.50 4.19 6.88 1.00 0.00
0.50 4.19 7.05 1.00 0.00
0.50 4.19 7.23 1.00 0.00
0.50 4.19 7.40 1.00 0.00
0.50 4.19 7.57 1.00 0.00
0.50 4.19 7.75 1.00 0.00
0.50 4.19 7.92 1.00 0.00
0.70 4.19 4.89 1.00 0.00
0.70 4.19 5.06 1.00 0.00
0.70 4.19 5.24 1.00 0.00
0.70 4.19 5.41 1.00 0.00
0.70 4.19 5.59 1.00 0.00
0.70 4.19 5.76 1.00 0.00
0.70 4.19 5.94 1.00 0.00
0.70 4.19 6.11 1.00 0.00
0.70 4.19 6.28 1.00 0.00
0.70 4.19 6.46 1.00 0.00
0.70 4.19 6.63 1.00 0.00
0.70 4.19 6.81 1.00 0.00
0.70 4.19 6.98 1.00 0.00
0.70 4.19 7.16 1.00 0.00
0.70 4.19 7.33 1.00 0.00
0.70 4.19 7.51 1.00 0.00
0.70 4.19 7.68 1.00 0.00
0.70 4.19 7.86 1.00 0.00
0.90 4.19 4.82 1.00 0.00
0.90 4.19 5.00 1.00 0.00
0.90 4.19 5.17 1.00 0.00
0.90 4.19 5.35 1.00 0.00
0.90 4.19 5.52 1.00 0.00
0.90 4.19 5.70 1.00 0.00
0.90 4.19 5.87 1.00 0.00
0.90 4.19 6.05 1.00 0.00
0.90 4.19 6.22 1.00 0.00
0.90 4.19 6.39 1.00 0.00
0.90 4.19 6.57 1.00 0.00
0.90 4.19 6.74 1.00 0.00
0.90 4.19 6.92 1.00 0.00
0.90 4.19 7.09 1.00 0.00
0.90 4.19 7.27 1.00 0.00
0.90 4.19 7.44 1.00 0.00
0.90 4.19 7.62 1.00 0.00
0.90 4.19 7.79 1.00 0.00
1.10 4.19 4.76 1.00 0.00
1.10 4.19 4.94 1.00 0.00
1.10 4.19 5.11 1.00 0.00
1.10 4.19 5.29 1.00 0.00
1.10 4.19 5.46 1.00 0.00
1.10 4.19 5.64 1.00 0.00
1.10 4.19 5.81 1.00 0.00
1.10 4.19 5.98 1.00 0.00
1.10 4.19 6.16 1.00 0.00
1.10 4.19 6.33 1.00 0.00
1.10 4.19 6.51 1.00 0.00
1.10 4.19 6.68 1.00 0.00
1.10 4.19 6.86 1.00 0.00
1.10 4.19 7.03 1.00 0.00
1.10 4.19 7.21 1.00 0.00
1.10 4.19 7.38 1.00 0.00
1.10 4.19 7.56 1.00 0.00
1.10 4.19 7.73 1.00 0.00
0.30 4.36 5.02 1.00 0.00
0.30 4.36 5.20 1.00 0.00
0.30 4.36 5.37 1.00 0.00
0.30 4.36 5.55 1.00 0.00
0.30 4.36 5.72 1.00 0.00
0.30 4.36 5.90 1.00 0.00
0.30 4.36 6.07 1.00 0.00
0.30 4.36 6.25 1.00 0.00
0.30 4.36 6.42 1.00 0.00
0.30 4.36 6.60 1.00 0.00
0.30 4.36 6.77 1.00 0.00
0.30 4.36 6.94 1.00 0.00
0.30 4.36 7.12 1.00 0.00
0.30 4.36 7.29 1.00 0.00
0.30 4.36 7.47 1.00 0.00
0.30 4.36 7.64 1.00 0.00
0.30 4.36 7.82 1.00 0.00
0.30 4.36 7.99 1.00 0.00
0.50 4.36 4.95 1.00 0.00
0.50 4.36 5.12 1.00 0.00
0.50 4.36 5.30 1.00 0.00
0.50 4.36 5.47 1.00 0.00
0.50 4.36 5.65 1.00 0.00
0.50 4.36 5.82 1.00 0.00
0.50 4.36 6.00 1.00 0.00
0.50 4.36 6.17 1.00 0.00
0.50 4.36 6.35 1.00 0.00
0.50 4.36 6.52 1.00 0.00
0.50 4.36 6.70 1.00 0.00
0.50 4.36 6.87 1.00 0.00
0.50 4.36 7.04 1.00 0.00
0.50 4.36 7.22 1.00 0.00
0.50 4.36 7.39 1.00 0.00
0.50 4.36 7.57 1.00 0.00
0.50 4.36 7.74 1.00 0.00
0.50 4.36 7.92 1.00 0.00
0.70 4.36 4.88 1.00 0.00
0.70 4.36 5.05 1.00 0.00
0.70 4.36 5.23 1.00 0.00
0.70 4.36 5.40 1.00 0.00
0.70 4.36 5.58 1.00 0.00
0.70 4.36 5.75 1.00 0.00
0.70 4.36 5.92 1.00 0.00
0.70 4.36 6.10 1.00 0.00
0.70 4.36 6.27 1.00 0.00
0.70 4.36 6.45 1.00 0.00
0.70 4.36 6.62 1.00 0.00
0.70 4.36 6.80 1.00 0.00
0.70 4.36 6.97 1.00 0.00
0.70 4.36 7.15 1.00 0.00
0.70 4.36 7.32 1.00 0.00
0.70 4.36 7.50 1.00 0.00
0.70 4.36 7.67 1.00 0.00
0.70 4.36 7.84 1.00 0.00
0.90 4.36 4.81 1.00 0.00
0.90 4.36 4.98 1.00 0.00
0.90 4.36 5.16 1.00 0.00
0.90 4.36 5.33 1.00 0.00
0.90 4.36 5.50 1.00 0.00
0.90 4.36 5.68 1.00 0.00
0.90 4.36 5.85 1.00 0.00
0.90 4.36 6.03 1.00 0.00
0.90 4.36 6.20 1.00 0.00
0.90 4.36 6.38 1.00 0.00
0.90 4.36 6.55 1.00 0.00
0.90 4.36 6.73 1.00 0.00
0.90 4.36 6.90 1.00 0.00
0.90 4.36 7.07 1.00 0.00
0.90 4.36 7.25 1.00 0.00
0.90 4.36 7.42 1.00 0.00
0.90 4.36 7.60 1.00 0.00
0.90 4.36 7.77 1.00 0.00
1.10 4.36 4.74 1.00 0.00
1.10 4.36 4.91 1.00 0.00
1.10 4.36 5.09 1.00 0.00
1.10 4.36 5.26 1.00 0.00
1.10 4.36 5.44 1.00 0.00
1.10 4.36 5.61 1.00 0.00
1.10 4.36 5.78 1.00 0.00
1.10 4.36 5.96 1.00 0.00
1.10 4.36 6.13 1.00 0.00
1.10 4.36 6.31 1.00 0.00
1.10 4.36 6.48 1.00 0.00
1.10 4.36 6.66 1.00 0.00
1.10 4.36 6.83 1.00 0.00
1.10 4.36 7.01 1.00 0.00
1.10 4.36 7.18 1.00 0.00
1.10 4.36 7.36 1.00 0.00
1.10 4.36 7.53 1.00 0.00
1.10 4.36 7.70 1.00 0.00
0.30 4.54 5.03 1.00 0.00
0.30 4.54 5.20 1.00 0.00
0.30 4.54 5.37 1.00 0.00
0.30 4.54 5.55 1.00 0.00
0.30 4.54 5.72 1.00 0.00
0.30 4.54 5.90 1.00 0.00
0.30 4.54 6.07 1.00 0.00
0.30 4.54 6.25 1.00 0.00
0.30 4.54 6.42 1.00 0.00
0.30 4.54 6.60 1.00 0.00
0.30 4.54 6.77 1.00 0.00
0.30 4.54 6.95 1.00 0.00
0.30 4.54 7.12 1.00 0.00
0.30 4.54 7.29 1.00 0.00
0.30 4.54 7.47 1.00 0.00
0.30 4.54 7.64 1.00 0.00
0.30 4.54 7.82 1.00 0.00
0.30 4.54 7.99 1.00 0.00
0.50 4.54 4.95 1.00 0.00
0.50 4.54 5.12 1.00 0.00
0.50 4.54 5.30 1.00 0.00
0.50 4.54 5.47 1.00 0.00
0.50 4.54 5.65 1.00 0.00
0.50 4.54 5.82 1.00 0.00
0.50 4.54 6.00 1.00 0.00
0.50 4.54 6.17 1.00 0.00
0.50 4.54 6.35 1.00 0.00
0.50 4.54 6.52 1.00 0.00
0.50 4.54 6.69 1.00 0.00
0.50 4.54 6.87 1.00 0.00
0.50 4.54 7.04 1.00 0.00
0.50 4.54 7.22 1.00 0.00
0.50 4.54 7.39 1.00 0.00
0.50 4.54 7.57 1.00 0.00
0.50 4.54 7.74 1.00 0.00
0.50 4.54 7.92 1.00 0.00
0.70 4.54 4.87 1.00 0.00
0.70 4.54 5.05 1.00 0.00
0.70 4.54 5.22 1.00 0.00
0.70 4.54 5.40 1.00 0.00
0.70 4.54 5.57 1.00 0.00
0.70 4.54 5.75 1.00 0.00
0.70 4.54 5.92 1.00 0.00
0.70 4.54 6.09 1.00 0.00
0.70 4.54 6.27 1.00 0.00
0.70 4.54 6.44 1.00 0.00
0.70 4.54 6.62 1.00 0.00
0.70 4.54 6.79 1.00 0.00
0.70 4.54 6.97 1.00 0.00
0.70 4.54 7.14 1.00 0.00
0.70 4.54 7.32 1.00 0.00
0.70 4.54 7.49 1.00 0.00
0.70 4.54 7.67 1.00 0.00
0.70 4.54 7.84 1.00 0.00
0.90 4.54 4.80 1.00 0.00
0.90 4.54 4.97 1.00 0.00
0.90 4.54 5.14 1.00 0.00
0.90 4.54 5.32 1.00 0.00
0.90 4.54 5.49 1.00 0.00
0.90 4.54 5.67 1.00 0.00
0.90 4.54 5.84 1.00 0.00
0.90 4.54 6.02 1.00 0.00
0.90 4.54 6.19 1.00 0.00
0.90 4.54 6.37 1.00 0.00
0.90 4.54 6.54 1.00 0.00
0.90 4.54 6.72 1.00 0.00
0.90 4.54 6.89 1.00 0.00
0.90 4.54 7.06 1.00 0.00
0.90 4.54 7.24 1.00 0.00
0.90 4.54 7.41 1.00 0.00
0.90 4.54 7.59 1.00 0.00
0.90 4.54 7.76 1.00 0.00
1.10 4.54 4.72 1.00 0.00
1.10 4.54 4.89 1.00 0.00
1.10 4.54 5.07 1.00 0.00
1.10 4.54 5.24 1.00 0.00
1.10 4.54 5.42 1.00 0.00
1.10 4.54 5.59 1.00 0.00
1.10 4.54 5.77 1.00 0.00
1.10 4.54 5.94 1.00 0.00
1.10 4.54 6.12 1.00 0.00
1.10 4.54 6.29 1.00 0.00
1.10 4.54 6.47 1.00 0.00
1.10 4.54 6.64 1.00 0.00
1.10 4.54 6.81 1.00 0.00
1.10 4.54 6.99 1.00 0.00
1.10 4.54 7.16 1.00 0.00
1.10 4.54 7.34 1.00 0.00
1.10 4.54 7.51 1.00 0.00
1.10 4.54 7.69 1.00 0.00
0.30 4.71 5.03 1.00 0.00
0.30 4.71 5.20 1.00 0.00
0.30 4.71 5.38 1.00 0.00
0.30 4.71 5.55 1.00 0.00
0.30 4.71 5.73 1.00 0.00
0.30 4.71 5.90 1.00 0.00
0.30 4.71 6.08 1.00 0.00
0.30 4.71 6.25 1.00 0.00
0.30 4.71 6.43 1.00 0.00
0.30 4.71 6.60 1.00 0.00
0.30 4.71 6.78 1.00 0.00
0.30 4.71 6.95 1.00 0.00
0.30 4.71 7.12 1.00 0.00
0.30 4.71 7.30 1.00 0.00
0.30 4.71 7.47 1.00 0.00
0.30 4.71 7.65 1.00 0.00
0.30 4.71 7.82 1.00 0.00
0.30 4.71 8.00 1.00 0.00
0.50 4.71 4.95 1.00 0.00
0.50 4.71 5.13 1.00 0.00
0.50 4.71 5.30 1.00 0.00
0.50 4.71 5.48 1.00 0.00
0.50 4.71 5.65 1.00 0.00
0.50 4.71 5.83 1.00 0.00
0.50 4.71 6.00 1.00 0.00
0.50 4.71 6.18 1.00 0.00
0.50 4.71 6.35 1.00 0.00
0.50 4.71 6.53 1.00 0.00
0.50 4.71 6.70 1.00 0.00
0.50 4.71 6.87 1.00 0.00
0.50 4.71 7.05 1.00 0.00
0.50 4.71 7.22 1.00 0.00
0.50 4.71 7.40 1.00 0.00
0.50 4.71 7.57 1.00 0.00
0.50 4.71 7.75 1.00 0.00
0.50 4.71 7.92 1.00 0.00
0.70 4.71 4.88 1.00 0.00
0.70 4.71 5.05 1.00 0.00
0.70 4.71 5.23 1.00 0.00
0.70 4.71 5.40 1.00 0.00
0.70 4.71 5.57 1.00 0.00
0.70 4.71 5.75 1.00 0.00
0.70 4.71 5.92 1.00 0.00
0.70 4.71 6.10 1.00 0.00
0.70 4.71 6.27 1.00 0.00
0.70 4.71 6.45 1.00 0.00
0.70 4.71 6.62 1.00 0.00
0.70 4.71 6.80 1.00 0.00
0.70 4.71 6.97 1.00 0.00
0.70 4.71 7.15 1.00 0.00
0.70 4.71 7.32 1.00 0.00
0.70 4.71 7.49 1.00 0.00
0.70 4.71 7.67 1.00 0.00
0.70 4.71 7.84 1.00 0.00
0.90 4.71 4.80 1.00 0.00
0.90 4.71 4.97 1.00 0.00
0.90 4.71 5.14 1.00 0.00
0.90 4.71 5.32 1.00 0.00
0.90 4.71 5.49 1.00 0.00
0.90 4.71 5.67 1.00 0.00
0.90 4.71 5.84 1.00 0.00
0.90 4.71 6.02 1.00 0.00
0.90 4.71 6.19 1.00 0.00
0.90 4.71 6.37 1.00 0.00
0.90 4.71 6.54 1.00 0.00
0.90 4.71 6.72 1.00 0.00
0.90 4.71 6.89 1.00 0.00
0.90 4.71 7.06 1.00 0.00
0.90 4.71 7.24 1.00 0.00
0.90 4.71 7.41 1.00 0.00
0.90 4.71 7.59 1.00 0.00
0.90 4.71 7.76 1.00 0.00
1.10 4.71 4.71 1.00 0.00
1.10 4.71 4.89 1.00 0.00
1.10 4.71 5.06 1.00 0.00
1.10 4.71 5.24 1.00 0.00
1.10 4.71 5.41 1.00 0.00
1.10 4.71 5.59 1.00 0.00
1.10 4.71 5.76 1.00 0.00
1.10 4.71 5.94 1.00 0.00
1.10 4.71 6.11 1.00 0.00
1.10 4.71 6.28 1.00 0.00
1.10 4.71 6.46 1.00 0.00
1.10 4.71 6.63 1.00 0.00
1.10 4.71 6.81 1.00 0.00
1.10 4.71 6.98 1.00 0.00
1.10 4.71 7.16 1.00 0.00
1.10 4.71 7.33 1.00 0.00
1.10 4.71 7.51 1.00 0.00
1.10 4.71 7.68 1.00 0.00
0.30 4.89 5.04 1.00 0.00
0.30 4.89 5.21 1.00 0.00
0.30 4.89 5.39 1.00 0.00
0.30 4.89 5.56 1.00 0.00
0.30 4.89 5.74 1.00 0.00
0.30 4.89 5.91 1.00 0.00
0.30 4.89 6.09 1.00 0.00
0.30 4.89 6.26 1.00 0.00
0.30 4.89 6.43 1.00 0.00
0.30 4.89 6.61 1.00 0.00
0.30 4.89 6.78 1.00 0.00
0.30 4.89 6.96 1.00 0.00
0.30 4.89 7.13 1.00 0.00
0.30 4.89 7.31 1.00 0.00
0.30 4.89 7.48 1.00 0.00
0.30 4.89 7.66 1.00 0.00
0.30 4.89 7.83 1.00 0.00
0.30 4.89 8.01 1.00 0.00
0.50 4.89 4.97 1.00 0.00
0.50 4.89 5.14 1.00 0.00
0.50 4.89 5.32 1.00 0.00
0.50 4.89 5.49 1.00 0.00
0.50 4.89 5.66 1.00 0.00
0.50 4.89 5.84 1.00 0.00
0.50 4.89 6.01 1.00 0.00
0.50 4.89 6.19 1.00 0.00
0.50 4.89 6.36 1.00 0.00
0.50 4.89 6.54 1.00 0.00
0.50 4.89 6.71 1.00 0.00
0.50 4.89 6.89 1.00 0.00
0.50 4.89 7.06 1.00 0.00
0.50 4.89 7.24 1.00 0.00
0.50 4.89 7.41 1.00 0.00
0.50 4.89 7.58 1.00 0.00
0.50 4.89 7.76 1.00 0.00
0.50 4.89 7.93 1.00 0.00
0.70 4.89 4.89 1.00 0.00
0.70 4.89 5.06 1.00 0.00
0.70 4.89 5.24 1.00 0.00
0.70 4.89 5.41 1.00 0.00
0.70 4.89 5.59 1.00 0.00
0.70 4.89 5.76 1.00 0.00
0.70 4.89 5.94 1.00 0.00
0.70 4.89 6.11 1.00 0.00
0.70 4.89 6.29 1.00 0.00
0.70 4.89 6.46 1.00 0.00
0.70 4.89 6.63 1.00 0.00
0.70 4.89 6.81 1.00 0.00
0.70 4.89 6.98 1.00 0.00
0.70 4.89 7.16 1.00 0.00
0.70 4.89 7.33 1.00 0.00
0.70 4.89 7.51 1.00 0.00
0.70 4.89 7.68 1.00 0.00
0.70 4.89 7.86 1.00 0.00
0.90 4.89 4.81 1.00 0.00
0.90 4.89 4.98 1.00 0.00
0.90 4.89 5.16 1.00 0.00
0.90 4.89 5.33 1.00 0.00
0.90 4.89 5.51 1.00 0.00
0.90 4.89 5.68 1.00 0.00
0.90 4.89 5.85 1.00 0.00
0.90 4.89 6.03 1.00 0.00
0.90 4.89 6.20 1.00 0.00
0.90 4.89 6.38 1.00 0.00
0.90 4.89 6.55 1.00 0.00
0.90 4.89 6.73 1.00 0.00
0.90 4.89 6.90 1.00 0.00
0.90 4.89 7.08 1.00 0.00
0.90 4.89 7.25 1.00 0.00
0.90 4.89 7.43 1.00 0.00
0.90 4.89 7.60 1.00 0.00
0.90 4.89 7.77 1.00 0.00
1.10 4.89 4.72 1.00 0.00
1.10 4.89 4.90 1.00 0.00
1.10 4.89 5.07 1.00 0.00
1.10 4.89 5.25 1.00 0.00
1.10 4.89 5.42 1.00 0.00
1.10 4.89 5.59 1.00 0.00
1.10 4.89 5.77 1.00 0.00
1.10 4.89 5.94 1.00 0.00
1.10 4.89 6.12 1.00 0.00
1.10 4.89 6.29 1.00 0.00
1.10 4.89 6.47 1.00 0.00
1.10 4.89 6.64 1.00 0.00
1.10 4.89 6.82 1.00 0.00
1.10 4.89 6.99 1.00 0.00
1.10 4.89 7.17 1.00 0.00
1.10 4.89 7.34 1.00 0.00
1.10 4.89 7.51 1.00 0.00
1.10 4.89 7.69 1.00 0.00
0.30 5.06 5.05 1.00 0.00
0.30 5.06 5.22 1.00 0.00
0.30 5.06 5.40 1.00 0.00
0.30 5.06 5.57 1.00 0.00
0.30 5.06 5.75 1.00 0.00
0.30 5.06 5.92 1.00 0.00
0.30 5.06 6.10 1.00 0.00
0.30 5.06 6.27 1.00 0.00
0.30 5.06 6.45 1.00 0.00
0.30 5.06 6.62 1.00 0.00
0.30 5.06 6.80 1.00 0.00
0.30 5.06 6.97 1.00 0.00
0.30 5.06 7.14 1.00 0.00
0.30 5.06 7.32 1.00 0.00
0.30 5.06 7.49 1.00 0.00
0.30 5.06 7.67 1.00 0.00
0.30 5.06 7.84 1.00 0.00
0.30 5.06 8.02 1.00 0.00
0.50 5.06 4.98 1.00 0.00
0.50 5.06 5.16 1.00 0.00
0.50 5.06 5.33 1.00 0.00
0.50 5.06 5.51 1.00 0.00
0.50 5.06 5.68 1.00 0.00
0.50 5.06 5.86 1.00 0.00
0.50 5.06 6.03 1.00 0.00
0.50 5.06 6.21 1.00 0.00
0.50 5.06 6.38 1.00 0.00
0.50 5.06 6.56 1.00 0.00
0.50 5.06 6.73 1.00 0.00
0.50 5.06 6.90 1.00 0.00
0.50 5.06 7.08 1.00 0.00
0.50 5.06 7.25 1.00 0.00
0.50 5.06 7.43 1.00 0.00
0.50 5.06 7.60 1.00 0.00
0.50 5.06 7.78 1.00 0.00
0.50 5.06 7.95 1.00 0.00
0.70 5.06 4.91 1.00 0.00
0.70 5.06 5.09 1.00 0.00
0.70 5.06 5.26 1.00 0.00
0.70 5.06 5.44 1.00 0.00
0.70 5.06 5.61 1.00 0.00
0.70 5.06 5.78 1.00 0.00
0.70 5.06 5.96 1.00 0.00
0.70 5.06 6.13 1.00 0.00
0.70 5.06 6.31 1.00 0.00
0.70 5.06 6.48 1.00 0.00
0.70 5.06 6.66 1.00 0.00
0.70 5.06 6.83 1.00 0.00
0.70 5.06 7.01 1.00 0.00
0.70 5.06 7.18 1.00 0.00
0.70 5.06 7.36 1.00 0.00
0.70 5.06 7.53 1.00 0.00
0.70 5.06 7.70 1.00 0.00
0.70 5.06 7.88 1.00 0.00
0.90 5.06 4.83 1.00 0.00
0.90 5.06 5.01 1.00 0.00
0.90 5.06 5.18 1.00 0.00
0.90 5.06 5.36 1.00 0.00
0.90 5.06 5.53 1.00 0.00
0.90 5.06 5.71 1.00 0.00
0.90 5.06 5.88 1.00 0.00
0.90 5.06 6.05 1.00 0.00
0.90 5.06 6.23 1.00 0.00
0.90 5.06 6.40 1.00 0.00
0.90 5.06 6.58 1.00 0.00
0.90 5.06 6.75 1.00 0.00
0.90 5.06 6.93 1.00 0.00
0.90 5.06 7.10 1.00 0.00
0.90 5.06 7.28 1.00 0.00
0.90 5.06 7.45 1.00 0.00
0.90 5.06 7.63 1.00 0.00
0.90 5.06 7.80 1.00 0.00
1.10 5.06 4.75 1.00 0.00
1.10 5.06 4.92 1.00 0.00
1.10 5.06 5.10 1.00 0.00
1.10 5.06 5.27 1.00 0.00
1.10 5.06 5.44 1.00 0.00
1.10 5.06 5.62 1.00 0.00
1.10 5.06 5.79 1.00 0.00
1.10 5.06 5.97 1.00 0.00
1.10 5.06 6.14 1.00 0.00
1.10 5.06 6.32 1.00 0.00
1.10 5.06 6.49 1.00 0.00
1.10 5.06 6.67 1.00 0.00
1.10 5.06 6.84 1.00 0.00
1.10 5.06 7.02 1.00 0.00
1.10 5.06 7.19 1.00 0.00
1.10 5.06 7.36 1.00 0.00
1.10 5.06 7.54 1.00 0.00
1.10 5.06 7.71 1.00 0.00
0.30 5.24 5.07 1.00 0.00
0.30 5.24 5.24 1.00 0.00
0.30 5.24 5.41 1.00 0.00
0.30 5.24 5.59 1.00 0.00
0.30 5.24 5.76 1.00 0.00
0.30 5.24 5.94 1.00 0.00
0.30 5.24 6.11 1.00 0.00
0.30 5.24 6.29 1.00 0.00
0.30 5.24 6.46 1.00 0.00
0.30 5.24 6.64 1.00 0.00
0.30 5.24 6.81 1.00 0.00
0.30 5.24 6.98 1.00 0.00
0.30 5.24 7.16 1.00 0.00
0.30 5.24 7.33 1.00 0.00
0.30 5.24 7.51 1.00 0.00
0.30 5.24 7.68 1.00 0.00
0.30 5.24 7.86 1.00 0.00
0.30 5.24 8.03 1.00 0.00
0.50 5.24 5.01 1.00 0.00
0.50 5.24 5.18 1.00 0.00
0.50 5.24 5.36 1.00 0.00
0.50 5.24 5.53 1.00 0.00
0.50 5.24 5.71 1.00 0.00
0.50 5.24 5.88 1.00 0.00
0.50 5.24 6.06 1.00 0.00
0.50 5.24 6.23 1.00 0.00
0.50 5.24 6.41 1.00 0.00
0.50 5.24 6.58 1.00 0.00
0.50 5.24 6.75 1.00 0.00
0.50 5.24 6.93 1.00 0.00
0.50 5.24 7.10 1.00 0.00
0.50 5.24 7.28 1.00 0.00
0.50 5.24 7.45 1.00 0.00
0.50 5.24 7.63 1.00 0.00
0.50 5.24 7.80 1.00 0.00
0.50 5.24 7.98 1.00 0.00
0.70 5.24 4.95 1.00 0.00
0.70 5.24 5.12 1.00 0.00
0.70 5.24 5.29 1.00 0.00
0.70 5.24 5.47 1.00 0.00
0.70 5.24 5.64 1.00 0.00
0.70 5.24 5.82 1.00 0.00
0.70 5.24 5.99 1.00 0.00
0.70 5.24 6.17 1.00 0.00
0.70 5.24 6.34 1.00 0.00
0.70 5.24 6.52 1.00 0.00
0.70 5.24 6.69 1.00 0.00
0.70 5.24 6.87 1.00 0.00
0.70 5.24 7.04 1.00 0.00
0.70 5.24 7.21 1.00 0.00
0.70 5.24 7.39 1.00 0.00
0.70 5.24 7.56 1.00 0.00
0.70 5.24 7.74 1.00 0.00
0.70 5.24 7.91 1.00 0.00
0.90 5.24 4.87 1.00 0.00
0.90 5.24 5.05 1.00 0.00
0.90 5.24 5.22 1.00 0.00
0.90 5.24 5.40 1.00 0.00
0.90 5.24 5.57 1.00 0.00
0.90 5.24 5.75 1.00 0.00
0.90 5.24 5.92 1.00 0.00
0.90 5.24 6.10 1.00 0.00
0.90 5.24 6.27 1.00 0.00
0.90 5.24 6.44 1.00 0.00
0.90 5.24 6.62 1.00 0.00
0.90 5.24 6.79 1.00 0.00
0.90 5.24 6.97 1.00 0.00
0.90 5.24 7.14 1.00 0.00
0.90 5.24 7.32 1.00 0.00
0.90 5.24 7.49 1.00 0.00
0.90 5.24 7.67 1.00 0.00
0.90 5.24 7.84 1.00 0.00
1.10 5.24 4.79 1.00 0.00
1.10 5.24 4.97 1.00 0.00
1.10 5.24 5.14 1.00 0.00
1.10 5.24 5.32 1.00 0.00
1.10 5.24 5.49 1.00 0.00
1.10 5.24 5.66 1.00 0.00
1.10 5.24 5.84 1.00 0.00
1.10 5.24 6.01 1.00 0.00
1.10 5.24 6.19 1.00 0.00
1.10 5.24 6.36 1.00 0.00
1.10 5.24 6.54 1.00 0.00
1.10 5.24 6.71 1.00 0.00
1.10 5.24 6.89 1.00 0.00
1.10 5.24 7.06 1.00 0.00
1.10 5.24 7.24 1.00 0.00
1.10 5.24 7.41 1.00 0.00
1.10 5.24 7.58 1.00 0.00
1.10 5.24 7.76 1.00 0.00
0.30 5.41 5.08 1.00 0.00
0.30 5.41 5.26 1.00 0.00
0.30 5.41 5.43 1.00 0.00
0.30 5.41 5.61 1.00 0.00
0.30 5.41 5.78 1.00 0.00
0.30 5.41 5.96 1.00 0.00
0.30 5.41 6.13 1.00 0.00
0.30 5.41 6.30 1.00 0.00
0.30 5.41 6.48 1.00 0.00
0.30 5.41 6.65 1.00 0.00
0.30 5.41 6.83 1.00 0.00
0.30 5.41 7.00 1.00 0.00
0.30 5.41 7.18 1.00 0.00
0.30 5.41 7.35 1.00 0.00
0.30 5.41 7.53 1.00 0.00
0.30 5.41 7.70 1.00 0.00
0.30 5.41 7.88 1.00 0.00
0.30 5.41 8.05 1.00 0.00
0.50 5.41 5.04 1.00 0.00
0.50 5.41 5.21 1.00 0.00
0.50 5.41 5.39 1.00 0.00
0.50 5.41 5.56 1.00 0.00
0.50 5.41 5.74 1.00 0.00
0.50 5.41 5.91 1.00 0.00
0.50 5.41 6.09 1.00 0.00
0.50 5.41 6.26 1.00 0.00
0.50 5.41 6.44 1.00 0.00
0.50 5.41 6.61 1.00 0.00
0.50 5.41 6.79 1.00 0.00
0.50 5.41 6.96 1.00 0.00
0.50 5.41 7.13 1.00 0.00
0.50 5.41 7.31 1.00 0.00
0.50 5.41 7.48 1.00 0.00
0.50 5.41 7.66 1.00 0.00
0.50 5.41 7.83 1.00 0.00
0.50 5.41 8.01 1.00 0.00
0.70 5.41 4.99 1.00 0.00
0.70 5.41 5.16 1.00 0.00
0.70 5.41 5.34 1.00 0.00
0.70 5.41 5.51 1.00 0.00
0.70 5.41 5.69 1.00 0.00
0.70 5.41 5.86 1.00 0.00
0.70 5.41 6.04 1.00 0.00
0.70 5.41 6.21 1.00 0.00
0.70 5.41 6.39 1.00 0.00
0.70 5.41 6.56 1.00 0.00
0.70 5.41 6.74 1.00 0.00
0.70 5.41 6.91 1.00 0.00
0.70 5.41 7.08 1.00 0.00
0.70 5.41 7.26 1.00 0.00
0.70 5.41 7.43 1.00 0.00
0.70 5.41 7.61 1.00 0.00
0.70 5.41 7.78 1.00 0.00
0.70 5.41 7.96 1.00 0.00
0.90 5.41 4.93 1.00 0.00
0.90 5.41 5.11 1.00 0.00
0.90 5.41 5.28 1.00 0.00
0.90 5.41 5.45 1.00 0.00
0.90 5.41 5.63 1.00 0.00
0.90 5.41 5.80 1.00 0.00
0.90 5.41 5.98 1.00 0.00
0.90 5.41 6.15 1.00 0.00
0.90 5.41 6.33 1.00 0.00
0.90 5.41 6.50 1.00 0.00
0.90 5.41 6.68 1.00 0.00
0.90 5.41 6.85 1.00 0.00
0.90 5.41 7.03 1.00 0.00
0.90 5.41 7.20 1.00 0.00
0.90 5.41 7.37 1.00 0.00
0.90 5.41 7.55 1.00 0.00
0.90 5.41 7.72 1.00 0.00
0.90 5.41 7.90 1.00 0.00
1.10 5.41 4.86 1.00 0.00
1.10 5.41 5.04 1.00 0.00
1.10 5.41 5.21 1.00 0.00
1.10 5.41 5.39 1.00 0.00
1.10 5.41 5.56 1.00 0.00
1.10 5.41 5.73 1.00 0.00
1.10 5.41 5.91 1.00 0.00
1.10 5.41 6.08 1.00 0.00
1.10 5.41 6.26 1.00 0.00
1.10 5.41 6.43 1.00 0.00
1.10 5.41 6.61 1.00 0.00
1.10 5.41 6.78 1.00 0.00
1.10 5.41 6.96 1.00 0.00
1.10 5.41 7.13 1.00 0.00
1.10 5.41 7.31 1.00 0.00
1.10 5.41 7.48 1.00 0.00
1.10 5.41 7.65 1.00 0.00
1.10 5.41 7.83 1.00 0.00
0.30 5.59 5.10 1.00 0.00
0.30 5.59 5.28 1.00 0.00
0.30 5.59 5.45 1.00 0.00
0.30 5.59 5.63 1.00 0.00
0.30 5.59 5.80 1.00 0.00
0.30 5.59 5.98 1.00 0.00
0.30 5.59 6.15 1.00 0.00
0.30 5.59 6.32 1.00 0.00
0.30 5.59 6.50 1.00 0.00
0.30 5.59 6.67 1.00 0.00
0.30 5.59 6.85 1.00 0.00
0.30 5.59 7.02 1.00 0.00
0.30 5.59 7.20 1.00 0.00
0.30 5.59 7.37 1.00 0.00
0.30 5.59 7.55 1.00 0.00
0.30 5.59 7.72 1.00 0.00
0.30 5.59 7.90 1.00 0.00
0.30 5.59 8.07 1.00 0.00
0.50 5.59 5.08 1.00 0.00
0.50 5.59 5.25 1.00 0.00
0.50 5.59 5.42 1.00 0.00
0.50 5.59 5.60 1.00 0.00
0.50 5.59 5.77 1.00 0.00
0.50 5.59 5.95 1.00 0.00
0.50 5.59 6.12 1.00 0.00
0.50 5.59 6.30 1.00 0.00
0.50 5.59 6.47 1.00 0.00
0.50 5.59 6.65 1.00 0.00
0.50 5.59 6.82 1.00 0.00
0.50 5.59 7.00 1.00 0.00
0.50 5.59 7.17 1.00 0.00
0.50 5.59 7.34 1.00 0.00
0.50 5.59 7.52 1.00 0.00
0.50 5.59 7.69 1.00 0.00
0.50 5.59 7.87 1.00 0.00
0.50 5.59 8.04 1.00 0.00
0.70 5.59 5.04 1.00 0.00
0.70 5.59 5.22 1.00 0.00
0.70 5.59 5.39 1.00 0.00
0.70 5.59 5.57 1.00 0.00
0.70 5.59 5.74 1.00 0.00
0.70 5.59 5.92 1.00 0.00
0.70 5.59 6.09 1.00 0.00
0.70 5.59 6.26 1.00 0.00
0.70 5.59 6.44 1.00 0.00
0.70 5.59 6.61 1.00 0.00
0.70 5.59 6.79 1.00 0.00
0.70 5.59 6.96 1.00 0.00
0.70 5.59 7.14 1.00 0.00
0.70 5.59 7.31 1.00 0.00
0.70 5.59 7.49 1.00 0.00
0.70 5.59 7.66 1.00 0.00
0.70 5.59 7.84 1.00 0.00
0.70 5.59 8.01 1.00 0.00
0.90 5.59 5.00 1.00 0.00
0.90 5.59 5.18 1.00 0.00
0.90 5.59 5.35 1.00 0.00
0.90 5.59 5.53 1.00 0.00
0.90 5.59 5.70 1.00 0.00
0.90 5.59 5.88 1.00 0.00
0.90 5.59 6.05 1.00 0.00
0.90 5.59 6.23 1.00 0.00
0.90 5.59 6.40 1.00 0.00
0.90 5.59 6.57 1.00 0.00
0.90 5.59 6.75 1.00 0.00
0.90 5.59 6.92 1.00 0.00
0.90 5.59 7.10 1.00 0.00
0.90 5.59 7.27 1.00 0.00
0.90 5.59 7.45 1.00 0.00
0.90 5.59 7.62 1.00 0.00
0.90 5.59 7.80 1.00 0.00
0.90 5.59 7.97 1.00 0.00
1.10 5.59 4.96 1.00 0.00
1.10 5.59 5.13 1.00 0.00
1.10 5.59 5.30 1.00 0.00
1.10 5.59 5.48 1.00 0.00
1.10 5.59 5.65 1.00 0.00
1.10 5.59 5.83 1.00 0.00
1.10 5.59 6.00 1.00 0.00
1.10 5.59 6.18 1.00 0.00
1.10 5.59 6.35 1.00 0.00
1.10 5.59 6.53 1.00 0.00
1.10 5.59 6.70 1.00 0.00
1.10 5.59 6.88 1.00 0.00
1.10 5.59 7.05 1.00 0.00
1.10 5.59 7.22 1.00 0.00
1.10 5.59 7.40 1.00 0.00
1.10 5.59 7.57 1.00 0.00
1.10 5.59 7.75 1.00 0.00
1.10 5.59 7.92 1.00 0.00
0.30 5.76 5.12 1.00 0.00
0.30 5.76 5.30 1.00 0.00
0.30 5.76 5.47 1.00 0.00
0.30 5.76 5.65 1.00 0.00
0.30 5.76 5.82 1.00 0.00
0.30 5.76 6.00 1.00 0.00
0.30 5.76 6.17 1.00 0.00
0.30 5.76 6.35 1.00 0.00
0.30 5.76 6.52 1.00 0.00
0.30 5.76 6.70 1.00 0.00
0.30 5.76 6.87 1.00 0.00
0.30 5.76 7.04 1.00 0.00
0.30 5.76 7.22 1.00 0.00
0.30 5.76 7.39 1.00 0.00
0.30 5.76 7.57 1.00 0.00
0.30 5.76 7.74 1.00 0.00
0.30 5.76 7.92 1.00 0.00
0.30 5.76 8.09 1.00 0.00
0.50 5.76 5.11 1.00 0.00
0.50 5.76 5.29 1.00 0.00
0.50 5.76 5.46 1.00 0.00
0.50 5.76 5.64 1.00 0.00
0.50 5.76 5.81 1.00 0.00
0.50 5.76 5.99 1.00 0.00
0.50 5.76 6.16 1.00 0.00
0.50 5.76 6.34 1.00 0.00
0.50 5.76 6.51 1.00 0.00
0.50 5.76 6.68 1.00 0.00
0.50 5.76 6.86 1.00 0.00
0.50 5.76 7.03 1.00 0.00
0.50 5.76 7.21 1.00 0.00
0.50 5.76 7.38 1.00 0.00
0.50 5.76 7.56 1.00 0.00
0.50 5.76 7.73 1.00 0.00
0.50 5.76 7.91 1.00 0.00
0.50 5.76 8.08 1.00 0.00
0.70 5.76 5.10 1.00 0.00
0.70 5.76 5.28 1.00 0.00
0.70 5.76 5.45 1.00 0.00
0.70 5.76 5.63 1.00 0.00
0.70 5.76 5.80 1.00 0.00
0.70 5.76 5.97 1.00 0.00
0.70 5.76 6.15 1.00 0.00
0.70 5.76 6.32 1.00 0.00
0.70 5.76 6.50 1.00 0.00
0.70 5.76 6.67 1.00 0.00
0.70 5.76 6.85 1.00 0.00
0.70 5.76 7.02 1.00 0.00
0.70 5.76 7.20 1.00 0.00
0.70 5.76 7.37 1.00 0.00
0.70 5.76 7.55 1.00 0.00
0.70 5.76 7.72 1.00 0.00
0.70 5.76 7.89 1.00 0.00
0.70 5.76 8.07 1.00 0.00
0.90 5.76 5.09 1.00 0.00
0.90 5.76 5.26 1.00 0.00
0.90 5.76 5.44 1.00 0.00
0.90 5.76 5.61 1.00 0.00
0.90 5.76 5.78 1.00 0.00
0.90 5.76 5.96 1.00 0.00
0.90 5.76 6.13 1.00 0.00
0.90 5.76 6.31 1.00 0.00
0.90 5.76 6.48 1.00 0.00
0.90 5.76 6.66 1.00 0.00
0.90 5.76 6.83 1.00 0.00
0.90 5.76 7.01 1.00 0.00
0.90 5.76 7.18 1.00 0.00
0.90 5.76 7.36 1.00 0.00
0.90 5.76 7.53 1.00 0.00
0.90 5.76 7.70 1.00 0.00
0.90 5.76 7.88 1.00 0.00
0.90 5.76 8.05 1.00 0.00
1.10 5.76 5.07 1.00 0.00
1.10 5.76 5.24 1.00 0.00
1.10 5.76 5.42 1.00 0.00
1.10 5.76 5.59 1.00 0.00
1.10 5.76 5.77 1.00 0.00
1.10 5.76 5.94 1.00 0.00
1.10 5.76 6.12 1.00 0.00
1.10 5.76 6.29 1.00 0.00
1.10 5.76 6.46 1.00 0.00
1.10 5.76 6.64 1.00 0.00
1.10 5.76 6.81 1.00 0.00
1.10 5.76 6.99 1.00 0.00
1.10 5.76 7.16 1.00 0.00
1.10 5.76 7.34 1.00 0.00
1.10 5.76 7.51 1.00 0.00
1.10 5.76 7.69 1.00 0.00
1.10 5.76 7.86 1.00 0.00
1.10 5.76 8.04 1.00 0.00
0.30 5.93 5.15 1.00 0.00
0.30 5.93 5.32 1.00 0.00
0.30 5.93 5.50 1.00 0.00
0.30 5.93 5.67 1.00 0.00
0.30 5.93 5.84 1.00 0.00
0.30 5.93 6.02 1.00 0.00
0.30 5.93 6.19 1.00 0.00
0.30 5.93 6.37 1.00 0.00
0.30 5.93 6.54 1.00 0.00
0.30 5.93 6.72 1.00 0.00
0.30 5.93 6.89 1.00 0.00
0.30 5.93 7.07 1.00 0.00
0.30 5.93 7.24 1.00 0.00
0.30 5.93 7.42 1.00 0.00
0.30 5.93 7.59 1.00 0.00
0.30 5.93 7.76 1.00 0.00
0.30 5.93 7.94 1.00 0.00
0.30 5.93 8.11 1.00 0.00
0.50 5.93 5.15 1.00 0.00
0.50 5.93 5.33 1.00 0.00
0.50 5.93 5.50 1.00 0.00
0.50 5.93 5.68 1.00 0.00
0.50 5.93 5.85 1.00 0.00
0.50 5.93 6.03 1.00 0.00
0.50 5.93 6.20 1.00 0.00
0.50 5.93 6.38 1.00 0.00
0.50 5.93 6.55 1.00 0.00
0.50 5.93 6.72 1.00 0.00
0.50 5.93 6.90 1.00 0.00
0.50 5.93 7.07 1.00 0.00
0.50 5.93 7.25 1.00 0.00
0.50 5.93 7.42 1.00 0.00
0.50 5.93 7.60 1.00 0.00
0.50 5.93 7.77 1.00 0.00
0.50 5.93 7.95 1.00 0.00
0.50 5.93 8.12 1.00 0.00
0.70 5.93 5.16 1.00 0.00
0.70 5.93 5.34 1.00 0.00
0.70 5.93 5.51 1.00 0.00
0.70 5.93 5.69 1.00 0.00
0.70 5.93 5.86 1.00 0.00
0.70 5.93 6.04 1.00 0.00
0.70 5.93 6.21 1.00 0.00
0.70 5.93 6.38 1.00 0.00
0.70 5.93 6.56 1.00 0.00
0.70 5.93 6.73 1.00 0.00
0.70 5.93 6.91 1.00 0.00
0.70 5.93 7.08 1.00 0.00
0.70 5.93 7.26 1.00 0.00
0.70 5.93 7.43 1.00 0.00
0.70 5.93 7.61 1.00 0.00
0.70 5.93 7.78 1.00 0.00
0.70 5.93 7.96 1.00 0.00
0.70 5.93 8.13 1.00 0.00
0.90 5.93 5.17 1.00 0.00
0.90 5.93 5.35 1.00 0.00
0.90 5.93 5.52 1.00 0.00
0.90 5.93 5.70 1.00 0.00
0.90 5.93 5.87 1.00 0.00
0.90 5.93 6.05 1.00 0.00
0.90 5.93 6.22 1.00 0.00
0.90 5.93 6.40 1.00 0.00
0.90 5.93 6.57 1.00 0.00
0.90 5.93 6.75 1.00 0.00
0.90 5.93 6.92 1.00 0.00
0.90 5.93 7.09 1.00 0.00
0.90 5.93 7.27 1.00 0.00
0.90 5.93 7.44 1.00 0.00
0.90 5.93 7.62 1.00 0.00
0.90 5.93 7.79 1.00 0.00
0.90 5.93 7.97 1.00 0.00
0.90 5.93 8.14 1.00 0.00
1.10 5.93 5.19 1.00 0.00
1.10 5.93 5.36 1.00 0.00
1.10 5.93 5.54 1.00 0.00
1.10 5.93 5.71 1.00 0.00
1.10 5.93 5.89 1.00 0.00
1.10 5.93 6.06 1.00 0.00
1.10 5.93 6.24 1.00 0.00
1.10 5.93 6.41 1.00 0.00
1.10 5.93 6.59 1.00 0.00
1.10 5.93 6.76 1.00 0.00
1.10 5.93 6.93 1.00 0.00
1.10 5.93 7.11 1.00 0.00
1.10 5.93 7.28 1.00 0.00
1.10 5.93 7.46 1.00 0.00
1.10 5.93 7.63 1.00 0.00
1.10 5.93 7.81 1.00 0.00
1.10 5.93 7.98 1.00 0.00
1.10 5.93 8.16 1.00 0.00
0.30 6.11 5.17 1.00 0.00
0.30 6.11 5.34 1.00 0.00
0.30 6.11 5.52 1.00 0.00
0.30 6.11 5.69 1.00 0.00
0.30 6.11 5.87 1.00 0.00
0.30 6.11 6.04 1.00 0.00
0.30 6.11 6.21 1.00 0.00
0.30 6.11 6.39 1.00 0.00
0.30 6.11 6.56 1.00 0.00
0.30 6.11 6.74 1.00 0.00
0.30 6.11 6.91 1.00 0.00
0.30 6.11 7.09 1.00 0.00
0.30 6.11 7.26 1.00 0.00
0.30 6.11 7.44 1.00 0.00
0.30 6.11 7.61 1.00 0.00
0.30 6.11 7.79 1.00 0.00
0.30 6.11 7.96 1.00 0.00
0.30 6.11 8.13 1.00 0.00
0.50 6.11 5.19 1.00 0.00
0.50 6.11 5.37 1.00 0.00
0.50 6.11 5.54 1.00 0.00
0.50 6.11 5.72 1.00 0.00
0.50 6.11 5.89 1.00 0.00
0.50 6.11 6.07 1.00 0.00
0.50 6.11 6.24 1.00 0.00
0.50 6.11 6.41 1.00 0.00
0.50 6.11 6.59 1.00 0.00
0.50 6.11 6.76 1.00 0.00
0.50 6.11 6.94 1.00 0.00
0.50 6.11 7.11 1.00 0.00
0.50 6.11 7.29 1.00 0.00
0.50 6.11 7.46 1.00 0.00
0.50 6.11 7.64 1.00 0.00
0.50 6.11 7.81 1.00 0.00
0.50 6.11 7.99 1.00 0.00
0.50 6.11 8.16 1.00 0.00
0.70 6.11 5.22 1.00 0.00
0.70 6.11 5.40 1.00 0.00
0.70 6.11 5.57 1.00 0.00
0.70 6.11 5.75 1.00 0.00
0.70 6.11 5.92 1.00 0.00
0.70 6.11 6.10 1.00 0.00
0.70 6.11 6.27 1.00 0.00
0.70 6.11 6.44 1.00 0.00
0.70 6.11 6.62 1.00 0.00
0.70 6.11 6.79 1.00 0.00
0.70 6.11 6.97 1.00 0.00
0.70 6.11 7.14 1.00 0.00
0.70 6.11 7.32 1.00 0.00
0.70 6.11 7.49 1.00 0.00
0.70 6.11 7.67 1.00 0.00
0.70 6.11 7.84 1.00 0.00
0.70 6.11 8.02 1.00 0.00
0.70 6.11 8.19 1.00 0.00
0.90 6.11 -1.02 1.00 0.00
0.90 6.11 -0.85 1.00 0.00
0.90 6.11 -0.68 1.00 0.00
0.90 6.11 -0.50 1.00 0.00
0.90 6.11 -0.33 1.00 0.00
0.90 6.11 -0.15 1.00 0.00
0.90 6.11 0.02 1.00 0.00
0.90 6.11 0.20 1.00 0.00
0.90 6.11 0.37 1.00 0.00
0.90 6.11 0.55 1.00 0.00
0.90 6.11 0.72 1.00 0.00
0.90 6.11 0.90 1.00 0.00
0.90 6.11 1.07 1.00 0.00
0.90 6.11 1.24 1.00 0.00
0.90 6.11 1.42 1.00 0.00
0.90 6.11 1.59 1.00 0.00
0.90 6.11 1.77 1.00 0.00
0.90 6.11 1.94 1.00 0.00
1.10 6.11 -0.98 1.00 0.00
1.10 6.11 -0.81 1.00 0.00
1.10 6.11 -0.63 1.00 0.00
1.10 6.11 -0.46 1.00 0.00
1.10 6.11 -0.28 1.00 0.00
1.10 6.11 -0.11 1.00 0.00
1.10 6.11 0.07 1.00 0.00
1.10 6.11 0.24 1.00 0.00
1.10 6.11 0.42 1.00 0.00
1.10 6.11 0.59 1.00 0.00
1.10 6.11 0.77 1.00 0.00
1.10 6.11 0.94 1.00 0.00
1.10 6.11 1.11 1.00 0.00
1.10 6.11 1.29 1.00 0.00
1.10 6.11 1.46 1.00 0.00
1.10 6.11 1.64 1.00 0.00
1.10 6.11 1.81 1.00 0.00
1.10 6.11 1.99 1.00 0.00
