0.30 0.00 -0.81 1.00 0.00
0.30 0.00 -0.64 1.00 0.00
0.30 0.00 -0.46 1.00 0.00
0.30 0.00 -0.29 1.00 0.00
0.30 0.00 -0.11 1.00 0.00
0.30 0.00 0.06 1.00 0.00
0.30 0.00 0.24 1.00 0.00
0.30 0.00 0.41 1.00 0.00
0.30 0.00 0.58 1.00 0.00
0.30 0.00 0.76 1.00 0.00
0.30 0.00 0.93 1.00 0.00
0.30 0.00 1.11 1.00 0.00
0.30 0.00 1.28 1.00 0.00
0.30 0.00 1.46 1.00 0.00
0.30 0.00 1.63 1.00 0.00
0.30 0.00 1.81 1.00 0.00
0.30 0.00 1.98 1.00 0.00
0.30 0.00 2.16 1.00 0.00
0.50 0.00 -0.78 1.00 0.00
0.50 0.00 -0.61 1.00 0.00
0.50 0.00 -0.44 1.00 0.00
0.50 0.00 -0.26 1.00 0.00
0.50 0.00 -0.09 1.00 0.00
0.50 0.00 0.09 1.00 0.00
0.50 0.00 0.26 1.00 0.00
0.50 0.00 0.44 1.00 0.00
0.50 0.00 0.61 1.00 0.00
0.50 0.00 0.79 1.00 0.00
0.50 0.00 0.96 1.00 0.00
0.50 0.00 1.14 1.00 0.00
0.50 0.00 1.31 1.00 0.00
0.50 0.00 1.48 1.00 0.00
0.50 0.00 1.66 1.00 0.00
0.50 0.00 1.83 1.00 0.00
0.50 0.00 2.01 1.00 0.00
0.50 0.00 2.18 1.00 0.00
0.70 0.00 -0.76 1.00 0.00
0.70 0.00 -0.58 1.00 0.00
0.70 0.00 -0.41 1.00 0.00
0.70 0.00 -0.23 1.00 0.00
0.70 0.00 -0.06 1.00 0.00
0.70 0.00 0.12 1.00 0.00
0.70 0.00 0.29 1.00 0.00
0.70 0.00 0.47 1.00 0.00
0.70 0.00 0.64 1.00 0.00
0.70 0.00 0.82 1.00 0.00
0.70 0.00 0.99 1.00 0.00
0.70 0.00 1.16 1.00 0.00
0.70 0.00 1.34 1.00 0.00
0.70 0.00 1.51 1.00 0.00
0.70 0.00 1.69 1.00 0.00
0.70 0.00 1.86 1.00 0.00
0.70 0.00 2.04 1.00 0.00
0.70 0.00 2.21 1.00 0.00
0.90 0.00 -0.72 1.00 0.00
0.90 0.00 -0.55 1.00 0.00
0.90 0.00 -0.38 1.00 0.00
0.90 0.00 -0.20 1.00 0.00
0.90 0.00 -0.03 1.00 0.00
0.90 0.00 0.15 1.00 0.00
0.90 0.00 0.32 1.00 0.00
0.90 0.00 0.50 1.00 0.00
0.90 0.00 0.67 1.00 0.00
0.90 0.00 0.85 1.00 0.00
0.90 0.00 1.02 1.00 0.00
0.90 0.00 1.20 1.00 0.00
0.90 0.00 1.37 1.00 0.00
0.90 0.00 1.54 1.00 0.00
0.90 0.00 1.72 1.00 0.00
0.90 0.00 1.89 1.00 0.00
0.90 0.00 2.07 1.00 0.00
0.90 0.00 2.24 1.00 0.00
1.10 0.00 -0.69 1.00 0.00
1.10 0.00 -0.52 1.00 0.00
1.10 0.00 -0.34 1.00 0.00
1.10 0.00 -0.17 1.00 0.00
1.10 0.00 0.01 1.00 0.00
1.10 0.00 0.18 1.00 0.00
1.10 0.00 0.36 1.00 0.00
1.10 0.00 0.53 1.00 0.00
1.10 0.00 0.70 1.00 0.00
1.10 0.00 0.88 1.00 0.00
1.10 0.00 1.05 1.00 0.00
1.10 0.00 1.23 1.00 0.00
1.10 0.00 1.40 1.00 0.00
1.10 0.00 1.58 1.00 0.00
1.10 0.00 1.75 1.00 0.00
1.10 0.00 1.93 1.00 0.00
1.10 0.00 2.10 1.00 0.00
1.10 0.00 2.28 1.00 0.00
0.30 0.17 -0.81 1.00 0.00
0.30 0.17 -0.63 1.00 0.00
0.30 0.17 -0.46 1.00 0.00
0.30 0.17 -0.28 1.00 0.00
0.30 0.17 -0.11 1.00 0.00
0.30 0.17 0.07 1.00 0.00
0.30 0.17 0.24 1.00 0.00
0.30 0.17 0.42 1.00 0.00
0.30 0.17 0.59 1.00 0.00
0.30 0.17 0.77 1.00 0.00
0.30 0.17 0.94 1.00 0.00
0.30 0.17 1.11 1.00 0.00
0.30 0.17 1.29 1.00 0.00
0.30 0.17 1.46 1.00 0.00
0.30 0.17 1.64 1.00 0.00
0.30 0.17 1.81 1.00 0.00
0.30 0.17 1.99 1.00 0.00
0.30 0.17 2.16 1.00 0.00
0.50 0.17 -0.77 1.00 0.00
0.50 0.17 -0.60 1.00 0.00
0.50 0.17 -0.42 1.00 0.00
0.50 0.17 -0.25 1.00 0.00
0.50 0.17 -0.08 1.00 0.00
0.50 0.17 0.10 1.00 0.00
0.50 0.17 0.27 1.00 0.00
0.50 0.17 0.45 1.00 0.00
0.50 0.17 0.62 1.00 0.00
0.50 0.17 0.80 1.00 0.00
0.50 0.17 0.97 1.00 0.00
0.50 0.17 1.15 1.00 0.00
0.50 0.17 1.32 1.00 0.00
0.50 0.17 1.50 1.00 0.00
0.50 0.17 1.67 1.00 0.00
0.50 0.17 1.84 1.00 0.00
0.50 0.17 2.02 1.00 0.00
0.50 0.17 2.19 1.00 0.00
0.70 0.17 -0.74 1.00 0.00
0.70 0.17 -0.57 1.00 0.00
0.70 0.17 -0.39 1.00 0.00
0.70 0.17 -0.22 1.00 0.00
0.70 0.17 -0.04 1.00 0.00
0.70 0.17 0.13 1.00 0.00
0.70 0.17 0.31 1.00 0.00
0.70 0.17 0.48 1.00 0.00
0.70 0.17 0.66 1.00 0.00
0.70 0.17 0.83 1.00 0.00
0.70 0.17 1.01 1.00 0.00
0.70 0.17 1.18 1.00 0.00
0.70 0.17 1.35 1.00 0.00
0.70 0.17 1.53 1.00 0.00
0.70 0.17 1.70 1.00 0.00
0.70 0.17 1.88 1.00 0.00
0.70 0.17 2.05 1.00 0.00
0.70 0.17 2.23 1.00 0.00
0.90 0.17 -0.70 1.00 0.00
0.90 0.17 -0.53 1.00 0.00
0.90 0.17 -0.36 1.00 0.00
0.90 0.17 -0.18 1.00 0.00
0.90 0.17 -0.01 1.00 0.00
0.90 0.17 0.17 1.00 0.00
0.90 0.17 0.34 1.00 0.00
0.90 0.17 0.52 1.00 0.00
0.90 0.17 0.69 1.00 0.00
0.90 0.17 0.87 1.00 0.00
0.90 0.17 1.04 1.00 0.00
0.90 0.17 1.21 1.00 0.00
0.90 0.17 1.39 1.00 0.00
0.90 0.17 1.56 1.00 0.00
0.90 0.17 1.74 1.00 0.00
0.90 0.17 1.91 1.00 0.00
0.90 0.17 2.09 1.00 0.00
0.90 0.17 2.26 1.00 0.00
1.10 0.17 -0.67 1.00 0.00
1.10 0.17 -0.49 1.00 0.00
1.10 0.17 -0.32 1.00 0.00
1.10 0.17 -0.14 1.00 0.00
1.10 0.17 0.03 1.00 0.00
1.10 0.17 0.20 1.00 0.00
1.10 0.17 0.38 1.00 0.00
1.10 0.17 0.55 1.00 0.00
1.10 0.17 0.73 1.00 0.00
1.10 0.17 0.90 1.00 0.00
1.10 0.17 1.08 1.00 0.00
1.10 0.17 1.25 1.00 0.00
1.10 0.17 1.43 1.00 0.00
1.10 0.17 1.60 1.00 0.00
1.10 0.17 1.77 1.00 0.00
1.10 0.17 1.95 1.00 0.00
1.10 0.17 2.12 1.00 0.00
1.10 0.17 2.30 1.00 0.00
0.30 0.35 -0.80 1.00 0.00
0.30 0.35 -0.63 1.00 0.00
0.30 0.35 -0.45 1.00 0.00
0.30 0.35 -0.28 1.00 0.00
0.30 0.35 -0.10 1.00 0.00
0.30 0.35 0.07 1.00 0.00
0.30 0.35 0.25 1.00 0.00
0.30 0.35 0.42 1.00 0.00
0.30 0.35 0.60 1.00 0.00
0.30 0.35 0.77 1.00 0.00
0.30 0.35 0.95 1.00 0.00
0.30 0.35 1.12 1.00 0.00
0.30 0.35 1.29 1.00 0.00
0.30 0.35 1.47 1.00 0.00
0.30 0.35 1.64 1.00 0.00
0.30 0.35 1.82 1.00 0.00
0.30 0.35 1.99 1.00 0.00
0.30 0.35 2.17 1.00 0.00
0.50 0.35 -0.76 1.00 0.00
0.50 0.35 -0.59 1.00 0.00
0.50 0.35 -0.42 1.00 0.00
0.50 0.35 -0.24 1.00 0.00
0.50 0.35 -0.07 1.00 0.00
0.50 0.35 0.11 1.00 0.00
0.50 0.35 0.28 1.00 0.00
0.50 0.35 0.46 1.00 0.00
0.50 0.35 0.63 1.00 0.00
0.50 0.35 0.81 1.00 0.00
0.50 0.35 0.98 1.00 0.00
0.50 0.35 1.15 1.00 0.00
0.50 0.35 1.33 1.00 0.00
0.50 0.35 1.50 1.00 0.00
0.50 0.35 1.68 1.00 0.00
0.50 0.35 1.85 1.00 0.00
0.50 0.35 2.03 1.00 0.00
0.50 0.35 2.20 1.00 0.00
0.70 0.35 -0.73 1.00 0.00
0.70 0.35 -0.55 1.00 0.00
0.70 0.35 -0.38 1.00 0.00
0.70 0.35 -0.21 1.00 0.00
0.70 0.35 -0.03 1.00 0.00
0.70 0.35 0.14 1.00 0.00
0.70 0.35 0.32 1.00 0.00
0.70 0.35 0.49 1.00 0.00
0.70 0.35 0.67 1.00 0.00
0.70 0.35 0.84 1.00 0.00
0.70 0.35 1.02 1.00 0.00
0.70 0.35 1.19 1.00 0.00
0.70 0.35 1.37 1.00 0.00
0.70 0.35 1.54 1.00 0.00
0.70 0.35 1.71 1.00 0.00
0.70 0.35 1.89 1.00 0.00
0.70 0.35 2.06 1.00 0.00
0.70 0.35 2.24 1.00 0.00
0.90 0.35 -0.69 1.00 0.00
0.90 0.35 -0.52 1.00 0.00
0.90 0.35 -0.34 1.00 0.00
0.90 0.35 -0.17 1.00 0.00
0.90 0.35 0.01 1.00 0.00
0.90 0.35 0.18 1.00 0.00
0.90 0.35 0.36 1.00 0.00
0.90 0.35 0.53 1.00 0.00
0.90 0.35 0.70 1.00 0.00
0.90 0.35 0.88 1.00 0.00
0.90 0.35 1.05 1.00 0.00
0.90 0.35 1.23 1.00 0.00
0.90 0.35 1.40 1.00 0.00
0.90 0.35 1.58 1.00 0.00
0.90 0.35 1.75 1.00 0.00
0.90 0.35 1.93 1.00 0.00
0.90 0.35 2.10 1.00 0.00
0.90 0.35 2.28 1.00 0.00
1.10 0.35 -0.65 1.00 0.00
1.10 0.35 -0.48 1.00 0.00
1.10 0.35 -0.30 1.00 0.00
1.10 0.35 -0.13 1.00 0.00
1.10 0.35 0.05 1.00 0.00
1.10 0.35 0.22 1.00 0.00
1.10 0.35 0.39 1.00 0.00
1.10 0.35 0.57 1.00 0.00
1.10 0.35 0.74 1.00 0.00
1.10 0.35 0.92 1.00 0.00
1.10 0.35 1.09 1.00 0.00
1.10 0.35 1.27 1.00 0.00
1.10 0.35 1.44 1.00 0.00
1.10 0.35 1.62 1.00 0.00
1.10 0.35 1.79 1.00 0.00
1.10 0.35 1.96 1.00 0.00
1.10 0.35 2.14 1.00 0.00
1.10 0.35 2.31 1.00 0.00
0.30 0.52 -0.80 1.00 0.00
0.30 0.52 -0.62 1.00 0.00
0.30 0.52 -0.45 1.00 0.00
0.30 0.52 -0.27 1.00 0.00
0.30 0.52 -0.10 1.00 0.00
0.30 0.52 0.08 1.00 0.00
0.30 0.52 0.25 1.00 0.00
0.30 0.52 0.43 1.00 0.00
0.30 0.52 0.60 1.00 0.00
0.30 0.52 0.77 1.00 0.00
0.30 0.52 0.95 1.00 0.00
0.30 0.52 1.12 1.00 0.00
0.30 0.52 1.30 1.00 0.00
0.30 0.52 1.47 1.00 0.00
0.30 0.52 1.65 1.00 0.00
0.30 0.52 1.82 1.00 0.00
0.30 0.52 2.00 1.00 0.00
0.30 0.52 2.17 1.00 0.00
0.50 0.52 -0.76 1.00 0.00
0.50 0.52 -0.59 1.00 0.00
0.50 0.52 -0.41 1.00 0.00
0.50 0.52 -0.24 1.00 0.00
0.50 0.52 -0.06 1.00 0.00
0.50 0.52 0.11 1.00 0.00
0.50 0.52 0.29 1.00 0.00
0.50 0.52 0.46 1.00 0.00
0.50 0.52 0.64 1.00 0.00
0.50 0.52 0.81 1.00 0.00
0.50 0.52 0.99 1.00 0.00
0.50 0.52 1.16 1.00 0.00
0.50 0.52 1.33 1.00 0.00
0.50 0.52 1.51 1.00 0.00
0.50 0.52 1.68 1.00 0.00
0.50 0.52 1.86 1.00 0.00
0.50 0.52 2.03 1.00 0.00
0.50 0.52 2.21 1.00 0.00
0.70 0.52 -0.72 1.00 0.00
0.70 0.52 -0.55 1.00 0.00
0.70 0.52 -0.37 1.00 0.00
0.70 0.52 -0.20 1.00 0.00
0.70 0.52 -0.02 1.00 0.00
0.70 0.52 0.15 1.00 0.00
0.70 0.52 0.33 1.00 0.00
0.70 0.52 0.50 1.00 0.00
0.70 0.52 0.67 1.00 0.00
0.70 0.52 0.85 1.00 0.00
0.70 0.52 1.02 1.00 0.00
0.70 0.52 1.20 1.00 0.00
0.70 0.52 1.37 1.00 0.00
0.70 0.52 1.55 1.00 0.00
0.70 0.52 1.72 1.00 0.00
0.70 0.52 1.90 1.00 0.00
0.70 0.52 2.07 1.00 0.00
0.70 0.52 2.25 1.00 0.00
0.90 0.52 -0.68 1.00 0.00
0.90 0.52 -0.51 1.00 0.00
0.90 0.52 -0.33 1.00 0.00
0.90 0.52 -0.16 1.00 0.00
0.90 0.52 0.01 1.00 0.00
0.90 0.52 0.19 1.00 0.00
0.90 0.52 0.36 1.00 0.00
0.90 0.52 0.54 1.00 0.00
0.90 0.52 0.71 1.00 0.00
0.90 0.52 0.89 1.00 0.00
0.90 0.52 1.06 1.00 0.00
0.90 0.52 1.24 1.00 0.00
0.90 0.52 1.41 1.00 0.00
0.90 0.52 1.59 1.00 0.00
0.90 0.52 1.76 1.00 0.00
0.90 0.52 1.93 1.00 0.00
0.90 0.52 2.11 1.00 0.00
0.90 0.52 2.28 1.00 0.00
1.10 0.52 -0.64 1.00 0.00
1.10 0.52 -0.47 1.00 0.00
1.10 0.52 -0.30 1.00 0.00
1.10 0.52 -0.12 1.00 0.00
1.10 0.52 0.05 1.00 0.00
1.10 0.52 0.23 1.00 0.00
1.10 0.52 0.40 1.00 0.00
1.10 0.52 0.58 1.00 0.00
1.10 0.52 0.75 1.00 0.00
1.10 0.52 0.93 1.00 0.00
1.10 0.52 1.10 1.00 0.00
1.10 0.52 1.27 1.00 0.00
1.10 0.52 1.45 1.00 0.00
1.10 0.52 1.62 1.00 0.00
1.10 0.52 1.80 1.00 0.00
1.10 0.52 1.97 1.00 0.00
1.10 0.52 2.15 1.00 0.00
1.10 0.52 2.32 1.00 0.00
0.30 0.70 -0.79 1.00 0.00
0.30 0.70 -0.62 1.00 0.00
0.30 0.70 -0.45 1.00 0.00
0.30 0.70 -0.27 1.00 0.00
0.30 0.70 -0.10 1.00 0.00
0.30 0.70 0.08 1.00 0.00
0.30 0.70 0.25 1.00 0.00
0.30 0.70 0.43 1.00 0.00
0.30 0.70 0.60 1.00 0.00
0.30 0.70 0.78 1.00 0.00
0.30 0.70 0.95 1.00 0.00
0.30 0.70 1.13 1.00 0.00
0.30 0.70 1.30 1.00 0.00
0.30 0.70 1.47 1.00 0.00
0.30 0.70 1.65 1.00 0.00
0.30 0.70 1.82 1.00 0.00
0.30 0.70 2.00 1.00 0.00
0.30 0.70 2.17 1.00 0.00
0.50 0.70 -0.76 1.00 0.00
0.50 0.70 -0.58 1.00 0.00
0.50 0.70 -0.41 1.00 0.00
0.50 0.70 -0.23 1.00 0.00
0.50 0.70 -0.06 1.00 0.00
0.50 0.70 0.12 1.00 0.00
0.50 0.70 0.29 1.00 0.00
0.50 0.70 0.46 1.00 0.00
0.50 0.70 0.64 1.00 0.00
0.50 0.70 0.81 1.00 0.00
0.50 0.70 0.99 1.00 0.00
0.50 0.70 1.16 1.00 0.00
0.50 0.70 1.34 1.00 0.00
0.50 0.70 1.51 1.00 0.00
0.50 0.70 1.69 1.00 0.00
0.50 0.70 1.86 1.00 0.00
0.50 0.70 2.04 1.00 0.00
0.50 0.70 2.21 1.00 0.00
0.70 0.70 -0.72 1.00 0.00
0.70 0.70 -0.54 1.00 0.00
0.70 0.70 -0.37 1.00 0.00
0.70 0.70 -0.20 1.00 0.00
0.70 0.70 -0.02 1.00 0.00
0.70 0.70 0.15 1.00 0.00
0.70 0.70 0.33 1.00 0.00
0.70 0.70 0.50 1.00 0.00
0.70 0.70 0.68 1.00 0.00
0.70 0.70 0.85 1.00 0.00
0.70 0.70 1.03 1.00 0.00
0.70 0.70 1.20 1.00 0.00
0.70 0.70 1.38 1.00 0.00
0.70 0.70 1.55 1.00 0.00
0.70 0.70 1.72 1.00 0.00
0.70 0.70 1.90 1.00 0.00
0.70 0.70 2.07 1.00 0.00
0.70 0.70 2.25 1.00 0.00
0.90 0.70 -0.68 1.00 0.00
0.90 0.70 -0.51 1.00 0.00
0.90 0.70 -0.33 1.00 0.00
0.90 0.70 -0.16 1.00 0.00
0.90 0.70 0.02 1.00 0.00
0.90 0.70 0.19 1.00 0.00
0.90 0.70 0.37 1.00 0.00
0.90 0.70 0.54 1.00 0.00
0.90 0.70 0.71 1.00 0.00
0.90 0.70 0.89 1.00 0.00
0.90 0.70 1.06 1.00 0.00
0.90 0.70 1.24 1.00 0.00
0.90 0.70 1.41 1.00 0.00
0.90 0.70 1.59 1.00 0.00
0.90 0.70 1.76 1.00 0.00
0.90 0.70 1.94 1.00 0.00
0.90 0.70 2.11 1.00 0.00
0.90 0.70 2.29 1.00 0.00
1.10 0.70 -0.64 1.00 0.00
1.10 0.70 -0.47 1.00 0.00
1.10 0.70 -0.29 1.00 0.00
1.10 0.70 -0.12 1.00 0.00
1.10 0.70 0.05 1.00 0.00
1.10 0.70 0.23 1.00 0.00
1.10 0.70 0.40 1.00 0.00
1.10 0.70 0.58 1.00 0.00
1.10 0.70 0.75 1.00 0.00
1.10 0.70 0.93 1.00 0.00
1.10 0.70 1.10 1.00 0.00
1.10 0.70 1.28 1.00 0.00
1.10 0.70 1.45 1.00 0.00
1.10 0.70 1.63 1.00 0.00
1.10 0.70 1.80 1.00 0.00
1.10 0.70 1.97 1.00 0.00
1.10 0.70 2.15 1.00 0.00
1.10 0.70 2.32 1.00 0.00
0.30 0.87 -0.79 1.00 0.00
0.30 0.87 -0.62 1.00 0.00
0.30 0.87 -0.45 1.00 0.00
0.30 0.87 -0.27 1.00 0.00
0.30 0.87 -0.10 1.00 0.00
0.30 0.87 0.08 1.00 0.00
0.30 0.87 0.25 1.00 0.00
0.30 0.87 0.43 1.00 0.00
0.30 0.87 0.60 1.00 0.00
0.30 0.87 0.78 1.00 0.00
0.30 0.87 0.95 1.00 0.00
0.30 0.87 1.13 1.00 0.00
0.30 0.87 1.30 1.00 0.00
0.30 0.87 1.47 1.00 0.00
0.30 0.87 1.65 1.00 0.00
0.30 0.87 1.82 1.00 0.00
0.30 0.87 2.00 1.00 0.00
0.30 0.87 2.17 1.00 0.00
0.50 0.87 -0.76 1.00 0.00
0.50 0.87 -0.58 1.00 0.00
0.50 0.87 -0.41 1.00 0.00
0.50 0.87 -0.23 1.00 0.00
0.50 0.87 -0.06 1.00 0.00
0.50 0.87 0.12 1.00 0.00
0.50 0.87 0.29 1.00 0.00
0.50 0.87 0.46 1.00 0.00
0.50 0.87 0.64 1.00 0.00
0.50 0.87 0.81 1.00 0.00
0.50 0.87 0.99 1.00 0.00
0.50 0.87 1.16 1.00 0.00
0.50 0.87 1.34 1.00 0.00
0.50 0.87 1.51 1.00 0.00
0.50 0.87 1.69 1.00 0.00
0.50 0.87 1.86 1.00 0.00
0.50 0.87 2.03 1.00 0.00
0.50 0.87 2.21 1.00 0.00
0.70 0.87 -0.72 1.00 0.00
0.70 0.87 -0.55 1.00 0.00
0.70 0.87 -0.37 1.00 0.00
0.70 0.87 -0.20 1.00 0.00
0.70 0.87 -0.02 1.00 0.00
0.70 0.87 0.15 1.00 0.00
0.70 0.87 0.33 1.00 0.00
0.70 0.87 0.50 1.00 0.00
0.70 0.87 0.68 1.00 0.00
0.70 0.87 0.85 1.00 0.00
0.70 0.87 1.02 1.00 0.00
0.70 0.87 1.20 1.00 0.00
0.70 0.87 1.37 1.00 0.00
0.70 0.87 1.55 1.00 0.00
0.70 0.87 1.72 1.00 0.00
0.70 0.87 1.90 1.00 0.00
0.70 0.87 2.07 1.00 0.00
0.70 0.87 2.25 1.00 0.00
0.90 0.87 -0.68 1.00 0.00
0.90 0.87 -0.51 1.00 0.00
0.90 0.87 -0.34 1.00 0.00
0.90 0.87 -0.16 1.00 0.00
0.90 0.87 0.01 1.00 0.00
0.90 0.87 0.19 1.00 0.00
0.90 0.87 0.36 1.00 0.00
0.90 0.87 0.54 1.00 0.00
0.90 0.87 0.71 1.00 0.00
0.90 0.87 0.89 1.00 0.00
0.90 0.87 1.06 1.00 0.00
0.90 0.87 1.24 1.00 0.00
0.90 0.87 1.41 1.00 0.00
0.90 0.87 1.58 1.00 0.00
0.90 0.87 1.76 1.00 0.00
0.90 0.87 1.93 1.00 0.00
0.90 0.87 2.11 1.00 0.00
0.90 0.87 2.28 1.00 0.00
1.10 0.87 -0.65 1.00 0.00
1.10 0.87 -0.47 1.00 0.00
1.10 0.87 -0.30 1.00 0.00
1.10 0.87 -0.13 1.00 0.00
1.10 0.87 0.05 1.00 0.00
1.10 0.87 0.22 1.00 0.00
1.10 0.87 0.40 1.00 0.00
1.10 0.87 0.57 1.00 0.00
1.10 0.87 0.75 1.00 0.00
1.10 0.87 0.92 1.00 0.00
1.10 0.87 1.10 1.00 0.00
1.10 0.87 1.27 1.00 0.00
1.10 0.87 1.45 1.00 0.00
1.10 0.87 1.62 1.00 0.00
1.10 0.87 1.79 1.00 0.00
1.10 0.87 1.97 1.00 0.00
1.10 0.87 2.14 1.00 0.00
1.10 0.87 2.32 1.00 0.00
0.30 1.05 -0.80 1.00 0.00
0.30 1.05 -0.62 1.00 0.00
0.30 1.05 -0.45 1.00 0.00
0.30 1.05 -0.27 1.00 0.00
0.30 1.05 -0.10 1.00 0.00
0.30 1.05 0.08 1.00 0.00
0.30 1.05 0.25 1.00 0.00
0.30 1.05 0.43 1.00 0.00
0.30 1.05 0.60 1.00 0.00
0.30 1.05 0.77 1.00 0.00
0.30 1.05 0.95 1.00 0.00
0.30 1.05 1.12 1.00 0.00
0.30 1.05 1.30 1.00 0.00
0.30 1.05 1.47 1.00 0.00
0.30 1.05 1.65 1.00 0.00
0.30 1.05 1.82 1.00 0.00
0.30 1.05 2.00 1.00 0.00
0.30 1.05 2.17 1.00 0.00
0.50 1.05 -0.76 1.00 0.00
0.50 1.05 -0.59 1.00 0.00
0.50 1.05 -0.41 1.00 0.00
0.50 1.05 -0.24 1.00 0.00
0.50 1.05 -0.06 1.00 0.00
0.50 1.05 0.11 1.00 0.00
0.50 1.05 0.29 1.00 0.00
0.50 1.05 0.46 1.00 0.00
0.50 1.05 0.64 1.00 0.00
0.50 1.05 0.81 1.00 0.00
0.50 1.05 0.98 1.00 0.00
0.50 1.05 1.16 1.00 0.00
0.50 1.05 1.33 1.00 0.00
0.50 1.05 1.51 1.00 0.00
0.50 1.05 1.68 1.00 0.00
0.50 1.05 1.86 1.00 0.00
0.50 1.05 2.03 1.00 0.00
0.50 1.05 2.21 1.00 0.00
0.70 1.05 -0.73 1.00 0.00
0.70 1.05 -0.55 1.00 0.00
0.70 1.05 -0.38 1.00 0.00
0.70 1.05 -0.20 1.00 0.00
0.70 1.05 -0.03 1.00 0.00
0.70 1.05 0.15 1.00 0.00
0.70 1.05 0.32 1.00 0.00
0.70 1.05 0.50 1.00 0.00
0.70 1.05 0.67 1.00 0.00
0.70 1.05 0.84 1.00 0.00
0.70 1.05 1.02 1.00 0.00
0.70 1.05 1.19 1.00 0.00
0.70 1.05 1.37 1.00 0.00
0.70 1.05 1.54 1.00 0.00
0.70 1.05 1.72 1.00 0.00
0.70 1.05 1.89 1.00 0.00
0.70 1.05 2.07 1.00 0.00
0.70 1.05 2.24 1.00 0.00
0.90 1.05 -0.69 1.00 0.00
0.90 1.05 -0.52 1.00 0.00
0.90 1.05 -0.34 1.00 0.00
0.90 1.05 -0.17 1.00 0.00
0.90 1.05 0.01 1.00 0.00
0.90 1.05 0.18 1.00 0.00
0.90 1.05 0.36 1.00 0.00
0.90 1.05 0.53 1.00 0.00
0.90 1.05 0.70 1.00 0.00
0.90 1.05 0.88 1.00 0.00
0.90 1.05 1.05 1.00 0.00
0.90 1.05 1.23 1.00 0.00
0.90 1.05 1.40 1.00 0.00
0.90 1.05 1.58 1.00 0.00
0.90 1.05 1.75 1.00 0.00
0.90 1.05 1.93 1.00 0.00
0.90 1.05 2.10 1.00 0.00
0.90 1.05 2.27 1.00 0.00
1.10 1.05 -0.66 1.00 0.00
1.10 1.05 -0.48 1.00 0.00
1.10 1.05 -0.31 1.00 0.00
1.10 1.05 -0.14 1.00 0.00
1.10 1.05 0.04 1.00 0.00
1.10 1.05 0.21 1.00 0.00
1.10 1.05 0.39 1.00 0.00
1.10 1.05 0.56 1.00 0.00
1.10 1.05 0.74 1.00 0.00
1.10 1.05 0.91 1.00 0.00
1.10 1.05 1.09 1.00 0.00
1.10 1.05 1.26 1.00 0.00
1.10 1.05 1.44 1.00 0.00
1.10 1.05 1.61 1.00 0.00
1.10 1.05 1.78 1.00 0.00
1.10 1.05 1.96 1.00 0.00
1.10 1.05 2.13 1.00 0.00
1.10 1.05 2.31 1.00 0.00
0.30 1.22 -0.80 1.00 0.00
0.30 1.22 -0.62 1.00 0.00
0.30 1.22 -0.45 1.00 0.00
0.30 1.22 -0.28 1.00 0.00
0.30 1.22 -0.10 1.00 0.00
0.30 1.22 0.07 1.00 0.00
0.30 1.22 0.25 1.00 0.00
0.30 1.22 0.42 1.00 0.00
0.30 1.22 0.60 1.00 0.00
0.30 1.22 0.77 1.00 0.00
0.30 1.22 0.95 1.00 0.00
0.30 1.22 1.12 1.00 0.00
0.30 1.22 1.29 1.00 0.00
0.30 1.22 1.47 1.00 0.00
0.30 1.22 1.64 1.00 0.00
0.30 1.22 1.82 1.00 0.00
0.30 1.22 1.99 1.00 0.00
0.30 1.22 2.17 1.00 0.00
0.50 1.22 -0.77 1.00 0.00
0.50 1.22 -0.59 1.00 0.00
0.50 1.22 -0.42 1.00 0.00
0.50 1.22 -0.24 1.00 0.00
0.50 1.22 -0.07 1.00 0.00
0.50 1.22 0.11 1.00 0.00
0.50 1.22 0.28 1.00 0.00
0.50 1.22 0.46 1.00 0.00
0.50 1.22 0.63 1.00 0.00
0.50 1.22 0.80 1.00 0.00
0.50 1.22 0.98 1.00 0.00
0.50 1.22 1.15 1.00 0.00
0.50 1.22 1.33 1.00 0.00
0.50 1.22 1.50 1.00 0.00
0.50 1.22 1.68 1.00 0.00
0.50 1.22 1.85 1.00 0.00
0.50 1.22 2.03 1.00 0.00
0.50 1.22 2.20 1.00 0.00
0.70 1.22 -0.73 1.00 0.00
0.70 1.22 -0.56 1.00 0.00
0.70 1.22 -0.39 1.00 0.00
0.70 1.22 -0.21 1.00 0.00
0.70 1.22 -0.04 1.00 0.00
0.70 1.22 0.14 1.00 0.00
0.70 1.22 0.31 1.00 0.00
0.70 1.22 0.49 1.00 0.00
0.70 1.22 0.66 1.00 0.00
0.70 1.22 0.84 1.00 0.00
0.70 1.22 1.01 1.00 0.00
0.70 1.22 1.19 1.00 0.00
0.70 1.22 1.36 1.00 0.00
0.70 1.22 1.53 1.00 0.00
0.70 1.22 1.71 1.00 0.00
0.70 1.22 1.88 1.00 0.00
0.70 1.22 2.06 1.00 0.00
0.70 1.22 2.23 1.00 0.00
0.90 1.22 -0.70 1.00 0.00
0.90 1.22 -0.53 1.00 0.00
0.90 1.22 -0.35 1.00 0.00
0.90 1.22 -0.18 1.00 0.00
0.90 1.22 -0.01 1.00 0.00
0.90 1.22 0.17 1.00 0.00
0.90 1.22 0.34 1.00 0.00
0.90 1.22 0.52 1.00 0.00
0.90 1.22 0.69 1.00 0.00
0.90 1.22 0.87 1.00 0.00
0.90 1.22 1.04 1.00 0.00
0.90 1.22 1.22 1.00 0.00
0.90 1.22 1.39 1.00 0.00
0.90 1.22 1.57 1.00 0.00
0.90 1.22 1.74 1.00 0.00
0.90 1.22 1.91 1.00 0.00
0.90 1.22 2.09 1.00 0.00
0.90 1.22 2.26 1.00 0.00
1.10 1.22 -0.67 1.00 0.00
1.10 1.22 -0.50 1.00 0.00
1.10 1.22 -0.32 1.00 0.00
1.10 1.22 -0.15 1.00 0.00
1.10 1.22 0.02 1.00 0.00
1.10 1.22 0.20 1.00 0.00
1.10 1.22 0.37 1.00 0.00
1.10 1.22 0.55 1.00 0.00
1.10 1.22 0.72 1.00 0.00
1.10 1.22 0.90 1.00 0.00
1.10 1.22 1.07 1.00 0.00
1.10 1.22 1.25 1.00 0.00
1.10 1.22 1.42 1.00 0.00
1.10 1.22 1.59 1.00 0.00
1.10 1.22 1.77 1.00 0.00
1.10 1.22 1.94 1.00 0.00
1.10 1.22 2.12 1.00 0.00
1.10 1.22 2.29 1.00 0.00
0.30 1.40 -0.80 1.00 0.00
0.30 1.40 -0.63 1.00 0.00
0.30 1.40 -0.45 1.00 0.00
0.30 1.40 -0.28 1.00 0.00
0.30 1.40 -0.11 1.00 0.00
0.30 1.40 0.07 1.00 0.00
0.30 1.40 0.24 1.00 0.00
0.30 1.40 0.42 1.00 0.00
0.30 1.40 0.59 1.00 0.00
0.30 1.40 0.77 1.00 0.00
0.30 1.40 0.94 1.00 0.00
0.30 1.40 1.12 1.00 0.00
0.30 1.40 1.29 1.00 0.00
0.30 1.40 1.46 1.00 0.00
0.30 1.40 1.64 1.00 0.00
0.30 1.40 1.81 1.00 0.00
0.30 1.40 1.99 1.00 0.00
0.30 1.40 2.16 1.00 0.00
0.50 1.40 -0.77 1.00 0.00
0.50 1.40 -0.60 1.00 0.00
0.50 1.40 -0.43 1.00 0.00
0.50 1.40 -0.25 1.00 0.00
0.50 1.40 -0.08 1.00 0.00
0.50 1.40 0.10 1.00 0.00
0.50 1.40 0.27 1.00 0.00
0.50 1.40 0.45 1.00 0.00
0.50 1.40 0.62 1.00 0.00
0.50 1.40 0.80 1.00 0.00
0.50 1.40 0.97 1.00 0.00
0.50 1.40 1.15 1.00 0.00
0.50 1.40 1.32 1.00 0.00
0.50 1.40 1.49 1.00 0.00
0.50 1.40 1.67 1.00 0.00
0.50 1.40 1.84 1.00 0.00
0.50 1.40 2.02 1.00 0.00
0.50 1.40 2.19 1.00 0.00
0.70 1.40 -0.75 1.00 0.00
0.70 1.40 -0.57 1.00 0.00
0.70 1.40 -0.40 1.00 0.00
0.70 1.40 -0.22 1.00 0.00
0.70 1.40 -0.05 1.00 0.00
0.70 1.40 0.13 1.00 0.00
0.70 1.40 0.30 1.00 0.00
0.70 1.40 0.48 1.00 0.00
0.70 1.40 0.65 1.00 0.00
0.70 1.40 0.82 1.00 0.00
0.70 1.40 1.00 1.00 0.00
0.70 1.40 1.17 1.00 0.00
0.70 1.40 1.35 1.00 0.00
0.70 1.40 1.52 1.00 0.00
0.70 1.40 1.70 1.00 0.00
0.70 1.40 1.87 1.00 0.00
0.70 1.40 2.05 1.00 0.00
0.70 1.40 2.22 1.00 0.00
0.90 1.40 -0.72 1.00 0.00
0.90 1.40 -0.54 1.00 0.00
0.90 1.40 -0.37 1.00 0.00
0.90 1.40 -0.20 1.00 0.00
0.90 1.40 -0.02 1.00 0.00
0.90 1.40 0.15 1.00 0.00
0.90 1.40 0.33 1.00 0.00
0.90 1.40 0.50 1.00 0.00
0.90 1.40 0.68 1.00 0.00
0.90 1.40 0.85 1.00 0.00
0.90 1.40 1.03 1.00 0.00
0.90 1.40 1.20 1.00 0.00
0.90 1.40 1.38 1.00 0.00
0.90 1.40 1.55 1.00 0.00
0.90 1.40 1.72 1.00 0.00
0.90 1.40 1.90 1.00 0.00
0.90 1.40 2.07 1.00 0.00
0.90 1.40 2.25 1.00 0.00
1.10 1.40 -0.69 1.00 0.00
1.10 1.40 -0.52 1.00 0.00
1.10 1.40 -0.34 1.00 0.00
1.10 1.40 -0.17 1.00 0.00
1.10 1.40 0.01 1.00 0.00
1.10 1.40 0.18 1.00 0.00
1.10 1.40 0.35 1.00 0.00
1.10 1.40 0.53 1.00 0.00
1.10 1.40 0.70 1.00 0.00
1.10 1.40 0.88 1.00 0.00
1.10 1.40 1.05 1.00 0.00
1.10 1.40 1.23 1.00 0.00
1.10 1.40 1.40 1.00 0.00
1.10 1.40 1.58 1.00 0.00
1.10 1.40 1.75 1.00 0.00
1.10 1.40 1.92 1.00 0.00
1.10 1.40 2.10 1.00 0.00
1.10 1.40 2.27 1.00 0.00
0.30 1.57 -0.81 1.00 0.00
0.30 1.57 -0.64 1.00 0.00
0.30 1.57 -0.46 1.00 0.00
0.30 1.57 -0.29 1.00 0.00
0.30 1.57 -0.11 1.00 0.00
0.30 1.57 0.06 1.00 0.00
0.30 1.57 0.24 1.00 0.00
0.30 1.57 0.41 1.00 0.00
0.30 1.57 0.59 1.00 0.00
0.30 1.57 0.76 1.00 0.00
0.30 1.57 0.94 1.00 0.00
0.30 1.57 1.11 1.00 0.00
0.30 1.57 1.28 1.00 0.00
0.30 1.57 1.46 1.00 0.00
0.30 1.57 1.63 1.00 0.00
0.30 1.57 1.81 1.00 0.00
0.30 1.57 1.98 1.00 0.00
0.30 1.57 2.16 1.00 0.00
0.50 1.57 -0.78 1.00 0.00
0.50 1.57 -0.61 1.00 0.00
0.50 1.57 -0.44 1.00 0.00
0.50 1.57 -0.26 1.00 0.00
0.50 1.57 -0.09 1.00 0.00
0.50 1.57 0.09 1.00 0.00
0.50 1.57 0.26 1.00 0.00
0.50 1.57 0.44 1.00 0.00
0.50 1.57 0.61 1.00 0.00
0.50 1.57 0.79 1.00 0.00
0.50 1.57 0.96 1.00 0.00
0.50 1.57 1.14 1.00 0.00
0.50 1.57 1.31 1.00 0.00
0.50 1.57 1.48 1.00 0.00
0.50 1.57 1.66 1.00 0.00
0.50 1.57 1.83 1.00 0.00
0.50 1.57 2.01 1.00 0.00
0.50 1.57 2.18 1.00 0.00
0.70 1.57 -0.76 1.00 0.00
0.70 1.57 -0.59 1.00 0.00
0.70 1.57 -0.41 1.00 0.00
0.70 1.57 -0.24 1.00 0.00
0.70 1.57 -0.06 1.00 0.00
0.70 1.57 0.11 1.00 0.00
0.70 1.57 0.29 1.00 0.00
0.70 1.57 0.46 1.00 0.00
0.70 1.57 0.64 1.00 0.00
0.70 1.57 0.81 1.00 0.00
0.70 1.57 0.99 1.00 0.00
0.70 1.57 1.16 1.00 0.00
0.70 1.57 1.33 1.00 0.00
0.70 1.57 1.51 1.00 0.00
0.70 1.57 1.68 1.00 0.00
0.70 1.57 1.86 1.00 0.00
0.70 1.57 2.03 1.00 0.00
0.70 1.57 2.21 1.00 0.00
0.90 1.57 -0.74 1.00 0.00
0.90 1.57 -0.56 1.00 0.00
0.90 1.57 -0.39 1.00 0.00
0.90 1.57 -0.21 1.00 0.00
0.90 1.57 -0.04 1.00 0.00
0.90 1.57 0.14 1.00 0.00
0.90 1.57 0.31 1.00 0.00
0.90 1.57 0.48 1.00 0.00
0.90 1.57 0.66 1.00 0.00
0.90 1.57 0.83 1.00 0.00
0.90 1.57 1.01 1.00 0.00
0.90 1.57 1.18 1.00 0.00
0.90 1.57 1.36 1.00 0.00
0.90 1.57 1.53 1.00 0.00
0.90 1.57 1.71 1.00 0.00
0.90 1.57 1.88 1.00 0.00
0.90 1.57 2.06 1.00 0.00
0.90 1.57 2.23 1.00 0.00
1.10 1.57 -0.72 1.00 0.00
1.10 1.57 -0.54 1.00 0.00
1.10 1.57 -0.37 1.00 0.00
1.10 1.57 -0.19 1.00 0.00
1.10 1.57 -0.02 1.00 0.00
1.10 1.57 0.16 1.00 0.00
1.10 1.57 0.33 1.00 0.00
1.10 1.57 0.51 1.00 0.00
1.10 1.57 0.68 1.00 0.00
1.10 1.57 0.86 1.00 0.00
1.10 1.57 1.03 1.00 0.00
1.10 1.57 1.20 1.00 0.00
1.10 1.57 1.38 1.00 0.00
1.10 1.57 1.55 1.00 0.00
1.10 1.57 1.73 1.00 0.00
1.10 1.57 1.90 1.00 0.00
1.10 1.57 2.08 1.00 0.00
1.10 1.57 2.25 1.00 0.00
0.30 1.75 -0.82 1.00 0.00
0.30 1.75 -0.64 1.00 0.00
0.30 1.75 -0.47 1.00 0.00
0.30 1.75 -0.29 1.00 0.00
0.30 1.75 -0.12 1.00 0.00
0.30 1.75 0.06 1.00 0.00
0.30 1.75 0.23 1.00 0.00
0.30 1.75 0.40 1.00 0.00
0.30 1.75 0.58 1.00 0.00
0.30 1.75 0.75 1.00 0.00
0.30 1.75 0.93 1.00 0.00
0.30 1.75 1.10 1.00 0.00
0.30 1.75 1.28 1.00 0.00
0.30 1.75 1.45 1.00 0.00
0.30 1.75 1.63 1.00 0.00
0.30 1.75 1.80 1.00 0.00
0.30 1.75 1.98 1.00 0.00
0.30 1.75 2.15 1.00 0.00
0.50 1.75 -0.80 1.00 0.00
0.50 1.75 -0.62 1.00 0.00
0.50 1.75 -0.45 1.00 0.00
0.50 1.75 -0.27 1.00 0.00
0.50 1.75 -0.10 1.00 0.00
0.50 1.75 0.08 1.00 0.00
0.50 1.75 0.25 1.00 0.00
0.50 1.75 0.43 1.00 0.00
0.50 1.75 0.60 1.00 0.00
0.50 1.75 0.77 1.00 0.00
0.50 1.75 0.95 1.00 0.00
0.50 1.75 1.12 1.00 0.00
0.50 1.75 1.30 1.00 0.00
0.50 1.75 1.47 1.00 0.00
0.50 1.75 1.65 1.00 0.00
0.50 1.75 1.82 1.00 0.00
0.50 1.75 2.00 1.00 0.00
0.50 1.75 2.17 1.00 0.00
0.70 1.75 -0.78 1.00 0.00
0.70 1.75 -0.60 1.00 0.00
0.70 1.75 -0.43 1.00 0.00
0.70 1.75 -0.25 1.00 0.00
0.70 1.75 -0.08 1.00 0.00
0.70 1.75 0.10 1.00 0.00
0.70 1.75 0.27 1.00 0.00
0.70 1.75 0.45 1.00 0.00
0.70 1.75 0.62 1.00 0.00
0.70 1.75 0.79 1.00 0.00
0.70 1.75 0.97 1.00 0.00
0.70 1.75 1.14 1.00 0.00
0.70 1.75 1.32 1.00 0.00
0.70 1.75 1.49 1.00 0.00
0.70 1.75 1.67 1.00 0.00
0.70 1.75 1.84 1.00 0.00
0.70 1.75 2.02 1.00 0.00
0.70 1.75 2.19 1.00 0.00
0.90 1.75 -0.76 1.00 0.00
0.90 1.75 -0.58 1.00 0.00
0.90 1.75 -0.41 1.00 0.00
0.90 1.75 -0.23 1.00 0.00
0.90 1.75 -0.06 1.00 0.00
0.90 1.75 0.11 1.00 0.00
0.90 1.75 0.29 1.00 0.00
0.90 1.75 0.46 1.00 0.00
0.90 1.75 0.64 1.00 0.00
0.90 1.75 0.81 1.00 0.00
0.90 1.75 0.99 1.00 0.00
0.90 1.75 1.16 1.00 0.00
0.90 1.75 1.34 1.00 0.00
0.90 1.75 1.51 1.00 0.00
0.90 1.75 1.69 1.00 0.00
0.90 1.75 1.86 1.00 0.00
0.90 1.75 2.03 1.00 0.00
0.90 1.75 2.21 1.00 0.00
1.10 1.75 -0.74 1.00 0.00
1.10 1.75 -0.57 1.00 0.00
1.10 1.75 -0.39 1.00 0.00
1.10 1.75 -0.22 1.00 0.00
1.10 1.75 -0.04 1.00 0.00
1.10 1.75 0.13 1.00 0.00
1.10 1.75 0.31 1.00 0.00
1.10 1.75 0.48 1.00 0.00
1.10 1.75 0.66 1.00 0.00
1.10 1.75 0.83 1.00 0.00
1.10 1.75 1.01 1.00 0.00
1.10 1.75 1.18 1.00 0.00
1.10 1.75 1.35 1.00 0.00
1.10 1.75 1.53 1.00 0.00
1.10 1.75 1.70 1.00 0.00
1.10 1.75 1.88 1.00 0.00
1.10 1.75 2.05 1.00 0.00
1.10 1.75 2.23 1.00 0.00
0.30 1.92 -0.82 1.00 0.00
0.30 1.92 -0.65 1.00 0.00
0.30 1.92 -0.48 1.00 0.00
0.30 1.92 -0.30 1.00 0.00
0.30 1.92 -0.13 1.00 0.00
0.30 1.92 0.05 1.00 0.00
0.30 1.92 0.22 1.00 0.00
0.30 1.92 0.40 1.00 0.00
0.30 1.92 0.57 1.00 0.00
0.30 1.92 0.75 1.00 0.00
0.30 1.92 0.92 1.00 0.00
0.30 1.92 1.09 1.00 0.00
0.30 1.92 1.27 1.00 0.00
0.30 1.92 1.44 1.00 0.00
0.30 1.92 1.62 1.00 0.00
0.30 1.92 1.79 1.00 0.00
0.30 1.92 1.97 1.00 0.00
0.30 1.92 2.14 1.00 0.00
0.50 1.92 -0.81 1.00 0.00
0.50 1.92 -0.63 1.00 0.00
0.50 1.92 -0.46 1.00 0.00
0.50 1.92 -0.29 1.00 0.00
0.50 1.92 -0.11 1.00 0.00
0.50 1.92 0.06 1.00 0.00
0.50 1.92 0.24 1.00 0.00
0.50 1.92 0.41 1.00 0.00
0.50 1.92 0.59 1.00 0.00
0.50 1.92 0.76 1.00 0.00
0.50 1.92 0.94 1.00 0.00
0.50 1.92 1.11 1.00 0.00
0.50 1.92 1.29 1.00 0.00
0.50 1.92 1.46 1.00 0.00
0.50 1.92 1.63 1.00 0.00
0.50 1.92 1.81 1.00 0.00
0.50 1.92 1.98 1.00 0.00
0.50 1.92 2.16 1.00 0.00
0.70 1.92 -0.79 1.00 0.00
0.70 1.92 -0.62 1.00 0.00
0.70 1.92 -0.45 1.00 0.00
0.70 1.92 -0.27 1.00 0.00
0.70 1.92 -0.10 1.00 0.00
0.70 1.92 0.08 1.00 0.00
0.70 1.92 0.25 1.00 0.00
0.70 1.92 0.43 1.00 0.00
0.70 1.92 0.60 1.00 0.00
0.70 1.92 0.78 1.00 0.00
0.70 1.92 0.95 1.00 0.00
0.70 1.92 1.13 1.00 0.00
0.70 1.92 1.30 1.00 0.00
0.70 1.92 1.47 1.00 0.00
0.70 1.92 1.65 1.00 0.00
0.70 1.92 1.82 1.00 0.00
0.70 1.92 2.00 1.00 0.00
0.70 1.92 2.17 1.00 0.00
0.90 1.92 -0.78 1.00 0.00
0.90 1.92 -0.61 1.00 0.00
0.90 1.92 -0.43 1.00 0.00
0.90 1.92 -0.26 1.00 0.00
0.90 1.92 -0.08 1.00 0.00
0.90 1.92 0.09 1.00 0.00
0.90 1.92 0.27 1.00 0.00
0.90 1.92 0.44 1.00 0.00
0.90 1.92 0.62 1.00 0.00
0.90 1.92 0.79 1.00 0.00
0.90 1.92 0.97 1.00 0.00
0.90 1.92 1.14 1.00 0.00
0.90 1.92 1.31 1.00 0.00
0.90 1.92 1.49 1.00 0.00
0.90 1.92 1.66 1.00 0.00
0.90 1.92 1.84 1.00 0.00
0.90 1.92 2.01 1.00 0.00
0.90 1.92 2.19 1.00 0.00
1.10 1.92 -0.77 1.00 0.00
1.10 1.92 -0.59 1.00 0.00
1.10 1.92 -0.42 1.00 0.00
1.10 1.92 -0.24 1.00 0.00
1.10 1.92 -0.07 1.00 0.00
1.10 1.92 0.11 1.00 0.00
1.10 1.92 0.28 1.00 0.00
1.10 1.92 0.45 1.00 0.00
1.10 1.92 0.63 1.00 0.00
1.10 1.92 0.80 1.00 0.00
1.10 1.92 0.98 1.00 0.00
1.10 1.92 1.15 1.00 0.00
1.10 1.92 1.33 1.00 0.00
1.10 1.92 1.50 1.00 0.00
1.10 1.92 1.68 1.00 0.00
1.10 1.92 1.85 1.00 0.00
1.10 1.92 2.03 1.00 0.00
1.10 1.92 2.20 1.00 0.00
0.30 2.09 -0.83 1.00 0.00
0.30 2.09 -0.66 1.00 0.00
0.30 2.09 -0.48 1.00 0.00
0.30 2.09 -0.31 1.00 0.00
0.30 2.09 -0.14 1.00 0.00
0.30 2.09 0.04 1.00 0.00
0.30 2.09 0.21 1.00 0.00
0.30 2.09 0.39 1.00 0.00
0.30 2.09 0.56 1.00 0.00
0.30 2.09 0.74 1.00 0.00
0.30 2.09 0.91 1.00 0.00
0.30 2.09 1.09 1.00 0.00
0.30 2.09 1.26 1.00 0.00
0.30 2.09 1.44 1.00 0.00
0.30 2.09 1.61 1.00 0.00
0.30 2.09 1.78 1.00 0.00
0.30 2.09 1.96 1.00 0.00
0.30 2.09 2.13 1.00 0.00
0.50 2.09 -0.82 1.00 0.00
0.50 2.09 -0.65 1.00 0.00
0.50 2.09 -0.47 1.00 0.00
0.50 2.09 -0.30 1.00 0.00
0.50 2.09 -0.12 1.00 0.00
0.50 2.09 0.05 1.00 0.00
0.50 2.09 0.22 1.00 0.00
0.50 2.09 0.40 1.00 0.00
0.50 2.09 0.57 1.00 0.00
0.50 2.09 0.75 1.00 0.00
0.50 2.09 0.92 1.00 0.00
0.50 2.09 1.10 1.00 0.00
0.50 2.09 1.27 1.00 0.00
0.50 2.09 1.45 1.00 0.00
0.50 2.09 1.62 1.00 0.00
0.50 2.09 1.79 1.00 0.00
0.50 2.09 1.97 1.00 0.00
0.50 2.09 2.14 1.00 0.00
0.70 2.09 -0.81 1.00 0.00
0.70 2.09 -0.64 1.00 0.00
0.70 2.09 -0.46 1.00 0.00
0.70 2.09 -0.29 1.00 0.00
0.70 2.09 -0.12 1.00 0.00
0.70 2.09 0.06 1.00 0.00
0.70 2.09 0.23 1.00 0.00
0.70 2.09 0.41 1.00 0.00
0.70 2.09 0.58 1.00 0.00
0.70 2.09 0.76 1.00 0.00
0.70 2.09 0.93 1.00 0.00
0.70 2.09 1.11 1.00 0.00
0.70 2.09 1.28 1.00 0.00
0.70 2.09 1.46 1.00 0.00
0.70 2.09 1.63 1.00 0.00
0.70 2.09 1.80 1.00 0.00
0.70 2.09 1.98 1.00 0.00
0.70 2.09 2.15 1.00 0.00
0.90 2.09 -0.80 1.00 0.00
0.90 2.09 -0.63 1.00 0.00
0.90 2.09 -0.45 1.00 0.00
0.90 2.09 -0.28 1.00 0.00
0.90 2.09 -0.11 1.00 0.00
0.90 2.09 0.07 1.00 0.00
0.90 2.09 0.24 1.00 0.00
0.90 2.09 0.42 1.00 0.00
0.90 2.09 0.59 1.00 0.00
0.90 2.09 0.77 1.00 0.00
0.90 2.09 0.94 1.00 0.00
0.90 2.09 1.12 1.00 0.00
0.90 2.09 1.29 1.00 0.00
0.90 2.09 1.46 1.00 0.00
0.90 2.09 1.64 1.00 0.00
0.90 2.09 1.81 1.00 0.00
0.90 2.09 1.99 1.00 0.00
0.90 2.09 2.16 1.00 0.00
1.10 2.09 -0.80 1.00 0.00
1.10 2.09 -0.62 1.00 0.00
1.10 2.09 -0.45 1.00 0.00
1.10 2.09 -0.27 1.00 0.00
1.10 2.09 -0.10 1.00 0.00
1.10 2.09 0.08 1.00 0.00
1.10 2.09 0.25 1.00 0.00
1.10 2.09 0.43 1.00 0.00
1.10 2.09 0.60 1.00 0.00
1.10 2.09 0.78 1.00 0.00
1.10 2.09 0.95 1.00 0.00
1.10 2.09 1.12 1.00 0.00
1.10 2.09 1.30 1.00 0.00
1.10 2.09 1.47 1.00 0.00
1.10 2.09 1.65 1.00 0.00
1.10 2.09 1.82 1.00 0.00
1.10 2.09 2.00 1.00 0.00
1.10 2.09 2.17 1.00 0.00
0.30 2.27 -0.84 1.00 0.00
0.30 2.27 -0.67 1.00 0.00
0.30 2.27 -0.49 1.00 0.00
0.30 2.27 -0.32 1.00 0.00
0.30 2.27 -0.14 1.00 0.00
0.30 2.27 0.03 1.00 0.00
0.30 2.27 0.20 1.00 0.00
0.30 2.27 0.38 1.00 0.00
0.30 2.27 0.55 1.00 0.00
0.30 2.27 0.73 1.00 0.00
0.30 2.27 0.90 1.00 0.00
0.30 2.27 1.08 1.00 0.00
0.30 2.27 1.25 1.00 0.00
0.30 2.27 1.43 1.00 0.00
0.30 2.27 1.60 1.00 0.00
0.30 2.27 1.78 1.00 0.00
0.30 2.27 1.95 1.00 0.00
0.30 2.27 2.12 1.00 0.00
0.50 2.27 -0.84 1.00 0.00
0.50 2.27 -0.66 1.00 0.00
0.50 2.27 -0.49 1.00 0.00
0.50 2.27 -0.31 1.00 0.00
0.50 2.27 -0.14 1.00 0.00
0.50 2.27 0.04 1.00 0.00
0.50 2.27 0.21 1.00 0.00
0.50 2.27 0.38 1.00 0.00
0.50 2.27 0.56 1.00 0.00
0.50 2.27 0.73 1.00 0.00
0.50 2.27 0.91 1.00 0.00
0.50 2.27 1.08 1.00 0.00
0.50 2.27 1.26 1.00 0.00
0.50 2.27 1.43 1.00 0.00
0.50 2.27 1.61 1.00 0.00
0.50 2.27 1.78 1.00 0.00
0.50 2.27 1.95 1.00 0.00
0.50 2.27 2.13 1.00 0.00
0.70 2.27 -0.83 1.00 0.00
0.70 2.27 -0.66 1.00 0.00
0.70 2.27 -0.48 1.00 0.00
0.70 2.27 -0.31 1.00 0.00
0.70 2.27 -0.13 1.00 0.00
0.70 2.27 0.04 1.00 0.00
0.70 2.27 0.21 1.00 0.00
0.70 2.27 0.39 1.00 0.00
0.70 2.27 0.56 1.00 0.00
0.70 2.27 0.74 1.00 0.00
0.70 2.27 0.91 1.00 0.00
0.70 2.27 1.09 1.00 0.00
0.70 2.27 1.26 1.00 0.00
0.70 2.27 1.44 1.00 0.00
0.70 2.27 1.61 1.00 0.00
0.70 2.27 1.78 1.00 0.00
0.70 2.27 1.96 1.00 0.00
0.70 2.27 2.13 1.00 0.00
0.90 2.27 -0.83 1.00 0.00
0.90 2.27 -0.65 1.00 0.00
0.90 2.27 -0.48 1.00 0.00
0.90 2.27 -0.31 1.00 0.00
0.90 2.27 -0.13 1.00 0.00
0.90 2.27 0.04 1.00 0.00
0.90 2.27 0.22 1.00 0.00
0.90 2.27 0.39 1.00 0.00
0.90 2.27 0.57 1.00 0.00
0.90 2.27 0.74 1.00 0.00
0.90 2.27 0.92 1.00 0.00
0.90 2.27 1.09 1.00 0.00
0.90 2.27 1.27 1.00 0.00
0.90 2.27 1.44 1.00 0.00
0.90 2.27 1.61 1.00 0.00
0.90 2.27 1.79 1.00 0.00
0.90 2.27 1.96 1.00 0.00
0.90 2.27 2.14 1.00 0.00
1.10 2.27 -0.82 1.00 0.00
1.10 2.27 -0.65 1.00 0.00
1.10 2.27 -0.48 1.00 0.00
1.10 2.27 -0.30 1.00 0.00
1.10 2.27 -0.13 1.00 0.00
1.10 2.27 0.05 1.00 0.00
1.10 2.27 0.22 1.00 0.00
1.10 2.27 0.40 1.00 0.00
1.10 2.27 0.57 1.00 0.00
1.10 2.27 0.75 1.00 0.00
1.10 2.27 0.92 1.00 0.00
1.10 2.27 1.10 1.00 0.00
1.10 2.27 1.27 1.00 0.00
1.10 2.27 1.44 1.00 0.00
1.10 2.27 1.62 1.00 0.00
1.10 2.27 1.79 1.00 0.00
1.10 2.27 1.97 1.00 0.00
1.10 2.27 2.14 1.00 0.00
0.30 2.44 -0.85 1.00 0.00
0.30 2.44 -0.68 1.00 0.00
0.30 2.44 -0.50 1.00 0.00
0.30 2.44 -0.33 1.00 0.00
0.30 2.44 -0.15 1.00 0.00
0.30 2.44 0.02 1.00 0.00
0.30 2.44 0.20 1.00 0.00
0.30 2.44 0.37 1.00 0.00
0.30 2.44 0.54 1.00 0.00
0.30 2.44 0.72 1.00 0.00
0.30 2.44 0.89 1.00 0.00
0.30 2.44 1.07 1.00 0.00
0.30 2.44 1.24 1.00 0.00
0.30 2.44 1.42 1.00 0.00
0.30 2.44 1.59 1.00 0.00
0.30 2.44 1.77 1.00 0.00
0.30 2.44 1.94 1.00 0.00
0.30 2.44 2.12 1.00 0.00
0.50 2.44 -0.85 1.00 0.00
0.50 2.44 -0.68 1.00 0.00
0.50 2.44 -0.50 1.00 0.00
0.50 2.44 -0.33 1.00 0.00
0.50 2.44 -0.15 1.00 0.00
0.50 2.44 0.02 1.00 0.00
0.50 2.44 0.19 1.00 0.00
0.50 2.44 0.37 1.00 0.00
0.50 2.44 0.54 1.00 0.00
0.50 2.44 0.72 1.00 0.00
0.50 2.44 0.89 1.00 0.00
0.50 2.44 1.07 1.00 0.00
0.50 2.44 1.24 1.00 0.00
0.50 2.44 1.42 1.00 0.00
0.50 2.44 1.59 1.00 0.00
0.50 2.44 1.77 1.00 0.00
0.50 2.44 1.94 1.00 0.00
0.50 2.44 2.11 1.00 0.00
0.70 2.44 -0.85 1.00 0.00
0.70 2.44 -0.68 1.00 0.00
0.70 2.44 -0.50 1.00 0.00
0.70 2.44 -0.33 1.00 0.00
0.70 2.44 -0.16 1.00 0.00
0.70 2.44 0.02 1.00 0.00
0.70 2.44 0.19 1.00 0.00
0.70 2.44 0.37 1.00 0.00
0.70 2.44 0.54 1.00 0.00
0.70 2.44 0.72 1.00 0.00
0.70 2.44 0.89 1.00 0.00
0.70 2.44 1.07 1.00 0.00
0.70 2.44 1.24 1.00 0.00
0.70 2.44 1.42 1.00 0.00
0.70 2.44 1.59 1.00 0.00
0.70 2.44 1.76 1.00 0.00
0.70 2.44 1.94 1.00 0.00
0.70 2.44 2.11 1.00 0.00
0.90 2.44 -0.85 1.00 0.00
0.90 2.44 -0.68 1.00 0.00
0.90 2.44 -0.50 1.00 0.00
0.90 2.44 -0.33 1.00 0.00
0.90 2.44 -0.16 1.00 0.00
0.90 2.44 0.02 1.00 0.00
0.90 2.44 0.19 1.00 0.00
0.90 2.44 0.37 1.00 0.00
0.90 2.44 0.54 1.00 0.00
0.90 2.44 0.72 1.00 0.00
0.90 2.44 0.89 1.00 0.00
0.90 2.44 1.07 1.00 0.00
0.90 2.44 1.24 1.00 0.00
0.90 2.44 1.42 1.00 0.00
0.90 2.44 1.59 1.00 0.00
0.90 2.44 1.76 1.00 0.00
0.90 2.44 1.94 1.00 0.00
0.90 2.44 2.11 1.00 0.00
1.10 2.44 -0.85 1.00 0.00
1.10 2.44 -0.68 1.00 0.00
1.10 2.44 -0.51 1.00 0.00
1.10 2.44 -0.33 1.00 0.00
1.10 2.44 -0.16 1.00 0.00
1.10 2.44 0.02 1.00 0.00
1.10 2.44 0.19 1.00 0.00
1.10 2.44 0.37 1.00 0.00
1.10 2.44 0.54 1.00 0.00
1.10 2.44 0.72 1.00 0.00
1.10 2.44 0.89 1.00 0.00
1.10 2.44 1.07 1.00 0.00
1.10 2.44 1.24 1.00 0.00
1.10 2.44 1.41 1.00 0.00
1.10 2.44 1.59 1.00 0.00
1.10 2.44 1.76 1.00 0.00
1.10 2.44 1.94 1.00 0.00
1.10 2.44 2.11 1.00 0.00
0.30 2.62 -0.86 1.00 0.00
0.30 2.62 -0.69 1.00 0.00
0.30 2.62 -0.51 1.00 0.00
0.30 2.62 -0.34 1.00 0.00
0.30 2.62 -0.16 1.00 0.00
0.30 2.62 0.01 1.00 0.00
0.30 2.62 0.19 1.00 0.00
0.30 2.62 0.36 1.00 0.00
0.30 2.62 0.54 1.00 0.00
0.30 2.62 0.71 1.00 0.00
0.30 2.62 0.88 1.00 0.00
0.30 2.62 1.06 1.00 0.00
0.30 2.62 1.23 1.00 0.00
0.30 2.62 1.41 1.00 0.00
0.30 2.62 1.58 1.00 0.00
0.30 2.62 1.76 1.00 0.00
0.30 2.62 1.93 1.00 0.00
0.30 2.62 2.11 1.00 0.00
0.50 2.62 -0.87 1.00 0.00
0.50 2.62 -0.69 1.00 0.00
0.50 2.62 -0.52 1.00 0.00
0.50 2.62 -0.34 1.00 0.00
0.50 2.62 -0.17 1.00 0.00
0.50 2.62 0.01 1.00 0.00
0.50 2.62 0.18 1.00 0.00
0.50 2.62 0.35 1.00 0.00
0.50 2.62 0.53 1.00 0.00
0.50 2.62 0.70 1.00 0.00
0.50 2.62 0.88 1.00 0.00
0.50 2.62 1.05 1.00 0.00
0.50 2.62 1.23 1.00 0.00
0.50 2.62 1.40 1.00 0.00
0.50 2.62 1.58 1.00 0.00
0.50 2.62 1.75 1.00 0.00
0.50 2.62 1.93 1.00 0.00
0.50 2.62 2.10 1.00 0.00
0.70 2.62 -0.87 1.00 0.00
0.70 2.62 -0.70 1.00 0.00
0.70 2.62 -0.52 1.00 0.00
0.70 2.62 -0.35 1.00 0.00
0.70 2.62 -0.18 1.00 0.00
0.70 2.62 -0.00 1.00 0.00
0.70 2.62 0.17 1.00 0.00
0.70 2.62 0.35 1.00 0.00
0.70 2.62 0.52 1.00 0.00
0.70 2.62 0.70 1.00 0.00
0.70 2.62 0.87 1.00 0.00
0.70 2.62 1.05 1.00 0.00
0.70 2.62 1.22 1.00 0.00
0.70 2.62 1.40 1.00 0.00
0.70 2.62 1.57 1.00 0.00
0.70 2.62 1.74 1.00 0.00
0.70 2.62 1.92 1.00 0.00
0.70 2.62 2.09 1.00 0.00
0.90 2.62 -0.88 1.00 0.00
0.90 2.62 -0.70 1.00 0.00
0.90 2.62 -0.53 1.00 0.00
0.90 2.62 -0.36 1.00 0.00
0.90 2.62 -0.18 1.00 0.00
0.90 2.62 -0.01 1.00 0.00
0.90 2.62 0.17 1.00 0.00
0.90 2.62 0.34 1.00 0.00
0.90 2.62 0.52 1.00 0.00
0.90 2.62 0.69 1.00 0.00
0.90 2.62 0.87 1.00 0.00
0.90 2.62 1.04 1.00 0.00
0.90 2.62 1.22 1.00 0.00
0.90 2.62 1.39 1.00 0.00
0.90 2.62 1.56 1.00 0.00
0.90 2.62 1.74 1.00 0.00
0.90 2.62 1.91 1.00 0.00
0.90 2.62 2.09 1.00 0.00
1.10 2.62 -0.88 1.00 0.00
1.10 2.62 -0.71 1.00 0.00
1.10 2.62 -0.53 1.00 0.00
1.10 2.62 -0.36 1.00 0.00
1.10 2.62 -0.19 1.00 0.00
1.10 2.62 -0.01 1.00 0.00
1.10 2.62 0.16 1.00 0.00
1.10 2.62 0.34 1.00 0.00
1.10 2.62 0.51 1.00 0.00
1.10 2.62 0.69 1.00 0.00
1.10 2.62 0.86 1.00 0.00
1.10 2.62 1.04 1.00 0.00
1.10 2.62 1.21 1.00 0.00
1.10 2.62 1.38 1.00 0.00
1.10 2.62 1.56 1.00 0.00
1.10 2.62 1.73 1.00 0.00
1.10 2.62 1.91 1.00 0.00
1.10 2.62 2.08 1.00 0.00
0.30 2.79 -0.87 1.00 0.00
0.30 2.79 -0.70 1.00 0.00
0.30 2.79 -0.52 1.00 0.00
0.30 2.79 -0.35 1.00 0.00
0.30 2.79 -0.17 1.00 0.00
0.30 2.79 0.00 1.00 0.00
0.30 2.79 0.18 1.00 0.00
0.30 2.79 0.35 1.00 0.00
0.30 2.79 0.53 1.00 0.00
0.30 2.79 0.70 1.00 0.00
0.30 2.79 0.88 1.00 0.00
0.30 2.79 1.05 1.00 0.00
0.30 2.79 1.22 1.00 0.00
0.30 2.79 1.40 1.00 0.00
0.30 2.79 1.57 1.00 0.00
0.30 2.79 1.75 1.00 0.00
0.30 2.79 1.92 1.00 0.00
0.30 2.79 2.10 1.00 0.00
0.50 2.79 -0.88 1.00 0.00
0.50 2.79 -0.71 1.00 0.00
0.50 2.79 -0.53 1.00 0.00
0.50 2.79 -0.36 1.00 0.00
0.50 2.79 -0.18 1.00 0.00
0.50 2.79 -0.01 1.00 0.00
0.50 2.79 0.17 1.00 0.00
0.50 2.79 0.34 1.00 0.00
0.50 2.79 0.51 1.00 0.00
0.50 2.79 0.69 1.00 0.00
0.50 2.79 0.86 1.00 0.00
0.50 2.79 1.04 1.00 0.00
0.50 2.79 1.21 1.00 0.00
0.50 2.79 1.39 1.00 0.00
0.50 2.79 1.56 1.00 0.00
0.50 2.79 1.74 1.00 0.00
0.50 2.79 1.91 1.00 0.00
0.50 2.79 2.09 1.00 0.00
0.70 2.79 -0.89 1.00 0.00
0.70 2.79 -0.72 1.00 0.00
0.70 2.79 -0.54 1.00 0.00
0.70 2.79 -0.37 1.00 0.00
0.70 2.79 -0.19 1.00 0.00
0.70 2.79 -0.02 1.00 0.00
0.70 2.79 0.15 1.00 0.00
0.70 2.79 0.33 1.00 0.00
0.70 2.79 0.50 1.00 0.00
0.70 2.79 0.68 1.00 0.00
0.70 2.79 0.85 1.00 0.00
0.70 2.79 1.03 1.00 0.00
0.70 2.79 1.20 1.00 0.00
0.70 2.79 1.38 1.00 0.00
0.70 2.79 1.55 1.00 0.00
0.70 2.79 1.73 1.00 0.00
0.70 2.79 1.90 1.00 0.00
0.70 2.79 2.07 1.00 0.00
0.90 2.79 -0.90 1.00 0.00
0.90 2.79 -0.73 1.00 0.00
0.90 2.79 -0.55 1.00 0.00
0.90 2.79 -0.38 1.00 0.00
0.90 2.79 -0.21 1.00 0.00
0.90 2.79 -0.03 1.00 0.00
0.90 2.79 0.14 1.00 0.00
0.90 2.79 0.32 1.00 0.00
0.90 2.79 0.49 1.00 0.00
0.90 2.79 0.67 1.00 0.00
0.90 2.79 0.84 1.00 0.00
0.90 2.79 1.02 1.00 0.00
0.90 2.79 1.19 1.00 0.00
0.90 2.79 1.37 1.00 0.00
0.90 2.79 1.54 1.00 0.00
0.90 2.79 1.71 1.00 0.00
0.90 2.79 1.89 1.00 0.00
0.90 2.79 2.06 1.00 0.00
1.10 2.79 -0.91 1.00 0.00
1.10 2.79 -0.74 1.00 0.00
1.10 2.79 -0.56 1.00 0.00
1.10 2.79 -0.39 1.00 0.00
1.10 2.79 -0.22 1.00 0.00
1.10 2.79 -0.04 1.00 0.00
1.10 2.79 0.13 1.00 0.00
1.10 2.79 0.31 1.00 0.00
1.10 2.79 0.48 1.00 0.00
1.10 2.79 0.66 1.00 0.00
1.10 2.79 0.83 1.00 0.00
1.10 2.79 1.01 1.00 0.00
1.10 2.79 1.18 1.00 0.00
1.10 2.79 1.36 1.00 0.00
1.10 2.79 1.53 1.00 0.00
1.10 2.79 1.70 1.00 0.00
1.10 2.79 1.88 1.00 0.00
1.10 2.79 2.05 1.00 0.00
0.30 2.97 -0.88 1.00 0.00
0.30 2.97 -0.70 1.00 0.00
0.30 2.97 -0.53 1.00 0.00
0.30 2.97 -0.35 1.00 0.00
0.30 2.97 -0.18 1.00 0.00
0.30 2.97 -0.01 1.00 0.00
0.30 2.97 0.17 1.00 0.00
0.30 2.97 0.34 1.00 0.00
0.30 2.97 0.52 1.00 0.00
0.30 2.97 0.69 1.00 0.00
0.30 2.97 0.87 1.00 0.00
0.30 2.97 1.04 1.00 0.00
0.30 2.97 1.22 1.00 0.00
0.30 2.97 1.39 1.00 0.00
0.30 2.97 1.57 1.00 0.00
0.30 2.97 1.74 1.00 0.00
0.30 2.97 1.91 1.00 0.00
0.30 2.97 2.09 1.00 0.00
0.50 2.97 -0.90 1.00 0.00
0.50 2.97 -0.72 1.00 0.00
0.50 2.97 -0.55 1.00 0.00
0.50 2.97 -0.37 1.00 0.00
0.50 2.97 -0.20 1.00 0.00
0.50 2.97 -0.02 1.00 0.00
0.50 2.97 0.15 1.00 0.00
0.50 2.97 0.33 1.00 0.00
0.50 2.97 0.50 1.00 0.00
0.50 2.97 0.68 1.00 0.00
0.50 2.97 0.85 1.00 0.00
0.50 2.97 1.02 1.00 0.00
0.50 2.97 1.20 1.00 0.00
0.50 2.97 1.37 1.00 0.00
0.50 2.97 1.55 1.00 0.00
0.50 2.97 1.72 1.00 0.00
0.50 2.97 1.90 1.00 0.00
0.50 2.97 2.07 1.00 0.00
0.70 2.97 -0.91 1.00 0.00
0.70 2.97 -0.74 1.00 0.00
0.70 2.97 -0.56 1.00 0.00
0.70 2.97 -0.39 1.00 0.00
0.70 2.97 -0.21 1.00 0.00
0.70 2.97 -0.04 1.00 0.00
0.70 2.97 0.14 1.00 0.00
0.70 2.97 0.31 1.00 0.00
0.70 2.97 0.48 1.00 0.00
0.70 2.97 0.66 1.00 0.00
0.70 2.97 0.83 1.00 0.00
0.70 2.97 1.01 1.00 0.00
0.70 2.97 1.18 1.00 0.00
0.70 2.97 1.36 1.00 0.00
0.70 2.97 1.53 1.00 0.00
0.70 2.97 1.71 1.00 0.00
0.70 2.97 1.88 1.00 0.00
0.70 2.97 2.06 1.00 0.00
0.90 2.97 -0.93 1.00 0.00
0.90 2.97 -0.75 1.00 0.00
0.90 2.97 -0.58 1.00 0.00
0.90 2.97 -0.40 1.00 0.00
0.90 2.97 -0.23 1.00 0.00
0.90 2.97 -0.05 1.00 0.00
0.90 2.97 0.12 1.00 0.00
0.90 2.97 0.29 1.00 0.00
0.90 2.97 0.47 1.00 0.00
0.90 2.97 0.64 1.00 0.00
0.90 2.97 0.82 1.00 0.00
0.90 2.97 0.99 1.00 0.00
0.90 2.97 1.17 1.00 0.00
0.90 2.97 1.34 1.00 0.00
0.90 2.97 1.52 1.00 0.00
0.90 2.97 1.69 1.00 0.00
0.90 2.97 1.87 1.00 0.00
0.90 2.97 2.04 1.00 0.00
1.10 2.97 -0.94 1.00 0.00
1.10 2.97 -0.77 1.00 0.00
1.10 2.97 -0.59 1.00 0.00
1.10 2.97 -0.42 1.00 0.00
1.10 2.97 -0.24 1.00 0.00
1.10 2.97 -0.07 1.00 0.00
1.10 2.97 0.11 1.00 0.00
1.10 2.97 0.28 1.00 0.00
1.10 2.97 0.46 1.00 0.00
1.10 2.97 0.63 1.00 0.00
1.10 2.97 0.80 1.00 0.00
1.10 2.97 0.98 1.00 0.00
1.10 2.97 1.15 1.00 0.00
1.10 2.97 1.33 1.00 0.00
1.10 2.97 1.50 1.00 0.00
1.10 2.97 1.68 1.00 0.00
1.10 2.97 1.85 1.00 0.00
1.10 2.97 2.03 1.00 0.00
0.30 3.14 -0.89 1.00 0.00
0.30 3.14 -0.71 1.00 0.00
0.30 3.14 -0.54 1.00 0.00
0.30 3.14 -0.36 1.00 0.00
0.30 3.14 -0.19 1.00 0.00
0.30 3.14 -0.01 1.00 0.00
0.30 3.14 0.16 1.00 0.00
0.30 3.14 0.34 1.00 0.00
0.30 3.14 0.51 1.00 0.00
0.30 3.14 0.68 1.00 0.00
0.30 3.14 0.86 1.00 0.00
0.30 3.14 1.03 1.00 0.00
0.30 3.14 1.21 1.00 0.00
0.30 3.14 1.38 1.00 0.00
0.30 3.14 1.56 1.00 0.00
0.30 3.14 1.73 1.00 0.00
0.30 3.14 1.91 1.00 0.00
0.30 3.14 2.08 1.00 0.00
0.50 3.14 -0.91 1.00 0.00
0.50 3.14 -0.73 1.00 0.00
0.50 3.14 -0.56 1.00 0.00
0.50 3.14 -0.38 1.00 0.00
0.50 3.14 -0.21 1.00 0.00
0.50 3.14 -0.04 1.00 0.00
0.50 3.14 0.14 1.00 0.00
0.50 3.14 0.31 1.00 0.00
0.50 3.14 0.49 1.00 0.00
0.50 3.14 0.66 1.00 0.00
0.50 3.14 0.84 1.00 0.00
0.50 3.14 1.01 1.00 0.00
0.50 3.14 1.19 1.00 0.00
0.50 3.14 1.36 1.00 0.00
0.50 3.14 1.54 1.00 0.00
0.50 3.14 1.71 1.00 0.00
0.50 3.14 1.88 1.00 0.00
0.50 3.14 2.06 1.00 0.00
0.70 3.14 -0.93 1.00 0.00
0.70 3.14 -0.75 1.00 0.00
0.70 3.14 -0.58 1.00 0.00
0.70 3.14 -0.41 1.00 0.00
0.70 3.14 -0.23 1.00 0.00
0.70 3.14 -0.06 1.00 0.00
0.70 3.14 0.12 1.00 0.00
0.70 3.14 0.29 1.00 0.00
0.70 3.14 0.47 1.00 0.00
0.70 3.14 0.64 1.00 0.00
0.70 3.14 0.82 1.00 0.00
0.70 3.14 0.99 1.00 0.00
0.70 3.14 1.17 1.00 0.00
0.70 3.14 1.34 1.00 0.00
0.70 3.14 1.51 1.00 0.00
0.70 3.14 1.69 1.00 0.00
0.70 3.14 1.86 1.00 0.00
0.70 3.14 2.04 1.00 0.00
0.90 3.14 -0.95 1.00 0.00
0.90 3.14 -0.77 1.00 0.00
0.90 3.14 -0.60 1.00 0.00
0.90 3.14 -0.43 1.00 0.00
0.90 3.14 -0.25 1.00 0.00
0.90 3.14 -0.08 1.00 0.00
0.90 3.14 0.10 1.00 0.00
0.90 3.14 0.27 1.00 0.00
0.90 3.14 0.45 1.00 0.00
0.90 3.14 0.62 1.00 0.00
0.90 3.14 0.80 1.00 0.00
0.90 3.14 0.97 1.00 0.00
0.90 3.14 1.15 1.00 0.00
0.90 3.14 1.32 1.00 0.00
0.90 3.14 1.49 1.00 0.00
0.90 3.14 1.67 1.00 0.00
0.90 3.14 1.84 1.00 0.00
0.90 3.14 2.02 1.00 0.00
1.10 3.14 -0.97 1.00 0.00
1.10 3.14 -0.79 1.00 0.00
1.10 3.14 -0.62 1.00 0.00
1.10 3.14 -0.44 1.00 0.00
1.10 3.14 -0.27 1.00 0.00
1.10 3.14 -0.09 1.00 0.00
1.10 3.14 0.08 1.00 0.00
1.10 3.14 0.25 1.00 0.00
1.10 3.14 0.43 1.00 0.00
1.10 3.14 0.60 1.00 0.00
1.10 3.14 0.78 1.00 0.00
1.10 3.14 0.95 1.00 0.00
1.10 3.14 1.13 1.00 0.00
1.10 3.14 1.30 1.00 0.00
1.10 3.14 1.48 1.00 0.00
1.10 3.14 1.65 1.00 0.00
1.10 3.14 1.82 1.00 0.00
1.10 3.14 2.00 1.00 0.00
0.30 3.32 -0.89 1.00 0.00
0.30 3.32 -0.72 1.00 0.00
0.30 3.32 -0.54 1.00 0.00
0.30 3.32 -0.37 1.00 0.00
0.30 3.32 -0.19 1.00 0.00
0.30 3.32 -0.02 1.00 0.00
0.30 3.32 0.15 1.00 0.00
0.30 3.32 0.33 1.00 0.00
0.30 3.32 0.50 1.00 0.00
0.30 3.32 0.68 1.00 0.00
0.30 3.32 0.85 1.00 0.00
0.30 3.32 1.03 1.00 0.00
0.30 3.32 1.20 1.00 0.00
0.30 3.32 1.38 1.00 0.00
0.30 3.32 1.55 1.00 0.00
0.30 3.32 1.73 1.00 0.00
0.30 3.32 1.90 1.00 0.00
0.30 3.32 2.07 1.00 0.00
0.50 3.32 -0.92 1.00 0.00
0.50 3.32 -0.74 1.00 0.00
0.50 3.32 -0.57 1.00 0.00
0.50 3.32 -0.40 1.00 0.00
0.50 3.32 -0.22 1.00 0.00
0.50 3.32 -0.05 1.00 0.00
0.50 3.32 0.13 1.00 0.00
0.50 3.32 0.30 1.00 0.00
0.50 3.32 0.48 1.00 0.00
0.50 3.32 0.65 1.00 0.00
0.50 3.32 0.83 1.00 0.00
0.50 3.32 1.00 1.00 0.00
0.50 3.32 1.17 1.00 0.00
0.50 3.32 1.35 1.00 0.00
0.50 3.32 1.52 1.00 0.00
0.50 3.32 1.70 1.00 0.00
0.50 3.32 1.87 1.00 0.00
0.50 3.32 2.05 1.00 0.00
0.70 3.32 -0.94 1.00 0.00
0.70 3.32 -0.77 1.00 0.00
0.70 3.32 -0.60 1.00 0.00
0.70 3.32 -0.42 1.00 0.00
0.70 3.32 -0.25 1.00 0.00
0.70 3.32 -0.07 1.00 0.00
0.70 3.32 0.10 1.00 0.00
0.70 3.32 0.28 1.00 0.00
0.70 3.32 0.45 1.00 0.00
0.70 3.32 0.63 1.00 0.00
0.70 3.32 0.80 1.00 0.00
0.70 3.32 0.98 1.00 0.00
0.70 3.32 1.15 1.00 0.00
0.70 3.32 1.32 1.00 0.00
0.70 3.32 1.50 1.00 0.00
0.70 3.32 1.67 1.00 0.00
0.70 3.32 1.85 1.00 0.00
0.70 3.32 2.02 1.00 0.00
0.90 3.32 -0.97 1.00 0.00
0.90 3.32 -0.79 1.00 0.00
0.90 3.32 -0.62 1.00 0.00
0.90 3.32 -0.45 1.00 0.00
0.90 3.32 -0.27 1.00 0.00
0.90 3.32 -0.10 1.00 0.00
0.90 3.32 0.08 1.00 0.00
0.90 3.32 0.25 1.00 0.00
0.90 3.32 0.43 1.00 0.00
0.90 3.32 0.60 1.00 0.00
0.90 3.32 0.78 1.00 0.00
0.90 3.32 0.95 1.00 0.00
0.90 3.32 1.13 1.00 0.00
0.90 3.32 1.30 1.00 0.00
0.90 3.32 1.47 1.00 0.00
0.90 3.32 1.65 1.00 0.00
0.90 3.32 1.82 1.00 0.00
0.90 3.32 2.00 1.00 0.00
1.10 3.32 -0.99 1.00 0.00
1.10 3.32 -0.82 1.00 0.00
1.10 3.32 -0.64 1.00 0.00
1.10 3.32 -0.47 1.00 0.00
1.10 3.32 -0.29 1.00 0.00
1.10 3.32 -0.12 1.00 0.00
1.10 3.32 0.06 1.00 0.00
1.10 3.32 0.23 1.00 0.00
1.10 3.32 0.40 1.00 0.00
1.10 3.32 0.58 1.00 0.00
1.10 3.32 0.75 1.00 0.00
1.10 3.32 0.93 1.00 0.00
1.10 3.32 1.10 1.00 0.00
1.10 3.32 1.28 1.00 0.00
1.10 3.32 1.45 1.00 0.00
1.10 3.32 1.63 1.00 0.00
1.10 3.32 1.80 1.00 0.00
1.10 3.32 1.98 1.00 0.00
0.30 3.49 -0.90 1.00 0.00
0.30 3.49 -0.72 1.00 0.00
0.30 3.49 -0.55 1.00 0.00
0.30 3.49 -0.37 1.00 0.00
0.30 3.49 -0.20 1.00 0.00
0.30 3.49 -0.03 1.00 0.00
0.30 3.49 0.15 1.00 0.00
0.30 3.49 0.32 1.00 0.00
0.30 3.49 0.50 1.00 0.00
0.30 3.49 0.67 1.00 0.00
0.30 3.49 0.85 1.00 0.00
0.30 3.49 1.02 1.00 0.00
0.30 3.49 1.20 1.00 0.00
0.30 3.49 1.37 1.00 0.00
0.30 3.49 1.54 1.00 0.00
0.30 3.49 1.72 1.00 0.00
0.30 3.49 1.89 1.00 0.00
0.30 3.49 2.07 1.00 0.00
0.50 3.49 -0.93 1.00 0.00
0.50 3.49 -0.75 1.00 0.00
0.50 3.49 -0.58 1.00 0.00
0.50 3.49 -0.41 1.00 0.00
0.50 3.49 -0.23 1.00 0.00
0.50 3.49 -0.06 1.00 0.00
0.50 3.49 0.12 1.00 0.00
0.50 3.49 0.29 1.00 0.00
0.50 3.49 0.47 1.00 0.00
0.50 3.49 0.64 1.00 0.00
0.50 3.49 0.82 1.00 0.00
0.50 3.49 0.99 1.00 0.00
0.50 3.49 1.17 1.00 0.00
0.50 3.49 1.34 1.00 0.00
0.50 3.49 1.51 1.00 0.00
0.50 3.49 1.69 1.00 0.00
0.50 3.49 1.86 1.00 0.00
0.50 3.49 2.04 1.00 0.00
0.70 3.49 -0.96 1.00 0.00
0.70 3.49 -0.78 1.00 0.00
0.70 3.49 -0.61 1.00 0.00
0.70 3.49 -0.43 1.00 0.00
0.70 3.49 -0.26 1.00 0.00
0.70 3.49 -0.09 1.00 0.00
0.70 3.49 0.09 1.00 0.00
0.70 3.49 0.26 1.00 0.00
0.70 3.49 0.44 1.00 0.00
0.70 3.49 0.61 1.00 0.00
0.70 3.49 0.79 1.00 0.00
0.70 3.49 0.96 1.00 0.00
0.70 3.49 1.14 1.00 0.00
0.70 3.49 1.31 1.00 0.00
0.70 3.49 1.49 1.00 0.00
0.70 3.49 1.66 1.00 0.00
0.70 3.49 1.83 1.00 0.00
0.70 3.49 2.01 1.00 0.00
0.90 3.49 -0.99 1.00 0.00
0.90 3.49 -0.81 1.00 0.00
0.90 3.49 -0.64 1.00 0.00
0.90 3.49 -0.46 1.00 0.00
0.90 3.49 -0.29 1.00 0.00
0.90 3.49 -0.11 1.00 0.00
0.90 3.49 0.06 1.00 0.00
0.90 3.49 0.24 1.00 0.00
0.90 3.49 0.41 1.00 0.00
0.90 3.49 0.58 1.00 0.00
0.90 3.49 0.76 1.00 0.00
0.90 3.49 0.93 1.00 0.00
0.90 3.49 1.11 1.00 0.00
0.90 3.49 1.28 1.00 0.00
0.90 3.49 1.46 1.00 0.00
0.90 3.49 1.63 1.00 0.00
0.90 3.49 1.81 1.00 0.00
0.90 3.49 1.98 1.00 0.00
1.10 3.49 -1.01 1.00 0.00
1.10 3.49 -0.84 1.00 0.00
1.10 3.49 -0.66 1.00 0.00
1.10 3.49 -0.49 1.00 0.00
1.10 3.49 -0.32 1.00 0.00
1.10 3.49 -0.14 1.00 0.00
1.10 3.49 0.03 1.00 0.00
1.10 3.49 0.21 1.00 0.00
1.10 3.49 0.38 1.00 0.00
1.10 3.49 0.56 1.00 0.00
1.10 3.49 0.73 1.00 0.00
1.10 3.49 0.91 1.00 0.00
1.10 3.49 1.08 1.00 0.00
1.10 3.49 1.26 1.00 0.00
1.10 3.49 1.43 1.00 0.00
1.10 3.49 1.60 1.00 0.00
1.10 3.49 1.78 1.00 0.00
1.10 3.49 1.95 1.00 0.00
0.30 3.67 -0.90 1.00 0.00
0.30 3.67 -0.73 1.00 0.00
0.30 3.67 -0.55 1.00 0.00
0.30 3.67 -0.38 1.00 0.00
0.30 3.67 -0.20 1.00 0.00
0.30 3.67 -0.03 1.00 0.00
0.30 3.67 0.14 1.00 0.00
0.30 3.67 0.32 1.00 0.00
0.30 3.67 0.49 1.00 0.00
0.30 3.67 0.67 1.00 0.00
0.30 3.67 0.84 1.00 0.00
0.30 3.67 1.02 1.00 0.00
0.30 3.67 1.19 1.00 0.00
0.30 3.67 1.37 1.00 0.00
0.30 3.67 1.54 1.00 0.00
0.30 3.67 1.72 1.00 0.00
0.30 3.67 1.89 1.00 0.00
0.30 3.67 2.06 1.00 0.00
0.50 3.67 -0.94 1.00 0.00
0.50 3.67 -0.76 1.00 0.00
0.50 3.67 -0.59 1.00 0.00
0.50 3.67 -0.41 1.00 0.00
0.50 3.67 -0.24 1.00 0.00
0.50 3.67 -0.06 1.00 0.00
0.50 3.67 0.11 1.00 0.00
0.50 3.67 0.29 1.00 0.00
0.50 3.67 0.46 1.00 0.00
0.50 3.67 0.63 1.00 0.00
0.50 3.67 0.81 1.00 0.00
0.50 3.67 0.98 1.00 0.00
0.50 3.67 1.16 1.00 0.00
0.50 3.67 1.33 1.00 0.00
0.50 3.67 1.51 1.00 0.00
0.50 3.67 1.68 1.00 0.00
0.50 3.67 1.86 1.00 0.00
0.50 3.67 2.03 1.00 0.00
0.70 3.67 -0.97 1.00 0.00
0.70 3.67 -0.79 1.00 0.00
0.70 3.67 -0.62 1.00 0.00
0.70 3.67 -0.45 1.00 0.00
0.70 3.67 -0.27 1.00 0.00
0.70 3.67 -0.10 1.00 0.00
0.70 3.67 0.08 1.00 0.00
0.70 3.67 0.25 1.00 0.00
0.70 3.67 0.43 1.00 0.00
0.70 3.67 0.60 1.00 0.00
0.70 3.67 0.78 1.00 0.00
0.70 3.67 0.95 1.00 0.00
0.70 3.67 1.13 1.00 0.00
0.70 3.67 1.30 1.00 0.00
0.70 3.67 1.47 1.00 0.00
0.70 3.67 1.65 1.00 0.00
0.70 3.67 1.82 1.00 0.00
0.70 3.67 2.00 1.00 0.00
0.90 3.67 -1.00 1.00 0.00
0.90 3.67 -0.83 1.00 0.00
0.90 3.67 -0.65 1.00 0.00
0.90 3.67 -0.48 1.00 0.00
0.90 3.67 -0.30 1.00 0.00
0.90 3.67 -0.13 1.00 0.00
0.90 3.67 0.05 1.00 0.00
0.90 3.67 0.22 1.00 0.00
0.90 3.67 0.40 1.00 0.00
0.90 3.67 0.57 1.00 0.00
0.90 3.67 0.74 1.00 0.00
0.90 3.67 0.92 1.00 0.00
0.90 3.67 1.09 1.00 0.00
0.90 3.67 1.27 1.00 0.00
0.90 3.67 1.44 1.00 0.00
0.90 3.67 1.62 1.00 0.00
0.90 3.67 1.79 1.00 0.00
0.90 3.67 1.97 1.00 0.00
1.10 3.67 -1.03 1.00 0.00
1.10 3.67 -0.86 1.00 0.00
1.10 3.67 -0.68 1.00 0.00
1.10 3.67 -0.51 1.00 0.00
1.10 3.67 -0.33 1.00 0.00
1.10 3.67 -0.16 1.00 0.00
1.10 3.67 0.02 1.00 0.00
1.10 3.67 0.19 1.00 0.00
1.10 3.67 0.36 1.00 0.00
1.10 3.67 0.54 1.00 0.00
1.10 3.67 0.71 1.00 0.00
1.10 3.67 0.89 1.00 0.00
1.10 3.67 1.06 1.00 0.00
1.10 3.67 1.24 1.00 0.00
1.10 3.67 1.41 1.00 0.00
1.10 3.67 1.59 1.00 0.00
1.10 3.67 1.76 1.00 0.00
1.10 3.67 1.94 1.00 0.00
0.30 3.84 -0.91 1.00 0.00
0.30 3.84 -0.73 1.00 0.00
0.30 3.84 -0.56 1.00 0.00
0.30 3.84 -0.38 1.00 0.00
0.30 3.84 -0.21 1.00 0.00
0.30 3.84 -0.03 1.00 0.00
0.30 3.84 0.14 1.00 0.00
0.30 3.84 0.32 1.00 0.00
0.30 3.84 0.49 1.00 0.00
0.30 3.84 0.67 1.00 0.00
0.30 3.84 0.84 1.00 0.00
0.30 3.84 1.01 1.00 0.00
0.30 3.84 1.19 1.00 0.00
0.30 3.84 1.36 1.00 0.00
0.30 3.84 1.54 1.00 0.00
0.30 3.84 1.71 1.00 0.00
0.30 3.84 1.89 1.00 0.00
0.30 3.84 2.06 1.00 0.00
0.50 3.84 -0.94 1.00 0.00
0.50 3.84 -0.77 1.00 0.00
0.50 3.84 -0.59 1.00 0.00
0.50 3.84 -0.42 1.00 0.00
0.50 3.84 -0.24 1.00 0.00
0.50 3.84 -0.07 1.00 0.00
0.50 3.84 0.11 1.00 0.00
0.50 3.84 0.28 1.00 0.00
0.50 3.84 0.45 1.00 0.00
0.50 3.84 0.63 1.00 0.00
0.50 3.84 0.80 1.00 0.00
0.50 3.84 0.98 1.00 0.00
0.50 3.84 1.15 1.00 0.00
0.50 3.84 1.33 1.00 0.00
0.50 3.84 1.50 1.00 0.00
0.50 3.84 1.68 1.00 0.00
0.50 3.84 1.85 1.00 0.00
0.50 3.84 2.03 1.00 0.00
0.70 3.84 -0.98 1.00 0.00
0.70 3.84 -0.80 1.00 0.00
0.70 3.84 -0.63 1.00 0.00
0.70 3.84 -0.45 1.00 0.00
0.70 3.84 -0.28 1.00 0.00
0.70 3.84 -0.10 1.00 0.00
0.70 3.84 0.07 1.00 0.00
0.70 3.84 0.24 1.00 0.00
0.70 3.84 0.42 1.00 0.00
0.70 3.84 0.59 1.00 0.00
0.70 3.84 0.77 1.00 0.00
0.70 3.84 0.94 1.00 0.00
0.70 3.84 1.12 1.00 0.00
0.70 3.84 1.29 1.00 0.00
0.70 3.84 1.47 1.00 0.00
0.70 3.84 1.64 1.00 0.00
0.70 3.84 1.82 1.00 0.00
0.70 3.84 1.99 1.00 0.00
0.90 3.84 -1.01 1.00 0.00
0.90 3.84 -0.84 1.00 0.00
0.90 3.84 -0.66 1.00 0.00
0.90 3.84 -0.49 1.00 0.00
0.90 3.84 -0.31 1.00 0.00
0.90 3.84 -0.14 1.00 0.00
0.90 3.84 0.04 1.00 0.00
0.90 3.84 0.21 1.00 0.00
0.90 3.84 0.38 1.00 0.00
0.90 3.84 0.56 1.00 0.00
0.90 3.84 0.73 1.00 0.00
0.90 3.84 0.91 1.00 0.00
0.90 3.84 1.08 1.00 0.00
0.90 3.84 1.26 1.00 0.00
0.90 3.84 1.43 1.00 0.00
0.90 3.84 1.61 1.00 0.00
0.90 3.84 1.78 1.00 0.00
0.90 3.84 1.96 1.00 0.00
1.10 3.84 -1.05 1.00 0.00
1.10 3.84 -0.87 1.00 0.00
1.10 3.84 -0.70 1.00 0.00
1.10 3.84 -0.52 1.00 0.00
1.10 3.84 -0.35 1.00 0.00
1.10 3.84 -0.17 1.00 0.00
1.10 3.84 0.00 1.00 0.00
1.10 3.84 0.18 1.00 0.00
1.10 3.84 0.35 1.00 0.00
1.10 3.84 0.53 1.00 0.00
1.10 3.84 0.70 1.00 0.00
1.10 3.84 0.87 1.00 0.00
1.10 3.84 1.05 1.00 0.00
1.10 3.84 1.22 1.00 0.00
1.10 3.84 1.40 1.00 0.00
1.10 3.84 1.57 1.00 0.00
1.10 3.84 1.75 1.00 0.00
1.10 3.84 1.92 1.00 0.00
0.30 4.01 -0.91 1.00 0.00
0.30 4.01 -0.73 1.00 0.00
0.30 4.01 -0.56 1.00 0.00
0.30 4.01 -0.38 1.00 0.00
0.30 4.01 -0.21 1.00 0.00
0.30 4.01 -0.03 1.00 0.00
0.30 4.01 0.14 1.00 0.00
0.30 4.01 0.31 1.00 0.00
0.30 4.01 0.49 1.00 0.00
0.30 4.01 0.66 1.00 0.00
0.30 4.01 0.84 1.00 0.00
0.30 4.01 1.01 1.00 0.00
0.30 4.01 1.19 1.00 0.00
0.30 4.01 1.36 1.00 0.00
0.30 4.01 1.54 1.00 0.00
0.30 4.01 1.71 1.00 0.00
0.30 4.01 1.89 1.00 0.00
0.30 4.01 2.06 1.00 0.00
0.50 4.01 -0.94 1.00 0.00
0.50 4.01 -0.77 1.00 0.00
0.50 4.01 -0.59 1.00 0.00
0.50 4.01 -0.42 1.00 0.00
0.50 4.01 -0.25 1.00 0.00
0.50 4.01 -0.07 1.00 0.00
0.50 4.01 0.10 1.00 0.00
0.50 4.01 0.28 1.00 0.00
0.50 4.01 0.45 1.00 0.00
0.50 4.01 0.63 1.00 0.00
0.50 4.01 0.80 1.00 0.00
0.50 4.01 0.98 1.00 0.00
0.50 4.01 1.15 1.00 0.00
0.50 4.01 1.32 1.00 0.00
0.50 4.01 1.50 1.00 0.00
0.50 4.01 1.67 1.00 0.00
0.50 4.01 1.85 1.00 0.00
0.50 4.01 2.02 1.00 0.00
0.70 4.01 -0.98 1.00 0.00
0.70 4.01 -0.81 1.00 0.00
0.70 4.01 -0.63 1.00 0.00
0.70 4.01 -0.46 1.00 0.00
0.70 4.01 -0.28 1.00 0.00
0.70 4.01 -0.11 1.00 0.00
0.70 4.01 0.07 1.00 0.00
0.70 4.01 0.24 1.00 0.00
0.70 4.01 0.42 1.00 0.00
0.70 4.01 0.59 1.00 0.00
0.70 4.01 0.76 1.00 0.00
0.70 4.01 0.94 1.00 0.00
0.70 4.01 1.11 1.00 0.00
0.70 4.01 1.29 1.00 0.00
0.70 4.01 1.46 1.00 0.00
0.70 4.01 1.64 1.00 0.00
0.70 4.01 1.81 1.00 0.00
0.70 4.01 1.99 1.00 0.00
0.90 4.01 -1.02 1.00 0.00
0.90 4.01 -0.84 1.00 0.00
0.90 4.01 -0.67 1.00 0.00
0.90 4.01 -0.49 1.00 0.00
0.90 4.01 -0.32 1.00 0.00
0.90 4.01 -0.15 1.00 0.00
0.90 4.01 0.03 1.00 0.00
0.90 4.01 0.20 1.00 0.00
0.90 4.01 0.38 1.00 0.00
0.90 4.01 0.55 1.00 0.00
0.90 4.01 0.73 1.00 0.00
0.90 4.01 0.90 1.00 0.00
0.90 4.01 1.08 1.00 0.00
0.90 4.01 1.25 1.00 0.00
0.90 4.01 1.43 1.00 0.00
0.90 4.01 1.60 1.00 0.00
0.90 4.01 1.77 1.00 0.00
0.90 4.01 1.95 1.00 0.00
1.10 4.01 -1.05 1.00 0.00
1.10 4.01 -0.88 1.00 0.00
1.10 4.01 -0.71 1.00 0.00
1.10 4.01 -0.53 1.00 0.00
1.10 4.01 -0.36 1.00 0.00
1.10 4.01 -0.18 1.00 0.00
1.10 4.01 -0.01 1.00 0.00
1.10 4.01 0.17 1.00 0.00
1.10 4.01 0.34 1.00 0.00
1.10 4.01 0.52 1.00 0.00
1.10 4.01 0.69 1.00 0.00
1.10 4.01 0.87 1.00 0.00
1.10 4.01 1.04 1.00 0.00
1.10 4.01 1.21 1.00 0.00
1.10 4.01 1.39 1.00 0.00
1.10 4.01 1.56 1.00 0.00
1.10 4.01 1.74 1.00 0.00
1.10 4.01 1.91 1.00 0.00
0.30 4.19 -0.91 1.00 0.00
0.30 4.19 -0.73 1.00 0.00
0.30 4.19 -0.56 1.00 0.00
0.30 4.19 -0.38 1.00 0.00
0.30 4.19 -0.21 1.00 0.00
0.30 4.19 -0.03 1.00 0.00
0.30 4.19 0.14 1.00 0.00
0.30 4.19 0.32 1.00 0.00
0.30 4.19 0.49 1.00 0.00
0.30 4.19 0.66 1.00 0.00
0.30 4.19 0.84 1.00 0.00
0.30 4.19 1.01 1.00 0.00
0.30 4.19 1.19 1.00 0.00
0.30 4.19 1.36 1.00 0.00
0.30 4.19 1.54 1.00 0.00
0.30 4.19 1.71 1.00 0.00
0.30 4.19 1.89 1.00 0.00
0.30 4.19 2.06 1.00 0.00
0.50 4.19 -0.94 1.00 0.00
0.50 4.19 -0.77 1.00 0.00
0.50 4.19 -0.59 1.00 0.00
0.50 4.19 -0.42 1.00 0.00
0.50 4.19 -0.25 1.00 0.00
0.50 4.19 -0.07 1.00 0.00
0.50 4.19 0.10 1.00 0.00
0.50 4.19 0.28 1.00 0.00
0.50 4.19 0.45 1.00 0.00
0.50 4.19 0.63 1.00 0.00
0.50 4.19 0.80 1.00 0.00
0.50 4.19 0.98 1.00 0.00
0.50 4.19 1.15 1.00 0.00
0.50 4.19 1.33 1.00 0.00
0.50 4.19 1.50 1.00 0.00
0.50 4.19 1.67 1.00 0.00
0.50 4.19 1.85 1.00 0.00
0.50 4.19 2.02 1.00 0.00
0.70 4.19 -0.98 1.00 0.00
0.70 4.19 -0.81 1.00 0.00
0.70 4.19 -0.63 1.00 0.00
0.70 4.19 -0.46 1.00 0.00
0.70 4.19 -0.28 1.00 0.00
0.70 4.19 -0.11 1.00 0.00
0.70 4.19 0.07 1.00 0.00
0.70 4.19 0.24 1.00 0.00
0.70 4.19 0.41 1.00 0.00
0.70 4.19 0.59 1.00 0.00
0.70 4.19 0.76 1.00 0.00
0.70 4.19 0.94 1.00 0.00
0.70 4.19 1.11 1.00 0.00
0.70 4.19 1.29 1.00 0.00
0.70 4.19 1.46 1.00 0.00
0.70 4.19 1.64 1.00 0.00
0.70 4.19 1.81 1.00 0.00
0.70 4.19 1.99 1.00 0.00
0.90 4.19 -1.02 1.00 0.00
0.90 4.19 -0.85 1.00 0.00
0.90 4.19 -0.67 1.00 0.00
0.90 4.19 -0.50 1.00 0.00
0.90 4.19 -0.32 1.00 0.00
0.90 4.19 -0.15 1.00 0.00
0.90 4.19 0.03 1.00 0.00
0.90 4.19 0.20 1.00 0.00
0.90 4.19 0.38 1.00 0.00
0.90 4.19 0.55 1.00 0.00
0.90 4.19 0.73 1.00 0.00
0.90 4.19 0.90 1.00 0.00
0.90 4.19 1.07 1.00 0.00
0.90 4.19 1.25 1.00 0.00
0.90 4.19 1.42 1.00 0.00
0.90 4.19 1.60 1.00 0.00
0.90 4.19 1.77 1.00 0.00
0.90 4.19 1.95 1.00 0.00
1.10 4.19 -1.06 1.00 0.00
1.10 4.19 -0.88 1.00 0.00
1.10 4.19 -0.71 1.00 0.00
1.10 4.19 -0.53 1.00 0.00
1.10 4.19 -0.36 1.00 0.00
1.10 4.19 -0.19 1.00 0.00
1.10 4.19 -0.01 1.00 0.00
1.10 4.19 0.16 1.00 0.00
1.10 4.19 0.34 1.00 0.00
1.10 4.19 0.51 1.00 0.00
1.10 4.19 0.69 1.00 0.00
1.10 4.19 0.86 1.00 0.00
1.10 4.19 1.04 1.00 0.00
1.10 4.19 1.21 1.00 0.00
1.10 4.19 1.39 1.00 0.00
1.10 4.19 1.56 1.00 0.00
1.10 4.19 1.73 1.00 0.00
1.10 4.19 1.91 1.00 0.00
0.30 4.36 -0.90 1.00 0.00
0.30 4.36 -0.73 1.00 0.00
0.30 4.36 -0.55 1.00 0.00
0.30 4.36 -0.38 1.00 0.00
0.30 4.36 -0.21 1.00 0.00
0.30 4.36 -0.03 1.00 0.00
0.30 4.36 0.14 1.00 0.00
0.30 4.36 0.32 1.00 0.00
0.30 4.36 0.49 1.00 0.00
0.30 4.36 0.67 1.00 0.00
0.30 4.36 0.84 1.00 0.00
0.30 4.36 1.02 1.00 0.00
0.30 4.36 1.19 1.00 0.00
0.30 4.36 1.36 1.00 0.00
0.30 4.36 1.54 1.00 0.00
0.30 4.36 1.71 1.00 0.00
0.30 4.36 1.89 1.00 0.00
0.30 4.36 2.06 1.00 0.00
0.50 4.36 -0.94 1.00 0.00
0.50 4.36 -0.77 1.00 0.00
0.50 4.36 -0.59 1.00 0.00
0.50 4.36 -0.42 1.00 0.00
0.50 4.36 -0.24 1.00 0.00
0.50 4.36 -0.07 1.00 0.00
0.50 4.36 0.11 1.00 0.00
0.50 4.36 0.28 1.00 0.00
0.50 4.36 0.46 1.00 0.00
0.50 4.36 0.63 1.00 0.00
0.50 4.36 0.80 1.00 0.00
0.50 4.36 0.98 1.00 0.00
0.50 4.36 1.15 1.00 0.00
0.50 4.36 1.33 1.00 0.00
0.50 4.36 1.50 1.00 0.00
0.50 4.36 1.68 1.00 0.00
0.50 4.36 1.85 1.00 0.00
0.50 4.36 2.03 1.00 0.00
0.70 4.36 -0.98 1.00 0.00
0.70 4.36 -0.80 1.00 0.00
0.70 4.36 -0.63 1.00 0.00
0.70 4.36 -0.45 1.00 0.00
0.70 4.36 -0.28 1.00 0.00
0.70 4.36 -0.11 1.00 0.00
0.70 4.36 0.07 1.00 0.00
0.70 4.36 0.24 1.00 0.00
0.70 4.36 0.42 1.00 0.00
0.70 4.36 0.59 1.00 0.00
0.70 4.36 0.77 1.00 0.00
0.70 4.36 0.94 1.00 0.00
0.70 4.36 1.12 1.00 0.00
0.70 4.36 1.29 1.00 0.00
0.70 4.36 1.47 1.00 0.00
0.70 4.36 1.64 1.00 0.00
0.70 4.36 1.81 1.00 0.00
0.70 4.36 1.99 1.00 0.00
0.90 4.36 -1.02 1.00 0.00
0.90 4.36 -0.84 1.00 0.00
0.90 4.36 -0.67 1.00 0.00
0.90 4.36 -0.49 1.00 0.00
0.90 4.36 -0.32 1.00 0.00
0.90 4.36 -0.14 1.00 0.00
0.90 4.36 0.03 1.00 0.00
0.90 4.36 0.21 1.00 0.00
0.90 4.36 0.38 1.00 0.00
0.90 4.36 0.55 1.00 0.00
0.90 4.36 0.73 1.00 0.00
0.90 4.36 0.90 1.00 0.00
0.90 4.36 1.08 1.00 0.00
0.90 4.36 1.25 1.00 0.00
0.90 4.36 1.43 1.00 0.00
0.90 4.36 1.60 1.00 0.00
0.90 4.36 1.78 1.00 0.00
0.90 4.36 1.95 1.00 0.00
1.10 4.36 -1.05 1.00 0.00
1.10 4.36 -0.88 1.00 0.00
1.10 4.36 -0.71 1.00 0.00
1.10 4.36 -0.53 1.00 0.00
1.10 4.36 -0.36 1.00 0.00
1.10 4.36 -0.18 1.00 0.00
1.10 4.36 -0.01 1.00 0.00
1.10 4.36 0.17 1.00 0.00
1.10 4.36 0.34 1.00 0.00
1.10 4.36 0.52 1.00 0.00
1.10 4.36 0.69 1.00 0.00
1.10 4.36 0.86 1.00 0.00
1.10 4.36 1.04 1.00 0.00
1.10 4.36 1.21 1.00 0.00
1.10 4.36 1.39 1.00 0.00
1.10 4.36 1.56 1.00 0.00
1.10 4.36 1.74 1.00 0.00
1.10 4.36 1.91 1.00 0.00
0.30 4.54 -0.90 1.00 0.00
0.30 4.54 -0.73 1.00 0.00
0.30 4.54 -0.55 1.00 0.00
0.30 4.54 -0.38 1.00 0.00
0.30 4.54 -0.20 1.00 0.00
0.30 4.54 -0.03 1.00 0.00
0.30 4.54 0.15 1.00 0.00
0.30 4.54 0.32 1.00 0.00
0.30 4.54 0.50 1.00 0.00
0.30 4.54 0.67 1.00 0.00
0.30 4.54 0.85 1.00 0.00
0.30 4.54 1.02 1.00 0.00
0.30 4.54 1.19 1.00 0.00
0.30 4.54 1.37 1.00 0.00
0.30 4.54 1.54 1.00 0.00
0.30 4.54 1.72 1.00 0.00
0.30 4.54 1.89 1.00 0.00
0.30 4.54 2.07 1.00 0.00
0.50 4.54 -0.93 1.00 0.00
0.50 4.54 -0.76 1.00 0.00
0.50 4.54 -0.59 1.00 0.00
0.50 4.54 -0.41 1.00 0.00
0.50 4.54 -0.24 1.00 0.00
0.50 4.54 -0.06 1.00 0.00
0.50 4.54 0.11 1.00 0.00
0.50 4.54 0.29 1.00 0.00
0.50 4.54 0.46 1.00 0.00
0.50 4.54 0.64 1.00 0.00
0.50 4.54 0.81 1.00 0.00
0.50 4.54 0.99 1.00 0.00
0.50 4.54 1.16 1.00 0.00
0.50 4.54 1.33 1.00 0.00
0.50 4.54 1.51 1.00 0.00
0.50 4.54 1.68 1.00 0.00
0.50 4.54 1.86 1.00 0.00
0.50 4.54 2.03 1.00 0.00
0.70 4.54 -0.97 1.00 0.00
0.70 4.54 -0.80 1.00 0.00
0.70 4.54 -0.62 1.00 0.00
0.70 4.54 -0.45 1.00 0.00
0.70 4.54 -0.27 1.00 0.00
0.70 4.54 -0.10 1.00 0.00
0.70 4.54 0.08 1.00 0.00
0.70 4.54 0.25 1.00 0.00
0.70 4.54 0.43 1.00 0.00
0.70 4.54 0.60 1.00 0.00
0.70 4.54 0.78 1.00 0.00
0.70 4.54 0.95 1.00 0.00
0.70 4.54 1.12 1.00 0.00
0.70 4.54 1.30 1.00 0.00
0.70 4.54 1.47 1.00 0.00
0.70 4.54 1.65 1.00 0.00
0.70 4.54 1.82 1.00 0.00
0.70 4.54 2.00 1.00 0.00
0.90 4.54 -1.01 1.00 0.00
0.90 4.54 -0.83 1.00 0.00
0.90 4.54 -0.66 1.00 0.00
0.90 4.54 -0.48 1.00 0.00
0.90 4.54 -0.31 1.00 0.00
0.90 4.54 -0.13 1.00 0.00
0.90 4.54 0.04 1.00 0.00
0.90 4.54 0.21 1.00 0.00
0.90 4.54 0.39 1.00 0.00
0.90 4.54 0.56 1.00 0.00
0.90 4.54 0.74 1.00 0.00
0.90 4.54 0.91 1.00 0.00
0.90 4.54 1.09 1.00 0.00
0.90 4.54 1.26 1.00 0.00
0.90 4.54 1.44 1.00 0.00
0.90 4.54 1.61 1.00 0.00
0.90 4.54 1.79 1.00 0.00
0.90 4.54 1.96 1.00 0.00
1.10 4.54 -1.05 1.00 0.00
1.10 4.54 -0.87 1.00 0.00
1.10 4.54 -0.70 1.00 0.00
1.10 4.54 -0.52 1.00 0.00
1.10 4.54 -0.35 1.00 0.00
1.10 4.54 -0.17 1.00 0.00
1.10 4.54 0.00 1.00 0.00
1.10 4.54 0.18 1.00 0.00
1.10 4.54 0.35 1.00 0.00
1.10 4.54 0.53 1.00 0.00
1.10 4.54 0.70 1.00 0.00
1.10 4.54 0.87 1.00 0.00
1.10 4.54 1.05 1.00 0.00
1.10 4.54 1.22 1.00 0.00
1.10 4.54 1.40 1.00 0.00
1.10 4.54 1.57 1.00 0.00
1.10 4.54 1.75 1.00 0.00
1.10 4.54 1.92 1.00 0.00
0.30 4.71 -0.89 1.00 0.00
0.30 4.71 -0.72 1.00 0.00
0.30 4.71 -0.55 1.00 0.00
0.30 4.71 -0.37 1.00 0.00
0.30 4.71 -0.20 1.00 0.00
0.30 4.71 -0.02 1.00 0.00
0.30 4.71 0.15 1.00 0.00
0.30 4.71 0.33 1.00 0.00
0.30 4.71 0.50 1.00 0.00
0.30 4.71 0.68 1.00 0.00
0.30 4.71 0.85 1.00 0.00
0.30 4.71 1.03 1.00 0.00
0.30 4.71 1.20 1.00 0.00
0.30 4.71 1.37 1.00 0.00
0.30 4.71 1.55 1.00 0.00
0.30 4.71 1.72 1.00 0.00
0.30 4.71 1.90 1.00 0.00
0.30 4.71 2.07 1.00 0.00
0.50 4.71 -0.93 1.00 0.00
0.50 4.71 -0.75 1.00 0.00
0.50 4.71 -0.58 1.00 0.00
0.50 4.71 -0.40 1.00 0.00
0.50 4.71 -0.23 1.00 0.00
0.50 4.71 -0.05 1.00 0.00
0.50 4.71 0.12 1.00 0.00
0.50 4.71 0.30 1.00 0.00
0.50 4.71 0.47 1.00 0.00
0.50 4.71 0.65 1.00 0.00
0.50 4.71 0.82 1.00 0.00
0.50 4.71 0.99 1.00 0.00
0.50 4.71 1.17 1.00 0.00
0.50 4.71 1.34 1.00 0.00
0.50 4.71 1.52 1.00 0.00
0.50 4.71 1.69 1.00 0.00
0.50 4.71 1.87 1.00 0.00
0.50 4.71 2.04 1.00 0.00
0.70 4.71 -0.96 1.00 0.00
0.70 4.71 -0.78 1.00 0.00
0.70 4.71 -0.61 1.00 0.00
0.70 4.71 -0.43 1.00 0.00
0.70 4.71 -0.26 1.00 0.00
0.70 4.71 -0.09 1.00 0.00
0.70 4.71 0.09 1.00 0.00
0.70 4.71 0.26 1.00 0.00
0.70 4.71 0.44 1.00 0.00
0.70 4.71 0.61 1.00 0.00
0.70 4.71 0.79 1.00 0.00
0.70 4.71 0.96 1.00 0.00
0.70 4.71 1.14 1.00 0.00
0.70 4.71 1.31 1.00 0.00
0.70 4.71 1.49 1.00 0.00
0.70 4.71 1.66 1.00 0.00
0.70 4.71 1.83 1.00 0.00
0.70 4.71 2.01 1.00 0.00
0.90 4.71 -0.99 1.00 0.00
0.90 4.71 -0.82 1.00 0.00
0.90 4.71 -0.64 1.00 0.00
0.90 4.71 -0.47 1.00 0.00
0.90 4.71 -0.29 1.00 0.00
0.90 4.71 -0.12 1.00 0.00
0.90 4.71 0.06 1.00 0.00
0.90 4.71 0.23 1.00 0.00
0.90 4.71 0.40 1.00 0.00
0.90 4.71 0.58 1.00 0.00
0.90 4.71 0.75 1.00 0.00
0.90 4.71 0.93 1.00 0.00
0.90 4.71 1.10 1.00 0.00
0.90 4.71 1.28 1.00 0.00
0.90 4.71 1.45 1.00 0.00
0.90 4.71 1.63 1.00 0.00
0.90 4.71 1.80 1.00 0.00
0.90 4.71 1.98 1.00 0.00
1.10 4.71 -1.03 1.00 0.00
1.10 4.71 -0.85 1.00 0.00
1.10 4.71 -0.68 1.00 0.00
1.10 4.71 -0.50 1.00 0.00
1.10 4.71 -0.33 1.00 0.00
1.10 4.71 -0.16 1.00 0.00
1.10 4.71 0.02 1.00 0.00
1.10 4.71 0.19 1.00 0.00
1.10 4.71 0.37 1.00 0.00
1.10 4.71 0.54 1.00 0.00
1.10 4.71 0.72 1.00 0.00
1.10 4.71 0.89 1.00 0.00
1.10 4.71 1.07 1.00 0.00
1.10 4.71 1.24 1.00 0.00
1.10 4.71 1.42 1.00 0.00
1.10 4.71 1.59 1.00 0.00
1.10 4.71 1.76 1.00 0.00
1.10 4.71 1.94 1.00 0.00
0.30 4.89 -0.89 1.00 0.00
0.30 4.89 -0.71 1.00 0.00
0.30 4.89 -0.54 1.00 0.00
0.30 4.89 -0.36 1.00 0.00
0.30 4.89 -0.19 1.00 0.00
0.30 4.89 -0.01 1.00 0.00
0.30 4.89 0.16 1.00 0.00
0.30 4.89 0.33 1.00 0.00
0.30 4.89 0.51 1.00 0.00
0.30 4.89 0.68 1.00 0.00
0.30 4.89 0.86 1.00 0.00
0.30 4.89 1.03 1.00 0.00
0.30 4.89 1.21 1.00 0.00
0.30 4.89 1.38 1.00 0.00
0.30 4.89 1.56 1.00 0.00
0.30 4.89 1.73 1.00 0.00
0.30 4.89 1.91 1.00 0.00
0.30 4.89 2.08 1.00 0.00
0.50 4.89 -0.91 1.00 0.00
0.50 4.89 -0.74 1.00 0.00
0.50 4.89 -0.56 1.00 0.00
0.50 4.89 -0.39 1.00 0.00
0.50 4.89 -0.22 1.00 0.00
0.50 4.89 -0.04 1.00 0.00
0.50 4.89 0.13 1.00 0.00
0.50 4.89 0.31 1.00 0.00
0.50 4.89 0.48 1.00 0.00
0.50 4.89 0.66 1.00 0.00
0.50 4.89 0.83 1.00 0.00
0.50 4.89 1.01 1.00 0.00
0.50 4.89 1.18 1.00 0.00
0.50 4.89 1.36 1.00 0.00
0.50 4.89 1.53 1.00 0.00
0.50 4.89 1.70 1.00 0.00
0.50 4.89 1.88 1.00 0.00
0.50 4.89 2.05 1.00 0.00
0.70 4.89 -0.94 1.00 0.00
0.70 4.89 -0.77 1.00 0.00
0.70 4.89 -0.59 1.00 0.00
0.70 4.89 -0.42 1.00 0.00
0.70 4.89 -0.24 1.00 0.00
0.70 4.89 -0.07 1.00 0.00
0.70 4.89 0.11 1.00 0.00
0.70 4.89 0.28 1.00 0.00
0.70 4.89 0.45 1.00 0.00
0.70 4.89 0.63 1.00 0.00
0.70 4.89 0.80 1.00 0.00
0.70 4.89 0.98 1.00 0.00
0.70 4.89 1.15 1.00 0.00
0.70 4.89 1.33 1.00 0.00
0.70 4.89 1.50 1.00 0.00
0.70 4.89 1.68 1.00 0.00
0.70 4.89 1.85 1.00 0.00
0.70 4.89 2.03 1.00 0.00
0.90 4.89 -0.97 1.00 0.00
0.90 4.89 -0.80 1.00 0.00
0.90 4.89 -0.62 1.00 0.00
0.90 4.89 -0.45 1.00 0.00
0.90 4.89 -0.27 1.00 0.00
0.90 4.89 -0.10 1.00 0.00
0.90 4.89 0.08 1.00 0.00
0.90 4.89 0.25 1.00 0.00
0.90 4.89 0.42 1.00 0.00
0.90 4.89 0.60 1.00 0.00
0.90 4.89 0.77 1.00 0.00
0.90 4.89 0.95 1.00 0.00
0.90 4.89 1.12 1.00 0.00
0.90 4.89 1.30 1.00 0.00
0.90 4.89 1.47 1.00 0.00
0.90 4.89 1.65 1.00 0.00
0.90 4.89 1.82 1.00 0.00
0.90 4.89 2.00 1.00 0.00
1.10 4.89 -1.00 1.00 0.00
1.10 4.89 -0.83 1.00 0.00
1.10 4.89 -0.65 1.00 0.00
1.10 4.89 -0.48 1.00 0.00
1.10 4.89 -0.30 1.00 0.00
1.10 4.89 -0.13 1.00 0.00
1.10 4.89 0.04 1.00 0.00
1.10 4.89 0.22 1.00 0.00
1.10 4.89 0.39 1.00 0.00
1.10 4.89 0.57 1.00 0.00
1.10 4.89 0.74 1.00 0.00
1.10 4.89 0.92 1.00 0.00
1.10 4.89 1.09 1.00 0.00
1.10 4.89 1.27 1.00 0.00
1.10 4.89 1.44 1.00 0.00
1.10 4.89 1.62 1.00 0.00
1.10 4.89 1.79 1.00 0.00
1.10 4.89 1.96 1.00 0.00
0.30 5.06 -0.88 1.00 0.00
0.30 5.06 -0.70 1.00 0.00
0.30 5.06 -0.53 1.00 0.00
0.30 5.06 -0.36 1.00 0.00
0.30 5.06 -0.18 1.00 0.00
0.30 5.06 -0.01 1.00 0.00
0.30 5.06 0.17 1.00 0.00
0.30 5.06 0.34 1.00 0.00
0.30 5.06 0.52 1.00 0.00
0.30 5.06 0.69 1.00 0.00
0.30 5.06 0.87 1.00 0.00
0.30 5.06 1.04 1.00 0.00
0.30 5.06 1.22 1.00 0.00
0.30 5.06 1.39 1.00 0.00
0.30 5.06 1.56 1.00 0.00
0.30 5.06 1.74 1.00 0.00
0.30 5.06 1.91 1.00 0.00
0.30 5.06 2.09 1.00 0.00
0.50 5.06 -0.90 1.00 0.00
0.50 5.06 -0.73 1.00 0.00
0.50 5.06 -0.55 1.00 0.00
0.50 5.06 -0.38 1.00 0.00
0.50 5.06 -0.20 1.00 0.00
0.50 5.06 -0.03 1.00 0.00
0.50 5.06 0.15 1.00 0.00
0.50 5.06 0.32 1.00 0.00
0.50 5.06 0.50 1.00 0.00
0.50 5.06 0.67 1.00 0.00
0.50 5.06 0.85 1.00 0.00
0.50 5.06 1.02 1.00 0.00
0.50 5.06 1.19 1.00 0.00
0.50 5.06 1.37 1.00 0.00
0.50 5.06 1.54 1.00 0.00
0.50 5.06 1.72 1.00 0.00
0.50 5.06 1.89 1.00 0.00
0.50 5.06 2.07 1.00 0.00
0.70 5.06 -0.92 1.00 0.00
0.70 5.06 -0.75 1.00 0.00
0.70 5.06 -0.57 1.00 0.00
0.70 5.06 -0.40 1.00 0.00
0.70 5.06 -0.22 1.00 0.00
0.70 5.06 -0.05 1.00 0.00
0.70 5.06 0.13 1.00 0.00
0.70 5.06 0.30 1.00 0.00
0.70 5.06 0.47 1.00 0.00
0.70 5.06 0.65 1.00 0.00
0.70 5.06 0.82 1.00 0.00
0.70 5.06 1.00 1.00 0.00
0.70 5.06 1.17 1.00 0.00
0.70 5.06 1.35 1.00 0.00
0.70 5.06 1.52 1.00 0.00
0.70 5.06 1.70 1.00 0.00
0.70 5.06 1.87 1.00 0.00
0.70 5.06 2.05 1.00 0.00
0.90 5.06 -0.95 1.00 0.00
0.90 5.06 -0.77 1.00 0.00
0.90 5.06 -0.60 1.00 0.00
0.90 5.06 -0.42 1.00 0.00
0.90 5.06 -0.25 1.00 0.00
0.90 5.06 -0.07 1.00 0.00
0.90 5.06 0.10 1.00 0.00
0.90 5.06 0.28 1.00 0.00
0.90 5.06 0.45 1.00 0.00
0.90 5.06 0.63 1.00 0.00
0.90 5.06 0.80 1.00 0.00
0.90 5.06 0.97 1.00 0.00
0.90 5.06 1.15 1.00 0.00
0.90 5.06 1.32 1.00 0.00
0.90 5.06 1.50 1.00 0.00
0.90 5.06 1.67 1.00 0.00
0.90 5.06 1.85 1.00 0.00
0.90 5.06 2.02 1.00 0.00
1.10 5.06 -0.97 1.00 0.00
1.10 5.06 -0.80 1.00 0.00
1.10 5.06 -0.62 1.00 0.00
1.10 5.06 -0.45 1.00 0.00
1.10 5.06 -0.27 1.00 0.00
1.10 5.06 -0.10 1.00 0.00
1.10 5.06 0.08 1.00 0.00
1.10 5.06 0.25 1.00 0.00
1.10 5.06 0.43 1.00 0.00
1.10 5.06 0.60 1.00 0.00
1.10 5.06 0.77 1.00 0.00
1.10 5.06 0.95 1.00 0.00
1.10 5.06 1.12 1.00 0.00
1.10 5.06 1.30 1.00 0.00
1.10 5.06 1.47 1.00 0.00
1.10 5.06 1.65 1.00 0.00
1.10 5.06 1.82 1.00 0.00
1.10 5.06 2.00 1.00 0.00
0.30 5.24 -0.87 1.00 0.00
0.30 5.24 -0.70 1.00 0.00
0.30 5.24 -0.52 1.00 0.00
0.30 5.24 -0.35 1.00 0.00
0.30 5.24 -0.17 1.00 0.00
0.30 5.24 0.00 1.00 0.00
0.30 5.24 0.18 1.00 0.00
0.30 5.24 0.35 1.00 0.00
0.30 5.24 0.53 1.00 0.00
0.30 5.24 0.70 1.00 0.00
0.30 5.24 0.88 1.00 0.00
0.30 5.24 1.05 1.00 0.00
0.30 5.24 1.22 1.00 0.00
0.30 5.24 1.40 1.00 0.00
0.30 5.24 1.57 1.00 0.00
0.30 5.24 1.75 1.00 0.00
0.30 5.24 1.92 1.00 0.00
0.30 5.24 2.10 1.00 0.00
0.50 5.24 -0.88 1.00 0.00
0.50 5.24 -0.71 1.00 0.00
0.50 5.24 -0.53 1.00 0.00
0.50 5.24 -0.36 1.00 0.00
0.50 5.24 -0.19 1.00 0.00
0.50 5.24 -0.01 1.00 0.00
0.50 5.24 0.16 1.00 0.00
0.50 5.24 0.34 1.00 0.00
0.50 5.24 0.51 1.00 0.00
0.50 5.24 0.69 1.00 0.00
0.50 5.24 0.86 1.00 0.00
0.50 5.24 1.04 1.00 0.00
0.50 5.24 1.21 1.00 0.00
0.50 5.24 1.39 1.00 0.00
0.50 5.24 1.56 1.00 0.00
0.50 5.24 1.73 1.00 0.00
0.50 5.24 1.91 1.00 0.00
0.50 5.24 2.08 1.00 0.00
0.70 5.24 -0.90 1.00 0.00
0.70 5.24 -0.72 1.00 0.00
0.70 5.24 -0.55 1.00 0.00
0.70 5.24 -0.37 1.00 0.00
0.70 5.24 -0.20 1.00 0.00
0.70 5.24 -0.03 1.00 0.00
0.70 5.24 0.15 1.00 0.00
0.70 5.24 0.32 1.00 0.00
0.70 5.24 0.50 1.00 0.00
0.70 5.24 0.67 1.00 0.00
0.70 5.24 0.85 1.00 0.00
0.70 5.24 1.02 1.00 0.00
0.70 5.24 1.20 1.00 0.00
0.70 5.24 1.37 1.00 0.00
0.70 5.24 1.54 1.00 0.00
0.70 5.24 1.72 1.00 0.00
0.70 5.24 1.89 1.00 0.00
0.70 5.24 2.07 1.00 0.00
0.90 5.24 -0.91 1.00 0.00
0.90 5.24 -0.74 1.00 0.00
0.90 5.24 -0.57 1.00 0.00
0.90 5.24 -0.39 1.00 0.00
0.90 5.24 -0.22 1.00 0.00
0.90 5.24 -0.04 1.00 0.00
0.90 5.24 0.13 1.00 0.00
0.90 5.24 0.31 1.00 0.00
0.90 5.24 0.48 1.00 0.00
0.90 5.24 0.66 1.00 0.00
0.90 5.24 0.83 1.00 0.00
0.90 5.24 1.01 1.00 0.00
0.90 5.24 1.18 1.00 0.00
0.90 5.24 1.35 1.00 0.00
0.90 5.24 1.53 1.00 0.00
0.90 5.24 1.70 1.00 0.00
0.90 5.24 1.88 1.00 0.00
0.90 5.24 2.05 1.00 0.00
1.10 5.24 -0.93 1.00 0.00
1.10 5.24 -0.76 1.00 0.00
1.10 5.24 -0.58 1.00 0.00
1.10 5.24 -0.41 1.00 0.00
1.10 5.24 -0.23 1.00 0.00
1.10 5.24 -0.06 1.00 0.00
1.10 5.24 0.11 1.00 0.00
1.10 5.24 0.29 1.00 0.00
1.10 5.24 0.46 1.00 0.00
1.10 5.24 0.64 1.00 0.00
1.10 5.24 0.81 1.00 0.00
1.10 5.24 0.99 1.00 0.00
1.10 5.24 1.16 1.00 0.00
1.10 5.24 1.34 1.00 0.00
1.10 5.24 1.51 1.00 0.00
1.10 5.24 1.69 1.00 0.00
1.10 5.24 1.86 1.00 0.00
1.10 5.24 2.03 1.00 0.00
0.30 5.41 -0.86 1.00 0.00
0.30 5.41 -0.69 1.00 0.00
0.30 5.41 -0.51 1.00 0.00
0.30 5.41 -0.34 1.00 0.00
0.30 5.41 -0.16 1.00 0.00
0.30 5.41 0.01 1.00 0.00
0.30 5.41 0.19 1.00 0.00
0.30 5.41 0.36 1.00 0.00
0.30 5.41 0.54 1.00 0.00
0.30 5.41 0.71 1.00 0.00
0.30 5.41 0.89 1.00 0.00
0.30 5.41 1.06 1.00 0.00
0.30 5.41 1.23 1.00 0.00
0.30 5.41 1.41 1.00 0.00
0.30 5.41 1.58 1.00 0.00
0.30 5.41 1.76 1.00 0.00
0.30 5.41 1.93 1.00 0.00
0.30 5.41 2.11 1.00 0.00
0.50 5.41 -0.87 1.00 0.00
0.50 5.41 -0.69 1.00 0.00
0.50 5.41 -0.52 1.00 0.00
0.50 5.41 -0.34 1.00 0.00
0.50 5.41 -0.17 1.00 0.00
0.50 5.41 0.01 1.00 0.00
0.50 5.41 0.18 1.00 0.00
0.50 5.41 0.36 1.00 0.00
0.50 5.41 0.53 1.00 0.00
0.50 5.41 0.70 1.00 0.00
0.50 5.41 0.88 1.00 0.00
0.50 5.41 1.05 1.00 0.00
0.50 5.41 1.23 1.00 0.00
0.50 5.41 1.40 1.00 0.00
0.50 5.41 1.58 1.00 0.00
0.50 5.41 1.75 1.00 0.00
0.50 5.41 1.93 1.00 0.00
0.50 5.41 2.10 1.00 0.00
0.70 5.41 -0.87 1.00 0.00
0.70 5.41 -0.70 1.00 0.00
0.70 5.41 -0.52 1.00 0.00
0.70 5.41 -0.35 1.00 0.00
0.70 5.41 -0.18 1.00 0.00
0.70 5.41 -0.00 1.00 0.00
0.70 5.41 0.17 1.00 0.00
0.70 5.41 0.35 1.00 0.00
0.70 5.41 0.52 1.00 0.00
0.70 5.41 0.70 1.00 0.00
0.70 5.41 0.87 1.00 0.00
0.70 5.41 1.05 1.00 0.00
0.70 5.41 1.22 1.00 0.00
0.70 5.41 1.40 1.00 0.00
0.70 5.41 1.57 1.00 0.00
0.70 5.41 1.74 1.00 0.00
0.70 5.41 1.92 1.00 0.00
0.70 5.41 2.09 1.00 0.00
0.90 5.41 -0.88 1.00 0.00
0.90 5.41 -0.71 1.00 0.00
0.90 5.41 -0.53 1.00 0.00
0.90 5.41 -0.36 1.00 0.00
0.90 5.41 -0.18 1.00 0.00
0.90 5.41 -0.01 1.00 0.00
0.90 5.41 0.17 1.00 0.00
0.90 5.41 0.34 1.00 0.00
0.90 5.41 0.51 1.00 0.00
0.90 5.41 0.69 1.00 0.00
0.90 5.41 0.86 1.00 0.00
0.90 5.41 1.04 1.00 0.00
0.90 5.41 1.21 1.00 0.00
0.90 5.41 1.39 1.00 0.00
0.90 5.41 1.56 1.00 0.00
0.90 5.41 1.74 1.00 0.00
0.90 5.41 1.91 1.00 0.00
0.90 5.41 2.09 1.00 0.00
1.10 5.41 -0.89 1.00 0.00
1.10 5.41 -0.72 1.00 0.00
1.10 5.41 -0.54 1.00 0.00
1.10 5.41 -0.37 1.00 0.00
1.10 5.41 -0.19 1.00 0.00
1.10 5.41 -0.02 1.00 0.00
1.10 5.41 0.16 1.00 0.00
1.10 5.41 0.33 1.00 0.00
1.10 5.41 0.51 1.00 0.00
1.10 5.41 0.68 1.00 0.00
1.10 5.41 0.86 1.00 0.00
1.10 5.41 1.03 1.00 0.00
1.10 5.41 1.20 1.00 0.00
1.10 5.41 1.38 1.00 0.00
1.10 5.41 1.55 1.00 0.00
1.10 5.41 1.73 1.00 0.00
1.10 5.41 1.90 1.00 0.00
1.10 5.41 2.08 1.00 0.00
0.30 5.59 -0.85 1.00 0.00
0.30 5.59 -0.67 1.00 0.00
0.30 5.59 -0.50 1.00 0.00
0.30 5.59 -0.33 1.00 0.00
0.30 5.59 -0.15 1.00 0.00
0.30 5.59 0.02 1.00 0.00
0.30 5.59 0.20 1.00 0.00
0.30 5.59 0.37 1.00 0.00
0.30 5.59 0.55 1.00 0.00
0.30 5.59 0.72 1.00 0.00
0.30 5.59 0.90 1.00 0.00
0.30 5.59 1.07 1.00 0.00
0.30 5.59 1.25 1.00 0.00
0.30 5.59 1.42 1.00 0.00
0.30 5.59 1.59 1.00 0.00
0.30 5.59 1.77 1.00 0.00
0.30 5.59 1.94 1.00 0.00
0.30 5.59 2.12 1.00 0.00
0.50 5.59 -0.85 1.00 0.00
0.50 5.59 -0.67 1.00 0.00
0.50 5.59 -0.50 1.00 0.00
0.50 5.59 -0.32 1.00 0.00
0.50 5.59 -0.15 1.00 0.00
0.50 5.59 0.02 1.00 0.00
0.50 5.59 0.20 1.00 0.00
0.50 5.59 0.37 1.00 0.00
0.50 5.59 0.55 1.00 0.00
0.50 5.59 0.72 1.00 0.00
0.50 5.59 0.90 1.00 0.00
0.50 5.59 1.07 1.00 0.00
0.50 5.59 1.25 1.00 0.00
0.50 5.59 1.42 1.00 0.00
0.50 5.59 1.60 1.00 0.00
0.50 5.59 1.77 1.00 0.00
0.50 5.59 1.94 1.00 0.00
0.50 5.59 2.12 1.00 0.00
0.70 5.59 -0.85 1.00 0.00
0.70 5.59 -0.67 1.00 0.00
0.70 5.59 -0.50 1.00 0.00
0.70 5.59 -0.32 1.00 0.00
0.70 5.59 -0.15 1.00 0.00
0.70 5.59 0.03 1.00 0.00
0.70 5.59 0.20 1.00 0.00
0.70 5.59 0.37 1.00 0.00
0.70 5.59 0.55 1.00 0.00
0.70 5.59 0.72 1.00 0.00
0.70 5.59 0.90 1.00 0.00
0.70 5.59 1.07 1.00 0.00
0.70 5.59 1.25 1.00 0.00
0.70 5.59 1.42 1.00 0.00
0.70 5.59 1.60 1.00 0.00
0.70 5.59 1.77 1.00 0.00
0.70 5.59 1.95 1.00 0.00
0.70 5.59 2.12 1.00 0.00
0.90 5.59 -0.85 1.00 0.00
0.90 5.59 -0.67 1.00 0.00
0.90 5.59 -0.50 1.00 0.00
0.90 5.59 -0.32 1.00 0.00
0.90 5.59 -0.15 1.00 0.00
0.90 5.59 0.03 1.00 0.00
0.90 5.59 0.20 1.00 0.00
0.90 5.59 0.38 1.00 0.00
0.90 5.59 0.55 1.00 0.00
0.90 5.59 0.72 1.00 0.00
0.90 5.59 0.90 1.00 0.00
0.90 5.59 1.07 1.00 0.00
0.90 5.59 1.25 1.00 0.00
0.90 5.59 1.42 1.00 0.00
0.90 5.59 1.60 1.00 0.00
0.90 5.59 1.77 1.00 0.00
0.90 5.59 1.95 1.00 0.00
0.90 5.59 2.12 1.00 0.00
1.10 5.59 -0.84 1.00 0.00
1.10 5.59 -0.67 1.00 0.00
1.10 5.59 -0.50 1.00 0.00
1.10 5.59 -0.32 1.00 0.00
1.10 5.59 -0.15 1.00 0.00
1.10 5.59 0.03 1.00 0.00
1.10 5.59 0.20 1.00 0.00
1.10 5.59 0.38 1.00 0.00
1.10 5.59 0.55 1.00 0.00
1.10 5.59 0.73 1.00 0.00
1.10 5.59 0.90 1.00 0.00
1.10 5.59 1.07 1.00 0.00
1.10 5.59 1.25 1.00 0.00
1.10 5.59 1.42 1.00 0.00
1.10 5.59 1.60 1.00 0.00
1.10 5.59 1.77 1.00 0.00
1.10 5.59 1.95 1.00 0.00
1.10 5.59 2.12 1.00 0.00
0.30 5.76 -0.84 1.00 0.00
0.30 5.76 -0.66 1.00 0.00
0.30 5.76 -0.49 1.00 0.00
0.30 5.76 -0.32 1.00 0.00
0.30 5.76 -0.14 1.00 0.00
0.30 5.76 0.03 1.00 0.00
0.30 5.76 0.21 1.00 0.00
0.30 5.76 0.38 1.00 0.00
0.30 5.76 0.56 1.00 0.00
0.30 5.76 0.73 1.00 0.00
0.30 5.76 0.91 1.00 0.00
0.30 5.76 1.08 1.00 0.00
0.30 5.76 1.26 1.00 0.00
0.30 5.76 1.43 1.00 0.00
0.30 5.76 1.60 1.00 0.00
0.30 5.76 1.78 1.00 0.00
0.30 5.76 1.95 1.00 0.00
0.30 5.76 2.13 1.00 0.00
0.50 5.76 -0.83 1.00 0.00
0.50 5.76 -0.66 1.00 0.00
0.50 5.76 -0.48 1.00 0.00
0.50 5.76 -0.31 1.00 0.00
0.50 5.76 -0.13 1.00 0.00
0.50 5.76 0.04 1.00 0.00
0.50 5.76 0.22 1.00 0.00
0.50 5.76 0.39 1.00 0.00
0.50 5.76 0.57 1.00 0.00
0.50 5.76 0.74 1.00 0.00
0.50 5.76 0.91 1.00 0.00
0.50 5.76 1.09 1.00 0.00
0.50 5.76 1.26 1.00 0.00
0.50 5.76 1.44 1.00 0.00
0.50 5.76 1.61 1.00 0.00
0.50 5.76 1.79 1.00 0.00
0.50 5.76 1.96 1.00 0.00
0.50 5.76 2.14 1.00 0.00
0.70 5.76 -0.82 1.00 0.00
0.70 5.76 -0.65 1.00 0.00
0.70 5.76 -0.47 1.00 0.00
0.70 5.76 -0.30 1.00 0.00
0.70 5.76 -0.12 1.00 0.00
0.70 5.76 0.05 1.00 0.00
0.70 5.76 0.23 1.00 0.00
0.70 5.76 0.40 1.00 0.00
0.70 5.76 0.57 1.00 0.00
0.70 5.76 0.75 1.00 0.00
0.70 5.76 0.92 1.00 0.00
0.70 5.76 1.10 1.00 0.00
0.70 5.76 1.27 1.00 0.00
0.70 5.76 1.45 1.00 0.00
0.70 5.76 1.62 1.00 0.00
0.70 5.76 1.80 1.00 0.00
0.70 5.76 1.97 1.00 0.00
0.70 5.76 2.15 1.00 0.00
0.90 5.76 -0.81 1.00 0.00
0.90 5.76 -0.64 1.00 0.00
0.90 5.76 -0.46 1.00 0.00
0.90 5.76 -0.29 1.00 0.00
0.90 5.76 -0.11 1.00 0.00
0.90 5.76 0.06 1.00 0.00
0.90 5.76 0.24 1.00 0.00
0.90 5.76 0.41 1.00 0.00
0.90 5.76 0.58 1.00 0.00
0.90 5.76 0.76 1.00 0.00
0.90 5.76 0.93 1.00 0.00
0.90 5.76 1.11 1.00 0.00
0.90 5.76 1.28 1.00 0.00
0.90 5.76 1.46 1.00 0.00
0.90 5.76 1.63 1.00 0.00
0.90 5.76 1.81 1.00 0.00
0.90 5.76 1.98 1.00 0.00
0.90 5.76 2.16 1.00 0.00
1.10 5.76 -0.80 1.00 0.00
1.10 5.76 -0.63 1.00 0.00
1.10 5.76 -0.45 1.00 0.00
1.10 5.76 -0.28 1.00 0.00
1.10 5.76 -0.10 1.00 0.00
1.10 5.76 0.07 1.00 0.00
1.10 5.76 0.25 1.00 0.00
1.10 5.76 0.42 1.00 0.00
1.10 5.76 0.60 1.00 0.00
1.10 5.76 0.77 1.00 0.00
1.10 5.76 0.95 1.00 0.00
1.10 5.76 1.12 1.00 0.00
1.10 5.76 1.29 1.00 0.00
1.10 5.76 1.47 1.00 0.00
1.10 5.76 1.64 1.00 0.00
1.10 5.76 1.82 1.00 0.00
1.10 5.76 1.99 1.00 0.00
1.10 5.76 2.17 1.00 0.00
0.30 5.93 -0.83 1.00 0.00
0.30 5.93 -0.65 1.00 0.00
0.30 5.93 -0.48 1.00 0.00
0.30 5.93 -0.31 1.00 0.00
0.30 5.93 -0.13 1.00 0.00
0.30 5.93 0.04 1.00 0.00
0.30 5.93 0.22 1.00 0.00
0.30 5.93 0.39 1.00 0.00
0.30 5.93 0.57 1.00 0.00
0.30 5.93 0.74 1.00 0.00
0.30 5.93 0.92 1.00 0.00
0.30 5.93 1.09 1.00 0.00
0.30 5.93 1.27 1.00 0.00
0.30 5.93 1.44 1.00 0.00
0.30 5.93 1.61 1.00 0.00
0.30 5.93 1.79 1.00 0.00
0.30 5.93 1.96 1.00 0.00
0.30 5.93 2.14 1.00 0.00
0.50 5.93 -0.81 1.00 0.00
0.50 5.93 -0.64 1.00 0.00
0.50 5.93 -0.46 1.00 0.00
0.50 5.93 -0.29 1.00 0.00
0.50 5.93 -0.12 1.00 0.00
0.50 5.93 0.06 1.00 0.00
0.50 5.93 0.23 1.00 0.00
0.50 5.93 0.41 1.00 0.00
0.50 5.93 0.58 1.00 0.00
0.50 5.93 0.76 1.00 0.00
0.50 5.93 0.93 1.00 0.00
0.50 5.93 1.11 1.00 0.00
0.50 5.93 1.28 1.00 0.00
0.50 5.93 1.46 1.00 0.00
0.50 5.93 1.63 1.00 0.00
0.50 5.93 1.80 1.00 0.00
0.50 5.93 1.98 1.00 0.00
0.50 5.93 2.15 1.00 0.00
0.70 5.93 -0.80 1.00 0.00
0.70 5.93 -0.62 1.00 0.00
0.70 5.93 -0.45 1.00 0.00
0.70 5.93 -0.27 1.00 0.00
0.70 5.93 -0.10 1.00 0.00
0.70 5.93 0.08 1.00 0.00
0.70 5.93 0.25 1.00 0.00
0.70 5.93 0.43 1.00 0.00
0.70 5.93 0.60 1.00 0.00
0.70 5.93 0.77 1.00 0.00
0.70 5.93 0.95 1.00 0.00
0.70 5.93 1.12 1.00 0.00
0.70 5.93 1.30 1.00 0.00
0.70 5.93 1.47 1.00 0.00
0.70 5.93 1.65 1.00 0.00
0.70 5.93 1.82 1.00 0.00
0.70 5.93 2.00 1.00 0.00
0.70 5.93 2.17 1.00 0.00
0.90 5.93 -0.78 1.00 0.00
0.90 5.93 -0.60 1.00 0.00
0.90 5.93 -0.43 1.00 0.00
0.90 5.93 -0.25 1.00 0.00
0.90 5.93 -0.08 1.00 0.00
0.90 5.93 0.09 1.00 0.00
0.90 5.93 0.27 1.00 0.00
0.90 5.93 0.44 1.00 0.00
0.90 5.93 0.62 1.00 0.00
0.90 5.93 0.79 1.00 0.00
0.90 5.93 0.97 1.00 0.00
0.90 5.93 1.14 1.00 0.00
0.90 5.93 1.32 1.00 0.00
0.90 5.93 1.49 1.00 0.00
0.90 5.93 1.67 1.00 0.00
0.90 5.93 1.84 1.00 0.00
0.90 5.93 2.01 1.00 0.00
0.90 5.93 2.19 1.00 0.00
1.10 5.93 -0.76 1.00 0.00
1.10 5.93 -0.58 1.00 0.00
1.10 5.93 -0.41 1.00 0.00
1.10 5.93 -0.23 1.00 0.00
1.10 5.93 -0.06 1.00 0.00
1.10 5.93 0.11 1.00 0.00
1.10 5.93 0.29 1.00 0.00
1.10 5.93 0.46 1.00 0.00
1.10 5.93 0.64 1.00 0.00
1.10 5.93 0.81 1.00 0.00
1.10 5.93 0.99 1.00 0.00
1.10 5.93 1.16 1.00 0.00
1.10 5.93 1.34 1.00 0.00
1.10 5.93 1.51 1.00 0.00
1.10 5.93 1.68 1.00 0.00
1.10 5.93 1.86 1.00 0.00
1.10 5.93 2.03 1.00 0.00
1.10 5.93 2.21 1.00 0.00
0.30 6.11 -0.82 1.00 0.00
0.30 6.11 -0.65 1.00 0.00
0.30 6.11 -0.47 1.00 0.00
0.30 6.11 -0.30 1.00 0.00
0.30 6.11 -0.12 1.00 0.00
0.30 6.11 0.05 1.00 0.00
0.30 6.11 0.23 1.00 0.00
0.30 6.11 0.40 1.00 0.00
0.30 6.11 0.58 1.00 0.00
0.30 6.11 0.75 1.00 0.00
0.30 6.11 0.93 1.00 0.00
0.30 6.11 1.10 1.00 0.00
0.30 6.11 1.27 1.00 0.00
0.30 6.11 1.45 1.00 0.00
0.30 6.11 1.62 1.00 0.00
0.30 6.11 1.80 1.00 0.00
0.30 6.11 1.97 1.00 0.00
0.30 6.11 2.15 1.00 0.00
0.50 6.11 -0.80 1.00 0.00
0.50 6.11 -0.62 1.00 0.00
0.50 6.11 -0.45 1.00 0.00
0.50 6.11 -0.27 1.00 0.00
0.50 6.11 -0.10 1.00 0.00
0.50 6.11 0.07 1.00 0.00
0.50 6.11 0.25 1.00 0.00
0.50 6.11 0.42 1.00 0.00
0.50 6.11 0.60 1.00 0.00
0.50 6.11 0.77 1.00 0.00
0.50 6.11 0.95 1.00 0.00
0.50 6.11 1.12 1.00 0.00
0.50 6.11 1.30 1.00 0.00
0.50 6.11 1.47 1.00 0.00
0.50 6.11 1.65 1.00 0.00
0.50 6.11 1.82 1.00 0.00
0.50 6.11 1.99 1.00 0.00
0.50 6.11 2.17 1.00 0.00
0.70 6.11 -0.77 1.00 0.00
0.70 6.11 -0.60 1.00 0.00
0.70 6.11 -0.43 1.00 0.00
0.70 6.11 -0.25 1.00 0.00
0.70 6.11 -0.08 1.00 0.00
0.70 6.11 0.10 1.00 0.00
0.70 6.11 0.27 1.00 0.00
0.70 6.11 0.45 1.00 0.00
0.70 6.11 0.62 1.00 0.00
0.70 6.11 0.80 1.00 0.00
0.70 6.11 0.97 1.00 0.00
0.70 6.11 1.15 1.00 0.00
0.70 6.11 1.32 1.00 0.00
0.70 6.11 1.49 1.00 0.00
0.70 6.11 1.67 1.00 0.00
0.70 6.11 1.84 1.00 0.00
0.70 6.11 2.02 1.00 0.00
0.70 6.11 2.19 1.00 0.00
0.90 6.11 -0.75 1.00 0.00
0.90 6.11 -0.57 1.00 0.00
0.90 6.11 -0.40 1.00 0.00
0.90 6.11 -0.23 1.00 0.00
0.90 6.11 -0.05 1.00 0.00
0.90 6.11 0.12 1.00 0.00
0.90 6.11 0.30 1.00 0.00
0.90 6.11 0.47 1.00 0.00
0.90 6.11 0.65 1.00 0.00
0.90 6.11 0.82 1.00 0.00
0.90 6.11 1.00 1.00 0.00
0.90 6.11 1.17 1.00 0.00
0.90 6.11 1.35 1.00 0.00
0.90 6.11 1.52 1.00 0.00
0.90 6.11 1.69 1.00 0.00
0.90 6.11 1.87 1.00 0.00
0.90 6.11 2.04 1.00 0.00
0.90 6.11 2.22 1.00 0.00
1.10 6.11 -0.72 1.00 0.00
1.10 6.11 -0.55 1.00 0.00
1.10 6.11 -0.37 1.00 0.00
1.10 6.11 -0.20 1.00 0.00
1.10 6.11 -0.02 1.00 0.00
1.10 6.11 0.15 1.00 0.00
1.10 6.11 0.33 1.00 0.00
1.10 6.11 0.50 1.00 0.00
1.10 6.11 0.67 1.00 0.00
1.10 6.11 0.85 1.00 0.00
1.10 6.11 1.02 1.00 0.00
1.10 6.11 1.20 1.00 0.00
1.10 6.11 1.37 1.00 0.00
1.10 6.11 1.55 1.00 0.00
1.10 6.11 1.72 1.00 0.00
1.10 6.11 1.90 1.00 0.00
1.10 6.11 2.07 1.00 0.00
1.10 6.11 2.25 1.00 0.00
