0.30 0.00 -0.86 1.00 0.00
0.30 0.00 -0.69 1.00 0.00
0.30 0.00 -0.52 1.00 0.00
0.30 0.00 -0.34 1.00 0.00
0.30 0.00 -0.17 1.00 0.00
0.30 0.00 0.01 1.00 0.00
0.30 0.00 0.18 1.00 0.00
0.30 0.00 0.36 1.00 0.00
0.30 0.00 0.53 1.00 0.00
0.30 0.00 0.71 1.00 0.00
0.30 0.00 0.88 1.00 0.00
0.30 0.00 1.06 1.00 0.00
0.30 0.00 1.23 1.00 0.00
0.30 0.00 1.40 1.00 0.00
0.30 0.00 1.58 1.00 0.00
0.30 0.00 1.75 1.00 0.00
0.30 0.00 1.93 1.00 0.00
0.30 0.00 2.10 1.00 0.00
0.50 0.00 -0.84 1.00 0.00
0.50 0.00 -0.66 1.00 0.00
0.50 0.00 -0.49 1.00 0.00
0.50 0.00 -0.31 1.00 0.00
0.50 0.00 -0.14 1.00 0.00
0.50 0.00 0.03 1.00 0.00
0.50 0.00 0.21 1.00 0.00
0.50 0.00 0.38 1.00 0.00
0.50 0.00 0.56 1.00 0.00
0.50 0.00 0.73 1.00 0.00
0.50 0.00 0.91 1.00 0.00
0.50 0.00 1.08 1.00 0.00
0.50 0.00 1.26 1.00 0.00
0.50 0.00 1.43 1.00 0.00
0.50 0.00 1.61 1.00 0.00
0.50 0.00 1.78 1.00 0.00
0.50 0.00 1.95 1.00 0.00
0.50 0.00 2.13 1.00 0.00
0.70 0.00 -0.81 1.00 0.00
0.70 0.00 -0.64 1.00 0.00
0.70 0.00 -0.46 1.00 0.00
0.70 0.00 -0.29 1.00 0.00
0.70 0.00 -0.11 1.00 0.00
0.70 0.00 0.06 1.00 0.00
0.70 0.00 0.24 1.00 0.00
0.70 0.00 0.41 1.00 0.00
0.70 0.00 0.59 1.00 0.00
0.70 0.00 0.76 1.00 0.00
0.70 0.00 0.94 1.00 0.00
0.70 0.00 1.11 1.00 0.00
0.70 0.00 1.28 1.00 0.00
0.70 0.00 1.46 1.00 0.00
0.70 0.00 1.63 1.00 0.00
0.70 0.00 1.81 1.00 0.00
0.70 0.00 1.98 1.00 0.00
0.70 0.00 2.16 1.00 0.00
0.90 0.00 -0.78 1.00 0.00
0.90 0.00 -0.61 1.00 0.00
0.90 0.00 -0.43 1.00 0.00
0.90 0.00 -0.26 1.00 0.00
0.90 0.00 -0.08 1.00 0.00
0.90 0.00 0.09 1.00 0.00
0.90 0.00 0.27 1.00 0.00
0.90 0.00 0.44 1.00 0.00
0.90 0.00 0.62 1.00 0.00
0.90 0.00 0.79 1.00 0.00
0.90 0.00 0.96 1.00 0.00
0.90 0.00 1.14 1.00 0.00
0.90 0.00 1.31 1.00 0.00
0.90 0.00 1.49 1.00 0.00
0.90 0.00 1.66 1.00 0.00
0.90 0.00 1.84 1.00 0.00
0.90 0.00 2.01 1.00 0.00
0.90 0.00 2.19 1.00 0.00
1.10 0.00 -0.75 1.00 0.00
1.10 0.00 -0.57 1.00 0.00
1.10 0.00 -0.40 1.00 0.00
1.10 0.00 -0.23 1.00 0.00
1.10 0.00 -0.05 1.00 0.00
1.10 0.00 0.12 1.00 0.00
1.10 0.00 0.30 1.00 0.00
1.10 0.00 0.47 1.00 0.00
1.10 0.00 0.65 1.00 0.00
1.10 0.00 0.82 1.00 0.00
1.10 0.00 1.00 1.00 0.00
1.10 0.00 1.17 1.00 0.00
1.10 0.00 1.34 1.00 0.00
1.10 0.00 1.52 1.00 0.00
1.10 0.00 1.69 1.00 0.00
1.10 0.00 1.87 1.00 0.00
1.10 0.00 2.04 1.00 0.00
1.10 0.00 2.22 1.00 0.00
0.30 0.17 -0.86 1.00 0.00
0.30 0.17 -0.68 1.00 0.00
0.30 0.17 -0.51 1.00 0.00
0.30 0.17 -0.33 1.00 0.00
0.30 0.17 -0.16 1.00 0.00
0.30 0.17 0.02 1.00 0.00
0.30 0.17 0.19 1.00 0.00
0.30 0.17 0.36 1.00 0.00
0.30 0.17 0.54 1.00 0.00
0.30 0.17 0.71 1.00 0.00
0.30 0.17 0.89 1.00 0.00
0.30 0.17 1.06 1.00 0.00
0.30 0.17 1.24 1.00 0.00
0.30 0.17 1.41 1.00 0.00
0.30 0.17 1.59 1.00 0.00
0.30 0.17 1.76 1.00 0.00
0.30 0.17 1.94 1.00 0.00
0.30 0.17 2.11 1.00 0.00
0.50 0.17 -0.83 1.00 0.00
0.50 0.17 -0.65 1.00 0.00
0.50 0.17 -0.48 1.00 0.00
0.50 0.17 -0.30 1.00 0.00
0.50 0.17 -0.13 1.00 0.00
0.50 0.17 0.05 1.00 0.00
0.50 0.17 0.22 1.00 0.00
0.50 0.17 0.40 1.00 0.00
0.50 0.17 0.57 1.00 0.00
0.50 0.17 0.74 1.00 0.00
0.50 0.17 0.92 1.00 0.00
0.50 0.17 1.09 1.00 0.00
0.50 0.17 1.27 1.00 0.00
0.50 0.17 1.44 1.00 0.00
0.50 0.17 1.62 1.00 0.00
0.50 0.17 1.79 1.00 0.00
0.50 0.17 1.97 1.00 0.00
0.50 0.17 2.14 1.00 0.00
0.70 0.17 -0.79 1.00 0.00
0.70 0.17 -0.62 1.00 0.00
0.70 0.17 -0.44 1.00 0.00
0.70 0.17 -0.27 1.00 0.00
0.70 0.17 -0.10 1.00 0.00
0.70 0.17 0.08 1.00 0.00
0.70 0.17 0.25 1.00 0.00
0.70 0.17 0.43 1.00 0.00
0.70 0.17 0.60 1.00 0.00
0.70 0.17 0.78 1.00 0.00
0.70 0.17 0.95 1.00 0.00
0.70 0.17 1.13 1.00 0.00
0.70 0.17 1.30 1.00 0.00
0.70 0.17 1.48 1.00 0.00
0.70 0.17 1.65 1.00 0.00
0.70 0.17 1.82 1.00 0.00
0.70 0.17 2.00 1.00 0.00
0.70 0.17 2.17 1.00 0.00
0.90 0.17 -0.76 1.00 0.00
0.90 0.17 -0.59 1.00 0.00
0.90 0.17 -0.41 1.00 0.00
0.90 0.17 -0.24 1.00 0.00
0.90 0.17 -0.06 1.00 0.00
0.90 0.17 0.11 1.00 0.00
0.90 0.17 0.29 1.00 0.00
0.90 0.17 0.46 1.00 0.00
0.90 0.17 0.64 1.00 0.00
0.90 0.17 0.81 1.00 0.00
0.90 0.17 0.99 1.00 0.00
0.90 0.17 1.16 1.00 0.00
0.90 0.17 1.33 1.00 0.00
0.90 0.17 1.51 1.00 0.00
0.90 0.17 1.68 1.00 0.00
0.90 0.17 1.86 1.00 0.00
0.90 0.17 2.03 1.00 0.00
0.90 0.17 2.21 1.00 0.00
1.10 0.17 -0.72 1.00 0.00
1.10 0.17 -0.55 1.00 0.00
1.10 0.17 -0.38 1.00 0.00
1.10 0.17 -0.20 1.00 0.00
1.10 0.17 -0.03 1.00 0.00
1.10 0.17 0.15 1.00 0.00
1.10 0.17 0.32 1.00 0.00
1.10 0.17 0.50 1.00 0.00
1.10 0.17 0.67 1.00 0.00
1.10 0.17 0.85 1.00 0.00
1.10 0.17 1.02 1.00 0.00
1.10 0.17 1.20 1.00 0.00
1.10 0.17 1.37 1.00 0.00
1.10 0.17 1.54 1.00 0.00
1.10 0.17 1.72 1.00 0.00
1.10 0.17 1.89 1.00 0.00
1.10 0.17 2.07 1.00 0.00
1.10 0.17 2.24 1.00 0.00
0.30 0.35 -0.85 1.00 0.00
0.30 0.35 -0.68 1.00 0.00
0.30 0.35 -0.50 1.00 0.00
0.30 0.35 -0.33 1.00 0.00
0.30 0.35 -0.15 1.00 0.00
0.30 0.35 0.02 1.00 0.00
0.30 0.35 0.20 1.00 0.00
0.30 0.35 0.37 1.00 0.00
0.30 0.35 0.54 1.00 0.00
0.30 0.35 0.72 1.00 0.00
0.30 0.35 0.89 1.00 0.00
0.30 0.35 1.07 1.00 0.00
0.30 0.35 1.24 1.00 0.00
0.30 0.35 1.42 1.00 0.00
0.30 0.35 1.59 1.00 0.00
0.30 0.35 1.77 1.00 0.00
0.30 0.35 1.94 1.00 0.00
0.30 0.35 2.12 1.00 0.00
0.50 0.35 -0.82 1.00 0.00
0.50 0.35 -0.64 1.00 0.00
0.50 0.35 -0.47 1.00 0.00
0.50 0.35 -0.29 1.00 0.00
0.50 0.35 -0.12 1.00 0.00
0.50 0.35 0.06 1.00 0.00
0.50 0.35 0.23 1.00 0.00
0.50 0.35 0.40 1.00 0.00
0.50 0.35 0.58 1.00 0.00
0.50 0.35 0.75 1.00 0.00
0.50 0.35 0.93 1.00 0.00
0.50 0.35 1.10 1.00 0.00
0.50 0.35 1.28 1.00 0.00
0.50 0.35 1.45 1.00 0.00
0.50 0.35 1.63 1.00 0.00
0.50 0.35 1.80 1.00 0.00
0.50 0.35 1.98 1.00 0.00
0.50 0.35 2.15 1.00 0.00
0.70 0.35 -0.78 1.00 0.00
0.70 0.35 -0.61 1.00 0.00
0.70 0.35 -0.43 1.00 0.00
0.70 0.35 -0.26 1.00 0.00
0.70 0.35 -0.08 1.00 0.00
0.70 0.35 0.09 1.00 0.00
0.70 0.35 0.27 1.00 0.00
0.70 0.35 0.44 1.00 0.00
0.70 0.35 0.61 1.00 0.00
0.70 0.35 0.79 1.00 0.00
0.70 0.35 0.96 1.00 0.00
0.70 0.35 1.14 1.00 0.00
0.70 0.35 1.31 1.00 0.00
0.70 0.35 1.49 1.00 0.00
0.70 0.35 1.66 1.00 0.00
0.70 0.35 1.84 1.00 0.00
0.70 0.35 2.01 1.00 0.00
0.70 0.35 2.19 1.00 0.00
0.90 0.35 -0.74 1.00 0.00
0.90 0.35 -0.57 1.00 0.00
0.90 0.35 -0.40 1.00 0.00
0.90 0.35 -0.22 1.00 0.00
0.90 0.35 -0.05 1.00 0.00
0.90 0.35 0.13 1.00 0.00
0.90 0.35 0.30 1.00 0.00
0.90 0.35 0.48 1.00 0.00
0.90 0.35 0.65 1.00 0.00
0.90 0.35 0.83 1.00 0.00
0.90 0.35 1.00 1.00 0.00
0.90 0.35 1.18 1.00 0.00
0.90 0.35 1.35 1.00 0.00
0.90 0.35 1.52 1.00 0.00
0.90 0.35 1.70 1.00 0.00
0.90 0.35 1.87 1.00 0.00
0.90 0.35 2.05 1.00 0.00
0.90 0.35 2.22 1.00 0.00
1.10 0.35 -0.71 1.00 0.00
1.10 0.35 -0.53 1.00 0.00
1.10 0.35 -0.36 1.00 0.00
1.10 0.35 -0.18 1.00 0.00
1.10 0.35 -0.01 1.00 0.00
1.10 0.35 0.17 1.00 0.00
1.10 0.35 0.34 1.00 0.00
1.10 0.35 0.52 1.00 0.00
1.10 0.35 0.69 1.00 0.00
1.10 0.35 0.86 1.00 0.00
1.10 0.35 1.04 1.00 0.00
1.10 0.35 1.21 1.00 0.00
1.10 0.35 1.39 1.00 0.00
1.10 0.35 1.56 1.00 0.00
1.10 0.35 1.74 1.00 0.00
1.10 0.35 1.91 1.00 0.00
1.10 0.35 2.09 1.00 0.00
1.10 0.35 2.26 1.00 0.00
0.30 0.52 -0.85 1.00 0.00
0.30 0.52 -0.67 1.00 0.00
0.30 0.52 -0.50 1.00 0.00
0.30 0.52 -0.32 1.00 0.00
0.30 0.52 -0.15 1.00 0.00
0.30 0.52 0.03 1.00 0.00
0.30 0.52 0.20 1.00 0.00
0.30 0.52 0.37 1.00 0.00
0.30 0.52 0.55 1.00 0.00
0.30 0.52 0.72 1.00 0.00
0.30 0.52 0.90 1.00 0.00
0.30 0.52 1.07 1.00 0.00
0.30 0.52 1.25 1.00 0.00
0.30 0.52 1.42 1.00 0.00
0.30 0.52 1.60 1.00 0.00
0.30 0.52 1.77 1.00 0.00
0.30 0.52 1.95 1.00 0.00
0.30 0.52 2.12 1.00 0.00
0.50 0.52 -0.81 1.00 0.00
0.50 0.52 -0.64 1.00 0.00
0.50 0.52 -0.46 1.00 0.00
0.50 0.52 -0.29 1.00 0.00
0.50 0.52 -0.11 1.00 0.00
0.50 0.52 0.06 1.00 0.00
0.50 0.52 0.24 1.00 0.00
0.50 0.52 0.41 1.00 0.00
0.50 0.52 0.59 1.00 0.00
0.50 0.52 0.76 1.00 0.00
0.50 0.52 0.93 1.00 0.00
0.50 0.52 1.11 1.00 0.00
0.50 0.52 1.28 1.00 0.00
0.50 0.52 1.46 1.00 0.00
0.50 0.52 1.63 1.00 0.00
0.50 0.52 1.81 1.00 0.00
0.50 0.52 1.98 1.00 0.00
0.50 0.52 2.16 1.00 0.00
0.70 0.52 -0.77 1.00 0.00
0.70 0.52 -0.60 1.00 0.00
0.70 0.52 -0.42 1.00 0.00
0.70 0.52 -0.25 1.00 0.00
0.70 0.52 -0.08 1.00 0.00
0.70 0.52 0.10 1.00 0.00
0.70 0.52 0.27 1.00 0.00
0.70 0.52 0.45 1.00 0.00
0.70 0.52 0.62 1.00 0.00
0.70 0.52 0.80 1.00 0.00
0.70 0.52 0.97 1.00 0.00
0.70 0.52 1.15 1.00 0.00
0.70 0.52 1.32 1.00 0.00
0.70 0.52 1.50 1.00 0.00
0.70 0.52 1.67 1.00 0.00
0.70 0.52 1.84 1.00 0.00
0.70 0.52 2.02 1.00 0.00
0.70 0.52 2.19 1.00 0.00
0.90 0.52 -0.74 1.00 0.00
0.90 0.52 -0.56 1.00 0.00
0.90 0.52 -0.39 1.00 0.00
0.90 0.52 -0.21 1.00 0.00
0.90 0.52 -0.04 1.00 0.00
0.90 0.52 0.14 1.00 0.00
0.90 0.52 0.31 1.00 0.00
0.90 0.52 0.49 1.00 0.00
0.90 0.52 0.66 1.00 0.00
0.90 0.52 0.84 1.00 0.00
0.90 0.52 1.01 1.00 0.00
0.90 0.52 1.18 1.00 0.00
0.90 0.52 1.36 1.00 0.00
0.90 0.52 1.53 1.00 0.00
0.90 0.52 1.71 1.00 0.00
0.90 0.52 1.88 1.00 0.00
0.90 0.52 2.06 1.00 0.00
0.90 0.52 2.23 1.00 0.00
1.10 0.52 -0.70 1.00 0.00
1.10 0.52 -0.52 1.00 0.00
1.10 0.52 -0.35 1.00 0.00
1.10 0.52 -0.17 1.00 0.00
1.10 0.52 0.00 1.00 0.00
1.10 0.52 0.18 1.00 0.00
1.10 0.52 0.35 1.00 0.00
1.10 0.52 0.53 1.00 0.00
1.10 0.52 0.70 1.00 0.00
1.10 0.52 0.87 1.00 0.00
1.10 0.52 1.05 1.00 0.00
1.10 0.52 1.22 1.00 0.00
1.10 0.52 1.40 1.00 0.00
1.10 0.52 1.57 1.00 0.00
1.10 0.52 1.75 1.00 0.00
1.10 0.52 1.92 1.00 0.00
1.10 0.52 2.10 1.00 0.00
1.10 0.52 2.27 1.00 0.00
0.30 0.70 -0.85 1.00 0.00
0.30 0.70 -0.67 1.00 0.00
0.30 0.70 -0.50 1.00 0.00
0.30 0.70 -0.32 1.00 0.00
0.30 0.70 -0.15 1.00 0.00
0.30 0.70 0.03 1.00 0.00
0.30 0.70 0.20 1.00 0.00
0.30 0.70 0.38 1.00 0.00
0.30 0.70 0.55 1.00 0.00
0.30 0.70 0.73 1.00 0.00
0.30 0.70 0.90 1.00 0.00
0.30 0.70 1.07 1.00 0.00
0.30 0.70 1.25 1.00 0.00
0.30 0.70 1.42 1.00 0.00
0.30 0.70 1.60 1.00 0.00
0.30 0.70 1.77 1.00 0.00
0.30 0.70 1.95 1.00 0.00
0.30 0.70 2.12 1.00 0.00
0.50 0.70 -0.81 1.00 0.00
0.50 0.70 -0.63 1.00 0.00
0.50 0.70 -0.46 1.00 0.00
0.50 0.70 -0.28 1.00 0.00
0.50 0.70 -0.11 1.00 0.00
0.50 0.70 0.07 1.00 0.00
0.50 0.70 0.24 1.00 0.00
0.50 0.70 0.41 1.00 0.00
0.50 0.70 0.59 1.00 0.00
0.50 0.70 0.76 1.00 0.00
0.50 0.70 0.94 1.00 0.00
0.50 0.70 1.11 1.00 0.00
0.50 0.70 1.29 1.00 0.00
0.50 0.70 1.46 1.00 0.00
0.50 0.70 1.64 1.00 0.00
0.50 0.70 1.81 1.00 0.00
0.50 0.70 1.98 1.00 0.00
0.50 0.70 2.16 1.00 0.00
0.70 0.70 -0.77 1.00 0.00
0.70 0.70 -0.60 1.00 0.00
0.70 0.70 -0.42 1.00 0.00
0.70 0.70 -0.25 1.00 0.00
0.70 0.70 -0.07 1.00 0.00
0.70 0.70 0.10 1.00 0.00
0.70 0.70 0.28 1.00 0.00
0.70 0.70 0.45 1.00 0.00
0.70 0.70 0.63 1.00 0.00
0.70 0.70 0.80 1.00 0.00
0.70 0.70 0.98 1.00 0.00
0.70 0.70 1.15 1.00 0.00
0.70 0.70 1.32 1.00 0.00
0.70 0.70 1.50 1.00 0.00
0.70 0.70 1.67 1.00 0.00
0.70 0.70 1.85 1.00 0.00
0.70 0.70 2.02 1.00 0.00
0.70 0.70 2.20 1.00 0.00
0.90 0.70 -0.73 1.00 0.00
0.90 0.70 -0.56 1.00 0.00
0.90 0.70 -0.38 1.00 0.00
0.90 0.70 -0.21 1.00 0.00
0.90 0.70 -0.03 1.00 0.00
0.90 0.70 0.14 1.00 0.00
0.90 0.70 0.32 1.00 0.00
0.90 0.70 0.49 1.00 0.00
0.90 0.70 0.66 1.00 0.00
0.90 0.70 0.84 1.00 0.00
0.90 0.70 1.01 1.00 0.00
0.90 0.70 1.19 1.00 0.00
0.90 0.70 1.36 1.00 0.00
0.90 0.70 1.54 1.00 0.00
0.90 0.70 1.71 1.00 0.00
0.90 0.70 1.89 1.00 0.00
0.90 0.70 2.06 1.00 0.00
0.90 0.70 2.24 1.00 0.00
1.10 0.70 -0.69 1.00 0.00
1.10 0.70 -0.52 1.00 0.00
1.10 0.70 -0.34 1.00 0.00
1.10 0.70 -0.17 1.00 0.00
1.10 0.70 0.00 1.00 0.00
1.10 0.70 0.18 1.00 0.00
1.10 0.70 0.35 1.00 0.00
1.10 0.70 0.53 1.00 0.00
1.10 0.70 0.70 1.00 0.00
1.10 0.70 0.88 1.00 0.00
1.10 0.70 1.05 1.00 0.00
1.10 0.70 1.23 1.00 0.00
1.10 0.70 1.40 1.00 0.00
1.10 0.70 1.58 1.00 0.00
1.10 0.70 1.75 1.00 0.00
1.10 0.70 1.92 1.00 0.00
1.10 0.70 2.10 1.00 0.00
1.10 0.70 2.27 1.00 0.00
0.30 0.87 -0.84 1.00 0.00
0.30 0.87 -0.67 1.00 0.00
0.30 0.87 -0.50 1.00 0.00
0.30 0.87 -0.32 1.00 0.00
0.30 0.87 -0.15 1.00 0.00
0.30 0.87 0.03 1.00 0.00
0.30 0.87 0.20 1.00 0.00
0.30 0.87 0.38 1.00 0.00
0.30 0.87 0.55 1.00 0.00
0.30 0.87 0.73 1.00 0.00
0.30 0.87 0.90 1.00 0.00
0.30 0.87 1.08 1.00 0.00
0.30 0.87 1.25 1.00 0.00
0.30 0.87 1.42 1.00 0.00
0.30 0.87 1.60 1.00 0.00
0.30 0.87 1.77 1.00 0.00
0.30 0.87 1.95 1.00 0.00
0.30 0.87 2.12 1.00 0.00
0.50 0.87 -0.81 1.00 0.00
0.50 0.87 -0.63 1.00 0.00
0.50 0.87 -0.46 1.00 0.00
0.50 0.87 -0.28 1.00 0.00
0.50 0.87 -0.11 1.00 0.00
0.50 0.87 0.07 1.00 0.00
0.50 0.87 0.24 1.00 0.00
0.50 0.87 0.41 1.00 0.00
0.50 0.87 0.59 1.00 0.00
0.50 0.87 0.76 1.00 0.00
0.50 0.87 0.94 1.00 0.00
0.50 0.87 1.11 1.00 0.00
0.50 0.87 1.29 1.00 0.00
0.50 0.87 1.46 1.00 0.00
0.50 0.87 1.64 1.00 0.00
0.50 0.87 1.81 1.00 0.00
0.50 0.87 1.99 1.00 0.00
0.50 0.87 2.16 1.00 0.00
0.70 0.87 -0.77 1.00 0.00
0.70 0.87 -0.60 1.00 0.00
0.70 0.87 -0.42 1.00 0.00
0.70 0.87 -0.25 1.00 0.00
0.70 0.87 -0.07 1.00 0.00
0.70 0.87 0.10 1.00 0.00
0.70 0.87 0.28 1.00 0.00
0.70 0.87 0.45 1.00 0.00
0.70 0.87 0.63 1.00 0.00
0.70 0.87 0.80 1.00 0.00
0.70 0.87 0.98 1.00 0.00
0.70 0.87 1.15 1.00 0.00
0.70 0.87 1.32 1.00 0.00
0.70 0.87 1.50 1.00 0.00
0.70 0.87 1.67 1.00 0.00
0.70 0.87 1.85 1.00 0.00
0.70 0.87 2.02 1.00 0.00
0.70 0.87 2.20 1.00 0.00
0.90 0.87 -0.73 1.00 0.00
0.90 0.87 -0.56 1.00 0.00
0.90 0.87 -0.38 1.00 0.00
0.90 0.87 -0.21 1.00 0.00
0.90 0.87 -0.04 1.00 0.00
0.90 0.87 0.14 1.00 0.00
0.90 0.87 0.31 1.00 0.00
0.90 0.87 0.49 1.00 0.00
0.90 0.87 0.66 1.00 0.00
0.90 0.87 0.84 1.00 0.00
0.90 0.87 1.01 1.00 0.00
0.90 0.87 1.19 1.00 0.00
0.90 0.87 1.36 1.00 0.00
0.90 0.87 1.54 1.00 0.00
0.90 0.87 1.71 1.00 0.00
0.90 0.87 1.88 1.00 0.00
0.90 0.87 2.06 1.00 0.00
0.90 0.87 2.23 1.00 0.00
1.10 0.87 -0.70 1.00 0.00
1.10 0.87 -0.52 1.00 0.00
1.10 0.87 -0.35 1.00 0.00
1.10 0.87 -0.17 1.00 0.00
1.10 0.87 0.00 1.00 0.00
1.10 0.87 0.18 1.00 0.00
1.10 0.87 0.35 1.00 0.00
1.10 0.87 0.53 1.00 0.00
1.10 0.87 0.70 1.00 0.00
1.10 0.87 0.87 1.00 0.00
1.10 0.87 1.05 1.00 0.00
1.10 0.87 1.22 1.00 0.00
1.10 0.87 1.40 1.00 0.00
1.10 0.87 1.57 1.00 0.00
1.10 0.87 1.75 1.00 0.00
1.10 0.87 1.92 1.00 0.00
1.10 0.87 2.10 1.00 0.00
1.10 0.87 2.27 1.00 0.00
0.30 1.05 -0.85 1.00 0.00
0.30 1.05 -0.67 1.00 0.00
0.30 1.05 -0.50 1.00 0.00
0.30 1.05 -0.32 1.00 0.00
0.30 1.05 -0.15 1.00 0.00
0.30 1.05 0.03 1.00 0.00
0.30 1.05 0.20 1.00 0.00
0.30 1.05 0.38 1.00 0.00
0.30 1.05 0.55 1.00 0.00
0.30 1.05 0.73 1.00 0.00
0.30 1.05 0.90 1.00 0.00
0.30 1.05 1.07 1.00 0.00
0.30 1.05 1.25 1.00 0.00
0.30 1.05 1.42 1.00 0.00
0.30 1.05 1.60 1.00 0.00
0.30 1.05 1.77 1.00 0.00
0.30 1.05 1.95 1.00 0.00
0.30 1.05 2.12 1.00 0.00
0.50 1.05 -0.81 1.00 0.00
0.50 1.05 -0.64 1.00 0.00
0.50 1.05 -0.46 1.00 0.00
0.50 1.05 -0.29 1.00 0.00
0.50 1.05 -0.11 1.00 0.00
0.50 1.05 0.06 1.00 0.00
0.50 1.05 0.24 1.00 0.00
0.50 1.05 0.41 1.00 0.00
0.50 1.05 0.59 1.00 0.00
0.50 1.05 0.76 1.00 0.00
0.50 1.05 0.94 1.00 0.00
0.50 1.05 1.11 1.00 0.00
0.50 1.05 1.28 1.00 0.00
0.50 1.05 1.46 1.00 0.00
0.50 1.05 1.63 1.00 0.00
0.50 1.05 1.81 1.00 0.00
0.50 1.05 1.98 1.00 0.00
0.50 1.05 2.16 1.00 0.00
0.70 1.05 -0.77 1.00 0.00
0.70 1.05 -0.60 1.00 0.00
0.70 1.05 -0.43 1.00 0.00
0.70 1.05 -0.25 1.00 0.00
0.70 1.05 -0.08 1.00 0.00
0.70 1.05 0.10 1.00 0.00
0.70 1.05 0.27 1.00 0.00
0.70 1.05 0.45 1.00 0.00
0.70 1.05 0.62 1.00 0.00
0.70 1.05 0.80 1.00 0.00
0.70 1.05 0.97 1.00 0.00
0.70 1.05 1.15 1.00 0.00
0.70 1.05 1.32 1.00 0.00
0.70 1.05 1.49 1.00 0.00
0.70 1.05 1.67 1.00 0.00
0.70 1.05 1.84 1.00 0.00
0.70 1.05 2.02 1.00 0.00
0.70 1.05 2.19 1.00 0.00
0.90 1.05 -0.74 1.00 0.00
0.90 1.05 -0.56 1.00 0.00
0.90 1.05 -0.39 1.00 0.00
0.90 1.05 -0.22 1.00 0.00
0.90 1.05 -0.04 1.00 0.00
0.90 1.05 0.13 1.00 0.00
0.90 1.05 0.31 1.00 0.00
0.90 1.05 0.48 1.00 0.00
0.90 1.05 0.66 1.00 0.00
0.90 1.05 0.83 1.00 0.00
0.90 1.05 1.01 1.00 0.00
0.90 1.05 1.18 1.00 0.00
0.90 1.05 1.35 1.00 0.00
0.90 1.05 1.53 1.00 0.00
0.90 1.05 1.70 1.00 0.00
0.90 1.05 1.88 1.00 0.00
0.90 1.05 2.05 1.00 0.00
0.90 1.05 2.23 1.00 0.00
1.10 1.05 -0.71 1.00 0.00
1.10 1.05 -0.53 1.00 0.00
1.10 1.05 -0.36 1.00 0.00
1.10 1.05 -0.18 1.00 0.00
1.10 1.05 -0.01 1.00 0.00
1.10 1.05 0.17 1.00 0.00
1.10 1.05 0.34 1.00 0.00
1.10 1.05 0.52 1.00 0.00
1.10 1.05 0.69 1.00 0.00
1.10 1.05 0.87 1.00 0.00
1.10 1.05 1.04 1.00 0.00
1.10 1.05 1.21 1.00 0.00
1.10 1.05 1.39 1.00 0.00
1.10 1.05 1.56 1.00 0.00
1.10 1.05 1.74 1.00 0.00
1.10 1.05 1.91 1.00 0.00
1.10 1.05 2.09 1.00 0.00
1.10 1.05 2.26 1.00 0.00
0.30 1.22 -0.85 1.00 0.00
0.30 1.22 -0.67 1.00 0.00
0.30 1.22 -0.50 1.00 0.00
0.30 1.22 -0.32 1.00 0.00
0.30 1.22 -0.15 1.00 0.00
0.30 1.22 0.02 1.00 0.00
0.30 1.22 0.20 1.00 0.00
0.30 1.22 0.37 1.00 0.00
0.30 1.22 0.55 1.00 0.00
0.30 1.22 0.72 1.00 0.00
0.30 1.22 0.90 1.00 0.00
0.30 1.22 1.07 1.00 0.00
0.30 1.22 1.25 1.00 0.00
0.30 1.22 1.42 1.00 0.00
0.30 1.22 1.60 1.00 0.00
0.30 1.22 1.77 1.00 0.00
0.30 1.22 1.94 1.00 0.00
0.30 1.22 2.12 1.00 0.00
0.50 1.22 -0.81 1.00 0.00
0.50 1.22 -0.64 1.00 0.00
0.50 1.22 -0.47 1.00 0.00
0.50 1.22 -0.29 1.00 0.00
0.50 1.22 -0.12 1.00 0.00
0.50 1.22 0.06 1.00 0.00
0.50 1.22 0.23 1.00 0.00
0.50 1.22 0.41 1.00 0.00
0.50 1.22 0.58 1.00 0.00
0.50 1.22 0.76 1.00 0.00
0.50 1.22 0.93 1.00 0.00
0.50 1.22 1.11 1.00 0.00
0.50 1.22 1.28 1.00 0.00
0.50 1.22 1.45 1.00 0.00
0.50 1.22 1.63 1.00 0.00
0.50 1.22 1.80 1.00 0.00
0.50 1.22 1.98 1.00 0.00
0.50 1.22 2.15 1.00 0.00
0.70 1.22 -0.78 1.00 0.00
0.70 1.22 -0.61 1.00 0.00
0.70 1.22 -0.43 1.00 0.00
0.70 1.22 -0.26 1.00 0.00
0.70 1.22 -0.08 1.00 0.00
0.70 1.22 0.09 1.00 0.00
0.70 1.22 0.27 1.00 0.00
0.70 1.22 0.44 1.00 0.00
0.70 1.22 0.61 1.00 0.00
0.70 1.22 0.79 1.00 0.00
0.70 1.22 0.96 1.00 0.00
0.70 1.22 1.14 1.00 0.00
0.70 1.22 1.31 1.00 0.00
0.70 1.22 1.49 1.00 0.00
0.70 1.22 1.66 1.00 0.00
0.70 1.22 1.84 1.00 0.00
0.70 1.22 2.01 1.00 0.00
0.70 1.22 2.19 1.00 0.00
0.90 1.22 -0.75 1.00 0.00
0.90 1.22 -0.58 1.00 0.00
0.90 1.22 -0.40 1.00 0.00
0.90 1.22 -0.23 1.00 0.00
0.90 1.22 -0.05 1.00 0.00
0.90 1.22 0.12 1.00 0.00
0.90 1.22 0.30 1.00 0.00
0.90 1.22 0.47 1.00 0.00
0.90 1.22 0.65 1.00 0.00
0.90 1.22 0.82 1.00 0.00
0.90 1.22 1.00 1.00 0.00
0.90 1.22 1.17 1.00 0.00
0.90 1.22 1.34 1.00 0.00
0.90 1.22 1.52 1.00 0.00
0.90 1.22 1.69 1.00 0.00
0.90 1.22 1.87 1.00 0.00
0.90 1.22 2.04 1.00 0.00
0.90 1.22 2.22 1.00 0.00
1.10 1.22 -0.72 1.00 0.00
1.10 1.22 -0.54 1.00 0.00
1.10 1.22 -0.37 1.00 0.00
1.10 1.22 -0.20 1.00 0.00
1.10 1.22 -0.02 1.00 0.00
1.10 1.22 0.15 1.00 0.00
1.10 1.22 0.33 1.00 0.00
1.10 1.22 0.50 1.00 0.00
1.10 1.22 0.68 1.00 0.00
1.10 1.22 0.85 1.00 0.00
1.10 1.22 1.03 1.00 0.00
1.10 1.22 1.20 1.00 0.00
1.10 1.22 1.38 1.00 0.00
1.10 1.22 1.55 1.00 0.00
1.10 1.22 1.72 1.00 0.00
1.10 1.22 1.90 1.00 0.00
1.10 1.22 2.07 1.00 0.00
1.10 1.22 2.25 1.00 0.00
0.30 1.40 -0.85 1.00 0.00
0.30 1.40 -0.68 1.00 0.00
0.30 1.40 -0.50 1.00 0.00
0.30 1.40 -0.33 1.00 0.00
0.30 1.40 -0.15 1.00 0.00
0.30 1.40 0.02 1.00 0.00
0.30 1.40 0.19 1.00 0.00
0.30 1.40 0.37 1.00 0.00
0.30 1.40 0.54 1.00 0.00
0.30 1.40 0.72 1.00 0.00
0.30 1.40 0.89 1.00 0.00
0.30 1.40 1.07 1.00 0.00
0.30 1.40 1.24 1.00 0.00
0.30 1.40 1.42 1.00 0.00
0.30 1.40 1.59 1.00 0.00
0.30 1.40 1.77 1.00 0.00
0.30 1.40 1.94 1.00 0.00
0.30 1.40 2.11 1.00 0.00
0.50 1.40 -0.82 1.00 0.00
0.50 1.40 -0.65 1.00 0.00
0.50 1.40 -0.47 1.00 0.00
0.50 1.40 -0.30 1.00 0.00
0.50 1.40 -0.12 1.00 0.00
0.50 1.40 0.05 1.00 0.00
0.50 1.40 0.23 1.00 0.00
0.50 1.40 0.40 1.00 0.00
0.50 1.40 0.57 1.00 0.00
0.50 1.40 0.75 1.00 0.00
0.50 1.40 0.92 1.00 0.00
0.50 1.40 1.10 1.00 0.00
0.50 1.40 1.27 1.00 0.00
0.50 1.40 1.45 1.00 0.00
0.50 1.40 1.62 1.00 0.00
0.50 1.40 1.80 1.00 0.00
0.50 1.40 1.97 1.00 0.00
0.50 1.40 2.15 1.00 0.00
0.70 1.40 -0.79 1.00 0.00
0.70 1.40 -0.62 1.00 0.00
0.70 1.40 -0.44 1.00 0.00
0.70 1.40 -0.27 1.00 0.00
0.70 1.40 -0.09 1.00 0.00
0.70 1.40 0.08 1.00 0.00
0.70 1.40 0.25 1.00 0.00
0.70 1.40 0.43 1.00 0.00
0.70 1.40 0.60 1.00 0.00
0.70 1.40 0.78 1.00 0.00
0.70 1.40 0.95 1.00 0.00
0.70 1.40 1.13 1.00 0.00
0.70 1.40 1.30 1.00 0.00
0.70 1.40 1.48 1.00 0.00
0.70 1.40 1.65 1.00 0.00
0.70 1.40 1.83 1.00 0.00
0.70 1.40 2.00 1.00 0.00
0.70 1.40 2.17 1.00 0.00
0.90 1.40 -0.76 1.00 0.00
0.90 1.40 -0.59 1.00 0.00
0.90 1.40 -0.42 1.00 0.00
0.90 1.40 -0.24 1.00 0.00
0.90 1.40 -0.07 1.00 0.00
0.90 1.40 0.11 1.00 0.00
0.90 1.40 0.28 1.00 0.00
0.90 1.40 0.46 1.00 0.00
0.90 1.40 0.63 1.00 0.00
0.90 1.40 0.81 1.00 0.00
0.90 1.40 0.98 1.00 0.00
0.90 1.40 1.16 1.00 0.00
0.90 1.40 1.33 1.00 0.00
0.90 1.40 1.50 1.00 0.00
0.90 1.40 1.68 1.00 0.00
0.90 1.40 1.85 1.00 0.00
0.90 1.40 2.03 1.00 0.00
0.90 1.40 2.20 1.00 0.00
1.10 1.40 -0.74 1.00 0.00
1.10 1.40 -0.56 1.00 0.00
1.10 1.40 -0.39 1.00 0.00
1.10 1.40 -0.21 1.00 0.00
1.10 1.40 -0.04 1.00 0.00
1.10 1.40 0.14 1.00 0.00
1.10 1.40 0.31 1.00 0.00
1.10 1.40 0.48 1.00 0.00
1.10 1.40 0.66 1.00 0.00
1.10 1.40 0.83 1.00 0.00
1.10 1.40 1.01 1.00 0.00
1.10 1.40 1.18 1.00 0.00
1.10 1.40 1.36 1.00 0.00
1.10 1.40 1.53 1.00 0.00
1.10 1.40 1.71 1.00 0.00
1.10 1.40 1.88 1.00 0.00
1.10 1.40 2.06 1.00 0.00
1.10 1.40 2.23 1.00 0.00
0.30 1.57 -0.86 1.00 0.00
0.30 1.57 -0.68 1.00 0.00
0.30 1.57 -0.51 1.00 0.00
0.30 1.57 -0.33 1.00 0.00
0.30 1.57 -0.16 1.00 0.00
0.30 1.57 0.01 1.00 0.00
0.30 1.57 0.19 1.00 0.00
0.30 1.57 0.36 1.00 0.00
0.30 1.57 0.54 1.00 0.00
0.30 1.57 0.71 1.00 0.00
0.30 1.57 0.89 1.00 0.00
0.30 1.57 1.06 1.00 0.00
0.30 1.57 1.24 1.00 0.00
0.30 1.57 1.41 1.00 0.00
0.30 1.57 1.59 1.00 0.00
0.30 1.57 1.76 1.00 0.00
0.30 1.57 1.93 1.00 0.00
0.30 1.57 2.11 1.00 0.00
0.50 1.57 -0.83 1.00 0.00
0.50 1.57 -0.66 1.00 0.00
0.50 1.57 -0.48 1.00 0.00
0.50 1.57 -0.31 1.00 0.00
0.50 1.57 -0.13 1.00 0.00
0.50 1.57 0.04 1.00 0.00
0.50 1.57 0.22 1.00 0.00
0.50 1.57 0.39 1.00 0.00
0.50 1.57 0.56 1.00 0.00
0.50 1.57 0.74 1.00 0.00
0.50 1.57 0.91 1.00 0.00
0.50 1.57 1.09 1.00 0.00
0.50 1.57 1.26 1.00 0.00
0.50 1.57 1.44 1.00 0.00
0.50 1.57 1.61 1.00 0.00
0.50 1.57 1.79 1.00 0.00
0.50 1.57 1.96 1.00 0.00
0.50 1.57 2.14 1.00 0.00
0.70 1.57 -0.81 1.00 0.00
0.70 1.57 -0.63 1.00 0.00
0.70 1.57 -0.46 1.00 0.00
0.70 1.57 -0.28 1.00 0.00
0.70 1.57 -0.11 1.00 0.00
0.70 1.57 0.07 1.00 0.00
0.70 1.57 0.24 1.00 0.00
0.70 1.57 0.42 1.00 0.00
0.70 1.57 0.59 1.00 0.00
0.70 1.57 0.76 1.00 0.00
0.70 1.57 0.94 1.00 0.00
0.70 1.57 1.11 1.00 0.00
0.70 1.57 1.29 1.00 0.00
0.70 1.57 1.46 1.00 0.00
0.70 1.57 1.64 1.00 0.00
0.70 1.57 1.81 1.00 0.00
0.70 1.57 1.99 1.00 0.00
0.70 1.57 2.16 1.00 0.00
0.90 1.57 -0.78 1.00 0.00
0.90 1.57 -0.61 1.00 0.00
0.90 1.57 -0.43 1.00 0.00
0.90 1.57 -0.26 1.00 0.00
0.90 1.57 -0.08 1.00 0.00
0.90 1.57 0.09 1.00 0.00
0.90 1.57 0.27 1.00 0.00
0.90 1.57 0.44 1.00 0.00
0.90 1.57 0.61 1.00 0.00
0.90 1.57 0.79 1.00 0.00
0.90 1.57 0.96 1.00 0.00
0.90 1.57 1.14 1.00 0.00
0.90 1.57 1.31 1.00 0.00
0.90 1.57 1.49 1.00 0.00
0.90 1.57 1.66 1.00 0.00
0.90 1.57 1.84 1.00 0.00
0.90 1.57 2.01 1.00 0.00
0.90 1.57 2.19 1.00 0.00
1.10 1.57 -0.76 1.00 0.00
1.10 1.57 -0.58 1.00 0.00
1.10 1.57 -0.41 1.00 0.00
1.10 1.57 -0.24 1.00 0.00
1.10 1.57 -0.06 1.00 0.00
1.10 1.57 0.11 1.00 0.00
1.10 1.57 0.29 1.00 0.00
1.10 1.57 0.46 1.00 0.00
1.10 1.57 0.64 1.00 0.00
1.10 1.57 0.81 1.00 0.00
1.10 1.57 0.99 1.00 0.00
1.10 1.57 1.16 1.00 0.00
1.10 1.57 1.34 1.00 0.00
1.10 1.57 1.51 1.00 0.00
1.10 1.57 1.68 1.00 0.00
1.10 1.57 1.86 1.00 0.00
1.10 1.57 2.03 1.00 0.00
1.10 1.57 2.21 1.00 0.00
0.30 1.75 -0.86 1.00 0.00
0.30 1.75 -0.69 1.00 0.00
0.30 1.75 -0.52 1.00 0.00
0.30 1.75 -0.34 1.00 0.00
0.30 1.75 -0.17 1.00 0.00
0.30 1.75 0.01 1.00 0.00
0.30 1.75 0.18 1.00 0.00
0.30 1.75 0.36 1.00 0.00
0.30 1.75 0.53 1.00 0.00
0.30 1.75 0.71 1.00 0.00
0.30 1.75 0.88 1.00 0.00
0.30 1.75 1.05 1.00 0.00
0.30 1.75 1.23 1.00 0.00
0.30 1.75 1.40 1.00 0.00
0.30 1.75 1.58 1.00 0.00
0.30 1.75 1.75 1.00 0.00
0.30 1.75 1.93 1.00 0.00
0.30 1.75 2.10 1.00 0.00
0.50 1.75 -0.84 1.00 0.00
0.50 1.75 -0.67 1.00 0.00
0.50 1.75 -0.49 1.00 0.00
0.50 1.75 -0.32 1.00 0.00
0.50 1.75 -0.14 1.00 0.00
0.50 1.75 0.03 1.00 0.00
0.50 1.75 0.20 1.00 0.00
0.50 1.75 0.38 1.00 0.00
0.50 1.75 0.55 1.00 0.00
0.50 1.75 0.73 1.00 0.00
0.50 1.75 0.90 1.00 0.00
0.50 1.75 1.08 1.00 0.00
0.50 1.75 1.25 1.00 0.00
0.50 1.75 1.43 1.00 0.00
0.50 1.75 1.60 1.00 0.00
0.50 1.75 1.78 1.00 0.00
0.50 1.75 1.95 1.00 0.00
0.50 1.75 2.12 1.00 0.00
0.70 1.75 -0.82 1.00 0.00
0.70 1.75 -0.65 1.00 0.00
0.70 1.75 -0.47 1.00 0.00
0.70 1.75 -0.30 1.00 0.00
0.70 1.75 -0.12 1.00 0.00
0.70 1.75 0.05 1.00 0.00
0.70 1.75 0.23 1.00 0.00
0.70 1.75 0.40 1.00 0.00
0.70 1.75 0.57 1.00 0.00
0.70 1.75 0.75 1.00 0.00
0.70 1.75 0.92 1.00 0.00
0.70 1.75 1.10 1.00 0.00
0.70 1.75 1.27 1.00 0.00
0.70 1.75 1.45 1.00 0.00
0.70 1.75 1.62 1.00 0.00
0.70 1.75 1.80 1.00 0.00
0.70 1.75 1.97 1.00 0.00
0.70 1.75 2.15 1.00 0.00
0.90 1.75 -0.80 1.00 0.00
0.90 1.75 -0.63 1.00 0.00
0.90 1.75 -0.45 1.00 0.00
0.90 1.75 -0.28 1.00 0.00
0.90 1.75 -0.10 1.00 0.00
0.90 1.75 0.07 1.00 0.00
0.90 1.75 0.25 1.00 0.00
0.90 1.75 0.42 1.00 0.00
0.90 1.75 0.59 1.00 0.00
0.90 1.75 0.77 1.00 0.00
0.90 1.75 0.94 1.00 0.00
0.90 1.75 1.12 1.00 0.00
0.90 1.75 1.29 1.00 0.00
0.90 1.75 1.47 1.00 0.00
0.90 1.75 1.64 1.00 0.00
0.90 1.75 1.82 1.00 0.00
0.90 1.75 1.99 1.00 0.00
0.90 1.75 2.17 1.00 0.00
1.10 1.75 -0.78 1.00 0.00
1.10 1.75 -0.61 1.00 0.00
1.10 1.75 -0.43 1.00 0.00
1.10 1.75 -0.26 1.00 0.00
1.10 1.75 -0.08 1.00 0.00
1.10 1.75 0.09 1.00 0.00
1.10 1.75 0.26 1.00 0.00
1.10 1.75 0.44 1.00 0.00
1.10 1.75 0.61 1.00 0.00
1.10 1.75 0.79 1.00 0.00
1.10 1.75 0.96 1.00 0.00
1.10 1.75 1.14 1.00 0.00
1.10 1.75 1.31 1.00 0.00
1.10 1.75 1.49 1.00 0.00
1.10 1.75 1.66 1.00 0.00
1.10 1.75 1.84 1.00 0.00
1.10 1.75 2.01 1.00 0.00
1.10 1.75 2.18 1.00 0.00
0.30 1.92 -0.87 1.00 0.00
0.30 1.92 -0.70 1.00 0.00
0.30 1.92 -0.52 1.00 0.00
0.30 1.92 -0.35 1.00 0.00
0.30 1.92 -0.17 1.00 0.00
0.30 1.92 0.00 1.00 0.00
0.30 1.92 0.17 1.00 0.00
0.30 1.92 0.35 1.00 0.00
0.30 1.92 0.52 1.00 0.00
0.30 1.92 0.70 1.00 0.00
0.30 1.92 0.87 1.00 0.00
0.30 1.92 1.05 1.00 0.00
0.30 1.92 1.22 1.00 0.00
0.30 1.92 1.40 1.00 0.00
0.30 1.92 1.57 1.00 0.00
0.30 1.92 1.75 1.00 0.00
0.30 1.92 1.92 1.00 0.00
0.30 1.92 2.09 1.00 0.00
0.50 1.92 -0.86 1.00 0.00
0.50 1.92 -0.68 1.00 0.00
0.50 1.92 -0.51 1.00 0.00
0.50 1.92 -0.33 1.00 0.00
0.50 1.92 -0.16 1.00 0.00
0.50 1.92 0.02 1.00 0.00
0.50 1.92 0.19 1.00 0.00
0.50 1.92 0.37 1.00 0.00
0.50 1.92 0.54 1.00 0.00
0.50 1.92 0.72 1.00 0.00
0.50 1.92 0.89 1.00 0.00
0.50 1.92 1.06 1.00 0.00
0.50 1.92 1.24 1.00 0.00
0.50 1.92 1.41 1.00 0.00
0.50 1.92 1.59 1.00 0.00
0.50 1.92 1.76 1.00 0.00
0.50 1.92 1.94 1.00 0.00
0.50 1.92 2.11 1.00 0.00
0.70 1.92 -0.84 1.00 0.00
0.70 1.92 -0.66 1.00 0.00
0.70 1.92 -0.49 1.00 0.00
0.70 1.92 -0.32 1.00 0.00
0.70 1.92 -0.14 1.00 0.00
0.70 1.92 0.03 1.00 0.00
0.70 1.92 0.21 1.00 0.00
0.70 1.92 0.38 1.00 0.00
0.70 1.92 0.56 1.00 0.00
0.70 1.92 0.73 1.00 0.00
0.70 1.92 0.91 1.00 0.00
0.70 1.92 1.08 1.00 0.00
0.70 1.92 1.26 1.00 0.00
0.70 1.92 1.43 1.00 0.00
0.70 1.92 1.60 1.00 0.00
0.70 1.92 1.78 1.00 0.00
0.70 1.92 1.95 1.00 0.00
0.70 1.92 2.13 1.00 0.00
0.90 1.92 -0.82 1.00 0.00
0.90 1.92 -0.65 1.00 0.00
0.90 1.92 -0.47 1.00 0.00
0.90 1.92 -0.30 1.00 0.00
0.90 1.92 -0.13 1.00 0.00
0.90 1.92 0.05 1.00 0.00
0.90 1.92 0.22 1.00 0.00
0.90 1.92 0.40 1.00 0.00
0.90 1.92 0.57 1.00 0.00
0.90 1.92 0.75 1.00 0.00
0.90 1.92 0.92 1.00 0.00
0.90 1.92 1.10 1.00 0.00
0.90 1.92 1.27 1.00 0.00
0.90 1.92 1.45 1.00 0.00
0.90 1.92 1.62 1.00 0.00
0.90 1.92 1.79 1.00 0.00
0.90 1.92 1.97 1.00 0.00
0.90 1.92 2.14 1.00 0.00
1.10 1.92 -0.81 1.00 0.00
1.10 1.92 -0.63 1.00 0.00
1.10 1.92 -0.46 1.00 0.00
1.10 1.92 -0.29 1.00 0.00
1.10 1.92 -0.11 1.00 0.00
1.10 1.92 0.06 1.00 0.00
1.10 1.92 0.24 1.00 0.00
1.10 1.92 0.41 1.00 0.00
1.10 1.92 0.59 1.00 0.00
1.10 1.92 0.76 1.00 0.00
1.10 1.92 0.94 1.00 0.00
1.10 1.92 1.11 1.00 0.00
1.10 1.92 1.29 1.00 0.00
1.10 1.92 1.46 1.00 0.00
1.10 1.92 1.63 1.00 0.00
1.10 1.92 1.81 1.00 0.00
1.10 1.92 1.98 1.00 0.00
1.10 1.92 2.16 1.00 0.00
0.30 2.09 -0.88 1.00 0.00
0.30 2.09 -0.71 1.00 0.00
0.30 2.09 -0.53 1.00 0.00
0.30 2.09 -0.36 1.00 0.00
0.30 2.09 -0.18 1.00 0.00
0.30 2.09 -0.01 1.00 0.00
0.30 2.09 0.17 1.00 0.00
0.30 2.09 0.34 1.00 0.00
0.30 2.09 0.52 1.00 0.00
0.30 2.09 0.69 1.00 0.00
0.30 2.09 0.86 1.00 0.00
0.30 2.09 1.04 1.00 0.00
0.30 2.09 1.21 1.00 0.00
0.30 2.09 1.39 1.00 0.00
0.30 2.09 1.56 1.00 0.00
0.30 2.09 1.74 1.00 0.00
0.30 2.09 1.91 1.00 0.00
0.30 2.09 2.09 1.00 0.00
0.50 2.09 -0.87 1.00 0.00
0.50 2.09 -0.69 1.00 0.00
0.50 2.09 -0.52 1.00 0.00
0.50 2.09 -0.35 1.00 0.00
0.50 2.09 -0.17 1.00 0.00
0.50 2.09 0.00 1.00 0.00
0.50 2.09 0.18 1.00 0.00
0.50 2.09 0.35 1.00 0.00
0.50 2.09 0.53 1.00 0.00
0.50 2.09 0.70 1.00 0.00
0.50 2.09 0.88 1.00 0.00
0.50 2.09 1.05 1.00 0.00
0.50 2.09 1.23 1.00 0.00
0.50 2.09 1.40 1.00 0.00
0.50 2.09 1.57 1.00 0.00
0.50 2.09 1.75 1.00 0.00
0.50 2.09 1.92 1.00 0.00
0.50 2.09 2.10 1.00 0.00
0.70 2.09 -0.86 1.00 0.00
0.70 2.09 -0.68 1.00 0.00
0.70 2.09 -0.51 1.00 0.00
0.70 2.09 -0.33 1.00 0.00
0.70 2.09 -0.16 1.00 0.00
0.70 2.09 0.01 1.00 0.00
0.70 2.09 0.19 1.00 0.00
0.70 2.09 0.36 1.00 0.00
0.70 2.09 0.54 1.00 0.00
0.70 2.09 0.71 1.00 0.00
0.70 2.09 0.89 1.00 0.00
0.70 2.09 1.06 1.00 0.00
0.70 2.09 1.24 1.00 0.00
0.70 2.09 1.41 1.00 0.00
0.70 2.09 1.59 1.00 0.00
0.70 2.09 1.76 1.00 0.00
0.70 2.09 1.93 1.00 0.00
0.70 2.09 2.11 1.00 0.00
0.90 2.09 -0.85 1.00 0.00
0.90 2.09 -0.67 1.00 0.00
0.90 2.09 -0.50 1.00 0.00
0.90 2.09 -0.32 1.00 0.00
0.90 2.09 -0.15 1.00 0.00
0.90 2.09 0.03 1.00 0.00
0.90 2.09 0.20 1.00 0.00
0.90 2.09 0.37 1.00 0.00
0.90 2.09 0.55 1.00 0.00
0.90 2.09 0.72 1.00 0.00
0.90 2.09 0.90 1.00 0.00
0.90 2.09 1.07 1.00 0.00
0.90 2.09 1.25 1.00 0.00
0.90 2.09 1.42 1.00 0.00
0.90 2.09 1.60 1.00 0.00
0.90 2.09 1.77 1.00 0.00
0.90 2.09 1.95 1.00 0.00
0.90 2.09 2.12 1.00 0.00
1.10 2.09 -0.84 1.00 0.00
1.10 2.09 -0.66 1.00 0.00
1.10 2.09 -0.49 1.00 0.00
1.10 2.09 -0.31 1.00 0.00
1.10 2.09 -0.14 1.00 0.00
1.10 2.09 0.04 1.00 0.00
1.10 2.09 0.21 1.00 0.00
1.10 2.09 0.38 1.00 0.00
1.10 2.09 0.56 1.00 0.00
1.10 2.09 0.73 1.00 0.00
1.10 2.09 0.91 1.00 0.00
1.10 2.09 1.08 1.00 0.00
1.10 2.09 1.26 1.00 0.00
1.10 2.09 1.43 1.00 0.00
1.10 2.09 1.61 1.00 0.00
1.10 2.09 1.78 1.00 0.00
1.10 2.09 1.96 1.00 0.00
1.10 2.09 2.13 1.00 0.00
0.30 2.27 -0.89 1.00 0.00
0.30 2.27 -0.72 1.00 0.00
0.30 2.27 -0.54 1.00 0.00
0.30 2.27 -0.37 1.00 0.00
0.30 2.27 -0.19 1.00 0.00
0.30 2.27 -0.02 1.00 0.00
0.30 2.27 0.16 1.00 0.00
0.30 2.27 0.33 1.00 0.00
0.30 2.27 0.51 1.00 0.00
0.30 2.27 0.68 1.00 0.00
0.30 2.27 0.86 1.00 0.00
0.30 2.27 1.03 1.00 0.00
0.30 2.27 1.20 1.00 0.00
0.30 2.27 1.38 1.00 0.00
0.30 2.27 1.55 1.00 0.00
0.30 2.27 1.73 1.00 0.00
0.30 2.27 1.90 1.00 0.00
0.30 2.27 2.08 1.00 0.00
0.50 2.27 -0.88 1.00 0.00
0.50 2.27 -0.71 1.00 0.00
0.50 2.27 -0.53 1.00 0.00
0.50 2.27 -0.36 1.00 0.00
0.50 2.27 -0.19 1.00 0.00
0.50 2.27 -0.01 1.00 0.00
0.50 2.27 0.16 1.00 0.00
0.50 2.27 0.34 1.00 0.00
0.50 2.27 0.51 1.00 0.00
0.50 2.27 0.69 1.00 0.00
0.50 2.27 0.86 1.00 0.00
0.50 2.27 1.04 1.00 0.00
0.50 2.27 1.21 1.00 0.00
0.50 2.27 1.39 1.00 0.00
0.50 2.27 1.56 1.00 0.00
0.50 2.27 1.73 1.00 0.00
0.50 2.27 1.91 1.00 0.00
0.50 2.27 2.08 1.00 0.00
0.70 2.27 -0.88 1.00 0.00
0.70 2.27 -0.70 1.00 0.00
0.70 2.27 -0.53 1.00 0.00
0.70 2.27 -0.35 1.00 0.00
0.70 2.27 -0.18 1.00 0.00
0.70 2.27 -0.00 1.00 0.00
0.70 2.27 0.17 1.00 0.00
0.70 2.27 0.34 1.00 0.00
0.70 2.27 0.52 1.00 0.00
0.70 2.27 0.69 1.00 0.00
0.70 2.27 0.87 1.00 0.00
0.70 2.27 1.04 1.00 0.00
0.70 2.27 1.22 1.00 0.00
0.70 2.27 1.39 1.00 0.00
0.70 2.27 1.57 1.00 0.00
0.70 2.27 1.74 1.00 0.00
0.70 2.27 1.92 1.00 0.00
0.70 2.27 2.09 1.00 0.00
0.90 2.27 -0.87 1.00 0.00
0.90 2.27 -0.70 1.00 0.00
0.90 2.27 -0.52 1.00 0.00
0.90 2.27 -0.35 1.00 0.00
0.90 2.27 -0.17 1.00 0.00
0.90 2.27 0.00 1.00 0.00
0.90 2.27 0.18 1.00 0.00
0.90 2.27 0.35 1.00 0.00
0.90 2.27 0.52 1.00 0.00
0.90 2.27 0.70 1.00 0.00
0.90 2.27 0.87 1.00 0.00
0.90 2.27 1.05 1.00 0.00
0.90 2.27 1.22 1.00 0.00
0.90 2.27 1.40 1.00 0.00
0.90 2.27 1.57 1.00 0.00
0.90 2.27 1.75 1.00 0.00
0.90 2.27 1.92 1.00 0.00
0.90 2.27 2.10 1.00 0.00
1.10 2.27 -0.87 1.00 0.00
1.10 2.27 -0.69 1.00 0.00
1.10 2.27 -0.52 1.00 0.00
1.10 2.27 -0.34 1.00 0.00
1.10 2.27 -0.17 1.00 0.00
1.10 2.27 0.01 1.00 0.00
1.10 2.27 0.18 1.00 0.00
1.10 2.27 0.36 1.00 0.00
1.10 2.27 0.53 1.00 0.00
1.10 2.27 0.70 1.00 0.00
1.10 2.27 0.88 1.00 0.00
1.10 2.27 1.05 1.00 0.00
1.10 2.27 1.23 1.00 0.00
1.10 2.27 1.40 1.00 0.00
1.10 2.27 1.58 1.00 0.00
1.10 2.27 1.75 1.00 0.00
1.10 2.27 1.93 1.00 0.00
1.10 2.27 2.10 1.00 0.00
0.30 2.44 -0.90 1.00 0.00
0.30 2.44 -0.72 1.00 0.00
0.30 2.44 -0.55 1.00 0.00
0.30 2.44 -0.38 1.00 0.00
0.30 2.44 -0.20 1.00 0.00
0.30 2.44 -0.03 1.00 0.00
0.30 2.44 0.15 1.00 0.00
0.30 2.44 0.32 1.00 0.00
0.30 2.44 0.50 1.00 0.00
0.30 2.44 0.67 1.00 0.00
0.30 2.44 0.85 1.00 0.00
0.30 2.44 1.02 1.00 0.00
0.30 2.44 1.20 1.00 0.00
0.30 2.44 1.37 1.00 0.00
0.30 2.44 1.54 1.00 0.00
0.30 2.44 1.72 1.00 0.00
0.30 2.44 1.89 1.00 0.00
0.30 2.44 2.07 1.00 0.00
0.50 2.44 -0.90 1.00 0.00
0.50 2.44 -0.72 1.00 0.00
0.50 2.44 -0.55 1.00 0.00
0.50 2.44 -0.37 1.00 0.00
0.50 2.44 -0.20 1.00 0.00
0.50 2.44 -0.03 1.00 0.00
0.50 2.44 0.15 1.00 0.00
0.50 2.44 0.32 1.00 0.00
0.50 2.44 0.50 1.00 0.00
0.50 2.44 0.67 1.00 0.00
0.50 2.44 0.85 1.00 0.00
0.50 2.44 1.02 1.00 0.00
0.50 2.44 1.20 1.00 0.00
0.50 2.44 1.37 1.00 0.00
0.50 2.44 1.55 1.00 0.00
0.50 2.44 1.72 1.00 0.00
0.50 2.44 1.89 1.00 0.00
0.50 2.44 2.07 1.00 0.00
0.70 2.44 -0.90 1.00 0.00
0.70 2.44 -0.72 1.00 0.00
0.70 2.44 -0.55 1.00 0.00
0.70 2.44 -0.37 1.00 0.00
0.70 2.44 -0.20 1.00 0.00
0.70 2.44 -0.02 1.00 0.00
0.70 2.44 0.15 1.00 0.00
0.70 2.44 0.32 1.00 0.00
0.70 2.44 0.50 1.00 0.00
0.70 2.44 0.67 1.00 0.00
0.70 2.44 0.85 1.00 0.00
0.70 2.44 1.02 1.00 0.00
0.70 2.44 1.20 1.00 0.00
0.70 2.44 1.37 1.00 0.00
0.70 2.44 1.55 1.00 0.00
0.70 2.44 1.72 1.00 0.00
0.70 2.44 1.90 1.00 0.00
0.70 2.44 2.07 1.00 0.00
0.90 2.44 -0.90 1.00 0.00
0.90 2.44 -0.72 1.00 0.00
0.90 2.44 -0.55 1.00 0.00
0.90 2.44 -0.37 1.00 0.00
0.90 2.44 -0.20 1.00 0.00
0.90 2.44 -0.02 1.00 0.00
0.90 2.44 0.15 1.00 0.00
0.90 2.44 0.33 1.00 0.00
0.90 2.44 0.50 1.00 0.00
0.90 2.44 0.67 1.00 0.00
0.90 2.44 0.85 1.00 0.00
0.90 2.44 1.02 1.00 0.00
0.90 2.44 1.20 1.00 0.00
0.90 2.44 1.37 1.00 0.00
0.90 2.44 1.55 1.00 0.00
0.90 2.44 1.72 1.00 0.00
0.90 2.44 1.90 1.00 0.00
0.90 2.44 2.07 1.00 0.00
1.10 2.44 -0.90 1.00 0.00
1.10 2.44 -0.72 1.00 0.00
1.10 2.44 -0.55 1.00 0.00
1.10 2.44 -0.37 1.00 0.00
1.10 2.44 -0.20 1.00 0.00
1.10 2.44 -0.02 1.00 0.00
1.10 2.44 0.15 1.00 0.00
1.10 2.44 0.33 1.00 0.00
1.10 2.44 0.50 1.00 0.00
1.10 2.44 0.67 1.00 0.00
1.10 2.44 0.85 1.00 0.00
1.10 2.44 1.02 1.00 0.00
1.10 2.44 1.20 1.00 0.00
1.10 2.44 1.37 1.00 0.00
1.10 2.44 1.55 1.00 0.00
1.10 2.44 1.72 1.00 0.00
1.10 2.44 1.90 1.00 0.00
1.10 2.44 2.07 1.00 0.00
0.30 2.62 -0.91 1.00 0.00
0.30 2.62 -0.73 1.00 0.00
0.30 2.62 -0.56 1.00 0.00
0.30 2.62 -0.38 1.00 0.00
0.30 2.62 -0.21 1.00 0.00
0.30 2.62 -0.04 1.00 0.00
0.30 2.62 0.14 1.00 0.00
0.30 2.62 0.31 1.00 0.00
0.30 2.62 0.49 1.00 0.00
0.30 2.62 0.66 1.00 0.00
0.30 2.62 0.84 1.00 0.00
0.30 2.62 1.01 1.00 0.00
0.30 2.62 1.19 1.00 0.00
0.30 2.62 1.36 1.00 0.00
0.30 2.62 1.54 1.00 0.00
0.30 2.62 1.71 1.00 0.00
0.30 2.62 1.88 1.00 0.00
0.30 2.62 2.06 1.00 0.00
0.50 2.62 -0.91 1.00 0.00
0.50 2.62 -0.74 1.00 0.00
0.50 2.62 -0.56 1.00 0.00
0.50 2.62 -0.39 1.00 0.00
0.50 2.62 -0.21 1.00 0.00
0.50 2.62 -0.04 1.00 0.00
0.50 2.62 0.13 1.00 0.00
0.50 2.62 0.31 1.00 0.00
0.50 2.62 0.48 1.00 0.00
0.50 2.62 0.66 1.00 0.00
0.50 2.62 0.83 1.00 0.00
0.50 2.62 1.01 1.00 0.00
0.50 2.62 1.18 1.00 0.00
0.50 2.62 1.36 1.00 0.00
0.50 2.62 1.53 1.00 0.00
0.50 2.62 1.70 1.00 0.00
0.50 2.62 1.88 1.00 0.00
0.50 2.62 2.05 1.00 0.00
0.70 2.62 -0.92 1.00 0.00
0.70 2.62 -0.74 1.00 0.00
0.70 2.62 -0.57 1.00 0.00
0.70 2.62 -0.39 1.00 0.00
0.70 2.62 -0.22 1.00 0.00
0.70 2.62 -0.04 1.00 0.00
0.70 2.62 0.13 1.00 0.00
0.70 2.62 0.30 1.00 0.00
0.70 2.62 0.48 1.00 0.00
0.70 2.62 0.65 1.00 0.00
0.70 2.62 0.83 1.00 0.00
0.70 2.62 1.00 1.00 0.00
0.70 2.62 1.18 1.00 0.00
0.70 2.62 1.35 1.00 0.00
0.70 2.62 1.53 1.00 0.00
0.70 2.62 1.70 1.00 0.00
0.70 2.62 1.87 1.00 0.00
0.70 2.62 2.05 1.00 0.00
0.90 2.62 -0.92 1.00 0.00
0.90 2.62 -0.75 1.00 0.00
0.90 2.62 -0.57 1.00 0.00
0.90 2.62 -0.40 1.00 0.00
0.90 2.62 -0.22 1.00 0.00
0.90 2.62 -0.05 1.00 0.00
0.90 2.62 0.13 1.00 0.00
0.90 2.62 0.30 1.00 0.00
0.90 2.62 0.47 1.00 0.00
0.90 2.62 0.65 1.00 0.00
0.90 2.62 0.82 1.00 0.00
0.90 2.62 1.00 1.00 0.00
0.90 2.62 1.17 1.00 0.00
0.90 2.62 1.35 1.00 0.00
0.90 2.62 1.52 1.00 0.00
0.90 2.62 1.70 1.00 0.00
0.90 2.62 1.87 1.00 0.00
0.90 2.62 2.05 1.00 0.00
1.10 2.62 -0.93 1.00 0.00
1.10 2.62 -0.75 1.00 0.00
1.10 2.62 -0.58 1.00 0.00
1.10 2.62 -0.40 1.00 0.00
1.10 2.62 -0.23 1.00 0.00
1.10 2.62 -0.05 1.00 0.00
1.10 2.62 0.12 1.00 0.00
1.10 2.62 0.30 1.00 0.00
1.10 2.62 0.47 1.00 0.00
1.10 2.62 0.65 1.00 0.00
1.10 2.62 0.82 1.00 0.00
1.10 2.62 0.99 1.00 0.00
1.10 2.62 1.17 1.00 0.00
1.10 2.62 1.34 1.00 0.00
1.10 2.62 1.52 1.00 0.00
1.10 2.62 1.69 1.00 0.00
1.10 2.62 1.87 1.00 0.00
1.10 2.62 2.04 1.00 0.00
0.30 2.79 -0.92 1.00 0.00
0.30 2.79 -0.74 1.00 0.00
0.30 2.79 -0.57 1.00 0.00
0.30 2.79 -0.39 1.00 0.00
0.30 2.79 -0.22 1.00 0.00
0.30 2.79 -0.04 1.00 0.00
0.30 2.79 0.13 1.00 0.00
0.30 2.79 0.30 1.00 0.00
0.30 2.79 0.48 1.00 0.00
0.30 2.79 0.65 1.00 0.00
0.30 2.79 0.83 1.00 0.00
0.30 2.79 1.00 1.00 0.00
0.30 2.79 1.18 1.00 0.00
0.30 2.79 1.35 1.00 0.00
0.30 2.79 1.53 1.00 0.00
0.30 2.79 1.70 1.00 0.00
0.30 2.79 1.88 1.00 0.00
0.30 2.79 2.05 1.00 0.00
0.50 2.79 -0.93 1.00 0.00
0.50 2.79 -0.75 1.00 0.00
0.50 2.79 -0.58 1.00 0.00
0.50 2.79 -0.40 1.00 0.00
0.50 2.79 -0.23 1.00 0.00
0.50 2.79 -0.06 1.00 0.00
0.50 2.79 0.12 1.00 0.00
0.50 2.79 0.29 1.00 0.00
0.50 2.79 0.47 1.00 0.00
0.50 2.79 0.64 1.00 0.00
0.50 2.79 0.82 1.00 0.00
0.50 2.79 0.99 1.00 0.00
0.50 2.79 1.17 1.00 0.00
0.50 2.79 1.34 1.00 0.00
0.50 2.79 1.52 1.00 0.00
0.50 2.79 1.69 1.00 0.00
0.50 2.79 1.86 1.00 0.00
0.50 2.79 2.04 1.00 0.00
0.70 2.79 -0.94 1.00 0.00
0.70 2.79 -0.76 1.00 0.00
0.70 2.79 -0.59 1.00 0.00
0.70 2.79 -0.41 1.00 0.00
0.70 2.79 -0.24 1.00 0.00
0.70 2.79 -0.06 1.00 0.00
0.70 2.79 0.11 1.00 0.00
0.70 2.79 0.28 1.00 0.00
0.70 2.79 0.46 1.00 0.00
0.70 2.79 0.63 1.00 0.00
0.70 2.79 0.81 1.00 0.00
0.70 2.79 0.98 1.00 0.00
0.70 2.79 1.16 1.00 0.00
0.70 2.79 1.33 1.00 0.00
0.70 2.79 1.51 1.00 0.00
0.70 2.79 1.68 1.00 0.00
0.70 2.79 1.86 1.00 0.00
0.70 2.79 2.03 1.00 0.00
0.90 2.79 -0.95 1.00 0.00
0.90 2.79 -0.77 1.00 0.00
0.90 2.79 -0.60 1.00 0.00
0.90 2.79 -0.42 1.00 0.00
0.90 2.79 -0.25 1.00 0.00
0.90 2.79 -0.07 1.00 0.00
0.90 2.79 0.10 1.00 0.00
0.90 2.79 0.28 1.00 0.00
0.90 2.79 0.45 1.00 0.00
0.90 2.79 0.62 1.00 0.00
0.90 2.79 0.80 1.00 0.00
0.90 2.79 0.97 1.00 0.00
0.90 2.79 1.15 1.00 0.00
0.90 2.79 1.32 1.00 0.00
0.90 2.79 1.50 1.00 0.00
0.90 2.79 1.67 1.00 0.00
0.90 2.79 1.85 1.00 0.00
0.90 2.79 2.02 1.00 0.00
1.10 2.79 -0.95 1.00 0.00
1.10 2.79 -0.78 1.00 0.00
1.10 2.79 -0.61 1.00 0.00
1.10 2.79 -0.43 1.00 0.00
1.10 2.79 -0.26 1.00 0.00
1.10 2.79 -0.08 1.00 0.00
1.10 2.79 0.09 1.00 0.00
1.10 2.79 0.27 1.00 0.00
1.10 2.79 0.44 1.00 0.00
1.10 2.79 0.62 1.00 0.00
1.10 2.79 0.79 1.00 0.00
1.10 2.79 0.96 1.00 0.00
1.10 2.79 1.14 1.00 0.00
1.10 2.79 1.31 1.00 0.00
1.10 2.79 1.49 1.00 0.00
1.10 2.79 1.66 1.00 0.00
1.10 2.79 1.84 1.00 0.00
1.10 2.79 2.01 1.00 0.00
0.30 2.97 -0.93 1.00 0.00
0.30 2.97 -0.75 1.00 0.00
0.30 2.97 -0.58 1.00 0.00
0.30 2.97 -0.40 1.00 0.00
0.30 2.97 -0.23 1.00 0.00
0.30 2.97 -0.05 1.00 0.00
0.30 2.97 0.12 1.00 0.00
0.30 2.97 0.30 1.00 0.00
0.30 2.97 0.47 1.00 0.00
0.30 2.97 0.64 1.00 0.00
0.30 2.97 0.82 1.00 0.00
0.30 2.97 0.99 1.00 0.00
0.30 2.97 1.17 1.00 0.00
0.30 2.97 1.34 1.00 0.00
0.30 2.97 1.52 1.00 0.00
0.30 2.97 1.69 1.00 0.00
0.30 2.97 1.87 1.00 0.00
0.30 2.97 2.04 1.00 0.00
0.50 2.97 -0.94 1.00 0.00
0.50 2.97 -0.77 1.00 0.00
0.50 2.97 -0.59 1.00 0.00
0.50 2.97 -0.42 1.00 0.00
0.50 2.97 -0.24 1.00 0.00
0.50 2.97 -0.07 1.00 0.00
0.50 2.97 0.11 1.00 0.00
0.50 2.97 0.28 1.00 0.00
0.50 2.97 0.45 1.00 0.00
0.50 2.97 0.63 1.00 0.00
0.50 2.97 0.80 1.00 0.00
0.50 2.97 0.98 1.00 0.00
0.50 2.97 1.15 1.00 0.00
0.50 2.97 1.33 1.00 0.00
0.50 2.97 1.50 1.00 0.00
0.50 2.97 1.68 1.00 0.00
0.50 2.97 1.85 1.00 0.00
0.50 2.97 2.03 1.00 0.00
0.70 2.97 -0.96 1.00 0.00
0.70 2.97 -0.78 1.00 0.00
0.70 2.97 -0.61 1.00 0.00
0.70 2.97 -0.43 1.00 0.00
0.70 2.97 -0.26 1.00 0.00
0.70 2.97 -0.08 1.00 0.00
0.70 2.97 0.09 1.00 0.00
0.70 2.97 0.27 1.00 0.00
0.70 2.97 0.44 1.00 0.00
0.70 2.97 0.61 1.00 0.00
0.70 2.97 0.79 1.00 0.00
0.70 2.97 0.96 1.00 0.00
0.70 2.97 1.14 1.00 0.00
0.70 2.97 1.31 1.00 0.00
0.70 2.97 1.49 1.00 0.00
0.70 2.97 1.66 1.00 0.00
0.70 2.97 1.84 1.00 0.00
0.70 2.97 2.01 1.00 0.00
0.90 2.97 -0.97 1.00 0.00
0.90 2.97 -0.80 1.00 0.00
0.90 2.97 -0.62 1.00 0.00
0.90 2.97 -0.45 1.00 0.00
0.90 2.97 -0.27 1.00 0.00
0.90 2.97 -0.10 1.00 0.00
0.90 2.97 0.08 1.00 0.00
0.90 2.97 0.25 1.00 0.00
0.90 2.97 0.43 1.00 0.00
0.90 2.97 0.60 1.00 0.00
0.90 2.97 0.78 1.00 0.00
0.90 2.97 0.95 1.00 0.00
0.90 2.97 1.12 1.00 0.00
0.90 2.97 1.30 1.00 0.00
0.90 2.97 1.47 1.00 0.00
0.90 2.97 1.65 1.00 0.00
0.90 2.97 1.82 1.00 0.00
0.90 2.97 2.00 1.00 0.00
1.10 2.97 -0.98 1.00 0.00
1.10 2.97 -0.81 1.00 0.00
1.10 2.97 -0.63 1.00 0.00
1.10 2.97 -0.46 1.00 0.00
1.10 2.97 -0.29 1.00 0.00
1.10 2.97 -0.11 1.00 0.00
1.10 2.97 0.06 1.00 0.00
1.10 2.97 0.24 1.00 0.00
1.10 2.97 0.41 1.00 0.00
1.10 2.97 0.59 1.00 0.00
1.10 2.97 0.76 1.00 0.00
1.10 2.97 0.94 1.00 0.00
1.10 2.97 1.11 1.00 0.00
1.10 2.97 1.29 1.00 0.00
1.10 2.97 1.46 1.00 0.00
1.10 2.97 1.63 1.00 0.00
1.10 2.97 1.81 1.00 0.00
1.10 2.97 1.98 1.00 0.00
0.30 3.14 -0.93 1.00 0.00
0.30 3.14 -0.76 1.00 0.00
0.30 3.14 -0.58 1.00 0.00
0.30 3.14 -0.41 1.00 0.00
0.30 3.14 -0.24 1.00 0.00
0.30 3.14 -0.06 1.00 0.00
0.30 3.14 0.11 1.00 0.00
0.30 3.14 0.29 1.00 0.00
0.30 3.14 0.46 1.00 0.00
0.30 3.14 0.64 1.00 0.00
0.30 3.14 0.81 1.00 0.00
0.30 3.14 0.99 1.00 0.00
0.30 3.14 1.16 1.00 0.00
0.30 3.14 1.33 1.00 0.00
0.30 3.14 1.51 1.00 0.00
0.30 3.14 1.68 1.00 0.00
0.30 3.14 1.86 1.00 0.00
0.30 3.14 2.03 1.00 0.00
0.50 3.14 -0.95 1.00 0.00
0.50 3.14 -0.78 1.00 0.00
0.50 3.14 -0.61 1.00 0.00
0.50 3.14 -0.43 1.00 0.00
0.50 3.14 -0.26 1.00 0.00
0.50 3.14 -0.08 1.00 0.00
0.50 3.14 0.09 1.00 0.00
0.50 3.14 0.27 1.00 0.00
0.50 3.14 0.44 1.00 0.00
0.50 3.14 0.62 1.00 0.00
0.50 3.14 0.79 1.00 0.00
0.50 3.14 0.97 1.00 0.00
0.50 3.14 1.14 1.00 0.00
0.50 3.14 1.31 1.00 0.00
0.50 3.14 1.49 1.00 0.00
0.50 3.14 1.66 1.00 0.00
0.50 3.14 1.84 1.00 0.00
0.50 3.14 2.01 1.00 0.00
0.70 3.14 -0.97 1.00 0.00
0.70 3.14 -0.80 1.00 0.00
0.70 3.14 -0.63 1.00 0.00
0.70 3.14 -0.45 1.00 0.00
0.70 3.14 -0.28 1.00 0.00
0.70 3.14 -0.10 1.00 0.00
0.70 3.14 0.07 1.00 0.00
0.70 3.14 0.25 1.00 0.00
0.70 3.14 0.42 1.00 0.00
0.70 3.14 0.60 1.00 0.00
0.70 3.14 0.77 1.00 0.00
0.70 3.14 0.95 1.00 0.00
0.70 3.14 1.12 1.00 0.00
0.70 3.14 1.29 1.00 0.00
0.70 3.14 1.47 1.00 0.00
0.70 3.14 1.64 1.00 0.00
0.70 3.14 1.82 1.00 0.00
0.70 3.14 1.99 1.00 0.00
0.90 3.14 -0.99 1.00 0.00
0.90 3.14 -0.82 1.00 0.00
0.90 3.14 -0.64 1.00 0.00
0.90 3.14 -0.47 1.00 0.00
0.90 3.14 -0.29 1.00 0.00
0.90 3.14 -0.12 1.00 0.00
0.90 3.14 0.05 1.00 0.00
0.90 3.14 0.23 1.00 0.00
0.90 3.14 0.40 1.00 0.00
0.90 3.14 0.58 1.00 0.00
0.90 3.14 0.75 1.00 0.00
0.90 3.14 0.93 1.00 0.00
0.90 3.14 1.10 1.00 0.00
0.90 3.14 1.28 1.00 0.00
0.90 3.14 1.45 1.00 0.00
0.90 3.14 1.63 1.00 0.00
0.90 3.14 1.80 1.00 0.00
0.90 3.14 1.97 1.00 0.00
1.10 3.14 -1.01 1.00 0.00
1.10 3.14 -0.84 1.00 0.00
1.10 3.14 -0.66 1.00 0.00
1.10 3.14 -0.49 1.00 0.00
1.10 3.14 -0.31 1.00 0.00
1.10 3.14 -0.14 1.00 0.00
1.10 3.14 0.04 1.00 0.00
1.10 3.14 0.21 1.00 0.00
1.10 3.14 0.39 1.00 0.00
1.10 3.14 0.56 1.00 0.00
1.10 3.14 0.74 1.00 0.00
1.10 3.14 0.91 1.00 0.00
1.10 3.14 1.08 1.00 0.00
1.10 3.14 1.26 1.00 0.00
1.10 3.14 1.43 1.00 0.00
1.10 3.14 1.61 1.00 0.00
1.10 3.14 1.78 1.00 0.00
1.10 3.14 1.96 1.00 0.00
0.30 3.32 -0.94 1.00 0.00
0.30 3.32 -0.77 1.00 0.00
0.30 3.32 -0.59 1.00 0.00
0.30 3.32 -0.42 1.00 0.00
0.30 3.32 -0.24 1.00 0.00
0.30 3.32 -0.07 1.00 0.00
0.30 3.32 0.11 1.00 0.00
0.30 3.32 0.28 1.00 0.00
0.30 3.32 0.46 1.00 0.00
0.30 3.32 0.63 1.00 0.00
0.30 3.32 0.80 1.00 0.00
0.30 3.32 0.98 1.00 0.00
0.30 3.32 1.15 1.00 0.00
0.30 3.32 1.33 1.00 0.00
0.30 3.32 1.50 1.00 0.00
0.30 3.32 1.68 1.00 0.00
0.30 3.32 1.85 1.00 0.00
0.30 3.32 2.03 1.00 0.00
0.50 3.32 -0.97 1.00 0.00
0.50 3.32 -0.79 1.00 0.00
0.50 3.32 -0.62 1.00 0.00
0.50 3.32 -0.44 1.00 0.00
0.50 3.32 -0.27 1.00 0.00
0.50 3.32 -0.09 1.00 0.00
0.50 3.32 0.08 1.00 0.00
0.50 3.32 0.26 1.00 0.00
0.50 3.32 0.43 1.00 0.00
0.50 3.32 0.60 1.00 0.00
0.50 3.32 0.78 1.00 0.00
0.50 3.32 0.95 1.00 0.00
0.50 3.32 1.13 1.00 0.00
0.50 3.32 1.30 1.00 0.00
0.50 3.32 1.48 1.00 0.00
0.50 3.32 1.65 1.00 0.00
0.50 3.32 1.83 1.00 0.00
0.50 3.32 2.00 1.00 0.00
0.70 3.32 -0.99 1.00 0.00
0.70 3.32 -0.82 1.00 0.00
0.70 3.32 -0.64 1.00 0.00
0.70 3.32 -0.47 1.00 0.00
0.70 3.32 -0.29 1.00 0.00
0.70 3.32 -0.12 1.00 0.00
0.70 3.32 0.06 1.00 0.00
0.70 3.32 0.23 1.00 0.00
0.70 3.32 0.41 1.00 0.00
0.70 3.32 0.58 1.00 0.00
0.70 3.32 0.75 1.00 0.00
0.70 3.32 0.93 1.00 0.00
0.70 3.32 1.10 1.00 0.00
0.70 3.32 1.28 1.00 0.00
0.70 3.32 1.45 1.00 0.00
0.70 3.32 1.63 1.00 0.00
0.70 3.32 1.80 1.00 0.00
0.70 3.32 1.98 1.00 0.00
0.90 3.32 -1.01 1.00 0.00
0.90 3.32 -0.84 1.00 0.00
0.90 3.32 -0.66 1.00 0.00
0.90 3.32 -0.49 1.00 0.00
0.90 3.32 -0.32 1.00 0.00
0.90 3.32 -0.14 1.00 0.00
0.90 3.32 0.03 1.00 0.00
0.90 3.32 0.21 1.00 0.00
0.90 3.32 0.38 1.00 0.00
0.90 3.32 0.56 1.00 0.00
0.90 3.32 0.73 1.00 0.00
0.90 3.32 0.91 1.00 0.00
0.90 3.32 1.08 1.00 0.00
0.90 3.32 1.26 1.00 0.00
0.90 3.32 1.43 1.00 0.00
0.90 3.32 1.60 1.00 0.00
0.90 3.32 1.78 1.00 0.00
0.90 3.32 1.95 1.00 0.00
1.10 3.32 -1.04 1.00 0.00
1.10 3.32 -0.86 1.00 0.00
1.10 3.32 -0.69 1.00 0.00
1.10 3.32 -0.51 1.00 0.00
1.10 3.32 -0.34 1.00 0.00
1.10 3.32 -0.16 1.00 0.00
1.10 3.32 0.01 1.00 0.00
1.10 3.32 0.19 1.00 0.00
1.10 3.32 0.36 1.00 0.00
1.10 3.32 0.54 1.00 0.00
1.10 3.32 0.71 1.00 0.00
1.10 3.32 0.88 1.00 0.00
1.10 3.32 1.06 1.00 0.00
1.10 3.32 1.23 1.00 0.00
1.10 3.32 1.41 1.00 0.00
1.10 3.32 1.58 1.00 0.00
1.10 3.32 1.76 1.00 0.00
1.10 3.32 1.93 1.00 0.00
0.30 3.49 -0.95 1.00 0.00
0.30 3.49 -0.77 1.00 0.00
0.30 3.49 -0.60 1.00 0.00
0.30 3.49 -0.42 1.00 0.00
0.30 3.49 -0.25 1.00 0.00
0.30 3.49 -0.07 1.00 0.00
0.30 3.49 0.10 1.00 0.00
0.30 3.49 0.27 1.00 0.00
0.30 3.49 0.45 1.00 0.00
0.30 3.49 0.62 1.00 0.00
0.30 3.49 0.80 1.00 0.00
0.30 3.49 0.97 1.00 0.00
0.30 3.49 1.15 1.00 0.00
0.30 3.49 1.32 1.00 0.00
0.30 3.49 1.50 1.00 0.00
0.30 3.49 1.67 1.00 0.00
0.30 3.49 1.85 1.00 0.00
0.30 3.49 2.02 1.00 0.00
0.50 3.49 -0.98 1.00 0.00
0.50 3.49 -0.80 1.00 0.00
0.50 3.49 -0.63 1.00 0.00
0.50 3.49 -0.45 1.00 0.00
0.50 3.49 -0.28 1.00 0.00
0.50 3.49 -0.10 1.00 0.00
0.50 3.49 0.07 1.00 0.00
0.50 3.49 0.25 1.00 0.00
0.50 3.49 0.42 1.00 0.00
0.50 3.49 0.59 1.00 0.00
0.50 3.49 0.77 1.00 0.00
0.50 3.49 0.94 1.00 0.00
0.50 3.49 1.12 1.00 0.00
0.50 3.49 1.29 1.00 0.00
0.50 3.49 1.47 1.00 0.00
0.50 3.49 1.64 1.00 0.00
0.50 3.49 1.82 1.00 0.00
0.50 3.49 1.99 1.00 0.00
0.70 3.49 -1.00 1.00 0.00
0.70 3.49 -0.83 1.00 0.00
0.70 3.49 -0.66 1.00 0.00
0.70 3.49 -0.48 1.00 0.00
0.70 3.49 -0.31 1.00 0.00
0.70 3.49 -0.13 1.00 0.00
0.70 3.49 0.04 1.00 0.00
0.70 3.49 0.22 1.00 0.00
0.70 3.49 0.39 1.00 0.00
0.70 3.49 0.57 1.00 0.00
0.70 3.49 0.74 1.00 0.00
0.70 3.49 0.92 1.00 0.00
0.70 3.49 1.09 1.00 0.00
0.70 3.49 1.26 1.00 0.00
0.70 3.49 1.44 1.00 0.00
0.70 3.49 1.61 1.00 0.00
0.70 3.49 1.79 1.00 0.00
0.70 3.49 1.96 1.00 0.00
0.90 3.49 -1.03 1.00 0.00
0.90 3.49 -0.86 1.00 0.00
0.90 3.49 -0.68 1.00 0.00
0.90 3.49 -0.51 1.00 0.00
0.90 3.49 -0.33 1.00 0.00
0.90 3.49 -0.16 1.00 0.00
0.90 3.49 0.02 1.00 0.00
0.90 3.49 0.19 1.00 0.00
0.90 3.49 0.36 1.00 0.00
0.90 3.49 0.54 1.00 0.00
0.90 3.49 0.71 1.00 0.00
0.90 3.49 0.89 1.00 0.00
0.90 3.49 1.06 1.00 0.00
0.90 3.49 1.24 1.00 0.00
0.90 3.49 1.41 1.00 0.00
0.90 3.49 1.59 1.00 0.00
0.90 3.49 1.76 1.00 0.00
0.90 3.49 1.94 1.00 0.00
1.10 3.49 -1.06 1.00 0.00
1.10 3.49 -0.88 1.00 0.00
1.10 3.49 -0.71 1.00 0.00
1.10 3.49 -0.53 1.00 0.00
1.10 3.49 -0.36 1.00 0.00
1.10 3.49 -0.18 1.00 0.00
1.10 3.49 -0.01 1.00 0.00
1.10 3.49 0.16 1.00 0.00
1.10 3.49 0.34 1.00 0.00
1.10 3.49 0.51 1.00 0.00
1.10 3.49 0.69 1.00 0.00
1.10 3.49 0.86 1.00 0.00
1.10 3.49 1.04 1.00 0.00
1.10 3.49 1.21 1.00 0.00
1.10 3.49 1.39 1.00 0.00
1.10 3.49 1.56 1.00 0.00
1.10 3.49 1.74 1.00 0.00
1.10 3.49 1.91 1.00 0.00
0.30 3.67 -0.95 1.00 0.00
0.30 3.67 -0.78 1.00 0.00
0.30 3.67 -0.60 1.00 0.00
0.30 3.67 -0.43 1.00 0.00
0.30 3.67 -0.25 1.00 0.00
0.30 3.67 -0.08 1.00 0.00
0.30 3.67 0.10 1.00 0.00
0.30 3.67 0.27 1.00 0.00
0.30 3.67 0.44 1.00 0.00
0.30 3.67 0.62 1.00 0.00
0.30 3.67 0.79 1.00 0.00
0.30 3.67 0.97 1.00 0.00
0.30 3.67 1.14 1.00 0.00
0.30 3.67 1.32 1.00 0.00
0.30 3.67 1.49 1.00 0.00
0.30 3.67 1.67 1.00 0.00
0.30 3.67 1.84 1.00 0.00
0.30 3.67 2.02 1.00 0.00
0.50 3.67 -0.98 1.00 0.00
0.50 3.67 -0.81 1.00 0.00
0.50 3.67 -0.64 1.00 0.00
0.50 3.67 -0.46 1.00 0.00
0.50 3.67 -0.29 1.00 0.00
0.50 3.67 -0.11 1.00 0.00
0.50 3.67 0.06 1.00 0.00
0.50 3.67 0.24 1.00 0.00
0.50 3.67 0.41 1.00 0.00
0.50 3.67 0.59 1.00 0.00
0.50 3.67 0.76 1.00 0.00
0.50 3.67 0.94 1.00 0.00
0.50 3.67 1.11 1.00 0.00
0.50 3.67 1.28 1.00 0.00
0.50 3.67 1.46 1.00 0.00
0.50 3.67 1.63 1.00 0.00
0.50 3.67 1.81 1.00 0.00
0.50 3.67 1.98 1.00 0.00
0.70 3.67 -1.02 1.00 0.00
0.70 3.67 -0.84 1.00 0.00
0.70 3.67 -0.67 1.00 0.00
0.70 3.67 -0.49 1.00 0.00
0.70 3.67 -0.32 1.00 0.00
0.70 3.67 -0.14 1.00 0.00
0.70 3.67 0.03 1.00 0.00
0.70 3.67 0.21 1.00 0.00
0.70 3.67 0.38 1.00 0.00
0.70 3.67 0.55 1.00 0.00
0.70 3.67 0.73 1.00 0.00
0.70 3.67 0.90 1.00 0.00
0.70 3.67 1.08 1.00 0.00
0.70 3.67 1.25 1.00 0.00
0.70 3.67 1.43 1.00 0.00
0.70 3.67 1.60 1.00 0.00
0.70 3.67 1.78 1.00 0.00
0.70 3.67 1.95 1.00 0.00
0.90 3.67 -1.05 1.00 0.00
0.90 3.67 -0.87 1.00 0.00
0.90 3.67 -0.70 1.00 0.00
0.90 3.67 -0.52 1.00 0.00
0.90 3.67 -0.35 1.00 0.00
0.90 3.67 -0.17 1.00 0.00
0.90 3.67 0.00 1.00 0.00
0.90 3.67 0.17 1.00 0.00
0.90 3.67 0.35 1.00 0.00
0.90 3.67 0.52 1.00 0.00
0.90 3.67 0.70 1.00 0.00
0.90 3.67 0.87 1.00 0.00
0.90 3.67 1.05 1.00 0.00
0.90 3.67 1.22 1.00 0.00
0.90 3.67 1.40 1.00 0.00
0.90 3.67 1.57 1.00 0.00
0.90 3.67 1.75 1.00 0.00
0.90 3.67 1.92 1.00 0.00
1.10 3.67 -1.08 1.00 0.00
1.10 3.67 -0.90 1.00 0.00
1.10 3.67 -0.73 1.00 0.00
1.10 3.67 -0.55 1.00 0.00
1.10 3.67 -0.38 1.00 0.00
1.10 3.67 -0.20 1.00 0.00
1.10 3.67 -0.03 1.00 0.00
1.10 3.67 0.15 1.00 0.00
1.10 3.67 0.32 1.00 0.00
1.10 3.67 0.49 1.00 0.00
1.10 3.67 0.67 1.00 0.00
1.10 3.67 0.84 1.00 0.00
1.10 3.67 1.02 1.00 0.00
1.10 3.67 1.19 1.00 0.00
1.10 3.67 1.37 1.00 0.00
1.10 3.67 1.54 1.00 0.00
1.10 3.67 1.72 1.00 0.00
1.10 3.67 1.89 1.00 0.00
0.30 3.84 -0.95 1.00 0.00
0.30 3.84 -0.78 1.00 0.00
0.30 3.84 -0.61 1.00 0.00
0.30 3.84 -0.43 1.00 0.00
0.30 3.84 -0.26 1.00 0.00
0.30 3.84 -0.08 1.00 0.00
0.30 3.84 0.09 1.00 0.00
0.30 3.84 0.27 1.00 0.00
0.30 3.84 0.44 1.00 0.00
0.30 3.84 0.62 1.00 0.00
0.30 3.84 0.79 1.00 0.00
0.30 3.84 0.96 1.00 0.00
0.30 3.84 1.14 1.00 0.00
0.30 3.84 1.31 1.00 0.00
0.30 3.84 1.49 1.00 0.00
0.30 3.84 1.66 1.00 0.00
0.30 3.84 1.84 1.00 0.00
0.30 3.84 2.01 1.00 0.00
0.50 3.84 -0.99 1.00 0.00
0.50 3.84 -0.82 1.00 0.00
0.50 3.84 -0.64 1.00 0.00
0.50 3.84 -0.47 1.00 0.00
0.50 3.84 -0.29 1.00 0.00
0.50 3.84 -0.12 1.00 0.00
0.50 3.84 0.06 1.00 0.00
0.50 3.84 0.23 1.00 0.00
0.50 3.84 0.41 1.00 0.00
0.50 3.84 0.58 1.00 0.00
0.50 3.84 0.76 1.00 0.00
0.50 3.84 0.93 1.00 0.00
0.50 3.84 1.10 1.00 0.00
0.50 3.84 1.28 1.00 0.00
0.50 3.84 1.45 1.00 0.00
0.50 3.84 1.63 1.00 0.00
0.50 3.84 1.80 1.00 0.00
0.50 3.84 1.98 1.00 0.00
0.70 3.84 -1.02 1.00 0.00
0.70 3.84 -0.85 1.00 0.00
0.70 3.84 -0.68 1.00 0.00
0.70 3.84 -0.50 1.00 0.00
0.70 3.84 -0.33 1.00 0.00
0.70 3.84 -0.15 1.00 0.00
0.70 3.84 0.02 1.00 0.00
0.70 3.84 0.20 1.00 0.00
0.70 3.84 0.37 1.00 0.00
0.70 3.84 0.55 1.00 0.00
0.70 3.84 0.72 1.00 0.00
0.70 3.84 0.89 1.00 0.00
0.70 3.84 1.07 1.00 0.00
0.70 3.84 1.24 1.00 0.00
0.70 3.84 1.42 1.00 0.00
0.70 3.84 1.59 1.00 0.00
0.70 3.84 1.77 1.00 0.00
0.70 3.84 1.94 1.00 0.00
0.90 3.84 -1.06 1.00 0.00
0.90 3.84 -0.88 1.00 0.00
0.90 3.84 -0.71 1.00 0.00
0.90 3.84 -0.54 1.00 0.00
0.90 3.84 -0.36 1.00 0.00
0.90 3.84 -0.19 1.00 0.00
0.90 3.84 -0.01 1.00 0.00
0.90 3.84 0.16 1.00 0.00
0.90 3.84 0.34 1.00 0.00
0.90 3.84 0.51 1.00 0.00
0.90 3.84 0.69 1.00 0.00
0.90 3.84 0.86 1.00 0.00
0.90 3.84 1.04 1.00 0.00
0.90 3.84 1.21 1.00 0.00
0.90 3.84 1.38 1.00 0.00
0.90 3.84 1.56 1.00 0.00
0.90 3.84 1.73 1.00 0.00
0.90 3.84 1.91 1.00 0.00
1.10 3.84 -1.09 1.00 0.00
1.10 3.84 -0.92 1.00 0.00
1.10 3.84 -0.74 1.00 0.00
1.10 3.84 -0.57 1.00 0.00
1.10 3.84 -0.39 1.00 0.00
1.10 3.84 -0.22 1.00 0.00
1.10 3.84 -0.04 1.00 0.00
1.10 3.84 0.13 1.00 0.00
1.10 3.84 0.30 1.00 0.00
1.10 3.84 0.48 1.00 0.00
1.10 3.84 0.65 1.00 0.00
1.10 3.84 0.83 1.00 0.00
1.10 3.84 1.00 1.00 0.00
1.10 3.84 1.18 1.00 0.00
1.10 3.84 1.35 1.00 0.00
1.10 3.84 1.53 1.00 0.00
1.10 3.84 1.70 1.00 0.00
1.10 3.84 1.88 1.00 0.00
0.30 4.01 -0.96 1.00 0.00
0.30 4.01 -0.78 1.00 0.00
0.30 4.01 -0.61 1.00 0.00
0.30 4.01 -0.43 1.00 0.00
0.30 4.01 -0.26 1.00 0.00
0.30 4.01 -0.08 1.00 0.00
0.30 4.01 0.09 1.00 0.00
0.30 4.01 0.27 1.00 0.00
0.30 4.01 0.44 1.00 0.00
0.30 4.01 0.61 1.00 0.00
0.30 4.01 0.79 1.00 0.00
0.30 4.01 0.96 1.00 0.00
0.30 4.01 1.14 1.00 0.00
0.30 4.01 1.31 1.00 0.00
0.30 4.01 1.49 1.00 0.00
0.30 4.01 1.66 1.00 0.00
0.30 4.01 1.84 1.00 0.00
0.30 4.01 2.01 1.00 0.00
0.50 4.01 -0.99 1.00 0.00
0.50 4.01 -0.82 1.00 0.00
0.50 4.01 -0.64 1.00 0.00
0.50 4.01 -0.47 1.00 0.00
0.50 4.01 -0.30 1.00 0.00
0.50 4.01 -0.12 1.00 0.00
0.50 4.01 0.05 1.00 0.00
0.50 4.01 0.23 1.00 0.00
0.50 4.01 0.40 1.00 0.00
0.50 4.01 0.58 1.00 0.00
0.50 4.01 0.75 1.00 0.00
0.50 4.01 0.93 1.00 0.00
0.50 4.01 1.10 1.00 0.00
0.50 4.01 1.28 1.00 0.00
0.50 4.01 1.45 1.00 0.00
0.50 4.01 1.62 1.00 0.00
0.50 4.01 1.80 1.00 0.00
0.50 4.01 1.97 1.00 0.00
0.70 4.01 -1.03 1.00 0.00
0.70 4.01 -0.86 1.00 0.00
0.70 4.01 -0.68 1.00 0.00
0.70 4.01 -0.51 1.00 0.00
0.70 4.01 -0.33 1.00 0.00
0.70 4.01 -0.16 1.00 0.00
0.70 4.01 0.02 1.00 0.00
0.70 4.01 0.19 1.00 0.00
0.70 4.01 0.37 1.00 0.00
0.70 4.01 0.54 1.00 0.00
0.70 4.01 0.72 1.00 0.00
0.70 4.01 0.89 1.00 0.00
0.70 4.01 1.06 1.00 0.00
0.70 4.01 1.24 1.00 0.00
0.70 4.01 1.41 1.00 0.00
0.70 4.01 1.59 1.00 0.00
0.70 4.01 1.76 1.00 0.00
0.70 4.01 1.94 1.00 0.00
0.90 4.01 -1.07 1.00 0.00
0.90 4.01 -0.89 1.00 0.00
0.90 4.01 -0.72 1.00 0.00
0.90 4.01 -0.54 1.00 0.00
0.90 4.01 -0.37 1.00 0.00
0.90 4.01 -0.19 1.00 0.00
0.90 4.01 -0.02 1.00 0.00
0.90 4.01 0.16 1.00 0.00
0.90 4.01 0.33 1.00 0.00
0.90 4.01 0.50 1.00 0.00
0.90 4.01 0.68 1.00 0.00
0.90 4.01 0.85 1.00 0.00
0.90 4.01 1.03 1.00 0.00
0.90 4.01 1.20 1.00 0.00
0.90 4.01 1.38 1.00 0.00
0.90 4.01 1.55 1.00 0.00
0.90 4.01 1.73 1.00 0.00
0.90 4.01 1.90 1.00 0.00
1.10 4.01 -1.10 1.00 0.00
1.10 4.01 -0.93 1.00 0.00
1.10 4.01 -0.75 1.00 0.00
1.10 4.01 -0.58 1.00 0.00
1.10 4.01 -0.40 1.00 0.00
1.10 4.01 -0.23 1.00 0.00
1.10 4.01 -0.06 1.00 0.00
1.10 4.01 0.12 1.00 0.00
1.10 4.01 0.29 1.00 0.00
1.10 4.01 0.47 1.00 0.00
1.10 4.01 0.64 1.00 0.00
1.10 4.01 0.82 1.00 0.00
1.10 4.01 0.99 1.00 0.00
1.10 4.01 1.17 1.00 0.00
1.10 4.01 1.34 1.00 0.00
1.10 4.01 1.52 1.00 0.00
1.10 4.01 1.69 1.00 0.00
1.10 4.01 1.86 1.00 0.00
0.30 4.19 -0.96 1.00 0.00
0.30 4.19 -0.78 1.00 0.00
0.30 4.19 -0.61 1.00 0.00
0.30 4.19 -0.43 1.00 0.00
0.30 4.19 -0.26 1.00 0.00
0.30 4.19 -0.08 1.00 0.00
0.30 4.19 0.09 1.00 0.00
0.30 4.19 0.27 1.00 0.00
0.30 4.19 0.44 1.00 0.00
0.30 4.19 0.61 1.00 0.00
0.30 4.19 0.79 1.00 0.00
0.30 4.19 0.96 1.00 0.00
0.30 4.19 1.14 1.00 0.00
0.30 4.19 1.31 1.00 0.00
0.30 4.19 1.49 1.00 0.00
0.30 4.19 1.66 1.00 0.00
0.30 4.19 1.84 1.00 0.00
0.30 4.19 2.01 1.00 0.00
0.50 4.19 -0.99 1.00 0.00
0.50 4.19 -0.82 1.00 0.00
0.50 4.19 -0.65 1.00 0.00
0.50 4.19 -0.47 1.00 0.00
0.50 4.19 -0.30 1.00 0.00
0.50 4.19 -0.12 1.00 0.00
0.50 4.19 0.05 1.00 0.00
0.50 4.19 0.23 1.00 0.00
0.50 4.19 0.40 1.00 0.00
0.50 4.19 0.58 1.00 0.00
0.50 4.19 0.75 1.00 0.00
0.50 4.19 0.93 1.00 0.00
0.50 4.19 1.10 1.00 0.00
0.50 4.19 1.27 1.00 0.00
0.50 4.19 1.45 1.00 0.00
0.50 4.19 1.62 1.00 0.00
0.50 4.19 1.80 1.00 0.00
0.50 4.19 1.97 1.00 0.00
0.70 4.19 -1.03 1.00 0.00
0.70 4.19 -0.86 1.00 0.00
0.70 4.19 -0.68 1.00 0.00
0.70 4.19 -0.51 1.00 0.00
0.70 4.19 -0.33 1.00 0.00
0.70 4.19 -0.16 1.00 0.00
0.70 4.19 0.02 1.00 0.00
0.70 4.19 0.19 1.00 0.00
0.70 4.19 0.36 1.00 0.00
0.70 4.19 0.54 1.00 0.00
0.70 4.19 0.71 1.00 0.00
0.70 4.19 0.89 1.00 0.00
0.70 4.19 1.06 1.00 0.00
0.70 4.19 1.24 1.00 0.00
0.70 4.19 1.41 1.00 0.00
0.70 4.19 1.59 1.00 0.00
0.70 4.19 1.76 1.00 0.00
0.70 4.19 1.94 1.00 0.00
0.90 4.19 -1.07 1.00 0.00
0.90 4.19 -0.90 1.00 0.00
0.90 4.19 -0.72 1.00 0.00
0.90 4.19 -0.55 1.00 0.00
0.90 4.19 -0.37 1.00 0.00
0.90 4.19 -0.20 1.00 0.00
0.90 4.19 -0.02 1.00 0.00
0.90 4.19 0.15 1.00 0.00
0.90 4.19 0.33 1.00 0.00
0.90 4.19 0.50 1.00 0.00
0.90 4.19 0.68 1.00 0.00
0.90 4.19 0.85 1.00 0.00
0.90 4.19 1.02 1.00 0.00
0.90 4.19 1.20 1.00 0.00
0.90 4.19 1.37 1.00 0.00
0.90 4.19 1.55 1.00 0.00
0.90 4.19 1.72 1.00 0.00
0.90 4.19 1.90 1.00 0.00
1.10 4.19 -1.11 1.00 0.00
1.10 4.19 -0.93 1.00 0.00
1.10 4.19 -0.76 1.00 0.00
1.10 4.19 -0.58 1.00 0.00
1.10 4.19 -0.41 1.00 0.00
1.10 4.19 -0.23 1.00 0.00
1.10 4.19 -0.06 1.00 0.00
1.10 4.19 0.11 1.00 0.00
1.10 4.19 0.29 1.00 0.00
1.10 4.19 0.46 1.00 0.00
1.10 4.19 0.64 1.00 0.00
1.10 4.19 0.81 1.00 0.00
1.10 4.19 0.99 1.00 0.00
1.10 4.19 1.16 1.00 0.00
1.10 4.19 1.34 1.00 0.00
1.10 4.19 1.51 1.00 0.00
1.10 4.19 1.69 1.00 0.00
1.10 4.19 1.86 1.00 0.00
0.30 4.36 -0.95 1.00 0.00
0.30 4.36 -0.78 1.00 0.00
0.30 4.36 -0.61 1.00 0.00
0.30 4.36 -0.43 1.00 0.00
0.30 4.36 -0.26 1.00 0.00
0.30 4.36 -0.08 1.00 0.00
0.30 4.36 0.09 1.00 0.00
0.30 4.36 0.27 1.00 0.00
0.30 4.36 0.44 1.00 0.00
0.30 4.36 0.62 1.00 0.00
0.30 4.36 0.79 1.00 0.00
0.30 4.36 0.97 1.00 0.00
0.30 4.36 1.14 1.00 0.00
0.30 4.36 1.31 1.00 0.00
0.30 4.36 1.49 1.00 0.00
0.30 4.36 1.66 1.00 0.00
0.30 4.36 1.84 1.00 0.00
0.30 4.36 2.01 1.00 0.00
0.50 4.36 -0.99 1.00 0.00
0.50 4.36 -0.82 1.00 0.00
0.50 4.36 -0.64 1.00 0.00
0.50 4.36 -0.47 1.00 0.00
0.50 4.36 -0.29 1.00 0.00
0.50 4.36 -0.12 1.00 0.00
0.50 4.36 0.06 1.00 0.00
0.50 4.36 0.23 1.00 0.00
0.50 4.36 0.40 1.00 0.00
0.50 4.36 0.58 1.00 0.00
0.50 4.36 0.75 1.00 0.00
0.50 4.36 0.93 1.00 0.00
0.50 4.36 1.10 1.00 0.00
0.50 4.36 1.28 1.00 0.00
0.50 4.36 1.45 1.00 0.00
0.50 4.36 1.63 1.00 0.00
0.50 4.36 1.80 1.00 0.00
0.50 4.36 1.98 1.00 0.00
0.70 4.36 -1.03 1.00 0.00
0.70 4.36 -0.85 1.00 0.00
0.70 4.36 -0.68 1.00 0.00
0.70 4.36 -0.51 1.00 0.00
0.70 4.36 -0.33 1.00 0.00
0.70 4.36 -0.16 1.00 0.00
0.70 4.36 0.02 1.00 0.00
0.70 4.36 0.19 1.00 0.00
0.70 4.36 0.37 1.00 0.00
0.70 4.36 0.54 1.00 0.00
0.70 4.36 0.72 1.00 0.00
0.70 4.36 0.89 1.00 0.00
0.70 4.36 1.06 1.00 0.00
0.70 4.36 1.24 1.00 0.00
0.70 4.36 1.41 1.00 0.00
0.70 4.36 1.59 1.00 0.00
0.70 4.36 1.76 1.00 0.00
0.70 4.36 1.94 1.00 0.00
0.90 4.36 -1.07 1.00 0.00
0.90 4.36 -0.89 1.00 0.00
0.90 4.36 -0.72 1.00 0.00
0.90 4.36 -0.54 1.00 0.00
0.90 4.36 -0.37 1.00 0.00
0.90 4.36 -0.20 1.00 0.00
0.90 4.36 -0.02 1.00 0.00
0.90 4.36 0.15 1.00 0.00
0.90 4.36 0.33 1.00 0.00
0.90 4.36 0.50 1.00 0.00
0.90 4.36 0.68 1.00 0.00
0.90 4.36 0.85 1.00 0.00
0.90 4.36 1.03 1.00 0.00
0.90 4.36 1.20 1.00 0.00
0.90 4.36 1.38 1.00 0.00
0.90 4.36 1.55 1.00 0.00
0.90 4.36 1.72 1.00 0.00
0.90 4.36 1.90 1.00 0.00
1.10 4.36 -1.11 1.00 0.00
1.10 4.36 -0.93 1.00 0.00
1.10 4.36 -0.76 1.00 0.00
1.10 4.36 -0.58 1.00 0.00
1.10 4.36 -0.41 1.00 0.00
1.10 4.36 -0.23 1.00 0.00
1.10 4.36 -0.06 1.00 0.00
1.10 4.36 0.12 1.00 0.00
1.10 4.36 0.29 1.00 0.00
1.10 4.36 0.46 1.00 0.00
1.10 4.36 0.64 1.00 0.00
1.10 4.36 0.81 1.00 0.00
1.10 4.36 0.99 1.00 0.00
1.10 4.36 1.16 1.00 0.00
1.10 4.36 1.34 1.00 0.00
1.10 4.36 1.51 1.00 0.00
1.10 4.36 1.69 1.00 0.00
1.10 4.36 1.86 1.00 0.00
0.30 4.54 -0.95 1.00 0.00
0.30 4.54 -0.78 1.00 0.00
0.30 4.54 -0.60 1.00 0.00
0.30 4.54 -0.43 1.00 0.00
0.30 4.54 -0.25 1.00 0.00
0.30 4.54 -0.08 1.00 0.00
0.30 4.54 0.10 1.00 0.00
0.30 4.54 0.27 1.00 0.00
0.30 4.54 0.44 1.00 0.00
0.30 4.54 0.62 1.00 0.00
0.30 4.54 0.79 1.00 0.00
0.30 4.54 0.97 1.00 0.00
0.30 4.54 1.14 1.00 0.00
0.30 4.54 1.32 1.00 0.00
0.30 4.54 1.49 1.00 0.00
0.30 4.54 1.67 1.00 0.00
0.30 4.54 1.84 1.00 0.00
0.30 4.54 2.02 1.00 0.00
0.50 4.54 -0.99 1.00 0.00
0.50 4.54 -0.81 1.00 0.00
0.50 4.54 -0.64 1.00 0.00
0.50 4.54 -0.46 1.00 0.00
0.50 4.54 -0.29 1.00 0.00
0.50 4.54 -0.11 1.00 0.00
0.50 4.54 0.06 1.00 0.00
0.50 4.54 0.24 1.00 0.00
0.50 4.54 0.41 1.00 0.00
0.50 4.54 0.58 1.00 0.00
0.50 4.54 0.76 1.00 0.00
0.50 4.54 0.93 1.00 0.00
0.50 4.54 1.11 1.00 0.00
0.50 4.54 1.28 1.00 0.00
0.50 4.54 1.46 1.00 0.00
0.50 4.54 1.63 1.00 0.00
0.50 4.54 1.81 1.00 0.00
0.50 4.54 1.98 1.00 0.00
0.70 4.54 -1.02 1.00 0.00
0.70 4.54 -0.85 1.00 0.00
0.70 4.54 -0.67 1.00 0.00
0.70 4.54 -0.50 1.00 0.00
0.70 4.54 -0.32 1.00 0.00
0.70 4.54 -0.15 1.00 0.00
0.70 4.54 0.02 1.00 0.00
0.70 4.54 0.20 1.00 0.00
0.70 4.54 0.37 1.00 0.00
0.70 4.54 0.55 1.00 0.00
0.70 4.54 0.72 1.00 0.00
0.70 4.54 0.90 1.00 0.00
0.70 4.54 1.07 1.00 0.00
0.70 4.54 1.25 1.00 0.00
0.70 4.54 1.42 1.00 0.00
0.70 4.54 1.60 1.00 0.00
0.70 4.54 1.77 1.00 0.00
0.70 4.54 1.94 1.00 0.00
0.90 4.54 -1.06 1.00 0.00
0.90 4.54 -0.89 1.00 0.00
0.90 4.54 -0.71 1.00 0.00
0.90 4.54 -0.54 1.00 0.00
0.90 4.54 -0.36 1.00 0.00
0.90 4.54 -0.19 1.00 0.00
0.90 4.54 -0.01 1.00 0.00
0.90 4.54 0.16 1.00 0.00
0.90 4.54 0.34 1.00 0.00
0.90 4.54 0.51 1.00 0.00
0.90 4.54 0.69 1.00 0.00
0.90 4.54 0.86 1.00 0.00
0.90 4.54 1.03 1.00 0.00
0.90 4.54 1.21 1.00 0.00
0.90 4.54 1.38 1.00 0.00
0.90 4.54 1.56 1.00 0.00
0.90 4.54 1.73 1.00 0.00
0.90 4.54 1.91 1.00 0.00
1.10 4.54 -1.10 1.00 0.00
1.10 4.54 -0.92 1.00 0.00
1.10 4.54 -0.75 1.00 0.00
1.10 4.54 -0.58 1.00 0.00
1.10 4.54 -0.40 1.00 0.00
1.10 4.54 -0.23 1.00 0.00
1.10 4.54 -0.05 1.00 0.00
1.10 4.54 0.12 1.00 0.00
1.10 4.54 0.30 1.00 0.00
1.10 4.54 0.47 1.00 0.00
1.10 4.54 0.65 1.00 0.00
1.10 4.54 0.82 1.00 0.00
1.10 4.54 1.00 1.00 0.00
1.10 4.54 1.17 1.00 0.00
1.10 4.54 1.34 1.00 0.00
1.10 4.54 1.52 1.00 0.00
1.10 4.54 1.69 1.00 0.00
1.10 4.54 1.87 1.00 0.00
0.30 4.71 -0.95 1.00 0.00
0.30 4.71 -0.77 1.00 0.00
0.30 4.71 -0.60 1.00 0.00
0.30 4.71 -0.42 1.00 0.00
0.30 4.71 -0.25 1.00 0.00
0.30 4.71 -0.07 1.00 0.00
0.30 4.71 0.10 1.00 0.00
0.30 4.71 0.28 1.00 0.00
0.30 4.71 0.45 1.00 0.00
0.30 4.71 0.62 1.00 0.00
0.30 4.71 0.80 1.00 0.00
0.30 4.71 0.97 1.00 0.00
0.30 4.71 1.15 1.00 0.00
0.30 4.71 1.32 1.00 0.00
0.30 4.71 1.50 1.00 0.00
0.30 4.71 1.67 1.00 0.00
0.30 4.71 1.85 1.00 0.00
0.30 4.71 2.02 1.00 0.00
0.50 4.71 -0.98 1.00 0.00
0.50 4.71 -0.80 1.00 0.00
0.50 4.71 -0.63 1.00 0.00
0.50 4.71 -0.45 1.00 0.00
0.50 4.71 -0.28 1.00 0.00
0.50 4.71 -0.11 1.00 0.00
0.50 4.71 0.07 1.00 0.00
0.50 4.71 0.24 1.00 0.00
0.50 4.71 0.42 1.00 0.00
0.50 4.71 0.59 1.00 0.00
0.50 4.71 0.77 1.00 0.00
0.50 4.71 0.94 1.00 0.00
0.50 4.71 1.12 1.00 0.00
0.50 4.71 1.29 1.00 0.00
0.50 4.71 1.47 1.00 0.00
0.50 4.71 1.64 1.00 0.00
0.50 4.71 1.81 1.00 0.00
0.50 4.71 1.99 1.00 0.00
0.70 4.71 -1.01 1.00 0.00
0.70 4.71 -0.84 1.00 0.00
0.70 4.71 -0.66 1.00 0.00
0.70 4.71 -0.49 1.00 0.00
0.70 4.71 -0.31 1.00 0.00
0.70 4.71 -0.14 1.00 0.00
0.70 4.71 0.04 1.00 0.00
0.70 4.71 0.21 1.00 0.00
0.70 4.71 0.38 1.00 0.00
0.70 4.71 0.56 1.00 0.00
0.70 4.71 0.73 1.00 0.00
0.70 4.71 0.91 1.00 0.00
0.70 4.71 1.08 1.00 0.00
0.70 4.71 1.26 1.00 0.00
0.70 4.71 1.43 1.00 0.00
0.70 4.71 1.61 1.00 0.00
0.70 4.71 1.78 1.00 0.00
0.70 4.71 1.96 1.00 0.00
0.90 4.71 -1.05 1.00 0.00
0.90 4.71 -0.87 1.00 0.00
0.90 4.71 -0.70 1.00 0.00
0.90 4.71 -0.52 1.00 0.00
0.90 4.71 -0.35 1.00 0.00
0.90 4.71 -0.17 1.00 0.00
0.90 4.71 0.00 1.00 0.00
0.90 4.71 0.17 1.00 0.00
0.90 4.71 0.35 1.00 0.00
0.90 4.71 0.52 1.00 0.00
0.90 4.71 0.70 1.00 0.00
0.90 4.71 0.87 1.00 0.00
0.90 4.71 1.05 1.00 0.00
0.90 4.71 1.22 1.00 0.00
0.90 4.71 1.40 1.00 0.00
0.90 4.71 1.57 1.00 0.00
0.90 4.71 1.75 1.00 0.00
0.90 4.71 1.92 1.00 0.00
1.10 4.71 -1.08 1.00 0.00
1.10 4.71 -0.91 1.00 0.00
1.10 4.71 -0.73 1.00 0.00
1.10 4.71 -0.56 1.00 0.00
1.10 4.71 -0.39 1.00 0.00
1.10 4.71 -0.21 1.00 0.00
1.10 4.71 -0.04 1.00 0.00
1.10 4.71 0.14 1.00 0.00
1.10 4.71 0.31 1.00 0.00
1.10 4.71 0.49 1.00 0.00
1.10 4.71 0.66 1.00 0.00
1.10 4.71 0.84 1.00 0.00
1.10 4.71 1.01 1.00 0.00
1.10 4.71 1.19 1.00 0.00
1.10 4.71 1.36 1.00 0.00
1.10 4.71 1.53 1.00 0.00
1.10 4.71 1.71 1.00 0.00
1.10 4.71 1.88 1.00 0.00
0.30 4.89 -0.94 1.00 0.00
0.30 4.89 -0.76 1.00 0.00
0.30 4.89 -0.59 1.00 0.00
0.30 4.89 -0.42 1.00 0.00
0.30 4.89 -0.24 1.00 0.00
0.30 4.89 -0.07 1.00 0.00
0.30 4.89 0.11 1.00 0.00
0.30 4.89 0.28 1.00 0.00
0.30 4.89 0.46 1.00 0.00
0.30 4.89 0.63 1.00 0.00
0.30 4.89 0.81 1.00 0.00
0.30 4.89 0.98 1.00 0.00
0.30 4.89 1.15 1.00 0.00
0.30 4.89 1.33 1.00 0.00
0.30 4.89 1.50 1.00 0.00
0.30 4.89 1.68 1.00 0.00
0.30 4.89 1.85 1.00 0.00
0.30 4.89 2.03 1.00 0.00
0.50 4.89 -0.97 1.00 0.00
0.50 4.89 -0.79 1.00 0.00
0.50 4.89 -0.62 1.00 0.00
0.50 4.89 -0.44 1.00 0.00
0.50 4.89 -0.27 1.00 0.00
0.50 4.89 -0.09 1.00 0.00
0.50 4.89 0.08 1.00 0.00
0.50 4.89 0.25 1.00 0.00
0.50 4.89 0.43 1.00 0.00
0.50 4.89 0.60 1.00 0.00
0.50 4.89 0.78 1.00 0.00
0.50 4.89 0.95 1.00 0.00
0.50 4.89 1.13 1.00 0.00
0.50 4.89 1.30 1.00 0.00
0.50 4.89 1.48 1.00 0.00
0.50 4.89 1.65 1.00 0.00
0.50 4.89 1.83 1.00 0.00
0.50 4.89 2.00 1.00 0.00
0.70 4.89 -1.00 1.00 0.00
0.70 4.89 -0.82 1.00 0.00
0.70 4.89 -0.65 1.00 0.00
0.70 4.89 -0.47 1.00 0.00
0.70 4.89 -0.30 1.00 0.00
0.70 4.89 -0.12 1.00 0.00
0.70 4.89 0.05 1.00 0.00
0.70 4.89 0.23 1.00 0.00
0.70 4.89 0.40 1.00 0.00
0.70 4.89 0.57 1.00 0.00
0.70 4.89 0.75 1.00 0.00
0.70 4.89 0.92 1.00 0.00
0.70 4.89 1.10 1.00 0.00
0.70 4.89 1.27 1.00 0.00
0.70 4.89 1.45 1.00 0.00
0.70 4.89 1.62 1.00 0.00
0.70 4.89 1.80 1.00 0.00
0.70 4.89 1.97 1.00 0.00
0.90 4.89 -1.03 1.00 0.00
0.90 4.89 -0.85 1.00 0.00
0.90 4.89 -0.68 1.00 0.00
0.90 4.89 -0.50 1.00 0.00
0.90 4.89 -0.33 1.00 0.00
0.90 4.89 -0.16 1.00 0.00
0.90 4.89 0.02 1.00 0.00
0.90 4.89 0.19 1.00 0.00
0.90 4.89 0.37 1.00 0.00
0.90 4.89 0.54 1.00 0.00
0.90 4.89 0.72 1.00 0.00
0.90 4.89 0.89 1.00 0.00
0.90 4.89 1.07 1.00 0.00
0.90 4.89 1.24 1.00 0.00
0.90 4.89 1.42 1.00 0.00
0.90 4.89 1.59 1.00 0.00
0.90 4.89 1.76 1.00 0.00
0.90 4.89 1.94 1.00 0.00
1.10 4.89 -1.06 1.00 0.00
1.10 4.89 -0.89 1.00 0.00
1.10 4.89 -0.71 1.00 0.00
1.10 4.89 -0.54 1.00 0.00
1.10 4.89 -0.36 1.00 0.00
1.10 4.89 -0.19 1.00 0.00
1.10 4.89 -0.01 1.00 0.00
1.10 4.89 0.16 1.00 0.00
1.10 4.89 0.34 1.00 0.00
1.10 4.89 0.51 1.00 0.00
1.10 4.89 0.68 1.00 0.00
1.10 4.89 0.86 1.00 0.00
1.10 4.89 1.03 1.00 0.00
1.10 4.89 1.21 1.00 0.00
1.10 4.89 1.38 1.00 0.00
1.10 4.89 1.56 1.00 0.00
1.10 4.89 1.73 1.00 0.00
1.10 4.89 1.91 1.00 0.00
0.30 5.06 -0.93 1.00 0.00
0.30 5.06 -0.76 1.00 0.00
0.30 5.06 -0.58 1.00 0.00
0.30 5.06 -0.41 1.00 0.00
0.30 5.06 -0.23 1.00 0.00
0.30 5.06 -0.06 1.00 0.00
0.30 5.06 0.12 1.00 0.00
0.30 5.06 0.29 1.00 0.00
0.30 5.06 0.46 1.00 0.00
0.30 5.06 0.64 1.00 0.00
0.30 5.06 0.81 1.00 0.00
0.30 5.06 0.99 1.00 0.00
0.30 5.06 1.16 1.00 0.00
0.30 5.06 1.34 1.00 0.00
0.30 5.06 1.51 1.00 0.00
0.30 5.06 1.69 1.00 0.00
0.30 5.06 1.86 1.00 0.00
0.30 5.06 2.04 1.00 0.00
0.50 5.06 -0.95 1.00 0.00
0.50 5.06 -0.78 1.00 0.00
0.50 5.06 -0.60 1.00 0.00
0.50 5.06 -0.43 1.00 0.00
0.50 5.06 -0.26 1.00 0.00
0.50 5.06 -0.08 1.00 0.00
0.50 5.06 0.09 1.00 0.00
0.50 5.06 0.27 1.00 0.00
0.50 5.06 0.44 1.00 0.00
0.50 5.06 0.62 1.00 0.00
0.50 5.06 0.79 1.00 0.00
0.50 5.06 0.97 1.00 0.00
0.50 5.06 1.14 1.00 0.00
0.50 5.06 1.32 1.00 0.00
0.50 5.06 1.49 1.00 0.00
0.50 5.06 1.66 1.00 0.00
0.50 5.06 1.84 1.00 0.00
0.50 5.06 2.01 1.00 0.00
0.70 5.06 -0.98 1.00 0.00
0.70 5.06 -0.80 1.00 0.00
0.70 5.06 -0.63 1.00 0.00
0.70 5.06 -0.45 1.00 0.00
0.70 5.06 -0.28 1.00 0.00
0.70 5.06 -0.11 1.00 0.00
0.70 5.06 0.07 1.00 0.00
0.70 5.06 0.24 1.00 0.00
0.70 5.06 0.42 1.00 0.00
0.70 5.06 0.59 1.00 0.00
0.70 5.06 0.77 1.00 0.00
0.70 5.06 0.94 1.00 0.00
0.70 5.06 1.12 1.00 0.00
0.70 5.06 1.29 1.00 0.00
0.70 5.06 1.47 1.00 0.00
0.70 5.06 1.64 1.00 0.00
0.70 5.06 1.81 1.00 0.00
0.70 5.06 1.99 1.00 0.00
0.90 5.06 -1.00 1.00 0.00
0.90 5.06 -0.83 1.00 0.00
0.90 5.06 -0.65 1.00 0.00
0.90 5.06 -0.48 1.00 0.00
0.90 5.06 -0.31 1.00 0.00
0.90 5.06 -0.13 1.00 0.00
0.90 5.06 0.04 1.00 0.00
0.90 5.06 0.22 1.00 0.00
0.90 5.06 0.39 1.00 0.00
0.90 5.06 0.57 1.00 0.00
0.90 5.06 0.74 1.00 0.00
0.90 5.06 0.92 1.00 0.00
0.90 5.06 1.09 1.00 0.00
0.90 5.06 1.27 1.00 0.00
0.90 5.06 1.44 1.00 0.00
0.90 5.06 1.61 1.00 0.00
0.90 5.06 1.79 1.00 0.00
0.90 5.06 1.96 1.00 0.00
1.10 5.06 -1.03 1.00 0.00
1.10 5.06 -0.86 1.00 0.00
1.10 5.06 -0.68 1.00 0.00
1.10 5.06 -0.51 1.00 0.00
1.10 5.06 -0.33 1.00 0.00
1.10 5.06 -0.16 1.00 0.00
1.10 5.06 0.02 1.00 0.00
1.10 5.06 0.19 1.00 0.00
1.10 5.06 0.37 1.00 0.00
1.10 5.06 0.54 1.00 0.00
1.10 5.06 0.71 1.00 0.00
1.10 5.06 0.89 1.00 0.00
1.10 5.06 1.06 1.00 0.00
1.10 5.06 1.24 1.00 0.00
1.10 5.06 1.41 1.00 0.00
1.10 5.06 1.59 1.00 0.00
1.10 5.06 1.76 1.00 0.00
1.10 5.06 1.94 1.00 0.00
0.30 5.24 -0.92 1.00 0.00
0.30 5.24 -0.75 1.00 0.00
0.30 5.24 -0.57 1.00 0.00
0.30 5.24 -0.40 1.00 0.00
0.30 5.24 -0.22 1.00 0.00
0.30 5.24 -0.05 1.00 0.00
0.30 5.24 0.12 1.00 0.00
0.30 5.24 0.30 1.00 0.00
0.30 5.24 0.47 1.00 0.00
0.30 5.24 0.65 1.00 0.00
0.30 5.24 0.82 1.00 0.00
0.30 5.24 1.00 1.00 0.00
0.30 5.24 1.17 1.00 0.00
0.30 5.24 1.35 1.00 0.00
0.30 5.24 1.52 1.00 0.00
0.30 5.24 1.70 1.00 0.00
0.30 5.24 1.87 1.00 0.00
0.30 5.24 2.04 1.00 0.00
0.50 5.24 -0.94 1.00 0.00
0.50 5.24 -0.76 1.00 0.00
0.50 5.24 -0.59 1.00 0.00
0.50 5.24 -0.41 1.00 0.00
0.50 5.24 -0.24 1.00 0.00
0.50 5.24 -0.07 1.00 0.00
0.50 5.24 0.11 1.00 0.00
0.50 5.24 0.28 1.00 0.00
0.50 5.24 0.46 1.00 0.00
0.50 5.24 0.63 1.00 0.00
0.50 5.24 0.81 1.00 0.00
0.50 5.24 0.98 1.00 0.00
0.50 5.24 1.16 1.00 0.00
0.50 5.24 1.33 1.00 0.00
0.50 5.24 1.51 1.00 0.00
0.50 5.24 1.68 1.00 0.00
0.50 5.24 1.85 1.00 0.00
0.50 5.24 2.03 1.00 0.00
0.70 5.24 -0.96 1.00 0.00
0.70 5.24 -0.78 1.00 0.00
0.70 5.24 -0.61 1.00 0.00
0.70 5.24 -0.43 1.00 0.00
0.70 5.24 -0.26 1.00 0.00
0.70 5.24 -0.08 1.00 0.00
0.70 5.24 0.09 1.00 0.00
0.70 5.24 0.27 1.00 0.00
0.70 5.24 0.44 1.00 0.00
0.70 5.24 0.62 1.00 0.00
0.70 5.24 0.79 1.00 0.00
0.70 5.24 0.96 1.00 0.00
0.70 5.24 1.14 1.00 0.00
0.70 5.24 1.31 1.00 0.00
0.70 5.24 1.49 1.00 0.00
0.70 5.24 1.66 1.00 0.00
0.70 5.24 1.84 1.00 0.00
0.70 5.24 2.01 1.00 0.00
0.90 5.24 -0.97 1.00 0.00
0.90 5.24 -0.80 1.00 0.00
0.90 5.24 -0.62 1.00 0.00
0.90 5.24 -0.45 1.00 0.00
0.90 5.24 -0.28 1.00 0.00
0.90 5.24 -0.10 1.00 0.00
0.90 5.24 0.07 1.00 0.00
0.90 5.24 0.25 1.00 0.00
0.90 5.24 0.42 1.00 0.00
0.90 5.24 0.60 1.00 0.00
0.90 5.24 0.77 1.00 0.00
0.90 5.24 0.95 1.00 0.00
0.90 5.24 1.12 1.00 0.00
0.90 5.24 1.29 1.00 0.00
0.90 5.24 1.47 1.00 0.00
0.90 5.24 1.64 1.00 0.00
0.90 5.24 1.82 1.00 0.00
0.90 5.24 1.99 1.00 0.00
1.10 5.24 -0.99 1.00 0.00
1.10 5.24 -0.82 1.00 0.00
1.10 5.24 -0.64 1.00 0.00
1.10 5.24 -0.47 1.00 0.00
1.10 5.24 -0.30 1.00 0.00
1.10 5.24 -0.12 1.00 0.00
1.10 5.24 0.05 1.00 0.00
1.10 5.24 0.23 1.00 0.00
1.10 5.24 0.40 1.00 0.00
1.10 5.24 0.58 1.00 0.00
1.10 5.24 0.75 1.00 0.00
1.10 5.24 0.93 1.00 0.00
1.10 5.24 1.10 1.00 0.00
1.10 5.24 1.27 1.00 0.00
1.10 5.24 1.45 1.00 0.00
1.10 5.24 1.62 1.00 0.00
1.10 5.24 1.80 1.00 0.00
1.10 5.24 1.97 1.00 0.00
0.30 5.41 -0.91 1.00 0.00
0.30 5.41 -0.74 1.00 0.00
0.30 5.41 -0.56 1.00 0.00
0.30 5.41 -0.39 1.00 0.00
0.30 5.41 -0.21 1.00 0.00
0.30 5.41 -0.04 1.00 0.00
0.30 5.41 0.13 1.00 0.00
0.30 5.41 0.31 1.00 0.00
0.30 5.41 0.48 1.00 0.00
0.30 5.41 0.66 1.00 0.00
0.30 5.41 0.83 1.00 0.00
0.30 5.41 1.01 1.00 0.00
0.30 5.41 1.18 1.00 0.00
0.30 5.41 1.36 1.00 0.00
0.30 5.41 1.53 1.00 0.00
0.30 5.41 1.71 1.00 0.00
0.30 5.41 1.88 1.00 0.00
0.30 5.41 2.05 1.00 0.00
0.50 5.41 -0.92 1.00 0.00
0.50 5.41 -0.75 1.00 0.00
0.50 5.41 -0.57 1.00 0.00
0.50 5.41 -0.40 1.00 0.00
0.50 5.41 -0.22 1.00 0.00
0.50 5.41 -0.05 1.00 0.00
0.50 5.41 0.13 1.00 0.00
0.50 5.41 0.30 1.00 0.00
0.50 5.41 0.47 1.00 0.00
0.50 5.41 0.65 1.00 0.00
0.50 5.41 0.82 1.00 0.00
0.50 5.41 1.00 1.00 0.00
0.50 5.41 1.17 1.00 0.00
0.50 5.41 1.35 1.00 0.00
0.50 5.41 1.52 1.00 0.00
0.50 5.41 1.70 1.00 0.00
0.50 5.41 1.87 1.00 0.00
0.50 5.41 2.05 1.00 0.00
0.70 5.41 -0.93 1.00 0.00
0.70 5.41 -0.76 1.00 0.00
0.70 5.41 -0.58 1.00 0.00
0.70 5.41 -0.41 1.00 0.00
0.70 5.41 -0.23 1.00 0.00
0.70 5.41 -0.06 1.00 0.00
0.70 5.41 0.12 1.00 0.00
0.70 5.41 0.29 1.00 0.00
0.70 5.41 0.47 1.00 0.00
0.70 5.41 0.64 1.00 0.00
0.70 5.41 0.81 1.00 0.00
0.70 5.41 0.99 1.00 0.00
0.70 5.41 1.16 1.00 0.00
0.70 5.41 1.34 1.00 0.00
0.70 5.41 1.51 1.00 0.00
0.70 5.41 1.69 1.00 0.00
0.70 5.41 1.86 1.00 0.00
0.70 5.41 2.04 1.00 0.00
0.90 5.41 -0.94 1.00 0.00
0.90 5.41 -0.77 1.00 0.00
0.90 5.41 -0.59 1.00 0.00
0.90 5.41 -0.42 1.00 0.00
0.90 5.41 -0.24 1.00 0.00
0.90 5.41 -0.07 1.00 0.00
0.90 5.41 0.11 1.00 0.00
0.90 5.41 0.28 1.00 0.00
0.90 5.41 0.46 1.00 0.00
0.90 5.41 0.63 1.00 0.00
0.90 5.41 0.80 1.00 0.00
0.90 5.41 0.98 1.00 0.00
0.90 5.41 1.15 1.00 0.00
0.90 5.41 1.33 1.00 0.00
0.90 5.41 1.50 1.00 0.00
0.90 5.41 1.68 1.00 0.00
0.90 5.41 1.85 1.00 0.00
0.90 5.41 2.03 1.00 0.00
1.10 5.41 -0.95 1.00 0.00
1.10 5.41 -0.78 1.00 0.00
1.10 5.41 -0.60 1.00 0.00
1.10 5.41 -0.43 1.00 0.00
1.10 5.41 -0.25 1.00 0.00
1.10 5.41 -0.08 1.00 0.00
1.10 5.41 0.09 1.00 0.00
1.10 5.41 0.27 1.00 0.00
1.10 5.41 0.44 1.00 0.00
1.10 5.41 0.62 1.00 0.00
1.10 5.41 0.79 1.00 0.00
1.10 5.41 0.97 1.00 0.00
1.10 5.41 1.14 1.00 0.00
1.10 5.41 1.32 1.00 0.00
1.10 5.41 1.49 1.00 0.00
1.10 5.41 1.67 1.00 0.00
1.10 5.41 1.84 1.00 0.00
1.10 5.41 2.01 1.00 0.00
0.30 5.59 -0.90 1.00 0.00
0.30 5.59 -0.73 1.00 0.00
0.30 5.59 -0.55 1.00 0.00
0.30 5.59 -0.38 1.00 0.00
0.30 5.59 -0.20 1.00 0.00
0.30 5.59 -0.03 1.00 0.00
0.30 5.59 0.14 1.00 0.00
0.30 5.59 0.32 1.00 0.00
0.30 5.59 0.49 1.00 0.00
0.30 5.59 0.67 1.00 0.00
0.30 5.59 0.84 1.00 0.00
0.30 5.59 1.02 1.00 0.00
0.30 5.59 1.19 1.00 0.00
0.30 5.59 1.37 1.00 0.00
0.30 5.59 1.54 1.00 0.00
0.30 5.59 1.72 1.00 0.00
0.30 5.59 1.89 1.00 0.00
0.30 5.59 2.06 1.00 0.00
0.50 5.59 -0.90 1.00 0.00
0.50 5.59 -0.73 1.00 0.00
0.50 5.59 -0.55 1.00 0.00
0.50 5.59 -0.38 1.00 0.00
0.50 5.59 -0.21 1.00 0.00
0.50 5.59 -0.03 1.00 0.00
0.50 5.59 0.14 1.00 0.00
0.50 5.59 0.32 1.00 0.00
0.50 5.59 0.49 1.00 0.00
0.50 5.59 0.67 1.00 0.00
0.50 5.59 0.84 1.00 0.00
0.50 5.59 1.02 1.00 0.00
0.50 5.59 1.19 1.00 0.00
0.50 5.59 1.37 1.00 0.00
0.50 5.59 1.54 1.00 0.00
0.50 5.59 1.71 1.00 0.00
0.50 5.59 1.89 1.00 0.00
0.50 5.59 2.06 1.00 0.00
0.70 5.59 -0.90 1.00 0.00
0.70 5.59 -0.73 1.00 0.00
0.70 5.59 -0.56 1.00 0.00
0.70 5.59 -0.38 1.00 0.00
0.70 5.59 -0.21 1.00 0.00
0.70 5.59 -0.03 1.00 0.00
0.70 5.59 0.14 1.00 0.00
0.70 5.59 0.32 1.00 0.00
0.70 5.59 0.49 1.00 0.00
0.70 5.59 0.67 1.00 0.00
0.70 5.59 0.84 1.00 0.00
0.70 5.59 1.02 1.00 0.00
0.70 5.59 1.19 1.00 0.00
0.70 5.59 1.36 1.00 0.00
0.70 5.59 1.54 1.00 0.00
0.70 5.59 1.71 1.00 0.00
0.70 5.59 1.89 1.00 0.00
0.70 5.59 2.06 1.00 0.00
0.90 5.59 -0.91 1.00 0.00
0.90 5.59 -0.73 1.00 0.00
0.90 5.59 -0.56 1.00 0.00
0.90 5.59 -0.38 1.00 0.00
0.90 5.59 -0.21 1.00 0.00
0.90 5.59 -0.03 1.00 0.00
0.90 5.59 0.14 1.00 0.00
0.90 5.59 0.32 1.00 0.00
0.90 5.59 0.49 1.00 0.00
0.90 5.59 0.66 1.00 0.00
0.90 5.59 0.84 1.00 0.00
0.90 5.59 1.01 1.00 0.00
0.90 5.59 1.19 1.00 0.00
0.90 5.59 1.36 1.00 0.00
0.90 5.59 1.54 1.00 0.00
0.90 5.59 1.71 1.00 0.00
0.90 5.59 1.89 1.00 0.00
0.90 5.59 2.06 1.00 0.00
1.10 5.59 -0.91 1.00 0.00
1.10 5.59 -0.73 1.00 0.00
1.10 5.59 -0.56 1.00 0.00
1.10 5.59 -0.38 1.00 0.00
1.10 5.59 -0.21 1.00 0.00
1.10 5.59 -0.04 1.00 0.00
1.10 5.59 0.14 1.00 0.00
1.10 5.59 0.31 1.00 0.00
1.10 5.59 0.49 1.00 0.00
1.10 5.59 0.66 1.00 0.00
1.10 5.59 0.84 1.00 0.00
1.10 5.59 1.01 1.00 0.00
1.10 5.59 1.19 1.00 0.00
1.10 5.59 1.36 1.00 0.00
1.10 5.59 1.54 1.00 0.00
1.10 5.59 1.71 1.00 0.00
1.10 5.59 1.88 1.00 0.00
1.10 5.59 2.06 1.00 0.00
0.30 5.76 -0.89 1.00 0.00
0.30 5.76 -0.72 1.00 0.00
0.30 5.76 -0.54 1.00 0.00
0.30 5.76 -0.37 1.00 0.00
0.30 5.76 -0.19 1.00 0.00
0.30 5.76 -0.02 1.00 0.00
0.30 5.76 0.16 1.00 0.00
0.30 5.76 0.33 1.00 0.00
0.30 5.76 0.50 1.00 0.00
0.30 5.76 0.68 1.00 0.00
0.30 5.76 0.85 1.00 0.00
0.30 5.76 1.03 1.00 0.00
0.30 5.76 1.20 1.00 0.00
0.30 5.76 1.38 1.00 0.00
0.30 5.76 1.55 1.00 0.00
0.30 5.76 1.73 1.00 0.00
0.30 5.76 1.90 1.00 0.00
0.30 5.76 2.08 1.00 0.00
0.50 5.76 -0.89 1.00 0.00
0.50 5.76 -0.71 1.00 0.00
0.50 5.76 -0.54 1.00 0.00
0.50 5.76 -0.36 1.00 0.00
0.50 5.76 -0.19 1.00 0.00
0.50 5.76 -0.01 1.00 0.00
0.50 5.76 0.16 1.00 0.00
0.50 5.76 0.34 1.00 0.00
0.50 5.76 0.51 1.00 0.00
0.50 5.76 0.69 1.00 0.00
0.50 5.76 0.86 1.00 0.00
0.50 5.76 1.03 1.00 0.00
0.50 5.76 1.21 1.00 0.00
0.50 5.76 1.38 1.00 0.00
0.50 5.76 1.56 1.00 0.00
0.50 5.76 1.73 1.00 0.00
0.50 5.76 1.91 1.00 0.00
0.50 5.76 2.08 1.00 0.00
0.70 5.76 -0.88 1.00 0.00
0.70 5.76 -0.70 1.00 0.00
0.70 5.76 -0.53 1.00 0.00
0.70 5.76 -0.36 1.00 0.00
0.70 5.76 -0.18 1.00 0.00
0.70 5.76 -0.01 1.00 0.00
0.70 5.76 0.17 1.00 0.00
0.70 5.76 0.34 1.00 0.00
0.70 5.76 0.52 1.00 0.00
0.70 5.76 0.69 1.00 0.00
0.70 5.76 0.87 1.00 0.00
0.70 5.76 1.04 1.00 0.00
0.70 5.76 1.22 1.00 0.00
0.70 5.76 1.39 1.00 0.00
0.70 5.76 1.56 1.00 0.00
0.70 5.76 1.74 1.00 0.00
0.70 5.76 1.91 1.00 0.00
0.70 5.76 2.09 1.00 0.00
0.90 5.76 -0.87 1.00 0.00
0.90 5.76 -0.70 1.00 0.00
0.90 5.76 -0.52 1.00 0.00
0.90 5.76 -0.35 1.00 0.00
0.90 5.76 -0.17 1.00 0.00
0.90 5.76 0.00 1.00 0.00
0.90 5.76 0.18 1.00 0.00
0.90 5.76 0.35 1.00 0.00
0.90 5.76 0.53 1.00 0.00
0.90 5.76 0.70 1.00 0.00
0.90 5.76 0.87 1.00 0.00
0.90 5.76 1.05 1.00 0.00
0.90 5.76 1.22 1.00 0.00
0.90 5.76 1.40 1.00 0.00
0.90 5.76 1.57 1.00 0.00
0.90 5.76 1.75 1.00 0.00
0.90 5.76 1.92 1.00 0.00
0.90 5.76 2.10 1.00 0.00
1.10 5.76 -0.86 1.00 0.00
1.10 5.76 -0.69 1.00 0.00
1.10 5.76 -0.51 1.00 0.00
1.10 5.76 -0.34 1.00 0.00
1.10 5.76 -0.16 1.00 0.00
1.10 5.76 0.01 1.00 0.00
1.10 5.76 0.18 1.00 0.00
1.10 5.76 0.36 1.00 0.00
1.10 5.76 0.53 1.00 0.00
1.10 5.76 0.71 1.00 0.00
1.10 5.76 0.88 1.00 0.00
1.10 5.76 1.06 1.00 0.00
1.10 5.76 1.23 1.00 0.00
1.10 5.76 1.41 1.00 0.00
1.10 5.76 1.58 1.00 0.00
1.10 5.76 1.76 1.00 0.00
1.10 5.76 1.93 1.00 0.00
1.10 5.76 2.10 1.00 0.00
0.30 5.93 -0.88 1.00 0.00
0.30 5.93 -0.71 1.00 0.00
0.30 5.93 -0.53 1.00 0.00
0.30 5.93 -0.36 1.00 0.00
0.30 5.93 -0.18 1.00 0.00
0.30 5.93 -0.01 1.00 0.00
0.30 5.93 0.17 1.00 0.00
0.30 5.93 0.34 1.00 0.00
0.30 5.93 0.51 1.00 0.00
0.30 5.93 0.69 1.00 0.00
0.30 5.93 0.86 1.00 0.00
0.30 5.93 1.04 1.00 0.00
0.30 5.93 1.21 1.00 0.00
0.30 5.93 1.39 1.00 0.00
0.30 5.93 1.56 1.00 0.00
0.30 5.93 1.74 1.00 0.00
0.30 5.93 1.91 1.00 0.00
0.30 5.93 2.09 1.00 0.00
0.50 5.93 -0.87 1.00 0.00
0.50 5.93 -0.69 1.00 0.00
0.50 5.93 -0.52 1.00 0.00
0.50 5.93 -0.34 1.00 0.00
0.50 5.93 -0.17 1.00 0.00
0.50 5.93 0.00 1.00 0.00
0.50 5.93 0.18 1.00 0.00
0.50 5.93 0.35 1.00 0.00
0.50 5.93 0.53 1.00 0.00
0.50 5.93 0.70 1.00 0.00
0.50 5.93 0.88 1.00 0.00
0.50 5.93 1.05 1.00 0.00
0.50 5.93 1.23 1.00 0.00
0.50 5.93 1.40 1.00 0.00
0.50 5.93 1.58 1.00 0.00
0.50 5.93 1.75 1.00 0.00
0.50 5.93 1.92 1.00 0.00
0.50 5.93 2.10 1.00 0.00
0.70 5.93 -0.85 1.00 0.00
0.70 5.93 -0.68 1.00 0.00
0.70 5.93 -0.50 1.00 0.00
0.70 5.93 -0.33 1.00 0.00
0.70 5.93 -0.16 1.00 0.00
0.70 5.93 0.02 1.00 0.00
0.70 5.93 0.19 1.00 0.00
0.70 5.93 0.37 1.00 0.00
0.70 5.93 0.54 1.00 0.00
0.70 5.93 0.72 1.00 0.00
0.70 5.93 0.89 1.00 0.00
0.70 5.93 1.07 1.00 0.00
0.70 5.93 1.24 1.00 0.00
0.70 5.93 1.42 1.00 0.00
0.70 5.93 1.59 1.00 0.00
0.70 5.93 1.76 1.00 0.00
0.70 5.93 1.94 1.00 0.00
0.70 5.93 2.11 1.00 0.00
0.90 5.93 -0.84 1.00 0.00
0.90 5.93 -0.66 1.00 0.00
0.90 5.93 -0.49 1.00 0.00
0.90 5.93 -0.31 1.00 0.00
0.90 5.93 -0.14 1.00 0.00
0.90 5.93 0.04 1.00 0.00
0.90 5.93 0.21 1.00 0.00
0.90 5.93 0.38 1.00 0.00
0.90 5.93 0.56 1.00 0.00
0.90 5.93 0.73 1.00 0.00
0.90 5.93 0.91 1.00 0.00
0.90 5.93 1.08 1.00 0.00
0.90 5.93 1.26 1.00 0.00
0.90 5.93 1.43 1.00 0.00
0.90 5.93 1.61 1.00 0.00
0.90 5.93 1.78 1.00 0.00
0.90 5.93 1.96 1.00 0.00
0.90 5.93 2.13 1.00 0.00
1.10 5.93 -0.82 1.00 0.00
1.10 5.93 -0.65 1.00 0.00
1.10 5.93 -0.47 1.00 0.00
1.10 5.93 -0.30 1.00 0.00
1.10 5.93 -0.12 1.00 0.00
1.10 5.93 0.05 1.00 0.00
1.10 5.93 0.23 1.00 0.00
1.10 5.93 0.40 1.00 0.00
1.10 5.93 0.58 1.00 0.00
1.10 5.93 0.75 1.00 0.00
1.10 5.93 0.93 1.00 0.00
1.10 5.93 1.10 1.00 0.00
1.10 5.93 1.27 1.00 0.00
1.10 5.93 1.45 1.00 0.00
1.10 5.93 1.62 1.00 0.00
1.10 5.93 1.80 1.00 0.00
1.10 5.93 1.97 1.00 0.00
1.10 5.93 2.15 1.00 0.00
0.30 6.11 -0.87 1.00 0.00
0.30 6.11 -0.70 1.00 0.00
0.30 6.11 -0.52 1.00 0.00
0.30 6.11 -0.35 1.00 0.00
0.30 6.11 -0.17 1.00 0.00
0.30 6.11 0.00 1.00 0.00
0.30 6.11 0.17 1.00 0.00
0.30 6.11 0.35 1.00 0.00
0.30 6.11 0.52 1.00 0.00
0.30 6.11 0.70 1.00 0.00
0.30 6.11 0.87 1.00 0.00
0.30 6.11 1.05 1.00 0.00
0.30 6.11 1.22 1.00 0.00
0.30 6.11 1.40 1.00 0.00
0.30 6.11 1.57 1.00 0.00
0.30 6.11 1.75 1.00 0.00
0.30 6.11 1.92 1.00 0.00
0.30 6.11 2.09 1.00 0.00
0.50 6.11 -0.85 1.00 0.00
0.50 6.11 -0.68 1.00 0.00
0.50 6.11 -0.50 1.00 0.00
0.50 6.11 -0.33 1.00 0.00
0.50 6.11 -0.15 1.00 0.00
0.50 6.11 0.02 1.00 0.00
0.50 6.11 0.19 1.00 0.00
0.50 6.11 0.37 1.00 0.00
0.50 6.11 0.54 1.00 0.00
0.50 6.11 0.72 1.00 0.00
0.50 6.11 0.89 1.00 0.00
0.50 6.11 1.07 1.00 0.00
0.50 6.11 1.24 1.00 0.00
0.50 6.11 1.42 1.00 0.00
0.50 6.11 1.59 1.00 0.00
0.50 6.11 1.77 1.00 0.00
0.50 6.11 1.94 1.00 0.00
0.50 6.11 2.11 1.00 0.00
0.70 6.11 -0.83 1.00 0.00
0.70 6.11 -0.66 1.00 0.00
0.70 6.11 -0.48 1.00 0.00
0.70 6.11 -0.31 1.00 0.00
0.70 6.11 -0.13 1.00 0.00
0.70 6.11 0.04 1.00 0.00
0.70 6.11 0.22 1.00 0.00
0.70 6.11 0.39 1.00 0.00
0.70 6.11 0.57 1.00 0.00
0.70 6.11 0.74 1.00 0.00
0.70 6.11 0.91 1.00 0.00
0.70 6.11 1.09 1.00 0.00
0.70 6.11 1.26 1.00 0.00
0.70 6.11 1.44 1.00 0.00
0.70 6.11 1.61 1.00 0.00
0.70 6.11 1.79 1.00 0.00
0.70 6.11 1.96 1.00 0.00
0.70 6.11 2.14 1.00 0.00
0.90 6.11 -0.81 1.00 0.00
0.90 6.11 -0.63 1.00 0.00
0.90 6.11 -0.46 1.00 0.00
0.90 6.11 -0.28 1.00 0.00
0.90 6.11 -0.11 1.00 0.00
0.90 6.11 0.07 1.00 0.00
0.90 6.11 0.24 1.00 0.00
0.90 6.11 0.41 1.00 0.00
0.90 6.11 0.59 1.00 0.00
0.90 6.11 0.76 1.00 0.00
0.90 6.11 0.94 1.00 0.00
0.90 6.11 1.11 1.00 0.00
0.90 6.11 1.29 1.00 0.00
0.90 6.11 1.46 1.00 0.00
0.90 6.11 1.64 1.00 0.00
0.90 6.11 1.81 1.00 0.00
0.90 6.11 1.99 1.00 0.00
0.90 6.11 2.16 1.00 0.00
1.10 6.11 -0.78 1.00 0.00
1.10 6.11 -0.61 1.00 0.00
1.10 6.11 -0.43 1.00 0.00
1.10 6.11 -0.26 1.00 0.00
1.10 6.11 -0.08 1.00 0.00
1.10 6.11 0.09 1.00 0.00
1.10 6.11 0.27 1.00 0.00
1.10 6.11 0.44 1.00 0.00
1.10 6.11 0.61 1.00 0.00
1.10 6.11 0.79 1.00 0.00
1.10 6.11 0.96 1.00 0.00
1.10 6.11 1.14 1.00 0.00
1.10 6.11 1.31 1.00 0.00
1.10 6.11 1.49 1.00 0.00
1.10 6.11 1.66 1.00 0.00
1.10 6.11 1.84 1.00 0.00
1.10 6.11 2.01 1.00 0.00
1.10 6.11 2.19 1.00 0.00
