0.30 0.00 -0.92 1.00 0.00
0.30 0.00 -0.74 1.00 0.00
0.30 0.00 -0.57 1.00 0.00
0.30 0.00 -0.39 1.00 0.00
0.30 0.00 -0.22 1.00 0.00
0.30 0.00 -0.04 1.00 0.00
0.30 0.00 0.13 1.00 0.00
0.30 0.00 0.31 1.00 0.00
0.30 0.00 0.48 1.00 0.00
0.30 0.00 0.65 1.00 0.00
0.30 0.00 0.83 1.00 0.00
0.30 0.00 1.00 1.00 0.00
0.30 0.00 1.18 1.00 0.00
0.30 0.00 1.35 1.00 0.00
0.30 0.00 1.53 1.00 0.00
0.30 0.00 1.70 1.00 0.00
0.30 0.00 1.88 1.00 0.00
0.30 0.00 2.05 1.00 0.00
0.50 0.00 -0.89 1.00 0.00
0.50 0.00 -0.72 1.00 0.00
0.50 0.00 -0.54 1.00 0.00
0.50 0.00 -0.37 1.00 0.00
0.50 0.00 -0.19 1.00 0.00
0.50 0.00 -0.02 1.00 0.00
0.50 0.00 0.16 1.00 0.00
0.50 0.00 0.33 1.00 0.00
0.50 0.00 0.50 1.00 0.00
0.50 0.00 0.68 1.00 0.00
0.50 0.00 0.85 1.00 0.00
0.50 0.00 1.03 1.00 0.00
0.50 0.00 1.20 1.00 0.00
0.50 0.00 1.38 1.00 0.00
0.50 0.00 1.55 1.00 0.00
0.50 0.00 1.73 1.00 0.00
0.50 0.00 1.90 1.00 0.00
0.50 0.00 2.08 1.00 0.00
0.70 0.00 -0.87 1.00 0.00
0.70 0.00 -0.69 1.00 0.00
0.70 0.00 -0.52 1.00 0.00
0.70 0.00 -0.34 1.00 0.00
0.70 0.00 -0.17 1.00 0.00
0.70 0.00 0.01 1.00 0.00
0.70 0.00 0.18 1.00 0.00
0.70 0.00 0.36 1.00 0.00
0.70 0.00 0.53 1.00 0.00
0.70 0.00 0.71 1.00 0.00
0.70 0.00 0.88 1.00 0.00
0.70 0.00 1.05 1.00 0.00
0.70 0.00 1.23 1.00 0.00
0.70 0.00 1.40 1.00 0.00
0.70 0.00 1.58 1.00 0.00
0.70 0.00 1.75 1.00 0.00
0.70 0.00 1.93 1.00 0.00
0.70 0.00 2.10 1.00 0.00
0.90 0.00 -0.84 1.00 0.00
0.90 0.00 -0.66 1.00 0.00
0.90 0.00 -0.49 1.00 0.00
0.90 0.00 -0.31 1.00 0.00
0.90 0.00 -0.14 1.00 0.00
0.90 0.00 0.03 1.00 0.00
0.90 0.00 0.21 1.00 0.00
0.90 0.00 0.38 1.00 0.00
0.90 0.00 0.56 1.00 0.00
0.90 0.00 0.73 1.00 0.00
0.90 0.00 0.91 1.00 0.00
0.90 0.00 1.08 1.00 0.00
0.90 0.00 1.26 1.00 0.00
0.90 0.00 1.43 1.00 0.00
0.90 0.00 1.61 1.00 0.00
0.90 0.00 1.78 1.00 0.00
0.90 0.00 1.95 1.00 0.00
0.90 0.00 2.13 1.00 0.00
1.10 0.00 -0.81 1.00 0.00
1.10 0.00 -0.63 1.00 0.00
1.10 0.00 -0.46 1.00 0.00
1.10 0.00 -0.28 1.00 0.00
1.10 0.00 -0.11 1.00 0.00
1.10 0.00 0.06 1.00 0.00
1.10 0.00 0.24 1.00 0.00
1.10 0.00 0.41 1.00 0.00
1.10 0.00 0.59 1.00 0.00
1.10 0.00 0.76 1.00 0.00
1.10 0.00 0.94 1.00 0.00
1.10 0.00 1.11 1.00 0.00
1.10 0.00 1.29 1.00 0.00
1.10 0.00 1.46 1.00 0.00
1.10 0.00 1.64 1.00 0.00
1.10 0.00 1.81 1.00 0.00
1.10 0.00 1.98 1.00 0.00
1.10 0.00 2.16 1.00 0.00
0.30 0.17 -0.91 1.00 0.00
0.30 0.17 -0.73 1.00 0.00
0.30 0.17 -0.56 1.00 0.00
0.30 0.17 -0.39 1.00 0.00
0.30 0.17 -0.21 1.00 0.00
0.30 0.17 -0.04 1.00 0.00
0.30 0.17 0.14 1.00 0.00
0.30 0.17 0.31 1.00 0.00
0.30 0.17 0.49 1.00 0.00
0.30 0.17 0.66 1.00 0.00
0.30 0.17 0.84 1.00 0.00
0.30 0.17 1.01 1.00 0.00
0.30 0.17 1.19 1.00 0.00
0.30 0.17 1.36 1.00 0.00
0.30 0.17 1.53 1.00 0.00
0.30 0.17 1.71 1.00 0.00
0.30 0.17 1.88 1.00 0.00
0.30 0.17 2.06 1.00 0.00
0.50 0.17 -0.88 1.00 0.00
0.50 0.17 -0.70 1.00 0.00
0.50 0.17 -0.53 1.00 0.00
0.50 0.17 -0.36 1.00 0.00
0.50 0.17 -0.18 1.00 0.00
0.50 0.17 -0.01 1.00 0.00
0.50 0.17 0.17 1.00 0.00
0.50 0.17 0.34 1.00 0.00
0.50 0.17 0.52 1.00 0.00
0.50 0.17 0.69 1.00 0.00
0.50 0.17 0.87 1.00 0.00
0.50 0.17 1.04 1.00 0.00
0.50 0.17 1.22 1.00 0.00
0.50 0.17 1.39 1.00 0.00
0.50 0.17 1.56 1.00 0.00
0.50 0.17 1.74 1.00 0.00
0.50 0.17 1.91 1.00 0.00
0.50 0.17 2.09 1.00 0.00
0.70 0.17 -0.85 1.00 0.00
0.70 0.17 -0.67 1.00 0.00
0.70 0.17 -0.50 1.00 0.00
0.70 0.17 -0.32 1.00 0.00
0.70 0.17 -0.15 1.00 0.00
0.70 0.17 0.02 1.00 0.00
0.70 0.17 0.20 1.00 0.00
0.70 0.17 0.37 1.00 0.00
0.70 0.17 0.55 1.00 0.00
0.70 0.17 0.72 1.00 0.00
0.70 0.17 0.90 1.00 0.00
0.70 0.17 1.07 1.00 0.00
0.70 0.17 1.25 1.00 0.00
0.70 0.17 1.42 1.00 0.00
0.70 0.17 1.60 1.00 0.00
0.70 0.17 1.77 1.00 0.00
0.70 0.17 1.94 1.00 0.00
0.70 0.17 2.12 1.00 0.00
0.90 0.17 -0.82 1.00 0.00
0.90 0.17 -0.64 1.00 0.00
0.90 0.17 -0.47 1.00 0.00
0.90 0.17 -0.29 1.00 0.00
0.90 0.17 -0.12 1.00 0.00
0.90 0.17 0.06 1.00 0.00
0.90 0.17 0.23 1.00 0.00
0.90 0.17 0.41 1.00 0.00
0.90 0.17 0.58 1.00 0.00
0.90 0.17 0.76 1.00 0.00
0.90 0.17 0.93 1.00 0.00
0.90 0.17 1.10 1.00 0.00
0.90 0.17 1.28 1.00 0.00
0.90 0.17 1.45 1.00 0.00
0.90 0.17 1.63 1.00 0.00
0.90 0.17 1.80 1.00 0.00
0.90 0.17 1.98 1.00 0.00
0.90 0.17 2.15 1.00 0.00
1.10 0.17 -0.78 1.00 0.00
1.10 0.17 -0.61 1.00 0.00
1.10 0.17 -0.43 1.00 0.00
1.10 0.17 -0.26 1.00 0.00
1.10 0.17 -0.08 1.00 0.00
1.10 0.17 0.09 1.00 0.00
1.10 0.17 0.27 1.00 0.00
1.10 0.17 0.44 1.00 0.00
1.10 0.17 0.62 1.00 0.00
1.10 0.17 0.79 1.00 0.00
1.10 0.17 0.96 1.00 0.00
1.10 0.17 1.14 1.00 0.00
1.10 0.17 1.31 1.00 0.00
1.10 0.17 1.49 1.00 0.00
1.10 0.17 1.66 1.00 0.00
1.10 0.17 1.84 1.00 0.00
1.10 0.17 2.01 1.00 0.00
1.10 0.17 2.19 1.00 0.00
0.30 0.35 -0.90 1.00 0.00
0.30 0.35 -0.73 1.00 0.00
0.30 0.35 -0.55 1.00 0.00
0.30 0.35 -0.38 1.00 0.00
0.30 0.35 -0.20 1.00 0.00
0.30 0.35 -0.03 1.00 0.00
0.30 0.35 0.14 1.00 0.00
0.30 0.35 0.32 1.00 0.00
0.30 0.35 0.49 1.00 0.00
0.30 0.35 0.67 1.00 0.00
0.30 0.35 0.84 1.00 0.00
0.30 0.35 1.02 1.00 0.00
0.30 0.35 1.19 1.00 0.00
0.30 0.35 1.37 1.00 0.00
0.30 0.35 1.54 1.00 0.00
0.30 0.35 1.72 1.00 0.00
0.30 0.35 1.89 1.00 0.00
0.30 0.35 2.06 1.00 0.00
0.50 0.35 -0.87 1.00 0.00
0.50 0.35 -0.69 1.00 0.00
0.50 0.35 -0.52 1.00 0.00
0.50 0.35 -0.35 1.00 0.00
0.50 0.35 -0.17 1.00 0.00
0.50 0.35 0.00 1.00 0.00
0.50 0.35 0.18 1.00 0.00
0.50 0.35 0.35 1.00 0.00
0.50 0.35 0.53 1.00 0.00
0.50 0.35 0.70 1.00 0.00
0.50 0.35 0.88 1.00 0.00
0.50 0.35 1.05 1.00 0.00
0.50 0.35 1.22 1.00 0.00
0.50 0.35 1.40 1.00 0.00
0.50 0.35 1.57 1.00 0.00
0.50 0.35 1.75 1.00 0.00
0.50 0.35 1.92 1.00 0.00
0.50 0.35 2.10 1.00 0.00
0.70 0.35 -0.83 1.00 0.00
0.70 0.35 -0.66 1.00 0.00
0.70 0.35 -0.49 1.00 0.00
0.70 0.35 -0.31 1.00 0.00
0.70 0.35 -0.14 1.00 0.00
0.70 0.35 0.04 1.00 0.00
0.70 0.35 0.21 1.00 0.00
0.70 0.35 0.39 1.00 0.00
0.70 0.35 0.56 1.00 0.00
0.70 0.35 0.74 1.00 0.00
0.70 0.35 0.91 1.00 0.00
0.70 0.35 1.09 1.00 0.00
0.70 0.35 1.26 1.00 0.00
0.70 0.35 1.43 1.00 0.00
0.70 0.35 1.61 1.00 0.00
0.70 0.35 1.78 1.00 0.00
0.70 0.35 1.96 1.00 0.00
0.70 0.35 2.13 1.00 0.00
0.90 0.35 -0.80 1.00 0.00
0.90 0.35 -0.62 1.00 0.00
0.90 0.35 -0.45 1.00 0.00
0.90 0.35 -0.27 1.00 0.00
0.90 0.35 -0.10 1.00 0.00
0.90 0.35 0.07 1.00 0.00
0.90 0.35 0.25 1.00 0.00
0.90 0.35 0.42 1.00 0.00
0.90 0.35 0.60 1.00 0.00
0.90 0.35 0.77 1.00 0.00
0.90 0.35 0.95 1.00 0.00
0.90 0.35 1.12 1.00 0.00
0.90 0.35 1.30 1.00 0.00
0.90 0.35 1.47 1.00 0.00
0.90 0.35 1.65 1.00 0.00
0.90 0.35 1.82 1.00 0.00
0.90 0.35 1.99 1.00 0.00
0.90 0.35 2.17 1.00 0.00
1.10 0.35 -0.76 1.00 0.00
1.10 0.35 -0.59 1.00 0.00
1.10 0.35 -0.41 1.00 0.00
1.10 0.35 -0.24 1.00 0.00
1.10 0.35 -0.06 1.00 0.00
1.10 0.35 0.11 1.00 0.00
1.10 0.35 0.29 1.00 0.00
1.10 0.35 0.46 1.00 0.00
1.10 0.35 0.64 1.00 0.00
1.10 0.35 0.81 1.00 0.00
1.10 0.35 0.98 1.00 0.00
1.10 0.35 1.16 1.00 0.00
1.10 0.35 1.33 1.00 0.00
1.10 0.35 1.51 1.00 0.00
1.10 0.35 1.68 1.00 0.00
1.10 0.35 1.86 1.00 0.00
1.10 0.35 2.03 1.00 0.00
1.10 0.35 2.21 1.00 0.00
0.30 0.52 -0.90 1.00 0.00
0.30 0.52 -0.72 1.00 0.00
0.30 0.52 -0.55 1.00 0.00
0.30 0.52 -0.37 1.00 0.00
0.30 0.52 -0.20 1.00 0.00
0.30 0.52 -0.03 1.00 0.00
0.30 0.52 0.15 1.00 0.00
0.30 0.52 0.32 1.00 0.00
0.30 0.52 0.50 1.00 0.00
0.30 0.52 0.67 1.00 0.00
0.30 0.52 0.85 1.00 0.00
0.30 0.52 1.02 1.00 0.00
0.30 0.52 1.20 1.00 0.00
0.30 0.52 1.37 1.00 0.00
0.30 0.52 1.55 1.00 0.00
0.30 0.52 1.72 1.00 0.00
0.30 0.52 1.89 1.00 0.00
0.30 0.52 2.07 1.00 0.00
0.50 0.52 -0.86 1.00 0.00
0.50 0.52 -0.69 1.00 0.00
0.50 0.52 -0.51 1.00 0.00
0.50 0.52 -0.34 1.00 0.00
0.50 0.52 -0.16 1.00 0.00
0.50 0.52 0.01 1.00 0.00
0.50 0.52 0.18 1.00 0.00
0.50 0.52 0.36 1.00 0.00
0.50 0.52 0.53 1.00 0.00
0.50 0.52 0.71 1.00 0.00
0.50 0.52 0.88 1.00 0.00
0.50 0.52 1.06 1.00 0.00
0.50 0.52 1.23 1.00 0.00
0.50 0.52 1.41 1.00 0.00
0.50 0.52 1.58 1.00 0.00
0.50 0.52 1.76 1.00 0.00
0.50 0.52 1.93 1.00 0.00
0.50 0.52 2.10 1.00 0.00
0.70 0.52 -0.83 1.00 0.00
0.70 0.52 -0.65 1.00 0.00
0.70 0.52 -0.48 1.00 0.00
0.70 0.52 -0.30 1.00 0.00
0.70 0.52 -0.13 1.00 0.00
0.70 0.52 0.05 1.00 0.00
0.70 0.52 0.22 1.00 0.00
0.70 0.52 0.40 1.00 0.00
0.70 0.52 0.57 1.00 0.00
0.70 0.52 0.75 1.00 0.00
0.70 0.52 0.92 1.00 0.00
0.70 0.52 1.09 1.00 0.00
0.70 0.52 1.27 1.00 0.00
0.70 0.52 1.44 1.00 0.00
0.70 0.52 1.62 1.00 0.00
0.70 0.52 1.79 1.00 0.00
0.70 0.52 1.97 1.00 0.00
0.70 0.52 2.14 1.00 0.00
0.90 0.52 -0.79 1.00 0.00
0.90 0.52 -0.61 1.00 0.00
0.90 0.52 -0.44 1.00 0.00
0.90 0.52 -0.26 1.00 0.00
0.90 0.52 -0.09 1.00 0.00
0.90 0.52 0.09 1.00 0.00
0.90 0.52 0.26 1.00 0.00
0.90 0.52 0.43 1.00 0.00
0.90 0.52 0.61 1.00 0.00
0.90 0.52 0.78 1.00 0.00
0.90 0.52 0.96 1.00 0.00
0.90 0.52 1.13 1.00 0.00
0.90 0.52 1.31 1.00 0.00
0.90 0.52 1.48 1.00 0.00
0.90 0.52 1.66 1.00 0.00
0.90 0.52 1.83 1.00 0.00
0.90 0.52 2.01 1.00 0.00
0.90 0.52 2.18 1.00 0.00
1.10 0.52 -0.75 1.00 0.00
1.10 0.52 -0.57 1.00 0.00
1.10 0.52 -0.40 1.00 0.00
1.10 0.52 -0.23 1.00 0.00
1.10 0.52 -0.05 1.00 0.00
1.10 0.52 0.12 1.00 0.00
1.10 0.52 0.30 1.00 0.00
1.10 0.52 0.47 1.00 0.00
1.10 0.52 0.65 1.00 0.00
1.10 0.52 0.82 1.00 0.00
1.10 0.52 1.00 1.00 0.00
1.10 0.52 1.17 1.00 0.00
1.10 0.52 1.35 1.00 0.00
1.10 0.52 1.52 1.00 0.00
1.10 0.52 1.69 1.00 0.00
1.10 0.52 1.87 1.00 0.00
1.10 0.52 2.04 1.00 0.00
1.10 0.52 2.22 1.00 0.00
0.30 0.70 -0.90 1.00 0.00
0.30 0.70 -0.72 1.00 0.00
0.30 0.70 -0.55 1.00 0.00
0.30 0.70 -0.37 1.00 0.00
0.30 0.70 -0.20 1.00 0.00
0.30 0.70 -0.02 1.00 0.00
0.30 0.70 0.15 1.00 0.00
0.30 0.70 0.33 1.00 0.00
0.30 0.70 0.50 1.00 0.00
0.30 0.70 0.68 1.00 0.00
0.30 0.70 0.85 1.00 0.00
0.30 0.70 1.02 1.00 0.00
0.30 0.70 1.20 1.00 0.00
0.30 0.70 1.37 1.00 0.00
0.30 0.70 1.55 1.00 0.00
0.30 0.70 1.72 1.00 0.00
0.30 0.70 1.90 1.00 0.00
0.30 0.70 2.07 1.00 0.00
0.50 0.70 -0.86 1.00 0.00
0.50 0.70 -0.68 1.00 0.00
0.50 0.70 -0.51 1.00 0.00
0.50 0.70 -0.33 1.00 0.00
0.50 0.70 -0.16 1.00 0.00
0.50 0.70 0.01 1.00 0.00
0.50 0.70 0.19 1.00 0.00
0.50 0.70 0.36 1.00 0.00
0.50 0.70 0.54 1.00 0.00
0.50 0.70 0.71 1.00 0.00
0.50 0.70 0.89 1.00 0.00
0.50 0.70 1.06 1.00 0.00
0.50 0.70 1.24 1.00 0.00
0.50 0.70 1.41 1.00 0.00
0.50 0.70 1.59 1.00 0.00
0.50 0.70 1.76 1.00 0.00
0.50 0.70 1.93 1.00 0.00
0.50 0.70 2.11 1.00 0.00
0.70 0.70 -0.82 1.00 0.00
0.70 0.70 -0.65 1.00 0.00
0.70 0.70 -0.47 1.00 0.00
0.70 0.70 -0.30 1.00 0.00
0.70 0.70 -0.12 1.00 0.00
0.70 0.70 0.05 1.00 0.00
0.70 0.70 0.23 1.00 0.00
0.70 0.70 0.40 1.00 0.00
0.70 0.70 0.58 1.00 0.00
0.70 0.70 0.75 1.00 0.00
0.70 0.70 0.93 1.00 0.00
0.70 0.70 1.10 1.00 0.00
0.70 0.70 1.27 1.00 0.00
0.70 0.70 1.45 1.00 0.00
0.70 0.70 1.62 1.00 0.00
0.70 0.70 1.80 1.00 0.00
0.70 0.70 1.97 1.00 0.00
0.70 0.70 2.15 1.00 0.00
0.90 0.70 -0.78 1.00 0.00
0.90 0.70 -0.61 1.00 0.00
0.90 0.70 -0.43 1.00 0.00
0.90 0.70 -0.26 1.00 0.00
0.90 0.70 -0.08 1.00 0.00
0.90 0.70 0.09 1.00 0.00
0.90 0.70 0.27 1.00 0.00
0.90 0.70 0.44 1.00 0.00
0.90 0.70 0.61 1.00 0.00
0.90 0.70 0.79 1.00 0.00
0.90 0.70 0.96 1.00 0.00
0.90 0.70 1.14 1.00 0.00
0.90 0.70 1.31 1.00 0.00
0.90 0.70 1.49 1.00 0.00
0.90 0.70 1.66 1.00 0.00
0.90 0.70 1.84 1.00 0.00
0.90 0.70 2.01 1.00 0.00
0.90 0.70 2.18 1.00 0.00
1.10 0.70 -0.74 1.00 0.00
1.10 0.70 -0.57 1.00 0.00
1.10 0.70 -0.39 1.00 0.00
1.10 0.70 -0.22 1.00 0.00
1.10 0.70 -0.05 1.00 0.00
1.10 0.70 0.13 1.00 0.00
1.10 0.70 0.30 1.00 0.00
1.10 0.70 0.48 1.00 0.00
1.10 0.70 0.65 1.00 0.00
1.10 0.70 0.83 1.00 0.00
1.10 0.70 1.00 1.00 0.00
1.10 0.70 1.18 1.00 0.00
1.10 0.70 1.35 1.00 0.00
1.10 0.70 1.53 1.00 0.00
1.10 0.70 1.70 1.00 0.00
1.10 0.70 1.87 1.00 0.00
1.10 0.70 2.05 1.00 0.00
1.10 0.70 2.22 1.00 0.00
0.30 0.87 -0.89 1.00 0.00
0.30 0.87 -0.72 1.00 0.00
0.30 0.87 -0.55 1.00 0.00
0.30 0.87 -0.37 1.00 0.00
0.30 0.87 -0.20 1.00 0.00
0.30 0.87 -0.02 1.00 0.00
0.30 0.87 0.15 1.00 0.00
0.30 0.87 0.33 1.00 0.00
0.30 0.87 0.50 1.00 0.00
0.30 0.87 0.68 1.00 0.00
0.30 0.87 0.85 1.00 0.00
0.30 0.87 1.03 1.00 0.00
0.30 0.87 1.20 1.00 0.00
0.30 0.87 1.37 1.00 0.00
0.30 0.87 1.55 1.00 0.00
0.30 0.87 1.72 1.00 0.00
0.30 0.87 1.90 1.00 0.00
0.30 0.87 2.07 1.00 0.00
0.50 0.87 -0.86 1.00 0.00
0.50 0.87 -0.68 1.00 0.00
0.50 0.87 -0.51 1.00 0.00
0.50 0.87 -0.33 1.00 0.00
0.50 0.87 -0.16 1.00 0.00
0.50 0.87 0.02 1.00 0.00
0.50 0.87 0.19 1.00 0.00
0.50 0.87 0.36 1.00 0.00
0.50 0.87 0.54 1.00 0.00
0.50 0.87 0.71 1.00 0.00
0.50 0.87 0.89 1.00 0.00
0.50 0.87 1.06 1.00 0.00
0.50 0.87 1.24 1.00 0.00
0.50 0.87 1.41 1.00 0.00
0.50 0.87 1.59 1.00 0.00
0.50 0.87 1.76 1.00 0.00
0.50 0.87 1.94 1.00 0.00
0.50 0.87 2.11 1.00 0.00
0.70 0.87 -0.82 1.00 0.00
0.70 0.87 -0.64 1.00 0.00
0.70 0.87 -0.47 1.00 0.00
0.70 0.87 -0.30 1.00 0.00
0.70 0.87 -0.12 1.00 0.00
0.70 0.87 0.05 1.00 0.00
0.70 0.87 0.23 1.00 0.00
0.70 0.87 0.40 1.00 0.00
0.70 0.87 0.58 1.00 0.00
0.70 0.87 0.75 1.00 0.00
0.70 0.87 0.93 1.00 0.00
0.70 0.87 1.10 1.00 0.00
0.70 0.87 1.27 1.00 0.00
0.70 0.87 1.45 1.00 0.00
0.70 0.87 1.62 1.00 0.00
0.70 0.87 1.80 1.00 0.00
0.70 0.87 1.97 1.00 0.00
0.70 0.87 2.15 1.00 0.00
0.90 0.87 -0.78 1.00 0.00
0.90 0.87 -0.61 1.00 0.00
0.90 0.87 -0.43 1.00 0.00
0.90 0.87 -0.26 1.00 0.00
0.90 0.87 -0.08 1.00 0.00
0.90 0.87 0.09 1.00 0.00
0.90 0.87 0.27 1.00 0.00
0.90 0.87 0.44 1.00 0.00
0.90 0.87 0.61 1.00 0.00
0.90 0.87 0.79 1.00 0.00
0.90 0.87 0.96 1.00 0.00
0.90 0.87 1.14 1.00 0.00
0.90 0.87 1.31 1.00 0.00
0.90 0.87 1.49 1.00 0.00
0.90 0.87 1.66 1.00 0.00
0.90 0.87 1.84 1.00 0.00
0.90 0.87 2.01 1.00 0.00
0.90 0.87 2.18 1.00 0.00
1.10 0.87 -0.75 1.00 0.00
1.10 0.87 -0.57 1.00 0.00
1.10 0.87 -0.40 1.00 0.00
1.10 0.87 -0.22 1.00 0.00
1.10 0.87 -0.05 1.00 0.00
1.10 0.87 0.13 1.00 0.00
1.10 0.87 0.30 1.00 0.00
1.10 0.87 0.48 1.00 0.00
1.10 0.87 0.65 1.00 0.00
1.10 0.87 0.83 1.00 0.00
1.10 0.87 1.00 1.00 0.00
1.10 0.87 1.17 1.00 0.00
1.10 0.87 1.35 1.00 0.00
1.10 0.87 1.52 1.00 0.00
1.10 0.87 1.70 1.00 0.00
1.10 0.87 1.87 1.00 0.00
1.10 0.87 2.05 1.00 0.00
1.10 0.87 2.22 1.00 0.00
0.30 1.05 -0.90 1.00 0.00
0.30 1.05 -0.72 1.00 0.00
0.30 1.05 -0.55 1.00 0.00
0.30 1.05 -0.37 1.00 0.00
0.30 1.05 -0.20 1.00 0.00
0.30 1.05 -0.02 1.00 0.00
0.30 1.05 0.15 1.00 0.00
0.30 1.05 0.33 1.00 0.00
0.30 1.05 0.50 1.00 0.00
0.30 1.05 0.68 1.00 0.00
0.30 1.05 0.85 1.00 0.00
0.30 1.05 1.02 1.00 0.00
0.30 1.05 1.20 1.00 0.00
0.30 1.05 1.37 1.00 0.00
0.30 1.05 1.55 1.00 0.00
0.30 1.05 1.72 1.00 0.00
0.30 1.05 1.90 1.00 0.00
0.30 1.05 2.07 1.00 0.00
0.50 1.05 -0.86 1.00 0.00
0.50 1.05 -0.68 1.00 0.00
0.50 1.05 -0.51 1.00 0.00
0.50 1.05 -0.34 1.00 0.00
0.50 1.05 -0.16 1.00 0.00
0.50 1.05 0.01 1.00 0.00
0.50 1.05 0.19 1.00 0.00
0.50 1.05 0.36 1.00 0.00
0.50 1.05 0.54 1.00 0.00
0.50 1.05 0.71 1.00 0.00
0.50 1.05 0.89 1.00 0.00
0.50 1.05 1.06 1.00 0.00
0.50 1.05 1.24 1.00 0.00
0.50 1.05 1.41 1.00 0.00
0.50 1.05 1.58 1.00 0.00
0.50 1.05 1.76 1.00 0.00
0.50 1.05 1.93 1.00 0.00
0.50 1.05 2.11 1.00 0.00
0.70 1.05 -0.82 1.00 0.00
0.70 1.05 -0.65 1.00 0.00
0.70 1.05 -0.47 1.00 0.00
0.70 1.05 -0.30 1.00 0.00
0.70 1.05 -0.12 1.00 0.00
0.70 1.05 0.05 1.00 0.00
0.70 1.05 0.22 1.00 0.00
0.70 1.05 0.40 1.00 0.00
0.70 1.05 0.57 1.00 0.00
0.70 1.05 0.75 1.00 0.00
0.70 1.05 0.92 1.00 0.00
0.70 1.05 1.10 1.00 0.00
0.70 1.05 1.27 1.00 0.00
0.70 1.05 1.45 1.00 0.00
0.70 1.05 1.62 1.00 0.00
0.70 1.05 1.80 1.00 0.00
0.70 1.05 1.97 1.00 0.00
0.70 1.05 2.14 1.00 0.00
0.90 1.05 -0.79 1.00 0.00
0.90 1.05 -0.61 1.00 0.00
0.90 1.05 -0.44 1.00 0.00
0.90 1.05 -0.26 1.00 0.00
0.90 1.05 -0.09 1.00 0.00
0.90 1.05 0.09 1.00 0.00
0.90 1.05 0.26 1.00 0.00
0.90 1.05 0.43 1.00 0.00
0.90 1.05 0.61 1.00 0.00
0.90 1.05 0.78 1.00 0.00
0.90 1.05 0.96 1.00 0.00
0.90 1.05 1.13 1.00 0.00
0.90 1.05 1.31 1.00 0.00
0.90 1.05 1.48 1.00 0.00
0.90 1.05 1.66 1.00 0.00
0.90 1.05 1.83 1.00 0.00
0.90 1.05 2.01 1.00 0.00
0.90 1.05 2.18 1.00 0.00
1.10 1.05 -0.75 1.00 0.00
1.10 1.05 -0.58 1.00 0.00
1.10 1.05 -0.40 1.00 0.00
1.10 1.05 -0.23 1.00 0.00
1.10 1.05 -0.05 1.00 0.00
1.10 1.05 0.12 1.00 0.00
1.10 1.05 0.29 1.00 0.00
1.10 1.05 0.47 1.00 0.00
1.10 1.05 0.64 1.00 0.00
1.10 1.05 0.82 1.00 0.00
1.10 1.05 0.99 1.00 0.00
1.10 1.05 1.17 1.00 0.00
1.10 1.05 1.34 1.00 0.00
1.10 1.05 1.52 1.00 0.00
1.10 1.05 1.69 1.00 0.00
1.10 1.05 1.87 1.00 0.00
1.10 1.05 2.04 1.00 0.00
1.10 1.05 2.21 1.00 0.00
0.30 1.22 -0.90 1.00 0.00
0.30 1.22 -0.72 1.00 0.00
0.30 1.22 -0.55 1.00 0.00
0.30 1.22 -0.37 1.00 0.00
0.30 1.22 -0.20 1.00 0.00
0.30 1.22 -0.02 1.00 0.00
0.30 1.22 0.15 1.00 0.00
0.30 1.22 0.32 1.00 0.00
0.30 1.22 0.50 1.00 0.00
0.30 1.22 0.67 1.00 0.00
0.30 1.22 0.85 1.00 0.00
0.30 1.22 1.02 1.00 0.00
0.30 1.22 1.20 1.00 0.00
0.30 1.22 1.37 1.00 0.00
0.30 1.22 1.55 1.00 0.00
0.30 1.22 1.72 1.00 0.00
0.30 1.22 1.90 1.00 0.00
0.30 1.22 2.07 1.00 0.00
0.50 1.22 -0.86 1.00 0.00
0.50 1.22 -0.69 1.00 0.00
0.50 1.22 -0.51 1.00 0.00
0.50 1.22 -0.34 1.00 0.00
0.50 1.22 -0.16 1.00 0.00
0.50 1.22 0.01 1.00 0.00
0.50 1.22 0.18 1.00 0.00
0.50 1.22 0.36 1.00 0.00
0.50 1.22 0.53 1.00 0.00
0.50 1.22 0.71 1.00 0.00
0.50 1.22 0.88 1.00 0.00
0.50 1.22 1.06 1.00 0.00
0.50 1.22 1.23 1.00 0.00
0.50 1.22 1.41 1.00 0.00
0.50 1.22 1.58 1.00 0.00
0.50 1.22 1.76 1.00 0.00
0.50 1.22 1.93 1.00 0.00
0.50 1.22 2.10 1.00 0.00
0.70 1.22 -0.83 1.00 0.00
0.70 1.22 -0.65 1.00 0.00
0.70 1.22 -0.48 1.00 0.00
0.70 1.22 -0.31 1.00 0.00
0.70 1.22 -0.13 1.00 0.00
0.70 1.22 0.04 1.00 0.00
0.70 1.22 0.22 1.00 0.00
0.70 1.22 0.39 1.00 0.00
0.70 1.22 0.57 1.00 0.00
0.70 1.22 0.74 1.00 0.00
0.70 1.22 0.92 1.00 0.00
0.70 1.22 1.09 1.00 0.00
0.70 1.22 1.27 1.00 0.00
0.70 1.22 1.44 1.00 0.00
0.70 1.22 1.61 1.00 0.00
0.70 1.22 1.79 1.00 0.00
0.70 1.22 1.96 1.00 0.00
0.70 1.22 2.14 1.00 0.00
0.90 1.22 -0.80 1.00 0.00
0.90 1.22 -0.62 1.00 0.00
0.90 1.22 -0.45 1.00 0.00
0.90 1.22 -0.27 1.00 0.00
0.90 1.22 -0.10 1.00 0.00
0.90 1.22 0.08 1.00 0.00
0.90 1.22 0.25 1.00 0.00
0.90 1.22 0.43 1.00 0.00
0.90 1.22 0.60 1.00 0.00
0.90 1.22 0.77 1.00 0.00
0.90 1.22 0.95 1.00 0.00
0.90 1.22 1.12 1.00 0.00
0.90 1.22 1.30 1.00 0.00
0.90 1.22 1.47 1.00 0.00
0.90 1.22 1.65 1.00 0.00
0.90 1.22 1.82 1.00 0.00
0.90 1.22 2.00 1.00 0.00
0.90 1.22 2.17 1.00 0.00
1.10 1.22 -0.76 1.00 0.00
1.10 1.22 -0.59 1.00 0.00
1.10 1.22 -0.42 1.00 0.00
1.10 1.22 -0.24 1.00 0.00
1.10 1.22 -0.07 1.00 0.00
1.10 1.22 0.11 1.00 0.00
1.10 1.22 0.28 1.00 0.00
1.10 1.22 0.46 1.00 0.00
1.10 1.22 0.63 1.00 0.00
1.10 1.22 0.81 1.00 0.00
1.10 1.22 0.98 1.00 0.00
1.10 1.22 1.15 1.00 0.00
1.10 1.22 1.33 1.00 0.00
1.10 1.22 1.50 1.00 0.00
1.10 1.22 1.68 1.00 0.00
1.10 1.22 1.85 1.00 0.00
1.10 1.22 2.03 1.00 0.00
1.10 1.22 2.20 1.00 0.00
0.30 1.40 -0.90 1.00 0.00
0.30 1.40 -0.73 1.00 0.00
0.30 1.40 -0.55 1.00 0.00
0.30 1.40 -0.38 1.00 0.00
0.30 1.40 -0.20 1.00 0.00
0.30 1.40 -0.03 1.00 0.00
0.30 1.40 0.15 1.00 0.00
0.30 1.40 0.32 1.00 0.00
0.30 1.40 0.50 1.00 0.00
0.30 1.40 0.67 1.00 0.00
0.30 1.40 0.84 1.00 0.00
0.30 1.40 1.02 1.00 0.00
0.30 1.40 1.19 1.00 0.00
0.30 1.40 1.37 1.00 0.00
0.30 1.40 1.54 1.00 0.00
0.30 1.40 1.72 1.00 0.00
0.30 1.40 1.89 1.00 0.00
0.30 1.40 2.07 1.00 0.00
0.50 1.40 -0.87 1.00 0.00
0.50 1.40 -0.70 1.00 0.00
0.50 1.40 -0.52 1.00 0.00
0.50 1.40 -0.35 1.00 0.00
0.50 1.40 -0.17 1.00 0.00
0.50 1.40 0.00 1.00 0.00
0.50 1.40 0.18 1.00 0.00
0.50 1.40 0.35 1.00 0.00
0.50 1.40 0.53 1.00 0.00
0.50 1.40 0.70 1.00 0.00
0.50 1.40 0.88 1.00 0.00
0.50 1.40 1.05 1.00 0.00
0.50 1.40 1.22 1.00 0.00
0.50 1.40 1.40 1.00 0.00
0.50 1.40 1.57 1.00 0.00
0.50 1.40 1.75 1.00 0.00
0.50 1.40 1.92 1.00 0.00
0.50 1.40 2.10 1.00 0.00
0.70 1.40 -0.84 1.00 0.00
0.70 1.40 -0.66 1.00 0.00
0.70 1.40 -0.49 1.00 0.00
0.70 1.40 -0.32 1.00 0.00
0.70 1.40 -0.14 1.00 0.00
0.70 1.40 0.03 1.00 0.00
0.70 1.40 0.21 1.00 0.00
0.70 1.40 0.38 1.00 0.00
0.70 1.40 0.56 1.00 0.00
0.70 1.40 0.73 1.00 0.00
0.70 1.40 0.91 1.00 0.00
0.70 1.40 1.08 1.00 0.00
0.70 1.40 1.26 1.00 0.00
0.70 1.40 1.43 1.00 0.00
0.70 1.40 1.60 1.00 0.00
0.70 1.40 1.78 1.00 0.00
0.70 1.40 1.95 1.00 0.00
0.70 1.40 2.13 1.00 0.00
0.90 1.40 -0.81 1.00 0.00
0.90 1.40 -0.64 1.00 0.00
0.90 1.40 -0.46 1.00 0.00
0.90 1.40 -0.29 1.00 0.00
0.90 1.40 -0.11 1.00 0.00
0.90 1.40 0.06 1.00 0.00
0.90 1.40 0.24 1.00 0.00
0.90 1.40 0.41 1.00 0.00
0.90 1.40 0.59 1.00 0.00
0.90 1.40 0.76 1.00 0.00
0.90 1.40 0.94 1.00 0.00
0.90 1.40 1.11 1.00 0.00
0.90 1.40 1.28 1.00 0.00
0.90 1.40 1.46 1.00 0.00
0.90 1.40 1.63 1.00 0.00
0.90 1.40 1.81 1.00 0.00
0.90 1.40 1.98 1.00 0.00
0.90 1.40 2.16 1.00 0.00
1.10 1.40 -0.78 1.00 0.00
1.10 1.40 -0.61 1.00 0.00
1.10 1.40 -0.43 1.00 0.00
1.10 1.40 -0.26 1.00 0.00
1.10 1.40 -0.08 1.00 0.00
1.10 1.40 0.09 1.00 0.00
1.10 1.40 0.27 1.00 0.00
1.10 1.40 0.44 1.00 0.00
1.10 1.40 0.61 1.00 0.00
1.10 1.40 0.79 1.00 0.00
1.10 1.40 0.96 1.00 0.00
1.10 1.40 1.14 1.00 0.00
1.10 1.40 1.31 1.00 0.00
1.10 1.40 1.49 1.00 0.00
1.10 1.40 1.66 1.00 0.00
1.10 1.40 1.84 1.00 0.00
1.10 1.40 2.01 1.00 0.00
1.10 1.40 2.19 1.00 0.00
0.30 1.57 -0.91 1.00 0.00
0.30 1.57 -0.73 1.00 0.00
0.30 1.57 -0.56 1.00 0.00
0.30 1.57 -0.38 1.00 0.00
0.30 1.57 -0.21 1.00 0.00
0.30 1.57 -0.03 1.00 0.00
0.30 1.57 0.14 1.00 0.00
0.30 1.57 0.32 1.00 0.00
0.30 1.57 0.49 1.00 0.00
0.30 1.57 0.66 1.00 0.00
0.30 1.57 0.84 1.00 0.00
0.30 1.57 1.01 1.00 0.00
0.30 1.57 1.19 1.00 0.00
0.30 1.57 1.36 1.00 0.00
0.30 1.57 1.54 1.00 0.00
0.30 1.57 1.71 1.00 0.00
0.30 1.57 1.89 1.00 0.00
0.30 1.57 2.06 1.00 0.00
0.50 1.57 -0.88 1.00 0.00
0.50 1.57 -0.70 1.00 0.00
0.50 1.57 -0.53 1.00 0.00
0.50 1.57 -0.35 1.00 0.00
0.50 1.57 -0.18 1.00 0.00
0.50 1.57 -0.01 1.00 0.00
0.50 1.57 0.17 1.00 0.00
0.50 1.57 0.34 1.00 0.00
0.50 1.57 0.52 1.00 0.00
0.50 1.57 0.69 1.00 0.00
0.50 1.57 0.87 1.00 0.00
0.50 1.57 1.04 1.00 0.00
0.50 1.57 1.22 1.00 0.00
0.50 1.57 1.39 1.00 0.00
0.50 1.57 1.56 1.00 0.00
0.50 1.57 1.74 1.00 0.00
0.50 1.57 1.91 1.00 0.00
0.50 1.57 2.09 1.00 0.00
0.70 1.57 -0.85 1.00 0.00
0.70 1.57 -0.68 1.00 0.00
0.70 1.57 -0.50 1.00 0.00
0.70 1.57 -0.33 1.00 0.00
0.70 1.57 -0.15 1.00 0.00
0.70 1.57 0.02 1.00 0.00
0.70 1.57 0.20 1.00 0.00
0.70 1.57 0.37 1.00 0.00
0.70 1.57 0.54 1.00 0.00
0.70 1.57 0.72 1.00 0.00
0.70 1.57 0.89 1.00 0.00
0.70 1.57 1.07 1.00 0.00
0.70 1.57 1.24 1.00 0.00
0.70 1.57 1.42 1.00 0.00
0.70 1.57 1.59 1.00 0.00
0.70 1.57 1.77 1.00 0.00
0.70 1.57 1.94 1.00 0.00
0.70 1.57 2.12 1.00 0.00
0.90 1.57 -0.83 1.00 0.00
0.90 1.57 -0.65 1.00 0.00
0.90 1.57 -0.48 1.00 0.00
0.90 1.57 -0.30 1.00 0.00
0.90 1.57 -0.13 1.00 0.00
0.90 1.57 0.05 1.00 0.00
0.90 1.57 0.22 1.00 0.00
0.90 1.57 0.40 1.00 0.00
0.90 1.57 0.57 1.00 0.00
0.90 1.57 0.74 1.00 0.00
0.90 1.57 0.92 1.00 0.00
0.90 1.57 1.09 1.00 0.00
0.90 1.57 1.27 1.00 0.00
0.90 1.57 1.44 1.00 0.00
0.90 1.57 1.62 1.00 0.00
0.90 1.57 1.79 1.00 0.00
0.90 1.57 1.97 1.00 0.00
0.90 1.57 2.14 1.00 0.00
1.10 1.57 -0.80 1.00 0.00
1.10 1.57 -0.63 1.00 0.00
1.10 1.57 -0.45 1.00 0.00
1.10 1.57 -0.28 1.00 0.00
1.10 1.57 -0.10 1.00 0.00
1.10 1.57 0.07 1.00 0.00
1.10 1.57 0.25 1.00 0.00
1.10 1.57 0.42 1.00 0.00
1.10 1.57 0.59 1.00 0.00
1.10 1.57 0.77 1.00 0.00
1.10 1.57 0.94 1.00 0.00
1.10 1.57 1.12 1.00 0.00
1.10 1.57 1.29 1.00 0.00
1.10 1.57 1.47 1.00 0.00
1.10 1.57 1.64 1.00 0.00
1.10 1.57 1.82 1.00 0.00
1.10 1.57 1.99 1.00 0.00
1.10 1.57 2.16 1.00 0.00
0.30 1.75 -0.91 1.00 0.00
0.30 1.75 -0.74 1.00 0.00
0.30 1.75 -0.56 1.00 0.00
0.30 1.75 -0.39 1.00 0.00
0.30 1.75 -0.21 1.00 0.00
0.30 1.75 -0.04 1.00 0.00
0.30 1.75 0.13 1.00 0.00
0.30 1.75 0.31 1.00 0.00
0.30 1.75 0.48 1.00 0.00
0.30 1.75 0.66 1.00 0.00
0.30 1.75 0.83 1.00 0.00
0.30 1.75 1.01 1.00 0.00
0.30 1.75 1.18 1.00 0.00
0.30 1.75 1.36 1.00 0.00
0.30 1.75 1.53 1.00 0.00
0.30 1.75 1.71 1.00 0.00
0.30 1.75 1.88 1.00 0.00
0.30 1.75 2.05 1.00 0.00
0.50 1.75 -0.89 1.00 0.00
0.50 1.75 -0.71 1.00 0.00
0.50 1.75 -0.54 1.00 0.00
0.50 1.75 -0.37 1.00 0.00
0.50 1.75 -0.19 1.00 0.00
0.50 1.75 -0.02 1.00 0.00
0.50 1.75 0.16 1.00 0.00
0.50 1.75 0.33 1.00 0.00
0.50 1.75 0.51 1.00 0.00
0.50 1.75 0.68 1.00 0.00
0.50 1.75 0.86 1.00 0.00
0.50 1.75 1.03 1.00 0.00
0.50 1.75 1.21 1.00 0.00
0.50 1.75 1.38 1.00 0.00
0.50 1.75 1.55 1.00 0.00
0.50 1.75 1.73 1.00 0.00
0.50 1.75 1.90 1.00 0.00
0.50 1.75 2.08 1.00 0.00
0.70 1.75 -0.87 1.00 0.00
0.70 1.75 -0.69 1.00 0.00
0.70 1.75 -0.52 1.00 0.00
0.70 1.75 -0.34 1.00 0.00
0.70 1.75 -0.17 1.00 0.00
0.70 1.75 0.01 1.00 0.00
0.70 1.75 0.18 1.00 0.00
0.70 1.75 0.35 1.00 0.00
0.70 1.75 0.53 1.00 0.00
0.70 1.75 0.70 1.00 0.00
0.70 1.75 0.88 1.00 0.00
0.70 1.75 1.05 1.00 0.00
0.70 1.75 1.23 1.00 0.00
0.70 1.75 1.40 1.00 0.00
0.70 1.75 1.58 1.00 0.00
0.70 1.75 1.75 1.00 0.00
0.70 1.75 1.93 1.00 0.00
0.70 1.75 2.10 1.00 0.00
0.90 1.75 -0.85 1.00 0.00
0.90 1.75 -0.67 1.00 0.00
0.90 1.75 -0.50 1.00 0.00
0.90 1.75 -0.32 1.00 0.00
0.90 1.75 -0.15 1.00 0.00
0.90 1.75 0.03 1.00 0.00
0.90 1.75 0.20 1.00 0.00
0.90 1.75 0.38 1.00 0.00
0.90 1.75 0.55 1.00 0.00
0.90 1.75 0.73 1.00 0.00
0.90 1.75 0.90 1.00 0.00
0.90 1.75 1.07 1.00 0.00
0.90 1.75 1.25 1.00 0.00
0.90 1.75 1.42 1.00 0.00
0.90 1.75 1.60 1.00 0.00
0.90 1.75 1.77 1.00 0.00
0.90 1.75 1.95 1.00 0.00
0.90 1.75 2.12 1.00 0.00
1.10 1.75 -0.83 1.00 0.00
1.10 1.75 -0.65 1.00 0.00
1.10 1.75 -0.48 1.00 0.00
1.10 1.75 -0.30 1.00 0.00
1.10 1.75 -0.13 1.00 0.00
1.10 1.75 0.05 1.00 0.00
1.10 1.75 0.22 1.00 0.00
1.10 1.75 0.40 1.00 0.00
1.10 1.75 0.57 1.00 0.00
1.10 1.75 0.75 1.00 0.00
1.10 1.75 0.92 1.00 0.00
1.10 1.75 1.09 1.00 0.00
1.10 1.75 1.27 1.00 0.00
1.10 1.75 1.44 1.00 0.00
1.10 1.75 1.62 1.00 0.00
1.10 1.75 1.79 1.00 0.00
1.10 1.75 1.97 1.00 0.00
1.10 1.75 2.14 1.00 0.00
0.30 1.92 -0.92 1.00 0.00
0.30 1.92 -0.75 1.00 0.00
0.30 1.92 -0.57 1.00 0.00
0.30 1.92 -0.40 1.00 0.00
0.30 1.92 -0.22 1.00 0.00
0.30 1.92 -0.05 1.00 0.00
0.30 1.92 0.13 1.00 0.00
0.30 1.92 0.30 1.00 0.00
0.30 1.92 0.48 1.00 0.00
0.30 1.92 0.65 1.00 0.00
0.30 1.92 0.83 1.00 0.00
0.30 1.92 1.00 1.00 0.00
0.30 1.92 1.17 1.00 0.00
0.30 1.92 1.35 1.00 0.00
0.30 1.92 1.52 1.00 0.00
0.30 1.92 1.70 1.00 0.00
0.30 1.92 1.87 1.00 0.00
0.30 1.92 2.05 1.00 0.00
0.50 1.92 -0.90 1.00 0.00
0.50 1.92 -0.73 1.00 0.00
0.50 1.92 -0.55 1.00 0.00
0.50 1.92 -0.38 1.00 0.00
0.50 1.92 -0.20 1.00 0.00
0.50 1.92 -0.03 1.00 0.00
0.50 1.92 0.15 1.00 0.00
0.50 1.92 0.32 1.00 0.00
0.50 1.92 0.49 1.00 0.00
0.50 1.92 0.67 1.00 0.00
0.50 1.92 0.84 1.00 0.00
0.50 1.92 1.02 1.00 0.00
0.50 1.92 1.19 1.00 0.00
0.50 1.92 1.37 1.00 0.00
0.50 1.92 1.54 1.00 0.00
0.50 1.92 1.72 1.00 0.00
0.50 1.92 1.89 1.00 0.00
0.50 1.92 2.07 1.00 0.00
0.70 1.92 -0.88 1.00 0.00
0.70 1.92 -0.71 1.00 0.00
0.70 1.92 -0.53 1.00 0.00
0.70 1.92 -0.36 1.00 0.00
0.70 1.92 -0.19 1.00 0.00
0.70 1.92 -0.01 1.00 0.00
0.70 1.92 0.16 1.00 0.00
0.70 1.92 0.34 1.00 0.00
0.70 1.92 0.51 1.00 0.00
0.70 1.92 0.69 1.00 0.00
0.70 1.92 0.86 1.00 0.00
0.70 1.92 1.04 1.00 0.00
0.70 1.92 1.21 1.00 0.00
0.70 1.92 1.39 1.00 0.00
0.70 1.92 1.56 1.00 0.00
0.70 1.92 1.73 1.00 0.00
0.70 1.92 1.91 1.00 0.00
0.70 1.92 2.08 1.00 0.00
0.90 1.92 -0.87 1.00 0.00
0.90 1.92 -0.69 1.00 0.00
0.90 1.92 -0.52 1.00 0.00
0.90 1.92 -0.34 1.00 0.00
0.90 1.92 -0.17 1.00 0.00
0.90 1.92 0.01 1.00 0.00
0.90 1.92 0.18 1.00 0.00
0.90 1.92 0.35 1.00 0.00
0.90 1.92 0.53 1.00 0.00
0.90 1.92 0.70 1.00 0.00
0.90 1.92 0.88 1.00 0.00
0.90 1.92 1.05 1.00 0.00
0.90 1.92 1.23 1.00 0.00
0.90 1.92 1.40 1.00 0.00
0.90 1.92 1.58 1.00 0.00
0.90 1.92 1.75 1.00 0.00
0.90 1.92 1.93 1.00 0.00
0.90 1.92 2.10 1.00 0.00
1.10 1.92 -0.85 1.00 0.00
1.10 1.92 -0.68 1.00 0.00
1.10 1.92 -0.50 1.00 0.00
1.10 1.92 -0.33 1.00 0.00
1.10 1.92 -0.15 1.00 0.00
1.10 1.92 0.02 1.00 0.00
1.10 1.92 0.20 1.00 0.00
1.10 1.92 0.37 1.00 0.00
1.10 1.92 0.54 1.00 0.00
1.10 1.92 0.72 1.00 0.00
1.10 1.92 0.89 1.00 0.00
1.10 1.92 1.07 1.00 0.00
1.10 1.92 1.24 1.00 0.00
1.10 1.92 1.42 1.00 0.00
1.10 1.92 1.59 1.00 0.00
1.10 1.92 1.77 1.00 0.00
1.10 1.92 1.94 1.00 0.00
1.10 1.92 2.12 1.00 0.00
0.30 2.09 -0.93 1.00 0.00
0.30 2.09 -0.75 1.00 0.00
0.30 2.09 -0.58 1.00 0.00
0.30 2.09 -0.40 1.00 0.00
0.30 2.09 -0.23 1.00 0.00
0.30 2.09 -0.06 1.00 0.00
0.30 2.09 0.12 1.00 0.00
0.30 2.09 0.29 1.00 0.00
0.30 2.09 0.47 1.00 0.00
0.30 2.09 0.64 1.00 0.00
0.30 2.09 0.82 1.00 0.00
0.30 2.09 0.99 1.00 0.00
0.30 2.09 1.17 1.00 0.00
0.30 2.09 1.34 1.00 0.00
0.30 2.09 1.51 1.00 0.00
0.30 2.09 1.69 1.00 0.00
0.30 2.09 1.86 1.00 0.00
0.30 2.09 2.04 1.00 0.00
0.50 2.09 -0.91 1.00 0.00
0.50 2.09 -0.74 1.00 0.00
0.50 2.09 -0.57 1.00 0.00
0.50 2.09 -0.39 1.00 0.00
0.50 2.09 -0.22 1.00 0.00
0.50 2.09 -0.04 1.00 0.00
0.50 2.09 0.13 1.00 0.00
0.50 2.09 0.31 1.00 0.00
0.50 2.09 0.48 1.00 0.00
0.50 2.09 0.66 1.00 0.00
0.50 2.09 0.83 1.00 0.00
0.50 2.09 1.00 1.00 0.00
0.50 2.09 1.18 1.00 0.00
0.50 2.09 1.35 1.00 0.00
0.50 2.09 1.53 1.00 0.00
0.50 2.09 1.70 1.00 0.00
0.50 2.09 1.88 1.00 0.00
0.50 2.09 2.05 1.00 0.00
0.70 2.09 -0.90 1.00 0.00
0.70 2.09 -0.73 1.00 0.00
0.70 2.09 -0.55 1.00 0.00
0.70 2.09 -0.38 1.00 0.00
0.70 2.09 -0.20 1.00 0.00
0.70 2.09 -0.03 1.00 0.00
0.70 2.09 0.14 1.00 0.00
0.70 2.09 0.32 1.00 0.00
0.70 2.09 0.49 1.00 0.00
0.70 2.09 0.67 1.00 0.00
0.70 2.09 0.84 1.00 0.00
0.70 2.09 1.02 1.00 0.00
0.70 2.09 1.19 1.00 0.00
0.70 2.09 1.37 1.00 0.00
0.70 2.09 1.54 1.00 0.00
0.70 2.09 1.72 1.00 0.00
0.70 2.09 1.89 1.00 0.00
0.70 2.09 2.06 1.00 0.00
0.90 2.09 -0.89 1.00 0.00
0.90 2.09 -0.72 1.00 0.00
0.90 2.09 -0.54 1.00 0.00
0.90 2.09 -0.37 1.00 0.00
0.90 2.09 -0.19 1.00 0.00
0.90 2.09 -0.02 1.00 0.00
0.90 2.09 0.16 1.00 0.00
0.90 2.09 0.33 1.00 0.00
0.90 2.09 0.51 1.00 0.00
0.90 2.09 0.68 1.00 0.00
0.90 2.09 0.86 1.00 0.00
0.90 2.09 1.03 1.00 0.00
0.90 2.09 1.20 1.00 0.00
0.90 2.09 1.38 1.00 0.00
0.90 2.09 1.55 1.00 0.00
0.90 2.09 1.73 1.00 0.00
0.90 2.09 1.90 1.00 0.00
0.90 2.09 2.08 1.00 0.00
1.10 2.09 -0.88 1.00 0.00
1.10 2.09 -0.70 1.00 0.00
1.10 2.09 -0.53 1.00 0.00
1.10 2.09 -0.36 1.00 0.00
1.10 2.09 -0.18 1.00 0.00
1.10 2.09 -0.01 1.00 0.00
1.10 2.09 0.17 1.00 0.00
1.10 2.09 0.34 1.00 0.00
1.10 2.09 0.52 1.00 0.00
1.10 2.09 0.69 1.00 0.00
1.10 2.09 0.87 1.00 0.00
1.10 2.09 1.04 1.00 0.00
1.10 2.09 1.22 1.00 0.00
1.10 2.09 1.39 1.00 0.00
1.10 2.09 1.56 1.00 0.00
1.10 2.09 1.74 1.00 0.00
1.10 2.09 1.91 1.00 0.00
1.10 2.09 2.09 1.00 0.00
0.30 2.27 -0.94 1.00 0.00
0.30 2.27 -0.76 1.00 0.00
0.30 2.27 -0.59 1.00 0.00
0.30 2.27 -0.41 1.00 0.00
0.30 2.27 -0.24 1.00 0.00
0.30 2.27 -0.06 1.00 0.00
0.30 2.27 0.11 1.00 0.00
0.30 2.27 0.28 1.00 0.00
0.30 2.27 0.46 1.00 0.00
0.30 2.27 0.63 1.00 0.00
0.30 2.27 0.81 1.00 0.00
0.30 2.27 0.98 1.00 0.00
0.30 2.27 1.16 1.00 0.00
0.30 2.27 1.33 1.00 0.00
0.30 2.27 1.51 1.00 0.00
0.30 2.27 1.68 1.00 0.00
0.30 2.27 1.86 1.00 0.00
0.30 2.27 2.03 1.00 0.00
0.50 2.27 -0.93 1.00 0.00
0.50 2.27 -0.75 1.00 0.00
0.50 2.27 -0.58 1.00 0.00
0.50 2.27 -0.41 1.00 0.00
0.50 2.27 -0.23 1.00 0.00
0.50 2.27 -0.06 1.00 0.00
0.50 2.27 0.12 1.00 0.00
0.50 2.27 0.29 1.00 0.00
0.50 2.27 0.47 1.00 0.00
0.50 2.27 0.64 1.00 0.00
0.50 2.27 0.82 1.00 0.00
0.50 2.27 0.99 1.00 0.00
0.50 2.27 1.17 1.00 0.00
0.50 2.27 1.34 1.00 0.00
0.50 2.27 1.51 1.00 0.00
0.50 2.27 1.69 1.00 0.00
0.50 2.27 1.86 1.00 0.00
0.50 2.27 2.04 1.00 0.00
0.70 2.27 -0.92 1.00 0.00
0.70 2.27 -0.75 1.00 0.00
0.70 2.27 -0.57 1.00 0.00
0.70 2.27 -0.40 1.00 0.00
0.70 2.27 -0.22 1.00 0.00
0.70 2.27 -0.05 1.00 0.00
0.70 2.27 0.13 1.00 0.00
0.70 2.27 0.30 1.00 0.00
0.70 2.27 0.47 1.00 0.00
0.70 2.27 0.65 1.00 0.00
0.70 2.27 0.82 1.00 0.00
0.70 2.27 1.00 1.00 0.00
0.70 2.27 1.17 1.00 0.00
0.70 2.27 1.35 1.00 0.00
0.70 2.27 1.52 1.00 0.00
0.70 2.27 1.70 1.00 0.00
0.70 2.27 1.87 1.00 0.00
0.70 2.27 2.05 1.00 0.00
0.90 2.27 -0.91 1.00 0.00
0.90 2.27 -0.74 1.00 0.00
0.90 2.27 -0.57 1.00 0.00
0.90 2.27 -0.39 1.00 0.00
0.90 2.27 -0.22 1.00 0.00
0.90 2.27 -0.04 1.00 0.00
0.90 2.27 0.13 1.00 0.00
0.90 2.27 0.31 1.00 0.00
0.90 2.27 0.48 1.00 0.00
0.90 2.27 0.66 1.00 0.00
0.90 2.27 0.83 1.00 0.00
0.90 2.27 1.01 1.00 0.00
0.90 2.27 1.18 1.00 0.00
0.90 2.27 1.35 1.00 0.00
0.90 2.27 1.53 1.00 0.00
0.90 2.27 1.70 1.00 0.00
0.90 2.27 1.88 1.00 0.00
0.90 2.27 2.05 1.00 0.00
1.10 2.27 -0.91 1.00 0.00
1.10 2.27 -0.73 1.00 0.00
1.10 2.27 -0.56 1.00 0.00
1.10 2.27 -0.38 1.00 0.00
1.10 2.27 -0.21 1.00 0.00
1.10 2.27 -0.04 1.00 0.00
1.10 2.27 0.14 1.00 0.00
1.10 2.27 0.31 1.00 0.00
1.10 2.27 0.49 1.00 0.00
1.10 2.27 0.66 1.00 0.00
1.10 2.27 0.84 1.00 0.00
1.10 2.27 1.01 1.00 0.00
1.10 2.27 1.19 1.00 0.00
1.10 2.27 1.36 1.00 0.00
1.10 2.27 1.54 1.00 0.00
1.10 2.27 1.71 1.00 0.00
1.10 2.27 1.88 1.00 0.00
1.10 2.27 2.06 1.00 0.00
0.30 2.44 -0.95 1.00 0.00
0.30 2.44 -0.77 1.00 0.00
0.30 2.44 -0.60 1.00 0.00
0.30 2.44 -0.42 1.00 0.00
0.30 2.44 -0.25 1.00 0.00
0.30 2.44 -0.07 1.00 0.00
0.30 2.44 0.10 1.00 0.00
0.30 2.44 0.28 1.00 0.00
0.30 2.44 0.45 1.00 0.00
0.30 2.44 0.62 1.00 0.00
0.30 2.44 0.80 1.00 0.00
0.30 2.44 0.97 1.00 0.00
0.30 2.44 1.15 1.00 0.00
0.30 2.44 1.32 1.00 0.00
0.30 2.44 1.50 1.00 0.00
0.30 2.44 1.67 1.00 0.00
0.30 2.44 1.85 1.00 0.00
0.30 2.44 2.02 1.00 0.00
0.50 2.44 -0.94 1.00 0.00
0.50 2.44 -0.77 1.00 0.00
0.50 2.44 -0.59 1.00 0.00
0.50 2.44 -0.42 1.00 0.00
0.50 2.44 -0.25 1.00 0.00
0.50 2.44 -0.07 1.00 0.00
0.50 2.44 0.10 1.00 0.00
0.50 2.44 0.28 1.00 0.00
0.50 2.44 0.45 1.00 0.00
0.50 2.44 0.63 1.00 0.00
0.50 2.44 0.80 1.00 0.00
0.50 2.44 0.98 1.00 0.00
0.50 2.44 1.15 1.00 0.00
0.50 2.44 1.32 1.00 0.00
0.50 2.44 1.50 1.00 0.00
0.50 2.44 1.67 1.00 0.00
0.50 2.44 1.85 1.00 0.00
0.50 2.44 2.02 1.00 0.00
0.70 2.44 -0.94 1.00 0.00
0.70 2.44 -0.77 1.00 0.00
0.70 2.44 -0.59 1.00 0.00
0.70 2.44 -0.42 1.00 0.00
0.70 2.44 -0.24 1.00 0.00
0.70 2.44 -0.07 1.00 0.00
0.70 2.44 0.11 1.00 0.00
0.70 2.44 0.28 1.00 0.00
0.70 2.44 0.45 1.00 0.00
0.70 2.44 0.63 1.00 0.00
0.70 2.44 0.80 1.00 0.00
0.70 2.44 0.98 1.00 0.00
0.70 2.44 1.15 1.00 0.00
0.70 2.44 1.33 1.00 0.00
0.70 2.44 1.50 1.00 0.00
0.70 2.44 1.68 1.00 0.00
0.70 2.44 1.85 1.00 0.00
0.70 2.44 2.03 1.00 0.00
0.90 2.44 -0.94 1.00 0.00
0.90 2.44 -0.76 1.00 0.00
0.90 2.44 -0.59 1.00 0.00
0.90 2.44 -0.42 1.00 0.00
0.90 2.44 -0.24 1.00 0.00
0.90 2.44 -0.07 1.00 0.00
0.90 2.44 0.11 1.00 0.00
0.90 2.44 0.28 1.00 0.00
0.90 2.44 0.46 1.00 0.00
0.90 2.44 0.63 1.00 0.00
0.90 2.44 0.81 1.00 0.00
0.90 2.44 0.98 1.00 0.00
0.90 2.44 1.15 1.00 0.00
0.90 2.44 1.33 1.00 0.00
0.90 2.44 1.50 1.00 0.00
0.90 2.44 1.68 1.00 0.00
0.90 2.44 1.85 1.00 0.00
0.90 2.44 2.03 1.00 0.00
1.10 2.44 -0.94 1.00 0.00
1.10 2.44 -0.76 1.00 0.00
1.10 2.44 -0.59 1.00 0.00
1.10 2.44 -0.41 1.00 0.00
1.10 2.44 -0.24 1.00 0.00
1.10 2.44 -0.06 1.00 0.00
1.10 2.44 0.11 1.00 0.00
1.10 2.44 0.28 1.00 0.00
1.10 2.44 0.46 1.00 0.00
1.10 2.44 0.63 1.00 0.00
1.10 2.44 0.81 1.00 0.00
1.10 2.44 0.98 1.00 0.00
1.10 2.44 1.16 1.00 0.00
1.10 2.44 1.33 1.00 0.00
1.10 2.44 1.51 1.00 0.00
1.10 2.44 1.68 1.00 0.00
1.10 2.44 1.86 1.00 0.00
1.10 2.44 2.03 1.00 0.00
0.30 2.62 -0.96 1.00 0.00
0.30 2.62 -0.78 1.00 0.00
0.30 2.62 -0.61 1.00 0.00
0.30 2.62 -0.43 1.00 0.00
0.30 2.62 -0.26 1.00 0.00
0.30 2.62 -0.08 1.00 0.00
0.30 2.62 0.09 1.00 0.00
0.30 2.62 0.27 1.00 0.00
0.30 2.62 0.44 1.00 0.00
0.30 2.62 0.62 1.00 0.00
0.30 2.62 0.79 1.00 0.00
0.30 2.62 0.96 1.00 0.00
0.30 2.62 1.14 1.00 0.00
0.30 2.62 1.31 1.00 0.00
0.30 2.62 1.49 1.00 0.00
0.30 2.62 1.66 1.00 0.00
0.30 2.62 1.84 1.00 0.00
0.30 2.62 2.01 1.00 0.00
0.50 2.62 -0.96 1.00 0.00
0.50 2.62 -0.78 1.00 0.00
0.50 2.62 -0.61 1.00 0.00
0.50 2.62 -0.44 1.00 0.00
0.50 2.62 -0.26 1.00 0.00
0.50 2.62 -0.09 1.00 0.00
0.50 2.62 0.09 1.00 0.00
0.50 2.62 0.26 1.00 0.00
0.50 2.62 0.44 1.00 0.00
0.50 2.62 0.61 1.00 0.00
0.50 2.62 0.79 1.00 0.00
0.50 2.62 0.96 1.00 0.00
0.50 2.62 1.14 1.00 0.00
0.50 2.62 1.31 1.00 0.00
0.50 2.62 1.48 1.00 0.00
0.50 2.62 1.66 1.00 0.00
0.50 2.62 1.83 1.00 0.00
0.50 2.62 2.01 1.00 0.00
0.70 2.62 -0.96 1.00 0.00
0.70 2.62 -0.79 1.00 0.00
0.70 2.62 -0.61 1.00 0.00
0.70 2.62 -0.44 1.00 0.00
0.70 2.62 -0.26 1.00 0.00
0.70 2.62 -0.09 1.00 0.00
0.70 2.62 0.09 1.00 0.00
0.70 2.62 0.26 1.00 0.00
0.70 2.62 0.43 1.00 0.00
0.70 2.62 0.61 1.00 0.00
0.70 2.62 0.78 1.00 0.00
0.70 2.62 0.96 1.00 0.00
0.70 2.62 1.13 1.00 0.00
0.70 2.62 1.31 1.00 0.00
0.70 2.62 1.48 1.00 0.00
0.70 2.62 1.66 1.00 0.00
0.70 2.62 1.83 1.00 0.00
0.70 2.62 2.01 1.00 0.00
0.90 2.62 -0.96 1.00 0.00
0.90 2.62 -0.79 1.00 0.00
0.90 2.62 -0.62 1.00 0.00
0.90 2.62 -0.44 1.00 0.00
0.90 2.62 -0.27 1.00 0.00
0.90 2.62 -0.09 1.00 0.00
0.90 2.62 0.08 1.00 0.00
0.90 2.62 0.26 1.00 0.00
0.90 2.62 0.43 1.00 0.00
0.90 2.62 0.61 1.00 0.00
0.90 2.62 0.78 1.00 0.00
0.90 2.62 0.96 1.00 0.00
0.90 2.62 1.13 1.00 0.00
0.90 2.62 1.30 1.00 0.00
0.90 2.62 1.48 1.00 0.00
0.90 2.62 1.65 1.00 0.00
0.90 2.62 1.83 1.00 0.00
0.90 2.62 2.00 1.00 0.00
1.10 2.62 -0.97 1.00 0.00
1.10 2.62 -0.79 1.00 0.00
1.10 2.62 -0.62 1.00 0.00
1.10 2.62 -0.44 1.00 0.00
1.10 2.62 -0.27 1.00 0.00
1.10 2.62 -0.09 1.00 0.00
1.10 2.62 0.08 1.00 0.00
1.10 2.62 0.25 1.00 0.00
1.10 2.62 0.43 1.00 0.00
1.10 2.62 0.60 1.00 0.00
1.10 2.62 0.78 1.00 0.00
1.10 2.62 0.95 1.00 0.00
1.10 2.62 1.13 1.00 0.00
1.10 2.62 1.30 1.00 0.00
1.10 2.62 1.48 1.00 0.00
1.10 2.62 1.65 1.00 0.00
1.10 2.62 1.83 1.00 0.00
1.10 2.62 2.00 1.00 0.00
0.30 2.79 -0.96 1.00 0.00
0.30 2.79 -0.79 1.00 0.00
0.30 2.79 -0.62 1.00 0.00
0.30 2.79 -0.44 1.00 0.00
0.30 2.79 -0.27 1.00 0.00
0.30 2.79 -0.09 1.00 0.00
0.30 2.79 0.08 1.00 0.00
0.30 2.79 0.26 1.00 0.00
0.30 2.79 0.43 1.00 0.00
0.30 2.79 0.61 1.00 0.00
0.30 2.79 0.78 1.00 0.00
0.30 2.79 0.95 1.00 0.00
0.30 2.79 1.13 1.00 0.00
0.30 2.79 1.30 1.00 0.00
0.30 2.79 1.48 1.00 0.00
0.30 2.79 1.65 1.00 0.00
0.30 2.79 1.83 1.00 0.00
0.30 2.79 2.00 1.00 0.00
0.50 2.79 -0.97 1.00 0.00
0.50 2.79 -0.80 1.00 0.00
0.50 2.79 -0.62 1.00 0.00
0.50 2.79 -0.45 1.00 0.00
0.50 2.79 -0.28 1.00 0.00
0.50 2.79 -0.10 1.00 0.00
0.50 2.79 0.07 1.00 0.00
0.50 2.79 0.25 1.00 0.00
0.50 2.79 0.42 1.00 0.00
0.50 2.79 0.60 1.00 0.00
0.50 2.79 0.77 1.00 0.00
0.50 2.79 0.95 1.00 0.00
0.50 2.79 1.12 1.00 0.00
0.50 2.79 1.30 1.00 0.00
0.50 2.79 1.47 1.00 0.00
0.50 2.79 1.64 1.00 0.00
0.50 2.79 1.82 1.00 0.00
0.50 2.79 1.99 1.00 0.00
0.70 2.79 -0.98 1.00 0.00
0.70 2.79 -0.81 1.00 0.00
0.70 2.79 -0.63 1.00 0.00
0.70 2.79 -0.46 1.00 0.00
0.70 2.79 -0.28 1.00 0.00
0.70 2.79 -0.11 1.00 0.00
0.70 2.79 0.07 1.00 0.00
0.70 2.79 0.24 1.00 0.00
0.70 2.79 0.41 1.00 0.00
0.70 2.79 0.59 1.00 0.00
0.70 2.79 0.76 1.00 0.00
0.70 2.79 0.94 1.00 0.00
0.70 2.79 1.11 1.00 0.00
0.70 2.79 1.29 1.00 0.00
0.70 2.79 1.46 1.00 0.00
0.70 2.79 1.64 1.00 0.00
0.70 2.79 1.81 1.00 0.00
0.70 2.79 1.99 1.00 0.00
0.90 2.79 -0.99 1.00 0.00
0.90 2.79 -0.81 1.00 0.00
0.90 2.79 -0.64 1.00 0.00
0.90 2.79 -0.47 1.00 0.00
0.90 2.79 -0.29 1.00 0.00
0.90 2.79 -0.12 1.00 0.00
0.90 2.79 0.06 1.00 0.00
0.90 2.79 0.23 1.00 0.00
0.90 2.79 0.41 1.00 0.00
0.90 2.79 0.58 1.00 0.00
0.90 2.79 0.76 1.00 0.00
0.90 2.79 0.93 1.00 0.00
0.90 2.79 1.11 1.00 0.00
0.90 2.79 1.28 1.00 0.00
0.90 2.79 1.45 1.00 0.00
0.90 2.79 1.63 1.00 0.00
0.90 2.79 1.80 1.00 0.00
0.90 2.79 1.98 1.00 0.00
1.10 2.79 -1.00 1.00 0.00
1.10 2.79 -0.82 1.00 0.00
1.10 2.79 -0.65 1.00 0.00
1.10 2.79 -0.47 1.00 0.00
1.10 2.79 -0.30 1.00 0.00
1.10 2.79 -0.12 1.00 0.00
1.10 2.79 0.05 1.00 0.00
1.10 2.79 0.23 1.00 0.00
1.10 2.79 0.40 1.00 0.00
1.10 2.79 0.57 1.00 0.00
1.10 2.79 0.75 1.00 0.00
1.10 2.79 0.92 1.00 0.00
1.10 2.79 1.10 1.00 0.00
1.10 2.79 1.27 1.00 0.00
1.10 2.79 1.45 1.00 0.00
1.10 2.79 1.62 1.00 0.00
1.10 2.79 1.80 1.00 0.00
1.10 2.79 1.97 1.00 0.00
0.30 2.97 -0.97 1.00 0.00
0.30 2.97 -0.80 1.00 0.00
0.30 2.97 -0.62 1.00 0.00
0.30 2.97 -0.45 1.00 0.00
0.30 2.97 -0.28 1.00 0.00
0.30 2.97 -0.10 1.00 0.00
0.30 2.97 0.07 1.00 0.00
0.30 2.97 0.25 1.00 0.00
0.30 2.97 0.42 1.00 0.00
0.30 2.97 0.60 1.00 0.00
0.30 2.97 0.77 1.00 0.00
0.30 2.97 0.95 1.00 0.00
0.30 2.97 1.12 1.00 0.00
0.30 2.97 1.30 1.00 0.00
0.30 2.97 1.47 1.00 0.00
0.30 2.97 1.64 1.00 0.00
0.30 2.97 1.82 1.00 0.00
0.30 2.97 1.99 1.00 0.00
0.50 2.97 -0.99 1.00 0.00
0.50 2.97 -0.81 1.00 0.00
0.50 2.97 -0.64 1.00 0.00
0.50 2.97 -0.46 1.00 0.00
0.50 2.97 -0.29 1.00 0.00
0.50 2.97 -0.12 1.00 0.00
0.50 2.97 0.06 1.00 0.00
0.50 2.97 0.23 1.00 0.00
0.50 2.97 0.41 1.00 0.00
0.50 2.97 0.58 1.00 0.00
0.50 2.97 0.76 1.00 0.00
0.50 2.97 0.93 1.00 0.00
0.50 2.97 1.11 1.00 0.00
0.50 2.97 1.28 1.00 0.00
0.50 2.97 1.46 1.00 0.00
0.50 2.97 1.63 1.00 0.00
0.50 2.97 1.80 1.00 0.00
0.50 2.97 1.98 1.00 0.00
0.70 2.97 -1.00 1.00 0.00
0.70 2.97 -0.83 1.00 0.00
0.70 2.97 -0.65 1.00 0.00
0.70 2.97 -0.48 1.00 0.00
0.70 2.97 -0.30 1.00 0.00
0.70 2.97 -0.13 1.00 0.00
0.70 2.97 0.05 1.00 0.00
0.70 2.97 0.22 1.00 0.00
0.70 2.97 0.40 1.00 0.00
0.70 2.97 0.57 1.00 0.00
0.70 2.97 0.74 1.00 0.00
0.70 2.97 0.92 1.00 0.00
0.70 2.97 1.09 1.00 0.00
0.70 2.97 1.27 1.00 0.00
0.70 2.97 1.44 1.00 0.00
0.70 2.97 1.62 1.00 0.00
0.70 2.97 1.79 1.00 0.00
0.70 2.97 1.97 1.00 0.00
0.90 2.97 -1.01 1.00 0.00
0.90 2.97 -0.84 1.00 0.00
0.90 2.97 -0.66 1.00 0.00
0.90 2.97 -0.49 1.00 0.00
0.90 2.97 -0.32 1.00 0.00
0.90 2.97 -0.14 1.00 0.00
0.90 2.97 0.03 1.00 0.00
0.90 2.97 0.21 1.00 0.00
0.90 2.97 0.38 1.00 0.00
0.90 2.97 0.56 1.00 0.00
0.90 2.97 0.73 1.00 0.00
0.90 2.97 0.91 1.00 0.00
0.90 2.97 1.08 1.00 0.00
0.90 2.97 1.26 1.00 0.00
0.90 2.97 1.43 1.00 0.00
0.90 2.97 1.60 1.00 0.00
0.90 2.97 1.78 1.00 0.00
0.90 2.97 1.95 1.00 0.00
1.10 2.97 -1.03 1.00 0.00
1.10 2.97 -0.85 1.00 0.00
1.10 2.97 -0.68 1.00 0.00
1.10 2.97 -0.50 1.00 0.00
1.10 2.97 -0.33 1.00 0.00
1.10 2.97 -0.15 1.00 0.00
1.10 2.97 0.02 1.00 0.00
1.10 2.97 0.20 1.00 0.00
1.10 2.97 0.37 1.00 0.00
1.10 2.97 0.55 1.00 0.00
1.10 2.97 0.72 1.00 0.00
1.10 2.97 0.89 1.00 0.00
1.10 2.97 1.07 1.00 0.00
1.10 2.97 1.24 1.00 0.00
1.10 2.97 1.42 1.00 0.00
1.10 2.97 1.59 1.00 0.00
1.10 2.97 1.77 1.00 0.00
1.10 2.97 1.94 1.00 0.00
0.30 3.14 -0.98 1.00 0.00
0.30 3.14 -0.81 1.00 0.00
0.30 3.14 -0.63 1.00 0.00
0.30 3.14 -0.46 1.00 0.00
0.30 3.14 -0.28 1.00 0.00
0.30 3.14 -0.11 1.00 0.00
0.30 3.14 0.07 1.00 0.00
0.30 3.14 0.24 1.00 0.00
0.30 3.14 0.41 1.00 0.00
0.30 3.14 0.59 1.00 0.00
0.30 3.14 0.76 1.00 0.00
0.30 3.14 0.94 1.00 0.00
0.30 3.14 1.11 1.00 0.00
0.30 3.14 1.29 1.00 0.00
0.30 3.14 1.46 1.00 0.00
0.30 3.14 1.64 1.00 0.00
0.30 3.14 1.81 1.00 0.00
0.30 3.14 1.99 1.00 0.00
0.50 3.14 -1.00 1.00 0.00
0.50 3.14 -0.83 1.00 0.00
0.50 3.14 -0.65 1.00 0.00
0.50 3.14 -0.48 1.00 0.00
0.50 3.14 -0.30 1.00 0.00
0.50 3.14 -0.13 1.00 0.00
0.50 3.14 0.05 1.00 0.00
0.50 3.14 0.22 1.00 0.00
0.50 3.14 0.40 1.00 0.00
0.50 3.14 0.57 1.00 0.00
0.50 3.14 0.74 1.00 0.00
0.50 3.14 0.92 1.00 0.00
0.50 3.14 1.09 1.00 0.00
0.50 3.14 1.27 1.00 0.00
0.50 3.14 1.44 1.00 0.00
0.50 3.14 1.62 1.00 0.00
0.50 3.14 1.79 1.00 0.00
0.50 3.14 1.97 1.00 0.00
0.70 3.14 -1.02 1.00 0.00
0.70 3.14 -0.84 1.00 0.00
0.70 3.14 -0.67 1.00 0.00
0.70 3.14 -0.50 1.00 0.00
0.70 3.14 -0.32 1.00 0.00
0.70 3.14 -0.15 1.00 0.00
0.70 3.14 0.03 1.00 0.00
0.70 3.14 0.20 1.00 0.00
0.70 3.14 0.38 1.00 0.00
0.70 3.14 0.55 1.00 0.00
0.70 3.14 0.73 1.00 0.00
0.70 3.14 0.90 1.00 0.00
0.70 3.14 1.08 1.00 0.00
0.70 3.14 1.25 1.00 0.00
0.70 3.14 1.42 1.00 0.00
0.70 3.14 1.60 1.00 0.00
0.70 3.14 1.77 1.00 0.00
0.70 3.14 1.95 1.00 0.00
0.90 3.14 -1.04 1.00 0.00
0.90 3.14 -0.86 1.00 0.00
0.90 3.14 -0.69 1.00 0.00
0.90 3.14 -0.51 1.00 0.00
0.90 3.14 -0.34 1.00 0.00
0.90 3.14 -0.16 1.00 0.00
0.90 3.14 0.01 1.00 0.00
0.90 3.14 0.19 1.00 0.00
0.90 3.14 0.36 1.00 0.00
0.90 3.14 0.53 1.00 0.00
0.90 3.14 0.71 1.00 0.00
0.90 3.14 0.88 1.00 0.00
0.90 3.14 1.06 1.00 0.00
0.90 3.14 1.23 1.00 0.00
0.90 3.14 1.41 1.00 0.00
0.90 3.14 1.58 1.00 0.00
0.90 3.14 1.76 1.00 0.00
0.90 3.14 1.93 1.00 0.00
1.10 3.14 -1.05 1.00 0.00
1.10 3.14 -0.88 1.00 0.00
1.10 3.14 -0.70 1.00 0.00
1.10 3.14 -0.53 1.00 0.00
1.10 3.14 -0.35 1.00 0.00
1.10 3.14 -0.18 1.00 0.00
1.10 3.14 -0.01 1.00 0.00
1.10 3.14 0.17 1.00 0.00
1.10 3.14 0.34 1.00 0.00
1.10 3.14 0.52 1.00 0.00
1.10 3.14 0.69 1.00 0.00
1.10 3.14 0.87 1.00 0.00
1.10 3.14 1.04 1.00 0.00
1.10 3.14 1.22 1.00 0.00
1.10 3.14 1.39 1.00 0.00
1.10 3.14 1.57 1.00 0.00
1.10 3.14 1.74 1.00 0.00
1.10 3.14 1.91 1.00 0.00
0.30 3.32 -0.99 1.00 0.00
0.30 3.32 -0.81 1.00 0.00
0.30 3.32 -0.64 1.00 0.00
0.30 3.32 -0.47 1.00 0.00
0.30 3.32 -0.29 1.00 0.00
0.30 3.32 -0.12 1.00 0.00
0.30 3.32 0.06 1.00 0.00
0.30 3.32 0.23 1.00 0.00
0.30 3.32 0.41 1.00 0.00
0.30 3.32 0.58 1.00 0.00
0.30 3.32 0.76 1.00 0.00
0.30 3.32 0.93 1.00 0.00
0.30 3.32 1.11 1.00 0.00
0.30 3.32 1.28 1.00 0.00
0.30 3.32 1.45 1.00 0.00
0.30 3.32 1.63 1.00 0.00
0.30 3.32 1.80 1.00 0.00
0.30 3.32 1.98 1.00 0.00
0.50 3.32 -1.01 1.00 0.00
0.50 3.32 -0.84 1.00 0.00
0.50 3.32 -0.66 1.00 0.00
0.50 3.32 -0.49 1.00 0.00
0.50 3.32 -0.32 1.00 0.00
0.50 3.32 -0.14 1.00 0.00
0.50 3.32 0.03 1.00 0.00
0.50 3.32 0.21 1.00 0.00
0.50 3.32 0.38 1.00 0.00
0.50 3.32 0.56 1.00 0.00
0.50 3.32 0.73 1.00 0.00
0.50 3.32 0.91 1.00 0.00
0.50 3.32 1.08 1.00 0.00
0.50 3.32 1.26 1.00 0.00
0.50 3.32 1.43 1.00 0.00
0.50 3.32 1.60 1.00 0.00
0.50 3.32 1.78 1.00 0.00
0.50 3.32 1.95 1.00 0.00
0.70 3.32 -1.04 1.00 0.00
0.70 3.32 -0.86 1.00 0.00
0.70 3.32 -0.69 1.00 0.00
0.70 3.32 -0.51 1.00 0.00
0.70 3.32 -0.34 1.00 0.00
0.70 3.32 -0.16 1.00 0.00
0.70 3.32 0.01 1.00 0.00
0.70 3.32 0.19 1.00 0.00
0.70 3.32 0.36 1.00 0.00
0.70 3.32 0.53 1.00 0.00
0.70 3.32 0.71 1.00 0.00
0.70 3.32 0.88 1.00 0.00
0.70 3.32 1.06 1.00 0.00
0.70 3.32 1.23 1.00 0.00
0.70 3.32 1.41 1.00 0.00
0.70 3.32 1.58 1.00 0.00
0.70 3.32 1.76 1.00 0.00
0.70 3.32 1.93 1.00 0.00
0.90 3.32 -1.06 1.00 0.00
0.90 3.32 -0.88 1.00 0.00
0.90 3.32 -0.71 1.00 0.00
0.90 3.32 -0.53 1.00 0.00
0.90 3.32 -0.36 1.00 0.00
0.90 3.32 -0.19 1.00 0.00
0.90 3.32 -0.01 1.00 0.00
0.90 3.32 0.16 1.00 0.00
0.90 3.32 0.34 1.00 0.00
0.90 3.32 0.51 1.00 0.00
0.90 3.32 0.69 1.00 0.00
0.90 3.32 0.86 1.00 0.00
0.90 3.32 1.04 1.00 0.00
0.90 3.32 1.21 1.00 0.00
0.90 3.32 1.39 1.00 0.00
0.90 3.32 1.56 1.00 0.00
0.90 3.32 1.73 1.00 0.00
0.90 3.32 1.91 1.00 0.00
1.10 3.32 -1.08 1.00 0.00
1.10 3.32 -0.90 1.00 0.00
1.10 3.32 -0.73 1.00 0.00
1.10 3.32 -0.55 1.00 0.00
1.10 3.32 -0.38 1.00 0.00
1.10 3.32 -0.21 1.00 0.00
1.10 3.32 -0.03 1.00 0.00
1.10 3.32 0.14 1.00 0.00
1.10 3.32 0.32 1.00 0.00
1.10 3.32 0.49 1.00 0.00
1.10 3.32 0.67 1.00 0.00
1.10 3.32 0.84 1.00 0.00
1.10 3.32 1.02 1.00 0.00
1.10 3.32 1.19 1.00 0.00
1.10 3.32 1.37 1.00 0.00
1.10 3.32 1.54 1.00 0.00
1.10 3.32 1.71 1.00 0.00
1.10 3.32 1.89 1.00 0.00
0.30 3.49 -1.00 1.00 0.00
0.30 3.49 -0.82 1.00 0.00
0.30 3.49 -0.65 1.00 0.00
0.30 3.49 -0.47 1.00 0.00
0.30 3.49 -0.30 1.00 0.00
0.30 3.49 -0.12 1.00 0.00
0.30 3.49 0.05 1.00 0.00
0.30 3.49 0.23 1.00 0.00
0.30 3.49 0.40 1.00 0.00
0.30 3.49 0.58 1.00 0.00
0.30 3.49 0.75 1.00 0.00
0.30 3.49 0.92 1.00 0.00
0.30 3.49 1.10 1.00 0.00
0.30 3.49 1.27 1.00 0.00
0.30 3.49 1.45 1.00 0.00
0.30 3.49 1.62 1.00 0.00
0.30 3.49 1.80 1.00 0.00
0.30 3.49 1.97 1.00 0.00
0.50 3.49 -1.02 1.00 0.00
0.50 3.49 -0.85 1.00 0.00
0.50 3.49 -0.67 1.00 0.00
0.50 3.49 -0.50 1.00 0.00
0.50 3.49 -0.33 1.00 0.00
0.50 3.49 -0.15 1.00 0.00
0.50 3.49 0.02 1.00 0.00
0.50 3.49 0.20 1.00 0.00
0.50 3.49 0.37 1.00 0.00
0.50 3.49 0.55 1.00 0.00
0.50 3.49 0.72 1.00 0.00
0.50 3.49 0.90 1.00 0.00
0.50 3.49 1.07 1.00 0.00
0.50 3.49 1.25 1.00 0.00
0.50 3.49 1.42 1.00 0.00
0.50 3.49 1.59 1.00 0.00
0.50 3.49 1.77 1.00 0.00
0.50 3.49 1.94 1.00 0.00
0.70 3.49 -1.05 1.00 0.00
0.70 3.49 -0.88 1.00 0.00
0.70 3.49 -0.70 1.00 0.00
0.70 3.49 -0.53 1.00 0.00
0.70 3.49 -0.35 1.00 0.00
0.70 3.49 -0.18 1.00 0.00
0.70 3.49 -0.00 1.00 0.00
0.70 3.49 0.17 1.00 0.00
0.70 3.49 0.35 1.00 0.00
0.70 3.49 0.52 1.00 0.00
0.70 3.49 0.69 1.00 0.00
0.70 3.49 0.87 1.00 0.00
0.70 3.49 1.04 1.00 0.00
0.70 3.49 1.22 1.00 0.00
0.70 3.49 1.39 1.00 0.00
0.70 3.49 1.57 1.00 0.00
0.70 3.49 1.74 1.00 0.00
0.70 3.49 1.92 1.00 0.00
0.90 3.49 -1.08 1.00 0.00
0.90 3.49 -0.90 1.00 0.00
0.90 3.49 -0.73 1.00 0.00
0.90 3.49 -0.55 1.00 0.00
0.90 3.49 -0.38 1.00 0.00
0.90 3.49 -0.20 1.00 0.00
0.90 3.49 -0.03 1.00 0.00
0.90 3.49 0.15 1.00 0.00
0.90 3.49 0.32 1.00 0.00
0.90 3.49 0.49 1.00 0.00
0.90 3.49 0.67 1.00 0.00
0.90 3.49 0.84 1.00 0.00
0.90 3.49 1.02 1.00 0.00
0.90 3.49 1.19 1.00 0.00
0.90 3.49 1.37 1.00 0.00
0.90 3.49 1.54 1.00 0.00
0.90 3.49 1.72 1.00 0.00
0.90 3.49 1.89 1.00 0.00
1.10 3.49 -1.10 1.00 0.00
1.10 3.49 -0.93 1.00 0.00
1.10 3.49 -0.75 1.00 0.00
1.10 3.49 -0.58 1.00 0.00
1.10 3.49 -0.40 1.00 0.00
1.10 3.49 -0.23 1.00 0.00
1.10 3.49 -0.05 1.00 0.00
1.10 3.49 0.12 1.00 0.00
1.10 3.49 0.29 1.00 0.00
1.10 3.49 0.47 1.00 0.00
1.10 3.49 0.64 1.00 0.00
1.10 3.49 0.82 1.00 0.00
1.10 3.49 0.99 1.00 0.00
1.10 3.49 1.17 1.00 0.00
1.10 3.49 1.34 1.00 0.00
1.10 3.49 1.52 1.00 0.00
1.10 3.49 1.69 1.00 0.00
1.10 3.49 1.87 1.00 0.00
0.30 3.67 -1.00 1.00 0.00
0.30 3.67 -0.83 1.00 0.00
0.30 3.67 -0.65 1.00 0.00
0.30 3.67 -0.48 1.00 0.00
0.30 3.67 -0.30 1.00 0.00
0.30 3.67 -0.13 1.00 0.00
0.30 3.67 0.05 1.00 0.00
0.30 3.67 0.22 1.00 0.00
0.30 3.67 0.40 1.00 0.00
0.30 3.67 0.57 1.00 0.00
0.30 3.67 0.74 1.00 0.00
0.30 3.67 0.92 1.00 0.00
0.30 3.67 1.09 1.00 0.00
0.30 3.67 1.27 1.00 0.00
0.30 3.67 1.44 1.00 0.00
0.30 3.67 1.62 1.00 0.00
0.30 3.67 1.79 1.00 0.00
0.30 3.67 1.97 1.00 0.00
0.50 3.67 -1.03 1.00 0.00
0.50 3.67 -0.86 1.00 0.00
0.50 3.67 -0.68 1.00 0.00
0.50 3.67 -0.51 1.00 0.00
0.50 3.67 -0.33 1.00 0.00
0.50 3.67 -0.16 1.00 0.00
0.50 3.67 0.01 1.00 0.00
0.50 3.67 0.19 1.00 0.00
0.50 3.67 0.36 1.00 0.00
0.50 3.67 0.54 1.00 0.00
0.50 3.67 0.71 1.00 0.00
0.50 3.67 0.89 1.00 0.00
0.50 3.67 1.06 1.00 0.00
0.50 3.67 1.24 1.00 0.00
0.50 3.67 1.41 1.00 0.00
0.50 3.67 1.59 1.00 0.00
0.50 3.67 1.76 1.00 0.00
0.50 3.67 1.93 1.00 0.00
0.70 3.67 -1.06 1.00 0.00
0.70 3.67 -0.89 1.00 0.00
0.70 3.67 -0.71 1.00 0.00
0.70 3.67 -0.54 1.00 0.00
0.70 3.67 -0.37 1.00 0.00
0.70 3.67 -0.19 1.00 0.00
0.70 3.67 -0.02 1.00 0.00
0.70 3.67 0.16 1.00 0.00
0.70 3.67 0.33 1.00 0.00
0.70 3.67 0.51 1.00 0.00
0.70 3.67 0.68 1.00 0.00
0.70 3.67 0.86 1.00 0.00
0.70 3.67 1.03 1.00 0.00
0.70 3.67 1.21 1.00 0.00
0.70 3.67 1.38 1.00 0.00
0.70 3.67 1.55 1.00 0.00
0.70 3.67 1.73 1.00 0.00
0.70 3.67 1.90 1.00 0.00
0.90 3.67 -1.09 1.00 0.00
0.90 3.67 -0.92 1.00 0.00
0.90 3.67 -0.74 1.00 0.00
0.90 3.67 -0.57 1.00 0.00
0.90 3.67 -0.39 1.00 0.00
0.90 3.67 -0.22 1.00 0.00
0.90 3.67 -0.05 1.00 0.00
0.90 3.67 0.13 1.00 0.00
0.90 3.67 0.30 1.00 0.00
0.90 3.67 0.48 1.00 0.00
0.90 3.67 0.65 1.00 0.00
0.90 3.67 0.83 1.00 0.00
0.90 3.67 1.00 1.00 0.00
0.90 3.67 1.18 1.00 0.00
0.90 3.67 1.35 1.00 0.00
0.90 3.67 1.53 1.00 0.00
0.90 3.67 1.70 1.00 0.00
0.90 3.67 1.87 1.00 0.00
1.10 3.67 -1.12 1.00 0.00
1.10 3.67 -0.95 1.00 0.00
1.10 3.67 -0.77 1.00 0.00
1.10 3.67 -0.60 1.00 0.00
1.10 3.67 -0.42 1.00 0.00
1.10 3.67 -0.25 1.00 0.00
1.10 3.67 -0.07 1.00 0.00
1.10 3.67 0.10 1.00 0.00
1.10 3.67 0.27 1.00 0.00
1.10 3.67 0.45 1.00 0.00
1.10 3.67 0.62 1.00 0.00
1.10 3.67 0.80 1.00 0.00
1.10 3.67 0.97 1.00 0.00
1.10 3.67 1.15 1.00 0.00
1.10 3.67 1.32 1.00 0.00
1.10 3.67 1.50 1.00 0.00
1.10 3.67 1.67 1.00 0.00
1.10 3.67 1.85 1.00 0.00
0.30 3.84 -1.00 1.00 0.00
0.30 3.84 -0.83 1.00 0.00
0.30 3.84 -0.66 1.00 0.00
0.30 3.84 -0.48 1.00 0.00
0.30 3.84 -0.31 1.00 0.00
0.30 3.84 -0.13 1.00 0.00
0.30 3.84 0.04 1.00 0.00
0.30 3.84 0.22 1.00 0.00
0.30 3.84 0.39 1.00 0.00
0.30 3.84 0.57 1.00 0.00
0.30 3.84 0.74 1.00 0.00
0.30 3.84 0.92 1.00 0.00
0.30 3.84 1.09 1.00 0.00
0.30 3.84 1.26 1.00 0.00
0.30 3.84 1.44 1.00 0.00
0.30 3.84 1.61 1.00 0.00
0.30 3.84 1.79 1.00 0.00
0.30 3.84 1.96 1.00 0.00
0.50 3.84 -1.04 1.00 0.00
0.50 3.84 -0.86 1.00 0.00
0.50 3.84 -0.69 1.00 0.00
0.50 3.84 -0.52 1.00 0.00
0.50 3.84 -0.34 1.00 0.00
0.50 3.84 -0.17 1.00 0.00
0.50 3.84 0.01 1.00 0.00
0.50 3.84 0.18 1.00 0.00
0.50 3.84 0.36 1.00 0.00
0.50 3.84 0.53 1.00 0.00
0.50 3.84 0.71 1.00 0.00
0.50 3.84 0.88 1.00 0.00
0.50 3.84 1.06 1.00 0.00
0.50 3.84 1.23 1.00 0.00
0.50 3.84 1.40 1.00 0.00
0.50 3.84 1.58 1.00 0.00
0.50 3.84 1.75 1.00 0.00
0.50 3.84 1.93 1.00 0.00
0.70 3.84 -1.07 1.00 0.00
0.70 3.84 -0.90 1.00 0.00
0.70 3.84 -0.72 1.00 0.00
0.70 3.84 -0.55 1.00 0.00
0.70 3.84 -0.37 1.00 0.00
0.70 3.84 -0.20 1.00 0.00
0.70 3.84 -0.03 1.00 0.00
0.70 3.84 0.15 1.00 0.00
0.70 3.84 0.32 1.00 0.00
0.70 3.84 0.50 1.00 0.00
0.70 3.84 0.67 1.00 0.00
0.70 3.84 0.85 1.00 0.00
0.70 3.84 1.02 1.00 0.00
0.70 3.84 1.20 1.00 0.00
0.70 3.84 1.37 1.00 0.00
0.70 3.84 1.55 1.00 0.00
0.70 3.84 1.72 1.00 0.00
0.70 3.84 1.89 1.00 0.00
0.90 3.84 -1.11 1.00 0.00
0.90 3.84 -0.93 1.00 0.00
0.90 3.84 -0.76 1.00 0.00
0.90 3.84 -0.58 1.00 0.00
0.90 3.84 -0.41 1.00 0.00
0.90 3.84 -0.23 1.00 0.00
0.90 3.84 -0.06 1.00 0.00
0.90 3.84 0.12 1.00 0.00
0.90 3.84 0.29 1.00 0.00
0.90 3.84 0.47 1.00 0.00
0.90 3.84 0.64 1.00 0.00
0.90 3.84 0.81 1.00 0.00
0.90 3.84 0.99 1.00 0.00
0.90 3.84 1.16 1.00 0.00
0.90 3.84 1.34 1.00 0.00
0.90 3.84 1.51 1.00 0.00
0.90 3.84 1.69 1.00 0.00
0.90 3.84 1.86 1.00 0.00
1.10 3.84 -1.14 1.00 0.00
1.10 3.84 -0.96 1.00 0.00
1.10 3.84 -0.79 1.00 0.00
1.10 3.84 -0.61 1.00 0.00
1.10 3.84 -0.44 1.00 0.00
1.10 3.84 -0.27 1.00 0.00
1.10 3.84 -0.09 1.00 0.00
1.10 3.84 0.08 1.00 0.00
1.10 3.84 0.26 1.00 0.00
1.10 3.84 0.43 1.00 0.00
1.10 3.84 0.61 1.00 0.00
1.10 3.84 0.78 1.00 0.00
1.10 3.84 0.96 1.00 0.00
1.10 3.84 1.13 1.00 0.00
1.10 3.84 1.31 1.00 0.00
1.10 3.84 1.48 1.00 0.00
1.10 3.84 1.65 1.00 0.00
1.10 3.84 1.83 1.00 0.00
0.30 4.01 -1.01 1.00 0.00
0.30 4.01 -0.83 1.00 0.00
0.30 4.01 -0.66 1.00 0.00
0.30 4.01 -0.48 1.00 0.00
0.30 4.01 -0.31 1.00 0.00
0.30 4.01 -0.13 1.00 0.00
0.30 4.01 0.04 1.00 0.00
0.30 4.01 0.22 1.00 0.00
0.30 4.01 0.39 1.00 0.00
0.30 4.01 0.56 1.00 0.00
0.30 4.01 0.74 1.00 0.00
0.30 4.01 0.91 1.00 0.00
0.30 4.01 1.09 1.00 0.00
0.30 4.01 1.26 1.00 0.00
0.30 4.01 1.44 1.00 0.00
0.30 4.01 1.61 1.00 0.00
0.30 4.01 1.79 1.00 0.00
0.30 4.01 1.96 1.00 0.00
0.50 4.01 -1.04 1.00 0.00
0.50 4.01 -0.87 1.00 0.00
0.50 4.01 -0.69 1.00 0.00
0.50 4.01 -0.52 1.00 0.00
0.50 4.01 -0.34 1.00 0.00
0.50 4.01 -0.17 1.00 0.00
0.50 4.01 0.00 1.00 0.00
0.50 4.01 0.18 1.00 0.00
0.50 4.01 0.35 1.00 0.00
0.50 4.01 0.53 1.00 0.00
0.50 4.01 0.70 1.00 0.00
0.50 4.01 0.88 1.00 0.00
0.50 4.01 1.05 1.00 0.00
0.50 4.01 1.23 1.00 0.00
0.50 4.01 1.40 1.00 0.00
0.50 4.01 1.58 1.00 0.00
0.50 4.01 1.75 1.00 0.00
0.50 4.01 1.92 1.00 0.00
0.70 4.01 -1.08 1.00 0.00
0.70 4.01 -0.90 1.00 0.00
0.70 4.01 -0.73 1.00 0.00
0.70 4.01 -0.56 1.00 0.00
0.70 4.01 -0.38 1.00 0.00
0.70 4.01 -0.21 1.00 0.00
0.70 4.01 -0.03 1.00 0.00
0.70 4.01 0.14 1.00 0.00
0.70 4.01 0.32 1.00 0.00
0.70 4.01 0.49 1.00 0.00
0.70 4.01 0.67 1.00 0.00
0.70 4.01 0.84 1.00 0.00
0.70 4.01 1.02 1.00 0.00
0.70 4.01 1.19 1.00 0.00
0.70 4.01 1.36 1.00 0.00
0.70 4.01 1.54 1.00 0.00
0.70 4.01 1.71 1.00 0.00
0.70 4.01 1.89 1.00 0.00
0.90 4.01 -1.11 1.00 0.00
0.90 4.01 -0.94 1.00 0.00
0.90 4.01 -0.77 1.00 0.00
0.90 4.01 -0.59 1.00 0.00
0.90 4.01 -0.42 1.00 0.00
0.90 4.01 -0.24 1.00 0.00
0.90 4.01 -0.07 1.00 0.00
0.90 4.01 0.11 1.00 0.00
0.90 4.01 0.28 1.00 0.00
0.90 4.01 0.46 1.00 0.00
0.90 4.01 0.63 1.00 0.00
0.90 4.01 0.81 1.00 0.00
0.90 4.01 0.98 1.00 0.00
0.90 4.01 1.15 1.00 0.00
0.90 4.01 1.33 1.00 0.00
0.90 4.01 1.50 1.00 0.00
0.90 4.01 1.68 1.00 0.00
0.90 4.01 1.85 1.00 0.00
1.10 4.01 -1.15 1.00 0.00
1.10 4.01 -0.98 1.00 0.00
1.10 4.01 -0.80 1.00 0.00
1.10 4.01 -0.63 1.00 0.00
1.10 4.01 -0.45 1.00 0.00
1.10 4.01 -0.28 1.00 0.00
1.10 4.01 -0.10 1.00 0.00
1.10 4.01 0.07 1.00 0.00
1.10 4.01 0.25 1.00 0.00
1.10 4.01 0.42 1.00 0.00
1.10 4.01 0.60 1.00 0.00
1.10 4.01 0.77 1.00 0.00
1.10 4.01 0.94 1.00 0.00
1.10 4.01 1.12 1.00 0.00
1.10 4.01 1.29 1.00 0.00
1.10 4.01 1.47 1.00 0.00
1.10 4.01 1.64 1.00 0.00
1.10 4.01 1.82 1.00 0.00
0.30 4.19 -1.01 1.00 0.00
0.30 4.19 -0.83 1.00 0.00
0.30 4.19 -0.66 1.00 0.00
0.30 4.19 -0.48 1.00 0.00
0.30 4.19 -0.31 1.00 0.00
0.30 4.19 -0.13 1.00 0.00
0.30 4.19 0.04 1.00 0.00
0.30 4.19 0.22 1.00 0.00
0.30 4.19 0.39 1.00 0.00
0.30 4.19 0.56 1.00 0.00
0.30 4.19 0.74 1.00 0.00
0.30 4.19 0.91 1.00 0.00
0.30 4.19 1.09 1.00 0.00
0.30 4.19 1.26 1.00 0.00
0.30 4.19 1.44 1.00 0.00
0.30 4.19 1.61 1.00 0.00
0.30 4.19 1.79 1.00 0.00
0.30 4.19 1.96 1.00 0.00
0.50 4.19 -1.04 1.00 0.00
0.50 4.19 -0.87 1.00 0.00
0.50 4.19 -0.70 1.00 0.00
0.50 4.19 -0.52 1.00 0.00
0.50 4.19 -0.35 1.00 0.00
0.50 4.19 -0.17 1.00 0.00
0.50 4.19 0.00 1.00 0.00
0.50 4.19 0.18 1.00 0.00
0.50 4.19 0.35 1.00 0.00
0.50 4.19 0.53 1.00 0.00
0.50 4.19 0.70 1.00 0.00
0.50 4.19 0.88 1.00 0.00
0.50 4.19 1.05 1.00 0.00
0.50 4.19 1.22 1.00 0.00
0.50 4.19 1.40 1.00 0.00
0.50 4.19 1.57 1.00 0.00
0.50 4.19 1.75 1.00 0.00
0.50 4.19 1.92 1.00 0.00
0.70 4.19 -1.08 1.00 0.00
0.70 4.19 -0.91 1.00 0.00
0.70 4.19 -0.73 1.00 0.00
0.70 4.19 -0.56 1.00 0.00
0.70 4.19 -0.38 1.00 0.00
0.70 4.19 -0.21 1.00 0.00
0.70 4.19 -0.03 1.00 0.00
0.70 4.19 0.14 1.00 0.00
0.70 4.19 0.31 1.00 0.00
0.70 4.19 0.49 1.00 0.00
0.70 4.19 0.66 1.00 0.00
0.70 4.19 0.84 1.00 0.00
0.70 4.19 1.01 1.00 0.00
0.70 4.19 1.19 1.00 0.00
0.70 4.19 1.36 1.00 0.00
0.70 4.19 1.54 1.00 0.00
0.70 4.19 1.71 1.00 0.00
0.70 4.19 1.89 1.00 0.00
0.90 4.19 -1.12 1.00 0.00
0.90 4.19 -0.94 1.00 0.00
0.90 4.19 -0.77 1.00 0.00
0.90 4.19 -0.60 1.00 0.00
0.90 4.19 -0.42 1.00 0.00
0.90 4.19 -0.25 1.00 0.00
0.90 4.19 -0.07 1.00 0.00
0.90 4.19 0.10 1.00 0.00
0.90 4.19 0.28 1.00 0.00
0.90 4.19 0.45 1.00 0.00
0.90 4.19 0.63 1.00 0.00
0.90 4.19 0.80 1.00 0.00
0.90 4.19 0.98 1.00 0.00
0.90 4.19 1.15 1.00 0.00
0.90 4.19 1.32 1.00 0.00
0.90 4.19 1.50 1.00 0.00
0.90 4.19 1.67 1.00 0.00
0.90 4.19 1.85 1.00 0.00
1.10 4.19 -1.16 1.00 0.00
1.10 4.19 -0.98 1.00 0.00
1.10 4.19 -0.81 1.00 0.00
1.10 4.19 -0.63 1.00 0.00
1.10 4.19 -0.46 1.00 0.00
1.10 4.19 -0.28 1.00 0.00
1.10 4.19 -0.11 1.00 0.00
1.10 4.19 0.07 1.00 0.00
1.10 4.19 0.24 1.00 0.00
1.10 4.19 0.41 1.00 0.00
1.10 4.19 0.59 1.00 0.00
1.10 4.19 0.76 1.00 0.00
1.10 4.19 0.94 1.00 0.00
1.10 4.19 1.11 1.00 0.00
1.10 4.19 1.29 1.00 0.00
1.10 4.19 1.46 1.00 0.00
1.10 4.19 1.64 1.00 0.00
1.10 4.19 1.81 1.00 0.00
0.30 4.36 -1.01 1.00 0.00
0.30 4.36 -0.83 1.00 0.00
0.30 4.36 -0.66 1.00 0.00
0.30 4.36 -0.48 1.00 0.00
0.30 4.36 -0.31 1.00 0.00
0.30 4.36 -0.13 1.00 0.00
0.30 4.36 0.04 1.00 0.00
0.30 4.36 0.22 1.00 0.00
0.30 4.36 0.39 1.00 0.00
0.30 4.36 0.57 1.00 0.00
0.30 4.36 0.74 1.00 0.00
0.30 4.36 0.91 1.00 0.00
0.30 4.36 1.09 1.00 0.00
0.30 4.36 1.26 1.00 0.00
0.30 4.36 1.44 1.00 0.00
0.30 4.36 1.61 1.00 0.00
0.30 4.36 1.79 1.00 0.00
0.30 4.36 1.96 1.00 0.00
0.50 4.36 -1.04 1.00 0.00
0.50 4.36 -0.87 1.00 0.00
0.50 4.36 -0.69 1.00 0.00
0.50 4.36 -0.52 1.00 0.00
0.50 4.36 -0.34 1.00 0.00
0.50 4.36 -0.17 1.00 0.00
0.50 4.36 0.00 1.00 0.00
0.50 4.36 0.18 1.00 0.00
0.50 4.36 0.35 1.00 0.00
0.50 4.36 0.53 1.00 0.00
0.50 4.36 0.70 1.00 0.00
0.50 4.36 0.88 1.00 0.00
0.50 4.36 1.05 1.00 0.00
0.50 4.36 1.23 1.00 0.00
0.50 4.36 1.40 1.00 0.00
0.50 4.36 1.58 1.00 0.00
0.50 4.36 1.75 1.00 0.00
0.50 4.36 1.92 1.00 0.00
0.70 4.36 -1.08 1.00 0.00
0.70 4.36 -0.91 1.00 0.00
0.70 4.36 -0.73 1.00 0.00
0.70 4.36 -0.56 1.00 0.00
0.70 4.36 -0.38 1.00 0.00
0.70 4.36 -0.21 1.00 0.00
0.70 4.36 -0.03 1.00 0.00
0.70 4.36 0.14 1.00 0.00
0.70 4.36 0.32 1.00 0.00
0.70 4.36 0.49 1.00 0.00
0.70 4.36 0.66 1.00 0.00
0.70 4.36 0.84 1.00 0.00
0.70 4.36 1.01 1.00 0.00
0.70 4.36 1.19 1.00 0.00
0.70 4.36 1.36 1.00 0.00
0.70 4.36 1.54 1.00 0.00
0.70 4.36 1.71 1.00 0.00
0.70 4.36 1.89 1.00 0.00
0.90 4.36 -1.12 1.00 0.00
0.90 4.36 -0.94 1.00 0.00
0.90 4.36 -0.77 1.00 0.00
0.90 4.36 -0.60 1.00 0.00
0.90 4.36 -0.42 1.00 0.00
0.90 4.36 -0.25 1.00 0.00
0.90 4.36 -0.07 1.00 0.00
0.90 4.36 0.10 1.00 0.00
0.90 4.36 0.28 1.00 0.00
0.90 4.36 0.45 1.00 0.00
0.90 4.36 0.63 1.00 0.00
0.90 4.36 0.80 1.00 0.00
0.90 4.36 0.98 1.00 0.00
0.90 4.36 1.15 1.00 0.00
0.90 4.36 1.32 1.00 0.00
0.90 4.36 1.50 1.00 0.00
0.90 4.36 1.67 1.00 0.00
0.90 4.36 1.85 1.00 0.00
1.10 4.36 -1.16 1.00 0.00
1.10 4.36 -0.98 1.00 0.00
1.10 4.36 -0.81 1.00 0.00
1.10 4.36 -0.63 1.00 0.00
1.10 4.36 -0.46 1.00 0.00
1.10 4.36 -0.28 1.00 0.00
1.10 4.36 -0.11 1.00 0.00
1.10 4.36 0.06 1.00 0.00
1.10 4.36 0.24 1.00 0.00
1.10 4.36 0.41 1.00 0.00
1.10 4.36 0.59 1.00 0.00
1.10 4.36 0.76 1.00 0.00
1.10 4.36 0.94 1.00 0.00
1.10 4.36 1.11 1.00 0.00
1.10 4.36 1.29 1.00 0.00
1.10 4.36 1.46 1.00 0.00
1.10 4.36 1.64 1.00 0.00
1.10 4.36 1.81 1.00 0.00
0.30 4.54 -1.00 1.00 0.00
0.30 4.54 -0.83 1.00 0.00
0.30 4.54 -0.65 1.00 0.00
0.30 4.54 -0.48 1.00 0.00
0.30 4.54 -0.30 1.00 0.00
0.30 4.54 -0.13 1.00 0.00
0.30 4.54 0.04 1.00 0.00
0.30 4.54 0.22 1.00 0.00
0.30 4.54 0.39 1.00 0.00
0.30 4.54 0.57 1.00 0.00
0.30 4.54 0.74 1.00 0.00
0.30 4.54 0.92 1.00 0.00
0.30 4.54 1.09 1.00 0.00
0.30 4.54 1.27 1.00 0.00
0.30 4.54 1.44 1.00 0.00
0.30 4.54 1.62 1.00 0.00
0.30 4.54 1.79 1.00 0.00
0.30 4.54 1.96 1.00 0.00
0.50 4.54 -1.04 1.00 0.00
0.50 4.54 -0.86 1.00 0.00
0.50 4.54 -0.69 1.00 0.00
0.50 4.54 -0.51 1.00 0.00
0.50 4.54 -0.34 1.00 0.00
0.50 4.54 -0.17 1.00 0.00
0.50 4.54 0.01 1.00 0.00
0.50 4.54 0.18 1.00 0.00
0.50 4.54 0.36 1.00 0.00
0.50 4.54 0.53 1.00 0.00
0.50 4.54 0.71 1.00 0.00
0.50 4.54 0.88 1.00 0.00
0.50 4.54 1.06 1.00 0.00
0.50 4.54 1.23 1.00 0.00
0.50 4.54 1.41 1.00 0.00
0.50 4.54 1.58 1.00 0.00
0.50 4.54 1.75 1.00 0.00
0.50 4.54 1.93 1.00 0.00
0.70 4.54 -1.08 1.00 0.00
0.70 4.54 -0.90 1.00 0.00
0.70 4.54 -0.73 1.00 0.00
0.70 4.54 -0.55 1.00 0.00
0.70 4.54 -0.38 1.00 0.00
0.70 4.54 -0.20 1.00 0.00
0.70 4.54 -0.03 1.00 0.00
0.70 4.54 0.15 1.00 0.00
0.70 4.54 0.32 1.00 0.00
0.70 4.54 0.50 1.00 0.00
0.70 4.54 0.67 1.00 0.00
0.70 4.54 0.84 1.00 0.00
0.70 4.54 1.02 1.00 0.00
0.70 4.54 1.19 1.00 0.00
0.70 4.54 1.37 1.00 0.00
0.70 4.54 1.54 1.00 0.00
0.70 4.54 1.72 1.00 0.00
0.70 4.54 1.89 1.00 0.00
0.90 4.54 -1.11 1.00 0.00
0.90 4.54 -0.94 1.00 0.00
0.90 4.54 -0.76 1.00 0.00
0.90 4.54 -0.59 1.00 0.00
0.90 4.54 -0.41 1.00 0.00
0.90 4.54 -0.24 1.00 0.00
0.90 4.54 -0.07 1.00 0.00
0.90 4.54 0.11 1.00 0.00
0.90 4.54 0.28 1.00 0.00
0.90 4.54 0.46 1.00 0.00
0.90 4.54 0.63 1.00 0.00
0.90 4.54 0.81 1.00 0.00
0.90 4.54 0.98 1.00 0.00
0.90 4.54 1.16 1.00 0.00
0.90 4.54 1.33 1.00 0.00
0.90 4.54 1.51 1.00 0.00
0.90 4.54 1.68 1.00 0.00
0.90 4.54 1.85 1.00 0.00
1.10 4.54 -1.15 1.00 0.00
1.10 4.54 -0.98 1.00 0.00
1.10 4.54 -0.80 1.00 0.00
1.10 4.54 -0.63 1.00 0.00
1.10 4.54 -0.45 1.00 0.00
1.10 4.54 -0.28 1.00 0.00
1.10 4.54 -0.10 1.00 0.00
1.10 4.54 0.07 1.00 0.00
1.10 4.54 0.24 1.00 0.00
1.10 4.54 0.42 1.00 0.00
1.10 4.54 0.59 1.00 0.00
1.10 4.54 0.77 1.00 0.00
1.10 4.54 0.94 1.00 0.00
1.10 4.54 1.12 1.00 0.00
1.10 4.54 1.29 1.00 0.00
1.10 4.54 1.47 1.00 0.00
1.10 4.54 1.64 1.00 0.00
1.10 4.54 1.82 1.00 0.00
0.30 4.71 -1.00 1.00 0.00
0.30 4.71 -0.82 1.00 0.00
0.30 4.71 -0.65 1.00 0.00
0.30 4.71 -0.47 1.00 0.00
0.30 4.71 -0.30 1.00 0.00
0.30 4.71 -0.13 1.00 0.00
0.30 4.71 0.05 1.00 0.00
0.30 4.71 0.22 1.00 0.00
0.30 4.71 0.40 1.00 0.00
0.30 4.71 0.57 1.00 0.00
0.30 4.71 0.75 1.00 0.00
0.30 4.71 0.92 1.00 0.00
0.30 4.71 1.10 1.00 0.00
0.30 4.71 1.27 1.00 0.00
0.30 4.71 1.45 1.00 0.00
0.30 4.71 1.62 1.00 0.00
0.30 4.71 1.79 1.00 0.00
0.30 4.71 1.97 1.00 0.00
0.50 4.71 -1.03 1.00 0.00
0.50 4.71 -0.86 1.00 0.00
0.50 4.71 -0.68 1.00 0.00
0.50 4.71 -0.51 1.00 0.00
0.50 4.71 -0.33 1.00 0.00
0.50 4.71 -0.16 1.00 0.00
0.50 4.71 0.02 1.00 0.00
0.50 4.71 0.19 1.00 0.00
0.50 4.71 0.37 1.00 0.00
0.50 4.71 0.54 1.00 0.00
0.50 4.71 0.71 1.00 0.00
0.50 4.71 0.89 1.00 0.00
0.50 4.71 1.06 1.00 0.00
0.50 4.71 1.24 1.00 0.00
0.50 4.71 1.41 1.00 0.00
0.50 4.71 1.59 1.00 0.00
0.50 4.71 1.76 1.00 0.00
0.50 4.71 1.94 1.00 0.00
0.70 4.71 -1.07 1.00 0.00
0.70 4.71 -0.89 1.00 0.00
0.70 4.71 -0.72 1.00 0.00
0.70 4.71 -0.54 1.00 0.00
0.70 4.71 -0.37 1.00 0.00
0.70 4.71 -0.19 1.00 0.00
0.70 4.71 -0.02 1.00 0.00
0.70 4.71 0.16 1.00 0.00
0.70 4.71 0.33 1.00 0.00
0.70 4.71 0.51 1.00 0.00
0.70 4.71 0.68 1.00 0.00
0.70 4.71 0.85 1.00 0.00
0.70 4.71 1.03 1.00 0.00
0.70 4.71 1.20 1.00 0.00
0.70 4.71 1.38 1.00 0.00
0.70 4.71 1.55 1.00 0.00
0.70 4.71 1.73 1.00 0.00
0.70 4.71 1.90 1.00 0.00
0.90 4.71 -1.10 1.00 0.00
0.90 4.71 -0.93 1.00 0.00
0.90 4.71 -0.75 1.00 0.00
0.90 4.71 -0.58 1.00 0.00
0.90 4.71 -0.40 1.00 0.00
0.90 4.71 -0.23 1.00 0.00
0.90 4.71 -0.05 1.00 0.00
0.90 4.71 0.12 1.00 0.00
0.90 4.71 0.29 1.00 0.00
0.90 4.71 0.47 1.00 0.00
0.90 4.71 0.64 1.00 0.00
0.90 4.71 0.82 1.00 0.00
0.90 4.71 0.99 1.00 0.00
0.90 4.71 1.17 1.00 0.00
0.90 4.71 1.34 1.00 0.00
0.90 4.71 1.52 1.00 0.00
0.90 4.71 1.69 1.00 0.00
0.90 4.71 1.87 1.00 0.00
1.10 4.71 -1.14 1.00 0.00
1.10 4.71 -0.96 1.00 0.00
1.10 4.71 -0.79 1.00 0.00
1.10 4.71 -0.61 1.00 0.00
1.10 4.71 -0.44 1.00 0.00
1.10 4.71 -0.27 1.00 0.00
1.10 4.71 -0.09 1.00 0.00
1.10 4.71 0.08 1.00 0.00
1.10 4.71 0.26 1.00 0.00
1.10 4.71 0.43 1.00 0.00
1.10 4.71 0.61 1.00 0.00
1.10 4.71 0.78 1.00 0.00
1.10 4.71 0.96 1.00 0.00
1.10 4.71 1.13 1.00 0.00
1.10 4.71 1.30 1.00 0.00
1.10 4.71 1.48 1.00 0.00
1.10 4.71 1.65 1.00 0.00
1.10 4.71 1.83 1.00 0.00
0.30 4.89 -0.99 1.00 0.00
0.30 4.89 -0.82 1.00 0.00
0.30 4.89 -0.64 1.00 0.00
0.30 4.89 -0.47 1.00 0.00
0.30 4.89 -0.29 1.00 0.00
0.30 4.89 -0.12 1.00 0.00
0.30 4.89 0.06 1.00 0.00
0.30 4.89 0.23 1.00 0.00
0.30 4.89 0.40 1.00 0.00
0.30 4.89 0.58 1.00 0.00
0.30 4.89 0.75 1.00 0.00
0.30 4.89 0.93 1.00 0.00
0.30 4.89 1.10 1.00 0.00
0.30 4.89 1.28 1.00 0.00
0.30 4.89 1.45 1.00 0.00
0.30 4.89 1.63 1.00 0.00
0.30 4.89 1.80 1.00 0.00
0.30 4.89 1.98 1.00 0.00
0.50 4.89 -1.02 1.00 0.00
0.50 4.89 -0.85 1.00 0.00
0.50 4.89 -0.67 1.00 0.00
0.50 4.89 -0.50 1.00 0.00
0.50 4.89 -0.32 1.00 0.00
0.50 4.89 -0.15 1.00 0.00
0.50 4.89 0.03 1.00 0.00
0.50 4.89 0.20 1.00 0.00
0.50 4.89 0.38 1.00 0.00
0.50 4.89 0.55 1.00 0.00
0.50 4.89 0.72 1.00 0.00
0.50 4.89 0.90 1.00 0.00
0.50 4.89 1.07 1.00 0.00
0.50 4.89 1.25 1.00 0.00
0.50 4.89 1.42 1.00 0.00
0.50 4.89 1.60 1.00 0.00
0.50 4.89 1.77 1.00 0.00
0.50 4.89 1.95 1.00 0.00
0.70 4.89 -1.05 1.00 0.00
0.70 4.89 -0.88 1.00 0.00
0.70 4.89 -0.70 1.00 0.00
0.70 4.89 -0.53 1.00 0.00
0.70 4.89 -0.35 1.00 0.00
0.70 4.89 -0.18 1.00 0.00
0.70 4.89 -0.00 1.00 0.00
0.70 4.89 0.17 1.00 0.00
0.70 4.89 0.34 1.00 0.00
0.70 4.89 0.52 1.00 0.00
0.70 4.89 0.69 1.00 0.00
0.70 4.89 0.87 1.00 0.00
0.70 4.89 1.04 1.00 0.00
0.70 4.89 1.22 1.00 0.00
0.70 4.89 1.39 1.00 0.00
0.70 4.89 1.57 1.00 0.00
0.70 4.89 1.74 1.00 0.00
0.70 4.89 1.92 1.00 0.00
0.90 4.89 -1.08 1.00 0.00
0.90 4.89 -0.91 1.00 0.00
0.90 4.89 -0.73 1.00 0.00
0.90 4.89 -0.56 1.00 0.00
0.90 4.89 -0.39 1.00 0.00
0.90 4.89 -0.21 1.00 0.00
0.90 4.89 -0.04 1.00 0.00
0.90 4.89 0.14 1.00 0.00
0.90 4.89 0.31 1.00 0.00
0.90 4.89 0.49 1.00 0.00
0.90 4.89 0.66 1.00 0.00
0.90 4.89 0.84 1.00 0.00
0.90 4.89 1.01 1.00 0.00
0.90 4.89 1.19 1.00 0.00
0.90 4.89 1.36 1.00 0.00
0.90 4.89 1.53 1.00 0.00
0.90 4.89 1.71 1.00 0.00
0.90 4.89 1.88 1.00 0.00
1.10 4.89 -1.12 1.00 0.00
1.10 4.89 -0.94 1.00 0.00
1.10 4.89 -0.77 1.00 0.00
1.10 4.89 -0.59 1.00 0.00
1.10 4.89 -0.42 1.00 0.00
1.10 4.89 -0.25 1.00 0.00
1.10 4.89 -0.07 1.00 0.00
1.10 4.89 0.10 1.00 0.00
1.10 4.89 0.28 1.00 0.00
1.10 4.89 0.45 1.00 0.00
1.10 4.89 0.63 1.00 0.00
1.10 4.89 0.80 1.00 0.00
1.10 4.89 0.98 1.00 0.00
1.10 4.89 1.15 1.00 0.00
1.10 4.89 1.33 1.00 0.00
1.10 4.89 1.50 1.00 0.00
1.10 4.89 1.67 1.00 0.00
1.10 4.89 1.85 1.00 0.00
0.30 5.06 -0.98 1.00 0.00
0.30 5.06 -0.81 1.00 0.00
0.30 5.06 -0.63 1.00 0.00
0.30 5.06 -0.46 1.00 0.00
0.30 5.06 -0.29 1.00 0.00
0.30 5.06 -0.11 1.00 0.00
0.30 5.06 0.06 1.00 0.00
0.30 5.06 0.24 1.00 0.00
0.30 5.06 0.41 1.00 0.00
0.30 5.06 0.59 1.00 0.00
0.30 5.06 0.76 1.00 0.00
0.30 5.06 0.94 1.00 0.00
0.30 5.06 1.11 1.00 0.00
0.30 5.06 1.29 1.00 0.00
0.30 5.06 1.46 1.00 0.00
0.30 5.06 1.63 1.00 0.00
0.30 5.06 1.81 1.00 0.00
0.30 5.06 1.98 1.00 0.00
0.50 5.06 -1.01 1.00 0.00
0.50 5.06 -0.83 1.00 0.00
0.50 5.06 -0.66 1.00 0.00
0.50 5.06 -0.48 1.00 0.00
0.50 5.06 -0.31 1.00 0.00
0.50 5.06 -0.14 1.00 0.00
0.50 5.06 0.04 1.00 0.00
0.50 5.06 0.21 1.00 0.00
0.50 5.06 0.39 1.00 0.00
0.50 5.06 0.56 1.00 0.00
0.50 5.06 0.74 1.00 0.00
0.50 5.06 0.91 1.00 0.00
0.50 5.06 1.09 1.00 0.00
0.50 5.06 1.26 1.00 0.00
0.50 5.06 1.44 1.00 0.00
0.50 5.06 1.61 1.00 0.00
0.50 5.06 1.78 1.00 0.00
0.50 5.06 1.96 1.00 0.00
0.70 5.06 -1.03 1.00 0.00
0.70 5.06 -0.86 1.00 0.00
0.70 5.06 -0.68 1.00 0.00
0.70 5.06 -0.51 1.00 0.00
0.70 5.06 -0.34 1.00 0.00
0.70 5.06 -0.16 1.00 0.00
0.70 5.06 0.01 1.00 0.00
0.70 5.06 0.19 1.00 0.00
0.70 5.06 0.36 1.00 0.00
0.70 5.06 0.54 1.00 0.00
0.70 5.06 0.71 1.00 0.00
0.70 5.06 0.89 1.00 0.00
0.70 5.06 1.06 1.00 0.00
0.70 5.06 1.24 1.00 0.00
0.70 5.06 1.41 1.00 0.00
0.70 5.06 1.58 1.00 0.00
0.70 5.06 1.76 1.00 0.00
0.70 5.06 1.93 1.00 0.00
0.90 5.06 -1.06 1.00 0.00
0.90 5.06 -0.89 1.00 0.00
0.90 5.06 -0.71 1.00 0.00
0.90 5.06 -0.54 1.00 0.00
0.90 5.06 -0.36 1.00 0.00
0.90 5.06 -0.19 1.00 0.00
0.90 5.06 -0.01 1.00 0.00
0.90 5.06 0.16 1.00 0.00
0.90 5.06 0.34 1.00 0.00
0.90 5.06 0.51 1.00 0.00
0.90 5.06 0.68 1.00 0.00
0.90 5.06 0.86 1.00 0.00
0.90 5.06 1.03 1.00 0.00
0.90 5.06 1.21 1.00 0.00
0.90 5.06 1.38 1.00 0.00
0.90 5.06 1.56 1.00 0.00
0.90 5.06 1.73 1.00 0.00
0.90 5.06 1.91 1.00 0.00
1.10 5.06 -1.09 1.00 0.00
1.10 5.06 -0.92 1.00 0.00
1.10 5.06 -0.74 1.00 0.00
1.10 5.06 -0.57 1.00 0.00
1.10 5.06 -0.39 1.00 0.00
1.10 5.06 -0.22 1.00 0.00
1.10 5.06 -0.04 1.00 0.00
1.10 5.06 0.13 1.00 0.00
1.10 5.06 0.31 1.00 0.00
1.10 5.06 0.48 1.00 0.00
1.10 5.06 0.66 1.00 0.00
1.10 5.06 0.83 1.00 0.00
1.10 5.06 1.00 1.00 0.00
1.10 5.06 1.18 1.00 0.00
1.10 5.06 1.35 1.00 0.00
1.10 5.06 1.53 1.00 0.00
1.10 5.06 1.70 1.00 0.00
1.10 5.06 1.88 1.00 0.00
0.30 5.24 -0.98 1.00 0.00
0.30 5.24 -0.80 1.00 0.00
0.30 5.24 -0.63 1.00 0.00
0.30 5.24 -0.45 1.00 0.00
0.30 5.24 -0.28 1.00 0.00
0.30 5.24 -0.10 1.00 0.00
0.30 5.24 0.07 1.00 0.00
0.30 5.24 0.25 1.00 0.00
0.30 5.24 0.42 1.00 0.00
0.30 5.24 0.60 1.00 0.00
0.30 5.24 0.77 1.00 0.00
0.30 5.24 0.94 1.00 0.00
0.30 5.24 1.12 1.00 0.00
0.30 5.24 1.29 1.00 0.00
0.30 5.24 1.47 1.00 0.00
0.30 5.24 1.64 1.00 0.00
0.30 5.24 1.82 1.00 0.00
0.30 5.24 1.99 1.00 0.00
0.50 5.24 -0.99 1.00 0.00
0.50 5.24 -0.82 1.00 0.00
0.50 5.24 -0.64 1.00 0.00
0.50 5.24 -0.47 1.00 0.00
0.50 5.24 -0.29 1.00 0.00
0.50 5.24 -0.12 1.00 0.00
0.50 5.24 0.05 1.00 0.00
0.50 5.24 0.23 1.00 0.00
0.50 5.24 0.40 1.00 0.00
0.50 5.24 0.58 1.00 0.00
0.50 5.24 0.75 1.00 0.00
0.50 5.24 0.93 1.00 0.00
0.50 5.24 1.10 1.00 0.00
0.50 5.24 1.28 1.00 0.00
0.50 5.24 1.45 1.00 0.00
0.50 5.24 1.63 1.00 0.00
0.50 5.24 1.80 1.00 0.00
0.50 5.24 1.97 1.00 0.00
0.70 5.24 -1.01 1.00 0.00
0.70 5.24 -0.84 1.00 0.00
0.70 5.24 -0.66 1.00 0.00
0.70 5.24 -0.49 1.00 0.00
0.70 5.24 -0.31 1.00 0.00
0.70 5.24 -0.14 1.00 0.00
0.70 5.24 0.04 1.00 0.00
0.70 5.24 0.21 1.00 0.00
0.70 5.24 0.38 1.00 0.00
0.70 5.24 0.56 1.00 0.00
0.70 5.24 0.73 1.00 0.00
0.70 5.24 0.91 1.00 0.00
0.70 5.24 1.08 1.00 0.00
0.70 5.24 1.26 1.00 0.00
0.70 5.24 1.43 1.00 0.00
0.70 5.24 1.61 1.00 0.00
0.70 5.24 1.78 1.00 0.00
0.70 5.24 1.95 1.00 0.00
0.90 5.24 -1.03 1.00 0.00
0.90 5.24 -0.86 1.00 0.00
0.90 5.24 -0.68 1.00 0.00
0.90 5.24 -0.51 1.00 0.00
0.90 5.24 -0.33 1.00 0.00
0.90 5.24 -0.16 1.00 0.00
0.90 5.24 0.01 1.00 0.00
0.90 5.24 0.19 1.00 0.00
0.90 5.24 0.36 1.00 0.00
0.90 5.24 0.54 1.00 0.00
0.90 5.24 0.71 1.00 0.00
0.90 5.24 0.89 1.00 0.00
0.90 5.24 1.06 1.00 0.00
0.90 5.24 1.24 1.00 0.00
0.90 5.24 1.41 1.00 0.00
0.90 5.24 1.59 1.00 0.00
0.90 5.24 1.76 1.00 0.00
0.90 5.24 1.93 1.00 0.00
1.10 5.24 -1.06 1.00 0.00
1.10 5.24 -0.88 1.00 0.00
1.10 5.24 -0.71 1.00 0.00
1.10 5.24 -0.53 1.00 0.00
1.10 5.24 -0.36 1.00 0.00
1.10 5.24 -0.18 1.00 0.00
1.10 5.24 -0.01 1.00 0.00
1.10 5.24 0.17 1.00 0.00
1.10 5.24 0.34 1.00 0.00
1.10 5.24 0.52 1.00 0.00
1.10 5.24 0.69 1.00 0.00
1.10 5.24 0.86 1.00 0.00
1.10 5.24 1.04 1.00 0.00
1.10 5.24 1.21 1.00 0.00
1.10 5.24 1.39 1.00 0.00
1.10 5.24 1.56 1.00 0.00
1.10 5.24 1.74 1.00 0.00
1.10 5.24 1.91 1.00 0.00
0.30 5.41 -0.97 1.00 0.00
0.30 5.41 -0.79 1.00 0.00
0.30 5.41 -0.62 1.00 0.00
0.30 5.41 -0.44 1.00 0.00
0.30 5.41 -0.27 1.00 0.00
0.30 5.41 -0.09 1.00 0.00
0.30 5.41 0.08 1.00 0.00
0.30 5.41 0.26 1.00 0.00
0.30 5.41 0.43 1.00 0.00
0.30 5.41 0.61 1.00 0.00
0.30 5.41 0.78 1.00 0.00
0.30 5.41 0.95 1.00 0.00
0.30 5.41 1.13 1.00 0.00
0.30 5.41 1.30 1.00 0.00
0.30 5.41 1.48 1.00 0.00
0.30 5.41 1.65 1.00 0.00
0.30 5.41 1.83 1.00 0.00
0.30 5.41 2.00 1.00 0.00
0.50 5.41 -0.98 1.00 0.00
0.50 5.41 -0.80 1.00 0.00
0.50 5.41 -0.63 1.00 0.00
0.50 5.41 -0.45 1.00 0.00
0.50 5.41 -0.28 1.00 0.00
0.50 5.41 -0.10 1.00 0.00
0.50 5.41 0.07 1.00 0.00
0.50 5.41 0.25 1.00 0.00
0.50 5.41 0.42 1.00 0.00
0.50 5.41 0.59 1.00 0.00
0.50 5.41 0.77 1.00 0.00
0.50 5.41 0.94 1.00 0.00
0.50 5.41 1.12 1.00 0.00
0.50 5.41 1.29 1.00 0.00
0.50 5.41 1.47 1.00 0.00
0.50 5.41 1.64 1.00 0.00
0.50 5.41 1.82 1.00 0.00
0.50 5.41 1.99 1.00 0.00
0.70 5.41 -0.99 1.00 0.00
0.70 5.41 -0.81 1.00 0.00
0.70 5.41 -0.64 1.00 0.00
0.70 5.41 -0.46 1.00 0.00
0.70 5.41 -0.29 1.00 0.00
0.70 5.41 -0.12 1.00 0.00
0.70 5.41 0.06 1.00 0.00
0.70 5.41 0.23 1.00 0.00
0.70 5.41 0.41 1.00 0.00
0.70 5.41 0.58 1.00 0.00
0.70 5.41 0.76 1.00 0.00
0.70 5.41 0.93 1.00 0.00
0.70 5.41 1.11 1.00 0.00
0.70 5.41 1.28 1.00 0.00
0.70 5.41 1.46 1.00 0.00
0.70 5.41 1.63 1.00 0.00
0.70 5.41 1.80 1.00 0.00
0.70 5.41 1.98 1.00 0.00
0.90 5.41 -1.00 1.00 0.00
0.90 5.41 -0.83 1.00 0.00
0.90 5.41 -0.65 1.00 0.00
0.90 5.41 -0.48 1.00 0.00
0.90 5.41 -0.30 1.00 0.00
0.90 5.41 -0.13 1.00 0.00
0.90 5.41 0.05 1.00 0.00
0.90 5.41 0.22 1.00 0.00
0.90 5.41 0.40 1.00 0.00
0.90 5.41 0.57 1.00 0.00
0.90 5.41 0.74 1.00 0.00
0.90 5.41 0.92 1.00 0.00
0.90 5.41 1.09 1.00 0.00
0.90 5.41 1.27 1.00 0.00
0.90 5.41 1.44 1.00 0.00
0.90 5.41 1.62 1.00 0.00
0.90 5.41 1.79 1.00 0.00
0.90 5.41 1.97 1.00 0.00
1.10 5.41 -1.01 1.00 0.00
1.10 5.41 -0.84 1.00 0.00
1.10 5.41 -0.67 1.00 0.00
1.10 5.41 -0.49 1.00 0.00
1.10 5.41 -0.32 1.00 0.00
1.10 5.41 -0.14 1.00 0.00
1.10 5.41 0.03 1.00 0.00
1.10 5.41 0.21 1.00 0.00
1.10 5.41 0.38 1.00 0.00
1.10 5.41 0.56 1.00 0.00
1.10 5.41 0.73 1.00 0.00
1.10 5.41 0.91 1.00 0.00
1.10 5.41 1.08 1.00 0.00
1.10 5.41 1.25 1.00 0.00
1.10 5.41 1.43 1.00 0.00
1.10 5.41 1.60 1.00 0.00
1.10 5.41 1.78 1.00 0.00
1.10 5.41 1.95 1.00 0.00
0.30 5.59 -0.96 1.00 0.00
0.30 5.59 -0.78 1.00 0.00
0.30 5.59 -0.61 1.00 0.00
0.30 5.59 -0.43 1.00 0.00
0.30 5.59 -0.26 1.00 0.00
0.30 5.59 -0.08 1.00 0.00
0.30 5.59 0.09 1.00 0.00
0.30 5.59 0.27 1.00 0.00
0.30 5.59 0.44 1.00 0.00
0.30 5.59 0.62 1.00 0.00
0.30 5.59 0.79 1.00 0.00
0.30 5.59 0.96 1.00 0.00
0.30 5.59 1.14 1.00 0.00
0.30 5.59 1.31 1.00 0.00
0.30 5.59 1.49 1.00 0.00
0.30 5.59 1.66 1.00 0.00
0.30 5.59 1.84 1.00 0.00
0.30 5.59 2.01 1.00 0.00
0.50 5.59 -0.96 1.00 0.00
0.50 5.59 -0.78 1.00 0.00
0.50 5.59 -0.61 1.00 0.00
0.50 5.59 -0.44 1.00 0.00
0.50 5.59 -0.26 1.00 0.00
0.50 5.59 -0.09 1.00 0.00
0.50 5.59 0.09 1.00 0.00
0.50 5.59 0.26 1.00 0.00
0.50 5.59 0.44 1.00 0.00
0.50 5.59 0.61 1.00 0.00
0.50 5.59 0.79 1.00 0.00
0.50 5.59 0.96 1.00 0.00
0.50 5.59 1.14 1.00 0.00
0.50 5.59 1.31 1.00 0.00
0.50 5.59 1.48 1.00 0.00
0.50 5.59 1.66 1.00 0.00
0.50 5.59 1.83 1.00 0.00
0.50 5.59 2.01 1.00 0.00
0.70 5.59 -0.96 1.00 0.00
0.70 5.59 -0.79 1.00 0.00
0.70 5.59 -0.61 1.00 0.00
0.70 5.59 -0.44 1.00 0.00
0.70 5.59 -0.26 1.00 0.00
0.70 5.59 -0.09 1.00 0.00
0.70 5.59 0.08 1.00 0.00
0.70 5.59 0.26 1.00 0.00
0.70 5.59 0.43 1.00 0.00
0.70 5.59 0.61 1.00 0.00
0.70 5.59 0.78 1.00 0.00
0.70 5.59 0.96 1.00 0.00
0.70 5.59 1.13 1.00 0.00
0.70 5.59 1.31 1.00 0.00
0.70 5.59 1.48 1.00 0.00
0.70 5.59 1.66 1.00 0.00
0.70 5.59 1.83 1.00 0.00
0.70 5.59 2.00 1.00 0.00
0.90 5.59 -0.97 1.00 0.00
0.90 5.59 -0.79 1.00 0.00
0.90 5.59 -0.62 1.00 0.00
0.90 5.59 -0.44 1.00 0.00
0.90 5.59 -0.27 1.00 0.00
0.90 5.59 -0.09 1.00 0.00
0.90 5.59 0.08 1.00 0.00
0.90 5.59 0.26 1.00 0.00
0.90 5.59 0.43 1.00 0.00
0.90 5.59 0.60 1.00 0.00
0.90 5.59 0.78 1.00 0.00
0.90 5.59 0.95 1.00 0.00
0.90 5.59 1.13 1.00 0.00
0.90 5.59 1.30 1.00 0.00
0.90 5.59 1.48 1.00 0.00
0.90 5.59 1.65 1.00 0.00
0.90 5.59 1.83 1.00 0.00
0.90 5.59 2.00 1.00 0.00
1.10 5.59 -0.97 1.00 0.00
1.10 5.59 -0.80 1.00 0.00
1.10 5.59 -0.62 1.00 0.00
1.10 5.59 -0.45 1.00 0.00
1.10 5.59 -0.27 1.00 0.00
1.10 5.59 -0.10 1.00 0.00
1.10 5.59 0.08 1.00 0.00
1.10 5.59 0.25 1.00 0.00
1.10 5.59 0.43 1.00 0.00
1.10 5.59 0.60 1.00 0.00
1.10 5.59 0.77 1.00 0.00
1.10 5.59 0.95 1.00 0.00
1.10 5.59 1.12 1.00 0.00
1.10 5.59 1.30 1.00 0.00
1.10 5.59 1.47 1.00 0.00
1.10 5.59 1.65 1.00 0.00
1.10 5.59 1.82 1.00 0.00
1.10 5.59 2.00 1.00 0.00
0.30 5.76 -0.94 1.00 0.00
0.30 5.76 -0.77 1.00 0.00
0.30 5.76 -0.60 1.00 0.00
0.30 5.76 -0.42 1.00 0.00
0.30 5.76 -0.25 1.00 0.00
0.30 5.76 -0.07 1.00 0.00
0.30 5.76 0.10 1.00 0.00
0.30 5.76 0.28 1.00 0.00
0.30 5.76 0.45 1.00 0.00
0.30 5.76 0.63 1.00 0.00
0.30 5.76 0.80 1.00 0.00
0.30 5.76 0.97 1.00 0.00
0.30 5.76 1.15 1.00 0.00
0.30 5.76 1.32 1.00 0.00
0.30 5.76 1.50 1.00 0.00
0.30 5.76 1.67 1.00 0.00
0.30 5.76 1.85 1.00 0.00
0.30 5.76 2.02 1.00 0.00
0.50 5.76 -0.94 1.00 0.00
0.50 5.76 -0.77 1.00 0.00
0.50 5.76 -0.59 1.00 0.00
0.50 5.76 -0.42 1.00 0.00
0.50 5.76 -0.24 1.00 0.00
0.50 5.76 -0.07 1.00 0.00
0.50 5.76 0.11 1.00 0.00
0.50 5.76 0.28 1.00 0.00
0.50 5.76 0.46 1.00 0.00
0.50 5.76 0.63 1.00 0.00
0.50 5.76 0.80 1.00 0.00
0.50 5.76 0.98 1.00 0.00
0.50 5.76 1.15 1.00 0.00
0.50 5.76 1.33 1.00 0.00
0.50 5.76 1.50 1.00 0.00
0.50 5.76 1.68 1.00 0.00
0.50 5.76 1.85 1.00 0.00
0.50 5.76 2.03 1.00 0.00
0.70 5.76 -0.94 1.00 0.00
0.70 5.76 -0.76 1.00 0.00
0.70 5.76 -0.59 1.00 0.00
0.70 5.76 -0.41 1.00 0.00
0.70 5.76 -0.24 1.00 0.00
0.70 5.76 -0.06 1.00 0.00
0.70 5.76 0.11 1.00 0.00
0.70 5.76 0.29 1.00 0.00
0.70 5.76 0.46 1.00 0.00
0.70 5.76 0.63 1.00 0.00
0.70 5.76 0.81 1.00 0.00
0.70 5.76 0.98 1.00 0.00
0.70 5.76 1.16 1.00 0.00
0.70 5.76 1.33 1.00 0.00
0.70 5.76 1.51 1.00 0.00
0.70 5.76 1.68 1.00 0.00
0.70 5.76 1.86 1.00 0.00
0.70 5.76 2.03 1.00 0.00
0.90 5.76 -0.93 1.00 0.00
0.90 5.76 -0.76 1.00 0.00
0.90 5.76 -0.58 1.00 0.00
0.90 5.76 -0.41 1.00 0.00
0.90 5.76 -0.23 1.00 0.00
0.90 5.76 -0.06 1.00 0.00
0.90 5.76 0.12 1.00 0.00
0.90 5.76 0.29 1.00 0.00
0.90 5.76 0.47 1.00 0.00
0.90 5.76 0.64 1.00 0.00
0.90 5.76 0.81 1.00 0.00
0.90 5.76 0.99 1.00 0.00
0.90 5.76 1.16 1.00 0.00
0.90 5.76 1.34 1.00 0.00
0.90 5.76 1.51 1.00 0.00
0.90 5.76 1.69 1.00 0.00
0.90 5.76 1.86 1.00 0.00
0.90 5.76 2.04 1.00 0.00
1.10 5.76 -0.93 1.00 0.00
1.10 5.76 -0.75 1.00 0.00
1.10 5.76 -0.58 1.00 0.00
1.10 5.76 -0.40 1.00 0.00
1.10 5.76 -0.23 1.00 0.00
1.10 5.76 -0.05 1.00 0.00
1.10 5.76 0.12 1.00 0.00
1.10 5.76 0.30 1.00 0.00
1.10 5.76 0.47 1.00 0.00
1.10 5.76 0.65 1.00 0.00
1.10 5.76 0.82 1.00 0.00
1.10 5.76 0.99 1.00 0.00
1.10 5.76 1.17 1.00 0.00
1.10 5.76 1.34 1.00 0.00
1.10 5.76 1.52 1.00 0.00
1.10 5.76 1.69 1.00 0.00
1.10 5.76 1.87 1.00 0.00
1.10 5.76 2.04 1.00 0.00
0.30 5.93 -0.93 1.00 0.00
0.30 5.93 -0.76 1.00 0.00
0.30 5.93 -0.59 1.00 0.00
0.30 5.93 -0.41 1.00 0.00
0.30 5.93 -0.24 1.00 0.00
0.30 5.93 -0.06 1.00 0.00
0.30 5.93 0.11 1.00 0.00
0.30 5.93 0.29 1.00 0.00
0.30 5.93 0.46 1.00 0.00
0.30 5.93 0.64 1.00 0.00
0.30 5.93 0.81 1.00 0.00
0.30 5.93 0.99 1.00 0.00
0.30 5.93 1.16 1.00 0.00
0.30 5.93 1.33 1.00 0.00
0.30 5.93 1.51 1.00 0.00
0.30 5.93 1.68 1.00 0.00
0.30 5.93 1.86 1.00 0.00
0.30 5.93 2.03 1.00 0.00
0.50 5.93 -0.92 1.00 0.00
0.50 5.93 -0.75 1.00 0.00
0.50 5.93 -0.57 1.00 0.00
0.50 5.93 -0.40 1.00 0.00
0.50 5.93 -0.22 1.00 0.00
0.50 5.93 -0.05 1.00 0.00
0.50 5.93 0.12 1.00 0.00
0.50 5.93 0.30 1.00 0.00
0.50 5.93 0.47 1.00 0.00
0.50 5.93 0.65 1.00 0.00
0.50 5.93 0.82 1.00 0.00
0.50 5.93 1.00 1.00 0.00
0.50 5.93 1.17 1.00 0.00
0.50 5.93 1.35 1.00 0.00
0.50 5.93 1.52 1.00 0.00
0.50 5.93 1.69 1.00 0.00
0.50 5.93 1.87 1.00 0.00
0.50 5.93 2.04 1.00 0.00
0.70 5.93 -0.91 1.00 0.00
0.70 5.93 -0.74 1.00 0.00
0.70 5.93 -0.56 1.00 0.00
0.70 5.93 -0.39 1.00 0.00
0.70 5.93 -0.21 1.00 0.00
0.70 5.93 -0.04 1.00 0.00
0.70 5.93 0.14 1.00 0.00
0.70 5.93 0.31 1.00 0.00
0.70 5.93 0.49 1.00 0.00
0.70 5.93 0.66 1.00 0.00
0.70 5.93 0.83 1.00 0.00
0.70 5.93 1.01 1.00 0.00
0.70 5.93 1.18 1.00 0.00
0.70 5.93 1.36 1.00 0.00
0.70 5.93 1.53 1.00 0.00
0.70 5.93 1.71 1.00 0.00
0.70 5.93 1.88 1.00 0.00
0.70 5.93 2.06 1.00 0.00
0.90 5.93 -0.90 1.00 0.00
0.90 5.93 -0.72 1.00 0.00
0.90 5.93 -0.55 1.00 0.00
0.90 5.93 -0.37 1.00 0.00
0.90 5.93 -0.20 1.00 0.00
0.90 5.93 -0.02 1.00 0.00
0.90 5.93 0.15 1.00 0.00
0.90 5.93 0.32 1.00 0.00
0.90 5.93 0.50 1.00 0.00
0.90 5.93 0.67 1.00 0.00
0.90 5.93 0.85 1.00 0.00
0.90 5.93 1.02 1.00 0.00
0.90 5.93 1.20 1.00 0.00
0.90 5.93 1.37 1.00 0.00
0.90 5.93 1.55 1.00 0.00
0.90 5.93 1.72 1.00 0.00
0.90 5.93 1.90 1.00 0.00
0.90 5.93 2.07 1.00 0.00
1.10 5.93 -0.88 1.00 0.00
1.10 5.93 -0.71 1.00 0.00
1.10 5.93 -0.53 1.00 0.00
1.10 5.93 -0.36 1.00 0.00
1.10 5.93 -0.18 1.00 0.00
1.10 5.93 -0.01 1.00 0.00
1.10 5.93 0.17 1.00 0.00
1.10 5.93 0.34 1.00 0.00
1.10 5.93 0.51 1.00 0.00
1.10 5.93 0.69 1.00 0.00
1.10 5.93 0.86 1.00 0.00
1.10 5.93 1.04 1.00 0.00
1.10 5.93 1.21 1.00 0.00
1.10 5.93 1.39 1.00 0.00
1.10 5.93 1.56 1.00 0.00
1.10 5.93 1.74 1.00 0.00
1.10 5.93 1.91 1.00 0.00
1.10 5.93 2.09 1.00 0.00
0.30 6.11 -0.93 1.00 0.00
0.30 6.11 -0.75 1.00 0.00
0.30 6.11 -0.58 1.00 0.00
0.30 6.11 -0.40 1.00 0.00
0.30 6.11 -0.23 1.00 0.00
0.30 6.11 -0.05 1.00 0.00
0.30 6.11 0.12 1.00 0.00
0.30 6.11 0.30 1.00 0.00
0.30 6.11 0.47 1.00 0.00
0.30 6.11 0.65 1.00 0.00
0.30 6.11 0.82 1.00 0.00
0.30 6.11 0.99 1.00 0.00
0.30 6.11 1.17 1.00 0.00
0.30 6.11 1.34 1.00 0.00
0.30 6.11 1.52 1.00 0.00
0.30 6.11 1.69 1.00 0.00
0.30 6.11 1.87 1.00 0.00
0.30 6.11 2.04 1.00 0.00
0.50 6.11 -0.91 1.00 0.00
0.50 6.11 -0.73 1.00 0.00
0.50 6.11 -0.56 1.00 0.00
0.50 6.11 -0.38 1.00 0.00
0.50 6.11 -0.21 1.00 0.00
0.50 6.11 -0.03 1.00 0.00
0.50 6.11 0.14 1.00 0.00
0.50 6.11 0.32 1.00 0.00
0.50 6.11 0.49 1.00 0.00
0.50 6.11 0.66 1.00 0.00
0.50 6.11 0.84 1.00 0.00
0.50 6.11 1.01 1.00 0.00
0.50 6.11 1.19 1.00 0.00
0.50 6.11 1.36 1.00 0.00
0.50 6.11 1.54 1.00 0.00
0.50 6.11 1.71 1.00 0.00
0.50 6.11 1.89 1.00 0.00
0.50 6.11 2.06 1.00 0.00
0.70 6.11 -0.89 1.00 0.00
0.70 6.11 -0.71 1.00 0.00
0.70 6.11 -0.54 1.00 0.00
0.70 6.11 -0.36 1.00 0.00
0.70 6.11 -0.19 1.00 0.00
0.70 6.11 -0.01 1.00 0.00
0.70 6.11 0.16 1.00 0.00
0.70 6.11 0.34 1.00 0.00
0.70 6.11 0.51 1.00 0.00
0.70 6.11 0.68 1.00 0.00
0.70 6.11 0.86 1.00 0.00
0.70 6.11 1.03 1.00 0.00
0.70 6.11 1.21 1.00 0.00
0.70 6.11 1.38 1.00 0.00
0.70 6.11 1.56 1.00 0.00
0.70 6.11 1.73 1.00 0.00
0.70 6.11 1.91 1.00 0.00
0.70 6.11 2.08 1.00 0.00
0.90 6.11 -0.87 1.00 0.00
0.90 6.11 -0.69 1.00 0.00
0.90 6.11 -0.52 1.00 0.00
0.90 6.11 -0.34 1.00 0.00
0.90 6.11 -0.17 1.00 0.00
0.90 6.11 0.01 1.00 0.00
0.90 6.11 0.18 1.00 0.00
0.90 6.11 0.36 1.00 0.00
0.90 6.11 0.53 1.00 0.00
0.90 6.11 0.71 1.00 0.00
0.90 6.11 0.88 1.00 0.00
0.90 6.11 1.05 1.00 0.00
0.90 6.11 1.23 1.00 0.00
0.90 6.11 1.40 1.00 0.00
0.90 6.11 1.58 1.00 0.00
0.90 6.11 1.75 1.00 0.00
0.90 6.11 1.93 1.00 0.00
0.90 6.11 2.10 1.00 0.00
1.10 6.11 -0.84 1.00 0.00
1.10 6.11 -0.67 1.00 0.00
1.10 6.11 -0.49 1.00 0.00
1.10 6.11 -0.32 1.00 0.00
1.10 6.11 -0.14 1.00 0.00
1.10 6.11 0.03 1.00 0.00
1.10 6.11 0.21 1.00 0.00
1.10 6.11 0.38 1.00 0.00
1.10 6.11 0.55 1.00 0.00
1.10 6.11 0.73 1.00 0.00
1.10 6.11 0.90 1.00 0.00
1.10 6.11 1.08 1.00 0.00
1.10 6.11 1.25 1.00 0.00
1.10 6.11 1.43 1.00 0.00
1.10 6.11 1.60 1.00 0.00
1.10 6.11 1.78 1.00 0.00
1.10 6.11 1.95 1.00 0.00
1.10 6.11 2.12 1.00 0.00
