0.30 0.00 4.99 1.00 0.00
0.30 0.00 5.17 1.00 0.00
0.30 0.00 5.34 1.00 0.00
0.30 0.00 5.52 1.00 0.00
0.30 0.00 5.69 1.00 0.00
0.30 0.00 5.87 1.00 0.00
0.30 0.00 6.04 1.00 0.00
0.30 0.00 6.21 1.00 0.00
0.30 0.00 6.39 1.00 0.00
0.30 0.00 6.56 1.00 0.00
0.30 0.00 6.74 1.00 0.00
0.30 0.00 6.91 1.00 0.00
0.30 0.00 7.09 1.00 0.00
0.30 0.00 7.26 1.00 0.00
0.30 0.00 7.44 1.00 0.00
0.30 0.00 7.61 1.00 0.00
0.30 0.00 7.79 1.00 0.00
0.30 0.00 7.96 1.00 0.00
0.50 0.00 5.02 1.00 0.00
0.50 0.00 5.19 1.00 0.00
0.50 0.00 5.37 1.00 0.00
0.50 0.00 5.54 1.00 0.00
0.50 0.00 5.72 1.00 0.00
0.50 0.00 5.89 1.00 0.00
0.50 0.00 6.07 1.00 0.00
0.50 0.00 6.24 1.00 0.00
0.50 0.00 6.41 1.00 0.00
0.50 0.00 6.59 1.00 0.00
0.50 0.00 6.76 1.00 0.00
0.50 0.00 6.94 1.00 0.00
0.50 0.00 7.11 1.00 0.00
0.50 0.00 7.29 1.00 0.00
0.50 0.00 7.46 1.00 0.00
0.50 0.00 7.64 1.00 0.00
0.50 0.00 7.81 1.00 0.00
0.50 0.00 7.99 1.00 0.00
0.70 0.00 5.05 1.00 0.00
0.70 0.00 5.22 1.00 0.00
0.70 0.00 5.40 1.00 0.00
0.70 0.00 5.57 1.00 0.00
0.70 0.00 5.75 1.00 0.00
0.70 0.00 5.92 1.00 0.00
0.70 0.00 6.10 1.00 0.00
0.70 0.00 6.27 1.00 0.00
0.70 0.00 6.44 1.00 0.00
0.70 0.00 6.62 1.00 0.00
0.70 0.00 6.79 1.00 0.00
0.70 0.00 6.97 1.00 0.00
0.70 0.00 7.14 1.00 0.00
0.70 0.00 7.32 1.00 0.00
0.70 0.00 7.49 1.00 0.00
0.70 0.00 7.67 1.00 0.00
0.70 0.00 7.84 1.00 0.00
0.70 0.00 8.02 1.00 0.00
0.90 0.00 -1.20 1.00 0.00
0.90 0.00 -1.02 1.00 0.00
0.90 0.00 -0.85 1.00 0.00
0.90 0.00 -0.68 1.00 0.00
0.90 0.00 -0.50 1.00 0.00
0.90 0.00 -0.33 1.00 0.00
0.90 0.00 -0.15 1.00 0.00
0.90 0.00 0.02 1.00 0.00
0.90 0.00 0.20 1.00 0.00
0.90 0.00 0.37 1.00 0.00
0.90 0.00 0.55 1.00 0.00
0.90 0.00 0.72 1.00 0.00
0.90 0.00 0.90 1.00 0.00
0.90 0.00 1.07 1.00 0.00
0.90 0.00 1.24 1.00 0.00
0.90 0.00 1.42 1.00 0.00
0.90 0.00 1.59 1.00 0.00
0.90 0.00 1.77 1.00 0.00
1.10 0.00 -1.15 1.00 0.00
1.10 0.00 -0.98 1.00 0.00
1.10 0.00 -0.81 1.00 0.00
1.10 0.00 -0.63 1.00 0.00
1.10 0.00 -0.46 1.00 0.00
1.10 0.00 -0.28 1.00 0.00
1.10 0.00 -0.11 1.00 0.00
1.10 0.00 0.07 1.00 0.00
1.10 0.00 0.24 1.00 0.00
1.10 0.00 0.42 1.00 0.00
1.10 0.00 0.59 1.00 0.00
1.10 0.00 0.77 1.00 0.00
1.10 0.00 0.94 1.00 0.00
1.10 0.00 1.11 1.00 0.00
1.10 0.00 1.29 1.00 0.00
1.10 0.00 1.46 1.00 0.00
1.10 0.00 1.64 1.00 0.00
1.10 0.00 1.81 1.00 0.00
0.30 0.17 5.01 1.00 0.00
0.30 0.17 5.19 1.00 0.00
0.30 0.17 5.36 1.00 0.00
0.30 0.17 5.54 1.00 0.00
0.30 0.17 5.71 1.00 0.00
0.30 0.17 5.89 1.00 0.00
0.30 0.17 6.06 1.00 0.00
0.30 0.17 6.24 1.00 0.00
0.30 0.17 6.41 1.00 0.00
0.30 0.17 6.58 1.00 0.00
0.30 0.17 6.76 1.00 0.00
0.30 0.17 6.93 1.00 0.00
0.30 0.17 7.11 1.00 0.00
0.30 0.17 7.28 1.00 0.00
0.30 0.17 7.46 1.00 0.00
0.30 0.17 7.63 1.00 0.00
0.30 0.17 7.81 1.00 0.00
0.30 0.17 7.98 1.00 0.00
0.50 0.17 5.05 1.00 0.00
0.50 0.17 5.23 1.00 0.00
0.50 0.17 5.40 1.00 0.00
0.50 0.17 5.58 1.00 0.00
0.50 0.17 5.75 1.00 0.00
0.50 0.17 5.93 1.00 0.00
0.50 0.17 6.10 1.00 0.00
0.50 0.17 6.28 1.00 0.00
0.50 0.17 6.45 1.00 0.00
0.50 0.17 6.63 1.00 0.00
0.50 0.17 6.80 1.00 0.00
0.50 0.17 6.97 1.00 0.00
0.50 0.17 7.15 1.00 0.00
0.50 0.17 7.32 1.00 0.00
0.50 0.17 7.50 1.00 0.00
0.50 0.17 7.67 1.00 0.00
0.50 0.17 7.85 1.00 0.00
0.50 0.17 8.02 1.00 0.00
0.70 0.17 -1.18 1.00 0.00
0.70 0.17 -1.01 1.00 0.00
0.70 0.17 -0.83 1.00 0.00
0.70 0.17 -0.66 1.00 0.00
0.70 0.17 -0.48 1.00 0.00
0.70 0.17 -0.31 1.00 0.00
0.70 0.17 -0.13 1.00 0.00
0.70 0.17 0.04 1.00 0.00
0.70 0.17 0.22 1.00 0.00
0.70 0.17 0.39 1.00 0.00
0.70 0.17 0.56 1.00 0.00
0.70 0.17 0.74 1.00 0.00
0.70 0.17 0.91 1.00 0.00
0.70 0.17 1.09 1.00 0.00
0.70 0.17 1.26 1.00 0.00
0.70 0.17 1.44 1.00 0.00
0.70 0.17 1.61 1.00 0.00
0.70 0.17 1.79 1.00 0.00
0.90 0.17 -1.12 1.00 0.00
0.90 0.17 -0.95 1.00 0.00
0.90 0.17 -0.78 1.00 0.00
0.90 0.17 -0.60 1.00 0.00
0.90 0.17 -0.43 1.00 0.00
0.90 0.17 -0.25 1.00 0.00
0.90 0.17 -0.08 1.00 0.00
0.90 0.17 0.10 1.00 0.00
0.90 0.17 0.27 1.00 0.00
0.90 0.17 0.45 1.00 0.00
0.90 0.17 0.62 1.00 0.00
0.90 0.17 0.80 1.00 0.00
0.90 0.17 0.97 1.00 0.00
0.90 0.17 1.14 1.00 0.00
0.90 0.17 1.32 1.00 0.00
0.90 0.17 1.49 1.00 0.00
0.90 0.17 1.67 1.00 0.00
0.90 0.17 1.84 1.00 0.00
1.10 0.17 -1.06 1.00 0.00
1.10 0.17 -0.88 1.00 0.00
1.10 0.17 -0.71 1.00 0.00
1.10 0.17 -0.53 1.00 0.00
1.10 0.17 -0.36 1.00 0.00
1.10 0.17 -0.18 1.00 0.00
1.10 0.17 -0.01 1.00 0.00
1.10 0.17 0.16 1.00 0.00
1.10 0.17 0.34 1.00 0.00
1.10 0.17 0.51 1.00 0.00
1.10 0.17 0.69 1.00 0.00
1.10 0.17 0.86 1.00 0.00
1.10 0.17 1.04 1.00 0.00
1.10 0.17 1.21 1.00 0.00
1.10 0.17 1.39 1.00 0.00
1.10 0.17 1.56 1.00 0.00
1.10 0.17 1.73 1.00 0.00
1.10 0.17 1.91 1.00 0.00
0.30 0.35 5.03 1.00 0.00
0.30 0.35 5.21 1.00 0.00
0.30 0.35 5.38 1.00 0.00
0.30 0.35 5.56 1.00 0.00
0.30 0.35 5.73 1.00 0.00
0.30 0.35 5.90 1.00 0.00
0.30 0.35 6.08 1.00 0.00
0.30 0.35 6.25 1.00 0.00
0.30 0.35 6.43 1.00 0.00
0.30 0.35 6.60 1.00 0.00
0.30 0.35 6.78 1.00 0.00
0.30 0.35 6.95 1.00 0.00
0.30 0.35 7.13 1.00 0.00
0.30 0.35 7.30 1.00 0.00
0.30 0.35 7.48 1.00 0.00
0.30 0.35 7.65 1.00 0.00
0.30 0.35 7.82 1.00 0.00
0.30 0.35 8.00 1.00 0.00
0.50 0.35 -1.20 1.00 0.00
0.50 0.35 -1.02 1.00 0.00
0.50 0.35 -0.85 1.00 0.00
0.50 0.35 -0.67 1.00 0.00
0.50 0.35 -0.50 1.00 0.00
0.50 0.35 -0.32 1.00 0.00
0.50 0.35 -0.15 1.00 0.00
0.50 0.35 0.02 1.00 0.00
0.50 0.35 0.20 1.00 0.00
0.50 0.35 0.37 1.00 0.00
0.50 0.35 0.55 1.00 0.00
0.50 0.35 0.72 1.00 0.00
0.50 0.35 0.90 1.00 0.00
0.50 0.35 1.07 1.00 0.00
0.50 0.35 1.25 1.00 0.00
0.50 0.35 1.42 1.00 0.00
0.50 0.35 1.60 1.00 0.00
0.50 0.35 1.77 1.00 0.00
0.70 0.35 -1.14 1.00 0.00
0.70 0.35 -0.96 1.00 0.00
0.70 0.35 -0.79 1.00 0.00
0.70 0.35 -0.61 1.00 0.00
0.70 0.35 -0.44 1.00 0.00
0.70 0.35 -0.26 1.00 0.00
0.70 0.35 -0.09 1.00 0.00
0.70 0.35 0.09 1.00 0.00
0.70 0.35 0.26 1.00 0.00
0.70 0.35 0.44 1.00 0.00
0.70 0.35 0.61 1.00 0.00
0.70 0.35 0.78 1.00 0.00
0.70 0.35 0.96 1.00 0.00
0.70 0.35 1.13 1.00 0.00
0.70 0.35 1.31 1.00 0.00
0.70 0.35 1.48 1.00 0.00
0.70 0.35 1.66 1.00 0.00
0.70 0.35 1.83 1.00 0.00
0.90 0.35 -1.06 1.00 0.00
0.90 0.35 -0.89 1.00 0.00
0.90 0.35 -0.72 1.00 0.00
0.90 0.35 -0.54 1.00 0.00
0.90 0.35 -0.37 1.00 0.00
0.90 0.35 -0.19 1.00 0.00
0.90 0.35 -0.02 1.00 0.00
0.90 0.35 0.16 1.00 0.00
0.90 0.35 0.33 1.00 0.00
0.90 0.35 0.51 1.00 0.00
0.90 0.35 0.68 1.00 0.00
0.90 0.35 0.85 1.00 0.00
0.90 0.35 1.03 1.00 0.00
0.90 0.35 1.20 1.00 0.00
0.90 0.35 1.38 1.00 0.00
0.90 0.35 1.55 1.00 0.00
0.90 0.35 1.73 1.00 0.00
0.90 0.35 1.90 1.00 0.00
1.10 0.35 -0.98 1.00 0.00
1.10 0.35 -0.81 1.00 0.00
1.10 0.35 -0.64 1.00 0.00
1.10 0.35 -0.46 1.00 0.00
1.10 0.35 -0.29 1.00 0.00
1.10 0.35 -0.11 1.00 0.00
1.10 0.35 0.06 1.00 0.00
1.10 0.35 0.24 1.00 0.00
1.10 0.35 0.41 1.00 0.00
1.10 0.35 0.59 1.00 0.00
1.10 0.35 0.76 1.00 0.00
1.10 0.35 0.94 1.00 0.00
1.10 0.35 1.11 1.00 0.00
1.10 0.35 1.28 1.00 0.00
1.10 0.35 1.46 1.00 0.00
1.10 0.35 1.63 1.00 0.00
1.10 0.35 1.81 1.00 0.00
1.10 0.35 1.98 1.00 0.00
0.30 0.52 5.05 1.00 0.00
0.30 0.52 5.22 1.00 0.00
0.30 0.52 5.40 1.00 0.00
0.30 0.52 5.57 1.00 0.00
0.30 0.52 5.75 1.00 0.00
0.30 0.52 5.92 1.00 0.00
0.30 0.52 6.09 1.00 0.00
0.30 0.52 6.27 1.00 0.00
0.30 0.52 6.44 1.00 0.00
0.30 0.52 6.62 1.00 0.00
0.30 0.52 6.79 1.00 0.00
0.30 0.52 6.97 1.00 0.00
0.30 0.52 7.14 1.00 0.00
0.30 0.52 7.32 1.00 0.00
0.30 0.52 7.49 1.00 0.00
0.30 0.52 7.66 1.00 0.00
0.30 0.52 7.84 1.00 0.00
0.30 0.52 8.01 1.00 0.00
0.50 0.52 -1.17 1.00 0.00
0.50 0.52 -1.00 1.00 0.00
0.50 0.52 -0.82 1.00 0.00
0.50 0.52 -0.65 1.00 0.00
0.50 0.52 -0.47 1.00 0.00
0.50 0.52 -0.30 1.00 0.00
0.50 0.52 -0.12 1.00 0.00
0.50 0.52 0.05 1.00 0.00
0.50 0.52 0.22 1.00 0.00
0.50 0.52 0.40 1.00 0.00
0.50 0.52 0.57 1.00 0.00
0.50 0.52 0.75 1.00 0.00
0.50 0.52 0.92 1.00 0.00
0.50 0.52 1.10 1.00 0.00
0.50 0.52 1.27 1.00 0.00
0.50 0.52 1.45 1.00 0.00
0.50 0.52 1.62 1.00 0.00
0.50 0.52 1.80 1.00 0.00
0.70 0.52 -1.10 1.00 0.00
0.70 0.52 -0.93 1.00 0.00
0.70 0.52 -0.75 1.00 0.00
0.70 0.52 -0.58 1.00 0.00
0.70 0.52 -0.40 1.00 0.00
0.70 0.52 -0.23 1.00 0.00
0.70 0.52 -0.05 1.00 0.00
0.70 0.52 0.12 1.00 0.00
0.70 0.52 0.30 1.00 0.00
0.70 0.52 0.47 1.00 0.00
0.70 0.52 0.64 1.00 0.00
0.70 0.52 0.82 1.00 0.00
0.70 0.52 0.99 1.00 0.00
0.70 0.52 1.17 1.00 0.00
0.70 0.52 1.34 1.00 0.00
0.70 0.52 1.52 1.00 0.00
0.70 0.52 1.69 1.00 0.00
0.70 0.52 1.87 1.00 0.00
0.90 0.52 -1.02 1.00 0.00
0.90 0.52 -0.85 1.00 0.00
0.90 0.52 -0.67 1.00 0.00
0.90 0.52 -0.50 1.00 0.00
0.90 0.52 -0.32 1.00 0.00
0.90 0.52 -0.15 1.00 0.00
0.90 0.52 0.03 1.00 0.00
0.90 0.52 0.20 1.00 0.00
0.90 0.52 0.37 1.00 0.00
0.90 0.52 0.55 1.00 0.00
0.90 0.52 0.72 1.00 0.00
0.90 0.52 0.90 1.00 0.00
0.90 0.52 1.07 1.00 0.00
0.90 0.52 1.25 1.00 0.00
0.90 0.52 1.42 1.00 0.00
0.90 0.52 1.60 1.00 0.00
0.90 0.52 1.77 1.00 0.00
0.90 0.52 1.95 1.00 0.00
1.10 0.52 -0.94 1.00 0.00
1.10 0.52 -0.76 1.00 0.00
1.10 0.52 -0.59 1.00 0.00
1.10 0.52 -0.41 1.00 0.00
1.10 0.52 -0.24 1.00 0.00
1.10 0.52 -0.06 1.00 0.00
1.10 0.52 0.11 1.00 0.00
1.10 0.52 0.29 1.00 0.00
1.10 0.52 0.46 1.00 0.00
1.10 0.52 0.64 1.00 0.00
1.10 0.52 0.81 1.00 0.00
1.10 0.52 0.98 1.00 0.00
1.10 0.52 1.16 1.00 0.00
1.10 0.52 1.33 1.00 0.00
1.10 0.52 1.51 1.00 0.00
1.10 0.52 1.68 1.00 0.00
1.10 0.52 1.86 1.00 0.00
1.10 0.52 2.03 1.00 0.00
0.30 0.70 5.06 1.00 0.00
0.30 0.70 5.23 1.00 0.00
0.30 0.70 5.41 1.00 0.00
0.30 0.70 5.58 1.00 0.00
0.30 0.70 5.76 1.00 0.00
0.30 0.70 5.93 1.00 0.00
0.30 0.70 6.11 1.00 0.00
0.30 0.70 6.28 1.00 0.00
0.30 0.70 6.46 1.00 0.00
0.30 0.70 6.63 1.00 0.00
0.30 0.70 6.80 1.00 0.00
0.30 0.70 6.98 1.00 0.00
0.30 0.70 7.15 1.00 0.00
0.30 0.70 7.33 1.00 0.00
0.30 0.70 7.50 1.00 0.00
0.30 0.70 7.68 1.00 0.00
0.30 0.70 7.85 1.00 0.00
0.30 0.70 8.03 1.00 0.00
0.50 0.70 -1.15 1.00 0.00
0.50 0.70 -0.98 1.00 0.00
0.50 0.70 -0.80 1.00 0.00
0.50 0.70 -0.63 1.00 0.00
0.50 0.70 -0.45 1.00 0.00
0.50 0.70 -0.28 1.00 0.00
0.50 0.70 -0.11 1.00 0.00
0.50 0.70 0.07 1.00 0.00
0.50 0.70 0.24 1.00 0.00
0.50 0.70 0.42 1.00 0.00
0.50 0.70 0.59 1.00 0.00
0.50 0.70 0.77 1.00 0.00
0.50 0.70 0.94 1.00 0.00
0.50 0.70 1.12 1.00 0.00
0.50 0.70 1.29 1.00 0.00
0.50 0.70 1.47 1.00 0.00
0.50 0.70 1.64 1.00 0.00
0.50 0.70 1.81 1.00 0.00
0.70 0.70 -1.08 1.00 0.00
0.70 0.70 -0.90 1.00 0.00
0.70 0.70 -0.73 1.00 0.00
0.70 0.70 -0.55 1.00 0.00
0.70 0.70 -0.38 1.00 0.00
0.70 0.70 -0.20 1.00 0.00
0.70 0.70 -0.03 1.00 0.00
0.70 0.70 0.15 1.00 0.00
0.70 0.70 0.32 1.00 0.00
0.70 0.70 0.49 1.00 0.00
0.70 0.70 0.67 1.00 0.00
0.70 0.70 0.84 1.00 0.00
0.70 0.70 1.02 1.00 0.00
0.70 0.70 1.19 1.00 0.00
0.70 0.70 1.37 1.00 0.00
0.70 0.70 1.54 1.00 0.00
0.70 0.70 1.72 1.00 0.00
0.70 0.70 1.89 1.00 0.00
0.90 0.70 -0.99 1.00 0.00
0.90 0.70 -0.82 1.00 0.00
0.90 0.70 -0.65 1.00 0.00
0.90 0.70 -0.47 1.00 0.00
0.90 0.70 -0.30 1.00 0.00
0.90 0.70 -0.12 1.00 0.00
0.90 0.70 0.05 1.00 0.00
0.90 0.70 0.23 1.00 0.00
0.90 0.70 0.40 1.00 0.00
0.90 0.70 0.58 1.00 0.00
0.90 0.70 0.75 1.00 0.00
0.90 0.70 0.93 1.00 0.00
0.90 0.70 1.10 1.00 0.00
0.90 0.70 1.27 1.00 0.00
0.90 0.70 1.45 1.00 0.00
0.90 0.70 1.62 1.00 0.00
0.90 0.70 1.80 1.00 0.00
0.90 0.70 1.97 1.00 0.00
1.10 0.70 -0.91 1.00 0.00
1.10 0.70 -0.73 1.00 0.00
1.10 0.70 -0.56 1.00 0.00
1.10 0.70 -0.38 1.00 0.00
1.10 0.70 -0.21 1.00 0.00
1.10 0.70 -0.04 1.00 0.00
1.10 0.70 0.14 1.00 0.00
1.10 0.70 0.31 1.00 0.00
1.10 0.70 0.49 1.00 0.00
1.10 0.70 0.66 1.00 0.00
1.10 0.70 0.84 1.00 0.00
1.10 0.70 1.01 1.00 0.00
1.10 0.70 1.19 1.00 0.00
1.10 0.70 1.36 1.00 0.00
1.10 0.70 1.54 1.00 0.00
1.10 0.70 1.71 1.00 0.00
1.10 0.70 1.88 1.00 0.00
1.10 0.70 2.06 1.00 0.00
0.30 0.87 -1.22 1.00 0.00
0.30 0.87 -1.04 1.00 0.00
0.30 0.87 -0.87 1.00 0.00
0.30 0.87 -0.69 1.00 0.00
0.30 0.87 -0.52 1.00 0.00
0.30 0.87 -0.34 1.00 0.00
0.30 0.87 -0.17 1.00 0.00
0.30 0.87 0.01 1.00 0.00
0.30 0.87 0.18 1.00 0.00
0.30 0.87 0.36 1.00 0.00
0.30 0.87 0.53 1.00 0.00
0.30 0.87 0.70 1.00 0.00
0.30 0.87 0.88 1.00 0.00
0.30 0.87 1.05 1.00 0.00
0.30 0.87 1.23 1.00 0.00
0.30 0.87 1.40 1.00 0.00
0.30 0.87 1.58 1.00 0.00
0.30 0.87 1.75 1.00 0.00
0.50 0.87 -1.14 1.00 0.00
0.50 0.87 -0.97 1.00 0.00
0.50 0.87 -0.79 1.00 0.00
0.50 0.87 -0.62 1.00 0.00
0.50 0.87 -0.44 1.00 0.00
0.50 0.87 -0.27 1.00 0.00
0.50 0.87 -0.09 1.00 0.00
0.50 0.87 0.08 1.00 0.00
0.50 0.87 0.26 1.00 0.00
0.50 0.87 0.43 1.00 0.00
0.50 0.87 0.61 1.00 0.00
0.50 0.87 0.78 1.00 0.00
0.50 0.87 0.95 1.00 0.00
0.50 0.87 1.13 1.00 0.00
0.50 0.87 1.30 1.00 0.00
0.50 0.87 1.48 1.00 0.00
0.50 0.87 1.65 1.00 0.00
0.50 0.87 1.83 1.00 0.00
0.70 0.87 -1.06 1.00 0.00
0.70 0.87 -0.89 1.00 0.00
0.70 0.87 -0.71 1.00 0.00
0.70 0.87 -0.54 1.00 0.00
0.70 0.87 -0.36 1.00 0.00
0.70 0.87 -0.19 1.00 0.00
0.70 0.87 -0.01 1.00 0.00
0.70 0.87 0.16 1.00 0.00
0.70 0.87 0.33 1.00 0.00
0.70 0.87 0.51 1.00 0.00
0.70 0.87 0.68 1.00 0.00
0.70 0.87 0.86 1.00 0.00
0.70 0.87 1.03 1.00 0.00
0.70 0.87 1.21 1.00 0.00
0.70 0.87 1.38 1.00 0.00
0.70 0.87 1.56 1.00 0.00
0.70 0.87 1.73 1.00 0.00
0.70 0.87 1.91 1.00 0.00
0.90 0.87 -0.98 1.00 0.00
0.90 0.87 -0.81 1.00 0.00
0.90 0.87 -0.63 1.00 0.00
0.90 0.87 -0.46 1.00 0.00
0.90 0.87 -0.28 1.00 0.00
0.90 0.87 -0.11 1.00 0.00
0.90 0.87 0.07 1.00 0.00
0.90 0.87 0.24 1.00 0.00
0.90 0.87 0.42 1.00 0.00
0.90 0.87 0.59 1.00 0.00
0.90 0.87 0.76 1.00 0.00
0.90 0.87 0.94 1.00 0.00
0.90 0.87 1.11 1.00 0.00
0.90 0.87 1.29 1.00 0.00
0.90 0.87 1.46 1.00 0.00
0.90 0.87 1.64 1.00 0.00
0.90 0.87 1.81 1.00 0.00
0.90 0.87 1.99 1.00 0.00
1.10 0.87 -0.90 1.00 0.00
1.10 0.87 -0.72 1.00 0.00
1.10 0.87 -0.55 1.00 0.00
1.10 0.87 -0.37 1.00 0.00
1.10 0.87 -0.20 1.00 0.00
1.10 0.87 -0.03 1.00 0.00
1.10 0.87 0.15 1.00 0.00
1.10 0.87 0.32 1.00 0.00
1.10 0.87 0.50 1.00 0.00
1.10 0.87 0.67 1.00 0.00
1.10 0.87 0.85 1.00 0.00
1.10 0.87 1.02 1.00 0.00
1.10 0.87 1.20 1.00 0.00
1.10 0.87 1.37 1.00 0.00
1.10 0.87 1.54 1.00 0.00
1.10 0.87 1.72 1.00 0.00
1.10 0.87 1.89 1.00 0.00
1.10 0.87 2.07 1.00 0.00
0.30 1.05 -1.21 1.00 0.00
0.30 1.05 -1.04 1.00 0.00
0.30 1.05 -0.86 1.00 0.00
0.30 1.05 -0.69 1.00 0.00
0.30 1.05 -0.51 1.00 0.00
0.30 1.05 -0.34 1.00 0.00
0.30 1.05 -0.16 1.00 0.00
0.30 1.05 0.01 1.00 0.00
0.30 1.05 0.19 1.00 0.00
0.30 1.05 0.36 1.00 0.00
0.30 1.05 0.53 1.00 0.00
0.30 1.05 0.71 1.00 0.00
0.30 1.05 0.88 1.00 0.00
0.30 1.05 1.06 1.00 0.00
0.30 1.05 1.23 1.00 0.00
0.30 1.05 1.41 1.00 0.00
0.30 1.05 1.58 1.00 0.00
0.30 1.05 1.76 1.00 0.00
0.50 1.05 -1.13 1.00 0.00
0.50 1.05 -0.96 1.00 0.00
0.50 1.05 -0.79 1.00 0.00
0.50 1.05 -0.61 1.00 0.00
0.50 1.05 -0.44 1.00 0.00
0.50 1.05 -0.26 1.00 0.00
0.50 1.05 -0.09 1.00 0.00
0.50 1.05 0.09 1.00 0.00
0.50 1.05 0.26 1.00 0.00
0.50 1.05 0.44 1.00 0.00
0.50 1.05 0.61 1.00 0.00
0.50 1.05 0.79 1.00 0.00
0.50 1.05 0.96 1.00 0.00
0.50 1.05 1.13 1.00 0.00
0.50 1.05 1.31 1.00 0.00
0.50 1.05 1.48 1.00 0.00
0.50 1.05 1.66 1.00 0.00
0.50 1.05 1.83 1.00 0.00
0.70 1.05 -1.06 1.00 0.00
0.70 1.05 -0.88 1.00 0.00
0.70 1.05 -0.71 1.00 0.00
0.70 1.05 -0.53 1.00 0.00
0.70 1.05 -0.36 1.00 0.00
0.70 1.05 -0.18 1.00 0.00
0.70 1.05 -0.01 1.00 0.00
0.70 1.05 0.16 1.00 0.00
0.70 1.05 0.34 1.00 0.00
0.70 1.05 0.51 1.00 0.00
0.70 1.05 0.69 1.00 0.00
0.70 1.05 0.86 1.00 0.00
0.70 1.05 1.04 1.00 0.00
0.70 1.05 1.21 1.00 0.00
0.70 1.05 1.39 1.00 0.00
0.70 1.05 1.56 1.00 0.00
0.70 1.05 1.74 1.00 0.00
0.70 1.05 1.91 1.00 0.00
0.90 1.05 -0.98 1.00 0.00
0.90 1.05 -0.81 1.00 0.00
0.90 1.05 -0.63 1.00 0.00
0.90 1.05 -0.46 1.00 0.00
0.90 1.05 -0.28 1.00 0.00
0.90 1.05 -0.11 1.00 0.00
0.90 1.05 0.07 1.00 0.00
0.90 1.05 0.24 1.00 0.00
0.90 1.05 0.42 1.00 0.00
0.90 1.05 0.59 1.00 0.00
0.90 1.05 0.77 1.00 0.00
0.90 1.05 0.94 1.00 0.00
0.90 1.05 1.11 1.00 0.00
0.90 1.05 1.29 1.00 0.00
0.90 1.05 1.46 1.00 0.00
0.90 1.05 1.64 1.00 0.00
0.90 1.05 1.81 1.00 0.00
0.90 1.05 1.99 1.00 0.00
1.10 1.05 -0.90 1.00 0.00
1.10 1.05 -0.73 1.00 0.00
1.10 1.05 -0.55 1.00 0.00
1.10 1.05 -0.38 1.00 0.00
1.10 1.05 -0.20 1.00 0.00
1.10 1.05 -0.03 1.00 0.00
1.10 1.05 0.14 1.00 0.00
1.10 1.05 0.32 1.00 0.00
1.10 1.05 0.49 1.00 0.00
1.10 1.05 0.67 1.00 0.00
1.10 1.05 0.84 1.00 0.00
1.10 1.05 1.02 1.00 0.00
1.10 1.05 1.19 1.00 0.00
1.10 1.05 1.37 1.00 0.00
1.10 1.05 1.54 1.00 0.00
1.10 1.05 1.72 1.00 0.00
1.10 1.05 1.89 1.00 0.00
1.10 1.05 2.06 1.00 0.00
0.30 1.22 -1.21 1.00 0.00
0.30 1.22 -1.03 1.00 0.00
0.30 1.22 -0.86 1.00 0.00
0.30 1.22 -0.69 1.00 0.00
0.30 1.22 -0.51 1.00 0.00
0.30 1.22 -0.34 1.00 0.00
0.30 1.22 -0.16 1.00 0.00
0.30 1.22 0.01 1.00 0.00
0.30 1.22 0.19 1.00 0.00
0.30 1.22 0.36 1.00 0.00
0.30 1.22 0.54 1.00 0.00
0.30 1.22 0.71 1.00 0.00
0.30 1.22 0.89 1.00 0.00
0.30 1.22 1.06 1.00 0.00
0.30 1.22 1.23 1.00 0.00
0.30 1.22 1.41 1.00 0.00
0.30 1.22 1.58 1.00 0.00
0.30 1.22 1.76 1.00 0.00
0.50 1.22 -1.13 1.00 0.00
0.50 1.22 -0.96 1.00 0.00
0.50 1.22 -0.79 1.00 0.00
0.50 1.22 -0.61 1.00 0.00
0.50 1.22 -0.44 1.00 0.00
0.50 1.22 -0.26 1.00 0.00
0.50 1.22 -0.09 1.00 0.00
0.50 1.22 0.09 1.00 0.00
0.50 1.22 0.26 1.00 0.00
0.50 1.22 0.44 1.00 0.00
0.50 1.22 0.61 1.00 0.00
0.50 1.22 0.79 1.00 0.00
0.50 1.22 0.96 1.00 0.00
0.50 1.22 1.13 1.00 0.00
0.50 1.22 1.31 1.00 0.00
0.50 1.22 1.48 1.00 0.00
0.50 1.22 1.66 1.00 0.00
0.50 1.22 1.83 1.00 0.00
0.70 1.22 -1.06 1.00 0.00
0.70 1.22 -0.89 1.00 0.00
0.70 1.22 -0.71 1.00 0.00
0.70 1.22 -0.54 1.00 0.00
0.70 1.22 -0.36 1.00 0.00
0.70 1.22 -0.19 1.00 0.00
0.70 1.22 -0.01 1.00 0.00
0.70 1.22 0.16 1.00 0.00
0.70 1.22 0.34 1.00 0.00
0.70 1.22 0.51 1.00 0.00
0.70 1.22 0.68 1.00 0.00
0.70 1.22 0.86 1.00 0.00
0.70 1.22 1.03 1.00 0.00
0.70 1.22 1.21 1.00 0.00
0.70 1.22 1.38 1.00 0.00
0.70 1.22 1.56 1.00 0.00
0.70 1.22 1.73 1.00 0.00
0.70 1.22 1.91 1.00 0.00
0.90 1.22 -0.99 1.00 0.00
0.90 1.22 -0.81 1.00 0.00
0.90 1.22 -0.64 1.00 0.00
0.90 1.22 -0.46 1.00 0.00
0.90 1.22 -0.29 1.00 0.00
0.90 1.22 -0.12 1.00 0.00
0.90 1.22 0.06 1.00 0.00
0.90 1.22 0.23 1.00 0.00
0.90 1.22 0.41 1.00 0.00
0.90 1.22 0.58 1.00 0.00
0.90 1.22 0.76 1.00 0.00
0.90 1.22 0.93 1.00 0.00
0.90 1.22 1.11 1.00 0.00
0.90 1.22 1.28 1.00 0.00
0.90 1.22 1.46 1.00 0.00
0.90 1.22 1.63 1.00 0.00
0.90 1.22 1.80 1.00 0.00
0.90 1.22 1.98 1.00 0.00
1.10 1.22 -0.92 1.00 0.00
1.10 1.22 -0.74 1.00 0.00
1.10 1.22 -0.57 1.00 0.00
1.10 1.22 -0.40 1.00 0.00
1.10 1.22 -0.22 1.00 0.00
1.10 1.22 -0.05 1.00 0.00
1.10 1.22 0.13 1.00 0.00
1.10 1.22 0.30 1.00 0.00
1.10 1.22 0.48 1.00 0.00
1.10 1.22 0.65 1.00 0.00
1.10 1.22 0.83 1.00 0.00
1.10 1.22 1.00 1.00 0.00
1.10 1.22 1.18 1.00 0.00
1.10 1.22 1.35 1.00 0.00
1.10 1.22 1.52 1.00 0.00
1.10 1.22 1.70 1.00 0.00
1.10 1.22 1.87 1.00 0.00
1.10 1.22 2.05 1.00 0.00
0.30 1.40 -1.21 1.00 0.00
0.30 1.40 -1.04 1.00 0.00
0.30 1.40 -0.86 1.00 0.00
0.30 1.40 -0.69 1.00 0.00
0.30 1.40 -0.51 1.00 0.00
0.30 1.40 -0.34 1.00 0.00
0.30 1.40 -0.16 1.00 0.00
0.30 1.40 0.01 1.00 0.00
0.30 1.40 0.19 1.00 0.00
0.30 1.40 0.36 1.00 0.00
0.30 1.40 0.53 1.00 0.00
0.30 1.40 0.71 1.00 0.00
0.30 1.40 0.88 1.00 0.00
0.30 1.40 1.06 1.00 0.00
0.30 1.40 1.23 1.00 0.00
0.30 1.40 1.41 1.00 0.00
0.30 1.40 1.58 1.00 0.00
0.30 1.40 1.76 1.00 0.00
0.50 1.40 -1.14 1.00 0.00
0.50 1.40 -0.97 1.00 0.00
0.50 1.40 -0.79 1.00 0.00
0.50 1.40 -0.62 1.00 0.00
0.50 1.40 -0.44 1.00 0.00
0.50 1.40 -0.27 1.00 0.00
0.50 1.40 -0.09 1.00 0.00
0.50 1.40 0.08 1.00 0.00
0.50 1.40 0.26 1.00 0.00
0.50 1.40 0.43 1.00 0.00
0.50 1.40 0.61 1.00 0.00
0.50 1.40 0.78 1.00 0.00
0.50 1.40 0.95 1.00 0.00
0.50 1.40 1.13 1.00 0.00
0.50 1.40 1.30 1.00 0.00
0.50 1.40 1.48 1.00 0.00
0.50 1.40 1.65 1.00 0.00
0.50 1.40 1.83 1.00 0.00
0.70 1.40 -1.07 1.00 0.00
0.70 1.40 -0.90 1.00 0.00
0.70 1.40 -0.72 1.00 0.00
0.70 1.40 -0.55 1.00 0.00
0.70 1.40 -0.37 1.00 0.00
0.70 1.40 -0.20 1.00 0.00
0.70 1.40 -0.02 1.00 0.00
0.70 1.40 0.15 1.00 0.00
0.70 1.40 0.33 1.00 0.00
0.70 1.40 0.50 1.00 0.00
0.70 1.40 0.67 1.00 0.00
0.70 1.40 0.85 1.00 0.00
0.70 1.40 1.02 1.00 0.00
0.70 1.40 1.20 1.00 0.00
0.70 1.40 1.37 1.00 0.00
0.70 1.40 1.55 1.00 0.00
0.70 1.40 1.72 1.00 0.00
0.70 1.40 1.90 1.00 0.00
0.90 1.40 -1.01 1.00 0.00
0.90 1.40 -0.83 1.00 0.00
0.90 1.40 -0.66 1.00 0.00
0.90 1.40 -0.48 1.00 0.00
0.90 1.40 -0.31 1.00 0.00
0.90 1.40 -0.13 1.00 0.00
0.90 1.40 0.04 1.00 0.00
0.90 1.40 0.22 1.00 0.00
0.90 1.40 0.39 1.00 0.00
0.90 1.40 0.57 1.00 0.00
0.90 1.40 0.74 1.00 0.00
0.90 1.40 0.91 1.00 0.00
0.90 1.40 1.09 1.00 0.00
0.90 1.40 1.26 1.00 0.00
0.90 1.40 1.44 1.00 0.00
0.90 1.40 1.61 1.00 0.00
0.90 1.40 1.79 1.00 0.00
0.90 1.40 1.96 1.00 0.00
1.10 1.40 -0.94 1.00 0.00
1.10 1.40 -0.77 1.00 0.00
1.10 1.40 -0.59 1.00 0.00
1.10 1.40 -0.42 1.00 0.00
1.10 1.40 -0.25 1.00 0.00
1.10 1.40 -0.07 1.00 0.00
1.10 1.40 0.10 1.00 0.00
1.10 1.40 0.28 1.00 0.00
1.10 1.40 0.45 1.00 0.00
1.10 1.40 0.63 1.00 0.00
1.10 1.40 0.80 1.00 0.00
1.10 1.40 0.98 1.00 0.00
1.10 1.40 1.15 1.00 0.00
1.10 1.40 1.33 1.00 0.00
1.10 1.40 1.50 1.00 0.00
1.10 1.40 1.67 1.00 0.00
1.10 1.40 1.85 1.00 0.00
1.10 1.40 2.02 1.00 0.00
0.30 1.57 -1.22 1.00 0.00
0.30 1.57 -1.04 1.00 0.00
0.30 1.57 -0.87 1.00 0.00
0.30 1.57 -0.69 1.00 0.00
0.30 1.57 -0.52 1.00 0.00
0.30 1.57 -0.34 1.00 0.00
0.30 1.57 -0.17 1.00 0.00
0.30 1.57 0.01 1.00 0.00
0.30 1.57 0.18 1.00 0.00
0.30 1.57 0.35 1.00 0.00
0.30 1.57 0.53 1.00 0.00
0.30 1.57 0.70 1.00 0.00
0.30 1.57 0.88 1.00 0.00
0.30 1.57 1.05 1.00 0.00
0.30 1.57 1.23 1.00 0.00
0.30 1.57 1.40 1.00 0.00
0.30 1.57 1.58 1.00 0.00
0.30 1.57 1.75 1.00 0.00
0.50 1.57 -1.15 1.00 0.00
0.50 1.57 -0.98 1.00 0.00
0.50 1.57 -0.80 1.00 0.00
0.50 1.57 -0.63 1.00 0.00
0.50 1.57 -0.45 1.00 0.00
0.50 1.57 -0.28 1.00 0.00
0.50 1.57 -0.10 1.00 0.00
0.50 1.57 0.07 1.00 0.00
0.50 1.57 0.25 1.00 0.00
0.50 1.57 0.42 1.00 0.00
0.50 1.57 0.60 1.00 0.00
0.50 1.57 0.77 1.00 0.00
0.50 1.57 0.94 1.00 0.00
0.50 1.57 1.12 1.00 0.00
0.50 1.57 1.29 1.00 0.00
0.50 1.57 1.47 1.00 0.00
0.50 1.57 1.64 1.00 0.00
0.50 1.57 1.82 1.00 0.00
0.70 1.57 -1.09 1.00 0.00
0.70 1.57 -0.91 1.00 0.00
0.70 1.57 -0.74 1.00 0.00
0.70 1.57 -0.56 1.00 0.00
0.70 1.57 -0.39 1.00 0.00
0.70 1.57 -0.22 1.00 0.00
0.70 1.57 -0.04 1.00 0.00
0.70 1.57 0.13 1.00 0.00
0.70 1.57 0.31 1.00 0.00
0.70 1.57 0.48 1.00 0.00
0.70 1.57 0.66 1.00 0.00
0.70 1.57 0.83 1.00 0.00
0.70 1.57 1.01 1.00 0.00
0.70 1.57 1.18 1.00 0.00
0.70 1.57 1.36 1.00 0.00
0.70 1.57 1.53 1.00 0.00
0.70 1.57 1.70 1.00 0.00
0.70 1.57 1.88 1.00 0.00
0.90 1.57 -1.03 1.00 0.00
0.90 1.57 -0.85 1.00 0.00
0.90 1.57 -0.68 1.00 0.00
0.90 1.57 -0.51 1.00 0.00
0.90 1.57 -0.33 1.00 0.00
0.90 1.57 -0.16 1.00 0.00
0.90 1.57 0.02 1.00 0.00
0.90 1.57 0.19 1.00 0.00
0.90 1.57 0.37 1.00 0.00
0.90 1.57 0.54 1.00 0.00
0.90 1.57 0.72 1.00 0.00
0.90 1.57 0.89 1.00 0.00
0.90 1.57 1.07 1.00 0.00
0.90 1.57 1.24 1.00 0.00
0.90 1.57 1.41 1.00 0.00
0.90 1.57 1.59 1.00 0.00
0.90 1.57 1.76 1.00 0.00
0.90 1.57 1.94 1.00 0.00
1.10 1.57 -0.97 1.00 0.00
1.10 1.57 -0.80 1.00 0.00
1.10 1.57 -0.63 1.00 0.00
1.10 1.57 -0.45 1.00 0.00
1.10 1.57 -0.28 1.00 0.00
1.10 1.57 -0.10 1.00 0.00
1.10 1.57 0.07 1.00 0.00
1.10 1.57 0.25 1.00 0.00
1.10 1.57 0.42 1.00 0.00
1.10 1.57 0.60 1.00 0.00
1.10 1.57 0.77 1.00 0.00
1.10 1.57 0.95 1.00 0.00
1.10 1.57 1.12 1.00 0.00
1.10 1.57 1.29 1.00 0.00
1.10 1.57 1.47 1.00 0.00
1.10 1.57 1.64 1.00 0.00
1.10 1.57 1.82 1.00 0.00
1.10 1.57 1.99 1.00 0.00
0.30 1.75 5.06 1.00 0.00
0.30 1.75 5.23 1.00 0.00
0.30 1.75 5.41 1.00 0.00
0.30 1.75 5.58 1.00 0.00
0.30 1.75 5.76 1.00 0.00
0.30 1.75 5.93 1.00 0.00
0.30 1.75 6.11 1.00 0.00
0.30 1.75 6.28 1.00 0.00
0.30 1.75 6.46 1.00 0.00
0.30 1.75 6.63 1.00 0.00
0.30 1.75 6.80 1.00 0.00
0.30 1.75 6.98 1.00 0.00
0.30 1.75 7.15 1.00 0.00
0.30 1.75 7.33 1.00 0.00
0.30 1.75 7.50 1.00 0.00
0.30 1.75 7.68 1.00 0.00
0.30 1.75 7.85 1.00 0.00
0.30 1.75 8.03 1.00 0.00
0.50 1.75 -1.16 1.00 0.00
0.50 1.75 -0.99 1.00 0.00
0.50 1.75 -0.82 1.00 0.00
0.50 1.75 -0.64 1.00 0.00
0.50 1.75 -0.47 1.00 0.00
0.50 1.75 -0.29 1.00 0.00
0.50 1.75 -0.12 1.00 0.00
0.50 1.75 0.06 1.00 0.00
0.50 1.75 0.23 1.00 0.00
0.50 1.75 0.41 1.00 0.00
0.50 1.75 0.58 1.00 0.00
0.50 1.75 0.76 1.00 0.00
0.50 1.75 0.93 1.00 0.00
0.50 1.75 1.10 1.00 0.00
0.50 1.75 1.28 1.00 0.00
0.50 1.75 1.45 1.00 0.00
0.50 1.75 1.63 1.00 0.00
0.50 1.75 1.80 1.00 0.00
0.70 1.75 -1.11 1.00 0.00
0.70 1.75 -0.93 1.00 0.00
0.70 1.75 -0.76 1.00 0.00
0.70 1.75 -0.59 1.00 0.00
0.70 1.75 -0.41 1.00 0.00
0.70 1.75 -0.24 1.00 0.00
0.70 1.75 -0.06 1.00 0.00
0.70 1.75 0.11 1.00 0.00
0.70 1.75 0.29 1.00 0.00
0.70 1.75 0.46 1.00 0.00
0.70 1.75 0.64 1.00 0.00
0.70 1.75 0.81 1.00 0.00
0.70 1.75 0.98 1.00 0.00
0.70 1.75 1.16 1.00 0.00
0.70 1.75 1.33 1.00 0.00
0.70 1.75 1.51 1.00 0.00
0.70 1.75 1.68 1.00 0.00
0.70 1.75 1.86 1.00 0.00
0.90 1.75 -1.06 1.00 0.00
0.90 1.75 -0.88 1.00 0.00
0.90 1.75 -0.71 1.00 0.00
0.90 1.75 -0.53 1.00 0.00
0.90 1.75 -0.36 1.00 0.00
0.90 1.75 -0.19 1.00 0.00
0.90 1.75 -0.01 1.00 0.00
0.90 1.75 0.16 1.00 0.00
0.90 1.75 0.34 1.00 0.00
0.90 1.75 0.51 1.00 0.00
0.90 1.75 0.69 1.00 0.00
0.90 1.75 0.86 1.00 0.00
0.90 1.75 1.04 1.00 0.00
0.90 1.75 1.21 1.00 0.00
0.90 1.75 1.38 1.00 0.00
0.90 1.75 1.56 1.00 0.00
0.90 1.75 1.73 1.00 0.00
0.90 1.75 1.91 1.00 0.00
1.10 1.75 -1.01 1.00 0.00
1.10 1.75 -0.84 1.00 0.00
1.10 1.75 -0.66 1.00 0.00
1.10 1.75 -0.49 1.00 0.00
1.10 1.75 -0.31 1.00 0.00
1.10 1.75 -0.14 1.00 0.00
1.10 1.75 0.04 1.00 0.00
1.10 1.75 0.21 1.00 0.00
1.10 1.75 0.38 1.00 0.00
1.10 1.75 0.56 1.00 0.00
1.10 1.75 0.73 1.00 0.00
1.10 1.75 0.91 1.00 0.00
1.10 1.75 1.08 1.00 0.00
1.10 1.75 1.26 1.00 0.00
1.10 1.75 1.43 1.00 0.00
1.10 1.75 1.61 1.00 0.00
1.10 1.75 1.78 1.00 0.00
1.10 1.75 1.96 1.00 0.00
0.30 1.92 5.05 1.00 0.00
0.30 1.92 5.22 1.00 0.00
0.30 1.92 5.40 1.00 0.00
0.30 1.92 5.57 1.00 0.00
0.30 1.92 5.75 1.00 0.00
0.30 1.92 5.92 1.00 0.00
0.30 1.92 6.10 1.00 0.00
0.30 1.92 6.27 1.00 0.00
0.30 1.92 6.45 1.00 0.00
0.30 1.92 6.62 1.00 0.00
0.30 1.92 6.79 1.00 0.00
0.30 1.92 6.97 1.00 0.00
0.30 1.92 7.14 1.00 0.00
0.30 1.92 7.32 1.00 0.00
0.30 1.92 7.49 1.00 0.00
0.30 1.92 7.67 1.00 0.00
0.30 1.92 7.84 1.00 0.00
0.30 1.92 8.02 1.00 0.00
0.50 1.92 -1.18 1.00 0.00
0.50 1.92 -1.01 1.00 0.00
0.50 1.92 -0.83 1.00 0.00
0.50 1.92 -0.66 1.00 0.00
0.50 1.92 -0.48 1.00 0.00
0.50 1.92 -0.31 1.00 0.00
0.50 1.92 -0.14 1.00 0.00
0.50 1.92 0.04 1.00 0.00
0.50 1.92 0.21 1.00 0.00
0.50 1.92 0.39 1.00 0.00
0.50 1.92 0.56 1.00 0.00
0.50 1.92 0.74 1.00 0.00
0.50 1.92 0.91 1.00 0.00
0.50 1.92 1.09 1.00 0.00
0.50 1.92 1.26 1.00 0.00
0.50 1.92 1.44 1.00 0.00
0.50 1.92 1.61 1.00 0.00
0.50 1.92 1.78 1.00 0.00
0.70 1.92 -1.14 1.00 0.00
0.70 1.92 -0.96 1.00 0.00
0.70 1.92 -0.79 1.00 0.00
0.70 1.92 -0.61 1.00 0.00
0.70 1.92 -0.44 1.00 0.00
0.70 1.92 -0.26 1.00 0.00
0.70 1.92 -0.09 1.00 0.00
0.70 1.92 0.09 1.00 0.00
0.70 1.92 0.26 1.00 0.00
0.70 1.92 0.44 1.00 0.00
0.70 1.92 0.61 1.00 0.00
0.70 1.92 0.78 1.00 0.00
0.70 1.92 0.96 1.00 0.00
0.70 1.92 1.13 1.00 0.00
0.70 1.92 1.31 1.00 0.00
0.70 1.92 1.48 1.00 0.00
0.70 1.92 1.66 1.00 0.00
0.70 1.92 1.83 1.00 0.00
0.90 1.92 -1.09 1.00 0.00
0.90 1.92 -0.92 1.00 0.00
0.90 1.92 -0.74 1.00 0.00
0.90 1.92 -0.57 1.00 0.00
0.90 1.92 -0.39 1.00 0.00
0.90 1.92 -0.22 1.00 0.00
0.90 1.92 -0.04 1.00 0.00
0.90 1.92 0.13 1.00 0.00
0.90 1.92 0.30 1.00 0.00
0.90 1.92 0.48 1.00 0.00
0.90 1.92 0.65 1.00 0.00
0.90 1.92 0.83 1.00 0.00
0.90 1.92 1.00 1.00 0.00
0.90 1.92 1.18 1.00 0.00
0.90 1.92 1.35 1.00 0.00
0.90 1.92 1.53 1.00 0.00
0.90 1.92 1.70 1.00 0.00
0.90 1.92 1.88 1.00 0.00
1.10 1.92 -1.05 1.00 0.00
1.10 1.92 -0.88 1.00 0.00
1.10 1.92 -0.70 1.00 0.00
1.10 1.92 -0.53 1.00 0.00
1.10 1.92 -0.35 1.00 0.00
1.10 1.92 -0.18 1.00 0.00
1.10 1.92 -0.01 1.00 0.00
1.10 1.92 0.17 1.00 0.00
1.10 1.92 0.34 1.00 0.00
1.10 1.92 0.52 1.00 0.00
1.10 1.92 0.69 1.00 0.00
1.10 1.92 0.87 1.00 0.00
1.10 1.92 1.04 1.00 0.00
1.10 1.92 1.22 1.00 0.00
1.10 1.92 1.39 1.00 0.00
1.10 1.92 1.57 1.00 0.00
1.10 1.92 1.74 1.00 0.00
1.10 1.92 1.91 1.00 0.00
0.30 2.09 5.04 1.00 0.00
0.30 2.09 5.21 1.00 0.00
0.30 2.09 5.39 1.00 0.00
0.30 2.09 5.56 1.00 0.00
0.30 2.09 5.73 1.00 0.00
0.30 2.09 5.91 1.00 0.00
0.30 2.09 6.08 1.00 0.00
0.30 2.09 6.26 1.00 0.00
0.30 2.09 6.43 1.00 0.00
0.30 2.09 6.61 1.00 0.00
0.30 2.09 6.78 1.00 0.00
0.30 2.09 6.96 1.00 0.00
0.30 2.09 7.13 1.00 0.00
0.30 2.09 7.31 1.00 0.00
0.30 2.09 7.48 1.00 0.00
0.30 2.09 7.65 1.00 0.00
0.30 2.09 7.83 1.00 0.00
0.30 2.09 8.00 1.00 0.00
0.50 2.09 -1.20 1.00 0.00
0.50 2.09 -1.03 1.00 0.00
0.50 2.09 -0.85 1.00 0.00
0.50 2.09 -0.68 1.00 0.00
0.50 2.09 -0.51 1.00 0.00
0.50 2.09 -0.33 1.00 0.00
0.50 2.09 -0.16 1.00 0.00
0.50 2.09 0.02 1.00 0.00
0.50 2.09 0.19 1.00 0.00
0.50 2.09 0.37 1.00 0.00
0.50 2.09 0.54 1.00 0.00
0.50 2.09 0.72 1.00 0.00
0.50 2.09 0.89 1.00 0.00
0.50 2.09 1.07 1.00 0.00
0.50 2.09 1.24 1.00 0.00
0.50 2.09 1.41 1.00 0.00
0.50 2.09 1.59 1.00 0.00
0.50 2.09 1.76 1.00 0.00
0.70 2.09 -1.16 1.00 0.00
0.70 2.09 -0.99 1.00 0.00
0.70 2.09 -0.82 1.00 0.00
0.70 2.09 -0.64 1.00 0.00
0.70 2.09 -0.47 1.00 0.00
0.70 2.09 -0.29 1.00 0.00
0.70 2.09 -0.12 1.00 0.00
0.70 2.09 0.06 1.00 0.00
0.70 2.09 0.23 1.00 0.00
0.70 2.09 0.41 1.00 0.00
0.70 2.09 0.58 1.00 0.00
0.70 2.09 0.76 1.00 0.00
0.70 2.09 0.93 1.00 0.00
0.70 2.09 1.10 1.00 0.00
0.70 2.09 1.28 1.00 0.00
0.70 2.09 1.45 1.00 0.00
0.70 2.09 1.63 1.00 0.00
0.70 2.09 1.80 1.00 0.00
0.90 2.09 -1.13 1.00 0.00
0.90 2.09 -0.95 1.00 0.00
0.90 2.09 -0.78 1.00 0.00
0.90 2.09 -0.61 1.00 0.00
0.90 2.09 -0.43 1.00 0.00
0.90 2.09 -0.26 1.00 0.00
0.90 2.09 -0.08 1.00 0.00
0.90 2.09 0.09 1.00 0.00
0.90 2.09 0.27 1.00 0.00
0.90 2.09 0.44 1.00 0.00
0.90 2.09 0.62 1.00 0.00
0.90 2.09 0.79 1.00 0.00
0.90 2.09 0.97 1.00 0.00
0.90 2.09 1.14 1.00 0.00
0.90 2.09 1.31 1.00 0.00
0.90 2.09 1.49 1.00 0.00
0.90 2.09 1.66 1.00 0.00
0.90 2.09 1.84 1.00 0.00
1.10 2.09 -1.10 1.00 0.00
1.10 2.09 -0.92 1.00 0.00
1.10 2.09 -0.75 1.00 0.00
1.10 2.09 -0.57 1.00 0.00
1.10 2.09 -0.40 1.00 0.00
1.10 2.09 -0.22 1.00 0.00
1.10 2.09 -0.05 1.00 0.00
1.10 2.09 0.13 1.00 0.00
1.10 2.09 0.30 1.00 0.00
1.10 2.09 0.47 1.00 0.00
1.10 2.09 0.65 1.00 0.00
1.10 2.09 0.82 1.00 0.00
1.10 2.09 1.00 1.00 0.00
1.10 2.09 1.17 1.00 0.00
1.10 2.09 1.35 1.00 0.00
1.10 2.09 1.52 1.00 0.00
1.10 2.09 1.70 1.00 0.00
1.10 2.09 1.87 1.00 0.00
0.30 2.27 5.02 1.00 0.00
0.30 2.27 5.20 1.00 0.00
0.30 2.27 5.37 1.00 0.00
0.30 2.27 5.55 1.00 0.00
0.30 2.27 5.72 1.00 0.00
0.30 2.27 5.89 1.00 0.00
0.30 2.27 6.07 1.00 0.00
0.30 2.27 6.24 1.00 0.00
0.30 2.27 6.42 1.00 0.00
0.30 2.27 6.59 1.00 0.00
0.30 2.27 6.77 1.00 0.00
0.30 2.27 6.94 1.00 0.00
0.30 2.27 7.12 1.00 0.00
0.30 2.27 7.29 1.00 0.00
0.30 2.27 7.47 1.00 0.00
0.30 2.27 7.64 1.00 0.00
0.30 2.27 7.81 1.00 0.00
0.30 2.27 7.99 1.00 0.00
0.50 2.27 5.06 1.00 0.00
0.50 2.27 5.23 1.00 0.00
0.50 2.27 5.41 1.00 0.00
0.50 2.27 5.58 1.00 0.00
0.50 2.27 5.75 1.00 0.00
0.50 2.27 5.93 1.00 0.00
0.50 2.27 6.10 1.00 0.00
0.50 2.27 6.28 1.00 0.00
0.50 2.27 6.45 1.00 0.00
0.50 2.27 6.63 1.00 0.00
0.50 2.27 6.80 1.00 0.00
0.50 2.27 6.98 1.00 0.00
0.50 2.27 7.15 1.00 0.00
0.50 2.27 7.33 1.00 0.00
0.50 2.27 7.50 1.00 0.00
0.50 2.27 7.67 1.00 0.00
0.50 2.27 7.85 1.00 0.00
0.50 2.27 8.02 1.00 0.00
0.70 2.27 -1.20 1.00 0.00
0.70 2.27 -1.02 1.00 0.00
0.70 2.27 -0.85 1.00 0.00
0.70 2.27 -0.67 1.00 0.00
0.70 2.27 -0.50 1.00 0.00
0.70 2.27 -0.32 1.00 0.00
0.70 2.27 -0.15 1.00 0.00
0.70 2.27 0.03 1.00 0.00
0.70 2.27 0.20 1.00 0.00
0.70 2.27 0.37 1.00 0.00
0.70 2.27 0.55 1.00 0.00
0.70 2.27 0.72 1.00 0.00
0.70 2.27 0.90 1.00 0.00
0.70 2.27 1.07 1.00 0.00
0.70 2.27 1.25 1.00 0.00
0.70 2.27 1.42 1.00 0.00
0.70 2.27 1.60 1.00 0.00
0.70 2.27 1.77 1.00 0.00
0.90 2.27 -1.17 1.00 0.00
0.90 2.27 -0.99 1.00 0.00
0.90 2.27 -0.82 1.00 0.00
0.90 2.27 -0.64 1.00 0.00
0.90 2.27 -0.47 1.00 0.00
0.90 2.27 -0.30 1.00 0.00
0.90 2.27 -0.12 1.00 0.00
0.90 2.27 0.05 1.00 0.00
0.90 2.27 0.23 1.00 0.00
0.90 2.27 0.40 1.00 0.00
0.90 2.27 0.58 1.00 0.00
0.90 2.27 0.75 1.00 0.00
0.90 2.27 0.93 1.00 0.00
0.90 2.27 1.10 1.00 0.00
0.90 2.27 1.28 1.00 0.00
0.90 2.27 1.45 1.00 0.00
0.90 2.27 1.62 1.00 0.00
0.90 2.27 1.80 1.00 0.00
1.10 2.27 -1.14 1.00 0.00
1.10 2.27 -0.97 1.00 0.00
1.10 2.27 -0.79 1.00 0.00
1.10 2.27 -0.62 1.00 0.00
1.10 2.27 -0.45 1.00 0.00
1.10 2.27 -0.27 1.00 0.00
1.10 2.27 -0.10 1.00 0.00
1.10 2.27 0.08 1.00 0.00
1.10 2.27 0.25 1.00 0.00
1.10 2.27 0.43 1.00 0.00
1.10 2.27 0.60 1.00 0.00
1.10 2.27 0.78 1.00 0.00
1.10 2.27 0.95 1.00 0.00
1.10 2.27 1.13 1.00 0.00
1.10 2.27 1.30 1.00 0.00
1.10 2.27 1.47 1.00 0.00
1.10 2.27 1.65 1.00 0.00
1.10 2.27 1.82 1.00 0.00
0.30 2.44 5.01 1.00 0.00
0.30 2.44 5.18 1.00 0.00
0.30 2.44 5.36 1.00 0.00
0.30 2.44 5.53 1.00 0.00
0.30 2.44 5.70 1.00 0.00
0.30 2.44 5.88 1.00 0.00
0.30 2.44 6.05 1.00 0.00
0.30 2.44 6.23 1.00 0.00
0.30 2.44 6.40 1.00 0.00
0.30 2.44 6.58 1.00 0.00
0.30 2.44 6.75 1.00 0.00
0.30 2.44 6.93 1.00 0.00
0.30 2.44 7.10 1.00 0.00
0.30 2.44 7.28 1.00 0.00
0.30 2.44 7.45 1.00 0.00
0.30 2.44 7.62 1.00 0.00
0.30 2.44 7.80 1.00 0.00
0.30 2.44 7.97 1.00 0.00
0.50 2.44 5.03 1.00 0.00
0.50 2.44 5.21 1.00 0.00
0.50 2.44 5.38 1.00 0.00
0.50 2.44 5.55 1.00 0.00
0.50 2.44 5.73 1.00 0.00
0.50 2.44 5.90 1.00 0.00
0.50 2.44 6.08 1.00 0.00
0.50 2.44 6.25 1.00 0.00
0.50 2.44 6.43 1.00 0.00
0.50 2.44 6.60 1.00 0.00
0.50 2.44 6.78 1.00 0.00
0.50 2.44 6.95 1.00 0.00
0.50 2.44 7.13 1.00 0.00
0.50 2.44 7.30 1.00 0.00
0.50 2.44 7.47 1.00 0.00
0.50 2.44 7.65 1.00 0.00
0.50 2.44 7.82 1.00 0.00
0.50 2.44 8.00 1.00 0.00
0.70 2.44 5.05 1.00 0.00
0.70 2.44 5.23 1.00 0.00
0.70 2.44 5.40 1.00 0.00
0.70 2.44 5.58 1.00 0.00
0.70 2.44 5.75 1.00 0.00
0.70 2.44 5.93 1.00 0.00
0.70 2.44 6.10 1.00 0.00
0.70 2.44 6.28 1.00 0.00
0.70 2.44 6.45 1.00 0.00
0.70 2.44 6.62 1.00 0.00
0.70 2.44 6.80 1.00 0.00
0.70 2.44 6.97 1.00 0.00
0.70 2.44 7.15 1.00 0.00
0.70 2.44 7.32 1.00 0.00
0.70 2.44 7.50 1.00 0.00
0.70 2.44 7.67 1.00 0.00
0.70 2.44 7.85 1.00 0.00
0.70 2.44 8.02 1.00 0.00
0.90 2.44 -1.21 1.00 0.00
0.90 2.44 -1.04 1.00 0.00
0.90 2.44 -0.86 1.00 0.00
0.90 2.44 -0.69 1.00 0.00
0.90 2.44 -0.51 1.00 0.00
0.90 2.44 -0.34 1.00 0.00
0.90 2.44 -0.16 1.00 0.00
0.90 2.44 0.01 1.00 0.00
0.90 2.44 0.19 1.00 0.00
0.90 2.44 0.36 1.00 0.00
0.90 2.44 0.54 1.00 0.00
0.90 2.44 0.71 1.00 0.00
0.90 2.44 0.88 1.00 0.00
0.90 2.44 1.06 1.00 0.00
0.90 2.44 1.23 1.00 0.00
0.90 2.44 1.41 1.00 0.00
0.90 2.44 1.58 1.00 0.00
0.90 2.44 1.76 1.00 0.00
1.10 2.44 -1.19 1.00 0.00
1.10 2.44 -1.02 1.00 0.00
1.10 2.44 -0.84 1.00 0.00
1.10 2.44 -0.67 1.00 0.00
1.10 2.44 -0.49 1.00 0.00
1.10 2.44 -0.32 1.00 0.00
1.10 2.44 -0.14 1.00 0.00
1.10 2.44 0.03 1.00 0.00
1.10 2.44 0.20 1.00 0.00
1.10 2.44 0.38 1.00 0.00
1.10 2.44 0.55 1.00 0.00
1.10 2.44 0.73 1.00 0.00
1.10 2.44 0.90 1.00 0.00
1.10 2.44 1.08 1.00 0.00
1.10 2.44 1.25 1.00 0.00
1.10 2.44 1.43 1.00 0.00
1.10 2.44 1.60 1.00 0.00
1.10 2.44 1.78 1.00 0.00
0.30 2.62 4.99 1.00 0.00
0.30 2.62 5.16 1.00 0.00
0.30 2.62 5.34 1.00 0.00
0.30 2.62 5.51 1.00 0.00
0.30 2.62 5.69 1.00 0.00
0.30 2.62 5.86 1.00 0.00
0.30 2.62 6.04 1.00 0.00
0.30 2.62 6.21 1.00 0.00
0.30 2.62 6.39 1.00 0.00
0.30 2.62 6.56 1.00 0.00
0.30 2.62 6.73 1.00 0.00
0.30 2.62 6.91 1.00 0.00
0.30 2.62 7.08 1.00 0.00
0.30 2.62 7.26 1.00 0.00
0.30 2.62 7.43 1.00 0.00
0.30 2.62 7.61 1.00 0.00
0.30 2.62 7.78 1.00 0.00
0.30 2.62 7.96 1.00 0.00
0.50 2.62 5.00 1.00 0.00
0.50 2.62 5.18 1.00 0.00
0.50 2.62 5.35 1.00 0.00
0.50 2.62 5.53 1.00 0.00
0.50 2.62 5.70 1.00 0.00
0.50 2.62 5.88 1.00 0.00
0.50 2.62 6.05 1.00 0.00
0.50 2.62 6.23 1.00 0.00
0.50 2.62 6.40 1.00 0.00
0.50 2.62 6.58 1.00 0.00
0.50 2.62 6.75 1.00 0.00
0.50 2.62 6.92 1.00 0.00
0.50 2.62 7.10 1.00 0.00
0.50 2.62 7.27 1.00 0.00
0.50 2.62 7.45 1.00 0.00
0.50 2.62 7.62 1.00 0.00
0.50 2.62 7.80 1.00 0.00
0.50 2.62 7.97 1.00 0.00
0.70 2.62 5.02 1.00 0.00
0.70 2.62 5.19 1.00 0.00
0.70 2.62 5.37 1.00 0.00
0.70 2.62 5.54 1.00 0.00
0.70 2.62 5.72 1.00 0.00
0.70 2.62 5.89 1.00 0.00
0.70 2.62 6.07 1.00 0.00
0.70 2.62 6.24 1.00 0.00
0.70 2.62 6.41 1.00 0.00
0.70 2.62 6.59 1.00 0.00
0.70 2.62 6.76 1.00 0.00
0.70 2.62 6.94 1.00 0.00
0.70 2.62 7.11 1.00 0.00
0.70 2.62 7.29 1.00 0.00
0.70 2.62 7.46 1.00 0.00
0.70 2.62 7.64 1.00 0.00
0.70 2.62 7.81 1.00 0.00
0.70 2.62 7.99 1.00 0.00
0.90 2.62 5.03 1.00 0.00
0.90 2.62 5.21 1.00 0.00
0.90 2.62 5.38 1.00 0.00
0.90 2.62 5.55 1.00 0.00
0.90 2.62 5.73 1.00 0.00
0.90 2.62 5.90 1.00 0.00
0.90 2.62 6.08 1.00 0.00
0.90 2.62 6.25 1.00 0.00
0.90 2.62 6.43 1.00 0.00
0.90 2.62 6.60 1.00 0.00
0.90 2.62 6.78 1.00 0.00
0.90 2.62 6.95 1.00 0.00
0.90 2.62 7.13 1.00 0.00
0.90 2.62 7.30 1.00 0.00
0.90 2.62 7.47 1.00 0.00
0.90 2.62 7.65 1.00 0.00
0.90 2.62 7.82 1.00 0.00
0.90 2.62 8.00 1.00 0.00
1.10 2.62 5.04 1.00 0.00
1.10 2.62 5.22 1.00 0.00
1.10 2.62 5.39 1.00 0.00
1.10 2.62 5.57 1.00 0.00
1.10 2.62 5.74 1.00 0.00
1.10 2.62 5.91 1.00 0.00
1.10 2.62 6.09 1.00 0.00
1.10 2.62 6.26 1.00 0.00
1.10 2.62 6.44 1.00 0.00
1.10 2.62 6.61 1.00 0.00
1.10 2.62 6.79 1.00 0.00
1.10 2.62 6.96 1.00 0.00
1.10 2.62 7.14 1.00 0.00
1.10 2.62 7.31 1.00 0.00
1.10 2.62 7.48 1.00 0.00
1.10 2.62 7.66 1.00 0.00
1.10 2.62 7.83 1.00 0.00
1.10 2.62 8.01 1.00 0.00
0.30 2.79 4.97 1.00 0.00
0.30 2.79 5.15 1.00 0.00
0.30 2.79 5.32 1.00 0.00
0.30 2.79 5.50 1.00 0.00
0.30 2.79 5.67 1.00 0.00
0.30 2.79 5.84 1.00 0.00
0.30 2.79 6.02 1.00 0.00
0.30 2.79 6.19 1.00 0.00
0.30 2.79 6.37 1.00 0.00
0.30 2.79 6.54 1.00 0.00
0.30 2.79 6.72 1.00 0.00
0.30 2.79 6.89 1.00 0.00
0.30 2.79 7.07 1.00 0.00
0.30 2.79 7.24 1.00 0.00
0.30 2.79 7.42 1.00 0.00
0.30 2.79 7.59 1.00 0.00
0.30 2.79 7.76 1.00 0.00
0.30 2.79 7.94 1.00 0.00
0.50 2.79 4.98 1.00 0.00
0.50 2.79 5.15 1.00 0.00
0.50 2.79 5.33 1.00 0.00
0.50 2.79 5.50 1.00 0.00
0.50 2.79 5.68 1.00 0.00
0.50 2.79 5.85 1.00 0.00
0.50 2.79 6.02 1.00 0.00
0.50 2.79 6.20 1.00 0.00
0.50 2.79 6.37 1.00 0.00
0.50 2.79 6.55 1.00 0.00
0.50 2.79 6.72 1.00 0.00
0.50 2.79 6.90 1.00 0.00
0.50 2.79 7.07 1.00 0.00
0.50 2.79 7.25 1.00 0.00
0.50 2.79 7.42 1.00 0.00
0.50 2.79 7.60 1.00 0.00
0.50 2.79 7.77 1.00 0.00
0.50 2.79 7.94 1.00 0.00
0.70 2.79 4.98 1.00 0.00
0.70 2.79 5.16 1.00 0.00
0.70 2.79 5.33 1.00 0.00
0.70 2.79 5.51 1.00 0.00
0.70 2.79 5.68 1.00 0.00
0.70 2.79 5.86 1.00 0.00
0.70 2.79 6.03 1.00 0.00
0.70 2.79 6.20 1.00 0.00
0.70 2.79 6.38 1.00 0.00
0.70 2.79 6.55 1.00 0.00
0.70 2.79 6.73 1.00 0.00
0.70 2.79 6.90 1.00 0.00
0.70 2.79 7.08 1.00 0.00
0.70 2.79 7.25 1.00 0.00
0.70 2.79 7.43 1.00 0.00
0.70 2.79 7.60 1.00 0.00
0.70 2.79 7.78 1.00 0.00
0.70 2.79 7.95 1.00 0.00
0.90 2.79 4.99 1.00 0.00
0.90 2.79 5.16 1.00 0.00
0.90 2.79 5.34 1.00 0.00
0.90 2.79 5.51 1.00 0.00
0.90 2.79 5.69 1.00 0.00
0.90 2.79 5.86 1.00 0.00
0.90 2.79 6.03 1.00 0.00
0.90 2.79 6.21 1.00 0.00
0.90 2.79 6.38 1.00 0.00
0.90 2.79 6.56 1.00 0.00
0.90 2.79 6.73 1.00 0.00
0.90 2.79 6.91 1.00 0.00
0.90 2.79 7.08 1.00 0.00
0.90 2.79 7.26 1.00 0.00
0.90 2.79 7.43 1.00 0.00
0.90 2.79 7.61 1.00 0.00
0.90 2.79 7.78 1.00 0.00
0.90 2.79 7.95 1.00 0.00
1.10 2.79 4.99 1.00 0.00
1.10 2.79 5.17 1.00 0.00
1.10 2.79 5.34 1.00 0.00
1.10 2.79 5.51 1.00 0.00
1.10 2.79 5.69 1.00 0.00
1.10 2.79 5.86 1.00 0.00
1.10 2.79 6.04 1.00 0.00
1.10 2.79 6.21 1.00 0.00
1.10 2.79 6.39 1.00 0.00
1.10 2.79 6.56 1.00 0.00
1.10 2.79 6.74 1.00 0.00
1.10 2.79 6.91 1.00 0.00
1.10 2.79 7.09 1.00 0.00
1.10 2.79 7.26 1.00 0.00
1.10 2.79 7.43 1.00 0.00
1.10 2.79 7.61 1.00 0.00
1.10 2.79 7.78 1.00 0.00
1.10 2.79 7.96 1.00 0.00
0.30 2.97 4.95 1.00 0.00
0.30 2.97 5.13 1.00 0.00
0.30 2.97 5.30 1.00 0.00
0.30 2.97 5.48 1.00 0.00
0.30 2.97 5.65 1.00 0.00
0.30 2.97 5.83 1.00 0.00
0.30 2.97 6.00 1.00 0.00
0.30 2.97 6.18 1.00 0.00
0.30 2.97 6.35 1.00 0.00
0.30 2.97 6.53 1.00 0.00
0.30 2.97 6.70 1.00 0.00
0.30 2.97 6.87 1.00 0.00
0.30 2.97 7.05 1.00 0.00
0.30 2.97 7.22 1.00 0.00
0.30 2.97 7.40 1.00 0.00
0.30 2.97 7.57 1.00 0.00
0.30 2.97 7.75 1.00 0.00
0.30 2.97 7.92 1.00 0.00
0.50 2.97 4.95 1.00 0.00
0.50 2.97 5.12 1.00 0.00
0.50 2.97 5.30 1.00 0.00
0.50 2.97 5.47 1.00 0.00
0.50 2.97 5.65 1.00 0.00
0.50 2.97 5.82 1.00 0.00
0.50 2.97 6.00 1.00 0.00
0.50 2.97 6.17 1.00 0.00
0.50 2.97 6.35 1.00 0.00
0.50 2.97 6.52 1.00 0.00
0.50 2.97 6.70 1.00 0.00
0.50 2.97 6.87 1.00 0.00
0.50 2.97 7.04 1.00 0.00
0.50 2.97 7.22 1.00 0.00
0.50 2.97 7.39 1.00 0.00
0.50 2.97 7.57 1.00 0.00
0.50 2.97 7.74 1.00 0.00
0.50 2.97 7.92 1.00 0.00
0.70 2.97 4.95 1.00 0.00
0.70 2.97 5.12 1.00 0.00
0.70 2.97 5.30 1.00 0.00
0.70 2.97 5.47 1.00 0.00
0.70 2.97 5.64 1.00 0.00
0.70 2.97 5.82 1.00 0.00
0.70 2.97 5.99 1.00 0.00
0.70 2.97 6.17 1.00 0.00
0.70 2.97 6.34 1.00 0.00
0.70 2.97 6.52 1.00 0.00
0.70 2.97 6.69 1.00 0.00
0.70 2.97 6.87 1.00 0.00
0.70 2.97 7.04 1.00 0.00
0.70 2.97 7.22 1.00 0.00
0.70 2.97 7.39 1.00 0.00
0.70 2.97 7.56 1.00 0.00
0.70 2.97 7.74 1.00 0.00
0.70 2.97 7.91 1.00 0.00
0.90 2.97 4.94 1.00 0.00
0.90 2.97 5.12 1.00 0.00
0.90 2.97 5.29 1.00 0.00
0.90 2.97 5.47 1.00 0.00
0.90 2.97 5.64 1.00 0.00
0.90 2.97 5.82 1.00 0.00
0.90 2.97 5.99 1.00 0.00
0.90 2.97 6.17 1.00 0.00
0.90 2.97 6.34 1.00 0.00
0.90 2.97 6.51 1.00 0.00
0.90 2.97 6.69 1.00 0.00
0.90 2.97 6.86 1.00 0.00
0.90 2.97 7.04 1.00 0.00
0.90 2.97 7.21 1.00 0.00
0.90 2.97 7.39 1.00 0.00
0.90 2.97 7.56 1.00 0.00
0.90 2.97 7.74 1.00 0.00
0.90 2.97 7.91 1.00 0.00
1.10 2.97 4.94 1.00 0.00
1.10 2.97 5.11 1.00 0.00
1.10 2.97 5.29 1.00 0.00
1.10 2.97 5.46 1.00 0.00
1.10 2.97 5.64 1.00 0.00
1.10 2.97 5.81 1.00 0.00
1.10 2.97 5.99 1.00 0.00
1.10 2.97 6.16 1.00 0.00
1.10 2.97 6.34 1.00 0.00
1.10 2.97 6.51 1.00 0.00
1.10 2.97 6.69 1.00 0.00
1.10 2.97 6.86 1.00 0.00
1.10 2.97 7.03 1.00 0.00
1.10 2.97 7.21 1.00 0.00
1.10 2.97 7.38 1.00 0.00
1.10 2.97 7.56 1.00 0.00
1.10 2.97 7.73 1.00 0.00
1.10 2.97 7.91 1.00 0.00
0.30 3.14 4.94 1.00 0.00
0.30 3.14 5.11 1.00 0.00
0.30 3.14 5.29 1.00 0.00
0.30 3.14 5.46 1.00 0.00
0.30 3.14 5.64 1.00 0.00
0.30 3.14 5.81 1.00 0.00
0.30 3.14 5.98 1.00 0.00
0.30 3.14 6.16 1.00 0.00
0.30 3.14 6.33 1.00 0.00
0.30 3.14 6.51 1.00 0.00
0.30 3.14 6.68 1.00 0.00
0.30 3.14 6.86 1.00 0.00
0.30 3.14 7.03 1.00 0.00
0.30 3.14 7.21 1.00 0.00
0.30 3.14 7.38 1.00 0.00
0.30 3.14 7.56 1.00 0.00
0.30 3.14 7.73 1.00 0.00
0.30 3.14 7.90 1.00 0.00
0.50 3.14 4.92 1.00 0.00
0.50 3.14 5.10 1.00 0.00
0.50 3.14 5.27 1.00 0.00
0.50 3.14 5.45 1.00 0.00
0.50 3.14 5.62 1.00 0.00
0.50 3.14 5.80 1.00 0.00
0.50 3.14 5.97 1.00 0.00
0.50 3.14 6.14 1.00 0.00
0.50 3.14 6.32 1.00 0.00
0.50 3.14 6.49 1.00 0.00
0.50 3.14 6.67 1.00 0.00
0.50 3.14 6.84 1.00 0.00
0.50 3.14 7.02 1.00 0.00
0.50 3.14 7.19 1.00 0.00
0.50 3.14 7.37 1.00 0.00
0.50 3.14 7.54 1.00 0.00
0.50 3.14 7.72 1.00 0.00
0.50 3.14 7.89 1.00 0.00
0.70 3.14 4.91 1.00 0.00
0.70 3.14 5.09 1.00 0.00
0.70 3.14 5.26 1.00 0.00
0.70 3.14 5.43 1.00 0.00
0.70 3.14 5.61 1.00 0.00
0.70 3.14 5.78 1.00 0.00
0.70 3.14 5.96 1.00 0.00
0.70 3.14 6.13 1.00 0.00
0.70 3.14 6.31 1.00 0.00
0.70 3.14 6.48 1.00 0.00
0.70 3.14 6.66 1.00 0.00
0.70 3.14 6.83 1.00 0.00
0.70 3.14 7.01 1.00 0.00
0.70 3.14 7.18 1.00 0.00
0.70 3.14 7.35 1.00 0.00
0.70 3.14 7.53 1.00 0.00
0.70 3.14 7.70 1.00 0.00
0.70 3.14 7.88 1.00 0.00
0.90 3.14 4.90 1.00 0.00
0.90 3.14 5.07 1.00 0.00
0.90 3.14 5.25 1.00 0.00
0.90 3.14 5.42 1.00 0.00
0.90 3.14 5.60 1.00 0.00
0.90 3.14 5.77 1.00 0.00
0.90 3.14 5.95 1.00 0.00
0.90 3.14 6.12 1.00 0.00
0.90 3.14 6.30 1.00 0.00
0.90 3.14 6.47 1.00 0.00
0.90 3.14 6.64 1.00 0.00
0.90 3.14 6.82 1.00 0.00
0.90 3.14 6.99 1.00 0.00
0.90 3.14 7.17 1.00 0.00
0.90 3.14 7.34 1.00 0.00
0.90 3.14 7.52 1.00 0.00
0.90 3.14 7.69 1.00 0.00
0.90 3.14 7.87 1.00 0.00
1.10 3.14 4.89 1.00 0.00
1.10 3.14 5.06 1.00 0.00
1.10 3.14 5.24 1.00 0.00
1.10 3.14 5.41 1.00 0.00
1.10 3.14 5.59 1.00 0.00
1.10 3.14 5.76 1.00 0.00
1.10 3.14 5.94 1.00 0.00
1.10 3.14 6.11 1.00 0.00
1.10 3.14 6.29 1.00 0.00
1.10 3.14 6.46 1.00 0.00
1.10 3.14 6.64 1.00 0.00
1.10 3.14 6.81 1.00 0.00
1.10 3.14 6.98 1.00 0.00
1.10 3.14 7.16 1.00 0.00
1.10 3.14 7.33 1.00 0.00
1.10 3.14 7.51 1.00 0.00
1.10 3.14 7.68 1.00 0.00
1.10 3.14 7.86 1.00 0.00
0.30 3.32 4.92 1.00 0.00
0.30 3.32 5.09 1.00 0.00
0.30 3.32 5.27 1.00 0.00
0.30 3.32 5.44 1.00 0.00
0.30 3.32 5.62 1.00 0.00
0.30 3.32 5.79 1.00 0.00
0.30 3.32 5.97 1.00 0.00
0.30 3.32 6.14 1.00 0.00
0.30 3.32 6.32 1.00 0.00
0.30 3.32 6.49 1.00 0.00
0.30 3.32 6.67 1.00 0.00
0.30 3.32 6.84 1.00 0.00
0.30 3.32 7.01 1.00 0.00
0.30 3.32 7.19 1.00 0.00
0.30 3.32 7.36 1.00 0.00
0.30 3.32 7.54 1.00 0.00
0.30 3.32 7.71 1.00 0.00
0.30 3.32 7.89 1.00 0.00
0.50 3.32 4.90 1.00 0.00
0.50 3.32 5.07 1.00 0.00
0.50 3.32 5.25 1.00 0.00
0.50 3.32 5.42 1.00 0.00
0.50 3.32 5.59 1.00 0.00
0.50 3.32 5.77 1.00 0.00
0.50 3.32 5.94 1.00 0.00
0.50 3.32 6.12 1.00 0.00
0.50 3.32 6.29 1.00 0.00
0.50 3.32 6.47 1.00 0.00
0.50 3.32 6.64 1.00 0.00
0.50 3.32 6.82 1.00 0.00
0.50 3.32 6.99 1.00 0.00
0.50 3.32 7.17 1.00 0.00
0.50 3.32 7.34 1.00 0.00
0.50 3.32 7.51 1.00 0.00
0.50 3.32 7.69 1.00 0.00
0.50 3.32 7.86 1.00 0.00
0.70 3.32 4.88 1.00 0.00
0.70 3.32 5.05 1.00 0.00
0.70 3.32 5.22 1.00 0.00
0.70 3.32 5.40 1.00 0.00
0.70 3.32 5.57 1.00 0.00
0.70 3.32 5.75 1.00 0.00
0.70 3.32 5.92 1.00 0.00
0.70 3.32 6.10 1.00 0.00
0.70 3.32 6.27 1.00 0.00
0.70 3.32 6.45 1.00 0.00
0.70 3.32 6.62 1.00 0.00
0.70 3.32 6.80 1.00 0.00
0.70 3.32 6.97 1.00 0.00
0.70 3.32 7.14 1.00 0.00
0.70 3.32 7.32 1.00 0.00
0.70 3.32 7.49 1.00 0.00
0.70 3.32 7.67 1.00 0.00
0.70 3.32 7.84 1.00 0.00
0.90 3.32 4.86 1.00 0.00
0.90 3.32 5.03 1.00 0.00
0.90 3.32 5.21 1.00 0.00
0.90 3.32 5.38 1.00 0.00
0.90 3.32 5.55 1.00 0.00
0.90 3.32 5.73 1.00 0.00
0.90 3.32 5.90 1.00 0.00
0.90 3.32 6.08 1.00 0.00
0.90 3.32 6.25 1.00 0.00
0.90 3.32 6.43 1.00 0.00
0.90 3.32 6.60 1.00 0.00
0.90 3.32 6.78 1.00 0.00
0.90 3.32 6.95 1.00 0.00
0.90 3.32 7.13 1.00 0.00
0.90 3.32 7.30 1.00 0.00
0.90 3.32 7.47 1.00 0.00
0.90 3.32 7.65 1.00 0.00
0.90 3.32 7.82 1.00 0.00
1.10 3.32 4.84 1.00 0.00
1.10 3.32 5.01 1.00 0.00
1.10 3.32 5.19 1.00 0.00
1.10 3.32 5.36 1.00 0.00
1.10 3.32 5.54 1.00 0.00
1.10 3.32 5.71 1.00 0.00
1.10 3.32 5.89 1.00 0.00
1.10 3.32 6.06 1.00 0.00
1.10 3.32 6.24 1.00 0.00
1.10 3.32 6.41 1.00 0.00
1.10 3.32 6.59 1.00 0.00
1.10 3.32 6.76 1.00 0.00
1.10 3.32 6.93 1.00 0.00
1.10 3.32 7.11 1.00 0.00
1.10 3.32 7.28 1.00 0.00
1.10 3.32 7.46 1.00 0.00
1.10 3.32 7.63 1.00 0.00
1.10 3.32 7.81 1.00 0.00
0.30 3.49 4.90 1.00 0.00
0.30 3.49 5.08 1.00 0.00
0.30 3.49 5.25 1.00 0.00
0.30 3.49 5.43 1.00 0.00
0.30 3.49 5.60 1.00 0.00
0.30 3.49 5.78 1.00 0.00
0.30 3.49 5.95 1.00 0.00
0.30 3.49 6.13 1.00 0.00
0.30 3.49 6.30 1.00 0.00
0.30 3.49 6.48 1.00 0.00
0.30 3.49 6.65 1.00 0.00
0.30 3.49 6.82 1.00 0.00
0.30 3.49 7.00 1.00 0.00
0.30 3.49 7.17 1.00 0.00
0.30 3.49 7.35 1.00 0.00
0.30 3.49 7.52 1.00 0.00
0.30 3.49 7.70 1.00 0.00
0.30 3.49 7.87 1.00 0.00
0.50 3.49 4.87 1.00 0.00
0.50 3.49 5.05 1.00 0.00
0.50 3.49 5.22 1.00 0.00
0.50 3.49 5.39 1.00 0.00
0.50 3.49 5.57 1.00 0.00
0.50 3.49 5.74 1.00 0.00
0.50 3.49 5.92 1.00 0.00
0.50 3.49 6.09 1.00 0.00
0.50 3.49 6.27 1.00 0.00
0.50 3.49 6.44 1.00 0.00
0.50 3.49 6.62 1.00 0.00
0.50 3.49 6.79 1.00 0.00
0.50 3.49 6.97 1.00 0.00
0.50 3.49 7.14 1.00 0.00
0.50 3.49 7.31 1.00 0.00
0.50 3.49 7.49 1.00 0.00
0.50 3.49 7.66 1.00 0.00
0.50 3.49 7.84 1.00 0.00
0.70 3.49 4.84 1.00 0.00
0.70 3.49 5.02 1.00 0.00
0.70 3.49 5.19 1.00 0.00
0.70 3.49 5.37 1.00 0.00
0.70 3.49 5.54 1.00 0.00
0.70 3.49 5.71 1.00 0.00
0.70 3.49 5.89 1.00 0.00
0.70 3.49 6.06 1.00 0.00
0.70 3.49 6.24 1.00 0.00
0.70 3.49 6.41 1.00 0.00
0.70 3.49 6.59 1.00 0.00
0.70 3.49 6.76 1.00 0.00
0.70 3.49 6.94 1.00 0.00
0.70 3.49 7.11 1.00 0.00
0.70 3.49 7.29 1.00 0.00
0.70 3.49 7.46 1.00 0.00
0.70 3.49 7.63 1.00 0.00
0.70 3.49 7.81 1.00 0.00
0.90 3.49 4.82 1.00 0.00
0.90 3.49 4.99 1.00 0.00
0.90 3.49 5.16 1.00 0.00
0.90 3.49 5.34 1.00 0.00
0.90 3.49 5.51 1.00 0.00
0.90 3.49 5.69 1.00 0.00
0.90 3.49 5.86 1.00 0.00
0.90 3.49 6.04 1.00 0.00
0.90 3.49 6.21 1.00 0.00
0.90 3.49 6.39 1.00 0.00
0.90 3.49 6.56 1.00 0.00
0.90 3.49 6.73 1.00 0.00
0.90 3.49 6.91 1.00 0.00
0.90 3.49 7.08 1.00 0.00
0.90 3.49 7.26 1.00 0.00
0.90 3.49 7.43 1.00 0.00
0.90 3.49 7.61 1.00 0.00
0.90 3.49 7.78 1.00 0.00
1.10 3.49 4.79 1.00 0.00
1.10 3.49 4.97 1.00 0.00
1.10 3.49 5.14 1.00 0.00
1.10 3.49 5.31 1.00 0.00
1.10 3.49 5.49 1.00 0.00
1.10 3.49 5.66 1.00 0.00
1.10 3.49 5.84 1.00 0.00
1.10 3.49 6.01 1.00 0.00
1.10 3.49 6.19 1.00 0.00
1.10 3.49 6.36 1.00 0.00
1.10 3.49 6.54 1.00 0.00
1.10 3.49 6.71 1.00 0.00
1.10 3.49 6.89 1.00 0.00
1.10 3.49 7.06 1.00 0.00
1.10 3.49 7.23 1.00 0.00
1.10 3.49 7.41 1.00 0.00
1.10 3.49 7.58 1.00 0.00
1.10 3.49 7.76 1.00 0.00
0.30 3.67 4.89 1.00 0.00
0.30 3.67 5.06 1.00 0.00
0.30 3.67 5.24 1.00 0.00
0.30 3.67 5.41 1.00 0.00
0.30 3.67 5.59 1.00 0.00
0.30 3.67 5.76 1.00 0.00
0.30 3.67 5.94 1.00 0.00
0.30 3.67 6.11 1.00 0.00
0.30 3.67 6.29 1.00 0.00
0.30 3.67 6.46 1.00 0.00
0.30 3.67 6.64 1.00 0.00
0.30 3.67 6.81 1.00 0.00
0.30 3.67 6.98 1.00 0.00
0.30 3.67 7.16 1.00 0.00
0.30 3.67 7.33 1.00 0.00
0.30 3.67 7.51 1.00 0.00
0.30 3.67 7.68 1.00 0.00
0.30 3.67 7.86 1.00 0.00
0.50 3.67 4.85 1.00 0.00
0.50 3.67 5.02 1.00 0.00
0.50 3.67 5.20 1.00 0.00
0.50 3.67 5.37 1.00 0.00
0.50 3.67 5.55 1.00 0.00
0.50 3.67 5.72 1.00 0.00
0.50 3.67 5.89 1.00 0.00
0.50 3.67 6.07 1.00 0.00
0.50 3.67 6.24 1.00 0.00
0.50 3.67 6.42 1.00 0.00
0.50 3.67 6.59 1.00 0.00
0.50 3.67 6.77 1.00 0.00
0.50 3.67 6.94 1.00 0.00
0.50 3.67 7.12 1.00 0.00
0.50 3.67 7.29 1.00 0.00
0.50 3.67 7.47 1.00 0.00
0.50 3.67 7.64 1.00 0.00
0.50 3.67 7.81 1.00 0.00
0.70 3.67 4.81 1.00 0.00
0.70 3.67 4.98 1.00 0.00
0.70 3.67 5.16 1.00 0.00
0.70 3.67 5.33 1.00 0.00
0.70 3.67 5.51 1.00 0.00
0.70 3.67 5.68 1.00 0.00
0.70 3.67 5.86 1.00 0.00
0.70 3.67 6.03 1.00 0.00
0.70 3.67 6.21 1.00 0.00
0.70 3.67 6.38 1.00 0.00
0.70 3.67 6.56 1.00 0.00
0.70 3.67 6.73 1.00 0.00
0.70 3.67 6.90 1.00 0.00
0.70 3.67 7.08 1.00 0.00
0.70 3.67 7.25 1.00 0.00
0.70 3.67 7.43 1.00 0.00
0.70 3.67 7.60 1.00 0.00
0.70 3.67 7.78 1.00 0.00
0.90 3.67 4.78 1.00 0.00
0.90 3.67 4.95 1.00 0.00
0.90 3.67 5.12 1.00 0.00
0.90 3.67 5.30 1.00 0.00
0.90 3.67 5.47 1.00 0.00
0.90 3.67 5.65 1.00 0.00
0.90 3.67 5.82 1.00 0.00
0.90 3.67 6.00 1.00 0.00
0.90 3.67 6.17 1.00 0.00
0.90 3.67 6.35 1.00 0.00
0.90 3.67 6.52 1.00 0.00
0.90 3.67 6.70 1.00 0.00
0.90 3.67 6.87 1.00 0.00
0.90 3.67 7.04 1.00 0.00
0.90 3.67 7.22 1.00 0.00
0.90 3.67 7.39 1.00 0.00
0.90 3.67 7.57 1.00 0.00
0.90 3.67 7.74 1.00 0.00
1.10 3.67 4.74 1.00 0.00
1.10 3.67 4.92 1.00 0.00
1.10 3.67 5.09 1.00 0.00
1.10 3.67 5.27 1.00 0.00
1.10 3.67 5.44 1.00 0.00
1.10 3.67 5.62 1.00 0.00
1.10 3.67 5.79 1.00 0.00
1.10 3.67 5.97 1.00 0.00
1.10 3.67 6.14 1.00 0.00
1.10 3.67 6.31 1.00 0.00
1.10 3.67 6.49 1.00 0.00
1.10 3.67 6.66 1.00 0.00
1.10 3.67 6.84 1.00 0.00
1.10 3.67 7.01 1.00 0.00
1.10 3.67 7.19 1.00 0.00
1.10 3.67 7.36 1.00 0.00
1.10 3.67 7.54 1.00 0.00
1.10 3.67 7.71 1.00 0.00
0.30 3.84 4.88 1.00 0.00
0.30 3.84 5.05 1.00 0.00
0.30 3.84 5.23 1.00 0.00
0.30 3.84 5.40 1.00 0.00
0.30 3.84 5.58 1.00 0.00
0.30 3.84 5.75 1.00 0.00
0.30 3.84 5.92 1.00 0.00
0.30 3.84 6.10 1.00 0.00
0.30 3.84 6.27 1.00 0.00
0.30 3.84 6.45 1.00 0.00
0.30 3.84 6.62 1.00 0.00
0.30 3.84 6.80 1.00 0.00
0.30 3.84 6.97 1.00 0.00
0.30 3.84 7.15 1.00 0.00
0.30 3.84 7.32 1.00 0.00
0.30 3.84 7.50 1.00 0.00
0.30 3.84 7.67 1.00 0.00
0.30 3.84 7.84 1.00 0.00
0.50 3.84 4.83 1.00 0.00
0.50 3.84 5.00 1.00 0.00
0.50 3.84 5.18 1.00 0.00
0.50 3.84 5.35 1.00 0.00
0.50 3.84 5.52 1.00 0.00
0.50 3.84 5.70 1.00 0.00
0.50 3.84 5.87 1.00 0.00
0.50 3.84 6.05 1.00 0.00
0.50 3.84 6.22 1.00 0.00
0.50 3.84 6.40 1.00 0.00
0.50 3.84 6.57 1.00 0.00
0.50 3.84 6.75 1.00 0.00
0.50 3.84 6.92 1.00 0.00
0.50 3.84 7.10 1.00 0.00
0.50 3.84 7.27 1.00 0.00
0.50 3.84 7.44 1.00 0.00
0.50 3.84 7.62 1.00 0.00
0.50 3.84 7.79 1.00 0.00
0.70 3.84 4.78 1.00 0.00
0.70 3.84 4.95 1.00 0.00
0.70 3.84 5.13 1.00 0.00
0.70 3.84 5.30 1.00 0.00
0.70 3.84 5.48 1.00 0.00
0.70 3.84 5.65 1.00 0.00
0.70 3.84 5.83 1.00 0.00
0.70 3.84 6.00 1.00 0.00
0.70 3.84 6.18 1.00 0.00
0.70 3.84 6.35 1.00 0.00
0.70 3.84 6.53 1.00 0.00
0.70 3.84 6.70 1.00 0.00
0.70 3.84 6.87 1.00 0.00
0.70 3.84 7.05 1.00 0.00
0.70 3.84 7.22 1.00 0.00
0.70 3.84 7.40 1.00 0.00
0.70 3.84 7.57 1.00 0.00
0.70 3.84 7.75 1.00 0.00
0.90 3.84 4.74 1.00 0.00
0.90 3.84 4.91 1.00 0.00
0.90 3.84 5.09 1.00 0.00
0.90 3.84 5.26 1.00 0.00
0.90 3.84 5.44 1.00 0.00
0.90 3.84 5.61 1.00 0.00
0.90 3.84 5.79 1.00 0.00
0.90 3.84 5.96 1.00 0.00
0.90 3.84 6.13 1.00 0.00
0.90 3.84 6.31 1.00 0.00
0.90 3.84 6.48 1.00 0.00
0.90 3.84 6.66 1.00 0.00
0.90 3.84 6.83 1.00 0.00
0.90 3.84 7.01 1.00 0.00
0.90 3.84 7.18 1.00 0.00
0.90 3.84 7.36 1.00 0.00
0.90 3.84 7.53 1.00 0.00
0.90 3.84 7.71 1.00 0.00
1.10 3.84 4.70 1.00 0.00
1.10 3.84 4.87 1.00 0.00
1.10 3.84 5.05 1.00 0.00
1.10 3.84 5.22 1.00 0.00
1.10 3.84 5.40 1.00 0.00
1.10 3.84 5.57 1.00 0.00
1.10 3.84 5.75 1.00 0.00
1.10 3.84 5.92 1.00 0.00
1.10 3.84 6.10 1.00 0.00
1.10 3.84 6.27 1.00 0.00
1.10 3.84 6.44 1.00 0.00
1.10 3.84 6.62 1.00 0.00
1.10 3.84 6.79 1.00 0.00
1.10 3.84 6.97 1.00 0.00
1.10 3.84 7.14 1.00 0.00
1.10 3.84 7.32 1.00 0.00
1.10 3.84 7.49 1.00 0.00
1.10 3.84 7.67 1.00 0.00
0.30 4.01 4.87 1.00 0.00
0.30 4.01 5.04 1.00 0.00
0.30 4.01 5.22 1.00 0.00
0.30 4.01 5.39 1.00 0.00
0.30 4.01 5.56 1.00 0.00
0.30 4.01 5.74 1.00 0.00
0.30 4.01 5.91 1.00 0.00
0.30 4.01 6.09 1.00 0.00
0.30 4.01 6.26 1.00 0.00
0.30 4.01 6.44 1.00 0.00
0.30 4.01 6.61 1.00 0.00
0.30 4.01 6.79 1.00 0.00
0.30 4.01 6.96 1.00 0.00
0.30 4.01 7.14 1.00 0.00
0.30 4.01 7.31 1.00 0.00
0.30 4.01 7.48 1.00 0.00
0.30 4.01 7.66 1.00 0.00
0.30 4.01 7.83 1.00 0.00
0.50 4.01 4.81 1.00 0.00
0.50 4.01 4.98 1.00 0.00
0.50 4.01 5.16 1.00 0.00
0.50 4.01 5.33 1.00 0.00
0.50 4.01 5.51 1.00 0.00
0.50 4.01 5.68 1.00 0.00
0.50 4.01 5.86 1.00 0.00
0.50 4.01 6.03 1.00 0.00
0.50 4.01 6.20 1.00 0.00
0.50 4.01 6.38 1.00 0.00
0.50 4.01 6.55 1.00 0.00
0.50 4.01 6.73 1.00 0.00
0.50 4.01 6.90 1.00 0.00
0.50 4.01 7.08 1.00 0.00
0.50 4.01 7.25 1.00 0.00
0.50 4.01 7.43 1.00 0.00
0.50 4.01 7.60 1.00 0.00
0.50 4.01 7.78 1.00 0.00
0.70 4.01 4.75 1.00 0.00
0.70 4.01 4.93 1.00 0.00
0.70 4.01 5.10 1.00 0.00
0.70 4.01 5.28 1.00 0.00
0.70 4.01 5.45 1.00 0.00
0.70 4.01 5.63 1.00 0.00
0.70 4.01 5.80 1.00 0.00
0.70 4.01 5.98 1.00 0.00
0.70 4.01 6.15 1.00 0.00
0.70 4.01 6.32 1.00 0.00
0.70 4.01 6.50 1.00 0.00
0.70 4.01 6.67 1.00 0.00
0.70 4.01 6.85 1.00 0.00
0.70 4.01 7.02 1.00 0.00
0.70 4.01 7.20 1.00 0.00
0.70 4.01 7.37 1.00 0.00
0.70 4.01 7.55 1.00 0.00
0.70 4.01 7.72 1.00 0.00
0.90 4.01 4.70 1.00 0.00
0.90 4.01 4.88 1.00 0.00
0.90 4.01 5.05 1.00 0.00
0.90 4.01 5.23 1.00 0.00
0.90 4.01 5.40 1.00 0.00
0.90 4.01 5.58 1.00 0.00
0.90 4.01 5.75 1.00 0.00
0.90 4.01 5.93 1.00 0.00
0.90 4.01 6.10 1.00 0.00
0.90 4.01 6.27 1.00 0.00
0.90 4.01 6.45 1.00 0.00
0.90 4.01 6.62 1.00 0.00
0.90 4.01 6.80 1.00 0.00
0.90 4.01 6.97 1.00 0.00
0.90 4.01 7.15 1.00 0.00
0.90 4.01 7.32 1.00 0.00
0.90 4.01 7.50 1.00 0.00
0.90 4.01 7.67 1.00 0.00
1.10 4.01 4.66 1.00 0.00
1.10 4.01 4.83 1.00 0.00
1.10 4.01 5.01 1.00 0.00
1.10 4.01 5.18 1.00 0.00
1.10 4.01 5.36 1.00 0.00
1.10 4.01 5.53 1.00 0.00
1.10 4.01 5.71 1.00 0.00
1.10 4.01 5.88 1.00 0.00
1.10 4.01 6.05 1.00 0.00
1.10 4.01 6.23 1.00 0.00
1.10 4.01 6.40 1.00 0.00
1.10 4.01 6.58 1.00 0.00
1.10 4.01 6.75 1.00 0.00
1.10 4.01 6.93 1.00 0.00
1.10 4.01 7.10 1.00 0.00
1.10 4.01 7.28 1.00 0.00
1.10 4.01 7.45 1.00 0.00
1.10 4.01 7.63 1.00 0.00
0.30 4.19 4.86 1.00 0.00
0.30 4.19 5.03 1.00 0.00
0.30 4.19 5.21 1.00 0.00
0.30 4.19 5.38 1.00 0.00
0.30 4.19 5.56 1.00 0.00
0.30 4.19 5.73 1.00 0.00
0.30 4.19 5.91 1.00 0.00
0.30 4.19 6.08 1.00 0.00
0.30 4.19 6.25 1.00 0.00
0.30 4.19 6.43 1.00 0.00
0.30 4.19 6.60 1.00 0.00
0.30 4.19 6.78 1.00 0.00
0.30 4.19 6.95 1.00 0.00
0.30 4.19 7.13 1.00 0.00
0.30 4.19 7.30 1.00 0.00
0.30 4.19 7.48 1.00 0.00
0.30 4.19 7.65 1.00 0.00
0.30 4.19 7.83 1.00 0.00
0.50 4.19 4.79 1.00 0.00
0.50 4.19 4.97 1.00 0.00
0.50 4.19 5.14 1.00 0.00
0.50 4.19 5.32 1.00 0.00
0.50 4.19 5.49 1.00 0.00
0.50 4.19 5.67 1.00 0.00
0.50 4.19 5.84 1.00 0.00
0.50 4.19 6.01 1.00 0.00
0.50 4.19 6.19 1.00 0.00
0.50 4.19 6.36 1.00 0.00
0.50 4.19 6.54 1.00 0.00
0.50 4.19 6.71 1.00 0.00
0.50 4.19 6.89 1.00 0.00
0.50 4.19 7.06 1.00 0.00
0.50 4.19 7.24 1.00 0.00
0.50 4.19 7.41 1.00 0.00
0.50 4.19 7.59 1.00 0.00
0.50 4.19 7.76 1.00 0.00
0.70 4.19 4.73 1.00 0.00
0.70 4.19 4.91 1.00 0.00
0.70 4.19 5.08 1.00 0.00
0.70 4.19 5.26 1.00 0.00
0.70 4.19 5.43 1.00 0.00
0.70 4.19 5.60 1.00 0.00
0.70 4.19 5.78 1.00 0.00
0.70 4.19 5.95 1.00 0.00
0.70 4.19 6.13 1.00 0.00
0.70 4.19 6.30 1.00 0.00
0.70 4.19 6.48 1.00 0.00
0.70 4.19 6.65 1.00 0.00
0.70 4.19 6.83 1.00 0.00
0.70 4.19 7.00 1.00 0.00
0.70 4.19 7.18 1.00 0.00
0.70 4.19 7.35 1.00 0.00
0.70 4.19 7.52 1.00 0.00
0.70 4.19 7.70 1.00 0.00
0.90 4.19 4.67 1.00 0.00
0.90 4.19 4.85 1.00 0.00
0.90 4.19 5.02 1.00 0.00
0.90 4.19 5.20 1.00 0.00
0.90 4.19 5.37 1.00 0.00
0.90 4.19 5.55 1.00 0.00
0.90 4.19 5.72 1.00 0.00
0.90 4.19 5.90 1.00 0.00
0.90 4.19 6.07 1.00 0.00
0.90 4.19 6.24 1.00 0.00
0.90 4.19 6.42 1.00 0.00
0.90 4.19 6.59 1.00 0.00
0.90 4.19 6.77 1.00 0.00
0.90 4.19 6.94 1.00 0.00
0.90 4.19 7.12 1.00 0.00
0.90 4.19 7.29 1.00 0.00
0.90 4.19 7.47 1.00 0.00
0.90 4.19 7.64 1.00 0.00
1.10 4.19 4.62 1.00 0.00
1.10 4.19 4.80 1.00 0.00
1.10 4.19 4.97 1.00 0.00
1.10 4.19 5.14 1.00 0.00
1.10 4.19 5.32 1.00 0.00
1.10 4.19 5.49 1.00 0.00
1.10 4.19 5.67 1.00 0.00
1.10 4.19 5.84 1.00 0.00
1.10 4.19 6.02 1.00 0.00
1.10 4.19 6.19 1.00 0.00
1.10 4.19 6.37 1.00 0.00
1.10 4.19 6.54 1.00 0.00
1.10 4.19 6.72 1.00 0.00
1.10 4.19 6.89 1.00 0.00
1.10 4.19 7.06 1.00 0.00
1.10 4.19 7.24 1.00 0.00
1.10 4.19 7.41 1.00 0.00
1.10 4.19 7.59 1.00 0.00
0.30 4.36 4.85 1.00 0.00
0.30 4.36 5.03 1.00 0.00
0.30 4.36 5.20 1.00 0.00
0.30 4.36 5.38 1.00 0.00
0.30 4.36 5.55 1.00 0.00
0.30 4.36 5.73 1.00 0.00
0.30 4.36 5.90 1.00 0.00
0.30 4.36 6.07 1.00 0.00
0.30 4.36 6.25 1.00 0.00
0.30 4.36 6.42 1.00 0.00
0.30 4.36 6.60 1.00 0.00
0.30 4.36 6.77 1.00 0.00
0.30 4.36 6.95 1.00 0.00
0.30 4.36 7.12 1.00 0.00
0.30 4.36 7.30 1.00 0.00
0.30 4.36 7.47 1.00 0.00
0.30 4.36 7.65 1.00 0.00
0.30 4.36 7.82 1.00 0.00
0.50 4.36 4.78 1.00 0.00
0.50 4.36 4.96 1.00 0.00
0.50 4.36 5.13 1.00 0.00
0.50 4.36 5.31 1.00 0.00
0.50 4.36 5.48 1.00 0.00
0.50 4.36 5.65 1.00 0.00
0.50 4.36 5.83 1.00 0.00
0.50 4.36 6.00 1.00 0.00
0.50 4.36 6.18 1.00 0.00
0.50 4.36 6.35 1.00 0.00
0.50 4.36 6.53 1.00 0.00
0.50 4.36 6.70 1.00 0.00
0.50 4.36 6.88 1.00 0.00
0.50 4.36 7.05 1.00 0.00
0.50 4.36 7.23 1.00 0.00
0.50 4.36 7.40 1.00 0.00
0.50 4.36 7.57 1.00 0.00
0.50 4.36 7.75 1.00 0.00
0.70 4.36 4.71 1.00 0.00
0.70 4.36 4.89 1.00 0.00
0.70 4.36 5.06 1.00 0.00
0.70 4.36 5.24 1.00 0.00
0.70 4.36 5.41 1.00 0.00
0.70 4.36 5.59 1.00 0.00
0.70 4.36 5.76 1.00 0.00
0.70 4.36 5.94 1.00 0.00
0.70 4.36 6.11 1.00 0.00
0.70 4.36 6.28 1.00 0.00
0.70 4.36 6.46 1.00 0.00
0.70 4.36 6.63 1.00 0.00
0.70 4.36 6.81 1.00 0.00
0.70 4.36 6.98 1.00 0.00
0.70 4.36 7.16 1.00 0.00
0.70 4.36 7.33 1.00 0.00
0.70 4.36 7.51 1.00 0.00
0.70 4.36 7.68 1.00 0.00
0.90 4.36 4.65 1.00 0.00
0.90 4.36 4.82 1.00 0.00
0.90 4.36 5.00 1.00 0.00
0.90 4.36 5.17 1.00 0.00
0.90 4.36 5.35 1.00 0.00
0.90 4.36 5.52 1.00 0.00
0.90 4.36 5.70 1.00 0.00
0.90 4.36 5.87 1.00 0.00
0.90 4.36 6.05 1.00 0.00
0.90 4.36 6.22 1.00 0.00
0.90 4.36 6.39 1.00 0.00
0.90 4.36 6.57 1.00 0.00
0.90 4.36 6.74 1.00 0.00
0.90 4.36 6.92 1.00 0.00
0.90 4.36 7.09 1.00 0.00
0.90 4.36 7.27 1.00 0.00
0.90 4.36 7.44 1.00 0.00
0.90 4.36 7.62 1.00 0.00
1.10 4.36 4.59 1.00 0.00
1.10 4.36 4.76 1.00 0.00
1.10 4.36 4.94 1.00 0.00
1.10 4.36 5.11 1.00 0.00
1.10 4.36 5.29 1.00 0.00
1.10 4.36 5.46 1.00 0.00
1.10 4.36 5.64 1.00 0.00
1.10 4.36 5.81 1.00 0.00
1.10 4.36 5.98 1.00 0.00
1.10 4.36 6.16 1.00 0.00
1.10 4.36 6.33 1.00 0.00
1.10 4.36 6.51 1.00 0.00
1.10 4.36 6.68 1.00 0.00
1.10 4.36 6.86 1.00 0.00
1.10 4.36 7.03 1.00 0.00
1.10 4.36 7.21 1.00 0.00
1.10 4.36 7.38 1.00 0.00
1.10 4.36 7.56 1.00 0.00
0.30 4.54 4.85 1.00 0.00
0.30 4.54 5.02 1.00 0.00
0.30 4.54 5.20 1.00 0.00
0.30 4.54 5.37 1.00 0.00
0.30 4.54 5.55 1.00 0.00
0.30 4.54 5.72 1.00 0.00
0.30 4.54 5.90 1.00 0.00
0.30 4.54 6.07 1.00 0.00
0.30 4.54 6.25 1.00 0.00
0.30 4.54 6.42 1.00 0.00
0.30 4.54 6.60 1.00 0.00
0.30 4.54 6.77 1.00 0.00
0.30 4.54 6.94 1.00 0.00
0.30 4.54 7.12 1.00 0.00
0.30 4.54 7.29 1.00 0.00
0.30 4.54 7.47 1.00 0.00
0.30 4.54 7.64 1.00 0.00
0.30 4.54 7.82 1.00 0.00
0.50 4.54 4.78 1.00 0.00
0.50 4.54 4.95 1.00 0.00
0.50 4.54 5.12 1.00 0.00
0.50 4.54 5.30 1.00 0.00
0.50 4.54 5.47 1.00 0.00
0.50 4.54 5.65 1.00 0.00
0.50 4.54 5.82 1.00 0.00
0.50 4.54 6.00 1.00 0.00
0.50 4.54 6.17 1.00 0.00
0.50 4.54 6.35 1.00 0.00
0.50 4.54 6.52 1.00 0.00
0.50 4.54 6.70 1.00 0.00
0.50 4.54 6.87 1.00 0.00
0.50 4.54 7.04 1.00 0.00
0.50 4.54 7.22 1.00 0.00
0.50 4.54 7.39 1.00 0.00
0.50 4.54 7.57 1.00 0.00
0.50 4.54 7.74 1.00 0.00
0.70 4.54 4.70 1.00 0.00
0.70 4.54 4.88 1.00 0.00
0.70 4.54 5.05 1.00 0.00
0.70 4.54 5.23 1.00 0.00
0.70 4.54 5.40 1.00 0.00
0.70 4.54 5.58 1.00 0.00
0.70 4.54 5.75 1.00 0.00
0.70 4.54 5.92 1.00 0.00
0.70 4.54 6.10 1.00 0.00
0.70 4.54 6.27 1.00 0.00
0.70 4.54 6.45 1.00 0.00
0.70 4.54 6.62 1.00 0.00
0.70 4.54 6.80 1.00 0.00
0.70 4.54 6.97 1.00 0.00
0.70 4.54 7.15 1.00 0.00
0.70 4.54 7.32 1.00 0.00
0.70 4.54 7.50 1.00 0.00
0.70 4.54 7.67 1.00 0.00
0.90 4.54 4.63 1.00 0.00
0.90 4.54 4.81 1.00 0.00
0.90 4.54 4.98 1.00 0.00
0.90 4.54 5.16 1.00 0.00
0.90 4.54 5.33 1.00 0.00
0.90 4.54 5.50 1.00 0.00
0.90 4.54 5.68 1.00 0.00
0.90 4.54 5.85 1.00 0.00
0.90 4.54 6.03 1.00 0.00
0.90 4.54 6.20 1.00 0.00
0.90 4.54 6.38 1.00 0.00
0.90 4.54 6.55 1.00 0.00
0.90 4.54 6.73 1.00 0.00
0.90 4.54 6.90 1.00 0.00
0.90 4.54 7.07 1.00 0.00
0.90 4.54 7.25 1.00 0.00
0.90 4.54 7.42 1.00 0.00
0.90 4.54 7.60 1.00 0.00
1.10 4.54 4.56 1.00 0.00
1.10 4.54 4.74 1.00 0.00
1.10 4.54 4.91 1.00 0.00
1.10 4.54 5.09 1.00 0.00
1.10 4.54 5.26 1.00 0.00
1.10 4.54 5.44 1.00 0.00
1.10 4.54 5.61 1.00 0.00
1.10 4.54 5.78 1.00 0.00
1.10 4.54 5.96 1.00 0.00
1.10 4.54 6.13 1.00 0.00
1.10 4.54 6.31 1.00 0.00
1.10 4.54 6.48 1.00 0.00
1.10 4.54 6.66 1.00 0.00
1.10 4.54 6.83 1.00 0.00
1.10 4.54 7.01 1.00 0.00
1.10 4.54 7.18 1.00 0.00
1.10 4.54 7.36 1.00 0.00
1.10 4.54 7.53 1.00 0.00
0.30 4.71 4.85 1.00 0.00
0.30 4.71 5.03 1.00 0.00
0.30 4.71 5.20 1.00 0.00
0.30 4.71 5.37 1.00 0.00
0.30 4.71 5.55 1.00 0.00
0.30 4.71 5.72 1.00 0.00
0.30 4.71 5.90 1.00 0.00
0.30 4.71 6.07 1.00 0.00
0.30 4.71 6.25 1.00 0.00
0.30 4.71 6.42 1.00 0.00
0.30 4.71 6.60 1.00 0.00
0.30 4.71 6.77 1.00 0.00
0.30 4.71 6.95 1.00 0.00
0.30 4.71 7.12 1.00 0.00
0.30 4.71 7.29 1.00 0.00
0.30 4.71 7.47 1.00 0.00
0.30 4.71 7.64 1.00 0.00
0.30 4.71 7.82 1.00 0.00
0.50 4.71 4.77 1.00 0.00
0.50 4.71 4.95 1.00 0.00
0.50 4.71 5.12 1.00 0.00
0.50 4.71 5.30 1.00 0.00
0.50 4.71 5.47 1.00 0.00
0.50 4.71 5.65 1.00 0.00
0.50 4.71 5.82 1.00 0.00
0.50 4.71 6.00 1.00 0.00
0.50 4.71 6.17 1.00 0.00
0.50 4.71 6.35 1.00 0.00
0.50 4.71 6.52 1.00 0.00
0.50 4.71 6.69 1.00 0.00
0.50 4.71 6.87 1.00 0.00
0.50 4.71 7.04 1.00 0.00
0.50 4.71 7.22 1.00 0.00
0.50 4.71 7.39 1.00 0.00
0.50 4.71 7.57 1.00 0.00
0.50 4.71 7.74 1.00 0.00
0.70 4.71 4.70 1.00 0.00
0.70 4.71 4.87 1.00 0.00
0.70 4.71 5.05 1.00 0.00
0.70 4.71 5.22 1.00 0.00
0.70 4.71 5.40 1.00 0.00
0.70 4.71 5.57 1.00 0.00
0.70 4.71 5.75 1.00 0.00
0.70 4.71 5.92 1.00 0.00
0.70 4.71 6.09 1.00 0.00
0.70 4.71 6.27 1.00 0.00
0.70 4.71 6.44 1.00 0.00
0.70 4.71 6.62 1.00 0.00
0.70 4.71 6.79 1.00 0.00
0.70 4.71 6.97 1.00 0.00
0.70 4.71 7.14 1.00 0.00
0.70 4.71 7.32 1.00 0.00
0.70 4.71 7.49 1.00 0.00
0.70 4.71 7.67 1.00 0.00
0.90 4.71 4.62 1.00 0.00
0.90 4.71 4.80 1.00 0.00
0.90 4.71 4.97 1.00 0.00
0.90 4.71 5.14 1.00 0.00
0.90 4.71 5.32 1.00 0.00
0.90 4.71 5.49 1.00 0.00
0.90 4.71 5.67 1.00 0.00
0.90 4.71 5.84 1.00 0.00
0.90 4.71 6.02 1.00 0.00
0.90 4.71 6.19 1.00 0.00
0.90 4.71 6.37 1.00 0.00
0.90 4.71 6.54 1.00 0.00
0.90 4.71 6.72 1.00 0.00
0.90 4.71 6.89 1.00 0.00
0.90 4.71 7.06 1.00 0.00
0.90 4.71 7.24 1.00 0.00
0.90 4.71 7.41 1.00 0.00
0.90 4.71 7.59 1.00 0.00
1.10 4.71 4.55 1.00 0.00
1.10 4.71 4.72 1.00 0.00
1.10 4.71 4.89 1.00 0.00
1.10 4.71 5.07 1.00 0.00
1.10 4.71 5.24 1.00 0.00
1.10 4.71 5.42 1.00 0.00
1.10 4.71 5.59 1.00 0.00
1.10 4.71 5.77 1.00 0.00
1.10 4.71 5.94 1.00 0.00
1.10 4.71 6.12 1.00 0.00
1.10 4.71 6.29 1.00 0.00
1.10 4.71 6.47 1.00 0.00
1.10 4.71 6.64 1.00 0.00
1.10 4.71 6.81 1.00 0.00
1.10 4.71 6.99 1.00 0.00
1.10 4.71 7.16 1.00 0.00
1.10 4.71 7.34 1.00 0.00
1.10 4.71 7.51 1.00 0.00
0.30 4.89 4.86 1.00 0.00
0.30 4.89 5.03 1.00 0.00
0.30 4.89 5.20 1.00 0.00
0.30 4.89 5.38 1.00 0.00
0.30 4.89 5.55 1.00 0.00
0.30 4.89 5.73 1.00 0.00
0.30 4.89 5.90 1.00 0.00
0.30 4.89 6.08 1.00 0.00
0.30 4.89 6.25 1.00 0.00
0.30 4.89 6.43 1.00 0.00
0.30 4.89 6.60 1.00 0.00
0.30 4.89 6.78 1.00 0.00
0.30 4.89 6.95 1.00 0.00
0.30 4.89 7.12 1.00 0.00
0.30 4.89 7.30 1.00 0.00
0.30 4.89 7.47 1.00 0.00
0.30 4.89 7.65 1.00 0.00
0.30 4.89 7.82 1.00 0.00
0.50 4.89 4.78 1.00 0.00
0.50 4.89 4.95 1.00 0.00
0.50 4.89 5.13 1.00 0.00
0.50 4.89 5.30 1.00 0.00
0.50 4.89 5.48 1.00 0.00
0.50 4.89 5.65 1.00 0.00
0.50 4.89 5.83 1.00 0.00
0.50 4.89 6.00 1.00 0.00
0.50 4.89 6.18 1.00 0.00
0.50 4.89 6.35 1.00 0.00
0.50 4.89 6.53 1.00 0.00
0.50 4.89 6.70 1.00 0.00
0.50 4.89 6.87 1.00 0.00
0.50 4.89 7.05 1.00 0.00
0.50 4.89 7.22 1.00 0.00
0.50 4.89 7.40 1.00 0.00
0.50 4.89 7.57 1.00 0.00
0.50 4.89 7.75 1.00 0.00
0.70 4.89 4.70 1.00 0.00
0.70 4.89 4.88 1.00 0.00
0.70 4.89 5.05 1.00 0.00
0.70 4.89 5.23 1.00 0.00
0.70 4.89 5.40 1.00 0.00
0.70 4.89 5.57 1.00 0.00
0.70 4.89 5.75 1.00 0.00
0.70 4.89 5.92 1.00 0.00
0.70 4.89 6.10 1.00 0.00
0.70 4.89 6.27 1.00 0.00
0.70 4.89 6.45 1.00 0.00
0.70 4.89 6.62 1.00 0.00
0.70 4.89 6.80 1.00 0.00
0.70 4.89 6.97 1.00 0.00
0.70 4.89 7.15 1.00 0.00
0.70 4.89 7.32 1.00 0.00
0.70 4.89 7.49 1.00 0.00
0.70 4.89 7.67 1.00 0.00
0.90 4.89 4.62 1.00 0.00
0.90 4.89 4.80 1.00 0.00
0.90 4.89 4.97 1.00 0.00
0.90 4.89 5.14 1.00 0.00
0.90 4.89 5.32 1.00 0.00
0.90 4.89 5.49 1.00 0.00
0.90 4.89 5.67 1.00 0.00
0.90 4.89 5.84 1.00 0.00
0.90 4.89 6.02 1.00 0.00
0.90 4.89 6.19 1.00 0.00
0.90 4.89 6.37 1.00 0.00
0.90 4.89 6.54 1.00 0.00
0.90 4.89 6.72 1.00 0.00
0.90 4.89 6.89 1.00 0.00
0.90 4.89 7.06 1.00 0.00
0.90 4.89 7.24 1.00 0.00
0.90 4.89 7.41 1.00 0.00
0.90 4.89 7.59 1.00 0.00
1.10 4.89 4.54 1.00 0.00
1.10 4.89 4.71 1.00 0.00
1.10 4.89 4.89 1.00 0.00
1.10 4.89 5.06 1.00 0.00
1.10 4.89 5.24 1.00 0.00
1.10 4.89 5.41 1.00 0.00
1.10 4.89 5.59 1.00 0.00
1.10 4.89 5.76 1.00 0.00
1.10 4.89 5.94 1.00 0.00
1.10 4.89 6.11 1.00 0.00
1.10 4.89 6.28 1.00 0.00
1.10 4.89 6.46 1.00 0.00
1.10 4.89 6.63 1.00 0.00
1.10 4.89 6.81 1.00 0.00
1.10 4.89 6.98 1.00 0.00
1.10 4.89 7.16 1.00 0.00
1.10 4.89 7.33 1.00 0.00
1.10 4.89 7.51 1.00 0.00
0.30 5.06 4.86 1.00 0.00
0.30 5.06 5.04 1.00 0.00
0.30 5.06 5.21 1.00 0.00
0.30 5.06 5.39 1.00 0.00
0.30 5.06 5.56 1.00 0.00
0.30 5.06 5.74 1.00 0.00
0.30 5.06 5.91 1.00 0.00
0.30 5.06 6.09 1.00 0.00
0.30 5.06 6.26 1.00 0.00
0.30 5.06 6.43 1.00 0.00
0.30 5.06 6.61 1.00 0.00
0.30 5.06 6.78 1.00 0.00
0.30 5.06 6.96 1.00 0.00
0.30 5.06 7.13 1.00 0.00
0.30 5.06 7.31 1.00 0.00
0.30 5.06 7.48 1.00 0.00
0.30 5.06 7.66 1.00 0.00
0.30 5.06 7.83 1.00 0.00
0.50 5.06 4.79 1.00 0.00
0.50 5.06 4.97 1.00 0.00
0.50 5.06 5.14 1.00 0.00
0.50 5.06 5.32 1.00 0.00
0.50 5.06 5.49 1.00 0.00
0.50 5.06 5.66 1.00 0.00
0.50 5.06 5.84 1.00 0.00
0.50 5.06 6.01 1.00 0.00
0.50 5.06 6.19 1.00 0.00
0.50 5.06 6.36 1.00 0.00
0.50 5.06 6.54 1.00 0.00
0.50 5.06 6.71 1.00 0.00
0.50 5.06 6.89 1.00 0.00
0.50 5.06 7.06 1.00 0.00
0.50 5.06 7.24 1.00 0.00
0.50 5.06 7.41 1.00 0.00
0.50 5.06 7.58 1.00 0.00
0.50 5.06 7.76 1.00 0.00
0.70 5.06 4.71 1.00 0.00
0.70 5.06 4.89 1.00 0.00
0.70 5.06 5.06 1.00 0.00
0.70 5.06 5.24 1.00 0.00
0.70 5.06 5.41 1.00 0.00
0.70 5.06 5.59 1.00 0.00
0.70 5.06 5.76 1.00 0.00
0.70 5.06 5.94 1.00 0.00
0.70 5.06 6.11 1.00 0.00
0.70 5.06 6.29 1.00 0.00
0.70 5.06 6.46 1.00 0.00
0.70 5.06 6.63 1.00 0.00
0.70 5.06 6.81 1.00 0.00
0.70 5.06 6.98 1.00 0.00
0.70 5.06 7.16 1.00 0.00
0.70 5.06 7.33 1.00 0.00
0.70 5.06 7.51 1.00 0.00
0.70 5.06 7.68 1.00 0.00
0.90 5.06 4.63 1.00 0.00
0.90 5.06 4.81 1.00 0.00
0.90 5.06 4.98 1.00 0.00
0.90 5.06 5.16 1.00 0.00
0.90 5.06 5.33 1.00 0.00
0.90 5.06 5.51 1.00 0.00
0.90 5.06 5.68 1.00 0.00
0.90 5.06 5.85 1.00 0.00
0.90 5.06 6.03 1.00 0.00
0.90 5.06 6.20 1.00 0.00
0.90 5.06 6.38 1.00 0.00
0.90 5.06 6.55 1.00 0.00
0.90 5.06 6.73 1.00 0.00
0.90 5.06 6.90 1.00 0.00
0.90 5.06 7.08 1.00 0.00
0.90 5.06 7.25 1.00 0.00
0.90 5.06 7.43 1.00 0.00
0.90 5.06 7.60 1.00 0.00
1.10 5.06 4.55 1.00 0.00
1.10 5.06 4.72 1.00 0.00
1.10 5.06 4.90 1.00 0.00
1.10 5.06 5.07 1.00 0.00
1.10 5.06 5.25 1.00 0.00
1.10 5.06 5.42 1.00 0.00
1.10 5.06 5.59 1.00 0.00
1.10 5.06 5.77 1.00 0.00
1.10 5.06 5.94 1.00 0.00
1.10 5.06 6.12 1.00 0.00
1.10 5.06 6.29 1.00 0.00
1.10 5.06 6.47 1.00 0.00
1.10 5.06 6.64 1.00 0.00
1.10 5.06 6.82 1.00 0.00
1.10 5.06 6.99 1.00 0.00
1.10 5.06 7.17 1.00 0.00
1.10 5.06 7.34 1.00 0.00
1.10 5.06 7.51 1.00 0.00
0.30 5.24 4.88 1.00 0.00
0.30 5.24 5.05 1.00 0.00
0.30 5.24 5.22 1.00 0.00
0.30 5.24 5.40 1.00 0.00
0.30 5.24 5.57 1.00 0.00
0.30 5.24 5.75 1.00 0.00
0.30 5.24 5.92 1.00 0.00
0.30 5.24 6.10 1.00 0.00
0.30 5.24 6.27 1.00 0.00
0.30 5.24 6.45 1.00 0.00
0.30 5.24 6.62 1.00 0.00
0.30 5.24 6.80 1.00 0.00
0.30 5.24 6.97 1.00 0.00
0.30 5.24 7.14 1.00 0.00
0.30 5.24 7.32 1.00 0.00
0.30 5.24 7.49 1.00 0.00
0.30 5.24 7.67 1.00 0.00
0.30 5.24 7.84 1.00 0.00
0.50 5.24 4.81 1.00 0.00
0.50 5.24 4.98 1.00 0.00
0.50 5.24 5.16 1.00 0.00
0.50 5.24 5.33 1.00 0.00
0.50 5.24 5.51 1.00 0.00
0.50 5.24 5.68 1.00 0.00
0.50 5.24 5.86 1.00 0.00
0.50 5.24 6.03 1.00 0.00
0.50 5.24 6.21 1.00 0.00
0.50 5.24 6.38 1.00 0.00
0.50 5.24 6.56 1.00 0.00
0.50 5.24 6.73 1.00 0.00
0.50 5.24 6.90 1.00 0.00
0.50 5.24 7.08 1.00 0.00
0.50 5.24 7.25 1.00 0.00
0.50 5.24 7.43 1.00 0.00
0.50 5.24 7.60 1.00 0.00
0.50 5.24 7.78 1.00 0.00
0.70 5.24 4.74 1.00 0.00
0.70 5.24 4.91 1.00 0.00
0.70 5.24 5.09 1.00 0.00
0.70 5.24 5.26 1.00 0.00
0.70 5.24 5.44 1.00 0.00
0.70 5.24 5.61 1.00 0.00
0.70 5.24 5.78 1.00 0.00
0.70 5.24 5.96 1.00 0.00
0.70 5.24 6.13 1.00 0.00
0.70 5.24 6.31 1.00 0.00
0.70 5.24 6.48 1.00 0.00
0.70 5.24 6.66 1.00 0.00
0.70 5.24 6.83 1.00 0.00
0.70 5.24 7.01 1.00 0.00
0.70 5.24 7.18 1.00 0.00
0.70 5.24 7.36 1.00 0.00
0.70 5.24 7.53 1.00 0.00
0.70 5.24 7.70 1.00 0.00
0.90 5.24 4.66 1.00 0.00
0.90 5.24 4.83 1.00 0.00
0.90 5.24 5.01 1.00 0.00
0.90 5.24 5.18 1.00 0.00
0.90 5.24 5.36 1.00 0.00
0.90 5.24 5.53 1.00 0.00
0.90 5.24 5.71 1.00 0.00
0.90 5.24 5.88 1.00 0.00
0.90 5.24 6.05 1.00 0.00
0.90 5.24 6.23 1.00 0.00
0.90 5.24 6.40 1.00 0.00
0.90 5.24 6.58 1.00 0.00
0.90 5.24 6.75 1.00 0.00
0.90 5.24 6.93 1.00 0.00
0.90 5.24 7.10 1.00 0.00
0.90 5.24 7.28 1.00 0.00
0.90 5.24 7.45 1.00 0.00
0.90 5.24 7.63 1.00 0.00
1.10 5.24 4.57 1.00 0.00
1.10 5.24 4.75 1.00 0.00
1.10 5.24 4.92 1.00 0.00
1.10 5.24 5.10 1.00 0.00
1.10 5.24 5.27 1.00 0.00
1.10 5.24 5.44 1.00 0.00
1.10 5.24 5.62 1.00 0.00
1.10 5.24 5.79 1.00 0.00
1.10 5.24 5.97 1.00 0.00
1.10 5.24 6.14 1.00 0.00
1.10 5.24 6.32 1.00 0.00
1.10 5.24 6.49 1.00 0.00
1.10 5.24 6.67 1.00 0.00
1.10 5.24 6.84 1.00 0.00
1.10 5.24 7.02 1.00 0.00
1.10 5.24 7.19 1.00 0.00
1.10 5.24 7.36 1.00 0.00
1.10 5.24 7.54 1.00 0.00
0.30 5.41 4.89 1.00 0.00
0.30 5.41 5.07 1.00 0.00
0.30 5.41 5.24 1.00 0.00
0.30 5.41 5.41 1.00 0.00
0.30 5.41 5.59 1.00 0.00
0.30 5.41 5.76 1.00 0.00
0.30 5.41 5.94 1.00 0.00
0.30 5.41 6.11 1.00 0.00
0.30 5.41 6.29 1.00 0.00
0.30 5.41 6.46 1.00 0.00
0.30 5.41 6.64 1.00 0.00
0.30 5.41 6.81 1.00 0.00
0.30 5.41 6.98 1.00 0.00
0.30 5.41 7.16 1.00 0.00
0.30 5.41 7.33 1.00 0.00
0.30 5.41 7.51 1.00 0.00
0.30 5.41 7.68 1.00 0.00
0.30 5.41 7.86 1.00 0.00
0.50 5.41 4.83 1.00 0.00
0.50 5.41 5.01 1.00 0.00
0.50 5.41 5.18 1.00 0.00
0.50 5.41 5.36 1.00 0.00
0.50 5.41 5.53 1.00 0.00
0.50 5.41 5.71 1.00 0.00
0.50 5.41 5.88 1.00 0.00
0.50 5.41 6.06 1.00 0.00
0.50 5.41 6.23 1.00 0.00
0.50 5.41 6.41 1.00 0.00
0.50 5.41 6.58 1.00 0.00
0.50 5.41 6.75 1.00 0.00
0.50 5.41 6.93 1.00 0.00
0.50 5.41 7.10 1.00 0.00
0.50 5.41 7.28 1.00 0.00
0.50 5.41 7.45 1.00 0.00
0.50 5.41 7.63 1.00 0.00
0.50 5.41 7.80 1.00 0.00
0.70 5.41 4.77 1.00 0.00
0.70 5.41 4.95 1.00 0.00
0.70 5.41 5.12 1.00 0.00
0.70 5.41 5.29 1.00 0.00
0.70 5.41 5.47 1.00 0.00
0.70 5.41 5.64 1.00 0.00
0.70 5.41 5.82 1.00 0.00
0.70 5.41 5.99 1.00 0.00
0.70 5.41 6.17 1.00 0.00
0.70 5.41 6.34 1.00 0.00
0.70 5.41 6.52 1.00 0.00
0.70 5.41 6.69 1.00 0.00
0.70 5.41 6.87 1.00 0.00
0.70 5.41 7.04 1.00 0.00
0.70 5.41 7.21 1.00 0.00
0.70 5.41 7.39 1.00 0.00
0.70 5.41 7.56 1.00 0.00
0.70 5.41 7.74 1.00 0.00
0.90 5.41 4.70 1.00 0.00
0.90 5.41 4.87 1.00 0.00
0.90 5.41 5.05 1.00 0.00
0.90 5.41 5.22 1.00 0.00
0.90 5.41 5.40 1.00 0.00
0.90 5.41 5.57 1.00 0.00
0.90 5.41 5.75 1.00 0.00
0.90 5.41 5.92 1.00 0.00
0.90 5.41 6.10 1.00 0.00
0.90 5.41 6.27 1.00 0.00
0.90 5.41 6.44 1.00 0.00
0.90 5.41 6.62 1.00 0.00
0.90 5.41 6.79 1.00 0.00
0.90 5.41 6.97 1.00 0.00
0.90 5.41 7.14 1.00 0.00
0.90 5.41 7.32 1.00 0.00
0.90 5.41 7.49 1.00 0.00
0.90 5.41 7.67 1.00 0.00
1.10 5.41 4.62 1.00 0.00
1.10 5.41 4.79 1.00 0.00
1.10 5.41 4.97 1.00 0.00
1.10 5.41 5.14 1.00 0.00
1.10 5.41 5.32 1.00 0.00
1.10 5.41 5.49 1.00 0.00
1.10 5.41 5.66 1.00 0.00
1.10 5.41 5.84 1.00 0.00
1.10 5.41 6.01 1.00 0.00
1.10 5.41 6.19 1.00 0.00
1.10 5.41 6.36 1.00 0.00
1.10 5.41 6.54 1.00 0.00
1.10 5.41 6.71 1.00 0.00
1.10 5.41 6.89 1.00 0.00
1.10 5.41 7.06 1.00 0.00
1.10 5.41 7.24 1.00 0.00
1.10 5.41 7.41 1.00 0.00
1.10 5.41 7.58 1.00 0.00
0.30 5.59 4.91 1.00 0.00
0.30 5.59 5.08 1.00 0.00
0.30 5.59 5.26 1.00 0.00
0.30 5.59 5.43 1.00 0.00
0.30 5.59 5.61 1.00 0.00
0.30 5.59 5.78 1.00 0.00
0.30 5.59 5.96 1.00 0.00
0.30 5.59 6.13 1.00 0.00
0.30 5.59 6.30 1.00 0.00
0.30 5.59 6.48 1.00 0.00
0.30 5.59 6.65 1.00 0.00
0.30 5.59 6.83 1.00 0.00
0.30 5.59 7.00 1.00 0.00
0.30 5.59 7.18 1.00 0.00
0.30 5.59 7.35 1.00 0.00
0.30 5.59 7.53 1.00 0.00
0.30 5.59 7.70 1.00 0.00
0.30 5.59 7.88 1.00 0.00
0.50 5.59 4.87 1.00 0.00
0.50 5.59 5.04 1.00 0.00
0.50 5.59 5.21 1.00 0.00
0.50 5.59 5.39 1.00 0.00
0.50 5.59 5.56 1.00 0.00
0.50 5.59 5.74 1.00 0.00
0.50 5.59 5.91 1.00 0.00
0.50 5.59 6.09 1.00 0.00
0.50 5.59 6.26 1.00 0.00
0.50 5.59 6.44 1.00 0.00
0.50 5.59 6.61 1.00 0.00
0.50 5.59 6.79 1.00 0.00
0.50 5.59 6.96 1.00 0.00
0.50 5.59 7.13 1.00 0.00
0.50 5.59 7.31 1.00 0.00
0.50 5.59 7.48 1.00 0.00
0.50 5.59 7.66 1.00 0.00
0.50 5.59 7.83 1.00 0.00
0.70 5.59 4.82 1.00 0.00
0.70 5.59 4.99 1.00 0.00
0.70 5.59 5.16 1.00 0.00
0.70 5.59 5.34 1.00 0.00
0.70 5.59 5.51 1.00 0.00
0.70 5.59 5.69 1.00 0.00
0.70 5.59 5.86 1.00 0.00
0.70 5.59 6.04 1.00 0.00
0.70 5.59 6.21 1.00 0.00
0.70 5.59 6.39 1.00 0.00
0.70 5.59 6.56 1.00 0.00
0.70 5.59 6.74 1.00 0.00
0.70 5.59 6.91 1.00 0.00
0.70 5.59 7.08 1.00 0.00
0.70 5.59 7.26 1.00 0.00
0.70 5.59 7.43 1.00 0.00
0.70 5.59 7.61 1.00 0.00
0.70 5.59 7.78 1.00 0.00
0.90 5.59 4.76 1.00 0.00
0.90 5.59 4.93 1.00 0.00
0.90 5.59 5.11 1.00 0.00
0.90 5.59 5.28 1.00 0.00
0.90 5.59 5.45 1.00 0.00
0.90 5.59 5.63 1.00 0.00
0.90 5.59 5.80 1.00 0.00
0.90 5.59 5.98 1.00 0.00
0.90 5.59 6.15 1.00 0.00
0.90 5.59 6.33 1.00 0.00
0.90 5.59 6.50 1.00 0.00
0.90 5.59 6.68 1.00 0.00
0.90 5.59 6.85 1.00 0.00
0.90 5.59 7.03 1.00 0.00
0.90 5.59 7.20 1.00 0.00
0.90 5.59 7.37 1.00 0.00
0.90 5.59 7.55 1.00 0.00
0.90 5.59 7.72 1.00 0.00
1.10 5.59 4.69 1.00 0.00
1.10 5.59 4.86 1.00 0.00
1.10 5.59 5.04 1.00 0.00
1.10 5.59 5.21 1.00 0.00
1.10 5.59 5.39 1.00 0.00
1.10 5.59 5.56 1.00 0.00
1.10 5.59 5.73 1.00 0.00
1.10 5.59 5.91 1.00 0.00
1.10 5.59 6.08 1.00 0.00
1.10 5.59 6.26 1.00 0.00
1.10 5.59 6.43 1.00 0.00
1.10 5.59 6.61 1.00 0.00
1.10 5.59 6.78 1.00 0.00
1.10 5.59 6.96 1.00 0.00
1.10 5.59 7.13 1.00 0.00
1.10 5.59 7.31 1.00 0.00
1.10 5.59 7.48 1.00 0.00
1.10 5.59 7.65 1.00 0.00
0.30 5.76 4.93 1.00 0.00
0.30 5.76 5.10 1.00 0.00
0.30 5.76 5.28 1.00 0.00
0.30 5.76 5.45 1.00 0.00
0.30 5.76 5.63 1.00 0.00
0.30 5.76 5.80 1.00 0.00
0.30 5.76 5.98 1.00 0.00
0.30 5.76 6.15 1.00 0.00
0.30 5.76 6.32 1.00 0.00
0.30 5.76 6.50 1.00 0.00
0.30 5.76 6.67 1.00 0.00
0.30 5.76 6.85 1.00 0.00
0.30 5.76 7.02 1.00 0.00
0.30 5.76 7.20 1.00 0.00
0.30 5.76 7.37 1.00 0.00
0.30 5.76 7.55 1.00 0.00
0.30 5.76 7.72 1.00 0.00
0.30 5.76 7.90 1.00 0.00
0.50 5.76 4.90 1.00 0.00
0.50 5.76 5.08 1.00 0.00
0.50 5.76 5.25 1.00 0.00
0.50 5.76 5.42 1.00 0.00
0.50 5.76 5.60 1.00 0.00
0.50 5.76 5.77 1.00 0.00
0.50 5.76 5.95 1.00 0.00
0.50 5.76 6.12 1.00 0.00
0.50 5.76 6.30 1.00 0.00
0.50 5.76 6.47 1.00 0.00
0.50 5.76 6.65 1.00 0.00
0.50 5.76 6.82 1.00 0.00
0.50 5.76 7.00 1.00 0.00
0.50 5.76 7.17 1.00 0.00
0.50 5.76 7.34 1.00 0.00
0.50 5.76 7.52 1.00 0.00
0.50 5.76 7.69 1.00 0.00
0.50 5.76 7.87 1.00 0.00
0.70 5.76 4.87 1.00 0.00
0.70 5.76 5.04 1.00 0.00
0.70 5.76 5.22 1.00 0.00
0.70 5.76 5.39 1.00 0.00
0.70 5.76 5.57 1.00 0.00
0.70 5.76 5.74 1.00 0.00
0.70 5.76 5.92 1.00 0.00
0.70 5.76 6.09 1.00 0.00
0.70 5.76 6.26 1.00 0.00
0.70 5.76 6.44 1.00 0.00
0.70 5.76 6.61 1.00 0.00
0.70 5.76 6.79 1.00 0.00
0.70 5.76 6.96 1.00 0.00
0.70 5.76 7.14 1.00 0.00
0.70 5.76 7.31 1.00 0.00
0.70 5.76 7.49 1.00 0.00
0.70 5.76 7.66 1.00 0.00
0.70 5.76 7.84 1.00 0.00
0.90 5.76 4.83 1.00 0.00
0.90 5.76 5.00 1.00 0.00
0.90 5.76 5.18 1.00 0.00
0.90 5.76 5.35 1.00 0.00
0.90 5.76 5.53 1.00 0.00
0.90 5.76 5.70 1.00 0.00
0.90 5.76 5.88 1.00 0.00
0.90 5.76 6.05 1.00 0.00
0.90 5.76 6.23 1.00 0.00
0.90 5.76 6.40 1.00 0.00
0.90 5.76 6.57 1.00 0.00
0.90 5.76 6.75 1.00 0.00
0.90 5.76 6.92 1.00 0.00
0.90 5.76 7.10 1.00 0.00
0.90 5.76 7.27 1.00 0.00
0.90 5.76 7.45 1.00 0.00
0.90 5.76 7.62 1.00 0.00
0.90 5.76 7.80 1.00 0.00
1.10 5.76 4.78 1.00 0.00
1.10 5.76 4.96 1.00 0.00
1.10 5.76 5.13 1.00 0.00
1.10 5.76 5.30 1.00 0.00
1.10 5.76 5.48 1.00 0.00
1.10 5.76 5.65 1.00 0.00
1.10 5.76 5.83 1.00 0.00
1.10 5.76 6.00 1.00 0.00
1.10 5.76 6.18 1.00 0.00
1.10 5.76 6.35 1.00 0.00
1.10 5.76 6.53 1.00 0.00
1.10 5.76 6.70 1.00 0.00
1.10 5.76 6.88 1.00 0.00
1.10 5.76 7.05 1.00 0.00
1.10 5.76 7.22 1.00 0.00
1.10 5.76 7.40 1.00 0.00
1.10 5.76 7.57 1.00 0.00
1.10 5.76 7.75 1.00 0.00
0.30 5.93 4.95 1.00 0.00
0.30 5.93 5.12 1.00 0.00
0.30 5.93 5.30 1.00 0.00
0.30 5.93 5.47 1.00 0.00
0.30 5.93 5.65 1.00 0.00
0.30 5.93 5.82 1.00 0.00
0.30 5.93 6.00 1.00 0.00
0.30 5.93 6.17 1.00 0.00
0.30 5.93 6.35 1.00 0.00
0.30 5.93 6.52 1.00 0.00
0.30 5.93 6.70 1.00 0.00
0.30 5.93 6.87 1.00 0.00
0.30 5.93 7.04 1.00 0.00
0.30 5.93 7.22 1.00 0.00
0.30 5.93 7.39 1.00 0.00
0.30 5.93 7.57 1.00 0.00
0.30 5.93 7.74 1.00 0.00
0.30 5.93 7.92 1.00 0.00
0.50 5.93 4.94 1.00 0.00
0.50 5.93 5.11 1.00 0.00
0.50 5.93 5.29 1.00 0.00
0.50 5.93 5.46 1.00 0.00
0.50 5.93 5.64 1.00 0.00
0.50 5.93 5.81 1.00 0.00
0.50 5.93 5.99 1.00 0.00
0.50 5.93 6.16 1.00 0.00
0.50 5.93 6.34 1.00 0.00
0.50 5.93 6.51 1.00 0.00
0.50 5.93 6.68 1.00 0.00
0.50 5.93 6.86 1.00 0.00
0.50 5.93 7.03 1.00 0.00
0.50 5.93 7.21 1.00 0.00
0.50 5.93 7.38 1.00 0.00
0.50 5.93 7.56 1.00 0.00
0.50 5.93 7.73 1.00 0.00
0.50 5.93 7.91 1.00 0.00
0.70 5.93 4.93 1.00 0.00
0.70 5.93 5.10 1.00 0.00
0.70 5.93 5.28 1.00 0.00
0.70 5.93 5.45 1.00 0.00
0.70 5.93 5.63 1.00 0.00
0.70 5.93 5.80 1.00 0.00
0.70 5.93 5.97 1.00 0.00
0.70 5.93 6.15 1.00 0.00
0.70 5.93 6.32 1.00 0.00
0.70 5.93 6.50 1.00 0.00
0.70 5.93 6.67 1.00 0.00
0.70 5.93 6.85 1.00 0.00
0.70 5.93 7.02 1.00 0.00
0.70 5.93 7.20 1.00 0.00
0.70 5.93 7.37 1.00 0.00
0.70 5.93 7.55 1.00 0.00
0.70 5.93 7.72 1.00 0.00
0.70 5.93 7.89 1.00 0.00
0.90 5.93 4.91 1.00 0.00
0.90 5.93 5.09 1.00 0.00
0.90 5.93 5.26 1.00 0.00
0.90 5.93 5.44 1.00 0.00
0.90 5.93 5.61 1.00 0.00
0.90 5.93 5.78 1.00 0.00
0.90 5.93 5.96 1.00 0.00
0.90 5.93 6.13 1.00 0.00
0.90 5.93 6.31 1.00 0.00
0.90 5.93 6.48 1.00 0.00
0.90 5.93 6.66 1.00 0.00
0.90 5.93 6.83 1.00 0.00
0.90 5.93 7.01 1.00 0.00
0.90 5.93 7.18 1.00 0.00
0.90 5.93 7.36 1.00 0.00
0.90 5.93 7.53 1.00 0.00
0.90 5.93 7.70 1.00 0.00
0.90 5.93 7.88 1.00 0.00
1.10 5.93 4.89 1.00 0.00
1.10 5.93 5.07 1.00 0.00
1.10 5.93 5.24 1.00 0.00
1.10 5.93 5.42 1.00 0.00
1.10 5.93 5.59 1.00 0.00
1.10 5.93 5.77 1.00 0.00
1.10 5.93 5.94 1.00 0.00
1.10 5.93 6.12 1.00 0.00
1.10 5.93 6.29 1.00 0.00
1.10 5.93 6.46 1.00 0.00
1.10 5.93 6.64 1.00 0.00
1.10 5.93 6.81 1.00 0.00
1.10 5.93 6.99 1.00 0.00
1.10 5.93 7.16 1.00 0.00
1.10 5.93 7.34 1.00 0.00
1.10 5.93 7.51 1.00 0.00
1.10 5.93 7.69 1.00 0.00
1.10 5.93 7.86 1.00 0.00
0.30 6.11 4.97 1.00 0.00
0.30 6.11 5.15 1.00 0.00
0.30 6.11 5.32 1.00 0.00
0.30 6.11 5.50 1.00 0.00
0.30 6.11 5.67 1.00 0.00
0.30 6.11 5.84 1.00 0.00
0.30 6.11 6.02 1.00 0.00
0.30 6.11 6.19 1.00 0.00
0.30 6.11 6.37 1.00 0.00
0.30 6.11 6.54 1.00 0.00
0.30 6.11 6.72 1.00 0.00
0.30 6.11 6.89 1.00 0.00
0.30 6.11 7.07 1.00 0.00
0.30 6.11 7.24 1.00 0.00
0.30 6.11 7.42 1.00 0.00
0.30 6.11 7.59 1.00 0.00
0.30 6.11 7.76 1.00 0.00
0.30 6.11 7.94 1.00 0.00
0.50 6.11 4.98 1.00 0.00
0.50 6.11 5.15 1.00 0.00
0.50 6.11 5.33 1.00 0.00
0.50 6.11 5.50 1.00 0.00
0.50 6.11 5.68 1.00 0.00
0.50 6.11 5.85 1.00 0.00
0.50 6.11 6.03 1.00 0.00
0.50 6.11 6.20 1.00 0.00
0.50 6.11 6.38 1.00 0.00
0.50 6.11 6.55 1.00 0.00
0.50 6.11 6.72 1.00 0.00
0.50 6.11 6.90 1.00 0.00
0.50 6.11 7.07 1.00 0.00
0.50 6.11 7.25 1.00 0.00
0.50 6.11 7.42 1.00 0.00
0.50 6.11 7.60 1.00 0.00
0.50 6.11 7.77 1.00 0.00
0.50 6.11 7.95 1.00 0.00
0.70 6.11 4.99 1.00 0.00
0.70 6.11 5.16 1.00 0.00
0.70 6.11 5.34 1.00 0.00
0.70 6.11 5.51 1.00 0.00
0.70 6.11 5.69 1.00 0.00
0.70 6.11 5.86 1.00 0.00
0.70 6.11 6.04 1.00 0.00
0.70 6.11 6.21 1.00 0.00
0.70 6.11 6.38 1.00 0.00
0.70 6.11 6.56 1.00 0.00
0.70 6.11 6.73 1.00 0.00
0.70 6.11 6.91 1.00 0.00
0.70 6.11 7.08 1.00 0.00
0.70 6.11 7.26 1.00 0.00
0.70 6.11 7.43 1.00 0.00
0.70 6.11 7.61 1.00 0.00
0.70 6.11 7.78 1.00 0.00
0.70 6.11 7.96 1.00 0.00
0.90 6.11 5.00 1.00 0.00
0.90 6.11 5.17 1.00 0.00
0.90 6.11 5.35 1.00 0.00
0.90 6.11 5.52 1.00 0.00
0.90 6.11 5.70 1.00 0.00
0.90 6.11 5.87 1.00 0.00
0.90 6.11 6.05 1.00 0.00
0.90 6.11 6.22 1.00 0.00
0.90 6.11 6.40 1.00 0.00
0.90 6.11 6.57 1.00 0.00
0.90 6.11 6.75 1.00 0.00
0.90 6.11 6.92 1.00 0.00
0.90 6.11 7.09 1.00 0.00
0.90 6.11 7.27 1.00 0.00
0.90 6.11 7.44 1.00 0.00
0.90 6.11 7.62 1.00 0.00
0.90 6.11 7.79 1.00 0.00
0.90 6.11 7.97 1.00 0.00
1.10 6.11 5.01 1.00 0.00
1.10 6.11 5.19 1.00 0.00
1.10 6.11 5.36 1.00 0.00
1.10 6.11 5.54 1.00 0.00
1.10 6.11 5.71 1.00 0.00
1.10 6.11 5.89 1.00 0.00
1.10 6.11 6.06 1.00 0.00
1.10 6.11 6.24 1.00 0.00
1.10 6.11 6.41 1.00 0.00
1.10 6.11 6.59 1.00 0.00
1.10 6.11 6.76 1.00 0.00
1.10 6.11 6.93 1.00 0.00
1.10 6.11 7.11 1.00 0.00
1.10 6.11 7.28 1.00 0.00
1.10 6.11 7.46 1.00 0.00
1.10 6.11 7.63 1.00 0.00
1.10 6.11 7.81 1.00 0.00
1.10 6.11 7.98 1.00 0.00
