0.30 0.00 -0.97 1.00 0.00
0.30 0.00 -0.79 1.00 0.00
0.30 0.00 -0.62 1.00 0.00
0.30 0.00 -0.45 1.00 0.00
0.30 0.00 -0.27 1.00 0.00
0.30 0.00 -0.10 1.00 0.00
0.30 0.00 0.08 1.00 0.00
0.30 0.00 0.25 1.00 0.00
0.30 0.00 0.43 1.00 0.00
0.30 0.00 0.60 1.00 0.00
0.30 0.00 0.78 1.00 0.00
0.30 0.00 0.95 1.00 0.00
0.30 0.00 1.13 1.00 0.00
0.30 0.00 1.30 1.00 0.00
0.30 0.00 1.47 1.00 0.00
0.30 0.00 1.65 1.00 0.00
0.30 0.00 1.82 1.00 0.00
0.30 0.00 2.00 1.00 0.00
0.50 0.00 -0.95 1.00 0.00
0.50 0.00 -0.77 1.00 0.00
0.50 0.00 -0.60 1.00 0.00
0.50 0.00 -0.42 1.00 0.00
0.50 0.00 -0.25 1.00 0.00
0.50 0.00 -0.07 1.00 0.00
0.50 0.00 0.10 1.00 0.00
0.50 0.00 0.28 1.00 0.00
0.50 0.00 0.45 1.00 0.00
0.50 0.00 0.62 1.00 0.00
0.50 0.00 0.80 1.00 0.00
0.50 0.00 0.97 1.00 0.00
0.50 0.00 1.15 1.00 0.00
0.50 0.00 1.32 1.00 0.00
0.50 0.00 1.50 1.00 0.00
0.50 0.00 1.67 1.00 0.00
0.50 0.00 1.85 1.00 0.00
0.50 0.00 2.02 1.00 0.00
0.70 0.00 -0.92 1.00 0.00
0.70 0.00 -0.75 1.00 0.00
0.70 0.00 -0.57 1.00 0.00
0.70 0.00 -0.40 1.00 0.00
0.70 0.00 -0.22 1.00 0.00
0.70 0.00 -0.05 1.00 0.00
0.70 0.00 0.13 1.00 0.00
0.70 0.00 0.30 1.00 0.00
0.70 0.00 0.47 1.00 0.00
0.70 0.00 0.65 1.00 0.00
0.70 0.00 0.82 1.00 0.00
0.70 0.00 1.00 1.00 0.00
0.70 0.00 1.17 1.00 0.00
0.70 0.00 1.35 1.00 0.00
0.70 0.00 1.52 1.00 0.00
0.70 0.00 1.70 1.00 0.00
0.70 0.00 1.87 1.00 0.00
0.70 0.00 2.05 1.00 0.00
0.90 0.00 -0.90 1.00 0.00
0.90 0.00 -0.72 1.00 0.00
0.90 0.00 -0.55 1.00 0.00
0.90 0.00 -0.37 1.00 0.00
0.90 0.00 -0.20 1.00 0.00
0.90 0.00 -0.02 1.00 0.00
0.90 0.00 0.15 1.00 0.00
0.90 0.00 0.33 1.00 0.00
0.90 0.00 0.50 1.00 0.00
0.90 0.00 0.68 1.00 0.00
0.90 0.00 0.85 1.00 0.00
0.90 0.00 1.02 1.00 0.00
0.90 0.00 1.20 1.00 0.00
0.90 0.00 1.37 1.00 0.00
0.90 0.00 1.55 1.00 0.00
0.90 0.00 1.72 1.00 0.00
0.90 0.00 1.90 1.00 0.00
0.90 0.00 2.07 1.00 0.00
1.10 0.00 -0.87 1.00 0.00
1.10 0.00 -0.69 1.00 0.00
1.10 0.00 -0.52 1.00 0.00
1.10 0.00 -0.34 1.00 0.00
1.10 0.00 -0.17 1.00 0.00
1.10 0.00 0.01 1.00 0.00
1.10 0.00 0.18 1.00 0.00
1.10 0.00 0.35 1.00 0.00
1.10 0.00 0.53 1.00 0.00
1.10 0.00 0.70 1.00 0.00
1.10 0.00 0.88 1.00 0.00
1.10 0.00 1.05 1.00 0.00
1.10 0.00 1.23 1.00 0.00
1.10 0.00 1.40 1.00 0.00
1.10 0.00 1.58 1.00 0.00
1.10 0.00 1.75 1.00 0.00
1.10 0.00 1.93 1.00 0.00
1.10 0.00 2.10 1.00 0.00
0.30 0.17 -0.96 1.00 0.00
0.30 0.17 -0.79 1.00 0.00
0.30 0.17 -0.61 1.00 0.00
0.30 0.17 -0.44 1.00 0.00
0.30 0.17 -0.26 1.00 0.00
0.30 0.17 -0.09 1.00 0.00
0.30 0.17 0.09 1.00 0.00
0.30 0.17 0.26 1.00 0.00
0.30 0.17 0.44 1.00 0.00
0.30 0.17 0.61 1.00 0.00
0.30 0.17 0.78 1.00 0.00
0.30 0.17 0.96 1.00 0.00
0.30 0.17 1.13 1.00 0.00
0.30 0.17 1.31 1.00 0.00
0.30 0.17 1.48 1.00 0.00
0.30 0.17 1.66 1.00 0.00
0.30 0.17 1.83 1.00 0.00
0.30 0.17 2.01 1.00 0.00
0.50 0.17 -0.93 1.00 0.00
0.50 0.17 -0.76 1.00 0.00
0.50 0.17 -0.58 1.00 0.00
0.50 0.17 -0.41 1.00 0.00
0.50 0.17 -0.23 1.00 0.00
0.50 0.17 -0.06 1.00 0.00
0.50 0.17 0.11 1.00 0.00
0.50 0.17 0.29 1.00 0.00
0.50 0.17 0.46 1.00 0.00
0.50 0.17 0.64 1.00 0.00
0.50 0.17 0.81 1.00 0.00
0.50 0.17 0.99 1.00 0.00
0.50 0.17 1.16 1.00 0.00
0.50 0.17 1.34 1.00 0.00
0.50 0.17 1.51 1.00 0.00
0.50 0.17 1.69 1.00 0.00
0.50 0.17 1.86 1.00 0.00
0.50 0.17 2.03 1.00 0.00
0.70 0.17 -0.90 1.00 0.00
0.70 0.17 -0.73 1.00 0.00
0.70 0.17 -0.55 1.00 0.00
0.70 0.17 -0.38 1.00 0.00
0.70 0.17 -0.20 1.00 0.00
0.70 0.17 -0.03 1.00 0.00
0.70 0.17 0.14 1.00 0.00
0.70 0.17 0.32 1.00 0.00
0.70 0.17 0.49 1.00 0.00
0.70 0.17 0.67 1.00 0.00
0.70 0.17 0.84 1.00 0.00
0.70 0.17 1.02 1.00 0.00
0.70 0.17 1.19 1.00 0.00
0.70 0.17 1.37 1.00 0.00
0.70 0.17 1.54 1.00 0.00
0.70 0.17 1.72 1.00 0.00
0.70 0.17 1.89 1.00 0.00
0.70 0.17 2.06 1.00 0.00
0.90 0.17 -0.87 1.00 0.00
0.90 0.17 -0.70 1.00 0.00
0.90 0.17 -0.52 1.00 0.00
0.90 0.17 -0.35 1.00 0.00
0.90 0.17 -0.17 1.00 0.00
0.90 0.17 0.00 1.00 0.00
0.90 0.17 0.18 1.00 0.00
0.90 0.17 0.35 1.00 0.00
0.90 0.17 0.53 1.00 0.00
0.90 0.17 0.70 1.00 0.00
0.90 0.17 0.87 1.00 0.00
0.90 0.17 1.05 1.00 0.00
0.90 0.17 1.22 1.00 0.00
0.90 0.17 1.40 1.00 0.00
0.90 0.17 1.57 1.00 0.00
0.90 0.17 1.75 1.00 0.00
0.90 0.17 1.92 1.00 0.00
0.90 0.17 2.10 1.00 0.00
1.10 0.17 -0.84 1.00 0.00
1.10 0.17 -0.66 1.00 0.00
1.10 0.17 -0.49 1.00 0.00
1.10 0.17 -0.31 1.00 0.00
1.10 0.17 -0.14 1.00 0.00
1.10 0.17 0.03 1.00 0.00
1.10 0.17 0.21 1.00 0.00
1.10 0.17 0.38 1.00 0.00
1.10 0.17 0.56 1.00 0.00
1.10 0.17 0.73 1.00 0.00
1.10 0.17 0.91 1.00 0.00
1.10 0.17 1.08 1.00 0.00
1.10 0.17 1.26 1.00 0.00
1.10 0.17 1.43 1.00 0.00
1.10 0.17 1.61 1.00 0.00
1.10 0.17 1.78 1.00 0.00
1.10 0.17 1.95 1.00 0.00
1.10 0.17 2.13 1.00 0.00
0.30 0.35 -0.95 1.00 0.00
0.30 0.35 -0.78 1.00 0.00
0.30 0.35 -0.61 1.00 0.00
0.30 0.35 -0.43 1.00 0.00
0.30 0.35 -0.26 1.00 0.00
0.30 0.35 -0.08 1.00 0.00
0.30 0.35 0.09 1.00 0.00
0.30 0.35 0.27 1.00 0.00
0.30 0.35 0.44 1.00 0.00
0.30 0.35 0.62 1.00 0.00
0.30 0.35 0.79 1.00 0.00
0.30 0.35 0.97 1.00 0.00
0.30 0.35 1.14 1.00 0.00
0.30 0.35 1.31 1.00 0.00
0.30 0.35 1.49 1.00 0.00
0.30 0.35 1.66 1.00 0.00
0.30 0.35 1.84 1.00 0.00
0.30 0.35 2.01 1.00 0.00
0.50 0.35 -0.92 1.00 0.00
0.50 0.35 -0.75 1.00 0.00
0.50 0.35 -0.57 1.00 0.00
0.50 0.35 -0.40 1.00 0.00
0.50 0.35 -0.22 1.00 0.00
0.50 0.35 -0.05 1.00 0.00
0.50 0.35 0.13 1.00 0.00
0.50 0.35 0.30 1.00 0.00
0.50 0.35 0.47 1.00 0.00
0.50 0.35 0.65 1.00 0.00
0.50 0.35 0.82 1.00 0.00
0.50 0.35 1.00 1.00 0.00
0.50 0.35 1.17 1.00 0.00
0.50 0.35 1.35 1.00 0.00
0.50 0.35 1.52 1.00 0.00
0.50 0.35 1.70 1.00 0.00
0.50 0.35 1.87 1.00 0.00
0.50 0.35 2.05 1.00 0.00
0.70 0.35 -0.89 1.00 0.00
0.70 0.35 -0.71 1.00 0.00
0.70 0.35 -0.54 1.00 0.00
0.70 0.35 -0.36 1.00 0.00
0.70 0.35 -0.19 1.00 0.00
0.70 0.35 -0.02 1.00 0.00
0.70 0.35 0.16 1.00 0.00
0.70 0.35 0.33 1.00 0.00
0.70 0.35 0.51 1.00 0.00
0.70 0.35 0.68 1.00 0.00
0.70 0.35 0.86 1.00 0.00
0.70 0.35 1.03 1.00 0.00
0.70 0.35 1.21 1.00 0.00
0.70 0.35 1.38 1.00 0.00
0.70 0.35 1.56 1.00 0.00
0.70 0.35 1.73 1.00 0.00
0.70 0.35 1.90 1.00 0.00
0.70 0.35 2.08 1.00 0.00
0.90 0.35 -0.85 1.00 0.00
0.90 0.35 -0.68 1.00 0.00
0.90 0.35 -0.50 1.00 0.00
0.90 0.35 -0.33 1.00 0.00
0.90 0.35 -0.15 1.00 0.00
0.90 0.35 0.02 1.00 0.00
0.90 0.35 0.19 1.00 0.00
0.90 0.35 0.37 1.00 0.00
0.90 0.35 0.54 1.00 0.00
0.90 0.35 0.72 1.00 0.00
0.90 0.35 0.89 1.00 0.00
0.90 0.35 1.07 1.00 0.00
0.90 0.35 1.24 1.00 0.00
0.90 0.35 1.42 1.00 0.00
0.90 0.35 1.59 1.00 0.00
0.90 0.35 1.77 1.00 0.00
0.90 0.35 1.94 1.00 0.00
0.90 0.35 2.11 1.00 0.00
1.10 0.35 -0.82 1.00 0.00
1.10 0.35 -0.64 1.00 0.00
1.10 0.35 -0.47 1.00 0.00
1.10 0.35 -0.29 1.00 0.00
1.10 0.35 -0.12 1.00 0.00
1.10 0.35 0.06 1.00 0.00
1.10 0.35 0.23 1.00 0.00
1.10 0.35 0.41 1.00 0.00
1.10 0.35 0.58 1.00 0.00
1.10 0.35 0.75 1.00 0.00
1.10 0.35 0.93 1.00 0.00
1.10 0.35 1.10 1.00 0.00
1.10 0.35 1.28 1.00 0.00
1.10 0.35 1.45 1.00 0.00
1.10 0.35 1.63 1.00 0.00
1.10 0.35 1.80 1.00 0.00
1.10 0.35 1.98 1.00 0.00
1.10 0.35 2.15 1.00 0.00
0.30 0.52 -0.95 1.00 0.00
0.30 0.52 -0.77 1.00 0.00
0.30 0.52 -0.60 1.00 0.00
0.30 0.52 -0.43 1.00 0.00
0.30 0.52 -0.25 1.00 0.00
0.30 0.52 -0.08 1.00 0.00
0.30 0.52 0.10 1.00 0.00
0.30 0.52 0.27 1.00 0.00
0.30 0.52 0.45 1.00 0.00
0.30 0.52 0.62 1.00 0.00
0.30 0.52 0.80 1.00 0.00
0.30 0.52 0.97 1.00 0.00
0.30 0.52 1.14 1.00 0.00
0.30 0.52 1.32 1.00 0.00
0.30 0.52 1.49 1.00 0.00
0.30 0.52 1.67 1.00 0.00
0.30 0.52 1.84 1.00 0.00
0.30 0.52 2.02 1.00 0.00
0.50 0.52 -0.91 1.00 0.00
0.50 0.52 -0.74 1.00 0.00
0.50 0.52 -0.56 1.00 0.00
0.50 0.52 -0.39 1.00 0.00
0.50 0.52 -0.22 1.00 0.00
0.50 0.52 -0.04 1.00 0.00
0.50 0.52 0.13 1.00 0.00
0.50 0.52 0.31 1.00 0.00
0.50 0.52 0.48 1.00 0.00
0.50 0.52 0.66 1.00 0.00
0.50 0.52 0.83 1.00 0.00
0.50 0.52 1.01 1.00 0.00
0.50 0.52 1.18 1.00 0.00
0.50 0.52 1.35 1.00 0.00
0.50 0.52 1.53 1.00 0.00
0.50 0.52 1.70 1.00 0.00
0.50 0.52 1.88 1.00 0.00
0.50 0.52 2.05 1.00 0.00
0.70 0.52 -0.88 1.00 0.00
0.70 0.52 -0.70 1.00 0.00
0.70 0.52 -0.53 1.00 0.00
0.70 0.52 -0.35 1.00 0.00
0.70 0.52 -0.18 1.00 0.00
0.70 0.52 -0.00 1.00 0.00
0.70 0.52 0.17 1.00 0.00
0.70 0.52 0.34 1.00 0.00
0.70 0.52 0.52 1.00 0.00
0.70 0.52 0.69 1.00 0.00
0.70 0.52 0.87 1.00 0.00
0.70 0.52 1.04 1.00 0.00
0.70 0.52 1.22 1.00 0.00
0.70 0.52 1.39 1.00 0.00
0.70 0.52 1.57 1.00 0.00
0.70 0.52 1.74 1.00 0.00
0.70 0.52 1.92 1.00 0.00
0.70 0.52 2.09 1.00 0.00
0.90 0.52 -0.84 1.00 0.00
0.90 0.52 -0.67 1.00 0.00
0.90 0.52 -0.49 1.00 0.00
0.90 0.52 -0.32 1.00 0.00
0.90 0.52 -0.14 1.00 0.00
0.90 0.52 0.03 1.00 0.00
0.90 0.52 0.21 1.00 0.00
0.90 0.52 0.38 1.00 0.00
0.90 0.52 0.56 1.00 0.00
0.90 0.52 0.73 1.00 0.00
0.90 0.52 0.91 1.00 0.00
0.90 0.52 1.08 1.00 0.00
0.90 0.52 1.25 1.00 0.00
0.90 0.52 1.43 1.00 0.00
0.90 0.52 1.60 1.00 0.00
0.90 0.52 1.78 1.00 0.00
0.90 0.52 1.95 1.00 0.00
0.90 0.52 2.13 1.00 0.00
1.10 0.52 -0.80 1.00 0.00
1.10 0.52 -0.63 1.00 0.00
1.10 0.52 -0.45 1.00 0.00
1.10 0.52 -0.28 1.00 0.00
1.10 0.52 -0.10 1.00 0.00
1.10 0.52 0.07 1.00 0.00
1.10 0.52 0.25 1.00 0.00
1.10 0.52 0.42 1.00 0.00
1.10 0.52 0.59 1.00 0.00
1.10 0.52 0.77 1.00 0.00
1.10 0.52 0.94 1.00 0.00
1.10 0.52 1.12 1.00 0.00
1.10 0.52 1.29 1.00 0.00
1.10 0.52 1.47 1.00 0.00
1.10 0.52 1.64 1.00 0.00
1.10 0.52 1.82 1.00 0.00
1.10 0.52 1.99 1.00 0.00
1.10 0.52 2.17 1.00 0.00
0.30 0.70 -0.95 1.00 0.00
0.30 0.70 -0.77 1.00 0.00
0.30 0.70 -0.60 1.00 0.00
0.30 0.70 -0.42 1.00 0.00
0.30 0.70 -0.25 1.00 0.00
0.30 0.70 -0.07 1.00 0.00
0.30 0.70 0.10 1.00 0.00
0.30 0.70 0.28 1.00 0.00
0.30 0.70 0.45 1.00 0.00
0.30 0.70 0.62 1.00 0.00
0.30 0.70 0.80 1.00 0.00
0.30 0.70 0.97 1.00 0.00
0.30 0.70 1.15 1.00 0.00
0.30 0.70 1.32 1.00 0.00
0.30 0.70 1.50 1.00 0.00
0.30 0.70 1.67 1.00 0.00
0.30 0.70 1.85 1.00 0.00
0.30 0.70 2.02 1.00 0.00
0.50 0.70 -0.91 1.00 0.00
0.50 0.70 -0.73 1.00 0.00
0.50 0.70 -0.56 1.00 0.00
0.50 0.70 -0.39 1.00 0.00
0.50 0.70 -0.21 1.00 0.00
0.50 0.70 -0.04 1.00 0.00
0.50 0.70 0.14 1.00 0.00
0.50 0.70 0.31 1.00 0.00
0.50 0.70 0.49 1.00 0.00
0.50 0.70 0.66 1.00 0.00
0.50 0.70 0.84 1.00 0.00
0.50 0.70 1.01 1.00 0.00
0.50 0.70 1.19 1.00 0.00
0.50 0.70 1.36 1.00 0.00
0.50 0.70 1.53 1.00 0.00
0.50 0.70 1.71 1.00 0.00
0.50 0.70 1.88 1.00 0.00
0.50 0.70 2.06 1.00 0.00
0.70 0.70 -0.87 1.00 0.00
0.70 0.70 -0.70 1.00 0.00
0.70 0.70 -0.52 1.00 0.00
0.70 0.70 -0.35 1.00 0.00
0.70 0.70 -0.17 1.00 0.00
0.70 0.70 0.00 1.00 0.00
0.70 0.70 0.18 1.00 0.00
0.70 0.70 0.35 1.00 0.00
0.70 0.70 0.52 1.00 0.00
0.70 0.70 0.70 1.00 0.00
0.70 0.70 0.87 1.00 0.00
0.70 0.70 1.05 1.00 0.00
0.70 0.70 1.22 1.00 0.00
0.70 0.70 1.40 1.00 0.00
0.70 0.70 1.57 1.00 0.00
0.70 0.70 1.75 1.00 0.00
0.70 0.70 1.92 1.00 0.00
0.70 0.70 2.10 1.00 0.00
0.90 0.70 -0.83 1.00 0.00
0.90 0.70 -0.66 1.00 0.00
0.90 0.70 -0.48 1.00 0.00
0.90 0.70 -0.31 1.00 0.00
0.90 0.70 -0.13 1.00 0.00
0.90 0.70 0.04 1.00 0.00
0.90 0.70 0.21 1.00 0.00
0.90 0.70 0.39 1.00 0.00
0.90 0.70 0.56 1.00 0.00
0.90 0.70 0.74 1.00 0.00
0.90 0.70 0.91 1.00 0.00
0.90 0.70 1.09 1.00 0.00
0.90 0.70 1.26 1.00 0.00
0.90 0.70 1.44 1.00 0.00
0.90 0.70 1.61 1.00 0.00
0.90 0.70 1.78 1.00 0.00
0.90 0.70 1.96 1.00 0.00
0.90 0.70 2.13 1.00 0.00
1.10 0.70 -0.79 1.00 0.00
1.10 0.70 -0.62 1.00 0.00
1.10 0.70 -0.45 1.00 0.00
1.10 0.70 -0.27 1.00 0.00
1.10 0.70 -0.10 1.00 0.00
1.10 0.70 0.08 1.00 0.00
1.10 0.70 0.25 1.00 0.00
1.10 0.70 0.43 1.00 0.00
1.10 0.70 0.60 1.00 0.00
1.10 0.70 0.78 1.00 0.00
1.10 0.70 0.95 1.00 0.00
1.10 0.70 1.13 1.00 0.00
1.10 0.70 1.30 1.00 0.00
1.10 0.70 1.47 1.00 0.00
1.10 0.70 1.65 1.00 0.00
1.10 0.70 1.82 1.00 0.00
1.10 0.70 2.00 1.00 0.00
1.10 0.70 2.17 1.00 0.00
0.30 0.87 -0.94 1.00 0.00
0.30 0.87 -0.77 1.00 0.00
0.30 0.87 -0.60 1.00 0.00
0.30 0.87 -0.42 1.00 0.00
0.30 0.87 -0.25 1.00 0.00
0.30 0.87 -0.07 1.00 0.00
0.30 0.87 0.10 1.00 0.00
0.30 0.87 0.28 1.00 0.00
0.30 0.87 0.45 1.00 0.00
0.30 0.87 0.63 1.00 0.00
0.30 0.87 0.80 1.00 0.00
0.30 0.87 0.98 1.00 0.00
0.30 0.87 1.15 1.00 0.00
0.30 0.87 1.32 1.00 0.00
0.30 0.87 1.50 1.00 0.00
0.30 0.87 1.67 1.00 0.00
0.30 0.87 1.85 1.00 0.00
0.30 0.87 2.02 1.00 0.00
0.50 0.87 -0.91 1.00 0.00
0.50 0.87 -0.73 1.00 0.00
0.50 0.87 -0.56 1.00 0.00
0.50 0.87 -0.38 1.00 0.00
0.50 0.87 -0.21 1.00 0.00
0.50 0.87 -0.03 1.00 0.00
0.50 0.87 0.14 1.00 0.00
0.50 0.87 0.31 1.00 0.00
0.50 0.87 0.49 1.00 0.00
0.50 0.87 0.66 1.00 0.00
0.50 0.87 0.84 1.00 0.00
0.50 0.87 1.01 1.00 0.00
0.50 0.87 1.19 1.00 0.00
0.50 0.87 1.36 1.00 0.00
0.50 0.87 1.54 1.00 0.00
0.50 0.87 1.71 1.00 0.00
0.50 0.87 1.89 1.00 0.00
0.50 0.87 2.06 1.00 0.00
0.70 0.87 -0.87 1.00 0.00
0.70 0.87 -0.69 1.00 0.00
0.70 0.87 -0.52 1.00 0.00
0.70 0.87 -0.35 1.00 0.00
0.70 0.87 -0.17 1.00 0.00
0.70 0.87 0.00 1.00 0.00
0.70 0.87 0.18 1.00 0.00
0.70 0.87 0.35 1.00 0.00
0.70 0.87 0.53 1.00 0.00
0.70 0.87 0.70 1.00 0.00
0.70 0.87 0.88 1.00 0.00
0.70 0.87 1.05 1.00 0.00
0.70 0.87 1.23 1.00 0.00
0.70 0.87 1.40 1.00 0.00
0.70 0.87 1.57 1.00 0.00
0.70 0.87 1.75 1.00 0.00
0.70 0.87 1.92 1.00 0.00
0.70 0.87 2.10 1.00 0.00
0.90 0.87 -0.83 1.00 0.00
0.90 0.87 -0.66 1.00 0.00
0.90 0.87 -0.48 1.00 0.00
0.90 0.87 -0.31 1.00 0.00
0.90 0.87 -0.13 1.00 0.00
0.90 0.87 0.04 1.00 0.00
0.90 0.87 0.22 1.00 0.00
0.90 0.87 0.39 1.00 0.00
0.90 0.87 0.56 1.00 0.00
0.90 0.87 0.74 1.00 0.00
0.90 0.87 0.91 1.00 0.00
0.90 0.87 1.09 1.00 0.00
0.90 0.87 1.26 1.00 0.00
0.90 0.87 1.44 1.00 0.00
0.90 0.87 1.61 1.00 0.00
0.90 0.87 1.79 1.00 0.00
0.90 0.87 1.96 1.00 0.00
0.90 0.87 2.14 1.00 0.00
1.10 0.87 -0.79 1.00 0.00
1.10 0.87 -0.62 1.00 0.00
1.10 0.87 -0.44 1.00 0.00
1.10 0.87 -0.27 1.00 0.00
1.10 0.87 -0.10 1.00 0.00
1.10 0.87 0.08 1.00 0.00
1.10 0.87 0.25 1.00 0.00
1.10 0.87 0.43 1.00 0.00
1.10 0.87 0.60 1.00 0.00
1.10 0.87 0.78 1.00 0.00
1.10 0.87 0.95 1.00 0.00
1.10 0.87 1.13 1.00 0.00
1.10 0.87 1.30 1.00 0.00
1.10 0.87 1.47 1.00 0.00
1.10 0.87 1.65 1.00 0.00
1.10 0.87 1.82 1.00 0.00
1.10 0.87 2.00 1.00 0.00
1.10 0.87 2.17 1.00 0.00
0.30 1.05 -0.94 1.00 0.00
0.30 1.05 -0.77 1.00 0.00
0.30 1.05 -0.60 1.00 0.00
0.30 1.05 -0.42 1.00 0.00
0.30 1.05 -0.25 1.00 0.00
0.30 1.05 -0.07 1.00 0.00
0.30 1.05 0.10 1.00 0.00
0.30 1.05 0.28 1.00 0.00
0.30 1.05 0.45 1.00 0.00
0.30 1.05 0.63 1.00 0.00
0.30 1.05 0.80 1.00 0.00
0.30 1.05 0.98 1.00 0.00
0.30 1.05 1.15 1.00 0.00
0.30 1.05 1.32 1.00 0.00
0.30 1.05 1.50 1.00 0.00
0.30 1.05 1.67 1.00 0.00
0.30 1.05 1.85 1.00 0.00
0.30 1.05 2.02 1.00 0.00
0.50 1.05 -0.91 1.00 0.00
0.50 1.05 -0.73 1.00 0.00
0.50 1.05 -0.56 1.00 0.00
0.50 1.05 -0.38 1.00 0.00
0.50 1.05 -0.21 1.00 0.00
0.50 1.05 -0.04 1.00 0.00
0.50 1.05 0.14 1.00 0.00
0.50 1.05 0.31 1.00 0.00
0.50 1.05 0.49 1.00 0.00
0.50 1.05 0.66 1.00 0.00
0.50 1.05 0.84 1.00 0.00
0.50 1.05 1.01 1.00 0.00
0.50 1.05 1.19 1.00 0.00
0.50 1.05 1.36 1.00 0.00
0.50 1.05 1.54 1.00 0.00
0.50 1.05 1.71 1.00 0.00
0.50 1.05 1.88 1.00 0.00
0.50 1.05 2.06 1.00 0.00
0.70 1.05 -0.87 1.00 0.00
0.70 1.05 -0.70 1.00 0.00
0.70 1.05 -0.52 1.00 0.00
0.70 1.05 -0.35 1.00 0.00
0.70 1.05 -0.17 1.00 0.00
0.70 1.05 0.00 1.00 0.00
0.70 1.05 0.18 1.00 0.00
0.70 1.05 0.35 1.00 0.00
0.70 1.05 0.52 1.00 0.00
0.70 1.05 0.70 1.00 0.00
0.70 1.05 0.87 1.00 0.00
0.70 1.05 1.05 1.00 0.00
0.70 1.05 1.22 1.00 0.00
0.70 1.05 1.40 1.00 0.00
0.70 1.05 1.57 1.00 0.00
0.70 1.05 1.75 1.00 0.00
0.70 1.05 1.92 1.00 0.00
0.70 1.05 2.10 1.00 0.00
0.90 1.05 -0.84 1.00 0.00
0.90 1.05 -0.66 1.00 0.00
0.90 1.05 -0.49 1.00 0.00
0.90 1.05 -0.31 1.00 0.00
0.90 1.05 -0.14 1.00 0.00
0.90 1.05 0.04 1.00 0.00
0.90 1.05 0.21 1.00 0.00
0.90 1.05 0.39 1.00 0.00
0.90 1.05 0.56 1.00 0.00
0.90 1.05 0.74 1.00 0.00
0.90 1.05 0.91 1.00 0.00
0.90 1.05 1.08 1.00 0.00
0.90 1.05 1.26 1.00 0.00
0.90 1.05 1.43 1.00 0.00
0.90 1.05 1.61 1.00 0.00
0.90 1.05 1.78 1.00 0.00
0.90 1.05 1.96 1.00 0.00
0.90 1.05 2.13 1.00 0.00
1.10 1.05 -0.80 1.00 0.00
1.10 1.05 -0.63 1.00 0.00
1.10 1.05 -0.45 1.00 0.00
1.10 1.05 -0.28 1.00 0.00
1.10 1.05 -0.10 1.00 0.00
1.10 1.05 0.07 1.00 0.00
1.10 1.05 0.25 1.00 0.00
1.10 1.05 0.42 1.00 0.00
1.10 1.05 0.60 1.00 0.00
1.10 1.05 0.77 1.00 0.00
1.10 1.05 0.95 1.00 0.00
1.10 1.05 1.12 1.00 0.00
1.10 1.05 1.29 1.00 0.00
1.10 1.05 1.47 1.00 0.00
1.10 1.05 1.64 1.00 0.00
1.10 1.05 1.82 1.00 0.00
1.10 1.05 1.99 1.00 0.00
1.10 1.05 2.17 1.00 0.00
0.30 1.22 -0.95 1.00 0.00
0.30 1.22 -0.77 1.00 0.00
0.30 1.22 -0.60 1.00 0.00
0.30 1.22 -0.42 1.00 0.00
0.30 1.22 -0.25 1.00 0.00
0.30 1.22 -0.07 1.00 0.00
0.30 1.22 0.10 1.00 0.00
0.30 1.22 0.28 1.00 0.00
0.30 1.22 0.45 1.00 0.00
0.30 1.22 0.62 1.00 0.00
0.30 1.22 0.80 1.00 0.00
0.30 1.22 0.97 1.00 0.00
0.30 1.22 1.15 1.00 0.00
0.30 1.22 1.32 1.00 0.00
0.30 1.22 1.50 1.00 0.00
0.30 1.22 1.67 1.00 0.00
0.30 1.22 1.85 1.00 0.00
0.30 1.22 2.02 1.00 0.00
0.50 1.22 -0.91 1.00 0.00
0.50 1.22 -0.74 1.00 0.00
0.50 1.22 -0.56 1.00 0.00
0.50 1.22 -0.39 1.00 0.00
0.50 1.22 -0.21 1.00 0.00
0.50 1.22 -0.04 1.00 0.00
0.50 1.22 0.14 1.00 0.00
0.50 1.22 0.31 1.00 0.00
0.50 1.22 0.48 1.00 0.00
0.50 1.22 0.66 1.00 0.00
0.50 1.22 0.83 1.00 0.00
0.50 1.22 1.01 1.00 0.00
0.50 1.22 1.18 1.00 0.00
0.50 1.22 1.36 1.00 0.00
0.50 1.22 1.53 1.00 0.00
0.50 1.22 1.71 1.00 0.00
0.50 1.22 1.88 1.00 0.00
0.50 1.22 2.06 1.00 0.00
0.70 1.22 -0.88 1.00 0.00
0.70 1.22 -0.70 1.00 0.00
0.70 1.22 -0.53 1.00 0.00
0.70 1.22 -0.35 1.00 0.00
0.70 1.22 -0.18 1.00 0.00
0.70 1.22 -0.00 1.00 0.00
0.70 1.22 0.17 1.00 0.00
0.70 1.22 0.34 1.00 0.00
0.70 1.22 0.52 1.00 0.00
0.70 1.22 0.69 1.00 0.00
0.70 1.22 0.87 1.00 0.00
0.70 1.22 1.04 1.00 0.00
0.70 1.22 1.22 1.00 0.00
0.70 1.22 1.39 1.00 0.00
0.70 1.22 1.57 1.00 0.00
0.70 1.22 1.74 1.00 0.00
0.70 1.22 1.92 1.00 0.00
0.70 1.22 2.09 1.00 0.00
0.90 1.22 -0.84 1.00 0.00
0.90 1.22 -0.67 1.00 0.00
0.90 1.22 -0.49 1.00 0.00
0.90 1.22 -0.32 1.00 0.00
0.90 1.22 -0.15 1.00 0.00
0.90 1.22 0.03 1.00 0.00
0.90 1.22 0.20 1.00 0.00
0.90 1.22 0.38 1.00 0.00
0.90 1.22 0.55 1.00 0.00
0.90 1.22 0.73 1.00 0.00
0.90 1.22 0.90 1.00 0.00
0.90 1.22 1.08 1.00 0.00
0.90 1.22 1.25 1.00 0.00
0.90 1.22 1.43 1.00 0.00
0.90 1.22 1.60 1.00 0.00
0.90 1.22 1.77 1.00 0.00
0.90 1.22 1.95 1.00 0.00
0.90 1.22 2.12 1.00 0.00
1.10 1.22 -0.81 1.00 0.00
1.10 1.22 -0.64 1.00 0.00
1.10 1.22 -0.46 1.00 0.00
1.10 1.22 -0.29 1.00 0.00
1.10 1.22 -0.11 1.00 0.00
1.10 1.22 0.06 1.00 0.00
1.10 1.22 0.24 1.00 0.00
1.10 1.22 0.41 1.00 0.00
1.10 1.22 0.59 1.00 0.00
1.10 1.22 0.76 1.00 0.00
1.10 1.22 0.93 1.00 0.00
1.10 1.22 1.11 1.00 0.00
1.10 1.22 1.28 1.00 0.00
1.10 1.22 1.46 1.00 0.00
1.10 1.22 1.63 1.00 0.00
1.10 1.22 1.81 1.00 0.00
1.10 1.22 1.98 1.00 0.00
1.10 1.22 2.16 1.00 0.00
0.30 1.40 -0.95 1.00 0.00
0.30 1.40 -0.78 1.00 0.00
0.30 1.40 -0.60 1.00 0.00
0.30 1.40 -0.43 1.00 0.00
0.30 1.40 -0.25 1.00 0.00
0.30 1.40 -0.08 1.00 0.00
0.30 1.40 0.10 1.00 0.00
0.30 1.40 0.27 1.00 0.00
0.30 1.40 0.45 1.00 0.00
0.30 1.40 0.62 1.00 0.00
0.30 1.40 0.80 1.00 0.00
0.30 1.40 0.97 1.00 0.00
0.30 1.40 1.14 1.00 0.00
0.30 1.40 1.32 1.00 0.00
0.30 1.40 1.49 1.00 0.00
0.30 1.40 1.67 1.00 0.00
0.30 1.40 1.84 1.00 0.00
0.30 1.40 2.02 1.00 0.00
0.50 1.40 -0.92 1.00 0.00
0.50 1.40 -0.74 1.00 0.00
0.50 1.40 -0.57 1.00 0.00
0.50 1.40 -0.39 1.00 0.00
0.50 1.40 -0.22 1.00 0.00
0.50 1.40 -0.04 1.00 0.00
0.50 1.40 0.13 1.00 0.00
0.50 1.40 0.30 1.00 0.00
0.50 1.40 0.48 1.00 0.00
0.50 1.40 0.65 1.00 0.00
0.50 1.40 0.83 1.00 0.00
0.50 1.40 1.00 1.00 0.00
0.50 1.40 1.18 1.00 0.00
0.50 1.40 1.35 1.00 0.00
0.50 1.40 1.53 1.00 0.00
0.50 1.40 1.70 1.00 0.00
0.50 1.40 1.87 1.00 0.00
0.50 1.40 2.05 1.00 0.00
0.70 1.40 -0.89 1.00 0.00
0.70 1.40 -0.71 1.00 0.00
0.70 1.40 -0.54 1.00 0.00
0.70 1.40 -0.36 1.00 0.00
0.70 1.40 -0.19 1.00 0.00
0.70 1.40 -0.01 1.00 0.00
0.70 1.40 0.16 1.00 0.00
0.70 1.40 0.34 1.00 0.00
0.70 1.40 0.51 1.00 0.00
0.70 1.40 0.68 1.00 0.00
0.70 1.40 0.86 1.00 0.00
0.70 1.40 1.03 1.00 0.00
0.70 1.40 1.21 1.00 0.00
0.70 1.40 1.38 1.00 0.00
0.70 1.40 1.56 1.00 0.00
0.70 1.40 1.73 1.00 0.00
0.70 1.40 1.91 1.00 0.00
0.70 1.40 2.08 1.00 0.00
0.90 1.40 -0.86 1.00 0.00
0.90 1.40 -0.68 1.00 0.00
0.90 1.40 -0.51 1.00 0.00
0.90 1.40 -0.33 1.00 0.00
0.90 1.40 -0.16 1.00 0.00
0.90 1.40 0.02 1.00 0.00
0.90 1.40 0.19 1.00 0.00
0.90 1.40 0.37 1.00 0.00
0.90 1.40 0.54 1.00 0.00
0.90 1.40 0.72 1.00 0.00
0.90 1.40 0.89 1.00 0.00
0.90 1.40 1.06 1.00 0.00
0.90 1.40 1.24 1.00 0.00
0.90 1.40 1.41 1.00 0.00
0.90 1.40 1.59 1.00 0.00
0.90 1.40 1.76 1.00 0.00
0.90 1.40 1.94 1.00 0.00
0.90 1.40 2.11 1.00 0.00
1.10 1.40 -0.83 1.00 0.00
1.10 1.40 -0.65 1.00 0.00
1.10 1.40 -0.48 1.00 0.00
1.10 1.40 -0.30 1.00 0.00
1.10 1.40 -0.13 1.00 0.00
1.10 1.40 0.05 1.00 0.00
1.10 1.40 0.22 1.00 0.00
1.10 1.40 0.40 1.00 0.00
1.10 1.40 0.57 1.00 0.00
1.10 1.40 0.74 1.00 0.00
1.10 1.40 0.92 1.00 0.00
1.10 1.40 1.09 1.00 0.00
1.10 1.40 1.27 1.00 0.00
1.10 1.40 1.44 1.00 0.00
1.10 1.40 1.62 1.00 0.00
1.10 1.40 1.79 1.00 0.00
1.10 1.40 1.97 1.00 0.00
1.10 1.40 2.14 1.00 0.00
0.30 1.57 -0.95 1.00 0.00
0.30 1.57 -0.78 1.00 0.00
0.30 1.57 -0.61 1.00 0.00
0.30 1.57 -0.43 1.00 0.00
0.30 1.57 -0.26 1.00 0.00
0.30 1.57 -0.08 1.00 0.00
0.30 1.57 0.09 1.00 0.00
0.30 1.57 0.27 1.00 0.00
0.30 1.57 0.44 1.00 0.00
0.30 1.57 0.62 1.00 0.00
0.30 1.57 0.79 1.00 0.00
0.30 1.57 0.97 1.00 0.00
0.30 1.57 1.14 1.00 0.00
0.30 1.57 1.31 1.00 0.00
0.30 1.57 1.49 1.00 0.00
0.30 1.57 1.66 1.00 0.00
0.30 1.57 1.84 1.00 0.00
0.30 1.57 2.01 1.00 0.00
0.50 1.57 -0.93 1.00 0.00
0.50 1.57 -0.75 1.00 0.00
0.50 1.57 -0.58 1.00 0.00
0.50 1.57 -0.40 1.00 0.00
0.50 1.57 -0.23 1.00 0.00
0.50 1.57 -0.05 1.00 0.00
0.50 1.57 0.12 1.00 0.00
0.50 1.57 0.30 1.00 0.00
0.50 1.57 0.47 1.00 0.00
0.50 1.57 0.64 1.00 0.00
0.50 1.57 0.82 1.00 0.00
0.50 1.57 0.99 1.00 0.00
0.50 1.57 1.17 1.00 0.00
0.50 1.57 1.34 1.00 0.00
0.50 1.57 1.52 1.00 0.00
0.50 1.57 1.69 1.00 0.00
0.50 1.57 1.87 1.00 0.00
0.50 1.57 2.04 1.00 0.00
0.70 1.57 -0.90 1.00 0.00
0.70 1.57 -0.72 1.00 0.00
0.70 1.57 -0.55 1.00 0.00
0.70 1.57 -0.37 1.00 0.00
0.70 1.57 -0.20 1.00 0.00
0.70 1.57 -0.03 1.00 0.00
0.70 1.57 0.15 1.00 0.00
0.70 1.57 0.32 1.00 0.00
0.70 1.57 0.50 1.00 0.00
0.70 1.57 0.67 1.00 0.00
0.70 1.57 0.85 1.00 0.00
0.70 1.57 1.02 1.00 0.00
0.70 1.57 1.20 1.00 0.00
0.70 1.57 1.37 1.00 0.00
0.70 1.57 1.55 1.00 0.00
0.70 1.57 1.72 1.00 0.00
0.70 1.57 1.89 1.00 0.00
0.70 1.57 2.07 1.00 0.00
0.90 1.57 -0.87 1.00 0.00
0.90 1.57 -0.70 1.00 0.00
0.90 1.57 -0.52 1.00 0.00
0.90 1.57 -0.35 1.00 0.00
0.90 1.57 -0.17 1.00 0.00
0.90 1.57 0.00 1.00 0.00
0.90 1.57 0.18 1.00 0.00
0.90 1.57 0.35 1.00 0.00
0.90 1.57 0.52 1.00 0.00
0.90 1.57 0.70 1.00 0.00
0.90 1.57 0.87 1.00 0.00
0.90 1.57 1.05 1.00 0.00
0.90 1.57 1.22 1.00 0.00
0.90 1.57 1.40 1.00 0.00
0.90 1.57 1.57 1.00 0.00
0.90 1.57 1.75 1.00 0.00
0.90 1.57 1.92 1.00 0.00
0.90 1.57 2.10 1.00 0.00
1.10 1.57 -0.85 1.00 0.00
1.10 1.57 -0.67 1.00 0.00
1.10 1.57 -0.50 1.00 0.00
1.10 1.57 -0.32 1.00 0.00
1.10 1.57 -0.15 1.00 0.00
1.10 1.57 0.03 1.00 0.00
1.10 1.57 0.20 1.00 0.00
1.10 1.57 0.38 1.00 0.00
1.10 1.57 0.55 1.00 0.00
1.10 1.57 0.72 1.00 0.00
1.10 1.57 0.90 1.00 0.00
1.10 1.57 1.07 1.00 0.00
1.10 1.57 1.25 1.00 0.00
1.10 1.57 1.42 1.00 0.00
1.10 1.57 1.60 1.00 0.00
1.10 1.57 1.77 1.00 0.00
1.10 1.57 1.95 1.00 0.00
1.10 1.57 2.12 1.00 0.00
0.30 1.75 -0.96 1.00 0.00
0.30 1.75 -0.79 1.00 0.00
0.30 1.75 -0.61 1.00 0.00
0.30 1.75 -0.44 1.00 0.00
0.30 1.75 -0.26 1.00 0.00
0.30 1.75 -0.09 1.00 0.00
0.30 1.75 0.09 1.00 0.00
0.30 1.75 0.26 1.00 0.00
0.30 1.75 0.44 1.00 0.00
0.30 1.75 0.61 1.00 0.00
0.30 1.75 0.78 1.00 0.00
0.30 1.75 0.96 1.00 0.00
0.30 1.75 1.13 1.00 0.00
0.30 1.75 1.31 1.00 0.00
0.30 1.75 1.48 1.00 0.00
0.30 1.75 1.66 1.00 0.00
0.30 1.75 1.83 1.00 0.00
0.30 1.75 2.01 1.00 0.00
0.50 1.75 -0.94 1.00 0.00
0.50 1.75 -0.76 1.00 0.00
0.50 1.75 -0.59 1.00 0.00
0.50 1.75 -0.41 1.00 0.00
0.50 1.75 -0.24 1.00 0.00
0.50 1.75 -0.06 1.00 0.00
0.50 1.75 0.11 1.00 0.00
0.50 1.75 0.29 1.00 0.00
0.50 1.75 0.46 1.00 0.00
0.50 1.75 0.63 1.00 0.00
0.50 1.75 0.81 1.00 0.00
0.50 1.75 0.98 1.00 0.00
0.50 1.75 1.16 1.00 0.00
0.50 1.75 1.33 1.00 0.00
0.50 1.75 1.51 1.00 0.00
0.50 1.75 1.68 1.00 0.00
0.50 1.75 1.86 1.00 0.00
0.50 1.75 2.03 1.00 0.00
0.70 1.75 -0.91 1.00 0.00
0.70 1.75 -0.74 1.00 0.00
0.70 1.75 -0.56 1.00 0.00
0.70 1.75 -0.39 1.00 0.00
0.70 1.75 -0.21 1.00 0.00
0.70 1.75 -0.04 1.00 0.00
0.70 1.75 0.13 1.00 0.00
0.70 1.75 0.31 1.00 0.00
0.70 1.75 0.48 1.00 0.00
0.70 1.75 0.66 1.00 0.00
0.70 1.75 0.83 1.00 0.00
0.70 1.75 1.01 1.00 0.00
0.70 1.75 1.18 1.00 0.00
0.70 1.75 1.36 1.00 0.00
0.70 1.75 1.53 1.00 0.00
0.70 1.75 1.71 1.00 0.00
0.70 1.75 1.88 1.00 0.00
0.70 1.75 2.05 1.00 0.00
0.90 1.75 -0.89 1.00 0.00
0.90 1.75 -0.72 1.00 0.00
0.90 1.75 -0.54 1.00 0.00
0.90 1.75 -0.37 1.00 0.00
0.90 1.75 -0.19 1.00 0.00
0.90 1.75 -0.02 1.00 0.00
0.90 1.75 0.16 1.00 0.00
0.90 1.75 0.33 1.00 0.00
0.90 1.75 0.51 1.00 0.00
0.90 1.75 0.68 1.00 0.00
0.90 1.75 0.86 1.00 0.00
0.90 1.75 1.03 1.00 0.00
0.90 1.75 1.20 1.00 0.00
0.90 1.75 1.38 1.00 0.00
0.90 1.75 1.55 1.00 0.00
0.90 1.75 1.73 1.00 0.00
0.90 1.75 1.90 1.00 0.00
0.90 1.75 2.08 1.00 0.00
1.10 1.75 -0.87 1.00 0.00
1.10 1.75 -0.69 1.00 0.00
1.10 1.75 -0.52 1.00 0.00
1.10 1.75 -0.35 1.00 0.00
1.10 1.75 -0.17 1.00 0.00
1.10 1.75 0.00 1.00 0.00
1.10 1.75 0.18 1.00 0.00
1.10 1.75 0.35 1.00 0.00
1.10 1.75 0.53 1.00 0.00
1.10 1.75 0.70 1.00 0.00
1.10 1.75 0.88 1.00 0.00
1.10 1.75 1.05 1.00 0.00
1.10 1.75 1.23 1.00 0.00
1.10 1.75 1.40 1.00 0.00
1.10 1.75 1.57 1.00 0.00
1.10 1.75 1.75 1.00 0.00
1.10 1.75 1.92 1.00 0.00
1.10 1.75 2.10 1.00 0.00
0.30 1.92 -0.97 1.00 0.00
0.30 1.92 -0.79 1.00 0.00
0.30 1.92 -0.62 1.00 0.00
0.30 1.92 -0.44 1.00 0.00
0.30 1.92 -0.27 1.00 0.00
0.30 1.92 -0.10 1.00 0.00
0.30 1.92 0.08 1.00 0.00
0.30 1.92 0.25 1.00 0.00
0.30 1.92 0.43 1.00 0.00
0.30 1.92 0.60 1.00 0.00
0.30 1.92 0.78 1.00 0.00
0.30 1.92 0.95 1.00 0.00
0.30 1.92 1.13 1.00 0.00
0.30 1.92 1.30 1.00 0.00
0.30 1.92 1.48 1.00 0.00
0.30 1.92 1.65 1.00 0.00
0.30 1.92 1.82 1.00 0.00
0.30 1.92 2.00 1.00 0.00
0.50 1.92 -0.95 1.00 0.00
0.50 1.92 -0.77 1.00 0.00
0.50 1.92 -0.60 1.00 0.00
0.50 1.92 -0.42 1.00 0.00
0.50 1.92 -0.25 1.00 0.00
0.50 1.92 -0.08 1.00 0.00
0.50 1.92 0.10 1.00 0.00
0.50 1.92 0.27 1.00 0.00
0.50 1.92 0.45 1.00 0.00
0.50 1.92 0.62 1.00 0.00
0.50 1.92 0.80 1.00 0.00
0.50 1.92 0.97 1.00 0.00
0.50 1.92 1.15 1.00 0.00
0.50 1.92 1.32 1.00 0.00
0.50 1.92 1.50 1.00 0.00
0.50 1.92 1.67 1.00 0.00
0.50 1.92 1.84 1.00 0.00
0.50 1.92 2.02 1.00 0.00
0.70 1.92 -0.93 1.00 0.00
0.70 1.92 -0.75 1.00 0.00
0.70 1.92 -0.58 1.00 0.00
0.70 1.92 -0.41 1.00 0.00
0.70 1.92 -0.23 1.00 0.00
0.70 1.92 -0.06 1.00 0.00
0.70 1.92 0.12 1.00 0.00
0.70 1.92 0.29 1.00 0.00
0.70 1.92 0.47 1.00 0.00
0.70 1.92 0.64 1.00 0.00
0.70 1.92 0.82 1.00 0.00
0.70 1.92 0.99 1.00 0.00
0.70 1.92 1.17 1.00 0.00
0.70 1.92 1.34 1.00 0.00
0.70 1.92 1.51 1.00 0.00
0.70 1.92 1.69 1.00 0.00
0.70 1.92 1.86 1.00 0.00
0.70 1.92 2.04 1.00 0.00
0.90 1.92 -0.91 1.00 0.00
0.90 1.92 -0.74 1.00 0.00
0.90 1.92 -0.56 1.00 0.00
0.90 1.92 -0.39 1.00 0.00
0.90 1.92 -0.21 1.00 0.00
0.90 1.92 -0.04 1.00 0.00
0.90 1.92 0.14 1.00 0.00
0.90 1.92 0.31 1.00 0.00
0.90 1.92 0.49 1.00 0.00
0.90 1.92 0.66 1.00 0.00
0.90 1.92 0.83 1.00 0.00
0.90 1.92 1.01 1.00 0.00
0.90 1.92 1.18 1.00 0.00
0.90 1.92 1.36 1.00 0.00
0.90 1.92 1.53 1.00 0.00
0.90 1.92 1.71 1.00 0.00
0.90 1.92 1.88 1.00 0.00
0.90 1.92 2.06 1.00 0.00
1.10 1.92 -0.89 1.00 0.00
1.10 1.92 -0.72 1.00 0.00
1.10 1.92 -0.54 1.00 0.00
1.10 1.92 -0.37 1.00 0.00
1.10 1.92 -0.20 1.00 0.00
1.10 1.92 -0.02 1.00 0.00
1.10 1.92 0.15 1.00 0.00
1.10 1.92 0.33 1.00 0.00
1.10 1.92 0.50 1.00 0.00
1.10 1.92 0.68 1.00 0.00
1.10 1.92 0.85 1.00 0.00
1.10 1.92 1.03 1.00 0.00
1.10 1.92 1.20 1.00 0.00
1.10 1.92 1.38 1.00 0.00
1.10 1.92 1.55 1.00 0.00
1.10 1.92 1.72 1.00 0.00
1.10 1.92 1.90 1.00 0.00
1.10 1.92 2.07 1.00 0.00
0.30 2.09 -0.98 1.00 0.00
0.30 2.09 -0.80 1.00 0.00
0.30 2.09 -0.63 1.00 0.00
0.30 2.09 -0.45 1.00 0.00
0.30 2.09 -0.28 1.00 0.00
0.30 2.09 -0.10 1.00 0.00
0.30 2.09 0.07 1.00 0.00
0.30 2.09 0.25 1.00 0.00
0.30 2.09 0.42 1.00 0.00
0.30 2.09 0.59 1.00 0.00
0.30 2.09 0.77 1.00 0.00
0.30 2.09 0.94 1.00 0.00
0.30 2.09 1.12 1.00 0.00
0.30 2.09 1.29 1.00 0.00
0.30 2.09 1.47 1.00 0.00
0.30 2.09 1.64 1.00 0.00
0.30 2.09 1.82 1.00 0.00
0.30 2.09 1.99 1.00 0.00
0.50 2.09 -0.96 1.00 0.00
0.50 2.09 -0.79 1.00 0.00
0.50 2.09 -0.61 1.00 0.00
0.50 2.09 -0.44 1.00 0.00
0.50 2.09 -0.26 1.00 0.00
0.50 2.09 -0.09 1.00 0.00
0.50 2.09 0.09 1.00 0.00
0.50 2.09 0.26 1.00 0.00
0.50 2.09 0.44 1.00 0.00
0.50 2.09 0.61 1.00 0.00
0.50 2.09 0.78 1.00 0.00
0.50 2.09 0.96 1.00 0.00
0.50 2.09 1.13 1.00 0.00
0.50 2.09 1.31 1.00 0.00
0.50 2.09 1.48 1.00 0.00
0.50 2.09 1.66 1.00 0.00
0.50 2.09 1.83 1.00 0.00
0.50 2.09 2.01 1.00 0.00
0.70 2.09 -0.95 1.00 0.00
0.70 2.09 -0.77 1.00 0.00
0.70 2.09 -0.60 1.00 0.00
0.70 2.09 -0.42 1.00 0.00
0.70 2.09 -0.25 1.00 0.00
0.70 2.09 -0.07 1.00 0.00
0.70 2.09 0.10 1.00 0.00
0.70 2.09 0.27 1.00 0.00
0.70 2.09 0.45 1.00 0.00
0.70 2.09 0.62 1.00 0.00
0.70 2.09 0.80 1.00 0.00
0.70 2.09 0.97 1.00 0.00
0.70 2.09 1.15 1.00 0.00
0.70 2.09 1.32 1.00 0.00
0.70 2.09 1.50 1.00 0.00
0.70 2.09 1.67 1.00 0.00
0.70 2.09 1.85 1.00 0.00
0.70 2.09 2.02 1.00 0.00
0.90 2.09 -0.93 1.00 0.00
0.90 2.09 -0.76 1.00 0.00
0.90 2.09 -0.58 1.00 0.00
0.90 2.09 -0.41 1.00 0.00
0.90 2.09 -0.24 1.00 0.00
0.90 2.09 -0.06 1.00 0.00
0.90 2.09 0.11 1.00 0.00
0.90 2.09 0.29 1.00 0.00
0.90 2.09 0.46 1.00 0.00
0.90 2.09 0.64 1.00 0.00
0.90 2.09 0.81 1.00 0.00
0.90 2.09 0.99 1.00 0.00
0.90 2.09 1.16 1.00 0.00
0.90 2.09 1.34 1.00 0.00
0.90 2.09 1.51 1.00 0.00
0.90 2.09 1.68 1.00 0.00
0.90 2.09 1.86 1.00 0.00
0.90 2.09 2.03 1.00 0.00
1.10 2.09 -0.92 1.00 0.00
1.10 2.09 -0.75 1.00 0.00
1.10 2.09 -0.57 1.00 0.00
1.10 2.09 -0.40 1.00 0.00
1.10 2.09 -0.22 1.00 0.00
1.10 2.09 -0.05 1.00 0.00
1.10 2.09 0.13 1.00 0.00
1.10 2.09 0.30 1.00 0.00
1.10 2.09 0.48 1.00 0.00
1.10 2.09 0.65 1.00 0.00
1.10 2.09 0.82 1.00 0.00
1.10 2.09 1.00 1.00 0.00
1.10 2.09 1.17 1.00 0.00
1.10 2.09 1.35 1.00 0.00
1.10 2.09 1.52 1.00 0.00
1.10 2.09 1.70 1.00 0.00
1.10 2.09 1.87 1.00 0.00
1.10 2.09 2.05 1.00 0.00
0.30 2.27 -0.98 1.00 0.00
0.30 2.27 -0.81 1.00 0.00
0.30 2.27 -0.64 1.00 0.00
0.30 2.27 -0.46 1.00 0.00
0.30 2.27 -0.29 1.00 0.00
0.30 2.27 -0.11 1.00 0.00
0.30 2.27 0.06 1.00 0.00
0.30 2.27 0.24 1.00 0.00
0.30 2.27 0.41 1.00 0.00
0.30 2.27 0.59 1.00 0.00
0.30 2.27 0.76 1.00 0.00
0.30 2.27 0.94 1.00 0.00
0.30 2.27 1.11 1.00 0.00
0.30 2.27 1.28 1.00 0.00
0.30 2.27 1.46 1.00 0.00
0.30 2.27 1.63 1.00 0.00
0.30 2.27 1.81 1.00 0.00
0.30 2.27 1.98 1.00 0.00
0.50 2.27 -0.98 1.00 0.00
0.50 2.27 -0.80 1.00 0.00
0.50 2.27 -0.63 1.00 0.00
0.50 2.27 -0.45 1.00 0.00
0.50 2.27 -0.28 1.00 0.00
0.50 2.27 -0.10 1.00 0.00
0.50 2.27 0.07 1.00 0.00
0.50 2.27 0.25 1.00 0.00
0.50 2.27 0.42 1.00 0.00
0.50 2.27 0.60 1.00 0.00
0.50 2.27 0.77 1.00 0.00
0.50 2.27 0.94 1.00 0.00
0.50 2.27 1.12 1.00 0.00
0.50 2.27 1.29 1.00 0.00
0.50 2.27 1.47 1.00 0.00
0.50 2.27 1.64 1.00 0.00
0.50 2.27 1.82 1.00 0.00
0.50 2.27 1.99 1.00 0.00
0.70 2.27 -0.97 1.00 0.00
0.70 2.27 -0.79 1.00 0.00
0.70 2.27 -0.62 1.00 0.00
0.70 2.27 -0.44 1.00 0.00
0.70 2.27 -0.27 1.00 0.00
0.70 2.27 -0.09 1.00 0.00
0.70 2.27 0.08 1.00 0.00
0.70 2.27 0.26 1.00 0.00
0.70 2.27 0.43 1.00 0.00
0.70 2.27 0.60 1.00 0.00
0.70 2.27 0.78 1.00 0.00
0.70 2.27 0.95 1.00 0.00
0.70 2.27 1.13 1.00 0.00
0.70 2.27 1.30 1.00 0.00
0.70 2.27 1.48 1.00 0.00
0.70 2.27 1.65 1.00 0.00
0.70 2.27 1.83 1.00 0.00
0.70 2.27 2.00 1.00 0.00
0.90 2.27 -0.96 1.00 0.00
0.90 2.27 -0.78 1.00 0.00
0.90 2.27 -0.61 1.00 0.00
0.90 2.27 -0.43 1.00 0.00
0.90 2.27 -0.26 1.00 0.00
0.90 2.27 -0.08 1.00 0.00
0.90 2.27 0.09 1.00 0.00
0.90 2.27 0.26 1.00 0.00
0.90 2.27 0.44 1.00 0.00
0.90 2.27 0.61 1.00 0.00
0.90 2.27 0.79 1.00 0.00
0.90 2.27 0.96 1.00 0.00
0.90 2.27 1.14 1.00 0.00
0.90 2.27 1.31 1.00 0.00
0.90 2.27 1.49 1.00 0.00
0.90 2.27 1.66 1.00 0.00
0.90 2.27 1.84 1.00 0.00
0.90 2.27 2.01 1.00 0.00
1.10 2.27 -0.95 1.00 0.00
1.10 2.27 -0.77 1.00 0.00
1.10 2.27 -0.60 1.00 0.00
1.10 2.27 -0.43 1.00 0.00
1.10 2.27 -0.25 1.00 0.00
1.10 2.27 -0.08 1.00 0.00
1.10 2.27 0.10 1.00 0.00
1.10 2.27 0.27 1.00 0.00
1.10 2.27 0.45 1.00 0.00
1.10 2.27 0.62 1.00 0.00
1.10 2.27 0.80 1.00 0.00
1.10 2.27 0.97 1.00 0.00
1.10 2.27 1.14 1.00 0.00
1.10 2.27 1.32 1.00 0.00
1.10 2.27 1.49 1.00 0.00
1.10 2.27 1.67 1.00 0.00
1.10 2.27 1.84 1.00 0.00
1.10 2.27 2.02 1.00 0.00
0.30 2.44 -0.99 1.00 0.00
0.30 2.44 -0.82 1.00 0.00
0.30 2.44 -0.64 1.00 0.00
0.30 2.44 -0.47 1.00 0.00
0.30 2.44 -0.30 1.00 0.00
0.30 2.44 -0.12 1.00 0.00
0.30 2.44 0.05 1.00 0.00
0.30 2.44 0.23 1.00 0.00
0.30 2.44 0.40 1.00 0.00
0.30 2.44 0.58 1.00 0.00
0.30 2.44 0.75 1.00 0.00
0.30 2.44 0.93 1.00 0.00
0.30 2.44 1.10 1.00 0.00
0.30 2.44 1.28 1.00 0.00
0.30 2.44 1.45 1.00 0.00
0.30 2.44 1.62 1.00 0.00
0.30 2.44 1.80 1.00 0.00
0.30 2.44 1.97 1.00 0.00
0.50 2.44 -0.99 1.00 0.00
0.50 2.44 -0.82 1.00 0.00
0.50 2.44 -0.64 1.00 0.00
0.50 2.44 -0.47 1.00 0.00
0.50 2.44 -0.29 1.00 0.00
0.50 2.44 -0.12 1.00 0.00
0.50 2.44 0.06 1.00 0.00
0.50 2.44 0.23 1.00 0.00
0.50 2.44 0.41 1.00 0.00
0.50 2.44 0.58 1.00 0.00
0.50 2.44 0.76 1.00 0.00
0.50 2.44 0.93 1.00 0.00
0.50 2.44 1.10 1.00 0.00
0.50 2.44 1.28 1.00 0.00
0.50 2.44 1.45 1.00 0.00
0.50 2.44 1.63 1.00 0.00
0.50 2.44 1.80 1.00 0.00
0.50 2.44 1.98 1.00 0.00
0.70 2.44 -0.99 1.00 0.00
0.70 2.44 -0.81 1.00 0.00
0.70 2.44 -0.64 1.00 0.00
0.70 2.44 -0.46 1.00 0.00
0.70 2.44 -0.29 1.00 0.00
0.70 2.44 -0.11 1.00 0.00
0.70 2.44 0.06 1.00 0.00
0.70 2.44 0.24 1.00 0.00
0.70 2.44 0.41 1.00 0.00
0.70 2.44 0.58 1.00 0.00
0.70 2.44 0.76 1.00 0.00
0.70 2.44 0.93 1.00 0.00
0.70 2.44 1.11 1.00 0.00
0.70 2.44 1.28 1.00 0.00
0.70 2.44 1.46 1.00 0.00
0.70 2.44 1.63 1.00 0.00
0.70 2.44 1.81 1.00 0.00
0.70 2.44 1.98 1.00 0.00
0.90 2.44 -0.98 1.00 0.00
0.90 2.44 -0.81 1.00 0.00
0.90 2.44 -0.63 1.00 0.00
0.90 2.44 -0.46 1.00 0.00
0.90 2.44 -0.28 1.00 0.00
0.90 2.44 -0.11 1.00 0.00
0.90 2.44 0.06 1.00 0.00
0.90 2.44 0.24 1.00 0.00
0.90 2.44 0.41 1.00 0.00
0.90 2.44 0.59 1.00 0.00
0.90 2.44 0.76 1.00 0.00
0.90 2.44 0.94 1.00 0.00
0.90 2.44 1.11 1.00 0.00
0.90 2.44 1.29 1.00 0.00
0.90 2.44 1.46 1.00 0.00
0.90 2.44 1.64 1.00 0.00
0.90 2.44 1.81 1.00 0.00
0.90 2.44 1.98 1.00 0.00
1.10 2.44 -0.98 1.00 0.00
1.10 2.44 -0.80 1.00 0.00
1.10 2.44 -0.63 1.00 0.00
1.10 2.44 -0.46 1.00 0.00
1.10 2.44 -0.28 1.00 0.00
1.10 2.44 -0.11 1.00 0.00
1.10 2.44 0.07 1.00 0.00
1.10 2.44 0.24 1.00 0.00
1.10 2.44 0.42 1.00 0.00
1.10 2.44 0.59 1.00 0.00
1.10 2.44 0.77 1.00 0.00
1.10 2.44 0.94 1.00 0.00
1.10 2.44 1.12 1.00 0.00
1.10 2.44 1.29 1.00 0.00
1.10 2.44 1.46 1.00 0.00
1.10 2.44 1.64 1.00 0.00
1.10 2.44 1.81 1.00 0.00
1.10 2.44 1.99 1.00 0.00
0.30 2.62 -1.00 1.00 0.00
0.30 2.62 -0.83 1.00 0.00
0.30 2.62 -0.65 1.00 0.00
0.30 2.62 -0.48 1.00 0.00
0.30 2.62 -0.30 1.00 0.00
0.30 2.62 -0.13 1.00 0.00
0.30 2.62 0.04 1.00 0.00
0.30 2.62 0.22 1.00 0.00
0.30 2.62 0.39 1.00 0.00
0.30 2.62 0.57 1.00 0.00
0.30 2.62 0.74 1.00 0.00
0.30 2.62 0.92 1.00 0.00
0.30 2.62 1.09 1.00 0.00
0.30 2.62 1.27 1.00 0.00
0.30 2.62 1.44 1.00 0.00
0.30 2.62 1.61 1.00 0.00
0.30 2.62 1.79 1.00 0.00
0.30 2.62 1.96 1.00 0.00
0.50 2.62 -1.00 1.00 0.00
0.50 2.62 -0.83 1.00 0.00
0.50 2.62 -0.66 1.00 0.00
0.50 2.62 -0.48 1.00 0.00
0.50 2.62 -0.31 1.00 0.00
0.50 2.62 -0.13 1.00 0.00
0.50 2.62 0.04 1.00 0.00
0.50 2.62 0.22 1.00 0.00
0.50 2.62 0.39 1.00 0.00
0.50 2.62 0.57 1.00 0.00
0.50 2.62 0.74 1.00 0.00
0.50 2.62 0.92 1.00 0.00
0.50 2.62 1.09 1.00 0.00
0.50 2.62 1.26 1.00 0.00
0.50 2.62 1.44 1.00 0.00
0.50 2.62 1.61 1.00 0.00
0.50 2.62 1.79 1.00 0.00
0.50 2.62 1.96 1.00 0.00
0.70 2.62 -1.01 1.00 0.00
0.70 2.62 -0.83 1.00 0.00
0.70 2.62 -0.66 1.00 0.00
0.70 2.62 -0.48 1.00 0.00
0.70 2.62 -0.31 1.00 0.00
0.70 2.62 -0.13 1.00 0.00
0.70 2.62 0.04 1.00 0.00
0.70 2.62 0.22 1.00 0.00
0.70 2.62 0.39 1.00 0.00
0.70 2.62 0.56 1.00 0.00
0.70 2.62 0.74 1.00 0.00
0.70 2.62 0.91 1.00 0.00
0.70 2.62 1.09 1.00 0.00
0.70 2.62 1.26 1.00 0.00
0.70 2.62 1.44 1.00 0.00
0.70 2.62 1.61 1.00 0.00
0.70 2.62 1.79 1.00 0.00
0.70 2.62 1.96 1.00 0.00
0.90 2.62 -1.01 1.00 0.00
0.90 2.62 -0.83 1.00 0.00
0.90 2.62 -0.66 1.00 0.00
0.90 2.62 -0.48 1.00 0.00
0.90 2.62 -0.31 1.00 0.00
0.90 2.62 -0.13 1.00 0.00
0.90 2.62 0.04 1.00 0.00
0.90 2.62 0.21 1.00 0.00
0.90 2.62 0.39 1.00 0.00
0.90 2.62 0.56 1.00 0.00
0.90 2.62 0.74 1.00 0.00
0.90 2.62 0.91 1.00 0.00
0.90 2.62 1.09 1.00 0.00
0.90 2.62 1.26 1.00 0.00
0.90 2.62 1.44 1.00 0.00
0.90 2.62 1.61 1.00 0.00
0.90 2.62 1.79 1.00 0.00
0.90 2.62 1.96 1.00 0.00
1.10 2.62 -1.01 1.00 0.00
1.10 2.62 -0.83 1.00 0.00
1.10 2.62 -0.66 1.00 0.00
1.10 2.62 -0.48 1.00 0.00
1.10 2.62 -0.31 1.00 0.00
1.10 2.62 -0.14 1.00 0.00
1.10 2.62 0.04 1.00 0.00
1.10 2.62 0.21 1.00 0.00
1.10 2.62 0.39 1.00 0.00
1.10 2.62 0.56 1.00 0.00
1.10 2.62 0.74 1.00 0.00
1.10 2.62 0.91 1.00 0.00
1.10 2.62 1.09 1.00 0.00
1.10 2.62 1.26 1.00 0.00
1.10 2.62 1.43 1.00 0.00
1.10 2.62 1.61 1.00 0.00
1.10 2.62 1.78 1.00 0.00
1.10 2.62 1.96 1.00 0.00
0.30 2.79 -1.01 1.00 0.00
0.30 2.79 -0.84 1.00 0.00
0.30 2.79 -0.66 1.00 0.00
0.30 2.79 -0.49 1.00 0.00
0.30 2.79 -0.31 1.00 0.00
0.30 2.79 -0.14 1.00 0.00
0.30 2.79 0.03 1.00 0.00
0.30 2.79 0.21 1.00 0.00
0.30 2.79 0.38 1.00 0.00
0.30 2.79 0.56 1.00 0.00
0.30 2.79 0.73 1.00 0.00
0.30 2.79 0.91 1.00 0.00
0.30 2.79 1.08 1.00 0.00
0.30 2.79 1.26 1.00 0.00
0.30 2.79 1.43 1.00 0.00
0.30 2.79 1.61 1.00 0.00
0.30 2.79 1.78 1.00 0.00
0.30 2.79 1.95 1.00 0.00
0.50 2.79 -1.02 1.00 0.00
0.50 2.79 -0.84 1.00 0.00
0.50 2.79 -0.67 1.00 0.00
0.50 2.79 -0.50 1.00 0.00
0.50 2.79 -0.32 1.00 0.00
0.50 2.79 -0.15 1.00 0.00
0.50 2.79 0.03 1.00 0.00
0.50 2.79 0.20 1.00 0.00
0.50 2.79 0.38 1.00 0.00
0.50 2.79 0.55 1.00 0.00
0.50 2.79 0.73 1.00 0.00
0.50 2.79 0.90 1.00 0.00
0.50 2.79 1.07 1.00 0.00
0.50 2.79 1.25 1.00 0.00
0.50 2.79 1.42 1.00 0.00
0.50 2.79 1.60 1.00 0.00
0.50 2.79 1.77 1.00 0.00
0.50 2.79 1.95 1.00 0.00
0.70 2.79 -1.03 1.00 0.00
0.70 2.79 -0.85 1.00 0.00
0.70 2.79 -0.68 1.00 0.00
0.70 2.79 -0.50 1.00 0.00
0.70 2.79 -0.33 1.00 0.00
0.70 2.79 -0.15 1.00 0.00
0.70 2.79 0.02 1.00 0.00
0.70 2.79 0.20 1.00 0.00
0.70 2.79 0.37 1.00 0.00
0.70 2.79 0.54 1.00 0.00
0.70 2.79 0.72 1.00 0.00
0.70 2.79 0.89 1.00 0.00
0.70 2.79 1.07 1.00 0.00
0.70 2.79 1.24 1.00 0.00
0.70 2.79 1.42 1.00 0.00
0.70 2.79 1.59 1.00 0.00
0.70 2.79 1.77 1.00 0.00
0.70 2.79 1.94 1.00 0.00
0.90 2.79 -1.03 1.00 0.00
0.90 2.79 -0.86 1.00 0.00
0.90 2.79 -0.68 1.00 0.00
0.90 2.79 -0.51 1.00 0.00
0.90 2.79 -0.33 1.00 0.00
0.90 2.79 -0.16 1.00 0.00
0.90 2.79 0.01 1.00 0.00
0.90 2.79 0.19 1.00 0.00
0.90 2.79 0.36 1.00 0.00
0.90 2.79 0.54 1.00 0.00
0.90 2.79 0.71 1.00 0.00
0.90 2.79 0.89 1.00 0.00
0.90 2.79 1.06 1.00 0.00
0.90 2.79 1.24 1.00 0.00
0.90 2.79 1.41 1.00 0.00
0.90 2.79 1.59 1.00 0.00
0.90 2.79 1.76 1.00 0.00
0.90 2.79 1.93 1.00 0.00
1.10 2.79 -1.04 1.00 0.00
1.10 2.79 -0.86 1.00 0.00
1.10 2.79 -0.69 1.00 0.00
1.10 2.79 -0.51 1.00 0.00
1.10 2.79 -0.34 1.00 0.00
1.10 2.79 -0.17 1.00 0.00
1.10 2.79 0.01 1.00 0.00
1.10 2.79 0.18 1.00 0.00
1.10 2.79 0.36 1.00 0.00
1.10 2.79 0.53 1.00 0.00
1.10 2.79 0.71 1.00 0.00
1.10 2.79 0.88 1.00 0.00
1.10 2.79 1.06 1.00 0.00
1.10 2.79 1.23 1.00 0.00
1.10 2.79 1.41 1.00 0.00
1.10 2.79 1.58 1.00 0.00
1.10 2.79 1.75 1.00 0.00
1.10 2.79 1.93 1.00 0.00
0.30 2.97 -1.02 1.00 0.00
0.30 2.97 -0.85 1.00 0.00
0.30 2.97 -0.67 1.00 0.00
0.30 2.97 -0.50 1.00 0.00
0.30 2.97 -0.32 1.00 0.00
0.30 2.97 -0.15 1.00 0.00
0.30 2.97 0.03 1.00 0.00
0.30 2.97 0.20 1.00 0.00
0.30 2.97 0.38 1.00 0.00
0.30 2.97 0.55 1.00 0.00
0.30 2.97 0.72 1.00 0.00
0.30 2.97 0.90 1.00 0.00
0.30 2.97 1.07 1.00 0.00
0.30 2.97 1.25 1.00 0.00
0.30 2.97 1.42 1.00 0.00
0.30 2.97 1.60 1.00 0.00
0.30 2.97 1.77 1.00 0.00
0.30 2.97 1.95 1.00 0.00
0.50 2.97 -1.03 1.00 0.00
0.50 2.97 -0.86 1.00 0.00
0.50 2.97 -0.68 1.00 0.00
0.50 2.97 -0.51 1.00 0.00
0.50 2.97 -0.34 1.00 0.00
0.50 2.97 -0.16 1.00 0.00
0.50 2.97 0.01 1.00 0.00
0.50 2.97 0.19 1.00 0.00
0.50 2.97 0.36 1.00 0.00
0.50 2.97 0.54 1.00 0.00
0.50 2.97 0.71 1.00 0.00
0.50 2.97 0.89 1.00 0.00
0.50 2.97 1.06 1.00 0.00
0.50 2.97 1.24 1.00 0.00
0.50 2.97 1.41 1.00 0.00
0.50 2.97 1.58 1.00 0.00
0.50 2.97 1.76 1.00 0.00
0.50 2.97 1.93 1.00 0.00
0.70 2.97 -1.05 1.00 0.00
0.70 2.97 -0.87 1.00 0.00
0.70 2.97 -0.70 1.00 0.00
0.70 2.97 -0.52 1.00 0.00
0.70 2.97 -0.35 1.00 0.00
0.70 2.97 -0.17 1.00 0.00
0.70 2.97 0.00 1.00 0.00
0.70 2.97 0.18 1.00 0.00
0.70 2.97 0.35 1.00 0.00
0.70 2.97 0.53 1.00 0.00
0.70 2.97 0.70 1.00 0.00
0.70 2.97 0.87 1.00 0.00
0.70 2.97 1.05 1.00 0.00
0.70 2.97 1.22 1.00 0.00
0.70 2.97 1.40 1.00 0.00
0.70 2.97 1.57 1.00 0.00
0.70 2.97 1.75 1.00 0.00
0.70 2.97 1.92 1.00 0.00
0.90 2.97 -1.06 1.00 0.00
0.90 2.97 -0.88 1.00 0.00
0.90 2.97 -0.71 1.00 0.00
0.90 2.97 -0.53 1.00 0.00
0.90 2.97 -0.36 1.00 0.00
0.90 2.97 -0.18 1.00 0.00
0.90 2.97 -0.01 1.00 0.00
0.90 2.97 0.17 1.00 0.00
0.90 2.97 0.34 1.00 0.00
0.90 2.97 0.51 1.00 0.00
0.90 2.97 0.69 1.00 0.00
0.90 2.97 0.86 1.00 0.00
0.90 2.97 1.04 1.00 0.00
0.90 2.97 1.21 1.00 0.00
0.90 2.97 1.39 1.00 0.00
0.90 2.97 1.56 1.00 0.00
0.90 2.97 1.74 1.00 0.00
0.90 2.97 1.91 1.00 0.00
1.10 2.97 -1.07 1.00 0.00
1.10 2.97 -0.89 1.00 0.00
1.10 2.97 -0.72 1.00 0.00
1.10 2.97 -0.54 1.00 0.00
1.10 2.97 -0.37 1.00 0.00
1.10 2.97 -0.19 1.00 0.00
1.10 2.97 -0.02 1.00 0.00
1.10 2.97 0.15 1.00 0.00
1.10 2.97 0.33 1.00 0.00
1.10 2.97 0.50 1.00 0.00
1.10 2.97 0.68 1.00 0.00
1.10 2.97 0.85 1.00 0.00
1.10 2.97 1.03 1.00 0.00
1.10 2.97 1.20 1.00 0.00
1.10 2.97 1.38 1.00 0.00
1.10 2.97 1.55 1.00 0.00
1.10 2.97 1.73 1.00 0.00
1.10 2.97 1.90 1.00 0.00
0.30 3.14 -1.03 1.00 0.00
0.30 3.14 -0.86 1.00 0.00
0.30 3.14 -0.68 1.00 0.00
0.30 3.14 -0.51 1.00 0.00
0.30 3.14 -0.33 1.00 0.00
0.30 3.14 -0.16 1.00 0.00
0.30 3.14 0.02 1.00 0.00
0.30 3.14 0.19 1.00 0.00
0.30 3.14 0.37 1.00 0.00
0.30 3.14 0.54 1.00 0.00
0.30 3.14 0.72 1.00 0.00
0.30 3.14 0.89 1.00 0.00
0.30 3.14 1.06 1.00 0.00
0.30 3.14 1.24 1.00 0.00
0.30 3.14 1.41 1.00 0.00
0.30 3.14 1.59 1.00 0.00
0.30 3.14 1.76 1.00 0.00
0.30 3.14 1.94 1.00 0.00
0.50 3.14 -1.05 1.00 0.00
0.50 3.14 -0.87 1.00 0.00
0.50 3.14 -0.70 1.00 0.00
0.50 3.14 -0.52 1.00 0.00
0.50 3.14 -0.35 1.00 0.00
0.50 3.14 -0.17 1.00 0.00
0.50 3.14 -0.00 1.00 0.00
0.50 3.14 0.17 1.00 0.00
0.50 3.14 0.35 1.00 0.00
0.50 3.14 0.52 1.00 0.00
0.50 3.14 0.70 1.00 0.00
0.50 3.14 0.87 1.00 0.00
0.50 3.14 1.05 1.00 0.00
0.50 3.14 1.22 1.00 0.00
0.50 3.14 1.40 1.00 0.00
0.50 3.14 1.57 1.00 0.00
0.50 3.14 1.75 1.00 0.00
0.50 3.14 1.92 1.00 0.00
0.70 3.14 -1.06 1.00 0.00
0.70 3.14 -0.89 1.00 0.00
0.70 3.14 -0.72 1.00 0.00
0.70 3.14 -0.54 1.00 0.00
0.70 3.14 -0.37 1.00 0.00
0.70 3.14 -0.19 1.00 0.00
0.70 3.14 -0.02 1.00 0.00
0.70 3.14 0.16 1.00 0.00
0.70 3.14 0.33 1.00 0.00
0.70 3.14 0.51 1.00 0.00
0.70 3.14 0.68 1.00 0.00
0.70 3.14 0.86 1.00 0.00
0.70 3.14 1.03 1.00 0.00
0.70 3.14 1.20 1.00 0.00
0.70 3.14 1.38 1.00 0.00
0.70 3.14 1.55 1.00 0.00
0.70 3.14 1.73 1.00 0.00
0.70 3.14 1.90 1.00 0.00
0.90 3.14 -1.08 1.00 0.00
0.90 3.14 -0.91 1.00 0.00
0.90 3.14 -0.73 1.00 0.00
0.90 3.14 -0.56 1.00 0.00
0.90 3.14 -0.38 1.00 0.00
0.90 3.14 -0.21 1.00 0.00
0.90 3.14 -0.03 1.00 0.00
0.90 3.14 0.14 1.00 0.00
0.90 3.14 0.32 1.00 0.00
0.90 3.14 0.49 1.00 0.00
0.90 3.14 0.67 1.00 0.00
0.90 3.14 0.84 1.00 0.00
0.90 3.14 1.01 1.00 0.00
0.90 3.14 1.19 1.00 0.00
0.90 3.14 1.36 1.00 0.00
0.90 3.14 1.54 1.00 0.00
0.90 3.14 1.71 1.00 0.00
0.90 3.14 1.89 1.00 0.00
1.10 3.14 -1.10 1.00 0.00
1.10 3.14 -0.92 1.00 0.00
1.10 3.14 -0.75 1.00 0.00
1.10 3.14 -0.57 1.00 0.00
1.10 3.14 -0.40 1.00 0.00
1.10 3.14 -0.22 1.00 0.00
1.10 3.14 -0.05 1.00 0.00
1.10 3.14 0.13 1.00 0.00
1.10 3.14 0.30 1.00 0.00
1.10 3.14 0.48 1.00 0.00
1.10 3.14 0.65 1.00 0.00
1.10 3.14 0.82 1.00 0.00
1.10 3.14 1.00 1.00 0.00
1.10 3.14 1.17 1.00 0.00
1.10 3.14 1.35 1.00 0.00
1.10 3.14 1.52 1.00 0.00
1.10 3.14 1.70 1.00 0.00
1.10 3.14 1.87 1.00 0.00
0.30 3.32 -1.04 1.00 0.00
0.30 3.32 -0.86 1.00 0.00
0.30 3.32 -0.69 1.00 0.00
0.30 3.32 -0.51 1.00 0.00
0.30 3.32 -0.34 1.00 0.00
0.30 3.32 -0.16 1.00 0.00
0.30 3.32 0.01 1.00 0.00
0.30 3.32 0.18 1.00 0.00
0.30 3.32 0.36 1.00 0.00
0.30 3.32 0.53 1.00 0.00
0.30 3.32 0.71 1.00 0.00
0.30 3.32 0.88 1.00 0.00
0.30 3.32 1.06 1.00 0.00
0.30 3.32 1.23 1.00 0.00
0.30 3.32 1.41 1.00 0.00
0.30 3.32 1.58 1.00 0.00
0.30 3.32 1.76 1.00 0.00
0.30 3.32 1.93 1.00 0.00
0.50 3.32 -1.06 1.00 0.00
0.50 3.32 -0.89 1.00 0.00
0.50 3.32 -0.71 1.00 0.00
0.50 3.32 -0.54 1.00 0.00
0.50 3.32 -0.36 1.00 0.00
0.50 3.32 -0.19 1.00 0.00
0.50 3.32 -0.01 1.00 0.00
0.50 3.32 0.16 1.00 0.00
0.50 3.32 0.34 1.00 0.00
0.50 3.32 0.51 1.00 0.00
0.50 3.32 0.69 1.00 0.00
0.50 3.32 0.86 1.00 0.00
0.50 3.32 1.03 1.00 0.00
0.50 3.32 1.21 1.00 0.00
0.50 3.32 1.38 1.00 0.00
0.50 3.32 1.56 1.00 0.00
0.50 3.32 1.73 1.00 0.00
0.50 3.32 1.91 1.00 0.00
0.70 3.32 -1.08 1.00 0.00
0.70 3.32 -0.91 1.00 0.00
0.70 3.32 -0.73 1.00 0.00
0.70 3.32 -0.56 1.00 0.00
0.70 3.32 -0.38 1.00 0.00
0.70 3.32 -0.21 1.00 0.00
0.70 3.32 -0.03 1.00 0.00
0.70 3.32 0.14 1.00 0.00
0.70 3.32 0.31 1.00 0.00
0.70 3.32 0.49 1.00 0.00
0.70 3.32 0.66 1.00 0.00
0.70 3.32 0.84 1.00 0.00
0.70 3.32 1.01 1.00 0.00
0.70 3.32 1.19 1.00 0.00
0.70 3.32 1.36 1.00 0.00
0.70 3.32 1.54 1.00 0.00
0.70 3.32 1.71 1.00 0.00
0.70 3.32 1.89 1.00 0.00
0.90 3.32 -1.10 1.00 0.00
0.90 3.32 -0.93 1.00 0.00
0.90 3.32 -0.75 1.00 0.00
0.90 3.32 -0.58 1.00 0.00
0.90 3.32 -0.40 1.00 0.00
0.90 3.32 -0.23 1.00 0.00
0.90 3.32 -0.05 1.00 0.00
0.90 3.32 0.12 1.00 0.00
0.90 3.32 0.29 1.00 0.00
0.90 3.32 0.47 1.00 0.00
0.90 3.32 0.64 1.00 0.00
0.90 3.32 0.82 1.00 0.00
0.90 3.32 0.99 1.00 0.00
0.90 3.32 1.17 1.00 0.00
0.90 3.32 1.34 1.00 0.00
0.90 3.32 1.52 1.00 0.00
0.90 3.32 1.69 1.00 0.00
0.90 3.32 1.87 1.00 0.00
1.10 3.32 -1.12 1.00 0.00
1.10 3.32 -0.95 1.00 0.00
1.10 3.32 -0.77 1.00 0.00
1.10 3.32 -0.60 1.00 0.00
1.10 3.32 -0.42 1.00 0.00
1.10 3.32 -0.25 1.00 0.00
1.10 3.32 -0.07 1.00 0.00
1.10 3.32 0.10 1.00 0.00
1.10 3.32 0.28 1.00 0.00
1.10 3.32 0.45 1.00 0.00
1.10 3.32 0.62 1.00 0.00
1.10 3.32 0.80 1.00 0.00
1.10 3.32 0.97 1.00 0.00
1.10 3.32 1.15 1.00 0.00
1.10 3.32 1.32 1.00 0.00
1.10 3.32 1.50 1.00 0.00
1.10 3.32 1.67 1.00 0.00
1.10 3.32 1.85 1.00 0.00
0.30 3.49 -1.04 1.00 0.00
0.30 3.49 -0.87 1.00 0.00
0.30 3.49 -0.69 1.00 0.00
0.30 3.49 -0.52 1.00 0.00
0.30 3.49 -0.35 1.00 0.00
0.30 3.49 -0.17 1.00 0.00
0.30 3.49 0.00 1.00 0.00
0.30 3.49 0.18 1.00 0.00
0.30 3.49 0.35 1.00 0.00
0.30 3.49 0.53 1.00 0.00
0.30 3.49 0.70 1.00 0.00
0.30 3.49 0.88 1.00 0.00
0.30 3.49 1.05 1.00 0.00
0.30 3.49 1.23 1.00 0.00
0.30 3.49 1.40 1.00 0.00
0.30 3.49 1.57 1.00 0.00
0.30 3.49 1.75 1.00 0.00
0.30 3.49 1.92 1.00 0.00
0.50 3.49 -1.07 1.00 0.00
0.50 3.49 -0.90 1.00 0.00
0.50 3.49 -0.72 1.00 0.00
0.50 3.49 -0.55 1.00 0.00
0.50 3.49 -0.37 1.00 0.00
0.50 3.49 -0.20 1.00 0.00
0.50 3.49 -0.02 1.00 0.00
0.50 3.49 0.15 1.00 0.00
0.50 3.49 0.33 1.00 0.00
0.50 3.49 0.50 1.00 0.00
0.50 3.49 0.67 1.00 0.00
0.50 3.49 0.85 1.00 0.00
0.50 3.49 1.02 1.00 0.00
0.50 3.49 1.20 1.00 0.00
0.50 3.49 1.37 1.00 0.00
0.50 3.49 1.55 1.00 0.00
0.50 3.49 1.72 1.00 0.00
0.50 3.49 1.90 1.00 0.00
0.70 3.49 -1.10 1.00 0.00
0.70 3.49 -0.92 1.00 0.00
0.70 3.49 -0.75 1.00 0.00
0.70 3.49 -0.57 1.00 0.00
0.70 3.49 -0.40 1.00 0.00
0.70 3.49 -0.22 1.00 0.00
0.70 3.49 -0.05 1.00 0.00
0.70 3.49 0.12 1.00 0.00
0.70 3.49 0.30 1.00 0.00
0.70 3.49 0.47 1.00 0.00
0.70 3.49 0.65 1.00 0.00
0.70 3.49 0.82 1.00 0.00
0.70 3.49 1.00 1.00 0.00
0.70 3.49 1.17 1.00 0.00
0.70 3.49 1.35 1.00 0.00
0.70 3.49 1.52 1.00 0.00
0.70 3.49 1.70 1.00 0.00
0.70 3.49 1.87 1.00 0.00
0.90 3.49 -1.12 1.00 0.00
0.90 3.49 -0.95 1.00 0.00
0.90 3.49 -0.77 1.00 0.00
0.90 3.49 -0.60 1.00 0.00
0.90 3.49 -0.42 1.00 0.00
0.90 3.49 -0.25 1.00 0.00
0.90 3.49 -0.07 1.00 0.00
0.90 3.49 0.10 1.00 0.00
0.90 3.49 0.27 1.00 0.00
0.90 3.49 0.45 1.00 0.00
0.90 3.49 0.62 1.00 0.00
0.90 3.49 0.80 1.00 0.00
0.90 3.49 0.97 1.00 0.00
0.90 3.49 1.15 1.00 0.00
0.90 3.49 1.32 1.00 0.00
0.90 3.49 1.50 1.00 0.00
0.90 3.49 1.67 1.00 0.00
0.90 3.49 1.85 1.00 0.00
1.10 3.49 -1.15 1.00 0.00
1.10 3.49 -0.97 1.00 0.00
1.10 3.49 -0.80 1.00 0.00
1.10 3.49 -0.62 1.00 0.00
1.10 3.49 -0.45 1.00 0.00
1.10 3.49 -0.27 1.00 0.00
1.10 3.49 -0.10 1.00 0.00
1.10 3.49 0.08 1.00 0.00
1.10 3.49 0.25 1.00 0.00
1.10 3.49 0.43 1.00 0.00
1.10 3.49 0.60 1.00 0.00
1.10 3.49 0.77 1.00 0.00
1.10 3.49 0.95 1.00 0.00
1.10 3.49 1.12 1.00 0.00
1.10 3.49 1.30 1.00 0.00
1.10 3.49 1.47 1.00 0.00
1.10 3.49 1.65 1.00 0.00
1.10 3.49 1.82 1.00 0.00
0.30 3.67 -1.05 1.00 0.00
0.30 3.67 -0.87 1.00 0.00
0.30 3.67 -0.70 1.00 0.00
0.30 3.67 -0.53 1.00 0.00
0.30 3.67 -0.35 1.00 0.00
0.30 3.67 -0.18 1.00 0.00
0.30 3.67 -0.00 1.00 0.00
0.30 3.67 0.17 1.00 0.00
0.30 3.67 0.35 1.00 0.00
0.30 3.67 0.52 1.00 0.00
0.30 3.67 0.70 1.00 0.00
0.30 3.67 0.87 1.00 0.00
0.30 3.67 1.05 1.00 0.00
0.30 3.67 1.22 1.00 0.00
0.30 3.67 1.39 1.00 0.00
0.30 3.67 1.57 1.00 0.00
0.30 3.67 1.74 1.00 0.00
0.30 3.67 1.92 1.00 0.00
0.50 3.67 -1.08 1.00 0.00
0.50 3.67 -0.91 1.00 0.00
0.50 3.67 -0.73 1.00 0.00
0.50 3.67 -0.56 1.00 0.00
0.50 3.67 -0.38 1.00 0.00
0.50 3.67 -0.21 1.00 0.00
0.50 3.67 -0.03 1.00 0.00
0.50 3.67 0.14 1.00 0.00
0.50 3.67 0.32 1.00 0.00
0.50 3.67 0.49 1.00 0.00
0.50 3.67 0.67 1.00 0.00
0.50 3.67 0.84 1.00 0.00
0.50 3.67 1.01 1.00 0.00
0.50 3.67 1.19 1.00 0.00
0.50 3.67 1.36 1.00 0.00
0.50 3.67 1.54 1.00 0.00
0.50 3.67 1.71 1.00 0.00
0.50 3.67 1.89 1.00 0.00
0.70 3.67 -1.11 1.00 0.00
0.70 3.67 -0.94 1.00 0.00
0.70 3.67 -0.76 1.00 0.00
0.70 3.67 -0.59 1.00 0.00
0.70 3.67 -0.41 1.00 0.00
0.70 3.67 -0.24 1.00 0.00
0.70 3.67 -0.06 1.00 0.00
0.70 3.67 0.11 1.00 0.00
0.70 3.67 0.29 1.00 0.00
0.70 3.67 0.46 1.00 0.00
0.70 3.67 0.64 1.00 0.00
0.70 3.67 0.81 1.00 0.00
0.70 3.67 0.98 1.00 0.00
0.70 3.67 1.16 1.00 0.00
0.70 3.67 1.33 1.00 0.00
0.70 3.67 1.51 1.00 0.00
0.70 3.67 1.68 1.00 0.00
0.70 3.67 1.86 1.00 0.00
0.90 3.67 -1.14 1.00 0.00
0.90 3.67 -0.96 1.00 0.00
0.90 3.67 -0.79 1.00 0.00
0.90 3.67 -0.61 1.00 0.00
0.90 3.67 -0.44 1.00 0.00
0.90 3.67 -0.27 1.00 0.00
0.90 3.67 -0.09 1.00 0.00
0.90 3.67 0.08 1.00 0.00
0.90 3.67 0.26 1.00 0.00
0.90 3.67 0.43 1.00 0.00
0.90 3.67 0.61 1.00 0.00
0.90 3.67 0.78 1.00 0.00
0.90 3.67 0.96 1.00 0.00
0.90 3.67 1.13 1.00 0.00
0.90 3.67 1.30 1.00 0.00
0.90 3.67 1.48 1.00 0.00
0.90 3.67 1.65 1.00 0.00
0.90 3.67 1.83 1.00 0.00
1.10 3.67 -1.17 1.00 0.00
1.10 3.67 -0.99 1.00 0.00
1.10 3.67 -0.82 1.00 0.00
1.10 3.67 -0.64 1.00 0.00
1.10 3.67 -0.47 1.00 0.00
1.10 3.67 -0.29 1.00 0.00
1.10 3.67 -0.12 1.00 0.00
1.10 3.67 0.06 1.00 0.00
1.10 3.67 0.23 1.00 0.00
1.10 3.67 0.40 1.00 0.00
1.10 3.67 0.58 1.00 0.00
1.10 3.67 0.75 1.00 0.00
1.10 3.67 0.93 1.00 0.00
1.10 3.67 1.10 1.00 0.00
1.10 3.67 1.28 1.00 0.00
1.10 3.67 1.45 1.00 0.00
1.10 3.67 1.63 1.00 0.00
1.10 3.67 1.80 1.00 0.00
0.30 3.84 -1.05 1.00 0.00
0.30 3.84 -0.88 1.00 0.00
0.30 3.84 -0.70 1.00 0.00
0.30 3.84 -0.53 1.00 0.00
0.30 3.84 -0.36 1.00 0.00
0.30 3.84 -0.18 1.00 0.00
0.30 3.84 -0.01 1.00 0.00
0.30 3.84 0.17 1.00 0.00
0.30 3.84 0.34 1.00 0.00
0.30 3.84 0.52 1.00 0.00
0.30 3.84 0.69 1.00 0.00
0.30 3.84 0.87 1.00 0.00
0.30 3.84 1.04 1.00 0.00
0.30 3.84 1.22 1.00 0.00
0.30 3.84 1.39 1.00 0.00
0.30 3.84 1.56 1.00 0.00
0.30 3.84 1.74 1.00 0.00
0.30 3.84 1.91 1.00 0.00
0.50 3.84 -1.09 1.00 0.00
0.50 3.84 -0.91 1.00 0.00
0.50 3.84 -0.74 1.00 0.00
0.50 3.84 -0.56 1.00 0.00
0.50 3.84 -0.39 1.00 0.00
0.50 3.84 -0.21 1.00 0.00
0.50 3.84 -0.04 1.00 0.00
0.50 3.84 0.13 1.00 0.00
0.50 3.84 0.31 1.00 0.00
0.50 3.84 0.48 1.00 0.00
0.50 3.84 0.66 1.00 0.00
0.50 3.84 0.83 1.00 0.00
0.50 3.84 1.01 1.00 0.00
0.50 3.84 1.18 1.00 0.00
0.50 3.84 1.36 1.00 0.00
0.50 3.84 1.53 1.00 0.00
0.50 3.84 1.71 1.00 0.00
0.50 3.84 1.88 1.00 0.00
0.70 3.84 -1.12 1.00 0.00
0.70 3.84 -0.95 1.00 0.00
0.70 3.84 -0.77 1.00 0.00
0.70 3.84 -0.60 1.00 0.00
0.70 3.84 -0.42 1.00 0.00
0.70 3.84 -0.25 1.00 0.00
0.70 3.84 -0.07 1.00 0.00
0.70 3.84 0.10 1.00 0.00
0.70 3.84 0.28 1.00 0.00
0.70 3.84 0.45 1.00 0.00
0.70 3.84 0.62 1.00 0.00
0.70 3.84 0.80 1.00 0.00
0.70 3.84 0.97 1.00 0.00
0.70 3.84 1.15 1.00 0.00
0.70 3.84 1.32 1.00 0.00
0.70 3.84 1.50 1.00 0.00
0.70 3.84 1.67 1.00 0.00
0.70 3.84 1.85 1.00 0.00
0.90 3.84 -1.15 1.00 0.00
0.90 3.84 -0.98 1.00 0.00
0.90 3.84 -0.80 1.00 0.00
0.90 3.84 -0.63 1.00 0.00
0.90 3.84 -0.45 1.00 0.00
0.90 3.84 -0.28 1.00 0.00
0.90 3.84 -0.11 1.00 0.00
0.90 3.84 0.07 1.00 0.00
0.90 3.84 0.24 1.00 0.00
0.90 3.84 0.42 1.00 0.00
0.90 3.84 0.59 1.00 0.00
0.90 3.84 0.77 1.00 0.00
0.90 3.84 0.94 1.00 0.00
0.90 3.84 1.12 1.00 0.00
0.90 3.84 1.29 1.00 0.00
0.90 3.84 1.47 1.00 0.00
0.90 3.84 1.64 1.00 0.00
0.90 3.84 1.81 1.00 0.00
1.10 3.84 -1.18 1.00 0.00
1.10 3.84 -1.01 1.00 0.00
1.10 3.84 -0.83 1.00 0.00
1.10 3.84 -0.66 1.00 0.00
1.10 3.84 -0.49 1.00 0.00
1.10 3.84 -0.31 1.00 0.00
1.10 3.84 -0.14 1.00 0.00
1.10 3.84 0.04 1.00 0.00
1.10 3.84 0.21 1.00 0.00
1.10 3.84 0.39 1.00 0.00
1.10 3.84 0.56 1.00 0.00
1.10 3.84 0.74 1.00 0.00
1.10 3.84 0.91 1.00 0.00
1.10 3.84 1.09 1.00 0.00
1.10 3.84 1.26 1.00 0.00
1.10 3.84 1.43 1.00 0.00
1.10 3.84 1.61 1.00 0.00
1.10 3.84 1.78 1.00 0.00
0.30 4.01 -1.06 1.00 0.00
0.30 4.01 -0.88 1.00 0.00
0.30 4.01 -0.71 1.00 0.00
0.30 4.01 -0.53 1.00 0.00
0.30 4.01 -0.36 1.00 0.00
0.30 4.01 -0.18 1.00 0.00
0.30 4.01 -0.01 1.00 0.00
0.30 4.01 0.17 1.00 0.00
0.30 4.01 0.34 1.00 0.00
0.30 4.01 0.51 1.00 0.00
0.30 4.01 0.69 1.00 0.00
0.30 4.01 0.86 1.00 0.00
0.30 4.01 1.04 1.00 0.00
0.30 4.01 1.21 1.00 0.00
0.30 4.01 1.39 1.00 0.00
0.30 4.01 1.56 1.00 0.00
0.30 4.01 1.74 1.00 0.00
0.30 4.01 1.91 1.00 0.00
0.50 4.01 -1.09 1.00 0.00
0.50 4.01 -0.92 1.00 0.00
0.50 4.01 -0.74 1.00 0.00
0.50 4.01 -0.57 1.00 0.00
0.50 4.01 -0.39 1.00 0.00
0.50 4.01 -0.22 1.00 0.00
0.50 4.01 -0.04 1.00 0.00
0.50 4.01 0.13 1.00 0.00
0.50 4.01 0.30 1.00 0.00
0.50 4.01 0.48 1.00 0.00
0.50 4.01 0.65 1.00 0.00
0.50 4.01 0.83 1.00 0.00
0.50 4.01 1.00 1.00 0.00
0.50 4.01 1.18 1.00 0.00
0.50 4.01 1.35 1.00 0.00
0.50 4.01 1.53 1.00 0.00
0.50 4.01 1.70 1.00 0.00
0.50 4.01 1.88 1.00 0.00
0.70 4.01 -1.13 1.00 0.00
0.70 4.01 -0.95 1.00 0.00
0.70 4.01 -0.78 1.00 0.00
0.70 4.01 -0.60 1.00 0.00
0.70 4.01 -0.43 1.00 0.00
0.70 4.01 -0.25 1.00 0.00
0.70 4.01 -0.08 1.00 0.00
0.70 4.01 0.09 1.00 0.00
0.70 4.01 0.27 1.00 0.00
0.70 4.01 0.44 1.00 0.00
0.70 4.01 0.62 1.00 0.00
0.70 4.01 0.79 1.00 0.00
0.70 4.01 0.97 1.00 0.00
0.70 4.01 1.14 1.00 0.00
0.70 4.01 1.32 1.00 0.00
0.70 4.01 1.49 1.00 0.00
0.70 4.01 1.66 1.00 0.00
0.70 4.01 1.84 1.00 0.00
0.90 4.01 -1.16 1.00 0.00
0.90 4.01 -0.99 1.00 0.00
0.90 4.01 -0.81 1.00 0.00
0.90 4.01 -0.64 1.00 0.00
0.90 4.01 -0.46 1.00 0.00
0.90 4.01 -0.29 1.00 0.00
0.90 4.01 -0.12 1.00 0.00
0.90 4.01 0.06 1.00 0.00
0.90 4.01 0.23 1.00 0.00
0.90 4.01 0.41 1.00 0.00
0.90 4.01 0.58 1.00 0.00
0.90 4.01 0.76 1.00 0.00
0.90 4.01 0.93 1.00 0.00
0.90 4.01 1.11 1.00 0.00
0.90 4.01 1.28 1.00 0.00
0.90 4.01 1.46 1.00 0.00
0.90 4.01 1.63 1.00 0.00
0.90 4.01 1.80 1.00 0.00
1.10 4.01 -1.20 1.00 0.00
1.10 4.01 -1.02 1.00 0.00
1.10 4.01 -0.85 1.00 0.00
1.10 4.01 -0.67 1.00 0.00
1.10 4.01 -0.50 1.00 0.00
1.10 4.01 -0.32 1.00 0.00
1.10 4.01 -0.15 1.00 0.00
1.10 4.01 0.02 1.00 0.00
1.10 4.01 0.20 1.00 0.00
1.10 4.01 0.37 1.00 0.00
1.10 4.01 0.55 1.00 0.00
1.10 4.01 0.72 1.00 0.00
1.10 4.01 0.90 1.00 0.00
1.10 4.01 1.07 1.00 0.00
1.10 4.01 1.25 1.00 0.00
1.10 4.01 1.42 1.00 0.00
1.10 4.01 1.60 1.00 0.00
1.10 4.01 1.77 1.00 0.00
0.30 4.19 -1.06 1.00 0.00
0.30 4.19 -0.88 1.00 0.00
0.30 4.19 -0.71 1.00 0.00
0.30 4.19 -0.53 1.00 0.00
0.30 4.19 -0.36 1.00 0.00
0.30 4.19 -0.18 1.00 0.00
0.30 4.19 -0.01 1.00 0.00
0.30 4.19 0.16 1.00 0.00
0.30 4.19 0.34 1.00 0.00
0.30 4.19 0.51 1.00 0.00
0.30 4.19 0.69 1.00 0.00
0.30 4.19 0.86 1.00 0.00
0.30 4.19 1.04 1.00 0.00
0.30 4.19 1.21 1.00 0.00
0.30 4.19 1.39 1.00 0.00
0.30 4.19 1.56 1.00 0.00
0.30 4.19 1.74 1.00 0.00
0.30 4.19 1.91 1.00 0.00
0.50 4.19 -1.09 1.00 0.00
0.50 4.19 -0.92 1.00 0.00
0.50 4.19 -0.75 1.00 0.00
0.50 4.19 -0.57 1.00 0.00
0.50 4.19 -0.40 1.00 0.00
0.50 4.19 -0.22 1.00 0.00
0.50 4.19 -0.05 1.00 0.00
0.50 4.19 0.13 1.00 0.00
0.50 4.19 0.30 1.00 0.00
0.50 4.19 0.48 1.00 0.00
0.50 4.19 0.65 1.00 0.00
0.50 4.19 0.83 1.00 0.00
0.50 4.19 1.00 1.00 0.00
0.50 4.19 1.17 1.00 0.00
0.50 4.19 1.35 1.00 0.00
0.50 4.19 1.52 1.00 0.00
0.50 4.19 1.70 1.00 0.00
0.50 4.19 1.87 1.00 0.00
0.70 4.19 -1.13 1.00 0.00
0.70 4.19 -0.96 1.00 0.00
0.70 4.19 -0.78 1.00 0.00
0.70 4.19 -0.61 1.00 0.00
0.70 4.19 -0.43 1.00 0.00
0.70 4.19 -0.26 1.00 0.00
0.70 4.19 -0.08 1.00 0.00
0.70 4.19 0.09 1.00 0.00
0.70 4.19 0.26 1.00 0.00
0.70 4.19 0.44 1.00 0.00
0.70 4.19 0.61 1.00 0.00
0.70 4.19 0.79 1.00 0.00
0.70 4.19 0.96 1.00 0.00
0.70 4.19 1.14 1.00 0.00
0.70 4.19 1.31 1.00 0.00
0.70 4.19 1.49 1.00 0.00
0.70 4.19 1.66 1.00 0.00
0.70 4.19 1.84 1.00 0.00
0.90 4.19 -1.17 1.00 0.00
0.90 4.19 -0.99 1.00 0.00
0.90 4.19 -0.82 1.00 0.00
0.90 4.19 -0.64 1.00 0.00
0.90 4.19 -0.47 1.00 0.00
0.90 4.19 -0.30 1.00 0.00
0.90 4.19 -0.12 1.00 0.00
0.90 4.19 0.05 1.00 0.00
0.90 4.19 0.23 1.00 0.00
0.90 4.19 0.40 1.00 0.00
0.90 4.19 0.58 1.00 0.00
0.90 4.19 0.75 1.00 0.00
0.90 4.19 0.93 1.00 0.00
0.90 4.19 1.10 1.00 0.00
0.90 4.19 1.27 1.00 0.00
0.90 4.19 1.45 1.00 0.00
0.90 4.19 1.62 1.00 0.00
0.90 4.19 1.80 1.00 0.00
1.10 4.19 -1.21 1.00 0.00
1.10 4.19 -1.03 1.00 0.00
1.10 4.19 -0.86 1.00 0.00
1.10 4.19 -0.68 1.00 0.00
1.10 4.19 -0.51 1.00 0.00
1.10 4.19 -0.33 1.00 0.00
1.10 4.19 -0.16 1.00 0.00
1.10 4.19 0.02 1.00 0.00
1.10 4.19 0.19 1.00 0.00
1.10 4.19 0.37 1.00 0.00
1.10 4.19 0.54 1.00 0.00
1.10 4.19 0.71 1.00 0.00
1.10 4.19 0.89 1.00 0.00
1.10 4.19 1.06 1.00 0.00
1.10 4.19 1.24 1.00 0.00
1.10 4.19 1.41 1.00 0.00
1.10 4.19 1.59 1.00 0.00
1.10 4.19 1.76 1.00 0.00
0.30 4.36 -1.06 1.00 0.00
0.30 4.36 -0.88 1.00 0.00
0.30 4.36 -0.71 1.00 0.00
0.30 4.36 -0.53 1.00 0.00
0.30 4.36 -0.36 1.00 0.00
0.30 4.36 -0.18 1.00 0.00
0.30 4.36 -0.01 1.00 0.00
0.30 4.36 0.17 1.00 0.00
0.30 4.36 0.34 1.00 0.00
0.30 4.36 0.51 1.00 0.00
0.30 4.36 0.69 1.00 0.00
0.30 4.36 0.86 1.00 0.00
0.30 4.36 1.04 1.00 0.00
0.30 4.36 1.21 1.00 0.00
0.30 4.36 1.39 1.00 0.00
0.30 4.36 1.56 1.00 0.00
0.30 4.36 1.74 1.00 0.00
0.30 4.36 1.91 1.00 0.00
0.50 4.36 -1.09 1.00 0.00
0.50 4.36 -0.92 1.00 0.00
0.50 4.36 -0.74 1.00 0.00
0.50 4.36 -0.57 1.00 0.00
0.50 4.36 -0.40 1.00 0.00
0.50 4.36 -0.22 1.00 0.00
0.50 4.36 -0.05 1.00 0.00
0.50 4.36 0.13 1.00 0.00
0.50 4.36 0.30 1.00 0.00
0.50 4.36 0.48 1.00 0.00
0.50 4.36 0.65 1.00 0.00
0.50 4.36 0.83 1.00 0.00
0.50 4.36 1.00 1.00 0.00
0.50 4.36 1.18 1.00 0.00
0.50 4.36 1.35 1.00 0.00
0.50 4.36 1.52 1.00 0.00
0.50 4.36 1.70 1.00 0.00
0.50 4.36 1.87 1.00 0.00
0.70 4.36 -1.13 1.00 0.00
0.70 4.36 -0.96 1.00 0.00
0.70 4.36 -0.78 1.00 0.00
0.70 4.36 -0.61 1.00 0.00
0.70 4.36 -0.43 1.00 0.00
0.70 4.36 -0.26 1.00 0.00
0.70 4.36 -0.08 1.00 0.00
0.70 4.36 0.09 1.00 0.00
0.70 4.36 0.26 1.00 0.00
0.70 4.36 0.44 1.00 0.00
0.70 4.36 0.61 1.00 0.00
0.70 4.36 0.79 1.00 0.00
0.70 4.36 0.96 1.00 0.00
0.70 4.36 1.14 1.00 0.00
0.70 4.36 1.31 1.00 0.00
0.70 4.36 1.49 1.00 0.00
0.70 4.36 1.66 1.00 0.00
0.70 4.36 1.84 1.00 0.00
0.90 4.36 -1.17 1.00 0.00
0.90 4.36 -0.99 1.00 0.00
0.90 4.36 -0.82 1.00 0.00
0.90 4.36 -0.65 1.00 0.00
0.90 4.36 -0.47 1.00 0.00
0.90 4.36 -0.30 1.00 0.00
0.90 4.36 -0.12 1.00 0.00
0.90 4.36 0.05 1.00 0.00
0.90 4.36 0.23 1.00 0.00
0.90 4.36 0.40 1.00 0.00
0.90 4.36 0.58 1.00 0.00
0.90 4.36 0.75 1.00 0.00
0.90 4.36 0.92 1.00 0.00
0.90 4.36 1.10 1.00 0.00
0.90 4.36 1.27 1.00 0.00
0.90 4.36 1.45 1.00 0.00
0.90 4.36 1.62 1.00 0.00
0.90 4.36 1.80 1.00 0.00
1.10 4.36 -1.21 1.00 0.00
1.10 4.36 -1.03 1.00 0.00
1.10 4.36 -0.86 1.00 0.00
1.10 4.36 -0.68 1.00 0.00
1.10 4.36 -0.51 1.00 0.00
1.10 4.36 -0.34 1.00 0.00
1.10 4.36 -0.16 1.00 0.00
1.10 4.36 0.01 1.00 0.00
1.10 4.36 0.19 1.00 0.00
1.10 4.36 0.36 1.00 0.00
1.10 4.36 0.54 1.00 0.00
1.10 4.36 0.71 1.00 0.00
1.10 4.36 0.89 1.00 0.00
1.10 4.36 1.06 1.00 0.00
1.10 4.36 1.24 1.00 0.00
1.10 4.36 1.41 1.00 0.00
1.10 4.36 1.58 1.00 0.00
1.10 4.36 1.76 1.00 0.00
0.30 4.54 -1.05 1.00 0.00
0.30 4.54 -0.88 1.00 0.00
0.30 4.54 -0.70 1.00 0.00
0.30 4.54 -0.53 1.00 0.00
0.30 4.54 -0.36 1.00 0.00
0.30 4.54 -0.18 1.00 0.00
0.30 4.54 -0.01 1.00 0.00
0.30 4.54 0.17 1.00 0.00
0.30 4.54 0.34 1.00 0.00
0.30 4.54 0.52 1.00 0.00
0.30 4.54 0.69 1.00 0.00
0.30 4.54 0.87 1.00 0.00
0.30 4.54 1.04 1.00 0.00
0.30 4.54 1.22 1.00 0.00
0.30 4.54 1.39 1.00 0.00
0.30 4.54 1.56 1.00 0.00
0.30 4.54 1.74 1.00 0.00
0.30 4.54 1.91 1.00 0.00
0.50 4.54 -1.09 1.00 0.00
0.50 4.54 -0.92 1.00 0.00
0.50 4.54 -0.74 1.00 0.00
0.50 4.54 -0.57 1.00 0.00
0.50 4.54 -0.39 1.00 0.00
0.50 4.54 -0.22 1.00 0.00
0.50 4.54 -0.04 1.00 0.00
0.50 4.54 0.13 1.00 0.00
0.50 4.54 0.31 1.00 0.00
0.50 4.54 0.48 1.00 0.00
0.50 4.54 0.66 1.00 0.00
0.50 4.54 0.83 1.00 0.00
0.50 4.54 1.00 1.00 0.00
0.50 4.54 1.18 1.00 0.00
0.50 4.54 1.35 1.00 0.00
0.50 4.54 1.53 1.00 0.00
0.50 4.54 1.70 1.00 0.00
0.50 4.54 1.88 1.00 0.00
0.70 4.54 -1.13 1.00 0.00
0.70 4.54 -0.95 1.00 0.00
0.70 4.54 -0.78 1.00 0.00
0.70 4.54 -0.60 1.00 0.00
0.70 4.54 -0.43 1.00 0.00
0.70 4.54 -0.25 1.00 0.00
0.70 4.54 -0.08 1.00 0.00
0.70 4.54 0.09 1.00 0.00
0.70 4.54 0.27 1.00 0.00
0.70 4.54 0.44 1.00 0.00
0.70 4.54 0.62 1.00 0.00
0.70 4.54 0.79 1.00 0.00
0.70 4.54 0.97 1.00 0.00
0.70 4.54 1.14 1.00 0.00
0.70 4.54 1.32 1.00 0.00
0.70 4.54 1.49 1.00 0.00
0.70 4.54 1.67 1.00 0.00
0.70 4.54 1.84 1.00 0.00
0.90 4.54 -1.17 1.00 0.00
0.90 4.54 -0.99 1.00 0.00
0.90 4.54 -0.82 1.00 0.00
0.90 4.54 -0.64 1.00 0.00
0.90 4.54 -0.47 1.00 0.00
0.90 4.54 -0.29 1.00 0.00
0.90 4.54 -0.12 1.00 0.00
0.90 4.54 0.06 1.00 0.00
0.90 4.54 0.23 1.00 0.00
0.90 4.54 0.41 1.00 0.00
0.90 4.54 0.58 1.00 0.00
0.90 4.54 0.75 1.00 0.00
0.90 4.54 0.93 1.00 0.00
0.90 4.54 1.10 1.00 0.00
0.90 4.54 1.28 1.00 0.00
0.90 4.54 1.45 1.00 0.00
0.90 4.54 1.63 1.00 0.00
0.90 4.54 1.80 1.00 0.00
1.10 4.54 -1.20 1.00 0.00
1.10 4.54 -1.03 1.00 0.00
1.10 4.54 -0.85 1.00 0.00
1.10 4.54 -0.68 1.00 0.00
1.10 4.54 -0.51 1.00 0.00
1.10 4.54 -0.33 1.00 0.00
1.10 4.54 -0.16 1.00 0.00
1.10 4.54 0.02 1.00 0.00
1.10 4.54 0.19 1.00 0.00
1.10 4.54 0.37 1.00 0.00
1.10 4.54 0.54 1.00 0.00
1.10 4.54 0.72 1.00 0.00
1.10 4.54 0.89 1.00 0.00
1.10 4.54 1.06 1.00 0.00
1.10 4.54 1.24 1.00 0.00
1.10 4.54 1.41 1.00 0.00
1.10 4.54 1.59 1.00 0.00
1.10 4.54 1.76 1.00 0.00
0.30 4.71 -1.05 1.00 0.00
0.30 4.71 -0.87 1.00 0.00
0.30 4.71 -0.70 1.00 0.00
0.30 4.71 -0.53 1.00 0.00
0.30 4.71 -0.35 1.00 0.00
0.30 4.71 -0.18 1.00 0.00
0.30 4.71 -0.00 1.00 0.00
0.30 4.71 0.17 1.00 0.00
0.30 4.71 0.35 1.00 0.00
0.30 4.71 0.52 1.00 0.00
0.30 4.71 0.70 1.00 0.00
0.30 4.71 0.87 1.00 0.00
0.30 4.71 1.05 1.00 0.00
0.30 4.71 1.22 1.00 0.00
0.30 4.71 1.39 1.00 0.00
0.30 4.71 1.57 1.00 0.00
0.30 4.71 1.74 1.00 0.00
0.30 4.71 1.92 1.00 0.00
0.50 4.71 -1.08 1.00 0.00
0.50 4.71 -0.91 1.00 0.00
0.50 4.71 -0.73 1.00 0.00
0.50 4.71 -0.56 1.00 0.00
0.50 4.71 -0.39 1.00 0.00
0.50 4.71 -0.21 1.00 0.00
0.50 4.71 -0.04 1.00 0.00
0.50 4.71 0.14 1.00 0.00
0.50 4.71 0.31 1.00 0.00
0.50 4.71 0.49 1.00 0.00
0.50 4.71 0.66 1.00 0.00
0.50 4.71 0.84 1.00 0.00
0.50 4.71 1.01 1.00 0.00
0.50 4.71 1.19 1.00 0.00
0.50 4.71 1.36 1.00 0.00
0.50 4.71 1.53 1.00 0.00
0.50 4.71 1.71 1.00 0.00
0.50 4.71 1.88 1.00 0.00
0.70 4.71 -1.12 1.00 0.00
0.70 4.71 -0.94 1.00 0.00
0.70 4.71 -0.77 1.00 0.00
0.70 4.71 -0.60 1.00 0.00
0.70 4.71 -0.42 1.00 0.00
0.70 4.71 -0.25 1.00 0.00
0.70 4.71 -0.07 1.00 0.00
0.70 4.71 0.10 1.00 0.00
0.70 4.71 0.28 1.00 0.00
0.70 4.71 0.45 1.00 0.00
0.70 4.71 0.63 1.00 0.00
0.70 4.71 0.80 1.00 0.00
0.70 4.71 0.98 1.00 0.00
0.70 4.71 1.15 1.00 0.00
0.70 4.71 1.32 1.00 0.00
0.70 4.71 1.50 1.00 0.00
0.70 4.71 1.67 1.00 0.00
0.70 4.71 1.85 1.00 0.00
0.90 4.71 -1.16 1.00 0.00
0.90 4.71 -0.98 1.00 0.00
0.90 4.71 -0.81 1.00 0.00
0.90 4.71 -0.63 1.00 0.00
0.90 4.71 -0.46 1.00 0.00
0.90 4.71 -0.28 1.00 0.00
0.90 4.71 -0.11 1.00 0.00
0.90 4.71 0.07 1.00 0.00
0.90 4.71 0.24 1.00 0.00
0.90 4.71 0.42 1.00 0.00
0.90 4.71 0.59 1.00 0.00
0.90 4.71 0.76 1.00 0.00
0.90 4.71 0.94 1.00 0.00
0.90 4.71 1.11 1.00 0.00
0.90 4.71 1.29 1.00 0.00
0.90 4.71 1.46 1.00 0.00
0.90 4.71 1.64 1.00 0.00
0.90 4.71 1.81 1.00 0.00
1.10 4.71 -1.19 1.00 0.00
1.10 4.71 -1.02 1.00 0.00
1.10 4.71 -0.84 1.00 0.00
1.10 4.71 -0.67 1.00 0.00
1.10 4.71 -0.49 1.00 0.00
1.10 4.71 -0.32 1.00 0.00
1.10 4.71 -0.15 1.00 0.00
1.10 4.71 0.03 1.00 0.00
1.10 4.71 0.20 1.00 0.00
1.10 4.71 0.38 1.00 0.00
1.10 4.71 0.55 1.00 0.00
1.10 4.71 0.73 1.00 0.00
1.10 4.71 0.90 1.00 0.00
1.10 4.71 1.08 1.00 0.00
1.10 4.71 1.25 1.00 0.00
1.10 4.71 1.42 1.00 0.00
1.10 4.71 1.60 1.00 0.00
1.10 4.71 1.77 1.00 0.00
0.30 4.89 -1.04 1.00 0.00
0.30 4.89 -0.87 1.00 0.00
0.30 4.89 -0.69 1.00 0.00
0.30 4.89 -0.52 1.00 0.00
0.30 4.89 -0.35 1.00 0.00
0.30 4.89 -0.17 1.00 0.00
0.30 4.89 0.00 1.00 0.00
0.30 4.89 0.18 1.00 0.00
0.30 4.89 0.35 1.00 0.00
0.30 4.89 0.53 1.00 0.00
0.30 4.89 0.70 1.00 0.00
0.30 4.89 0.88 1.00 0.00
0.30 4.89 1.05 1.00 0.00
0.30 4.89 1.23 1.00 0.00
0.30 4.89 1.40 1.00 0.00
0.30 4.89 1.57 1.00 0.00
0.30 4.89 1.75 1.00 0.00
0.30 4.89 1.92 1.00 0.00
0.50 4.89 -1.07 1.00 0.00
0.50 4.89 -0.90 1.00 0.00
0.50 4.89 -0.72 1.00 0.00
0.50 4.89 -0.55 1.00 0.00
0.50 4.89 -0.38 1.00 0.00
0.50 4.89 -0.20 1.00 0.00
0.50 4.89 -0.03 1.00 0.00
0.50 4.89 0.15 1.00 0.00
0.50 4.89 0.32 1.00 0.00
0.50 4.89 0.50 1.00 0.00
0.50 4.89 0.67 1.00 0.00
0.50 4.89 0.85 1.00 0.00
0.50 4.89 1.02 1.00 0.00
0.50 4.89 1.20 1.00 0.00
0.50 4.89 1.37 1.00 0.00
0.50 4.89 1.54 1.00 0.00
0.50 4.89 1.72 1.00 0.00
0.50 4.89 1.89 1.00 0.00
0.70 4.89 -1.11 1.00 0.00
0.70 4.89 -0.93 1.00 0.00
0.70 4.89 -0.76 1.00 0.00
0.70 4.89 -0.58 1.00 0.00
0.70 4.89 -0.41 1.00 0.00
0.70 4.89 -0.23 1.00 0.00
0.70 4.89 -0.06 1.00 0.00
0.70 4.89 0.12 1.00 0.00
0.70 4.89 0.29 1.00 0.00
0.70 4.89 0.46 1.00 0.00
0.70 4.89 0.64 1.00 0.00
0.70 4.89 0.81 1.00 0.00
0.70 4.89 0.99 1.00 0.00
0.70 4.89 1.16 1.00 0.00
0.70 4.89 1.34 1.00 0.00
0.70 4.89 1.51 1.00 0.00
0.70 4.89 1.69 1.00 0.00
0.70 4.89 1.86 1.00 0.00
0.90 4.89 -1.14 1.00 0.00
0.90 4.89 -0.96 1.00 0.00
0.90 4.89 -0.79 1.00 0.00
0.90 4.89 -0.62 1.00 0.00
0.90 4.89 -0.44 1.00 0.00
0.90 4.89 -0.27 1.00 0.00
0.90 4.89 -0.09 1.00 0.00
0.90 4.89 0.08 1.00 0.00
0.90 4.89 0.26 1.00 0.00
0.90 4.89 0.43 1.00 0.00
0.90 4.89 0.61 1.00 0.00
0.90 4.89 0.78 1.00 0.00
0.90 4.89 0.95 1.00 0.00
0.90 4.89 1.13 1.00 0.00
0.90 4.89 1.30 1.00 0.00
0.90 4.89 1.48 1.00 0.00
0.90 4.89 1.65 1.00 0.00
0.90 4.89 1.83 1.00 0.00
1.10 4.89 -1.17 1.00 0.00
1.10 4.89 -1.00 1.00 0.00
1.10 4.89 -0.83 1.00 0.00
1.10 4.89 -0.65 1.00 0.00
1.10 4.89 -0.48 1.00 0.00
1.10 4.89 -0.30 1.00 0.00
1.10 4.89 -0.13 1.00 0.00
1.10 4.89 0.05 1.00 0.00
1.10 4.89 0.22 1.00 0.00
1.10 4.89 0.40 1.00 0.00
1.10 4.89 0.57 1.00 0.00
1.10 4.89 0.75 1.00 0.00
1.10 4.89 0.92 1.00 0.00
1.10 4.89 1.09 1.00 0.00
1.10 4.89 1.27 1.00 0.00
1.10 4.89 1.44 1.00 0.00
1.10 4.89 1.62 1.00 0.00
1.10 4.89 1.79 1.00 0.00
0.30 5.06 -1.04 1.00 0.00
0.30 5.06 -0.86 1.00 0.00
0.30 5.06 -0.69 1.00 0.00
0.30 5.06 -0.51 1.00 0.00
0.30 5.06 -0.34 1.00 0.00
0.30 5.06 -0.16 1.00 0.00
0.30 5.06 0.01 1.00 0.00
0.30 5.06 0.19 1.00 0.00
0.30 5.06 0.36 1.00 0.00
0.30 5.06 0.53 1.00 0.00
0.30 5.06 0.71 1.00 0.00
0.30 5.06 0.88 1.00 0.00
0.30 5.06 1.06 1.00 0.00
0.30 5.06 1.23 1.00 0.00
0.30 5.06 1.41 1.00 0.00
0.30 5.06 1.58 1.00 0.00
0.30 5.06 1.76 1.00 0.00
0.30 5.06 1.93 1.00 0.00
0.50 5.06 -1.06 1.00 0.00
0.50 5.06 -0.89 1.00 0.00
0.50 5.06 -0.71 1.00 0.00
0.50 5.06 -0.54 1.00 0.00
0.50 5.06 -0.36 1.00 0.00
0.50 5.06 -0.19 1.00 0.00
0.50 5.06 -0.01 1.00 0.00
0.50 5.06 0.16 1.00 0.00
0.50 5.06 0.33 1.00 0.00
0.50 5.06 0.51 1.00 0.00
0.50 5.06 0.68 1.00 0.00
0.50 5.06 0.86 1.00 0.00
0.50 5.06 1.03 1.00 0.00
0.50 5.06 1.21 1.00 0.00
0.50 5.06 1.38 1.00 0.00
0.50 5.06 1.56 1.00 0.00
0.50 5.06 1.73 1.00 0.00
0.50 5.06 1.91 1.00 0.00
0.70 5.06 -1.09 1.00 0.00
0.70 5.06 -0.91 1.00 0.00
0.70 5.06 -0.74 1.00 0.00
0.70 5.06 -0.57 1.00 0.00
0.70 5.06 -0.39 1.00 0.00
0.70 5.06 -0.22 1.00 0.00
0.70 5.06 -0.04 1.00 0.00
0.70 5.06 0.13 1.00 0.00
0.70 5.06 0.31 1.00 0.00
0.70 5.06 0.48 1.00 0.00
0.70 5.06 0.66 1.00 0.00
0.70 5.06 0.83 1.00 0.00
0.70 5.06 1.01 1.00 0.00
0.70 5.06 1.18 1.00 0.00
0.70 5.06 1.35 1.00 0.00
0.70 5.06 1.53 1.00 0.00
0.70 5.06 1.70 1.00 0.00
0.70 5.06 1.88 1.00 0.00
0.90 5.06 -1.12 1.00 0.00
0.90 5.06 -0.94 1.00 0.00
0.90 5.06 -0.77 1.00 0.00
0.90 5.06 -0.59 1.00 0.00
0.90 5.06 -0.42 1.00 0.00
0.90 5.06 -0.25 1.00 0.00
0.90 5.06 -0.07 1.00 0.00
0.90 5.06 0.10 1.00 0.00
0.90 5.06 0.28 1.00 0.00
0.90 5.06 0.45 1.00 0.00
0.90 5.06 0.63 1.00 0.00
0.90 5.06 0.80 1.00 0.00
0.90 5.06 0.98 1.00 0.00
0.90 5.06 1.15 1.00 0.00
0.90 5.06 1.33 1.00 0.00
0.90 5.06 1.50 1.00 0.00
0.90 5.06 1.67 1.00 0.00
0.90 5.06 1.85 1.00 0.00
1.10 5.06 -1.15 1.00 0.00
1.10 5.06 -0.97 1.00 0.00
1.10 5.06 -0.80 1.00 0.00
1.10 5.06 -0.63 1.00 0.00
1.10 5.06 -0.45 1.00 0.00
1.10 5.06 -0.28 1.00 0.00
1.10 5.06 -0.10 1.00 0.00
1.10 5.06 0.07 1.00 0.00
1.10 5.06 0.25 1.00 0.00
1.10 5.06 0.42 1.00 0.00
1.10 5.06 0.60 1.00 0.00
1.10 5.06 0.77 1.00 0.00
1.10 5.06 0.95 1.00 0.00
1.10 5.06 1.12 1.00 0.00
1.10 5.06 1.29 1.00 0.00
1.10 5.06 1.47 1.00 0.00
1.10 5.06 1.64 1.00 0.00
1.10 5.06 1.82 1.00 0.00
0.30 5.24 -1.03 1.00 0.00
0.30 5.24 -0.85 1.00 0.00
0.30 5.24 -0.68 1.00 0.00
0.30 5.24 -0.50 1.00 0.00
0.30 5.24 -0.33 1.00 0.00
0.30 5.24 -0.16 1.00 0.00
0.30 5.24 0.02 1.00 0.00
0.30 5.24 0.19 1.00 0.00
0.30 5.24 0.37 1.00 0.00
0.30 5.24 0.54 1.00 0.00
0.30 5.24 0.72 1.00 0.00
0.30 5.24 0.89 1.00 0.00
0.30 5.24 1.07 1.00 0.00
0.30 5.24 1.24 1.00 0.00
0.30 5.24 1.42 1.00 0.00
0.30 5.24 1.59 1.00 0.00
0.30 5.24 1.76 1.00 0.00
0.30 5.24 1.94 1.00 0.00
0.50 5.24 -1.05 1.00 0.00
0.50 5.24 -0.87 1.00 0.00
0.50 5.24 -0.70 1.00 0.00
0.50 5.24 -0.52 1.00 0.00
0.50 5.24 -0.35 1.00 0.00
0.50 5.24 -0.17 1.00 0.00
0.50 5.24 -0.00 1.00 0.00
0.50 5.24 0.17 1.00 0.00
0.50 5.24 0.35 1.00 0.00
0.50 5.24 0.52 1.00 0.00
0.50 5.24 0.70 1.00 0.00
0.50 5.24 0.87 1.00 0.00
0.50 5.24 1.05 1.00 0.00
0.50 5.24 1.22 1.00 0.00
0.50 5.24 1.40 1.00 0.00
0.50 5.24 1.57 1.00 0.00
0.50 5.24 1.75 1.00 0.00
0.50 5.24 1.92 1.00 0.00
0.70 5.24 -1.07 1.00 0.00
0.70 5.24 -0.89 1.00 0.00
0.70 5.24 -0.72 1.00 0.00
0.70 5.24 -0.54 1.00 0.00
0.70 5.24 -0.37 1.00 0.00
0.70 5.24 -0.20 1.00 0.00
0.70 5.24 -0.02 1.00 0.00
0.70 5.24 0.15 1.00 0.00
0.70 5.24 0.33 1.00 0.00
0.70 5.24 0.50 1.00 0.00
0.70 5.24 0.68 1.00 0.00
0.70 5.24 0.85 1.00 0.00
0.70 5.24 1.03 1.00 0.00
0.70 5.24 1.20 1.00 0.00
0.70 5.24 1.37 1.00 0.00
0.70 5.24 1.55 1.00 0.00
0.70 5.24 1.72 1.00 0.00
0.70 5.24 1.90 1.00 0.00
0.90 5.24 -1.09 1.00 0.00
0.90 5.24 -0.92 1.00 0.00
0.90 5.24 -0.74 1.00 0.00
0.90 5.24 -0.57 1.00 0.00
0.90 5.24 -0.39 1.00 0.00
0.90 5.24 -0.22 1.00 0.00
0.90 5.24 -0.04 1.00 0.00
0.90 5.24 0.13 1.00 0.00
0.90 5.24 0.31 1.00 0.00
0.90 5.24 0.48 1.00 0.00
0.90 5.24 0.65 1.00 0.00
0.90 5.24 0.83 1.00 0.00
0.90 5.24 1.00 1.00 0.00
0.90 5.24 1.18 1.00 0.00
0.90 5.24 1.35 1.00 0.00
0.90 5.24 1.53 1.00 0.00
0.90 5.24 1.70 1.00 0.00
0.90 5.24 1.88 1.00 0.00
1.10 5.24 -1.12 1.00 0.00
1.10 5.24 -0.94 1.00 0.00
1.10 5.24 -0.77 1.00 0.00
1.10 5.24 -0.59 1.00 0.00
1.10 5.24 -0.42 1.00 0.00
1.10 5.24 -0.24 1.00 0.00
1.10 5.24 -0.07 1.00 0.00
1.10 5.24 0.11 1.00 0.00
1.10 5.24 0.28 1.00 0.00
1.10 5.24 0.46 1.00 0.00
1.10 5.24 0.63 1.00 0.00
1.10 5.24 0.80 1.00 0.00
1.10 5.24 0.98 1.00 0.00
1.10 5.24 1.15 1.00 0.00
1.10 5.24 1.33 1.00 0.00
1.10 5.24 1.50 1.00 0.00
1.10 5.24 1.68 1.00 0.00
1.10 5.24 1.85 1.00 0.00
0.30 5.41 -1.02 1.00 0.00
0.30 5.41 -0.84 1.00 0.00
0.30 5.41 -0.67 1.00 0.00
0.30 5.41 -0.49 1.00 0.00
0.30 5.41 -0.32 1.00 0.00
0.30 5.41 -0.15 1.00 0.00
0.30 5.41 0.03 1.00 0.00
0.30 5.41 0.20 1.00 0.00
0.30 5.41 0.38 1.00 0.00
0.30 5.41 0.55 1.00 0.00
0.30 5.41 0.73 1.00 0.00
0.30 5.41 0.90 1.00 0.00
0.30 5.41 1.08 1.00 0.00
0.30 5.41 1.25 1.00 0.00
0.30 5.41 1.43 1.00 0.00
0.30 5.41 1.60 1.00 0.00
0.30 5.41 1.77 1.00 0.00
0.30 5.41 1.95 1.00 0.00
0.50 5.41 -1.03 1.00 0.00
0.50 5.41 -0.86 1.00 0.00
0.50 5.41 -0.68 1.00 0.00
0.50 5.41 -0.51 1.00 0.00
0.50 5.41 -0.33 1.00 0.00
0.50 5.41 -0.16 1.00 0.00
0.50 5.41 0.02 1.00 0.00
0.50 5.41 0.19 1.00 0.00
0.50 5.41 0.37 1.00 0.00
0.50 5.41 0.54 1.00 0.00
0.50 5.41 0.71 1.00 0.00
0.50 5.41 0.89 1.00 0.00
0.50 5.41 1.06 1.00 0.00
0.50 5.41 1.24 1.00 0.00
0.50 5.41 1.41 1.00 0.00
0.50 5.41 1.59 1.00 0.00
0.50 5.41 1.76 1.00 0.00
0.50 5.41 1.94 1.00 0.00
0.70 5.41 -1.05 1.00 0.00
0.70 5.41 -0.87 1.00 0.00
0.70 5.41 -0.70 1.00 0.00
0.70 5.41 -0.52 1.00 0.00
0.70 5.41 -0.35 1.00 0.00
0.70 5.41 -0.17 1.00 0.00
0.70 5.41 0.00 1.00 0.00
0.70 5.41 0.18 1.00 0.00
0.70 5.41 0.35 1.00 0.00
0.70 5.41 0.53 1.00 0.00
0.70 5.41 0.70 1.00 0.00
0.70 5.41 0.87 1.00 0.00
0.70 5.41 1.05 1.00 0.00
0.70 5.41 1.22 1.00 0.00
0.70 5.41 1.40 1.00 0.00
0.70 5.41 1.57 1.00 0.00
0.70 5.41 1.75 1.00 0.00
0.70 5.41 1.92 1.00 0.00
0.90 5.41 -1.06 1.00 0.00
0.90 5.41 -0.89 1.00 0.00
0.90 5.41 -0.71 1.00 0.00
0.90 5.41 -0.54 1.00 0.00
0.90 5.41 -0.36 1.00 0.00
0.90 5.41 -0.19 1.00 0.00
0.90 5.41 -0.01 1.00 0.00
0.90 5.41 0.16 1.00 0.00
0.90 5.41 0.34 1.00 0.00
0.90 5.41 0.51 1.00 0.00
0.90 5.41 0.69 1.00 0.00
0.90 5.41 0.86 1.00 0.00
0.90 5.41 1.03 1.00 0.00
0.90 5.41 1.21 1.00 0.00
0.90 5.41 1.38 1.00 0.00
0.90 5.41 1.56 1.00 0.00
0.90 5.41 1.73 1.00 0.00
0.90 5.41 1.91 1.00 0.00
1.10 5.41 -1.08 1.00 0.00
1.10 5.41 -0.90 1.00 0.00
1.10 5.41 -0.73 1.00 0.00
1.10 5.41 -0.55 1.00 0.00
1.10 5.41 -0.38 1.00 0.00
1.10 5.41 -0.20 1.00 0.00
1.10 5.41 -0.03 1.00 0.00
1.10 5.41 0.14 1.00 0.00
1.10 5.41 0.32 1.00 0.00
1.10 5.41 0.49 1.00 0.00
1.10 5.41 0.67 1.00 0.00
1.10 5.41 0.84 1.00 0.00
1.10 5.41 1.02 1.00 0.00
1.10 5.41 1.19 1.00 0.00
1.10 5.41 1.37 1.00 0.00
1.10 5.41 1.54 1.00 0.00
1.10 5.41 1.72 1.00 0.00
1.10 5.41 1.89 1.00 0.00
0.30 5.59 -1.01 1.00 0.00
0.30 5.59 -0.83 1.00 0.00
0.30 5.59 -0.66 1.00 0.00
0.30 5.59 -0.48 1.00 0.00
0.30 5.59 -0.31 1.00 0.00
0.30 5.59 -0.14 1.00 0.00
0.30 5.59 0.04 1.00 0.00
0.30 5.59 0.21 1.00 0.00
0.30 5.59 0.39 1.00 0.00
0.30 5.59 0.56 1.00 0.00
0.30 5.59 0.74 1.00 0.00
0.30 5.59 0.91 1.00 0.00
0.30 5.59 1.09 1.00 0.00
0.30 5.59 1.26 1.00 0.00
0.30 5.59 1.44 1.00 0.00
0.30 5.59 1.61 1.00 0.00
0.30 5.59 1.78 1.00 0.00
0.30 5.59 1.96 1.00 0.00
0.50 5.59 -1.01 1.00 0.00
0.50 5.59 -0.84 1.00 0.00
0.50 5.59 -0.66 1.00 0.00
0.50 5.59 -0.49 1.00 0.00
0.50 5.59 -0.32 1.00 0.00
0.50 5.59 -0.14 1.00 0.00
0.50 5.59 0.03 1.00 0.00
0.50 5.59 0.21 1.00 0.00
0.50 5.59 0.38 1.00 0.00
0.50 5.59 0.56 1.00 0.00
0.50 5.59 0.73 1.00 0.00
0.50 5.59 0.91 1.00 0.00
0.50 5.59 1.08 1.00 0.00
0.50 5.59 1.26 1.00 0.00
0.50 5.59 1.43 1.00 0.00
0.50 5.59 1.60 1.00 0.00
0.50 5.59 1.78 1.00 0.00
0.50 5.59 1.95 1.00 0.00
0.70 5.59 -1.02 1.00 0.00
0.70 5.59 -0.85 1.00 0.00
0.70 5.59 -0.67 1.00 0.00
0.70 5.59 -0.50 1.00 0.00
0.70 5.59 -0.32 1.00 0.00
0.70 5.59 -0.15 1.00 0.00
0.70 5.59 0.03 1.00 0.00
0.70 5.59 0.20 1.00 0.00
0.70 5.59 0.38 1.00 0.00
0.70 5.59 0.55 1.00 0.00
0.70 5.59 0.73 1.00 0.00
0.70 5.59 0.90 1.00 0.00
0.70 5.59 1.07 1.00 0.00
0.70 5.59 1.25 1.00 0.00
0.70 5.59 1.42 1.00 0.00
0.70 5.59 1.60 1.00 0.00
0.70 5.59 1.77 1.00 0.00
0.70 5.59 1.95 1.00 0.00
0.90 5.59 -1.03 1.00 0.00
0.90 5.59 -0.85 1.00 0.00
0.90 5.59 -0.68 1.00 0.00
0.90 5.59 -0.50 1.00 0.00
0.90 5.59 -0.33 1.00 0.00
0.90 5.59 -0.15 1.00 0.00
0.90 5.59 0.02 1.00 0.00
0.90 5.59 0.20 1.00 0.00
0.90 5.59 0.37 1.00 0.00
0.90 5.59 0.54 1.00 0.00
0.90 5.59 0.72 1.00 0.00
0.90 5.59 0.89 1.00 0.00
0.90 5.59 1.07 1.00 0.00
0.90 5.59 1.24 1.00 0.00
0.90 5.59 1.42 1.00 0.00
0.90 5.59 1.59 1.00 0.00
0.90 5.59 1.77 1.00 0.00
0.90 5.59 1.94 1.00 0.00
1.10 5.59 -1.03 1.00 0.00
1.10 5.59 -0.86 1.00 0.00
1.10 5.59 -0.68 1.00 0.00
1.10 5.59 -0.51 1.00 0.00
1.10 5.59 -0.34 1.00 0.00
1.10 5.59 -0.16 1.00 0.00
1.10 5.59 0.01 1.00 0.00
1.10 5.59 0.19 1.00 0.00
1.10 5.59 0.36 1.00 0.00
1.10 5.59 0.54 1.00 0.00
1.10 5.59 0.71 1.00 0.00
1.10 5.59 0.89 1.00 0.00
1.10 5.59 1.06 1.00 0.00
1.10 5.59 1.24 1.00 0.00
1.10 5.59 1.41 1.00 0.00
1.10 5.59 1.58 1.00 0.00
1.10 5.59 1.76 1.00 0.00
1.10 5.59 1.93 1.00 0.00
0.30 5.76 -1.00 1.00 0.00
0.30 5.76 -0.82 1.00 0.00
0.30 5.76 -0.65 1.00 0.00
0.30 5.76 -0.47 1.00 0.00
0.30 5.76 -0.30 1.00 0.00
0.30 5.76 -0.13 1.00 0.00
0.30 5.76 0.05 1.00 0.00
0.30 5.76 0.22 1.00 0.00
0.30 5.76 0.40 1.00 0.00
0.30 5.76 0.57 1.00 0.00
0.30 5.76 0.75 1.00 0.00
0.30 5.76 0.92 1.00 0.00
0.30 5.76 1.10 1.00 0.00
0.30 5.76 1.27 1.00 0.00
0.30 5.76 1.45 1.00 0.00
0.30 5.76 1.62 1.00 0.00
0.30 5.76 1.79 1.00 0.00
0.30 5.76 1.97 1.00 0.00
0.50 5.76 -1.00 1.00 0.00
0.50 5.76 -0.82 1.00 0.00
0.50 5.76 -0.65 1.00 0.00
0.50 5.76 -0.47 1.00 0.00
0.50 5.76 -0.30 1.00 0.00
0.50 5.76 -0.12 1.00 0.00
0.50 5.76 0.05 1.00 0.00
0.50 5.76 0.23 1.00 0.00
0.50 5.76 0.40 1.00 0.00
0.50 5.76 0.57 1.00 0.00
0.50 5.76 0.75 1.00 0.00
0.50 5.76 0.92 1.00 0.00
0.50 5.76 1.10 1.00 0.00
0.50 5.76 1.27 1.00 0.00
0.50 5.76 1.45 1.00 0.00
0.50 5.76 1.62 1.00 0.00
0.50 5.76 1.80 1.00 0.00
0.50 5.76 1.97 1.00 0.00
0.70 5.76 -0.99 1.00 0.00
0.70 5.76 -0.82 1.00 0.00
0.70 5.76 -0.64 1.00 0.00
0.70 5.76 -0.47 1.00 0.00
0.70 5.76 -0.30 1.00 0.00
0.70 5.76 -0.12 1.00 0.00
0.70 5.76 0.05 1.00 0.00
0.70 5.76 0.23 1.00 0.00
0.70 5.76 0.40 1.00 0.00
0.70 5.76 0.58 1.00 0.00
0.70 5.76 0.75 1.00 0.00
0.70 5.76 0.93 1.00 0.00
0.70 5.76 1.10 1.00 0.00
0.70 5.76 1.28 1.00 0.00
0.70 5.76 1.45 1.00 0.00
0.70 5.76 1.62 1.00 0.00
0.70 5.76 1.80 1.00 0.00
0.70 5.76 1.97 1.00 0.00
0.90 5.76 -0.99 1.00 0.00
0.90 5.76 -0.82 1.00 0.00
0.90 5.76 -0.64 1.00 0.00
0.90 5.76 -0.47 1.00 0.00
0.90 5.76 -0.29 1.00 0.00
0.90 5.76 -0.12 1.00 0.00
0.90 5.76 0.06 1.00 0.00
0.90 5.76 0.23 1.00 0.00
0.90 5.76 0.41 1.00 0.00
0.90 5.76 0.58 1.00 0.00
0.90 5.76 0.75 1.00 0.00
0.90 5.76 0.93 1.00 0.00
0.90 5.76 1.10 1.00 0.00
0.90 5.76 1.28 1.00 0.00
0.90 5.76 1.45 1.00 0.00
0.90 5.76 1.63 1.00 0.00
0.90 5.76 1.80 1.00 0.00
0.90 5.76 1.98 1.00 0.00
1.10 5.76 -0.99 1.00 0.00
1.10 5.76 -0.81 1.00 0.00
1.10 5.76 -0.64 1.00 0.00
1.10 5.76 -0.46 1.00 0.00
1.10 5.76 -0.29 1.00 0.00
1.10 5.76 -0.12 1.00 0.00
1.10 5.76 0.06 1.00 0.00
1.10 5.76 0.23 1.00 0.00
1.10 5.76 0.41 1.00 0.00
1.10 5.76 0.58 1.00 0.00
1.10 5.76 0.76 1.00 0.00
1.10 5.76 0.93 1.00 0.00
1.10 5.76 1.11 1.00 0.00
1.10 5.76 1.28 1.00 0.00
1.10 5.76 1.45 1.00 0.00
1.10 5.76 1.63 1.00 0.00
1.10 5.76 1.80 1.00 0.00
1.10 5.76 1.98 1.00 0.00
0.30 5.93 -0.99 1.00 0.00
0.30 5.93 -0.81 1.00 0.00
0.30 5.93 -0.64 1.00 0.00
0.30 5.93 -0.46 1.00 0.00
0.30 5.93 -0.29 1.00 0.00
0.30 5.93 -0.11 1.00 0.00
0.30 5.93 0.06 1.00 0.00
0.30 5.93 0.23 1.00 0.00
0.30 5.93 0.41 1.00 0.00
0.30 5.93 0.58 1.00 0.00
0.30 5.93 0.76 1.00 0.00
0.30 5.93 0.93 1.00 0.00
0.30 5.93 1.11 1.00 0.00
0.30 5.93 1.28 1.00 0.00
0.30 5.93 1.46 1.00 0.00
0.30 5.93 1.63 1.00 0.00
0.30 5.93 1.80 1.00 0.00
0.30 5.93 1.98 1.00 0.00
0.50 5.93 -0.98 1.00 0.00
0.50 5.93 -0.80 1.00 0.00
0.50 5.93 -0.63 1.00 0.00
0.50 5.93 -0.45 1.00 0.00
0.50 5.93 -0.28 1.00 0.00
0.50 5.93 -0.11 1.00 0.00
0.50 5.93 0.07 1.00 0.00
0.50 5.93 0.24 1.00 0.00
0.50 5.93 0.42 1.00 0.00
0.50 5.93 0.59 1.00 0.00
0.50 5.93 0.77 1.00 0.00
0.50 5.93 0.94 1.00 0.00
0.50 5.93 1.12 1.00 0.00
0.50 5.93 1.29 1.00 0.00
0.50 5.93 1.47 1.00 0.00
0.50 5.93 1.64 1.00 0.00
0.50 5.93 1.81 1.00 0.00
0.50 5.93 1.99 1.00 0.00
0.70 5.93 -0.97 1.00 0.00
0.70 5.93 -0.79 1.00 0.00
0.70 5.93 -0.62 1.00 0.00
0.70 5.93 -0.44 1.00 0.00
0.70 5.93 -0.27 1.00 0.00
0.70 5.93 -0.10 1.00 0.00
0.70 5.93 0.08 1.00 0.00
0.70 5.93 0.25 1.00 0.00
0.70 5.93 0.43 1.00 0.00
0.70 5.93 0.60 1.00 0.00
0.70 5.93 0.78 1.00 0.00
0.70 5.93 0.95 1.00 0.00
0.70 5.93 1.13 1.00 0.00
0.70 5.93 1.30 1.00 0.00
0.70 5.93 1.48 1.00 0.00
0.70 5.93 1.65 1.00 0.00
0.70 5.93 1.82 1.00 0.00
0.70 5.93 2.00 1.00 0.00
0.90 5.93 -0.96 1.00 0.00
0.90 5.93 -0.78 1.00 0.00
0.90 5.93 -0.61 1.00 0.00
0.90 5.93 -0.43 1.00 0.00
0.90 5.93 -0.26 1.00 0.00
0.90 5.93 -0.08 1.00 0.00
0.90 5.93 0.09 1.00 0.00
0.90 5.93 0.27 1.00 0.00
0.90 5.93 0.44 1.00 0.00
0.90 5.93 0.61 1.00 0.00
0.90 5.93 0.79 1.00 0.00
0.90 5.93 0.96 1.00 0.00
0.90 5.93 1.14 1.00 0.00
0.90 5.93 1.31 1.00 0.00
0.90 5.93 1.49 1.00 0.00
0.90 5.93 1.66 1.00 0.00
0.90 5.93 1.84 1.00 0.00
0.90 5.93 2.01 1.00 0.00
1.10 5.93 -0.94 1.00 0.00
1.10 5.93 -0.77 1.00 0.00
1.10 5.93 -0.60 1.00 0.00
1.10 5.93 -0.42 1.00 0.00
1.10 5.93 -0.25 1.00 0.00
1.10 5.93 -0.07 1.00 0.00
1.10 5.93 0.10 1.00 0.00
1.10 5.93 0.28 1.00 0.00
1.10 5.93 0.45 1.00 0.00
1.10 5.93 0.63 1.00 0.00
1.10 5.93 0.80 1.00 0.00
1.10 5.93 0.98 1.00 0.00
1.10 5.93 1.15 1.00 0.00
1.10 5.93 1.32 1.00 0.00
1.10 5.93 1.50 1.00 0.00
1.10 5.93 1.67 1.00 0.00
1.10 5.93 1.85 1.00 0.00
1.10 5.93 2.02 1.00 0.00
0.30 6.11 -0.98 1.00 0.00
0.30 6.11 -0.80 1.00 0.00
0.30 6.11 -0.63 1.00 0.00
0.30 6.11 -0.45 1.00 0.00
0.30 6.11 -0.28 1.00 0.00
0.30 6.11 -0.11 1.00 0.00
0.30 6.11 0.07 1.00 0.00
0.30 6.11 0.24 1.00 0.00
0.30 6.11 0.42 1.00 0.00
0.30 6.11 0.59 1.00 0.00
0.30 6.11 0.77 1.00 0.00
0.30 6.11 0.94 1.00 0.00
0.30 6.11 1.12 1.00 0.00
0.30 6.11 1.29 1.00 0.00
0.30 6.11 1.47 1.00 0.00
0.30 6.11 1.64 1.00 0.00
0.30 6.11 1.81 1.00 0.00
0.30 6.11 1.99 1.00 0.00
0.50 6.11 -0.96 1.00 0.00
0.50 6.11 -0.79 1.00 0.00
0.50 6.11 -0.61 1.00 0.00
0.50 6.11 -0.44 1.00 0.00
0.50 6.11 -0.26 1.00 0.00
0.50 6.11 -0.09 1.00 0.00
0.50 6.11 0.09 1.00 0.00
0.50 6.11 0.26 1.00 0.00
0.50 6.11 0.44 1.00 0.00
0.50 6.11 0.61 1.00 0.00
0.50 6.11 0.78 1.00 0.00
0.50 6.11 0.96 1.00 0.00
0.50 6.11 1.13 1.00 0.00
0.50 6.11 1.31 1.00 0.00
0.50 6.11 1.48 1.00 0.00
0.50 6.11 1.66 1.00 0.00
0.50 6.11 1.83 1.00 0.00
0.50 6.11 2.01 1.00 0.00
0.70 6.11 -0.94 1.00 0.00
0.70 6.11 -0.77 1.00 0.00
0.70 6.11 -0.59 1.00 0.00
0.70 6.11 -0.42 1.00 0.00
0.70 6.11 -0.25 1.00 0.00
0.70 6.11 -0.07 1.00 0.00
0.70 6.11 0.10 1.00 0.00
0.70 6.11 0.28 1.00 0.00
0.70 6.11 0.45 1.00 0.00
0.70 6.11 0.63 1.00 0.00
0.70 6.11 0.80 1.00 0.00
0.70 6.11 0.98 1.00 0.00
0.70 6.11 1.15 1.00 0.00
0.70 6.11 1.33 1.00 0.00
0.70 6.11 1.50 1.00 0.00
0.70 6.11 1.67 1.00 0.00
0.70 6.11 1.85 1.00 0.00
0.70 6.11 2.02 1.00 0.00
0.90 6.11 -0.92 1.00 0.00
0.90 6.11 -0.75 1.00 0.00
0.90 6.11 -0.57 1.00 0.00
0.90 6.11 -0.40 1.00 0.00
0.90 6.11 -0.23 1.00 0.00
0.90 6.11 -0.05 1.00 0.00
0.90 6.11 0.12 1.00 0.00
0.90 6.11 0.30 1.00 0.00
0.90 6.11 0.47 1.00 0.00
0.90 6.11 0.65 1.00 0.00
0.90 6.11 0.82 1.00 0.00
0.90 6.11 1.00 1.00 0.00
0.90 6.11 1.17 1.00 0.00
0.90 6.11 1.34 1.00 0.00
0.90 6.11 1.52 1.00 0.00
0.90 6.11 1.69 1.00 0.00
0.90 6.11 1.87 1.00 0.00
0.90 6.11 2.04 1.00 0.00
1.10 6.11 -0.90 1.00 0.00
1.10 6.11 -0.73 1.00 0.00
1.10 6.11 -0.55 1.00 0.00
1.10 6.11 -0.38 1.00 0.00
1.10 6.11 -0.20 1.00 0.00
1.10 6.11 -0.03 1.00 0.00
1.10 6.11 0.14 1.00 0.00
1.10 6.11 0.32 1.00 0.00
1.10 6.11 0.49 1.00 0.00
1.10 6.11 0.67 1.00 0.00
1.10 6.11 0.84 1.00 0.00
1.10 6.11 1.02 1.00 0.00
1.10 6.11 1.19 1.00 0.00
1.10 6.11 1.37 1.00 0.00
1.10 6.11 1.54 1.00 0.00
1.10 6.11 1.71 1.00 0.00
1.10 6.11 1.89 1.00 0.00
1.10 6.11 2.06 1.00 0.00
