0.30 0.00 -1.02 1.00 0.00
0.30 0.00 -0.85 1.00 0.00
0.30 0.00 -0.67 1.00 0.00
0.30 0.00 -0.50 1.00 0.00
0.30 0.00 -0.32 1.00 0.00
0.30 0.00 -0.15 1.00 0.00
0.30 0.00 0.03 1.00 0.00
0.30 0.00 0.20 1.00 0.00
0.30 0.00 0.37 1.00 0.00
0.30 0.00 0.55 1.00 0.00
0.30 0.00 0.72 1.00 0.00
0.30 0.00 0.90 1.00 0.00
0.30 0.00 1.07 1.00 0.00
0.30 0.00 1.25 1.00 0.00
0.30 0.00 1.42 1.00 0.00
0.30 0.00 1.60 1.00 0.00
0.30 0.00 1.77 1.00 0.00
0.30 0.00 1.95 1.00 0.00
0.50 0.00 -1.00 1.00 0.00
0.50 0.00 -0.83 1.00 0.00
0.50 0.00 -0.65 1.00 0.00
0.50 0.00 -0.48 1.00 0.00
0.50 0.00 -0.30 1.00 0.00
0.50 0.00 -0.13 1.00 0.00
0.50 0.00 0.05 1.00 0.00
0.50 0.00 0.22 1.00 0.00
0.50 0.00 0.40 1.00 0.00
0.50 0.00 0.57 1.00 0.00
0.50 0.00 0.75 1.00 0.00
0.50 0.00 0.92 1.00 0.00
0.50 0.00 1.09 1.00 0.00
0.50 0.00 1.27 1.00 0.00
0.50 0.00 1.44 1.00 0.00
0.50 0.00 1.62 1.00 0.00
0.50 0.00 1.79 1.00 0.00
0.50 0.00 1.97 1.00 0.00
0.70 0.00 -0.98 1.00 0.00
0.70 0.00 -0.80 1.00 0.00
0.70 0.00 -0.63 1.00 0.00
0.70 0.00 -0.45 1.00 0.00
0.70 0.00 -0.28 1.00 0.00
0.70 0.00 -0.10 1.00 0.00
0.70 0.00 0.07 1.00 0.00
0.70 0.00 0.24 1.00 0.00
0.70 0.00 0.42 1.00 0.00
0.70 0.00 0.59 1.00 0.00
0.70 0.00 0.77 1.00 0.00
0.70 0.00 0.94 1.00 0.00
0.70 0.00 1.12 1.00 0.00
0.70 0.00 1.29 1.00 0.00
0.70 0.00 1.47 1.00 0.00
0.70 0.00 1.64 1.00 0.00
0.70 0.00 1.82 1.00 0.00
0.70 0.00 1.99 1.00 0.00
0.90 0.00 -0.95 1.00 0.00
0.90 0.00 -0.78 1.00 0.00
0.90 0.00 -0.60 1.00 0.00
0.90 0.00 -0.43 1.00 0.00
0.90 0.00 -0.25 1.00 0.00
0.90 0.00 -0.08 1.00 0.00
0.90 0.00 0.09 1.00 0.00
0.90 0.00 0.27 1.00 0.00
0.90 0.00 0.44 1.00 0.00
0.90 0.00 0.62 1.00 0.00
0.90 0.00 0.79 1.00 0.00
0.90 0.00 0.97 1.00 0.00
0.90 0.00 1.14 1.00 0.00
0.90 0.00 1.32 1.00 0.00
0.90 0.00 1.49 1.00 0.00
0.90 0.00 1.67 1.00 0.00
0.90 0.00 1.84 1.00 0.00
0.90 0.00 2.01 1.00 0.00
1.10 0.00 -0.93 1.00 0.00
1.10 0.00 -0.75 1.00 0.00
1.10 0.00 -0.58 1.00 0.00
1.10 0.00 -0.40 1.00 0.00
1.10 0.00 -0.23 1.00 0.00
1.10 0.00 -0.05 1.00 0.00
1.10 0.00 0.12 1.00 0.00
1.10 0.00 0.29 1.00 0.00
1.10 0.00 0.47 1.00 0.00
1.10 0.00 0.64 1.00 0.00
1.10 0.00 0.82 1.00 0.00
1.10 0.00 0.99 1.00 0.00
1.10 0.00 1.17 1.00 0.00
1.10 0.00 1.34 1.00 0.00
1.10 0.00 1.52 1.00 0.00
1.10 0.00 1.69 1.00 0.00
1.10 0.00 1.87 1.00 0.00
1.10 0.00 2.04 1.00 0.00
0.30 0.17 -1.01 1.00 0.00
0.30 0.17 -0.84 1.00 0.00
0.30 0.17 -0.66 1.00 0.00
0.30 0.17 -0.49 1.00 0.00
0.30 0.17 -0.31 1.00 0.00
0.30 0.17 -0.14 1.00 0.00
0.30 0.17 0.03 1.00 0.00
0.30 0.17 0.21 1.00 0.00
0.30 0.17 0.38 1.00 0.00
0.30 0.17 0.56 1.00 0.00
0.30 0.17 0.73 1.00 0.00
0.30 0.17 0.91 1.00 0.00
0.30 0.17 1.08 1.00 0.00
0.30 0.17 1.26 1.00 0.00
0.30 0.17 1.43 1.00 0.00
0.30 0.17 1.60 1.00 0.00
0.30 0.17 1.78 1.00 0.00
0.30 0.17 1.95 1.00 0.00
0.50 0.17 -0.99 1.00 0.00
0.50 0.17 -0.81 1.00 0.00
0.50 0.17 -0.64 1.00 0.00
0.50 0.17 -0.46 1.00 0.00
0.50 0.17 -0.29 1.00 0.00
0.50 0.17 -0.11 1.00 0.00
0.50 0.17 0.06 1.00 0.00
0.50 0.17 0.24 1.00 0.00
0.50 0.17 0.41 1.00 0.00
0.50 0.17 0.58 1.00 0.00
0.50 0.17 0.76 1.00 0.00
0.50 0.17 0.93 1.00 0.00
0.50 0.17 1.11 1.00 0.00
0.50 0.17 1.28 1.00 0.00
0.50 0.17 1.46 1.00 0.00
0.50 0.17 1.63 1.00 0.00
0.50 0.17 1.81 1.00 0.00
0.50 0.17 1.98 1.00 0.00
0.70 0.17 -0.96 1.00 0.00
0.70 0.17 -0.78 1.00 0.00
0.70 0.17 -0.61 1.00 0.00
0.70 0.17 -0.43 1.00 0.00
0.70 0.17 -0.26 1.00 0.00
0.70 0.17 -0.09 1.00 0.00
0.70 0.17 0.09 1.00 0.00
0.70 0.17 0.26 1.00 0.00
0.70 0.17 0.44 1.00 0.00
0.70 0.17 0.61 1.00 0.00
0.70 0.17 0.79 1.00 0.00
0.70 0.17 0.96 1.00 0.00
0.70 0.17 1.14 1.00 0.00
0.70 0.17 1.31 1.00 0.00
0.70 0.17 1.49 1.00 0.00
0.70 0.17 1.66 1.00 0.00
0.70 0.17 1.83 1.00 0.00
0.70 0.17 2.01 1.00 0.00
0.90 0.17 -0.93 1.00 0.00
0.90 0.17 -0.75 1.00 0.00
0.90 0.17 -0.58 1.00 0.00
0.90 0.17 -0.40 1.00 0.00
0.90 0.17 -0.23 1.00 0.00
0.90 0.17 -0.05 1.00 0.00
0.90 0.17 0.12 1.00 0.00
0.90 0.17 0.29 1.00 0.00
0.90 0.17 0.47 1.00 0.00
0.90 0.17 0.64 1.00 0.00
0.90 0.17 0.82 1.00 0.00
0.90 0.17 0.99 1.00 0.00
0.90 0.17 1.17 1.00 0.00
0.90 0.17 1.34 1.00 0.00
0.90 0.17 1.52 1.00 0.00
0.90 0.17 1.69 1.00 0.00
0.90 0.17 1.87 1.00 0.00
0.90 0.17 2.04 1.00 0.00
1.10 0.17 -0.90 1.00 0.00
1.10 0.17 -0.72 1.00 0.00
1.10 0.17 -0.55 1.00 0.00
1.10 0.17 -0.37 1.00 0.00
1.10 0.17 -0.20 1.00 0.00
1.10 0.17 -0.02 1.00 0.00
1.10 0.17 0.15 1.00 0.00
1.10 0.17 0.33 1.00 0.00
1.10 0.17 0.50 1.00 0.00
1.10 0.17 0.68 1.00 0.00
1.10 0.17 0.85 1.00 0.00
1.10 0.17 1.02 1.00 0.00
1.10 0.17 1.20 1.00 0.00
1.10 0.17 1.37 1.00 0.00
1.10 0.17 1.55 1.00 0.00
1.10 0.17 1.72 1.00 0.00
1.10 0.17 1.90 1.00 0.00
1.10 0.17 2.07 1.00 0.00
0.30 0.35 -1.01 1.00 0.00
0.30 0.35 -0.83 1.00 0.00
0.30 0.35 -0.66 1.00 0.00
0.30 0.35 -0.48 1.00 0.00
0.30 0.35 -0.31 1.00 0.00
0.30 0.35 -0.13 1.00 0.00
0.30 0.35 0.04 1.00 0.00
0.30 0.35 0.22 1.00 0.00
0.30 0.35 0.39 1.00 0.00
0.30 0.35 0.56 1.00 0.00
0.30 0.35 0.74 1.00 0.00
0.30 0.35 0.91 1.00 0.00
0.30 0.35 1.09 1.00 0.00
0.30 0.35 1.26 1.00 0.00
0.30 0.35 1.44 1.00 0.00
0.30 0.35 1.61 1.00 0.00
0.30 0.35 1.79 1.00 0.00
0.30 0.35 1.96 1.00 0.00
0.50 0.35 -0.97 1.00 0.00
0.50 0.35 -0.80 1.00 0.00
0.50 0.35 -0.63 1.00 0.00
0.50 0.35 -0.45 1.00 0.00
0.50 0.35 -0.28 1.00 0.00
0.50 0.35 -0.10 1.00 0.00
0.50 0.35 0.07 1.00 0.00
0.50 0.35 0.25 1.00 0.00
0.50 0.35 0.42 1.00 0.00
0.50 0.35 0.60 1.00 0.00
0.50 0.35 0.77 1.00 0.00
0.50 0.35 0.95 1.00 0.00
0.50 0.35 1.12 1.00 0.00
0.50 0.35 1.29 1.00 0.00
0.50 0.35 1.47 1.00 0.00
0.50 0.35 1.64 1.00 0.00
0.50 0.35 1.82 1.00 0.00
0.50 0.35 1.99 1.00 0.00
0.70 0.35 -0.94 1.00 0.00
0.70 0.35 -0.77 1.00 0.00
0.70 0.35 -0.59 1.00 0.00
0.70 0.35 -0.42 1.00 0.00
0.70 0.35 -0.24 1.00 0.00
0.70 0.35 -0.07 1.00 0.00
0.70 0.35 0.11 1.00 0.00
0.70 0.35 0.28 1.00 0.00
0.70 0.35 0.45 1.00 0.00
0.70 0.35 0.63 1.00 0.00
0.70 0.35 0.80 1.00 0.00
0.70 0.35 0.98 1.00 0.00
0.70 0.35 1.15 1.00 0.00
0.70 0.35 1.33 1.00 0.00
0.70 0.35 1.50 1.00 0.00
0.70 0.35 1.68 1.00 0.00
0.70 0.35 1.85 1.00 0.00
0.70 0.35 2.03 1.00 0.00
0.90 0.35 -0.91 1.00 0.00
0.90 0.35 -0.73 1.00 0.00
0.90 0.35 -0.56 1.00 0.00
0.90 0.35 -0.38 1.00 0.00
0.90 0.35 -0.21 1.00 0.00
0.90 0.35 -0.03 1.00 0.00
0.90 0.35 0.14 1.00 0.00
0.90 0.35 0.31 1.00 0.00
0.90 0.35 0.49 1.00 0.00
0.90 0.35 0.66 1.00 0.00
0.90 0.35 0.84 1.00 0.00
0.90 0.35 1.01 1.00 0.00
0.90 0.35 1.19 1.00 0.00
0.90 0.35 1.36 1.00 0.00
0.90 0.35 1.54 1.00 0.00
0.90 0.35 1.71 1.00 0.00
0.90 0.35 1.89 1.00 0.00
0.90 0.35 2.06 1.00 0.00
1.10 0.35 -0.87 1.00 0.00
1.10 0.35 -0.70 1.00 0.00
1.10 0.35 -0.52 1.00 0.00
1.10 0.35 -0.35 1.00 0.00
1.10 0.35 -0.17 1.00 0.00
1.10 0.35 0.00 1.00 0.00
1.10 0.35 0.18 1.00 0.00
1.10 0.35 0.35 1.00 0.00
1.10 0.35 0.52 1.00 0.00
1.10 0.35 0.70 1.00 0.00
1.10 0.35 0.87 1.00 0.00
1.10 0.35 1.05 1.00 0.00
1.10 0.35 1.22 1.00 0.00
1.10 0.35 1.40 1.00 0.00
1.10 0.35 1.57 1.00 0.00
1.10 0.35 1.75 1.00 0.00
1.10 0.35 1.92 1.00 0.00
1.10 0.35 2.10 1.00 0.00
0.30 0.52 -1.00 1.00 0.00
0.30 0.52 -0.83 1.00 0.00
0.30 0.52 -0.65 1.00 0.00
0.30 0.52 -0.48 1.00 0.00
0.30 0.52 -0.30 1.00 0.00
0.30 0.52 -0.13 1.00 0.00
0.30 0.52 0.05 1.00 0.00
0.30 0.52 0.22 1.00 0.00
0.30 0.52 0.40 1.00 0.00
0.30 0.52 0.57 1.00 0.00
0.30 0.52 0.74 1.00 0.00
0.30 0.52 0.92 1.00 0.00
0.30 0.52 1.09 1.00 0.00
0.30 0.52 1.27 1.00 0.00
0.30 0.52 1.44 1.00 0.00
0.30 0.52 1.62 1.00 0.00
0.30 0.52 1.79 1.00 0.00
0.30 0.52 1.97 1.00 0.00
0.50 0.52 -0.97 1.00 0.00
0.50 0.52 -0.79 1.00 0.00
0.50 0.52 -0.62 1.00 0.00
0.50 0.52 -0.44 1.00 0.00
0.50 0.52 -0.27 1.00 0.00
0.50 0.52 -0.09 1.00 0.00
0.50 0.52 0.08 1.00 0.00
0.50 0.52 0.26 1.00 0.00
0.50 0.52 0.43 1.00 0.00
0.50 0.52 0.60 1.00 0.00
0.50 0.52 0.78 1.00 0.00
0.50 0.52 0.95 1.00 0.00
0.50 0.52 1.13 1.00 0.00
0.50 0.52 1.30 1.00 0.00
0.50 0.52 1.48 1.00 0.00
0.50 0.52 1.65 1.00 0.00
0.50 0.52 1.83 1.00 0.00
0.50 0.52 2.00 1.00 0.00
0.70 0.52 -0.93 1.00 0.00
0.70 0.52 -0.76 1.00 0.00
0.70 0.52 -0.58 1.00 0.00
0.70 0.52 -0.41 1.00 0.00
0.70 0.52 -0.23 1.00 0.00
0.70 0.52 -0.06 1.00 0.00
0.70 0.52 0.12 1.00 0.00
0.70 0.52 0.29 1.00 0.00
0.70 0.52 0.47 1.00 0.00
0.70 0.52 0.64 1.00 0.00
0.70 0.52 0.82 1.00 0.00
0.70 0.52 0.99 1.00 0.00
0.70 0.52 1.16 1.00 0.00
0.70 0.52 1.34 1.00 0.00
0.70 0.52 1.51 1.00 0.00
0.70 0.52 1.69 1.00 0.00
0.70 0.52 1.86 1.00 0.00
0.70 0.52 2.04 1.00 0.00
0.90 0.52 -0.89 1.00 0.00
0.90 0.52 -0.72 1.00 0.00
0.90 0.52 -0.54 1.00 0.00
0.90 0.52 -0.37 1.00 0.00
0.90 0.52 -0.19 1.00 0.00
0.90 0.52 -0.02 1.00 0.00
0.90 0.52 0.15 1.00 0.00
0.90 0.52 0.33 1.00 0.00
0.90 0.52 0.50 1.00 0.00
0.90 0.52 0.68 1.00 0.00
0.90 0.52 0.85 1.00 0.00
0.90 0.52 1.03 1.00 0.00
0.90 0.52 1.20 1.00 0.00
0.90 0.52 1.38 1.00 0.00
0.90 0.52 1.55 1.00 0.00
0.90 0.52 1.72 1.00 0.00
0.90 0.52 1.90 1.00 0.00
0.90 0.52 2.07 1.00 0.00
1.10 0.52 -0.85 1.00 0.00
1.10 0.52 -0.68 1.00 0.00
1.10 0.52 -0.51 1.00 0.00
1.10 0.52 -0.33 1.00 0.00
1.10 0.52 -0.16 1.00 0.00
1.10 0.52 0.02 1.00 0.00
1.10 0.52 0.19 1.00 0.00
1.10 0.52 0.37 1.00 0.00
1.10 0.52 0.54 1.00 0.00
1.10 0.52 0.72 1.00 0.00
1.10 0.52 0.89 1.00 0.00
1.10 0.52 1.07 1.00 0.00
1.10 0.52 1.24 1.00 0.00
1.10 0.52 1.41 1.00 0.00
1.10 0.52 1.59 1.00 0.00
1.10 0.52 1.76 1.00 0.00
1.10 0.52 1.94 1.00 0.00
1.10 0.52 2.11 1.00 0.00
0.30 0.70 -1.00 1.00 0.00
0.30 0.70 -0.82 1.00 0.00
0.30 0.70 -0.65 1.00 0.00
0.30 0.70 -0.47 1.00 0.00
0.30 0.70 -0.30 1.00 0.00
0.30 0.70 -0.12 1.00 0.00
0.30 0.70 0.05 1.00 0.00
0.30 0.70 0.22 1.00 0.00
0.30 0.70 0.40 1.00 0.00
0.30 0.70 0.57 1.00 0.00
0.30 0.70 0.75 1.00 0.00
0.30 0.70 0.92 1.00 0.00
0.30 0.70 1.10 1.00 0.00
0.30 0.70 1.27 1.00 0.00
0.30 0.70 1.45 1.00 0.00
0.30 0.70 1.62 1.00 0.00
0.30 0.70 1.80 1.00 0.00
0.30 0.70 1.97 1.00 0.00
0.50 0.70 -0.96 1.00 0.00
0.50 0.70 -0.79 1.00 0.00
0.50 0.70 -0.61 1.00 0.00
0.50 0.70 -0.44 1.00 0.00
0.50 0.70 -0.26 1.00 0.00
0.50 0.70 -0.09 1.00 0.00
0.50 0.70 0.09 1.00 0.00
0.50 0.70 0.26 1.00 0.00
0.50 0.70 0.44 1.00 0.00
0.50 0.70 0.61 1.00 0.00
0.50 0.70 0.79 1.00 0.00
0.50 0.70 0.96 1.00 0.00
0.50 0.70 1.13 1.00 0.00
0.50 0.70 1.31 1.00 0.00
0.50 0.70 1.48 1.00 0.00
0.50 0.70 1.66 1.00 0.00
0.50 0.70 1.83 1.00 0.00
0.50 0.70 2.01 1.00 0.00
0.70 0.70 -0.92 1.00 0.00
0.70 0.70 -0.75 1.00 0.00
0.70 0.70 -0.57 1.00 0.00
0.70 0.70 -0.40 1.00 0.00
0.70 0.70 -0.22 1.00 0.00
0.70 0.70 -0.05 1.00 0.00
0.70 0.70 0.12 1.00 0.00
0.70 0.70 0.30 1.00 0.00
0.70 0.70 0.47 1.00 0.00
0.70 0.70 0.65 1.00 0.00
0.70 0.70 0.82 1.00 0.00
0.70 0.70 1.00 1.00 0.00
0.70 0.70 1.17 1.00 0.00
0.70 0.70 1.35 1.00 0.00
0.70 0.70 1.52 1.00 0.00
0.70 0.70 1.70 1.00 0.00
0.70 0.70 1.87 1.00 0.00
0.70 0.70 2.04 1.00 0.00
0.90 0.70 -0.88 1.00 0.00
0.90 0.70 -0.71 1.00 0.00
0.90 0.70 -0.54 1.00 0.00
0.90 0.70 -0.36 1.00 0.00
0.90 0.70 -0.19 1.00 0.00
0.90 0.70 -0.01 1.00 0.00
0.90 0.70 0.16 1.00 0.00
0.90 0.70 0.34 1.00 0.00
0.90 0.70 0.51 1.00 0.00
0.90 0.70 0.69 1.00 0.00
0.90 0.70 0.86 1.00 0.00
0.90 0.70 1.04 1.00 0.00
0.90 0.70 1.21 1.00 0.00
0.90 0.70 1.38 1.00 0.00
0.90 0.70 1.56 1.00 0.00
0.90 0.70 1.73 1.00 0.00
0.90 0.70 1.91 1.00 0.00
0.90 0.70 2.08 1.00 0.00
1.10 0.70 -0.85 1.00 0.00
1.10 0.70 -0.67 1.00 0.00
1.10 0.70 -0.50 1.00 0.00
1.10 0.70 -0.32 1.00 0.00
1.10 0.70 -0.15 1.00 0.00
1.10 0.70 0.03 1.00 0.00
1.10 0.70 0.20 1.00 0.00
1.10 0.70 0.38 1.00 0.00
1.10 0.70 0.55 1.00 0.00
1.10 0.70 0.73 1.00 0.00
1.10 0.70 0.90 1.00 0.00
1.10 0.70 1.07 1.00 0.00
1.10 0.70 1.25 1.00 0.00
1.10 0.70 1.42 1.00 0.00
1.10 0.70 1.60 1.00 0.00
1.10 0.70 1.77 1.00 0.00
1.10 0.70 1.95 1.00 0.00
1.10 0.70 2.12 1.00 0.00
0.30 0.87 -0.99 1.00 0.00
0.30 0.87 -0.82 1.00 0.00
0.30 0.87 -0.65 1.00 0.00
0.30 0.87 -0.47 1.00 0.00
0.30 0.87 -0.30 1.00 0.00
0.30 0.87 -0.12 1.00 0.00
0.30 0.87 0.05 1.00 0.00
0.30 0.87 0.23 1.00 0.00
0.30 0.87 0.40 1.00 0.00
0.30 0.87 0.58 1.00 0.00
0.30 0.87 0.75 1.00 0.00
0.30 0.87 0.92 1.00 0.00
0.30 0.87 1.10 1.00 0.00
0.30 0.87 1.27 1.00 0.00
0.30 0.87 1.45 1.00 0.00
0.30 0.87 1.62 1.00 0.00
0.30 0.87 1.80 1.00 0.00
0.30 0.87 1.97 1.00 0.00
0.50 0.87 -0.96 1.00 0.00
0.50 0.87 -0.78 1.00 0.00
0.50 0.87 -0.61 1.00 0.00
0.50 0.87 -0.43 1.00 0.00
0.50 0.87 -0.26 1.00 0.00
0.50 0.87 -0.08 1.00 0.00
0.50 0.87 0.09 1.00 0.00
0.50 0.87 0.26 1.00 0.00
0.50 0.87 0.44 1.00 0.00
0.50 0.87 0.61 1.00 0.00
0.50 0.87 0.79 1.00 0.00
0.50 0.87 0.96 1.00 0.00
0.50 0.87 1.14 1.00 0.00
0.50 0.87 1.31 1.00 0.00
0.50 0.87 1.49 1.00 0.00
0.50 0.87 1.66 1.00 0.00
0.50 0.87 1.84 1.00 0.00
0.50 0.87 2.01 1.00 0.00
0.70 0.87 -0.92 1.00 0.00
0.70 0.87 -0.74 1.00 0.00
0.70 0.87 -0.57 1.00 0.00
0.70 0.87 -0.40 1.00 0.00
0.70 0.87 -0.22 1.00 0.00
0.70 0.87 -0.05 1.00 0.00
0.70 0.87 0.13 1.00 0.00
0.70 0.87 0.30 1.00 0.00
0.70 0.87 0.48 1.00 0.00
0.70 0.87 0.65 1.00 0.00
0.70 0.87 0.83 1.00 0.00
0.70 0.87 1.00 1.00 0.00
0.70 0.87 1.17 1.00 0.00
0.70 0.87 1.35 1.00 0.00
0.70 0.87 1.52 1.00 0.00
0.70 0.87 1.70 1.00 0.00
0.70 0.87 1.87 1.00 0.00
0.70 0.87 2.05 1.00 0.00
0.90 0.87 -0.88 1.00 0.00
0.90 0.87 -0.71 1.00 0.00
0.90 0.87 -0.53 1.00 0.00
0.90 0.87 -0.36 1.00 0.00
0.90 0.87 -0.18 1.00 0.00
0.90 0.87 -0.01 1.00 0.00
0.90 0.87 0.17 1.00 0.00
0.90 0.87 0.34 1.00 0.00
0.90 0.87 0.51 1.00 0.00
0.90 0.87 0.69 1.00 0.00
0.90 0.87 0.86 1.00 0.00
0.90 0.87 1.04 1.00 0.00
0.90 0.87 1.21 1.00 0.00
0.90 0.87 1.39 1.00 0.00
0.90 0.87 1.56 1.00 0.00
0.90 0.87 1.74 1.00 0.00
0.90 0.87 1.91 1.00 0.00
0.90 0.87 2.09 1.00 0.00
1.10 0.87 -0.84 1.00 0.00
1.10 0.87 -0.67 1.00 0.00
1.10 0.87 -0.49 1.00 0.00
1.10 0.87 -0.32 1.00 0.00
1.10 0.87 -0.15 1.00 0.00
1.10 0.87 0.03 1.00 0.00
1.10 0.87 0.20 1.00 0.00
1.10 0.87 0.38 1.00 0.00
1.10 0.87 0.55 1.00 0.00
1.10 0.87 0.73 1.00 0.00
1.10 0.87 0.90 1.00 0.00
1.10 0.87 1.08 1.00 0.00
1.10 0.87 1.25 1.00 0.00
1.10 0.87 1.43 1.00 0.00
1.10 0.87 1.60 1.00 0.00
1.10 0.87 1.77 1.00 0.00
1.10 0.87 1.95 1.00 0.00
1.10 0.87 2.12 1.00 0.00
0.30 1.05 -0.99 1.00 0.00
0.30 1.05 -0.82 1.00 0.00
0.30 1.05 -0.65 1.00 0.00
0.30 1.05 -0.47 1.00 0.00
0.30 1.05 -0.30 1.00 0.00
0.30 1.05 -0.12 1.00 0.00
0.30 1.05 0.05 1.00 0.00
0.30 1.05 0.23 1.00 0.00
0.30 1.05 0.40 1.00 0.00
0.30 1.05 0.58 1.00 0.00
0.30 1.05 0.75 1.00 0.00
0.30 1.05 0.93 1.00 0.00
0.30 1.05 1.10 1.00 0.00
0.30 1.05 1.27 1.00 0.00
0.30 1.05 1.45 1.00 0.00
0.30 1.05 1.62 1.00 0.00
0.30 1.05 1.80 1.00 0.00
0.30 1.05 1.97 1.00 0.00
0.50 1.05 -0.96 1.00 0.00
0.50 1.05 -0.78 1.00 0.00
0.50 1.05 -0.61 1.00 0.00
0.50 1.05 -0.43 1.00 0.00
0.50 1.05 -0.26 1.00 0.00
0.50 1.05 -0.08 1.00 0.00
0.50 1.05 0.09 1.00 0.00
0.50 1.05 0.26 1.00 0.00
0.50 1.05 0.44 1.00 0.00
0.50 1.05 0.61 1.00 0.00
0.50 1.05 0.79 1.00 0.00
0.50 1.05 0.96 1.00 0.00
0.50 1.05 1.14 1.00 0.00
0.50 1.05 1.31 1.00 0.00
0.50 1.05 1.49 1.00 0.00
0.50 1.05 1.66 1.00 0.00
0.50 1.05 1.84 1.00 0.00
0.50 1.05 2.01 1.00 0.00
0.70 1.05 -0.92 1.00 0.00
0.70 1.05 -0.75 1.00 0.00
0.70 1.05 -0.57 1.00 0.00
0.70 1.05 -0.40 1.00 0.00
0.70 1.05 -0.22 1.00 0.00
0.70 1.05 -0.05 1.00 0.00
0.70 1.05 0.13 1.00 0.00
0.70 1.05 0.30 1.00 0.00
0.70 1.05 0.48 1.00 0.00
0.70 1.05 0.65 1.00 0.00
0.70 1.05 0.82 1.00 0.00
0.70 1.05 1.00 1.00 0.00
0.70 1.05 1.17 1.00 0.00
0.70 1.05 1.35 1.00 0.00
0.70 1.05 1.52 1.00 0.00
0.70 1.05 1.70 1.00 0.00
0.70 1.05 1.87 1.00 0.00
0.70 1.05 2.05 1.00 0.00
0.90 1.05 -0.88 1.00 0.00
0.90 1.05 -0.71 1.00 0.00
0.90 1.05 -0.53 1.00 0.00
0.90 1.05 -0.36 1.00 0.00
0.90 1.05 -0.19 1.00 0.00
0.90 1.05 -0.01 1.00 0.00
0.90 1.05 0.16 1.00 0.00
0.90 1.05 0.34 1.00 0.00
0.90 1.05 0.51 1.00 0.00
0.90 1.05 0.69 1.00 0.00
0.90 1.05 0.86 1.00 0.00
0.90 1.05 1.04 1.00 0.00
0.90 1.05 1.21 1.00 0.00
0.90 1.05 1.39 1.00 0.00
0.90 1.05 1.56 1.00 0.00
0.90 1.05 1.73 1.00 0.00
0.90 1.05 1.91 1.00 0.00
0.90 1.05 2.08 1.00 0.00
1.10 1.05 -0.85 1.00 0.00
1.10 1.05 -0.67 1.00 0.00
1.10 1.05 -0.50 1.00 0.00
1.10 1.05 -0.32 1.00 0.00
1.10 1.05 -0.15 1.00 0.00
1.10 1.05 0.03 1.00 0.00
1.10 1.05 0.20 1.00 0.00
1.10 1.05 0.37 1.00 0.00
1.10 1.05 0.55 1.00 0.00
1.10 1.05 0.72 1.00 0.00
1.10 1.05 0.90 1.00 0.00
1.10 1.05 1.07 1.00 0.00
1.10 1.05 1.25 1.00 0.00
1.10 1.05 1.42 1.00 0.00
1.10 1.05 1.60 1.00 0.00
1.10 1.05 1.77 1.00 0.00
1.10 1.05 1.94 1.00 0.00
1.10 1.05 2.12 1.00 0.00
0.30 1.22 -1.00 1.00 0.00
0.30 1.22 -0.82 1.00 0.00
0.30 1.22 -0.65 1.00 0.00
0.30 1.22 -0.47 1.00 0.00
0.30 1.22 -0.30 1.00 0.00
0.30 1.22 -0.12 1.00 0.00
0.30 1.22 0.05 1.00 0.00
0.30 1.22 0.23 1.00 0.00
0.30 1.22 0.40 1.00 0.00
0.30 1.22 0.57 1.00 0.00
0.30 1.22 0.75 1.00 0.00
0.30 1.22 0.92 1.00 0.00
0.30 1.22 1.10 1.00 0.00
0.30 1.22 1.27 1.00 0.00
0.30 1.22 1.45 1.00 0.00
0.30 1.22 1.62 1.00 0.00
0.30 1.22 1.80 1.00 0.00
0.30 1.22 1.97 1.00 0.00
0.50 1.22 -0.96 1.00 0.00
0.50 1.22 -0.79 1.00 0.00
0.50 1.22 -0.61 1.00 0.00
0.50 1.22 -0.44 1.00 0.00
0.50 1.22 -0.26 1.00 0.00
0.50 1.22 -0.09 1.00 0.00
0.50 1.22 0.09 1.00 0.00
0.50 1.22 0.26 1.00 0.00
0.50 1.22 0.44 1.00 0.00
0.50 1.22 0.61 1.00 0.00
0.50 1.22 0.79 1.00 0.00
0.50 1.22 0.96 1.00 0.00
0.50 1.22 1.13 1.00 0.00
0.50 1.22 1.31 1.00 0.00
0.50 1.22 1.48 1.00 0.00
0.50 1.22 1.66 1.00 0.00
0.50 1.22 1.83 1.00 0.00
0.50 1.22 2.01 1.00 0.00
0.70 1.22 -0.93 1.00 0.00
0.70 1.22 -0.75 1.00 0.00
0.70 1.22 -0.58 1.00 0.00
0.70 1.22 -0.40 1.00 0.00
0.70 1.22 -0.23 1.00 0.00
0.70 1.22 -0.05 1.00 0.00
0.70 1.22 0.12 1.00 0.00
0.70 1.22 0.30 1.00 0.00
0.70 1.22 0.47 1.00 0.00
0.70 1.22 0.65 1.00 0.00
0.70 1.22 0.82 1.00 0.00
0.70 1.22 0.99 1.00 0.00
0.70 1.22 1.17 1.00 0.00
0.70 1.22 1.34 1.00 0.00
0.70 1.22 1.52 1.00 0.00
0.70 1.22 1.69 1.00 0.00
0.70 1.22 1.87 1.00 0.00
0.70 1.22 2.04 1.00 0.00
0.90 1.22 -0.89 1.00 0.00
0.90 1.22 -0.72 1.00 0.00
0.90 1.22 -0.54 1.00 0.00
0.90 1.22 -0.37 1.00 0.00
0.90 1.22 -0.19 1.00 0.00
0.90 1.22 -0.02 1.00 0.00
0.90 1.22 0.16 1.00 0.00
0.90 1.22 0.33 1.00 0.00
0.90 1.22 0.51 1.00 0.00
0.90 1.22 0.68 1.00 0.00
0.90 1.22 0.85 1.00 0.00
0.90 1.22 1.03 1.00 0.00
0.90 1.22 1.20 1.00 0.00
0.90 1.22 1.38 1.00 0.00
0.90 1.22 1.55 1.00 0.00
0.90 1.22 1.73 1.00 0.00
0.90 1.22 1.90 1.00 0.00
0.90 1.22 2.08 1.00 0.00
1.10 1.22 -0.86 1.00 0.00
1.10 1.22 -0.68 1.00 0.00
1.10 1.22 -0.51 1.00 0.00
1.10 1.22 -0.33 1.00 0.00
1.10 1.22 -0.16 1.00 0.00
1.10 1.22 0.02 1.00 0.00
1.10 1.22 0.19 1.00 0.00
1.10 1.22 0.36 1.00 0.00
1.10 1.22 0.54 1.00 0.00
1.10 1.22 0.71 1.00 0.00
1.10 1.22 0.89 1.00 0.00
1.10 1.22 1.06 1.00 0.00
1.10 1.22 1.24 1.00 0.00
1.10 1.22 1.41 1.00 0.00
1.10 1.22 1.59 1.00 0.00
1.10 1.22 1.76 1.00 0.00
1.10 1.22 1.94 1.00 0.00
1.10 1.22 2.11 1.00 0.00
0.30 1.40 -1.00 1.00 0.00
0.30 1.40 -0.82 1.00 0.00
0.30 1.40 -0.65 1.00 0.00
0.30 1.40 -0.48 1.00 0.00
0.30 1.40 -0.30 1.00 0.00
0.30 1.40 -0.13 1.00 0.00
0.30 1.40 0.05 1.00 0.00
0.30 1.40 0.22 1.00 0.00
0.30 1.40 0.40 1.00 0.00
0.30 1.40 0.57 1.00 0.00
0.30 1.40 0.75 1.00 0.00
0.30 1.40 0.92 1.00 0.00
0.30 1.40 1.10 1.00 0.00
0.30 1.40 1.27 1.00 0.00
0.30 1.40 1.44 1.00 0.00
0.30 1.40 1.62 1.00 0.00
0.30 1.40 1.79 1.00 0.00
0.30 1.40 1.97 1.00 0.00
0.50 1.40 -0.97 1.00 0.00
0.50 1.40 -0.79 1.00 0.00
0.50 1.40 -0.62 1.00 0.00
0.50 1.40 -0.44 1.00 0.00
0.50 1.40 -0.27 1.00 0.00
0.50 1.40 -0.09 1.00 0.00
0.50 1.40 0.08 1.00 0.00
0.50 1.40 0.26 1.00 0.00
0.50 1.40 0.43 1.00 0.00
0.50 1.40 0.61 1.00 0.00
0.50 1.40 0.78 1.00 0.00
0.50 1.40 0.95 1.00 0.00
0.50 1.40 1.13 1.00 0.00
0.50 1.40 1.30 1.00 0.00
0.50 1.40 1.48 1.00 0.00
0.50 1.40 1.65 1.00 0.00
0.50 1.40 1.83 1.00 0.00
0.50 1.40 2.00 1.00 0.00
0.70 1.40 -0.93 1.00 0.00
0.70 1.40 -0.76 1.00 0.00
0.70 1.40 -0.58 1.00 0.00
0.70 1.40 -0.41 1.00 0.00
0.70 1.40 -0.24 1.00 0.00
0.70 1.40 -0.06 1.00 0.00
0.70 1.40 0.11 1.00 0.00
0.70 1.40 0.29 1.00 0.00
0.70 1.40 0.46 1.00 0.00
0.70 1.40 0.64 1.00 0.00
0.70 1.40 0.81 1.00 0.00
0.70 1.40 0.99 1.00 0.00
0.70 1.40 1.16 1.00 0.00
0.70 1.40 1.34 1.00 0.00
0.70 1.40 1.51 1.00 0.00
0.70 1.40 1.68 1.00 0.00
0.70 1.40 1.86 1.00 0.00
0.70 1.40 2.03 1.00 0.00
0.90 1.40 -0.90 1.00 0.00
0.90 1.40 -0.73 1.00 0.00
0.90 1.40 -0.55 1.00 0.00
0.90 1.40 -0.38 1.00 0.00
0.90 1.40 -0.20 1.00 0.00
0.90 1.40 -0.03 1.00 0.00
0.90 1.40 0.15 1.00 0.00
0.90 1.40 0.32 1.00 0.00
0.90 1.40 0.49 1.00 0.00
0.90 1.40 0.67 1.00 0.00
0.90 1.40 0.84 1.00 0.00
0.90 1.40 1.02 1.00 0.00
0.90 1.40 1.19 1.00 0.00
0.90 1.40 1.37 1.00 0.00
0.90 1.40 1.54 1.00 0.00
0.90 1.40 1.72 1.00 0.00
0.90 1.40 1.89 1.00 0.00
0.90 1.40 2.07 1.00 0.00
1.10 1.40 -0.87 1.00 0.00
1.10 1.40 -0.70 1.00 0.00
1.10 1.40 -0.52 1.00 0.00
1.10 1.40 -0.35 1.00 0.00
1.10 1.40 -0.17 1.00 0.00
1.10 1.40 0.00 1.00 0.00
1.10 1.40 0.18 1.00 0.00
1.10 1.40 0.35 1.00 0.00
1.10 1.40 0.52 1.00 0.00
1.10 1.40 0.70 1.00 0.00
1.10 1.40 0.87 1.00 0.00
1.10 1.40 1.05 1.00 0.00
1.10 1.40 1.22 1.00 0.00
1.10 1.40 1.40 1.00 0.00
1.10 1.40 1.57 1.00 0.00
1.10 1.40 1.75 1.00 0.00
1.10 1.40 1.92 1.00 0.00
1.10 1.40 2.10 1.00 0.00
0.30 1.57 -1.00 1.00 0.00
0.30 1.57 -0.83 1.00 0.00
0.30 1.57 -0.65 1.00 0.00
0.30 1.57 -0.48 1.00 0.00
0.30 1.57 -0.31 1.00 0.00
0.30 1.57 -0.13 1.00 0.00
0.30 1.57 0.04 1.00 0.00
0.30 1.57 0.22 1.00 0.00
0.30 1.57 0.39 1.00 0.00
0.30 1.57 0.57 1.00 0.00
0.30 1.57 0.74 1.00 0.00
0.30 1.57 0.92 1.00 0.00
0.30 1.57 1.09 1.00 0.00
0.30 1.57 1.27 1.00 0.00
0.30 1.57 1.44 1.00 0.00
0.30 1.57 1.61 1.00 0.00
0.30 1.57 1.79 1.00 0.00
0.30 1.57 1.96 1.00 0.00
0.50 1.57 -0.97 1.00 0.00
0.50 1.57 -0.80 1.00 0.00
0.50 1.57 -0.62 1.00 0.00
0.50 1.57 -0.45 1.00 0.00
0.50 1.57 -0.28 1.00 0.00
0.50 1.57 -0.10 1.00 0.00
0.50 1.57 0.07 1.00 0.00
0.50 1.57 0.25 1.00 0.00
0.50 1.57 0.42 1.00 0.00
0.50 1.57 0.60 1.00 0.00
0.50 1.57 0.77 1.00 0.00
0.50 1.57 0.95 1.00 0.00
0.50 1.57 1.12 1.00 0.00
0.50 1.57 1.30 1.00 0.00
0.50 1.57 1.47 1.00 0.00
0.50 1.57 1.64 1.00 0.00
0.50 1.57 1.82 1.00 0.00
0.50 1.57 1.99 1.00 0.00
0.70 1.57 -0.94 1.00 0.00
0.70 1.57 -0.77 1.00 0.00
0.70 1.57 -0.60 1.00 0.00
0.70 1.57 -0.42 1.00 0.00
0.70 1.57 -0.25 1.00 0.00
0.70 1.57 -0.07 1.00 0.00
0.70 1.57 0.10 1.00 0.00
0.70 1.57 0.28 1.00 0.00
0.70 1.57 0.45 1.00 0.00
0.70 1.57 0.63 1.00 0.00
0.70 1.57 0.80 1.00 0.00
0.70 1.57 0.98 1.00 0.00
0.70 1.57 1.15 1.00 0.00
0.70 1.57 1.32 1.00 0.00
0.70 1.57 1.50 1.00 0.00
0.70 1.57 1.67 1.00 0.00
0.70 1.57 1.85 1.00 0.00
0.70 1.57 2.02 1.00 0.00
0.90 1.57 -0.92 1.00 0.00
0.90 1.57 -0.74 1.00 0.00
0.90 1.57 -0.57 1.00 0.00
0.90 1.57 -0.39 1.00 0.00
0.90 1.57 -0.22 1.00 0.00
0.90 1.57 -0.04 1.00 0.00
0.90 1.57 0.13 1.00 0.00
0.90 1.57 0.31 1.00 0.00
0.90 1.57 0.48 1.00 0.00
0.90 1.57 0.65 1.00 0.00
0.90 1.57 0.83 1.00 0.00
0.90 1.57 1.00 1.00 0.00
0.90 1.57 1.18 1.00 0.00
0.90 1.57 1.35 1.00 0.00
0.90 1.57 1.53 1.00 0.00
0.90 1.57 1.70 1.00 0.00
0.90 1.57 1.88 1.00 0.00
0.90 1.57 2.05 1.00 0.00
1.10 1.57 -0.89 1.00 0.00
1.10 1.57 -0.72 1.00 0.00
1.10 1.57 -0.54 1.00 0.00
1.10 1.57 -0.37 1.00 0.00
1.10 1.57 -0.19 1.00 0.00
1.10 1.57 -0.02 1.00 0.00
1.10 1.57 0.16 1.00 0.00
1.10 1.57 0.33 1.00 0.00
1.10 1.57 0.51 1.00 0.00
1.10 1.57 0.68 1.00 0.00
1.10 1.57 0.86 1.00 0.00
1.10 1.57 1.03 1.00 0.00
1.10 1.57 1.20 1.00 0.00
1.10 1.57 1.38 1.00 0.00
1.10 1.57 1.55 1.00 0.00
1.10 1.57 1.73 1.00 0.00
1.10 1.57 1.90 1.00 0.00
1.10 1.57 2.08 1.00 0.00
0.30 1.75 -1.01 1.00 0.00
0.30 1.75 -0.83 1.00 0.00
0.30 1.75 -0.66 1.00 0.00
0.30 1.75 -0.49 1.00 0.00
0.30 1.75 -0.31 1.00 0.00
0.30 1.75 -0.14 1.00 0.00
0.30 1.75 0.04 1.00 0.00
0.30 1.75 0.21 1.00 0.00
0.30 1.75 0.39 1.00 0.00
0.30 1.75 0.56 1.00 0.00
0.30 1.75 0.74 1.00 0.00
0.30 1.75 0.91 1.00 0.00
0.30 1.75 1.09 1.00 0.00
0.30 1.75 1.26 1.00 0.00
0.30 1.75 1.43 1.00 0.00
0.30 1.75 1.61 1.00 0.00
0.30 1.75 1.78 1.00 0.00
0.30 1.75 1.96 1.00 0.00
0.50 1.75 -0.98 1.00 0.00
0.50 1.75 -0.81 1.00 0.00
0.50 1.75 -0.63 1.00 0.00
0.50 1.75 -0.46 1.00 0.00
0.50 1.75 -0.28 1.00 0.00
0.50 1.75 -0.11 1.00 0.00
0.50 1.75 0.06 1.00 0.00
0.50 1.75 0.24 1.00 0.00
0.50 1.75 0.41 1.00 0.00
0.50 1.75 0.59 1.00 0.00
0.50 1.75 0.76 1.00 0.00
0.50 1.75 0.94 1.00 0.00
0.50 1.75 1.11 1.00 0.00
0.50 1.75 1.29 1.00 0.00
0.50 1.75 1.46 1.00 0.00
0.50 1.75 1.64 1.00 0.00
0.50 1.75 1.81 1.00 0.00
0.50 1.75 1.98 1.00 0.00
0.70 1.75 -0.96 1.00 0.00
0.70 1.75 -0.78 1.00 0.00
0.70 1.75 -0.61 1.00 0.00
0.70 1.75 -0.43 1.00 0.00
0.70 1.75 -0.26 1.00 0.00
0.70 1.75 -0.09 1.00 0.00
0.70 1.75 0.09 1.00 0.00
0.70 1.75 0.26 1.00 0.00
0.70 1.75 0.44 1.00 0.00
0.70 1.75 0.61 1.00 0.00
0.70 1.75 0.79 1.00 0.00
0.70 1.75 0.96 1.00 0.00
0.70 1.75 1.14 1.00 0.00
0.70 1.75 1.31 1.00 0.00
0.70 1.75 1.49 1.00 0.00
0.70 1.75 1.66 1.00 0.00
0.70 1.75 1.83 1.00 0.00
0.70 1.75 2.01 1.00 0.00
0.90 1.75 -0.93 1.00 0.00
0.90 1.75 -0.76 1.00 0.00
0.90 1.75 -0.59 1.00 0.00
0.90 1.75 -0.41 1.00 0.00
0.90 1.75 -0.24 1.00 0.00
0.90 1.75 -0.06 1.00 0.00
0.90 1.75 0.11 1.00 0.00
0.90 1.75 0.29 1.00 0.00
0.90 1.75 0.46 1.00 0.00
0.90 1.75 0.64 1.00 0.00
0.90 1.75 0.81 1.00 0.00
0.90 1.75 0.99 1.00 0.00
0.90 1.75 1.16 1.00 0.00
0.90 1.75 1.33 1.00 0.00
0.90 1.75 1.51 1.00 0.00
0.90 1.75 1.68 1.00 0.00
0.90 1.75 1.86 1.00 0.00
0.90 1.75 2.03 1.00 0.00
1.10 1.75 -0.91 1.00 0.00
1.10 1.75 -0.74 1.00 0.00
1.10 1.75 -0.56 1.00 0.00
1.10 1.75 -0.39 1.00 0.00
1.10 1.75 -0.21 1.00 0.00
1.10 1.75 -0.04 1.00 0.00
1.10 1.75 0.14 1.00 0.00
1.10 1.75 0.31 1.00 0.00
1.10 1.75 0.48 1.00 0.00
1.10 1.75 0.66 1.00 0.00
1.10 1.75 0.83 1.00 0.00
1.10 1.75 1.01 1.00 0.00
1.10 1.75 1.18 1.00 0.00
1.10 1.75 1.36 1.00 0.00
1.10 1.75 1.53 1.00 0.00
1.10 1.75 1.71 1.00 0.00
1.10 1.75 1.88 1.00 0.00
1.10 1.75 2.06 1.00 0.00
0.30 1.92 -1.02 1.00 0.00
0.30 1.92 -0.84 1.00 0.00
0.30 1.92 -0.67 1.00 0.00
0.30 1.92 -0.49 1.00 0.00
0.30 1.92 -0.32 1.00 0.00
0.30 1.92 -0.14 1.00 0.00
0.30 1.92 0.03 1.00 0.00
0.30 1.92 0.21 1.00 0.00
0.30 1.92 0.38 1.00 0.00
0.30 1.92 0.55 1.00 0.00
0.30 1.92 0.73 1.00 0.00
0.30 1.92 0.90 1.00 0.00
0.30 1.92 1.08 1.00 0.00
0.30 1.92 1.25 1.00 0.00
0.30 1.92 1.43 1.00 0.00
0.30 1.92 1.60 1.00 0.00
0.30 1.92 1.78 1.00 0.00
0.30 1.92 1.95 1.00 0.00
0.50 1.92 -0.99 1.00 0.00
0.50 1.92 -0.82 1.00 0.00
0.50 1.92 -0.65 1.00 0.00
0.50 1.92 -0.47 1.00 0.00
0.50 1.92 -0.30 1.00 0.00
0.50 1.92 -0.12 1.00 0.00
0.50 1.92 0.05 1.00 0.00
0.50 1.92 0.23 1.00 0.00
0.50 1.92 0.40 1.00 0.00
0.50 1.92 0.58 1.00 0.00
0.50 1.92 0.75 1.00 0.00
0.50 1.92 0.93 1.00 0.00
0.50 1.92 1.10 1.00 0.00
0.50 1.92 1.27 1.00 0.00
0.50 1.92 1.45 1.00 0.00
0.50 1.92 1.62 1.00 0.00
0.50 1.92 1.80 1.00 0.00
0.50 1.92 1.97 1.00 0.00
0.70 1.92 -0.97 1.00 0.00
0.70 1.92 -0.80 1.00 0.00
0.70 1.92 -0.62 1.00 0.00
0.70 1.92 -0.45 1.00 0.00
0.70 1.92 -0.28 1.00 0.00
0.70 1.92 -0.10 1.00 0.00
0.70 1.92 0.07 1.00 0.00
0.70 1.92 0.25 1.00 0.00
0.70 1.92 0.42 1.00 0.00
0.70 1.92 0.60 1.00 0.00
0.70 1.92 0.77 1.00 0.00
0.70 1.92 0.95 1.00 0.00
0.70 1.92 1.12 1.00 0.00
0.70 1.92 1.29 1.00 0.00
0.70 1.92 1.47 1.00 0.00
0.70 1.92 1.64 1.00 0.00
0.70 1.92 1.82 1.00 0.00
0.70 1.92 1.99 1.00 0.00
0.90 1.92 -0.95 1.00 0.00
0.90 1.92 -0.78 1.00 0.00
0.90 1.92 -0.61 1.00 0.00
0.90 1.92 -0.43 1.00 0.00
0.90 1.92 -0.26 1.00 0.00
0.90 1.92 -0.08 1.00 0.00
0.90 1.92 0.09 1.00 0.00
0.90 1.92 0.27 1.00 0.00
0.90 1.92 0.44 1.00 0.00
0.90 1.92 0.62 1.00 0.00
0.90 1.92 0.79 1.00 0.00
0.90 1.92 0.97 1.00 0.00
0.90 1.92 1.14 1.00 0.00
0.90 1.92 1.31 1.00 0.00
0.90 1.92 1.49 1.00 0.00
0.90 1.92 1.66 1.00 0.00
0.90 1.92 1.84 1.00 0.00
0.90 1.92 2.01 1.00 0.00
1.10 1.92 -0.94 1.00 0.00
1.10 1.92 -0.76 1.00 0.00
1.10 1.92 -0.59 1.00 0.00
1.10 1.92 -0.41 1.00 0.00
1.10 1.92 -0.24 1.00 0.00
1.10 1.92 -0.06 1.00 0.00
1.10 1.92 0.11 1.00 0.00
1.10 1.92 0.29 1.00 0.00
1.10 1.92 0.46 1.00 0.00
1.10 1.92 0.63 1.00 0.00
1.10 1.92 0.81 1.00 0.00
1.10 1.92 0.98 1.00 0.00
1.10 1.92 1.16 1.00 0.00
1.10 1.92 1.33 1.00 0.00
1.10 1.92 1.51 1.00 0.00
1.10 1.92 1.68 1.00 0.00
1.10 1.92 1.86 1.00 0.00
1.10 1.92 2.03 1.00 0.00
0.30 2.09 -1.02 1.00 0.00
0.30 2.09 -0.85 1.00 0.00
0.30 2.09 -0.67 1.00 0.00
0.30 2.09 -0.50 1.00 0.00
0.30 2.09 -0.33 1.00 0.00
0.30 2.09 -0.15 1.00 0.00
0.30 2.09 0.02 1.00 0.00
0.30 2.09 0.20 1.00 0.00
0.30 2.09 0.37 1.00 0.00
0.30 2.09 0.55 1.00 0.00
0.30 2.09 0.72 1.00 0.00
0.30 2.09 0.90 1.00 0.00
0.30 2.09 1.07 1.00 0.00
0.30 2.09 1.25 1.00 0.00
0.30 2.09 1.42 1.00 0.00
0.30 2.09 1.59 1.00 0.00
0.30 2.09 1.77 1.00 0.00
0.30 2.09 1.94 1.00 0.00
0.50 2.09 -1.01 1.00 0.00
0.50 2.09 -0.83 1.00 0.00
0.50 2.09 -0.66 1.00 0.00
0.50 2.09 -0.48 1.00 0.00
0.50 2.09 -0.31 1.00 0.00
0.50 2.09 -0.13 1.00 0.00
0.50 2.09 0.04 1.00 0.00
0.50 2.09 0.21 1.00 0.00
0.50 2.09 0.39 1.00 0.00
0.50 2.09 0.56 1.00 0.00
0.50 2.09 0.74 1.00 0.00
0.50 2.09 0.91 1.00 0.00
0.50 2.09 1.09 1.00 0.00
0.50 2.09 1.26 1.00 0.00
0.50 2.09 1.44 1.00 0.00
0.50 2.09 1.61 1.00 0.00
0.50 2.09 1.79 1.00 0.00
0.50 2.09 1.96 1.00 0.00
0.70 2.09 -0.99 1.00 0.00
0.70 2.09 -0.82 1.00 0.00
0.70 2.09 -0.64 1.00 0.00
0.70 2.09 -0.47 1.00 0.00
0.70 2.09 -0.29 1.00 0.00
0.70 2.09 -0.12 1.00 0.00
0.70 2.09 0.06 1.00 0.00
0.70 2.09 0.23 1.00 0.00
0.70 2.09 0.40 1.00 0.00
0.70 2.09 0.58 1.00 0.00
0.70 2.09 0.75 1.00 0.00
0.70 2.09 0.93 1.00 0.00
0.70 2.09 1.10 1.00 0.00
0.70 2.09 1.28 1.00 0.00
0.70 2.09 1.45 1.00 0.00
0.70 2.09 1.63 1.00 0.00
0.70 2.09 1.80 1.00 0.00
0.70 2.09 1.98 1.00 0.00
0.90 2.09 -0.98 1.00 0.00
0.90 2.09 -0.80 1.00 0.00
0.90 2.09 -0.63 1.00 0.00
0.90 2.09 -0.45 1.00 0.00
0.90 2.09 -0.28 1.00 0.00
0.90 2.09 -0.10 1.00 0.00
0.90 2.09 0.07 1.00 0.00
0.90 2.09 0.24 1.00 0.00
0.90 2.09 0.42 1.00 0.00
0.90 2.09 0.59 1.00 0.00
0.90 2.09 0.77 1.00 0.00
0.90 2.09 0.94 1.00 0.00
0.90 2.09 1.12 1.00 0.00
0.90 2.09 1.29 1.00 0.00
0.90 2.09 1.47 1.00 0.00
0.90 2.09 1.64 1.00 0.00
0.90 2.09 1.82 1.00 0.00
0.90 2.09 1.99 1.00 0.00
1.10 2.09 -0.96 1.00 0.00
1.10 2.09 -0.79 1.00 0.00
1.10 2.09 -0.61 1.00 0.00
1.10 2.09 -0.44 1.00 0.00
1.10 2.09 -0.26 1.00 0.00
1.10 2.09 -0.09 1.00 0.00
1.10 2.09 0.08 1.00 0.00
1.10 2.09 0.26 1.00 0.00
1.10 2.09 0.43 1.00 0.00
1.10 2.09 0.61 1.00 0.00
1.10 2.09 0.78 1.00 0.00
1.10 2.09 0.96 1.00 0.00
1.10 2.09 1.13 1.00 0.00
1.10 2.09 1.31 1.00 0.00
1.10 2.09 1.48 1.00 0.00
1.10 2.09 1.65 1.00 0.00
1.10 2.09 1.83 1.00 0.00
1.10 2.09 2.00 1.00 0.00
0.30 2.27 -1.03 1.00 0.00
0.30 2.27 -0.86 1.00 0.00
0.30 2.27 -0.68 1.00 0.00
0.30 2.27 -0.51 1.00 0.00
0.30 2.27 -0.33 1.00 0.00
0.30 2.27 -0.16 1.00 0.00
0.30 2.27 0.01 1.00 0.00
0.30 2.27 0.19 1.00 0.00
0.30 2.27 0.36 1.00 0.00
0.30 2.27 0.54 1.00 0.00
0.30 2.27 0.71 1.00 0.00
0.30 2.27 0.89 1.00 0.00
0.30 2.27 1.06 1.00 0.00
0.30 2.27 1.24 1.00 0.00
0.30 2.27 1.41 1.00 0.00
0.30 2.27 1.59 1.00 0.00
0.30 2.27 1.76 1.00 0.00
0.30 2.27 1.93 1.00 0.00
0.50 2.27 -1.02 1.00 0.00
0.50 2.27 -0.85 1.00 0.00
0.50 2.27 -0.67 1.00 0.00
0.50 2.27 -0.50 1.00 0.00
0.50 2.27 -0.32 1.00 0.00
0.50 2.27 -0.15 1.00 0.00
0.50 2.27 0.03 1.00 0.00
0.50 2.27 0.20 1.00 0.00
0.50 2.27 0.38 1.00 0.00
0.50 2.27 0.55 1.00 0.00
0.50 2.27 0.72 1.00 0.00
0.50 2.27 0.90 1.00 0.00
0.50 2.27 1.07 1.00 0.00
0.50 2.27 1.25 1.00 0.00
0.50 2.27 1.42 1.00 0.00
0.50 2.27 1.60 1.00 0.00
0.50 2.27 1.77 1.00 0.00
0.50 2.27 1.95 1.00 0.00
0.70 2.27 -1.01 1.00 0.00
0.70 2.27 -0.84 1.00 0.00
0.70 2.27 -0.66 1.00 0.00
0.70 2.27 -0.49 1.00 0.00
0.70 2.27 -0.31 1.00 0.00
0.70 2.27 -0.14 1.00 0.00
0.70 2.27 0.04 1.00 0.00
0.70 2.27 0.21 1.00 0.00
0.70 2.27 0.39 1.00 0.00
0.70 2.27 0.56 1.00 0.00
0.70 2.27 0.73 1.00 0.00
0.70 2.27 0.91 1.00 0.00
0.70 2.27 1.08 1.00 0.00
0.70 2.27 1.26 1.00 0.00
0.70 2.27 1.43 1.00 0.00
0.70 2.27 1.61 1.00 0.00
0.70 2.27 1.78 1.00 0.00
0.70 2.27 1.96 1.00 0.00
0.90 2.27 -1.00 1.00 0.00
0.90 2.27 -0.83 1.00 0.00
0.90 2.27 -0.65 1.00 0.00
0.90 2.27 -0.48 1.00 0.00
0.90 2.27 -0.30 1.00 0.00
0.90 2.27 -0.13 1.00 0.00
0.90 2.27 0.05 1.00 0.00
0.90 2.27 0.22 1.00 0.00
0.90 2.27 0.40 1.00 0.00
0.90 2.27 0.57 1.00 0.00
0.90 2.27 0.74 1.00 0.00
0.90 2.27 0.92 1.00 0.00
0.90 2.27 1.09 1.00 0.00
0.90 2.27 1.27 1.00 0.00
0.90 2.27 1.44 1.00 0.00
0.90 2.27 1.62 1.00 0.00
0.90 2.27 1.79 1.00 0.00
0.90 2.27 1.97 1.00 0.00
1.10 2.27 -0.99 1.00 0.00
1.10 2.27 -0.82 1.00 0.00
1.10 2.27 -0.64 1.00 0.00
1.10 2.27 -0.47 1.00 0.00
1.10 2.27 -0.29 1.00 0.00
1.10 2.27 -0.12 1.00 0.00
1.10 2.27 0.06 1.00 0.00
1.10 2.27 0.23 1.00 0.00
1.10 2.27 0.41 1.00 0.00
1.10 2.27 0.58 1.00 0.00
1.10 2.27 0.75 1.00 0.00
1.10 2.27 0.93 1.00 0.00
1.10 2.27 1.10 1.00 0.00
1.10 2.27 1.28 1.00 0.00
1.10 2.27 1.45 1.00 0.00
1.10 2.27 1.63 1.00 0.00
1.10 2.27 1.80 1.00 0.00
1.10 2.27 1.98 1.00 0.00
0.30 2.44 -1.04 1.00 0.00
0.30 2.44 -0.87 1.00 0.00
0.30 2.44 -0.69 1.00 0.00
0.30 2.44 -0.52 1.00 0.00
0.30 2.44 -0.34 1.00 0.00
0.30 2.44 -0.17 1.00 0.00
0.30 2.44 0.01 1.00 0.00
0.30 2.44 0.18 1.00 0.00
0.30 2.44 0.36 1.00 0.00
0.30 2.44 0.53 1.00 0.00
0.30 2.44 0.70 1.00 0.00
0.30 2.44 0.88 1.00 0.00
0.30 2.44 1.05 1.00 0.00
0.30 2.44 1.23 1.00 0.00
0.30 2.44 1.40 1.00 0.00
0.30 2.44 1.58 1.00 0.00
0.30 2.44 1.75 1.00 0.00
0.30 2.44 1.93 1.00 0.00
0.50 2.44 -1.04 1.00 0.00
0.50 2.44 -0.86 1.00 0.00
0.50 2.44 -0.69 1.00 0.00
0.50 2.44 -0.51 1.00 0.00
0.50 2.44 -0.34 1.00 0.00
0.50 2.44 -0.16 1.00 0.00
0.50 2.44 0.01 1.00 0.00
0.50 2.44 0.19 1.00 0.00
0.50 2.44 0.36 1.00 0.00
0.50 2.44 0.54 1.00 0.00
0.50 2.44 0.71 1.00 0.00
0.50 2.44 0.88 1.00 0.00
0.50 2.44 1.06 1.00 0.00
0.50 2.44 1.23 1.00 0.00
0.50 2.44 1.41 1.00 0.00
0.50 2.44 1.58 1.00 0.00
0.50 2.44 1.76 1.00 0.00
0.50 2.44 1.93 1.00 0.00
0.70 2.44 -1.03 1.00 0.00
0.70 2.44 -0.86 1.00 0.00
0.70 2.44 -0.68 1.00 0.00
0.70 2.44 -0.51 1.00 0.00
0.70 2.44 -0.33 1.00 0.00
0.70 2.44 -0.16 1.00 0.00
0.70 2.44 0.02 1.00 0.00
0.70 2.44 0.19 1.00 0.00
0.70 2.44 0.37 1.00 0.00
0.70 2.44 0.54 1.00 0.00
0.70 2.44 0.72 1.00 0.00
0.70 2.44 0.89 1.00 0.00
0.70 2.44 1.06 1.00 0.00
0.70 2.44 1.24 1.00 0.00
0.70 2.44 1.41 1.00 0.00
0.70 2.44 1.59 1.00 0.00
0.70 2.44 1.76 1.00 0.00
0.70 2.44 1.94 1.00 0.00
0.90 2.44 -1.03 1.00 0.00
0.90 2.44 -0.85 1.00 0.00
0.90 2.44 -0.68 1.00 0.00
0.90 2.44 -0.50 1.00 0.00
0.90 2.44 -0.33 1.00 0.00
0.90 2.44 -0.15 1.00 0.00
0.90 2.44 0.02 1.00 0.00
0.90 2.44 0.20 1.00 0.00
0.90 2.44 0.37 1.00 0.00
0.90 2.44 0.55 1.00 0.00
0.90 2.44 0.72 1.00 0.00
0.90 2.44 0.89 1.00 0.00
0.90 2.44 1.07 1.00 0.00
0.90 2.44 1.24 1.00 0.00
0.90 2.44 1.42 1.00 0.00
0.90 2.44 1.59 1.00 0.00
0.90 2.44 1.77 1.00 0.00
0.90 2.44 1.94 1.00 0.00
1.10 2.44 -1.02 1.00 0.00
1.10 2.44 -0.85 1.00 0.00
1.10 2.44 -0.67 1.00 0.00
1.10 2.44 -0.50 1.00 0.00
1.10 2.44 -0.32 1.00 0.00
1.10 2.44 -0.15 1.00 0.00
1.10 2.44 0.03 1.00 0.00
1.10 2.44 0.20 1.00 0.00
1.10 2.44 0.38 1.00 0.00
1.10 2.44 0.55 1.00 0.00
1.10 2.44 0.72 1.00 0.00
1.10 2.44 0.90 1.00 0.00
1.10 2.44 1.07 1.00 0.00
1.10 2.44 1.25 1.00 0.00
1.10 2.44 1.42 1.00 0.00
1.10 2.44 1.60 1.00 0.00
1.10 2.44 1.77 1.00 0.00
1.10 2.44 1.95 1.00 0.00
0.30 2.62 -1.05 1.00 0.00
0.30 2.62 -0.88 1.00 0.00
0.30 2.62 -0.70 1.00 0.00
0.30 2.62 -0.53 1.00 0.00
0.30 2.62 -0.35 1.00 0.00
0.30 2.62 -0.18 1.00 0.00
0.30 2.62 -0.00 1.00 0.00
0.30 2.62 0.17 1.00 0.00
0.30 2.62 0.35 1.00 0.00
0.30 2.62 0.52 1.00 0.00
0.30 2.62 0.69 1.00 0.00
0.30 2.62 0.87 1.00 0.00
0.30 2.62 1.04 1.00 0.00
0.30 2.62 1.22 1.00 0.00
0.30 2.62 1.39 1.00 0.00
0.30 2.62 1.57 1.00 0.00
0.30 2.62 1.74 1.00 0.00
0.30 2.62 1.92 1.00 0.00
0.50 2.62 -1.05 1.00 0.00
0.50 2.62 -0.88 1.00 0.00
0.50 2.62 -0.70 1.00 0.00
0.50 2.62 -0.53 1.00 0.00
0.50 2.62 -0.35 1.00 0.00
0.50 2.62 -0.18 1.00 0.00
0.50 2.62 -0.00 1.00 0.00
0.50 2.62 0.17 1.00 0.00
0.50 2.62 0.35 1.00 0.00
0.50 2.62 0.52 1.00 0.00
0.50 2.62 0.69 1.00 0.00
0.50 2.62 0.87 1.00 0.00
0.50 2.62 1.04 1.00 0.00
0.50 2.62 1.22 1.00 0.00
0.50 2.62 1.39 1.00 0.00
0.50 2.62 1.57 1.00 0.00
0.50 2.62 1.74 1.00 0.00
0.50 2.62 1.92 1.00 0.00
0.70 2.62 -1.05 1.00 0.00
0.70 2.62 -0.88 1.00 0.00
0.70 2.62 -0.70 1.00 0.00
0.70 2.62 -0.53 1.00 0.00
0.70 2.62 -0.35 1.00 0.00
0.70 2.62 -0.18 1.00 0.00
0.70 2.62 -0.00 1.00 0.00
0.70 2.62 0.17 1.00 0.00
0.70 2.62 0.35 1.00 0.00
0.70 2.62 0.52 1.00 0.00
0.70 2.62 0.70 1.00 0.00
0.70 2.62 0.87 1.00 0.00
0.70 2.62 1.04 1.00 0.00
0.70 2.62 1.22 1.00 0.00
0.70 2.62 1.39 1.00 0.00
0.70 2.62 1.57 1.00 0.00
0.70 2.62 1.74 1.00 0.00
0.70 2.62 1.92 1.00 0.00
0.90 2.62 -1.05 1.00 0.00
0.90 2.62 -0.88 1.00 0.00
0.90 2.62 -0.70 1.00 0.00
0.90 2.62 -0.53 1.00 0.00
0.90 2.62 -0.35 1.00 0.00
0.90 2.62 -0.18 1.00 0.00
0.90 2.62 -0.00 1.00 0.00
0.90 2.62 0.17 1.00 0.00
0.90 2.62 0.35 1.00 0.00
0.90 2.62 0.52 1.00 0.00
0.90 2.62 0.70 1.00 0.00
0.90 2.62 0.87 1.00 0.00
0.90 2.62 1.04 1.00 0.00
0.90 2.62 1.22 1.00 0.00
0.90 2.62 1.39 1.00 0.00
0.90 2.62 1.57 1.00 0.00
0.90 2.62 1.74 1.00 0.00
0.90 2.62 1.92 1.00 0.00
1.10 2.62 -1.05 1.00 0.00
1.10 2.62 -0.88 1.00 0.00
1.10 2.62 -0.70 1.00 0.00
1.10 2.62 -0.53 1.00 0.00
1.10 2.62 -0.35 1.00 0.00
1.10 2.62 -0.18 1.00 0.00
1.10 2.62 -0.00 1.00 0.00
1.10 2.62 0.17 1.00 0.00
1.10 2.62 0.35 1.00 0.00
1.10 2.62 0.52 1.00 0.00
1.10 2.62 0.70 1.00 0.00
1.10 2.62 0.87 1.00 0.00
1.10 2.62 1.04 1.00 0.00
1.10 2.62 1.22 1.00 0.00
1.10 2.62 1.39 1.00 0.00
1.10 2.62 1.57 1.00 0.00
1.10 2.62 1.74 1.00 0.00
1.10 2.62 1.92 1.00 0.00
0.30 2.79 -1.06 1.00 0.00
0.30 2.79 -0.89 1.00 0.00
0.30 2.79 -0.71 1.00 0.00
0.30 2.79 -0.54 1.00 0.00
0.30 2.79 -0.36 1.00 0.00
0.30 2.79 -0.19 1.00 0.00
0.30 2.79 -0.01 1.00 0.00
0.30 2.79 0.16 1.00 0.00
0.30 2.79 0.34 1.00 0.00
0.30 2.79 0.51 1.00 0.00
0.30 2.79 0.69 1.00 0.00
0.30 2.79 0.86 1.00 0.00
0.30 2.79 1.03 1.00 0.00
0.30 2.79 1.21 1.00 0.00
0.30 2.79 1.38 1.00 0.00
0.30 2.79 1.56 1.00 0.00
0.30 2.79 1.73 1.00 0.00
0.30 2.79 1.91 1.00 0.00
0.50 2.79 -1.07 1.00 0.00
0.50 2.79 -0.89 1.00 0.00
0.50 2.79 -0.72 1.00 0.00
0.50 2.79 -0.54 1.00 0.00
0.50 2.79 -0.37 1.00 0.00
0.50 2.79 -0.19 1.00 0.00
0.50 2.79 -0.02 1.00 0.00
0.50 2.79 0.16 1.00 0.00
0.50 2.79 0.33 1.00 0.00
0.50 2.79 0.51 1.00 0.00
0.50 2.79 0.68 1.00 0.00
0.50 2.79 0.85 1.00 0.00
0.50 2.79 1.03 1.00 0.00
0.50 2.79 1.20 1.00 0.00
0.50 2.79 1.38 1.00 0.00
0.50 2.79 1.55 1.00 0.00
0.50 2.79 1.73 1.00 0.00
0.50 2.79 1.90 1.00 0.00
0.70 2.79 -1.07 1.00 0.00
0.70 2.79 -0.90 1.00 0.00
0.70 2.79 -0.72 1.00 0.00
0.70 2.79 -0.55 1.00 0.00
0.70 2.79 -0.37 1.00 0.00
0.70 2.79 -0.20 1.00 0.00
0.70 2.79 -0.02 1.00 0.00
0.70 2.79 0.15 1.00 0.00
0.70 2.79 0.33 1.00 0.00
0.70 2.79 0.50 1.00 0.00
0.70 2.79 0.67 1.00 0.00
0.70 2.79 0.85 1.00 0.00
0.70 2.79 1.02 1.00 0.00
0.70 2.79 1.20 1.00 0.00
0.70 2.79 1.37 1.00 0.00
0.70 2.79 1.55 1.00 0.00
0.70 2.79 1.72 1.00 0.00
0.70 2.79 1.90 1.00 0.00
0.90 2.79 -1.08 1.00 0.00
0.90 2.79 -0.90 1.00 0.00
0.90 2.79 -0.73 1.00 0.00
0.90 2.79 -0.55 1.00 0.00
0.90 2.79 -0.38 1.00 0.00
0.90 2.79 -0.20 1.00 0.00
0.90 2.79 -0.03 1.00 0.00
0.90 2.79 0.15 1.00 0.00
0.90 2.79 0.32 1.00 0.00
0.90 2.79 0.50 1.00 0.00
0.90 2.79 0.67 1.00 0.00
0.90 2.79 0.84 1.00 0.00
0.90 2.79 1.02 1.00 0.00
0.90 2.79 1.19 1.00 0.00
0.90 2.79 1.37 1.00 0.00
0.90 2.79 1.54 1.00 0.00
0.90 2.79 1.72 1.00 0.00
0.90 2.79 1.89 1.00 0.00
1.10 2.79 -1.08 1.00 0.00
1.10 2.79 -0.91 1.00 0.00
1.10 2.79 -0.73 1.00 0.00
1.10 2.79 -0.56 1.00 0.00
1.10 2.79 -0.38 1.00 0.00
1.10 2.79 -0.21 1.00 0.00
1.10 2.79 -0.03 1.00 0.00
1.10 2.79 0.14 1.00 0.00
1.10 2.79 0.32 1.00 0.00
1.10 2.79 0.49 1.00 0.00
1.10 2.79 0.67 1.00 0.00
1.10 2.79 0.84 1.00 0.00
1.10 2.79 1.01 1.00 0.00
1.10 2.79 1.19 1.00 0.00
1.10 2.79 1.36 1.00 0.00
1.10 2.79 1.54 1.00 0.00
1.10 2.79 1.71 1.00 0.00
1.10 2.79 1.89 1.00 0.00
0.30 2.97 -1.07 1.00 0.00
0.30 2.97 -0.89 1.00 0.00
0.30 2.97 -0.72 1.00 0.00
0.30 2.97 -0.55 1.00 0.00
0.30 2.97 -0.37 1.00 0.00
0.30 2.97 -0.20 1.00 0.00
0.30 2.97 -0.02 1.00 0.00
0.30 2.97 0.15 1.00 0.00
0.30 2.97 0.33 1.00 0.00
0.30 2.97 0.50 1.00 0.00
0.30 2.97 0.68 1.00 0.00
0.30 2.97 0.85 1.00 0.00
0.30 2.97 1.03 1.00 0.00
0.30 2.97 1.20 1.00 0.00
0.30 2.97 1.37 1.00 0.00
0.30 2.97 1.55 1.00 0.00
0.30 2.97 1.72 1.00 0.00
0.30 2.97 1.90 1.00 0.00
0.50 2.97 -1.08 1.00 0.00
0.50 2.97 -0.91 1.00 0.00
0.50 2.97 -0.73 1.00 0.00
0.50 2.97 -0.56 1.00 0.00
0.50 2.97 -0.38 1.00 0.00
0.50 2.97 -0.21 1.00 0.00
0.50 2.97 -0.03 1.00 0.00
0.50 2.97 0.14 1.00 0.00
0.50 2.97 0.32 1.00 0.00
0.50 2.97 0.49 1.00 0.00
0.50 2.97 0.67 1.00 0.00
0.50 2.97 0.84 1.00 0.00
0.50 2.97 1.01 1.00 0.00
0.50 2.97 1.19 1.00 0.00
0.50 2.97 1.36 1.00 0.00
0.50 2.97 1.54 1.00 0.00
0.50 2.97 1.71 1.00 0.00
0.50 2.97 1.89 1.00 0.00
0.70 2.97 -1.09 1.00 0.00
0.70 2.97 -0.92 1.00 0.00
0.70 2.97 -0.74 1.00 0.00
0.70 2.97 -0.57 1.00 0.00
0.70 2.97 -0.39 1.00 0.00
0.70 2.97 -0.22 1.00 0.00
0.70 2.97 -0.04 1.00 0.00
0.70 2.97 0.13 1.00 0.00
0.70 2.97 0.31 1.00 0.00
0.70 2.97 0.48 1.00 0.00
0.70 2.97 0.66 1.00 0.00
0.70 2.97 0.83 1.00 0.00
0.70 2.97 1.00 1.00 0.00
0.70 2.97 1.18 1.00 0.00
0.70 2.97 1.35 1.00 0.00
0.70 2.97 1.53 1.00 0.00
0.70 2.97 1.70 1.00 0.00
0.70 2.97 1.88 1.00 0.00
0.90 2.97 -1.10 1.00 0.00
0.90 2.97 -0.93 1.00 0.00
0.90 2.97 -0.75 1.00 0.00
0.90 2.97 -0.58 1.00 0.00
0.90 2.97 -0.40 1.00 0.00
0.90 2.97 -0.23 1.00 0.00
0.90 2.97 -0.05 1.00 0.00
0.90 2.97 0.12 1.00 0.00
0.90 2.97 0.30 1.00 0.00
0.90 2.97 0.47 1.00 0.00
0.90 2.97 0.65 1.00 0.00
0.90 2.97 0.82 1.00 0.00
0.90 2.97 0.99 1.00 0.00
0.90 2.97 1.17 1.00 0.00
0.90 2.97 1.34 1.00 0.00
0.90 2.97 1.52 1.00 0.00
0.90 2.97 1.69 1.00 0.00
0.90 2.97 1.87 1.00 0.00
1.10 2.97 -1.11 1.00 0.00
1.10 2.97 -0.93 1.00 0.00
1.10 2.97 -0.76 1.00 0.00
1.10 2.97 -0.59 1.00 0.00
1.10 2.97 -0.41 1.00 0.00
1.10 2.97 -0.24 1.00 0.00
1.10 2.97 -0.06 1.00 0.00
1.10 2.97 0.11 1.00 0.00
1.10 2.97 0.29 1.00 0.00
1.10 2.97 0.46 1.00 0.00
1.10 2.97 0.64 1.00 0.00
1.10 2.97 0.81 1.00 0.00
1.10 2.97 0.99 1.00 0.00
1.10 2.97 1.16 1.00 0.00
1.10 2.97 1.33 1.00 0.00
1.10 2.97 1.51 1.00 0.00
1.10 2.97 1.68 1.00 0.00
1.10 2.97 1.86 1.00 0.00
0.30 3.14 -1.08 1.00 0.00
0.30 3.14 -0.90 1.00 0.00
0.30 3.14 -0.73 1.00 0.00
0.30 3.14 -0.55 1.00 0.00
0.30 3.14 -0.38 1.00 0.00
0.30 3.14 -0.20 1.00 0.00
0.30 3.14 -0.03 1.00 0.00
0.30 3.14 0.14 1.00 0.00
0.30 3.14 0.32 1.00 0.00
0.30 3.14 0.49 1.00 0.00
0.30 3.14 0.67 1.00 0.00
0.30 3.14 0.84 1.00 0.00
0.30 3.14 1.02 1.00 0.00
0.30 3.14 1.19 1.00 0.00
0.30 3.14 1.37 1.00 0.00
0.30 3.14 1.54 1.00 0.00
0.30 3.14 1.72 1.00 0.00
0.30 3.14 1.89 1.00 0.00
0.50 3.14 -1.09 1.00 0.00
0.50 3.14 -0.92 1.00 0.00
0.50 3.14 -0.74 1.00 0.00
0.50 3.14 -0.57 1.00 0.00
0.50 3.14 -0.40 1.00 0.00
0.50 3.14 -0.22 1.00 0.00
0.50 3.14 -0.05 1.00 0.00
0.50 3.14 0.13 1.00 0.00
0.50 3.14 0.30 1.00 0.00
0.50 3.14 0.48 1.00 0.00
0.50 3.14 0.65 1.00 0.00
0.50 3.14 0.83 1.00 0.00
0.50 3.14 1.00 1.00 0.00
0.50 3.14 1.18 1.00 0.00
0.50 3.14 1.35 1.00 0.00
0.50 3.14 1.52 1.00 0.00
0.50 3.14 1.70 1.00 0.00
0.50 3.14 1.87 1.00 0.00
0.70 3.14 -1.11 1.00 0.00
0.70 3.14 -0.93 1.00 0.00
0.70 3.14 -0.76 1.00 0.00
0.70 3.14 -0.59 1.00 0.00
0.70 3.14 -0.41 1.00 0.00
0.70 3.14 -0.24 1.00 0.00
0.70 3.14 -0.06 1.00 0.00
0.70 3.14 0.11 1.00 0.00
0.70 3.14 0.29 1.00 0.00
0.70 3.14 0.46 1.00 0.00
0.70 3.14 0.64 1.00 0.00
0.70 3.14 0.81 1.00 0.00
0.70 3.14 0.99 1.00 0.00
0.70 3.14 1.16 1.00 0.00
0.70 3.14 1.33 1.00 0.00
0.70 3.14 1.51 1.00 0.00
0.70 3.14 1.68 1.00 0.00
0.70 3.14 1.86 1.00 0.00
0.90 3.14 -1.12 1.00 0.00
0.90 3.14 -0.95 1.00 0.00
0.90 3.14 -0.77 1.00 0.00
0.90 3.14 -0.60 1.00 0.00
0.90 3.14 -0.43 1.00 0.00
0.90 3.14 -0.25 1.00 0.00
0.90 3.14 -0.08 1.00 0.00
0.90 3.14 0.10 1.00 0.00
0.90 3.14 0.27 1.00 0.00
0.90 3.14 0.45 1.00 0.00
0.90 3.14 0.62 1.00 0.00
0.90 3.14 0.80 1.00 0.00
0.90 3.14 0.97 1.00 0.00
0.90 3.14 1.15 1.00 0.00
0.90 3.14 1.32 1.00 0.00
0.90 3.14 1.49 1.00 0.00
0.90 3.14 1.67 1.00 0.00
0.90 3.14 1.84 1.00 0.00
1.10 3.14 -1.14 1.00 0.00
1.10 3.14 -0.96 1.00 0.00
1.10 3.14 -0.79 1.00 0.00
1.10 3.14 -0.61 1.00 0.00
1.10 3.14 -0.44 1.00 0.00
1.10 3.14 -0.26 1.00 0.00
1.10 3.14 -0.09 1.00 0.00
1.10 3.14 0.08 1.00 0.00
1.10 3.14 0.26 1.00 0.00
1.10 3.14 0.43 1.00 0.00
1.10 3.14 0.61 1.00 0.00
1.10 3.14 0.78 1.00 0.00
1.10 3.14 0.96 1.00 0.00
1.10 3.14 1.13 1.00 0.00
1.10 3.14 1.31 1.00 0.00
1.10 3.14 1.48 1.00 0.00
1.10 3.14 1.66 1.00 0.00
1.10 3.14 1.83 1.00 0.00
0.30 3.32 -1.09 1.00 0.00
0.30 3.32 -0.91 1.00 0.00
0.30 3.32 -0.74 1.00 0.00
0.30 3.32 -0.56 1.00 0.00
0.30 3.32 -0.39 1.00 0.00
0.30 3.32 -0.21 1.00 0.00
0.30 3.32 -0.04 1.00 0.00
0.30 3.32 0.14 1.00 0.00
0.30 3.32 0.31 1.00 0.00
0.30 3.32 0.49 1.00 0.00
0.30 3.32 0.66 1.00 0.00
0.30 3.32 0.83 1.00 0.00
0.30 3.32 1.01 1.00 0.00
0.30 3.32 1.18 1.00 0.00
0.30 3.32 1.36 1.00 0.00
0.30 3.32 1.53 1.00 0.00
0.30 3.32 1.71 1.00 0.00
0.30 3.32 1.88 1.00 0.00
0.50 3.32 -1.11 1.00 0.00
0.50 3.32 -0.93 1.00 0.00
0.50 3.32 -0.76 1.00 0.00
0.50 3.32 -0.58 1.00 0.00
0.50 3.32 -0.41 1.00 0.00
0.50 3.32 -0.23 1.00 0.00
0.50 3.32 -0.06 1.00 0.00
0.50 3.32 0.12 1.00 0.00
0.50 3.32 0.29 1.00 0.00
0.50 3.32 0.46 1.00 0.00
0.50 3.32 0.64 1.00 0.00
0.50 3.32 0.81 1.00 0.00
0.50 3.32 0.99 1.00 0.00
0.50 3.32 1.16 1.00 0.00
0.50 3.32 1.34 1.00 0.00
0.50 3.32 1.51 1.00 0.00
0.50 3.32 1.69 1.00 0.00
0.50 3.32 1.86 1.00 0.00
0.70 3.32 -1.13 1.00 0.00
0.70 3.32 -0.95 1.00 0.00
0.70 3.32 -0.78 1.00 0.00
0.70 3.32 -0.60 1.00 0.00
0.70 3.32 -0.43 1.00 0.00
0.70 3.32 -0.25 1.00 0.00
0.70 3.32 -0.08 1.00 0.00
0.70 3.32 0.10 1.00 0.00
0.70 3.32 0.27 1.00 0.00
0.70 3.32 0.44 1.00 0.00
0.70 3.32 0.62 1.00 0.00
0.70 3.32 0.79 1.00 0.00
0.70 3.32 0.97 1.00 0.00
0.70 3.32 1.14 1.00 0.00
0.70 3.32 1.32 1.00 0.00
0.70 3.32 1.49 1.00 0.00
0.70 3.32 1.67 1.00 0.00
0.70 3.32 1.84 1.00 0.00
0.90 3.32 -1.15 1.00 0.00
0.90 3.32 -0.97 1.00 0.00
0.90 3.32 -0.80 1.00 0.00
0.90 3.32 -0.62 1.00 0.00
0.90 3.32 -0.45 1.00 0.00
0.90 3.32 -0.27 1.00 0.00
0.90 3.32 -0.10 1.00 0.00
0.90 3.32 0.08 1.00 0.00
0.90 3.32 0.25 1.00 0.00
0.90 3.32 0.43 1.00 0.00
0.90 3.32 0.60 1.00 0.00
0.90 3.32 0.77 1.00 0.00
0.90 3.32 0.95 1.00 0.00
0.90 3.32 1.12 1.00 0.00
0.90 3.32 1.30 1.00 0.00
0.90 3.32 1.47 1.00 0.00
0.90 3.32 1.65 1.00 0.00
0.90 3.32 1.82 1.00 0.00
1.10 3.32 -1.16 1.00 0.00
1.10 3.32 -0.99 1.00 0.00
1.10 3.32 -0.81 1.00 0.00
1.10 3.32 -0.64 1.00 0.00
1.10 3.32 -0.47 1.00 0.00
1.10 3.32 -0.29 1.00 0.00
1.10 3.32 -0.12 1.00 0.00
1.10 3.32 0.06 1.00 0.00
1.10 3.32 0.23 1.00 0.00
1.10 3.32 0.41 1.00 0.00
1.10 3.32 0.58 1.00 0.00
1.10 3.32 0.76 1.00 0.00
1.10 3.32 0.93 1.00 0.00
1.10 3.32 1.11 1.00 0.00
1.10 3.32 1.28 1.00 0.00
1.10 3.32 1.45 1.00 0.00
1.10 3.32 1.63 1.00 0.00
1.10 3.32 1.80 1.00 0.00
0.30 3.49 -1.09 1.00 0.00
0.30 3.49 -0.92 1.00 0.00
0.30 3.49 -0.74 1.00 0.00
0.30 3.49 -0.57 1.00 0.00
0.30 3.49 -0.39 1.00 0.00
0.30 3.49 -0.22 1.00 0.00
0.30 3.49 -0.04 1.00 0.00
0.30 3.49 0.13 1.00 0.00
0.30 3.49 0.30 1.00 0.00
0.30 3.49 0.48 1.00 0.00
0.30 3.49 0.65 1.00 0.00
0.30 3.49 0.83 1.00 0.00
0.30 3.49 1.00 1.00 0.00
0.30 3.49 1.18 1.00 0.00
0.30 3.49 1.35 1.00 0.00
0.30 3.49 1.53 1.00 0.00
0.30 3.49 1.70 1.00 0.00
0.30 3.49 1.88 1.00 0.00
0.50 3.49 -1.12 1.00 0.00
0.50 3.49 -0.94 1.00 0.00
0.50 3.49 -0.77 1.00 0.00
0.50 3.49 -0.59 1.00 0.00
0.50 3.49 -0.42 1.00 0.00
0.50 3.49 -0.25 1.00 0.00
0.50 3.49 -0.07 1.00 0.00
0.50 3.49 0.10 1.00 0.00
0.50 3.49 0.28 1.00 0.00
0.50 3.49 0.45 1.00 0.00
0.50 3.49 0.63 1.00 0.00
0.50 3.49 0.80 1.00 0.00
0.50 3.49 0.98 1.00 0.00
0.50 3.49 1.15 1.00 0.00
0.50 3.49 1.33 1.00 0.00
0.50 3.49 1.50 1.00 0.00
0.50 3.49 1.67 1.00 0.00
0.50 3.49 1.85 1.00 0.00
0.70 3.49 -1.14 1.00 0.00
0.70 3.49 -0.97 1.00 0.00
0.70 3.49 -0.79 1.00 0.00
0.70 3.49 -0.62 1.00 0.00
0.70 3.49 -0.44 1.00 0.00
0.70 3.49 -0.27 1.00 0.00
0.70 3.49 -0.10 1.00 0.00
0.70 3.49 0.08 1.00 0.00
0.70 3.49 0.25 1.00 0.00
0.70 3.49 0.43 1.00 0.00
0.70 3.49 0.60 1.00 0.00
0.70 3.49 0.78 1.00 0.00
0.70 3.49 0.95 1.00 0.00
0.70 3.49 1.13 1.00 0.00
0.70 3.49 1.30 1.00 0.00
0.70 3.49 1.48 1.00 0.00
0.70 3.49 1.65 1.00 0.00
0.70 3.49 1.82 1.00 0.00
0.90 3.49 -1.17 1.00 0.00
0.90 3.49 -0.99 1.00 0.00
0.90 3.49 -0.82 1.00 0.00
0.90 3.49 -0.64 1.00 0.00
0.90 3.49 -0.47 1.00 0.00
0.90 3.49 -0.29 1.00 0.00
0.90 3.49 -0.12 1.00 0.00
0.90 3.49 0.06 1.00 0.00
0.90 3.49 0.23 1.00 0.00
0.90 3.49 0.40 1.00 0.00
0.90 3.49 0.58 1.00 0.00
0.90 3.49 0.75 1.00 0.00
0.90 3.49 0.93 1.00 0.00
0.90 3.49 1.10 1.00 0.00
0.90 3.49 1.28 1.00 0.00
0.90 3.49 1.45 1.00 0.00
0.90 3.49 1.63 1.00 0.00
0.90 3.49 1.80 1.00 0.00
1.10 3.49 -1.19 1.00 0.00
1.10 3.49 -1.01 1.00 0.00
1.10 3.49 -0.84 1.00 0.00
1.10 3.49 -0.66 1.00 0.00
1.10 3.49 -0.49 1.00 0.00
1.10 3.49 -0.32 1.00 0.00
1.10 3.49 -0.14 1.00 0.00
1.10 3.49 0.03 1.00 0.00
1.10 3.49 0.21 1.00 0.00
1.10 3.49 0.38 1.00 0.00
1.10 3.49 0.56 1.00 0.00
1.10 3.49 0.73 1.00 0.00
1.10 3.49 0.91 1.00 0.00
1.10 3.49 1.08 1.00 0.00
1.10 3.49 1.25 1.00 0.00
1.10 3.49 1.43 1.00 0.00
1.10 3.49 1.60 1.00 0.00
1.10 3.49 1.78 1.00 0.00
0.30 3.67 -1.10 1.00 0.00
0.30 3.67 -0.92 1.00 0.00
0.30 3.67 -0.75 1.00 0.00
0.30 3.67 -0.57 1.00 0.00
0.30 3.67 -0.40 1.00 0.00
0.30 3.67 -0.23 1.00 0.00
0.30 3.67 -0.05 1.00 0.00
0.30 3.67 0.12 1.00 0.00
0.30 3.67 0.30 1.00 0.00
0.30 3.67 0.47 1.00 0.00
0.30 3.67 0.65 1.00 0.00
0.30 3.67 0.82 1.00 0.00
0.30 3.67 1.00 1.00 0.00
0.30 3.67 1.17 1.00 0.00
0.30 3.67 1.35 1.00 0.00
0.30 3.67 1.52 1.00 0.00
0.30 3.67 1.69 1.00 0.00
0.30 3.67 1.87 1.00 0.00
0.50 3.67 -1.13 1.00 0.00
0.50 3.67 -0.95 1.00 0.00
0.50 3.67 -0.78 1.00 0.00
0.50 3.67 -0.60 1.00 0.00
0.50 3.67 -0.43 1.00 0.00
0.50 3.67 -0.26 1.00 0.00
0.50 3.67 -0.08 1.00 0.00
0.50 3.67 0.09 1.00 0.00
0.50 3.67 0.27 1.00 0.00
0.50 3.67 0.44 1.00 0.00
0.50 3.67 0.62 1.00 0.00
0.50 3.67 0.79 1.00 0.00
0.50 3.67 0.97 1.00 0.00
0.50 3.67 1.14 1.00 0.00
0.50 3.67 1.32 1.00 0.00
0.50 3.67 1.49 1.00 0.00
0.50 3.67 1.66 1.00 0.00
0.50 3.67 1.84 1.00 0.00
0.70 3.67 -1.16 1.00 0.00
0.70 3.67 -0.98 1.00 0.00
0.70 3.67 -0.81 1.00 0.00
0.70 3.67 -0.63 1.00 0.00
0.70 3.67 -0.46 1.00 0.00
0.70 3.67 -0.28 1.00 0.00
0.70 3.67 -0.11 1.00 0.00
0.70 3.67 0.07 1.00 0.00
0.70 3.67 0.24 1.00 0.00
0.70 3.67 0.41 1.00 0.00
0.70 3.67 0.59 1.00 0.00
0.70 3.67 0.76 1.00 0.00
0.70 3.67 0.94 1.00 0.00
0.70 3.67 1.11 1.00 0.00
0.70 3.67 1.29 1.00 0.00
0.70 3.67 1.46 1.00 0.00
0.70 3.67 1.64 1.00 0.00
0.70 3.67 1.81 1.00 0.00
0.90 3.67 -1.18 1.00 0.00
0.90 3.67 -1.01 1.00 0.00
0.90 3.67 -0.83 1.00 0.00
0.90 3.67 -0.66 1.00 0.00
0.90 3.67 -0.49 1.00 0.00
0.90 3.67 -0.31 1.00 0.00
0.90 3.67 -0.14 1.00 0.00
0.90 3.67 0.04 1.00 0.00
0.90 3.67 0.21 1.00 0.00
0.90 3.67 0.39 1.00 0.00
0.90 3.67 0.56 1.00 0.00
0.90 3.67 0.74 1.00 0.00
0.90 3.67 0.91 1.00 0.00
0.90 3.67 1.08 1.00 0.00
0.90 3.67 1.26 1.00 0.00
0.90 3.67 1.43 1.00 0.00
0.90 3.67 1.61 1.00 0.00
0.90 3.67 1.78 1.00 0.00
1.10 3.67 -1.21 1.00 0.00
1.10 3.67 -1.04 1.00 0.00
1.10 3.67 -0.86 1.00 0.00
1.10 3.67 -0.69 1.00 0.00
1.10 3.67 -0.51 1.00 0.00
1.10 3.67 -0.34 1.00 0.00
1.10 3.67 -0.16 1.00 0.00
1.10 3.67 0.01 1.00 0.00
1.10 3.67 0.19 1.00 0.00
1.10 3.67 0.36 1.00 0.00
1.10 3.67 0.53 1.00 0.00
1.10 3.67 0.71 1.00 0.00
1.10 3.67 0.88 1.00 0.00
1.10 3.67 1.06 1.00 0.00
1.10 3.67 1.23 1.00 0.00
1.10 3.67 1.41 1.00 0.00
1.10 3.67 1.58 1.00 0.00
1.10 3.67 1.76 1.00 0.00
0.30 3.84 -1.10 1.00 0.00
0.30 3.84 -0.93 1.00 0.00
0.30 3.84 -0.75 1.00 0.00
0.30 3.84 -0.58 1.00 0.00
0.30 3.84 -0.40 1.00 0.00
0.30 3.84 -0.23 1.00 0.00
0.30 3.84 -0.06 1.00 0.00
0.30 3.84 0.12 1.00 0.00
0.30 3.84 0.29 1.00 0.00
0.30 3.84 0.47 1.00 0.00
0.30 3.84 0.64 1.00 0.00
0.30 3.84 0.82 1.00 0.00
0.30 3.84 0.99 1.00 0.00
0.30 3.84 1.17 1.00 0.00
0.30 3.84 1.34 1.00 0.00
0.30 3.84 1.52 1.00 0.00
0.30 3.84 1.69 1.00 0.00
0.30 3.84 1.86 1.00 0.00
0.50 3.84 -1.14 1.00 0.00
0.50 3.84 -0.96 1.00 0.00
0.50 3.84 -0.79 1.00 0.00
0.50 3.84 -0.61 1.00 0.00
0.50 3.84 -0.44 1.00 0.00
0.50 3.84 -0.26 1.00 0.00
0.50 3.84 -0.09 1.00 0.00
0.50 3.84 0.09 1.00 0.00
0.50 3.84 0.26 1.00 0.00
0.50 3.84 0.44 1.00 0.00
0.50 3.84 0.61 1.00 0.00
0.50 3.84 0.78 1.00 0.00
0.50 3.84 0.96 1.00 0.00
0.50 3.84 1.13 1.00 0.00
0.50 3.84 1.31 1.00 0.00
0.50 3.84 1.48 1.00 0.00
0.50 3.84 1.66 1.00 0.00
0.50 3.84 1.83 1.00 0.00
0.70 3.84 -1.17 1.00 0.00
0.70 3.84 -0.99 1.00 0.00
0.70 3.84 -0.82 1.00 0.00
0.70 3.84 -0.64 1.00 0.00
0.70 3.84 -0.47 1.00 0.00
0.70 3.84 -0.29 1.00 0.00
0.70 3.84 -0.12 1.00 0.00
0.70 3.84 0.05 1.00 0.00
0.70 3.84 0.23 1.00 0.00
0.70 3.84 0.40 1.00 0.00
0.70 3.84 0.58 1.00 0.00
0.70 3.84 0.75 1.00 0.00
0.70 3.84 0.93 1.00 0.00
0.70 3.84 1.10 1.00 0.00
0.70 3.84 1.28 1.00 0.00
0.70 3.84 1.45 1.00 0.00
0.70 3.84 1.62 1.00 0.00
0.70 3.84 1.80 1.00 0.00
0.90 3.84 -1.20 1.00 0.00
0.90 3.84 -1.02 1.00 0.00
0.90 3.84 -0.85 1.00 0.00
0.90 3.84 -0.68 1.00 0.00
0.90 3.84 -0.50 1.00 0.00
0.90 3.84 -0.33 1.00 0.00
0.90 3.84 -0.15 1.00 0.00
0.90 3.84 0.02 1.00 0.00
0.90 3.84 0.20 1.00 0.00
0.90 3.84 0.37 1.00 0.00
0.90 3.84 0.55 1.00 0.00
0.90 3.84 0.72 1.00 0.00
0.90 3.84 0.90 1.00 0.00
0.90 3.84 1.07 1.00 0.00
0.90 3.84 1.24 1.00 0.00
0.90 3.84 1.42 1.00 0.00
0.90 3.84 1.59 1.00 0.00
0.90 3.84 1.77 1.00 0.00
1.10 3.84 -1.23 1.00 0.00
1.10 3.84 -1.05 1.00 0.00
1.10 3.84 -0.88 1.00 0.00
1.10 3.84 -0.71 1.00 0.00
1.10 3.84 -0.53 1.00 0.00
1.10 3.84 -0.36 1.00 0.00
1.10 3.84 -0.18 1.00 0.00
1.10 3.84 -0.01 1.00 0.00
1.10 3.84 0.17 1.00 0.00
1.10 3.84 0.34 1.00 0.00
1.10 3.84 0.52 1.00 0.00
1.10 3.84 0.69 1.00 0.00
1.10 3.84 0.87 1.00 0.00
1.10 3.84 1.04 1.00 0.00
1.10 3.84 1.21 1.00 0.00
1.10 3.84 1.39 1.00 0.00
1.10 3.84 1.56 1.00 0.00
1.10 3.84 1.74 1.00 0.00
0.30 4.01 -1.11 1.00 0.00
0.30 4.01 -0.93 1.00 0.00
0.30 4.01 -0.76 1.00 0.00
0.30 4.01 -0.58 1.00 0.00
0.30 4.01 -0.41 1.00 0.00
0.30 4.01 -0.23 1.00 0.00
0.30 4.01 -0.06 1.00 0.00
0.30 4.01 0.12 1.00 0.00
0.30 4.01 0.29 1.00 0.00
0.30 4.01 0.47 1.00 0.00
0.30 4.01 0.64 1.00 0.00
0.30 4.01 0.81 1.00 0.00
0.30 4.01 0.99 1.00 0.00
0.30 4.01 1.16 1.00 0.00
0.30 4.01 1.34 1.00 0.00
0.30 4.01 1.51 1.00 0.00
0.30 4.01 1.69 1.00 0.00
0.30 4.01 1.86 1.00 0.00
0.50 4.01 -1.14 1.00 0.00
0.50 4.01 -0.97 1.00 0.00
0.50 4.01 -0.79 1.00 0.00
0.50 4.01 -0.62 1.00 0.00
0.50 4.01 -0.44 1.00 0.00
0.50 4.01 -0.27 1.00 0.00
0.50 4.01 -0.09 1.00 0.00
0.50 4.01 0.08 1.00 0.00
0.50 4.01 0.26 1.00 0.00
0.50 4.01 0.43 1.00 0.00
0.50 4.01 0.60 1.00 0.00
0.50 4.01 0.78 1.00 0.00
0.50 4.01 0.95 1.00 0.00
0.50 4.01 1.13 1.00 0.00
0.50 4.01 1.30 1.00 0.00
0.50 4.01 1.48 1.00 0.00
0.50 4.01 1.65 1.00 0.00
0.50 4.01 1.83 1.00 0.00
0.70 4.01 -1.18 1.00 0.00
0.70 4.01 -1.00 1.00 0.00
0.70 4.01 -0.83 1.00 0.00
0.70 4.01 -0.65 1.00 0.00
0.70 4.01 -0.48 1.00 0.00
0.70 4.01 -0.30 1.00 0.00
0.70 4.01 -0.13 1.00 0.00
0.70 4.01 0.05 1.00 0.00
0.70 4.01 0.22 1.00 0.00
0.70 4.01 0.39 1.00 0.00
0.70 4.01 0.57 1.00 0.00
0.70 4.01 0.74 1.00 0.00
0.70 4.01 0.92 1.00 0.00
0.70 4.01 1.09 1.00 0.00
0.70 4.01 1.27 1.00 0.00
0.70 4.01 1.44 1.00 0.00
0.70 4.01 1.62 1.00 0.00
0.70 4.01 1.79 1.00 0.00
0.90 4.01 -1.21 1.00 0.00
0.90 4.01 -1.04 1.00 0.00
0.90 4.01 -0.86 1.00 0.00
0.90 4.01 -0.69 1.00 0.00
0.90 4.01 -0.51 1.00 0.00
0.90 4.01 -0.34 1.00 0.00
0.90 4.01 -0.16 1.00 0.00
0.90 4.01 0.01 1.00 0.00
0.90 4.01 0.19 1.00 0.00
0.90 4.01 0.36 1.00 0.00
0.90 4.01 0.54 1.00 0.00
0.90 4.01 0.71 1.00 0.00
0.90 4.01 0.88 1.00 0.00
0.90 4.01 1.06 1.00 0.00
0.90 4.01 1.23 1.00 0.00
0.90 4.01 1.41 1.00 0.00
0.90 4.01 1.58 1.00 0.00
0.90 4.01 1.76 1.00 0.00
1.10 4.01 -1.24 1.00 0.00
1.10 4.01 -1.07 1.00 0.00
1.10 4.01 -0.89 1.00 0.00
1.10 4.01 -0.72 1.00 0.00
1.10 4.01 -0.55 1.00 0.00
1.10 4.01 -0.37 1.00 0.00
1.10 4.01 -0.20 1.00 0.00
1.10 4.01 -0.02 1.00 0.00
1.10 4.01 0.15 1.00 0.00
1.10 4.01 0.33 1.00 0.00
1.10 4.01 0.50 1.00 0.00
1.10 4.01 0.68 1.00 0.00
1.10 4.01 0.85 1.00 0.00
1.10 4.01 1.03 1.00 0.00
1.10 4.01 1.20 1.00 0.00
1.10 4.01 1.37 1.00 0.00
1.10 4.01 1.55 1.00 0.00
1.10 4.01 1.72 1.00 0.00
0.30 4.19 -1.11 1.00 0.00
0.30 4.19 -0.93 1.00 0.00
0.30 4.19 -0.76 1.00 0.00
0.30 4.19 -0.58 1.00 0.00
0.30 4.19 -0.41 1.00 0.00
0.30 4.19 -0.23 1.00 0.00
0.30 4.19 -0.06 1.00 0.00
0.30 4.19 0.12 1.00 0.00
0.30 4.19 0.29 1.00 0.00
0.30 4.19 0.46 1.00 0.00
0.30 4.19 0.64 1.00 0.00
0.30 4.19 0.81 1.00 0.00
0.30 4.19 0.99 1.00 0.00
0.30 4.19 1.16 1.00 0.00
0.30 4.19 1.34 1.00 0.00
0.30 4.19 1.51 1.00 0.00
0.30 4.19 1.69 1.00 0.00
0.30 4.19 1.86 1.00 0.00
0.50 4.19 -1.14 1.00 0.00
0.50 4.19 -0.97 1.00 0.00
0.50 4.19 -0.79 1.00 0.00
0.50 4.19 -0.62 1.00 0.00
0.50 4.19 -0.45 1.00 0.00
0.50 4.19 -0.27 1.00 0.00
0.50 4.19 -0.10 1.00 0.00
0.50 4.19 0.08 1.00 0.00
0.50 4.19 0.25 1.00 0.00
0.50 4.19 0.43 1.00 0.00
0.50 4.19 0.60 1.00 0.00
0.50 4.19 0.78 1.00 0.00
0.50 4.19 0.95 1.00 0.00
0.50 4.19 1.13 1.00 0.00
0.50 4.19 1.30 1.00 0.00
0.50 4.19 1.47 1.00 0.00
0.50 4.19 1.65 1.00 0.00
0.50 4.19 1.82 1.00 0.00
0.70 4.19 -1.18 1.00 0.00
0.70 4.19 -1.01 1.00 0.00
0.70 4.19 -0.83 1.00 0.00
0.70 4.19 -0.66 1.00 0.00
0.70 4.19 -0.48 1.00 0.00
0.70 4.19 -0.31 1.00 0.00
0.70 4.19 -0.13 1.00 0.00
0.70 4.19 0.04 1.00 0.00
0.70 4.19 0.22 1.00 0.00
0.70 4.19 0.39 1.00 0.00
0.70 4.19 0.56 1.00 0.00
0.70 4.19 0.74 1.00 0.00
0.70 4.19 0.91 1.00 0.00
0.70 4.19 1.09 1.00 0.00
0.70 4.19 1.26 1.00 0.00
0.70 4.19 1.44 1.00 0.00
0.70 4.19 1.61 1.00 0.00
0.70 4.19 1.79 1.00 0.00
0.90 4.19 -1.22 1.00 0.00
0.90 4.19 -1.04 1.00 0.00
0.90 4.19 -0.87 1.00 0.00
0.90 4.19 -0.69 1.00 0.00
0.90 4.19 -0.52 1.00 0.00
0.90 4.19 -0.34 1.00 0.00
0.90 4.19 -0.17 1.00 0.00
0.90 4.19 0.00 1.00 0.00
0.90 4.19 0.18 1.00 0.00
0.90 4.19 0.35 1.00 0.00
0.90 4.19 0.53 1.00 0.00
0.90 4.19 0.70 1.00 0.00
0.90 4.19 0.88 1.00 0.00
0.90 4.19 1.05 1.00 0.00
0.90 4.19 1.23 1.00 0.00
0.90 4.19 1.40 1.00 0.00
0.90 4.19 1.58 1.00 0.00
0.90 4.19 1.75 1.00 0.00
1.10 4.19 -1.25 1.00 0.00
1.10 4.19 -1.08 1.00 0.00
1.10 4.19 -0.90 1.00 0.00
1.10 4.19 -0.73 1.00 0.00
1.10 4.19 -0.56 1.00 0.00
1.10 4.19 -0.38 1.00 0.00
1.10 4.19 -0.21 1.00 0.00
1.10 4.19 -0.03 1.00 0.00
1.10 4.19 0.14 1.00 0.00
1.10 4.19 0.32 1.00 0.00
1.10 4.19 0.49 1.00 0.00
1.10 4.19 0.67 1.00 0.00
1.10 4.19 0.84 1.00 0.00
1.10 4.19 1.02 1.00 0.00
1.10 4.19 1.19 1.00 0.00
1.10 4.19 1.36 1.00 0.00
1.10 4.19 1.54 1.00 0.00
1.10 4.19 1.71 1.00 0.00
0.30 4.36 -1.11 1.00 0.00
0.30 4.36 -0.93 1.00 0.00
0.30 4.36 -0.76 1.00 0.00
0.30 4.36 -0.58 1.00 0.00
0.30 4.36 -0.41 1.00 0.00
0.30 4.36 -0.23 1.00 0.00
0.30 4.36 -0.06 1.00 0.00
0.30 4.36 0.12 1.00 0.00
0.30 4.36 0.29 1.00 0.00
0.30 4.36 0.46 1.00 0.00
0.30 4.36 0.64 1.00 0.00
0.30 4.36 0.81 1.00 0.00
0.30 4.36 0.99 1.00 0.00
0.30 4.36 1.16 1.00 0.00
0.30 4.36 1.34 1.00 0.00
0.30 4.36 1.51 1.00 0.00
0.30 4.36 1.69 1.00 0.00
0.30 4.36 1.86 1.00 0.00
0.50 4.36 -1.14 1.00 0.00
0.50 4.36 -0.97 1.00 0.00
0.50 4.36 -0.79 1.00 0.00
0.50 4.36 -0.62 1.00 0.00
0.50 4.36 -0.45 1.00 0.00
0.50 4.36 -0.27 1.00 0.00
0.50 4.36 -0.10 1.00 0.00
0.50 4.36 0.08 1.00 0.00
0.50 4.36 0.25 1.00 0.00
0.50 4.36 0.43 1.00 0.00
0.50 4.36 0.60 1.00 0.00
0.50 4.36 0.78 1.00 0.00
0.50 4.36 0.95 1.00 0.00
0.50 4.36 1.12 1.00 0.00
0.50 4.36 1.30 1.00 0.00
0.50 4.36 1.47 1.00 0.00
0.50 4.36 1.65 1.00 0.00
0.50 4.36 1.82 1.00 0.00
0.70 4.36 -1.18 1.00 0.00
0.70 4.36 -1.01 1.00 0.00
0.70 4.36 -0.83 1.00 0.00
0.70 4.36 -0.66 1.00 0.00
0.70 4.36 -0.48 1.00 0.00
0.70 4.36 -0.31 1.00 0.00
0.70 4.36 -0.13 1.00 0.00
0.70 4.36 0.04 1.00 0.00
0.70 4.36 0.21 1.00 0.00
0.70 4.36 0.39 1.00 0.00
0.70 4.36 0.56 1.00 0.00
0.70 4.36 0.74 1.00 0.00
0.70 4.36 0.91 1.00 0.00
0.70 4.36 1.09 1.00 0.00
0.70 4.36 1.26 1.00 0.00
0.70 4.36 1.44 1.00 0.00
0.70 4.36 1.61 1.00 0.00
0.70 4.36 1.79 1.00 0.00
0.90 4.36 -1.22 1.00 0.00
0.90 4.36 -1.05 1.00 0.00
0.90 4.36 -0.87 1.00 0.00
0.90 4.36 -0.70 1.00 0.00
0.90 4.36 -0.52 1.00 0.00
0.90 4.36 -0.35 1.00 0.00
0.90 4.36 -0.17 1.00 0.00
0.90 4.36 0.00 1.00 0.00
0.90 4.36 0.18 1.00 0.00
0.90 4.36 0.35 1.00 0.00
0.90 4.36 0.53 1.00 0.00
0.90 4.36 0.70 1.00 0.00
0.90 4.36 0.87 1.00 0.00
0.90 4.36 1.05 1.00 0.00
0.90 4.36 1.22 1.00 0.00
0.90 4.36 1.40 1.00 0.00
0.90 4.36 1.57 1.00 0.00
0.90 4.36 1.75 1.00 0.00
1.10 4.36 -1.26 1.00 0.00
1.10 4.36 -1.08 1.00 0.00
1.10 4.36 -0.91 1.00 0.00
1.10 4.36 -0.73 1.00 0.00
1.10 4.36 -0.56 1.00 0.00
1.10 4.36 -0.39 1.00 0.00
1.10 4.36 -0.21 1.00 0.00
1.10 4.36 -0.04 1.00 0.00
1.10 4.36 0.14 1.00 0.00
1.10 4.36 0.31 1.00 0.00
1.10 4.36 0.49 1.00 0.00
1.10 4.36 0.66 1.00 0.00
1.10 4.36 0.84 1.00 0.00
1.10 4.36 1.01 1.00 0.00
1.10 4.36 1.19 1.00 0.00
1.10 4.36 1.36 1.00 0.00
1.10 4.36 1.53 1.00 0.00
1.10 4.36 1.71 1.00 0.00
0.30 4.54 -1.10 1.00 0.00
0.30 4.54 -0.93 1.00 0.00
0.30 4.54 -0.76 1.00 0.00
0.30 4.54 -0.58 1.00 0.00
0.30 4.54 -0.41 1.00 0.00
0.30 4.54 -0.23 1.00 0.00
0.30 4.54 -0.06 1.00 0.00
0.30 4.54 0.12 1.00 0.00
0.30 4.54 0.29 1.00 0.00
0.30 4.54 0.47 1.00 0.00
0.30 4.54 0.64 1.00 0.00
0.30 4.54 0.82 1.00 0.00
0.30 4.54 0.99 1.00 0.00
0.30 4.54 1.16 1.00 0.00
0.30 4.54 1.34 1.00 0.00
0.30 4.54 1.51 1.00 0.00
0.30 4.54 1.69 1.00 0.00
0.30 4.54 1.86 1.00 0.00
0.50 4.54 -1.14 1.00 0.00
0.50 4.54 -0.97 1.00 0.00
0.50 4.54 -0.79 1.00 0.00
0.50 4.54 -0.62 1.00 0.00
0.50 4.54 -0.44 1.00 0.00
0.50 4.54 -0.27 1.00 0.00
0.50 4.54 -0.09 1.00 0.00
0.50 4.54 0.08 1.00 0.00
0.50 4.54 0.26 1.00 0.00
0.50 4.54 0.43 1.00 0.00
0.50 4.54 0.60 1.00 0.00
0.50 4.54 0.78 1.00 0.00
0.50 4.54 0.95 1.00 0.00
0.50 4.54 1.13 1.00 0.00
0.50 4.54 1.30 1.00 0.00
0.50 4.54 1.48 1.00 0.00
0.50 4.54 1.65 1.00 0.00
0.50 4.54 1.83 1.00 0.00
0.70 4.54 -1.18 1.00 0.00
0.70 4.54 -1.00 1.00 0.00
0.70 4.54 -0.83 1.00 0.00
0.70 4.54 -0.66 1.00 0.00
0.70 4.54 -0.48 1.00 0.00
0.70 4.54 -0.31 1.00 0.00
0.70 4.54 -0.13 1.00 0.00
0.70 4.54 0.04 1.00 0.00
0.70 4.54 0.22 1.00 0.00
0.70 4.54 0.39 1.00 0.00
0.70 4.54 0.57 1.00 0.00
0.70 4.54 0.74 1.00 0.00
0.70 4.54 0.92 1.00 0.00
0.70 4.54 1.09 1.00 0.00
0.70 4.54 1.26 1.00 0.00
0.70 4.54 1.44 1.00 0.00
0.70 4.54 1.61 1.00 0.00
0.70 4.54 1.79 1.00 0.00
0.90 4.54 -1.22 1.00 0.00
0.90 4.54 -1.04 1.00 0.00
0.90 4.54 -0.87 1.00 0.00
0.90 4.54 -0.69 1.00 0.00
0.90 4.54 -0.52 1.00 0.00
0.90 4.54 -0.34 1.00 0.00
0.90 4.54 -0.17 1.00 0.00
0.90 4.54 0.00 1.00 0.00
0.90 4.54 0.18 1.00 0.00
0.90 4.54 0.35 1.00 0.00
0.90 4.54 0.53 1.00 0.00
0.90 4.54 0.70 1.00 0.00
0.90 4.54 0.88 1.00 0.00
0.90 4.54 1.05 1.00 0.00
0.90 4.54 1.23 1.00 0.00
0.90 4.54 1.40 1.00 0.00
0.90 4.54 1.58 1.00 0.00
0.90 4.54 1.75 1.00 0.00
1.10 4.54 -1.26 1.00 0.00
1.10 4.54 -1.08 1.00 0.00
1.10 4.54 -0.91 1.00 0.00
1.10 4.54 -0.73 1.00 0.00
1.10 4.54 -0.56 1.00 0.00
1.10 4.54 -0.38 1.00 0.00
1.10 4.54 -0.21 1.00 0.00
1.10 4.54 -0.03 1.00 0.00
1.10 4.54 0.14 1.00 0.00
1.10 4.54 0.32 1.00 0.00
1.10 4.54 0.49 1.00 0.00
1.10 4.54 0.66 1.00 0.00
1.10 4.54 0.84 1.00 0.00
1.10 4.54 1.01 1.00 0.00
1.10 4.54 1.19 1.00 0.00
1.10 4.54 1.36 1.00 0.00
1.10 4.54 1.54 1.00 0.00
1.10 4.54 1.71 1.00 0.00
0.30 4.71 -1.10 1.00 0.00
0.30 4.71 -0.93 1.00 0.00
0.30 4.71 -0.75 1.00 0.00
0.30 4.71 -0.58 1.00 0.00
0.30 4.71 -0.40 1.00 0.00
0.30 4.71 -0.23 1.00 0.00
0.30 4.71 -0.05 1.00 0.00
0.30 4.71 0.12 1.00 0.00
0.30 4.71 0.30 1.00 0.00
0.30 4.71 0.47 1.00 0.00
0.30 4.71 0.64 1.00 0.00
0.30 4.71 0.82 1.00 0.00
0.30 4.71 0.99 1.00 0.00
0.30 4.71 1.17 1.00 0.00
0.30 4.71 1.34 1.00 0.00
0.30 4.71 1.52 1.00 0.00
0.30 4.71 1.69 1.00 0.00
0.30 4.71 1.87 1.00 0.00
0.50 4.71 -1.14 1.00 0.00
0.50 4.71 -0.96 1.00 0.00
0.50 4.71 -0.79 1.00 0.00
0.50 4.71 -0.61 1.00 0.00
0.50 4.71 -0.44 1.00 0.00
0.50 4.71 -0.26 1.00 0.00
0.50 4.71 -0.09 1.00 0.00
0.50 4.71 0.09 1.00 0.00
0.50 4.71 0.26 1.00 0.00
0.50 4.71 0.44 1.00 0.00
0.50 4.71 0.61 1.00 0.00
0.50 4.71 0.78 1.00 0.00
0.50 4.71 0.96 1.00 0.00
0.50 4.71 1.13 1.00 0.00
0.50 4.71 1.31 1.00 0.00
0.50 4.71 1.48 1.00 0.00
0.50 4.71 1.66 1.00 0.00
0.50 4.71 1.83 1.00 0.00
0.70 4.71 -1.17 1.00 0.00
0.70 4.71 -1.00 1.00 0.00
0.70 4.71 -0.82 1.00 0.00
0.70 4.71 -0.65 1.00 0.00
0.70 4.71 -0.47 1.00 0.00
0.70 4.71 -0.30 1.00 0.00
0.70 4.71 -0.12 1.00 0.00
0.70 4.71 0.05 1.00 0.00
0.70 4.71 0.22 1.00 0.00
0.70 4.71 0.40 1.00 0.00
0.70 4.71 0.57 1.00 0.00
0.70 4.71 0.75 1.00 0.00
0.70 4.71 0.92 1.00 0.00
0.70 4.71 1.10 1.00 0.00
0.70 4.71 1.27 1.00 0.00
0.70 4.71 1.45 1.00 0.00
0.70 4.71 1.62 1.00 0.00
0.70 4.71 1.80 1.00 0.00
0.90 4.71 -1.21 1.00 0.00
0.90 4.71 -1.03 1.00 0.00
0.90 4.71 -0.86 1.00 0.00
0.90 4.71 -0.69 1.00 0.00
0.90 4.71 -0.51 1.00 0.00
0.90 4.71 -0.34 1.00 0.00
0.90 4.71 -0.16 1.00 0.00
0.90 4.71 0.01 1.00 0.00
0.90 4.71 0.19 1.00 0.00
0.90 4.71 0.36 1.00 0.00
0.90 4.71 0.54 1.00 0.00
0.90 4.71 0.71 1.00 0.00
0.90 4.71 0.89 1.00 0.00
0.90 4.71 1.06 1.00 0.00
0.90 4.71 1.23 1.00 0.00
0.90 4.71 1.41 1.00 0.00
0.90 4.71 1.58 1.00 0.00
0.90 4.71 1.76 1.00 0.00
1.10 4.71 -1.25 1.00 0.00
1.10 4.71 -1.07 1.00 0.00
1.10 4.71 -0.90 1.00 0.00
1.10 4.71 -0.72 1.00 0.00
1.10 4.71 -0.55 1.00 0.00
1.10 4.71 -0.37 1.00 0.00
1.10 4.71 -0.20 1.00 0.00
1.10 4.71 -0.03 1.00 0.00
1.10 4.71 0.15 1.00 0.00
1.10 4.71 0.32 1.00 0.00
1.10 4.71 0.50 1.00 0.00
1.10 4.71 0.67 1.00 0.00
1.10 4.71 0.85 1.00 0.00
1.10 4.71 1.02 1.00 0.00
1.10 4.71 1.20 1.00 0.00
1.10 4.71 1.37 1.00 0.00
1.10 4.71 1.55 1.00 0.00
1.10 4.71 1.72 1.00 0.00
0.30 4.89 -1.10 1.00 0.00
0.30 4.89 -0.92 1.00 0.00
0.30 4.89 -0.75 1.00 0.00
0.30 4.89 -0.57 1.00 0.00
0.30 4.89 -0.40 1.00 0.00
0.30 4.89 -0.22 1.00 0.00
0.30 4.89 -0.05 1.00 0.00
0.30 4.89 0.13 1.00 0.00
0.30 4.89 0.30 1.00 0.00
0.30 4.89 0.48 1.00 0.00
0.30 4.89 0.65 1.00 0.00
0.30 4.89 0.82 1.00 0.00
0.30 4.89 1.00 1.00 0.00
0.30 4.89 1.17 1.00 0.00
0.30 4.89 1.35 1.00 0.00
0.30 4.89 1.52 1.00 0.00
0.30 4.89 1.70 1.00 0.00
0.30 4.89 1.87 1.00 0.00
0.50 4.89 -1.13 1.00 0.00
0.50 4.89 -0.95 1.00 0.00
0.50 4.89 -0.78 1.00 0.00
0.50 4.89 -0.60 1.00 0.00
0.50 4.89 -0.43 1.00 0.00
0.50 4.89 -0.25 1.00 0.00
0.50 4.89 -0.08 1.00 0.00
0.50 4.89 0.09 1.00 0.00
0.50 4.89 0.27 1.00 0.00
0.50 4.89 0.44 1.00 0.00
0.50 4.89 0.62 1.00 0.00
0.50 4.89 0.79 1.00 0.00
0.50 4.89 0.97 1.00 0.00
0.50 4.89 1.14 1.00 0.00
0.50 4.89 1.32 1.00 0.00
0.50 4.89 1.49 1.00 0.00
0.50 4.89 1.67 1.00 0.00
0.50 4.89 1.84 1.00 0.00
0.70 4.89 -1.16 1.00 0.00
0.70 4.89 -0.99 1.00 0.00
0.70 4.89 -0.81 1.00 0.00
0.70 4.89 -0.64 1.00 0.00
0.70 4.89 -0.46 1.00 0.00
0.70 4.89 -0.29 1.00 0.00
0.70 4.89 -0.11 1.00 0.00
0.70 4.89 0.06 1.00 0.00
0.70 4.89 0.24 1.00 0.00
0.70 4.89 0.41 1.00 0.00
0.70 4.89 0.59 1.00 0.00
0.70 4.89 0.76 1.00 0.00
0.70 4.89 0.93 1.00 0.00
0.70 4.89 1.11 1.00 0.00
0.70 4.89 1.28 1.00 0.00
0.70 4.89 1.46 1.00 0.00
0.70 4.89 1.63 1.00 0.00
0.70 4.89 1.81 1.00 0.00
0.90 4.89 -1.19 1.00 0.00
0.90 4.89 -1.02 1.00 0.00
0.90 4.89 -0.85 1.00 0.00
0.90 4.89 -0.67 1.00 0.00
0.90 4.89 -0.50 1.00 0.00
0.90 4.89 -0.32 1.00 0.00
0.90 4.89 -0.15 1.00 0.00
0.90 4.89 0.03 1.00 0.00
0.90 4.89 0.20 1.00 0.00
0.90 4.89 0.38 1.00 0.00
0.90 4.89 0.55 1.00 0.00
0.90 4.89 0.73 1.00 0.00
0.90 4.89 0.90 1.00 0.00
0.90 4.89 1.07 1.00 0.00
0.90 4.89 1.25 1.00 0.00
0.90 4.89 1.42 1.00 0.00
0.90 4.89 1.60 1.00 0.00
0.90 4.89 1.77 1.00 0.00
1.10 4.89 -1.23 1.00 0.00
1.10 4.89 -1.06 1.00 0.00
1.10 4.89 -0.88 1.00 0.00
1.10 4.89 -0.71 1.00 0.00
1.10 4.89 -0.53 1.00 0.00
1.10 4.89 -0.36 1.00 0.00
1.10 4.89 -0.18 1.00 0.00
1.10 4.89 -0.01 1.00 0.00
1.10 4.89 0.17 1.00 0.00
1.10 4.89 0.34 1.00 0.00
1.10 4.89 0.51 1.00 0.00
1.10 4.89 0.69 1.00 0.00
1.10 4.89 0.86 1.00 0.00
1.10 4.89 1.04 1.00 0.00
1.10 4.89 1.21 1.00 0.00
1.10 4.89 1.39 1.00 0.00
1.10 4.89 1.56 1.00 0.00
1.10 4.89 1.74 1.00 0.00
0.30 5.06 -1.09 1.00 0.00
0.30 5.06 -0.91 1.00 0.00
0.30 5.06 -0.74 1.00 0.00
0.30 5.06 -0.56 1.00 0.00
0.30 5.06 -0.39 1.00 0.00
0.30 5.06 -0.22 1.00 0.00
0.30 5.06 -0.04 1.00 0.00
0.30 5.06 0.13 1.00 0.00
0.30 5.06 0.31 1.00 0.00
0.30 5.06 0.48 1.00 0.00
0.30 5.06 0.66 1.00 0.00
0.30 5.06 0.83 1.00 0.00
0.30 5.06 1.01 1.00 0.00
0.30 5.06 1.18 1.00 0.00
0.30 5.06 1.36 1.00 0.00
0.30 5.06 1.53 1.00 0.00
0.30 5.06 1.70 1.00 0.00
0.30 5.06 1.88 1.00 0.00
0.50 5.06 -1.12 1.00 0.00
0.50 5.06 -0.94 1.00 0.00
0.50 5.06 -0.77 1.00 0.00
0.50 5.06 -0.59 1.00 0.00
0.50 5.06 -0.42 1.00 0.00
0.50 5.06 -0.24 1.00 0.00
0.50 5.06 -0.07 1.00 0.00
0.50 5.06 0.11 1.00 0.00
0.50 5.06 0.28 1.00 0.00
0.50 5.06 0.46 1.00 0.00
0.50 5.06 0.63 1.00 0.00
0.50 5.06 0.80 1.00 0.00
0.50 5.06 0.98 1.00 0.00
0.50 5.06 1.15 1.00 0.00
0.50 5.06 1.33 1.00 0.00
0.50 5.06 1.50 1.00 0.00
0.50 5.06 1.68 1.00 0.00
0.50 5.06 1.85 1.00 0.00
0.70 5.06 -1.14 1.00 0.00
0.70 5.06 -0.97 1.00 0.00
0.70 5.06 -0.80 1.00 0.00
0.70 5.06 -0.62 1.00 0.00
0.70 5.06 -0.45 1.00 0.00
0.70 5.06 -0.27 1.00 0.00
0.70 5.06 -0.10 1.00 0.00
0.70 5.06 0.08 1.00 0.00
0.70 5.06 0.25 1.00 0.00
0.70 5.06 0.43 1.00 0.00
0.70 5.06 0.60 1.00 0.00
0.70 5.06 0.78 1.00 0.00
0.70 5.06 0.95 1.00 0.00
0.70 5.06 1.12 1.00 0.00
0.70 5.06 1.30 1.00 0.00
0.70 5.06 1.47 1.00 0.00
0.70 5.06 1.65 1.00 0.00
0.70 5.06 1.82 1.00 0.00
0.90 5.06 -1.17 1.00 0.00
0.90 5.06 -1.00 1.00 0.00
0.90 5.06 -0.83 1.00 0.00
0.90 5.06 -0.65 1.00 0.00
0.90 5.06 -0.48 1.00 0.00
0.90 5.06 -0.30 1.00 0.00
0.90 5.06 -0.13 1.00 0.00
0.90 5.06 0.05 1.00 0.00
0.90 5.06 0.22 1.00 0.00
0.90 5.06 0.40 1.00 0.00
0.90 5.06 0.57 1.00 0.00
0.90 5.06 0.75 1.00 0.00
0.90 5.06 0.92 1.00 0.00
0.90 5.06 1.09 1.00 0.00
0.90 5.06 1.27 1.00 0.00
0.90 5.06 1.44 1.00 0.00
0.90 5.06 1.62 1.00 0.00
0.90 5.06 1.79 1.00 0.00
1.10 5.06 -1.21 1.00 0.00
1.10 5.06 -1.03 1.00 0.00
1.10 5.06 -0.86 1.00 0.00
1.10 5.06 -0.68 1.00 0.00
1.10 5.06 -0.51 1.00 0.00
1.10 5.06 -0.33 1.00 0.00
1.10 5.06 -0.16 1.00 0.00
1.10 5.06 0.01 1.00 0.00
1.10 5.06 0.19 1.00 0.00
1.10 5.06 0.36 1.00 0.00
1.10 5.06 0.54 1.00 0.00
1.10 5.06 0.71 1.00 0.00
1.10 5.06 0.89 1.00 0.00
1.10 5.06 1.06 1.00 0.00
1.10 5.06 1.24 1.00 0.00
1.10 5.06 1.41 1.00 0.00
1.10 5.06 1.59 1.00 0.00
1.10 5.06 1.76 1.00 0.00
0.30 5.24 -1.08 1.00 0.00
0.30 5.24 -0.91 1.00 0.00
0.30 5.24 -0.73 1.00 0.00
0.30 5.24 -0.56 1.00 0.00
0.30 5.24 -0.38 1.00 0.00
0.30 5.24 -0.21 1.00 0.00
0.30 5.24 -0.03 1.00 0.00
0.30 5.24 0.14 1.00 0.00
0.30 5.24 0.32 1.00 0.00
0.30 5.24 0.49 1.00 0.00
0.30 5.24 0.67 1.00 0.00
0.30 5.24 0.84 1.00 0.00
0.30 5.24 1.01 1.00 0.00
0.30 5.24 1.19 1.00 0.00
0.30 5.24 1.36 1.00 0.00
0.30 5.24 1.54 1.00 0.00
0.30 5.24 1.71 1.00 0.00
0.30 5.24 1.89 1.00 0.00
0.50 5.24 -1.10 1.00 0.00
0.50 5.24 -0.93 1.00 0.00
0.50 5.24 -0.75 1.00 0.00
0.50 5.24 -0.58 1.00 0.00
0.50 5.24 -0.40 1.00 0.00
0.50 5.24 -0.23 1.00 0.00
0.50 5.24 -0.05 1.00 0.00
0.50 5.24 0.12 1.00 0.00
0.50 5.24 0.29 1.00 0.00
0.50 5.24 0.47 1.00 0.00
0.50 5.24 0.64 1.00 0.00
0.50 5.24 0.82 1.00 0.00
0.50 5.24 0.99 1.00 0.00
0.50 5.24 1.17 1.00 0.00
0.50 5.24 1.34 1.00 0.00
0.50 5.24 1.52 1.00 0.00
0.50 5.24 1.69 1.00 0.00
0.50 5.24 1.87 1.00 0.00
0.70 5.24 -1.12 1.00 0.00
0.70 5.24 -0.95 1.00 0.00
0.70 5.24 -0.78 1.00 0.00
0.70 5.24 -0.60 1.00 0.00
0.70 5.24 -0.43 1.00 0.00
0.70 5.24 -0.25 1.00 0.00
0.70 5.24 -0.08 1.00 0.00
0.70 5.24 0.10 1.00 0.00
0.70 5.24 0.27 1.00 0.00
0.70 5.24 0.45 1.00 0.00
0.70 5.24 0.62 1.00 0.00
0.70 5.24 0.80 1.00 0.00
0.70 5.24 0.97 1.00 0.00
0.70 5.24 1.14 1.00 0.00
0.70 5.24 1.32 1.00 0.00
0.70 5.24 1.49 1.00 0.00
0.70 5.24 1.67 1.00 0.00
0.70 5.24 1.84 1.00 0.00
0.90 5.24 -1.15 1.00 0.00
0.90 5.24 -0.97 1.00 0.00
0.90 5.24 -0.80 1.00 0.00
0.90 5.24 -0.63 1.00 0.00
0.90 5.24 -0.45 1.00 0.00
0.90 5.24 -0.28 1.00 0.00
0.90 5.24 -0.10 1.00 0.00
0.90 5.24 0.07 1.00 0.00
0.90 5.24 0.25 1.00 0.00
0.90 5.24 0.42 1.00 0.00
0.90 5.24 0.60 1.00 0.00
0.90 5.24 0.77 1.00 0.00
0.90 5.24 0.95 1.00 0.00
0.90 5.24 1.12 1.00 0.00
0.90 5.24 1.29 1.00 0.00
0.90 5.24 1.47 1.00 0.00
0.90 5.24 1.64 1.00 0.00
0.90 5.24 1.82 1.00 0.00
1.10 5.24 -1.18 1.00 0.00
1.10 5.24 -1.00 1.00 0.00
1.10 5.24 -0.83 1.00 0.00
1.10 5.24 -0.65 1.00 0.00
1.10 5.24 -0.48 1.00 0.00
1.10 5.24 -0.30 1.00 0.00
1.10 5.24 -0.13 1.00 0.00
1.10 5.24 0.05 1.00 0.00
1.10 5.24 0.22 1.00 0.00
1.10 5.24 0.39 1.00 0.00
1.10 5.24 0.57 1.00 0.00
1.10 5.24 0.74 1.00 0.00
1.10 5.24 0.92 1.00 0.00
1.10 5.24 1.09 1.00 0.00
1.10 5.24 1.27 1.00 0.00
1.10 5.24 1.44 1.00 0.00
1.10 5.24 1.62 1.00 0.00
1.10 5.24 1.79 1.00 0.00
0.30 5.41 -1.07 1.00 0.00
0.30 5.41 -0.90 1.00 0.00
0.30 5.41 -0.72 1.00 0.00
0.30 5.41 -0.55 1.00 0.00
0.30 5.41 -0.37 1.00 0.00
0.30 5.41 -0.20 1.00 0.00
0.30 5.41 -0.02 1.00 0.00
0.30 5.41 0.15 1.00 0.00
0.30 5.41 0.33 1.00 0.00
0.30 5.41 0.50 1.00 0.00
0.30 5.41 0.67 1.00 0.00
0.30 5.41 0.85 1.00 0.00
0.30 5.41 1.02 1.00 0.00
0.30 5.41 1.20 1.00 0.00
0.30 5.41 1.37 1.00 0.00
0.30 5.41 1.55 1.00 0.00
0.30 5.41 1.72 1.00 0.00
0.30 5.41 1.90 1.00 0.00
0.50 5.41 -1.09 1.00 0.00
0.50 5.41 -0.91 1.00 0.00
0.50 5.41 -0.74 1.00 0.00
0.50 5.41 -0.56 1.00 0.00
0.50 5.41 -0.39 1.00 0.00
0.50 5.41 -0.21 1.00 0.00
0.50 5.41 -0.04 1.00 0.00
0.50 5.41 0.14 1.00 0.00
0.50 5.41 0.31 1.00 0.00
0.50 5.41 0.48 1.00 0.00
0.50 5.41 0.66 1.00 0.00
0.50 5.41 0.83 1.00 0.00
0.50 5.41 1.01 1.00 0.00
0.50 5.41 1.18 1.00 0.00
0.50 5.41 1.36 1.00 0.00
0.50 5.41 1.53 1.00 0.00
0.50 5.41 1.71 1.00 0.00
0.50 5.41 1.88 1.00 0.00
0.70 5.41 -1.10 1.00 0.00
0.70 5.41 -0.93 1.00 0.00
0.70 5.41 -0.75 1.00 0.00
0.70 5.41 -0.58 1.00 0.00
0.70 5.41 -0.40 1.00 0.00
0.70 5.41 -0.23 1.00 0.00
0.70 5.41 -0.05 1.00 0.00
0.70 5.41 0.12 1.00 0.00
0.70 5.41 0.29 1.00 0.00
0.70 5.41 0.47 1.00 0.00
0.70 5.41 0.64 1.00 0.00
0.70 5.41 0.82 1.00 0.00
0.70 5.41 0.99 1.00 0.00
0.70 5.41 1.17 1.00 0.00
0.70 5.41 1.34 1.00 0.00
0.70 5.41 1.52 1.00 0.00
0.70 5.41 1.69 1.00 0.00
0.70 5.41 1.86 1.00 0.00
0.90 5.41 -1.12 1.00 0.00
0.90 5.41 -0.95 1.00 0.00
0.90 5.41 -0.77 1.00 0.00
0.90 5.41 -0.60 1.00 0.00
0.90 5.41 -0.42 1.00 0.00
0.90 5.41 -0.25 1.00 0.00
0.90 5.41 -0.07 1.00 0.00
0.90 5.41 0.10 1.00 0.00
0.90 5.41 0.28 1.00 0.00
0.90 5.41 0.45 1.00 0.00
0.90 5.41 0.63 1.00 0.00
0.90 5.41 0.80 1.00 0.00
0.90 5.41 0.97 1.00 0.00
0.90 5.41 1.15 1.00 0.00
0.90 5.41 1.32 1.00 0.00
0.90 5.41 1.50 1.00 0.00
0.90 5.41 1.67 1.00 0.00
0.90 5.41 1.85 1.00 0.00
1.10 5.41 -1.14 1.00 0.00
1.10 5.41 -0.96 1.00 0.00
1.10 5.41 -0.79 1.00 0.00
1.10 5.41 -0.61 1.00 0.00
1.10 5.41 -0.44 1.00 0.00
1.10 5.41 -0.27 1.00 0.00
1.10 5.41 -0.09 1.00 0.00
1.10 5.41 0.08 1.00 0.00
1.10 5.41 0.26 1.00 0.00
1.10 5.41 0.43 1.00 0.00
1.10 5.41 0.61 1.00 0.00
1.10 5.41 0.78 1.00 0.00
1.10 5.41 0.96 1.00 0.00
1.10 5.41 1.13 1.00 0.00
1.10 5.41 1.31 1.00 0.00
1.10 5.41 1.48 1.00 0.00
1.10 5.41 1.65 1.00 0.00
1.10 5.41 1.83 1.00 0.00
0.30 5.59 -1.06 1.00 0.00
0.30 5.59 -0.89 1.00 0.00
0.30 5.59 -0.71 1.00 0.00
0.30 5.59 -0.54 1.00 0.00
0.30 5.59 -0.36 1.00 0.00
0.30 5.59 -0.19 1.00 0.00
0.30 5.59 -0.01 1.00 0.00
0.30 5.59 0.16 1.00 0.00
0.30 5.59 0.34 1.00 0.00
0.30 5.59 0.51 1.00 0.00
0.30 5.59 0.68 1.00 0.00
0.30 5.59 0.86 1.00 0.00
0.30 5.59 1.03 1.00 0.00
0.30 5.59 1.21 1.00 0.00
0.30 5.59 1.38 1.00 0.00
0.30 5.59 1.56 1.00 0.00
0.30 5.59 1.73 1.00 0.00
0.30 5.59 1.91 1.00 0.00
0.50 5.59 -1.07 1.00 0.00
0.50 5.59 -0.89 1.00 0.00
0.50 5.59 -0.72 1.00 0.00
0.50 5.59 -0.55 1.00 0.00
0.50 5.59 -0.37 1.00 0.00
0.50 5.59 -0.20 1.00 0.00
0.50 5.59 -0.02 1.00 0.00
0.50 5.59 0.15 1.00 0.00
0.50 5.59 0.33 1.00 0.00
0.50 5.59 0.50 1.00 0.00
0.50 5.59 0.68 1.00 0.00
0.50 5.59 0.85 1.00 0.00
0.50 5.59 1.03 1.00 0.00
0.50 5.59 1.20 1.00 0.00
0.50 5.59 1.37 1.00 0.00
0.50 5.59 1.55 1.00 0.00
0.50 5.59 1.72 1.00 0.00
0.50 5.59 1.90 1.00 0.00
0.70 5.59 -1.08 1.00 0.00
0.70 5.59 -0.90 1.00 0.00
0.70 5.59 -0.73 1.00 0.00
0.70 5.59 -0.55 1.00 0.00
0.70 5.59 -0.38 1.00 0.00
0.70 5.59 -0.20 1.00 0.00
0.70 5.59 -0.03 1.00 0.00
0.70 5.59 0.14 1.00 0.00
0.70 5.59 0.32 1.00 0.00
0.70 5.59 0.49 1.00 0.00
0.70 5.59 0.67 1.00 0.00
0.70 5.59 0.84 1.00 0.00
0.70 5.59 1.02 1.00 0.00
0.70 5.59 1.19 1.00 0.00
0.70 5.59 1.37 1.00 0.00
0.70 5.59 1.54 1.00 0.00
0.70 5.59 1.72 1.00 0.00
0.70 5.59 1.89 1.00 0.00
0.90 5.59 -1.09 1.00 0.00
0.90 5.59 -0.91 1.00 0.00
0.90 5.59 -0.74 1.00 0.00
0.90 5.59 -0.56 1.00 0.00
0.90 5.59 -0.39 1.00 0.00
0.90 5.59 -0.21 1.00 0.00
0.90 5.59 -0.04 1.00 0.00
0.90 5.59 0.14 1.00 0.00
0.90 5.59 0.31 1.00 0.00
0.90 5.59 0.48 1.00 0.00
0.90 5.59 0.66 1.00 0.00
0.90 5.59 0.83 1.00 0.00
0.90 5.59 1.01 1.00 0.00
0.90 5.59 1.18 1.00 0.00
0.90 5.59 1.36 1.00 0.00
0.90 5.59 1.53 1.00 0.00
0.90 5.59 1.71 1.00 0.00
0.90 5.59 1.88 1.00 0.00
1.10 5.59 -1.10 1.00 0.00
1.10 5.59 -0.92 1.00 0.00
1.10 5.59 -0.75 1.00 0.00
1.10 5.59 -0.57 1.00 0.00
1.10 5.59 -0.40 1.00 0.00
1.10 5.59 -0.22 1.00 0.00
1.10 5.59 -0.05 1.00 0.00
1.10 5.59 0.13 1.00 0.00
1.10 5.59 0.30 1.00 0.00
1.10 5.59 0.47 1.00 0.00
1.10 5.59 0.65 1.00 0.00
1.10 5.59 0.82 1.00 0.00
1.10 5.59 1.00 1.00 0.00
1.10 5.59 1.17 1.00 0.00
1.10 5.59 1.35 1.00 0.00
1.10 5.59 1.52 1.00 0.00
1.10 5.59 1.70 1.00 0.00
1.10 5.59 1.87 1.00 0.00
0.30 5.76 -1.05 1.00 0.00
0.30 5.76 -0.88 1.00 0.00
0.30 5.76 -0.70 1.00 0.00
0.30 5.76 -0.53 1.00 0.00
0.30 5.76 -0.35 1.00 0.00
0.30 5.76 -0.18 1.00 0.00
0.30 5.76 -0.00 1.00 0.00
0.30 5.76 0.17 1.00 0.00
0.30 5.76 0.35 1.00 0.00
0.30 5.76 0.52 1.00 0.00
0.30 5.76 0.69 1.00 0.00
0.30 5.76 0.87 1.00 0.00
0.30 5.76 1.04 1.00 0.00
0.30 5.76 1.22 1.00 0.00
0.30 5.76 1.39 1.00 0.00
0.30 5.76 1.57 1.00 0.00
0.30 5.76 1.74 1.00 0.00
0.30 5.76 1.92 1.00 0.00
0.50 5.76 -1.05 1.00 0.00
0.50 5.76 -0.88 1.00 0.00
0.50 5.76 -0.70 1.00 0.00
0.50 5.76 -0.53 1.00 0.00
0.50 5.76 -0.35 1.00 0.00
0.50 5.76 -0.18 1.00 0.00
0.50 5.76 -0.00 1.00 0.00
0.50 5.76 0.17 1.00 0.00
0.50 5.76 0.35 1.00 0.00
0.50 5.76 0.52 1.00 0.00
0.50 5.76 0.69 1.00 0.00
0.50 5.76 0.87 1.00 0.00
0.50 5.76 1.04 1.00 0.00
0.50 5.76 1.22 1.00 0.00
0.50 5.76 1.39 1.00 0.00
0.50 5.76 1.57 1.00 0.00
0.50 5.76 1.74 1.00 0.00
0.50 5.76 1.92 1.00 0.00
0.70 5.76 -1.05 1.00 0.00
0.70 5.76 -0.88 1.00 0.00
0.70 5.76 -0.70 1.00 0.00
0.70 5.76 -0.53 1.00 0.00
0.70 5.76 -0.35 1.00 0.00
0.70 5.76 -0.18 1.00 0.00
0.70 5.76 -0.00 1.00 0.00
0.70 5.76 0.17 1.00 0.00
0.70 5.76 0.35 1.00 0.00
0.70 5.76 0.52 1.00 0.00
0.70 5.76 0.69 1.00 0.00
0.70 5.76 0.87 1.00 0.00
0.70 5.76 1.04 1.00 0.00
0.70 5.76 1.22 1.00 0.00
0.70 5.76 1.39 1.00 0.00
0.70 5.76 1.57 1.00 0.00
0.70 5.76 1.74 1.00 0.00
0.70 5.76 1.92 1.00 0.00
0.90 5.76 -1.05 1.00 0.00
0.90 5.76 -0.88 1.00 0.00
0.90 5.76 -0.70 1.00 0.00
0.90 5.76 -0.53 1.00 0.00
0.90 5.76 -0.35 1.00 0.00
0.90 5.76 -0.18 1.00 0.00
0.90 5.76 -0.00 1.00 0.00
0.90 5.76 0.17 1.00 0.00
0.90 5.76 0.34 1.00 0.00
0.90 5.76 0.52 1.00 0.00
0.90 5.76 0.69 1.00 0.00
0.90 5.76 0.87 1.00 0.00
0.90 5.76 1.04 1.00 0.00
0.90 5.76 1.22 1.00 0.00
0.90 5.76 1.39 1.00 0.00
0.90 5.76 1.57 1.00 0.00
0.90 5.76 1.74 1.00 0.00
0.90 5.76 1.92 1.00 0.00
1.10 5.76 -1.05 1.00 0.00
1.10 5.76 -0.88 1.00 0.00
1.10 5.76 -0.70 1.00 0.00
1.10 5.76 -0.53 1.00 0.00
1.10 5.76 -0.35 1.00 0.00
1.10 5.76 -0.18 1.00 0.00
1.10 5.76 -0.00 1.00 0.00
1.10 5.76 0.17 1.00 0.00
1.10 5.76 0.34 1.00 0.00
1.10 5.76 0.52 1.00 0.00
1.10 5.76 0.69 1.00 0.00
1.10 5.76 0.87 1.00 0.00
1.10 5.76 1.04 1.00 0.00
1.10 5.76 1.22 1.00 0.00
1.10 5.76 1.39 1.00 0.00
1.10 5.76 1.57 1.00 0.00
1.10 5.76 1.74 1.00 0.00
1.10 5.76 1.92 1.00 0.00
0.30 5.93 -1.04 1.00 0.00
0.30 5.93 -0.87 1.00 0.00
0.30 5.93 -0.69 1.00 0.00
0.30 5.93 -0.52 1.00 0.00
0.30 5.93 -0.34 1.00 0.00
0.30 5.93 -0.17 1.00 0.00
0.30 5.93 0.01 1.00 0.00
0.30 5.93 0.18 1.00 0.00
0.30 5.93 0.36 1.00 0.00
0.30 5.93 0.53 1.00 0.00
0.30 5.93 0.70 1.00 0.00
0.30 5.93 0.88 1.00 0.00
0.30 5.93 1.05 1.00 0.00
0.30 5.93 1.23 1.00 0.00
0.30 5.93 1.40 1.00 0.00
0.30 5.93 1.58 1.00 0.00
0.30 5.93 1.75 1.00 0.00
0.30 5.93 1.93 1.00 0.00
0.50 5.93 -1.03 1.00 0.00
0.50 5.93 -0.86 1.00 0.00
0.50 5.93 -0.68 1.00 0.00
0.50 5.93 -0.51 1.00 0.00
0.50 5.93 -0.33 1.00 0.00
0.50 5.93 -0.16 1.00 0.00
0.50 5.93 0.01 1.00 0.00
0.50 5.93 0.19 1.00 0.00
0.50 5.93 0.36 1.00 0.00
0.50 5.93 0.54 1.00 0.00
0.50 5.93 0.71 1.00 0.00
0.50 5.93 0.89 1.00 0.00
0.50 5.93 1.06 1.00 0.00
0.50 5.93 1.24 1.00 0.00
0.50 5.93 1.41 1.00 0.00
0.50 5.93 1.58 1.00 0.00
0.50 5.93 1.76 1.00 0.00
0.50 5.93 1.93 1.00 0.00
0.70 5.93 -1.03 1.00 0.00
0.70 5.93 -0.85 1.00 0.00
0.70 5.93 -0.68 1.00 0.00
0.70 5.93 -0.50 1.00 0.00
0.70 5.93 -0.33 1.00 0.00
0.70 5.93 -0.15 1.00 0.00
0.70 5.93 0.02 1.00 0.00
0.70 5.93 0.20 1.00 0.00
0.70 5.93 0.37 1.00 0.00
0.70 5.93 0.55 1.00 0.00
0.70 5.93 0.72 1.00 0.00
0.70 5.93 0.89 1.00 0.00
0.70 5.93 1.07 1.00 0.00
0.70 5.93 1.24 1.00 0.00
0.70 5.93 1.42 1.00 0.00
0.70 5.93 1.59 1.00 0.00
0.70 5.93 1.77 1.00 0.00
0.70 5.93 1.94 1.00 0.00
0.90 5.93 -1.02 1.00 0.00
0.90 5.93 -0.84 1.00 0.00
0.90 5.93 -0.67 1.00 0.00
0.90 5.93 -0.49 1.00 0.00
0.90 5.93 -0.32 1.00 0.00
0.90 5.93 -0.14 1.00 0.00
0.90 5.93 0.03 1.00 0.00
0.90 5.93 0.21 1.00 0.00
0.90 5.93 0.38 1.00 0.00
0.90 5.93 0.55 1.00 0.00
0.90 5.93 0.73 1.00 0.00
0.90 5.93 0.90 1.00 0.00
0.90 5.93 1.08 1.00 0.00
0.90 5.93 1.25 1.00 0.00
0.90 5.93 1.43 1.00 0.00
0.90 5.93 1.60 1.00 0.00
0.90 5.93 1.78 1.00 0.00
0.90 5.93 1.95 1.00 0.00
1.10 5.93 -1.01 1.00 0.00
1.10 5.93 -0.83 1.00 0.00
1.10 5.93 -0.66 1.00 0.00
1.10 5.93 -0.48 1.00 0.00
1.10 5.93 -0.31 1.00 0.00
1.10 5.93 -0.13 1.00 0.00
1.10 5.93 0.04 1.00 0.00
1.10 5.93 0.22 1.00 0.00
1.10 5.93 0.39 1.00 0.00
1.10 5.93 0.56 1.00 0.00
1.10 5.93 0.74 1.00 0.00
1.10 5.93 0.91 1.00 0.00
1.10 5.93 1.09 1.00 0.00
1.10 5.93 1.26 1.00 0.00
1.10 5.93 1.44 1.00 0.00
1.10 5.93 1.61 1.00 0.00
1.10 5.93 1.79 1.00 0.00
1.10 5.93 1.96 1.00 0.00
0.30 6.11 -1.03 1.00 0.00
0.30 6.11 -0.86 1.00 0.00
0.30 6.11 -0.68 1.00 0.00
0.30 6.11 -0.51 1.00 0.00
0.30 6.11 -0.33 1.00 0.00
0.30 6.11 -0.16 1.00 0.00
0.30 6.11 0.02 1.00 0.00
0.30 6.11 0.19 1.00 0.00
0.30 6.11 0.37 1.00 0.00
0.30 6.11 0.54 1.00 0.00
0.30 6.11 0.71 1.00 0.00
0.30 6.11 0.89 1.00 0.00
0.30 6.11 1.06 1.00 0.00
0.30 6.11 1.24 1.00 0.00
0.30 6.11 1.41 1.00 0.00
0.30 6.11 1.59 1.00 0.00
0.30 6.11 1.76 1.00 0.00
0.30 6.11 1.94 1.00 0.00
0.50 6.11 -1.02 1.00 0.00
0.50 6.11 -0.84 1.00 0.00
0.50 6.11 -0.67 1.00 0.00
0.50 6.11 -0.49 1.00 0.00
0.50 6.11 -0.32 1.00 0.00
0.50 6.11 -0.14 1.00 0.00
0.50 6.11 0.03 1.00 0.00
0.50 6.11 0.21 1.00 0.00
0.50 6.11 0.38 1.00 0.00
0.50 6.11 0.55 1.00 0.00
0.50 6.11 0.73 1.00 0.00
0.50 6.11 0.90 1.00 0.00
0.50 6.11 1.08 1.00 0.00
0.50 6.11 1.25 1.00 0.00
0.50 6.11 1.43 1.00 0.00
0.50 6.11 1.60 1.00 0.00
0.50 6.11 1.78 1.00 0.00
0.50 6.11 1.95 1.00 0.00
0.70 6.11 -1.00 1.00 0.00
0.70 6.11 -0.83 1.00 0.00
0.70 6.11 -0.65 1.00 0.00
0.70 6.11 -0.48 1.00 0.00
0.70 6.11 -0.30 1.00 0.00
0.70 6.11 -0.13 1.00 0.00
0.70 6.11 0.05 1.00 0.00
0.70 6.11 0.22 1.00 0.00
0.70 6.11 0.40 1.00 0.00
0.70 6.11 0.57 1.00 0.00
0.70 6.11 0.75 1.00 0.00
0.70 6.11 0.92 1.00 0.00
0.70 6.11 1.09 1.00 0.00
0.70 6.11 1.27 1.00 0.00
0.70 6.11 1.44 1.00 0.00
0.70 6.11 1.62 1.00 0.00
0.70 6.11 1.79 1.00 0.00
0.70 6.11 1.97 1.00 0.00
0.90 6.11 -0.98 1.00 0.00
0.90 6.11 -0.81 1.00 0.00
0.90 6.11 -0.63 1.00 0.00
0.90 6.11 -0.46 1.00 0.00
0.90 6.11 -0.28 1.00 0.00
0.90 6.11 -0.11 1.00 0.00
0.90 6.11 0.06 1.00 0.00
0.90 6.11 0.24 1.00 0.00
0.90 6.11 0.41 1.00 0.00
0.90 6.11 0.59 1.00 0.00
0.90 6.11 0.76 1.00 0.00
0.90 6.11 0.94 1.00 0.00
0.90 6.11 1.11 1.00 0.00
0.90 6.11 1.29 1.00 0.00
0.90 6.11 1.46 1.00 0.00
0.90 6.11 1.64 1.00 0.00
0.90 6.11 1.81 1.00 0.00
0.90 6.11 1.98 1.00 0.00
1.10 6.11 -0.96 1.00 0.00
1.10 6.11 -0.79 1.00 0.00
1.10 6.11 -0.62 1.00 0.00
1.10 6.11 -0.44 1.00 0.00
1.10 6.11 -0.27 1.00 0.00
1.10 6.11 -0.09 1.00 0.00
1.10 6.11 0.08 1.00 0.00
1.10 6.11 0.26 1.00 0.00
1.10 6.11 0.43 1.00 0.00
1.10 6.11 0.61 1.00 0.00
1.10 6.11 0.78 1.00 0.00
1.10 6.11 0.96 1.00 0.00
1.10 6.11 1.13 1.00 0.00
1.10 6.11 1.30 1.00 0.00
1.10 6.11 1.48 1.00 0.00
1.10 6.11 1.65 1.00 0.00
1.10 6.11 1.83 1.00 0.00
1.10 6.11 2.00 1.00 0.00
