2.77 0.10 -0.13
2.57 0.10 -0.18
2.38 0.10 -0.24
2.19 0.10 -0.29
2.00 0.10 -0.35
2.79 0.10 -0.18
2.61 0.10 -0.26
2.43 0.10 -0.35
2.25 0.10 -0.44
2.07 0.10 -0.53
2.81 0.10 -0.22
2.65 0.10 -0.34
2.49 0.10 -0.46
2.33 0.10 -0.57
2.17 0.10 -0.69
2.85 0.10 -0.26
2.71 0.10 -0.40
2.57 0.10 -0.55
2.43 0.10 -0.69
2.29 0.10 -0.84
2.89 0.10 -0.29
2.78 0.10 -0.46
2.66 0.10 -0.63
2.55 0.10 -0.79
2.44 0.10 -0.96
2.93 0.10 -0.32
2.85 0.10 -0.50
2.77 0.10 -0.68
2.69 0.10 -0.87
2.61 0.10 -1.05
2.98 0.10 -0.34
2.93 0.10 -0.53
2.89 0.10 -0.72
2.84 0.10 -0.92
2.79 0.10 -1.11
3.03 0.10 -0.34
3.02 0.10 -0.54
3.01 0.10 -0.74
2.99 0.10 -0.94
2.98 0.10 -1.14
3.09 0.10 -0.34
3.11 0.10 -0.54
3.13 0.10 -0.74
3.15 0.10 -0.94
3.17 0.10 -1.14
3.14 0.10 -0.33
3.19 0.10 -0.53
3.25 0.10 -0.72
3.30 0.10 -0.91
3.36 0.10 -1.10
3.19 0.10 -0.31
3.27 0.10 -0.49
3.36 0.10 -0.67
3.45 0.10 -0.85
3.54 0.10 -1.03
3.23 0.10 -0.29
3.35 0.10 -0.45
3.47 0.10 -0.61
3.58 0.10 -0.77
3.70 0.10 -0.93
3.27 0.10 -0.25
3.41 0.10 -0.39
3.56 0.10 -0.53
3.70 0.10 -0.67
3.85 0.10 -0.81
3.30 0.10 -0.21
3.47 0.10 -0.32
3.64 0.10 -0.44
3.80 0.10 -0.55
3.97 0.10 -0.66
3.33 0.10 -0.17
3.51 0.10 -0.25
3.69 0.10 -0.33
3.88 0.10 -0.41
4.06 0.10 -0.49
3.35 0.10 -0.12
3.54 0.10 -0.17
3.73 0.10 -0.21
3.93 0.10 -0.26
4.12 0.10 -0.31
3.35 0.10 -0.07
3.55 0.10 -0.08
3.75 0.10 -0.09
3.95 0.10 -0.11
4.15 0.10 -0.12
3.35 0.10 -0.01
3.55 0.10 0.01
3.75 0.10 0.03
3.95 0.10 0.05
4.15 0.10 0.07
3.34 0.10 0.04
3.54 0.10 0.09
3.73 0.10 0.15
3.92 0.10 0.20
4.11 0.10 0.26
3.32 0.10 0.09
3.50 0.10 0.17
3.68 0.10 0.26
3.86 0.10 0.35
4.04 0.10 0.44
3.30 0.10 0.13
3.46 0.10 0.25
3.62 0.10 0.37
3.78 0.10 0.48
3.94 0.10 0.60
3.26 0.10 0.17
3.40 0.10 0.32
3.54 0.10 0.46
3.68 0.10 0.60
3.82 0.10 0.75
3.22 0.10 0.20
3.33 0.10 0.37
3.45 0.10 0.54
3.56 0.10 0.70
3.67 0.10 0.87
3.18 0.10 0.23
3.26 0.10 0.41
3.34 0.10 0.60
3.42 0.10 0.78
3.50 0.10 0.96
3.13 0.10 0.25
3.18 0.10 0.44
3.22 0.10 0.63
3.27 0.10 0.83
3.32 0.10 1.02
3.08 0.10 0.25
3.09 0.10 0.45
3.10 0.10 0.65
3.12 0.10 0.85
3.13 0.10 1.05
3.02 0.10 0.25
3.00 0.10 0.45
2.98 0.10 0.65
2.96 0.10 0.85
2.94 0.10 1.05
2.97 0.10 0.24
2.92 0.10 0.44
2.86 0.10 0.63
2.81 0.10 0.82
2.75 0.10 1.01
2.92 0.10 0.23
2.84 0.10 0.40
2.75 0.10 0.58
2.66 0.10 0.76
2.57 0.10 0.94
2.88 0.10 0.20
2.76 0.10 0.36
2.64 0.10 0.52
2.53 0.10 0.68
2.41 0.10 0.85
2.84 0.10 0.16
2.70 0.10 0.30
2.55 0.10 0.44
2.41 0.10 0.58
2.26 0.10 0.72
2.81 0.10 0.12
2.64 0.10 0.23
2.47 0.10 0.35
2.31 0.10 0.46
2.14 0.10 0.57
2.78 0.10 0.08
2.60 0.10 0.16
2.42 0.10 0.24
2.23 0.10 0.32
2.05 0.10 0.40
2.76 0.10 0.03
2.57 0.10 0.08
2.38 0.10 0.12
2.18 0.10 0.17
1.99 0.10 0.22
2.76 0.10 -0.02
2.56 0.10 -0.01
2.36 0.10 0.00
2.16 0.10 0.02
1.96 0.10 0.03
2.76 0.10 -0.08
2.56 0.10 -0.10
2.36 0.10 -0.12
2.16 0.10 -0.14
1.96 0.10 -0.16
