0.30 0.00 -1.07 1.00 0.00
0.30 0.00 -0.90 1.00 0.00
0.30 0.00 -0.72 1.00 0.00
0.30 0.00 -0.55 1.00 0.00
0.30 0.00 -0.38 1.00 0.00
0.30 0.00 -0.20 1.00 0.00
0.30 0.00 -0.03 1.00 0.00
0.30 0.00 0.15 1.00 0.00
0.30 0.00 0.32 1.00 0.00
0.30 0.00 0.50 1.00 0.00
0.30 0.00 0.67 1.00 0.00
0.30 0.00 0.85 1.00 0.00
0.30 0.00 1.02 1.00 0.00
0.30 0.00 1.20 1.00 0.00
0.30 0.00 1.37 1.00 0.00
0.30 0.00 1.54 1.00 0.00
0.30 0.00 1.72 1.00 0.00
0.30 0.00 1.89 1.00 0.00
0.50 0.00 -1.05 1.00 0.00
0.50 0.00 -0.88 1.00 0.00
0.50 0.00 -0.71 1.00 0.00
0.50 0.00 -0.53 1.00 0.00
0.50 0.00 -0.36 1.00 0.00
0.50 0.00 -0.18 1.00 0.00
0.50 0.00 -0.01 1.00 0.00
0.50 0.00 0.17 1.00 0.00
0.50 0.00 0.34 1.00 0.00
0.50 0.00 0.52 1.00 0.00
0.50 0.00 0.69 1.00 0.00
0.50 0.00 0.87 1.00 0.00
0.50 0.00 1.04 1.00 0.00
0.50 0.00 1.21 1.00 0.00
0.50 0.00 1.39 1.00 0.00
0.50 0.00 1.56 1.00 0.00
0.50 0.00 1.74 1.00 0.00
0.50 0.00 1.91 1.00 0.00
0.70 0.00 -1.03 1.00 0.00
0.70 0.00 -0.86 1.00 0.00
0.70 0.00 -0.68 1.00 0.00
0.70 0.00 -0.51 1.00 0.00
0.70 0.00 -0.34 1.00 0.00
0.70 0.00 -0.16 1.00 0.00
0.70 0.00 0.01 1.00 0.00
0.70 0.00 0.19 1.00 0.00
0.70 0.00 0.36 1.00 0.00
0.70 0.00 0.54 1.00 0.00
0.70 0.00 0.71 1.00 0.00
0.70 0.00 0.89 1.00 0.00
0.70 0.00 1.06 1.00 0.00
0.70 0.00 1.24 1.00 0.00
0.70 0.00 1.41 1.00 0.00
0.70 0.00 1.58 1.00 0.00
0.70 0.00 1.76 1.00 0.00
0.70 0.00 1.93 1.00 0.00
0.90 0.00 -1.01 1.00 0.00
0.90 0.00 -0.84 1.00 0.00
0.90 0.00 -0.66 1.00 0.00
0.90 0.00 -0.49 1.00 0.00
0.90 0.00 -0.31 1.00 0.00
0.90 0.00 -0.14 1.00 0.00
0.90 0.00 0.04 1.00 0.00
0.90 0.00 0.21 1.00 0.00
0.90 0.00 0.39 1.00 0.00
0.90 0.00 0.56 1.00 0.00
0.90 0.00 0.73 1.00 0.00
0.90 0.00 0.91 1.00 0.00
0.90 0.00 1.08 1.00 0.00
0.90 0.00 1.26 1.00 0.00
0.90 0.00 1.43 1.00 0.00
0.90 0.00 1.61 1.00 0.00
0.90 0.00 1.78 1.00 0.00
0.90 0.00 1.96 1.00 0.00
1.10 0.00 -0.99 1.00 0.00
1.10 0.00 -0.81 1.00 0.00
1.10 0.00 -0.64 1.00 0.00
1.10 0.00 -0.46 1.00 0.00
1.10 0.00 -0.29 1.00 0.00
1.10 0.00 -0.11 1.00 0.00
1.10 0.00 0.06 1.00 0.00
1.10 0.00 0.23 1.00 0.00
1.10 0.00 0.41 1.00 0.00
1.10 0.00 0.58 1.00 0.00
1.10 0.00 0.76 1.00 0.00
1.10 0.00 0.93 1.00 0.00
1.10 0.00 1.11 1.00 0.00
1.10 0.00 1.28 1.00 0.00
1.10 0.00 1.46 1.00 0.00
1.10 0.00 1.63 1.00 0.00
1.10 0.00 1.81 1.00 0.00
1.10 0.00 1.98 1.00 0.00
0.30 0.17 -1.07 1.00 0.00
0.30 0.17 -0.89 1.00 0.00
0.30 0.17 -0.72 1.00 0.00
0.30 0.17 -0.54 1.00 0.00
0.30 0.17 -0.37 1.00 0.00
0.30 0.17 -0.19 1.00 0.00
0.30 0.17 -0.02 1.00 0.00
0.30 0.17 0.16 1.00 0.00
0.30 0.17 0.33 1.00 0.00
0.30 0.17 0.51 1.00 0.00
0.30 0.17 0.68 1.00 0.00
0.30 0.17 0.85 1.00 0.00
0.30 0.17 1.03 1.00 0.00
0.30 0.17 1.20 1.00 0.00
0.30 0.17 1.38 1.00 0.00
0.30 0.17 1.55 1.00 0.00
0.30 0.17 1.73 1.00 0.00
0.30 0.17 1.90 1.00 0.00
0.50 0.17 -1.04 1.00 0.00
0.50 0.17 -0.87 1.00 0.00
0.50 0.17 -0.69 1.00 0.00
0.50 0.17 -0.52 1.00 0.00
0.50 0.17 -0.34 1.00 0.00
0.50 0.17 -0.17 1.00 0.00
0.50 0.17 0.01 1.00 0.00
0.50 0.17 0.18 1.00 0.00
0.50 0.17 0.36 1.00 0.00
0.50 0.17 0.53 1.00 0.00
0.50 0.17 0.71 1.00 0.00
0.50 0.17 0.88 1.00 0.00
0.50 0.17 1.05 1.00 0.00
0.50 0.17 1.23 1.00 0.00
0.50 0.17 1.40 1.00 0.00
0.50 0.17 1.58 1.00 0.00
0.50 0.17 1.75 1.00 0.00
0.50 0.17 1.93 1.00 0.00
0.70 0.17 -1.01 1.00 0.00
0.70 0.17 -0.84 1.00 0.00
0.70 0.17 -0.66 1.00 0.00
0.70 0.17 -0.49 1.00 0.00
0.70 0.17 -0.31 1.00 0.00
0.70 0.17 -0.14 1.00 0.00
0.70 0.17 0.03 1.00 0.00
0.70 0.17 0.21 1.00 0.00
0.70 0.17 0.38 1.00 0.00
0.70 0.17 0.56 1.00 0.00
0.70 0.17 0.73 1.00 0.00
0.70 0.17 0.91 1.00 0.00
0.70 0.17 1.08 1.00 0.00
0.70 0.17 1.26 1.00 0.00
0.70 0.17 1.43 1.00 0.00
0.70 0.17 1.61 1.00 0.00
0.70 0.17 1.78 1.00 0.00
0.70 0.17 1.95 1.00 0.00
0.90 0.17 -0.98 1.00 0.00
0.90 0.17 -0.81 1.00 0.00
0.90 0.17 -0.64 1.00 0.00
0.90 0.17 -0.46 1.00 0.00
0.90 0.17 -0.29 1.00 0.00
0.90 0.17 -0.11 1.00 0.00
0.90 0.17 0.06 1.00 0.00
0.90 0.17 0.24 1.00 0.00
0.90 0.17 0.41 1.00 0.00
0.90 0.17 0.59 1.00 0.00
0.90 0.17 0.76 1.00 0.00
0.90 0.17 0.94 1.00 0.00
0.90 0.17 1.11 1.00 0.00
0.90 0.17 1.28 1.00 0.00
0.90 0.17 1.46 1.00 0.00
0.90 0.17 1.63 1.00 0.00
0.90 0.17 1.81 1.00 0.00
0.90 0.17 1.98 1.00 0.00
1.10 0.17 -0.95 1.00 0.00
1.10 0.17 -0.78 1.00 0.00
1.10 0.17 -0.60 1.00 0.00
1.10 0.17 -0.43 1.00 0.00
1.10 0.17 -0.26 1.00 0.00
1.10 0.17 -0.08 1.00 0.00
1.10 0.17 0.09 1.00 0.00
1.10 0.17 0.27 1.00 0.00
1.10 0.17 0.44 1.00 0.00
1.10 0.17 0.62 1.00 0.00
1.10 0.17 0.79 1.00 0.00
1.10 0.17 0.97 1.00 0.00
1.10 0.17 1.14 1.00 0.00
1.10 0.17 1.32 1.00 0.00
1.10 0.17 1.49 1.00 0.00
1.10 0.17 1.66 1.00 0.00
1.10 0.17 1.84 1.00 0.00
1.10 0.17 2.01 1.00 0.00
0.30 0.35 -1.06 1.00 0.00
0.30 0.35 -0.88 1.00 0.00
0.30 0.35 -0.71 1.00 0.00
0.30 0.35 -0.53 1.00 0.00
0.30 0.35 -0.36 1.00 0.00
0.30 0.35 -0.19 1.00 0.00
0.30 0.35 -0.01 1.00 0.00
0.30 0.35 0.16 1.00 0.00
0.30 0.35 0.34 1.00 0.00
0.30 0.35 0.51 1.00 0.00
0.30 0.35 0.69 1.00 0.00
0.30 0.35 0.86 1.00 0.00
0.30 0.35 1.04 1.00 0.00
0.30 0.35 1.21 1.00 0.00
0.30 0.35 1.39 1.00 0.00
0.30 0.35 1.56 1.00 0.00
0.30 0.35 1.73 1.00 0.00
0.30 0.35 1.91 1.00 0.00
0.50 0.35 -1.03 1.00 0.00
0.50 0.35 -0.85 1.00 0.00
0.50 0.35 -0.68 1.00 0.00
0.50 0.35 -0.50 1.00 0.00
0.50 0.35 -0.33 1.00 0.00
0.50 0.35 -0.16 1.00 0.00
0.50 0.35 0.02 1.00 0.00
0.50 0.35 0.19 1.00 0.00
0.50 0.35 0.37 1.00 0.00
0.50 0.35 0.54 1.00 0.00
0.50 0.35 0.72 1.00 0.00
0.50 0.35 0.89 1.00 0.00
0.50 0.35 1.07 1.00 0.00
0.50 0.35 1.24 1.00 0.00
0.50 0.35 1.42 1.00 0.00
0.50 0.35 1.59 1.00 0.00
0.50 0.35 1.76 1.00 0.00
0.50 0.35 1.94 1.00 0.00
0.70 0.35 -1.00 1.00 0.00
0.70 0.35 -0.82 1.00 0.00
0.70 0.35 -0.65 1.00 0.00
0.70 0.35 -0.47 1.00 0.00
0.70 0.35 -0.30 1.00 0.00
0.70 0.35 -0.12 1.00 0.00
0.70 0.35 0.05 1.00 0.00
0.70 0.35 0.23 1.00 0.00
0.70 0.35 0.40 1.00 0.00
0.70 0.35 0.57 1.00 0.00
0.70 0.35 0.75 1.00 0.00
0.70 0.35 0.92 1.00 0.00
0.70 0.35 1.10 1.00 0.00
0.70 0.35 1.27 1.00 0.00
0.70 0.35 1.45 1.00 0.00
0.70 0.35 1.62 1.00 0.00
0.70 0.35 1.80 1.00 0.00
0.70 0.35 1.97 1.00 0.00
0.90 0.35 -0.96 1.00 0.00
0.90 0.35 -0.79 1.00 0.00
0.90 0.35 -0.61 1.00 0.00
0.90 0.35 -0.44 1.00 0.00
0.90 0.35 -0.26 1.00 0.00
0.90 0.35 -0.09 1.00 0.00
0.90 0.35 0.08 1.00 0.00
0.90 0.35 0.26 1.00 0.00
0.90 0.35 0.43 1.00 0.00
0.90 0.35 0.61 1.00 0.00
0.90 0.35 0.78 1.00 0.00
0.90 0.35 0.96 1.00 0.00
0.90 0.35 1.13 1.00 0.00
0.90 0.35 1.31 1.00 0.00
0.90 0.35 1.48 1.00 0.00
0.90 0.35 1.66 1.00 0.00
0.90 0.35 1.83 1.00 0.00
0.90 0.35 2.00 1.00 0.00
1.10 0.35 -0.93 1.00 0.00
1.10 0.35 -0.75 1.00 0.00
1.10 0.35 -0.58 1.00 0.00
1.10 0.35 -0.40 1.00 0.00
1.10 0.35 -0.23 1.00 0.00
1.10 0.35 -0.05 1.00 0.00
1.10 0.35 0.12 1.00 0.00
1.10 0.35 0.29 1.00 0.00
1.10 0.35 0.47 1.00 0.00
1.10 0.35 0.64 1.00 0.00
1.10 0.35 0.82 1.00 0.00
1.10 0.35 0.99 1.00 0.00
1.10 0.35 1.17 1.00 0.00
1.10 0.35 1.34 1.00 0.00
1.10 0.35 1.52 1.00 0.00
1.10 0.35 1.69 1.00 0.00
1.10 0.35 1.87 1.00 0.00
1.10 0.35 2.04 1.00 0.00
0.30 0.52 -1.05 1.00 0.00
0.30 0.52 -0.88 1.00 0.00
0.30 0.52 -0.70 1.00 0.00
0.30 0.52 -0.53 1.00 0.00
0.30 0.52 -0.35 1.00 0.00
0.30 0.52 -0.18 1.00 0.00
0.30 0.52 -0.00 1.00 0.00
0.30 0.52 0.17 1.00 0.00
0.30 0.52 0.34 1.00 0.00
0.30 0.52 0.52 1.00 0.00
0.30 0.52 0.69 1.00 0.00
0.30 0.52 0.87 1.00 0.00
0.30 0.52 1.04 1.00 0.00
0.30 0.52 1.22 1.00 0.00
0.30 0.52 1.39 1.00 0.00
0.30 0.52 1.57 1.00 0.00
0.30 0.52 1.74 1.00 0.00
0.30 0.52 1.91 1.00 0.00
0.50 0.52 -1.02 1.00 0.00
0.50 0.52 -0.84 1.00 0.00
0.50 0.52 -0.67 1.00 0.00
0.50 0.52 -0.49 1.00 0.00
0.50 0.52 -0.32 1.00 0.00
0.50 0.52 -0.15 1.00 0.00
0.50 0.52 0.03 1.00 0.00
0.50 0.52 0.20 1.00 0.00
0.50 0.52 0.38 1.00 0.00
0.50 0.52 0.55 1.00 0.00
0.50 0.52 0.73 1.00 0.00
0.50 0.52 0.90 1.00 0.00
0.50 0.52 1.08 1.00 0.00
0.50 0.52 1.25 1.00 0.00
0.50 0.52 1.43 1.00 0.00
0.50 0.52 1.60 1.00 0.00
0.50 0.52 1.77 1.00 0.00
0.50 0.52 1.95 1.00 0.00
0.70 0.52 -0.98 1.00 0.00
0.70 0.52 -0.81 1.00 0.00
0.70 0.52 -0.63 1.00 0.00
0.70 0.52 -0.46 1.00 0.00
0.70 0.52 -0.28 1.00 0.00
0.70 0.52 -0.11 1.00 0.00
0.70 0.52 0.06 1.00 0.00
0.70 0.52 0.24 1.00 0.00
0.70 0.52 0.41 1.00 0.00
0.70 0.52 0.59 1.00 0.00
0.70 0.52 0.76 1.00 0.00
0.70 0.52 0.94 1.00 0.00
0.70 0.52 1.11 1.00 0.00
0.70 0.52 1.29 1.00 0.00
0.70 0.52 1.46 1.00 0.00
0.70 0.52 1.63 1.00 0.00
0.70 0.52 1.81 1.00 0.00
0.70 0.52 1.98 1.00 0.00
0.90 0.52 -0.95 1.00 0.00
0.90 0.52 -0.77 1.00 0.00
0.90 0.52 -0.60 1.00 0.00
0.90 0.52 -0.42 1.00 0.00
0.90 0.52 -0.25 1.00 0.00
0.90 0.52 -0.07 1.00 0.00
0.90 0.52 0.10 1.00 0.00
0.90 0.52 0.28 1.00 0.00
0.90 0.52 0.45 1.00 0.00
0.90 0.52 0.62 1.00 0.00
0.90 0.52 0.80 1.00 0.00
0.90 0.52 0.97 1.00 0.00
0.90 0.52 1.15 1.00 0.00
0.90 0.52 1.32 1.00 0.00
0.90 0.52 1.50 1.00 0.00
0.90 0.52 1.67 1.00 0.00
0.90 0.52 1.85 1.00 0.00
0.90 0.52 2.02 1.00 0.00
1.10 0.52 -0.91 1.00 0.00
1.10 0.52 -0.73 1.00 0.00
1.10 0.52 -0.56 1.00 0.00
1.10 0.52 -0.39 1.00 0.00
1.10 0.52 -0.21 1.00 0.00
1.10 0.52 -0.04 1.00 0.00
1.10 0.52 0.14 1.00 0.00
1.10 0.52 0.31 1.00 0.00
1.10 0.52 0.49 1.00 0.00
1.10 0.52 0.66 1.00 0.00
1.10 0.52 0.84 1.00 0.00
1.10 0.52 1.01 1.00 0.00
1.10 0.52 1.19 1.00 0.00
1.10 0.52 1.36 1.00 0.00
1.10 0.52 1.53 1.00 0.00
1.10 0.52 1.71 1.00 0.00
1.10 0.52 1.88 1.00 0.00
1.10 0.52 2.06 1.00 0.00
0.30 0.70 -1.05 1.00 0.00
0.30 0.70 -0.87 1.00 0.00
0.30 0.70 -0.70 1.00 0.00
0.30 0.70 -0.52 1.00 0.00
0.30 0.70 -0.35 1.00 0.00
0.30 0.70 -0.18 1.00 0.00
0.30 0.70 -0.00 1.00 0.00
0.30 0.70 0.17 1.00 0.00
0.30 0.70 0.35 1.00 0.00
0.30 0.70 0.52 1.00 0.00
0.30 0.70 0.70 1.00 0.00
0.30 0.70 0.87 1.00 0.00
0.30 0.70 1.05 1.00 0.00
0.30 0.70 1.22 1.00 0.00
0.30 0.70 1.40 1.00 0.00
0.30 0.70 1.57 1.00 0.00
0.30 0.70 1.74 1.00 0.00
0.30 0.70 1.92 1.00 0.00
0.50 0.70 -1.01 1.00 0.00
0.50 0.70 -0.84 1.00 0.00
0.50 0.70 -0.66 1.00 0.00
0.50 0.70 -0.49 1.00 0.00
0.50 0.70 -0.31 1.00 0.00
0.50 0.70 -0.14 1.00 0.00
0.50 0.70 0.04 1.00 0.00
0.50 0.70 0.21 1.00 0.00
0.50 0.70 0.38 1.00 0.00
0.50 0.70 0.56 1.00 0.00
0.50 0.70 0.73 1.00 0.00
0.50 0.70 0.91 1.00 0.00
0.50 0.70 1.08 1.00 0.00
0.50 0.70 1.26 1.00 0.00
0.50 0.70 1.43 1.00 0.00
0.50 0.70 1.61 1.00 0.00
0.50 0.70 1.78 1.00 0.00
0.50 0.70 1.96 1.00 0.00
0.70 0.70 -0.97 1.00 0.00
0.70 0.70 -0.80 1.00 0.00
0.70 0.70 -0.63 1.00 0.00
0.70 0.70 -0.45 1.00 0.00
0.70 0.70 -0.28 1.00 0.00
0.70 0.70 -0.10 1.00 0.00
0.70 0.70 0.07 1.00 0.00
0.70 0.70 0.25 1.00 0.00
0.70 0.70 0.42 1.00 0.00
0.70 0.70 0.60 1.00 0.00
0.70 0.70 0.77 1.00 0.00
0.70 0.70 0.95 1.00 0.00
0.70 0.70 1.12 1.00 0.00
0.70 0.70 1.29 1.00 0.00
0.70 0.70 1.47 1.00 0.00
0.70 0.70 1.64 1.00 0.00
0.70 0.70 1.82 1.00 0.00
0.70 0.70 1.99 1.00 0.00
0.90 0.70 -0.94 1.00 0.00
0.90 0.70 -0.76 1.00 0.00
0.90 0.70 -0.59 1.00 0.00
0.90 0.70 -0.41 1.00 0.00
0.90 0.70 -0.24 1.00 0.00
0.90 0.70 -0.06 1.00 0.00
0.90 0.70 0.11 1.00 0.00
0.90 0.70 0.29 1.00 0.00
0.90 0.70 0.46 1.00 0.00
0.90 0.70 0.63 1.00 0.00
0.90 0.70 0.81 1.00 0.00
0.90 0.70 0.98 1.00 0.00
0.90 0.70 1.16 1.00 0.00
0.90 0.70 1.33 1.00 0.00
0.90 0.70 1.51 1.00 0.00
0.90 0.70 1.68 1.00 0.00
0.90 0.70 1.86 1.00 0.00
0.90 0.70 2.03 1.00 0.00
1.10 0.70 -0.90 1.00 0.00
1.10 0.70 -0.72 1.00 0.00
1.10 0.70 -0.55 1.00 0.00
1.10 0.70 -0.37 1.00 0.00
1.10 0.70 -0.20 1.00 0.00
1.10 0.70 -0.02 1.00 0.00
1.10 0.70 0.15 1.00 0.00
1.10 0.70 0.32 1.00 0.00
1.10 0.70 0.50 1.00 0.00
1.10 0.70 0.67 1.00 0.00
1.10 0.70 0.85 1.00 0.00
1.10 0.70 1.02 1.00 0.00
1.10 0.70 1.20 1.00 0.00
1.10 0.70 1.37 1.00 0.00
1.10 0.70 1.55 1.00 0.00
1.10 0.70 1.72 1.00 0.00
1.10 0.70 1.89 1.00 0.00
1.10 0.70 2.07 1.00 0.00
0.30 0.87 -1.05 1.00 0.00
0.30 0.87 -0.87 1.00 0.00
0.30 0.87 -0.70 1.00 0.00
0.30 0.87 -0.52 1.00 0.00
0.30 0.87 -0.35 1.00 0.00
0.30 0.87 -0.17 1.00 0.00
0.30 0.87 0.00 1.00 0.00
0.30 0.87 0.18 1.00 0.00
0.30 0.87 0.35 1.00 0.00
0.30 0.87 0.53 1.00 0.00
0.30 0.87 0.70 1.00 0.00
0.30 0.87 0.87 1.00 0.00
0.30 0.87 1.05 1.00 0.00
0.30 0.87 1.22 1.00 0.00
0.30 0.87 1.40 1.00 0.00
0.30 0.87 1.57 1.00 0.00
0.30 0.87 1.75 1.00 0.00
0.30 0.87 1.92 1.00 0.00
0.50 0.87 -1.01 1.00 0.00
0.50 0.87 -0.83 1.00 0.00
0.50 0.87 -0.66 1.00 0.00
0.50 0.87 -0.48 1.00 0.00
0.50 0.87 -0.31 1.00 0.00
0.50 0.87 -0.14 1.00 0.00
0.50 0.87 0.04 1.00 0.00
0.50 0.87 0.21 1.00 0.00
0.50 0.87 0.39 1.00 0.00
0.50 0.87 0.56 1.00 0.00
0.50 0.87 0.74 1.00 0.00
0.50 0.87 0.91 1.00 0.00
0.50 0.87 1.09 1.00 0.00
0.50 0.87 1.26 1.00 0.00
0.50 0.87 1.44 1.00 0.00
0.50 0.87 1.61 1.00 0.00
0.50 0.87 1.78 1.00 0.00
0.50 0.87 1.96 1.00 0.00
0.70 0.87 -0.97 1.00 0.00
0.70 0.87 -0.80 1.00 0.00
0.70 0.87 -0.62 1.00 0.00
0.70 0.87 -0.45 1.00 0.00
0.70 0.87 -0.27 1.00 0.00
0.70 0.87 -0.10 1.00 0.00
0.70 0.87 0.08 1.00 0.00
0.70 0.87 0.25 1.00 0.00
0.70 0.87 0.43 1.00 0.00
0.70 0.87 0.60 1.00 0.00
0.70 0.87 0.78 1.00 0.00
0.70 0.87 0.95 1.00 0.00
0.70 0.87 1.12 1.00 0.00
0.70 0.87 1.30 1.00 0.00
0.70 0.87 1.47 1.00 0.00
0.70 0.87 1.65 1.00 0.00
0.70 0.87 1.82 1.00 0.00
0.70 0.87 2.00 1.00 0.00
0.90 0.87 -0.93 1.00 0.00
0.90 0.87 -0.76 1.00 0.00
0.90 0.87 -0.58 1.00 0.00
0.90 0.87 -0.41 1.00 0.00
0.90 0.87 -0.23 1.00 0.00
0.90 0.87 -0.06 1.00 0.00
0.90 0.87 0.12 1.00 0.00
0.90 0.87 0.29 1.00 0.00
0.90 0.87 0.46 1.00 0.00
0.90 0.87 0.64 1.00 0.00
0.90 0.87 0.81 1.00 0.00
0.90 0.87 0.99 1.00 0.00
0.90 0.87 1.16 1.00 0.00
0.90 0.87 1.34 1.00 0.00
0.90 0.87 1.51 1.00 0.00
0.90 0.87 1.69 1.00 0.00
0.90 0.87 1.86 1.00 0.00
0.90 0.87 2.04 1.00 0.00
1.10 0.87 -0.89 1.00 0.00
1.10 0.87 -0.72 1.00 0.00
1.10 0.87 -0.54 1.00 0.00
1.10 0.87 -0.37 1.00 0.00
1.10 0.87 -0.20 1.00 0.00
1.10 0.87 -0.02 1.00 0.00
1.10 0.87 0.15 1.00 0.00
1.10 0.87 0.33 1.00 0.00
1.10 0.87 0.50 1.00 0.00
1.10 0.87 0.68 1.00 0.00
1.10 0.87 0.85 1.00 0.00
1.10 0.87 1.03 1.00 0.00
1.10 0.87 1.20 1.00 0.00
1.10 0.87 1.38 1.00 0.00
1.10 0.87 1.55 1.00 0.00
1.10 0.87 1.72 1.00 0.00
1.10 0.87 1.90 1.00 0.00
1.10 0.87 2.07 1.00 0.00
0.30 1.05 -1.04 1.00 0.00
0.30 1.05 -0.87 1.00 0.00
0.30 1.05 -0.70 1.00 0.00
0.30 1.05 -0.52 1.00 0.00
0.30 1.05 -0.35 1.00 0.00
0.30 1.05 -0.17 1.00 0.00
0.30 1.05 0.00 1.00 0.00
0.30 1.05 0.18 1.00 0.00
0.30 1.05 0.35 1.00 0.00
0.30 1.05 0.53 1.00 0.00
0.30 1.05 0.70 1.00 0.00
0.30 1.05 0.88 1.00 0.00
0.30 1.05 1.05 1.00 0.00
0.30 1.05 1.22 1.00 0.00
0.30 1.05 1.40 1.00 0.00
0.30 1.05 1.57 1.00 0.00
0.30 1.05 1.75 1.00 0.00
0.30 1.05 1.92 1.00 0.00
0.50 1.05 -1.01 1.00 0.00
0.50 1.05 -0.83 1.00 0.00
0.50 1.05 -0.66 1.00 0.00
0.50 1.05 -0.48 1.00 0.00
0.50 1.05 -0.31 1.00 0.00
0.50 1.05 -0.13 1.00 0.00
0.50 1.05 0.04 1.00 0.00
0.50 1.05 0.21 1.00 0.00
0.50 1.05 0.39 1.00 0.00
0.50 1.05 0.56 1.00 0.00
0.50 1.05 0.74 1.00 0.00
0.50 1.05 0.91 1.00 0.00
0.50 1.05 1.09 1.00 0.00
0.50 1.05 1.26 1.00 0.00
0.50 1.05 1.44 1.00 0.00
0.50 1.05 1.61 1.00 0.00
0.50 1.05 1.79 1.00 0.00
0.50 1.05 1.96 1.00 0.00
0.70 1.05 -0.97 1.00 0.00
0.70 1.05 -0.80 1.00 0.00
0.70 1.05 -0.62 1.00 0.00
0.70 1.05 -0.45 1.00 0.00
0.70 1.05 -0.27 1.00 0.00
0.70 1.05 -0.10 1.00 0.00
0.70 1.05 0.08 1.00 0.00
0.70 1.05 0.25 1.00 0.00
0.70 1.05 0.43 1.00 0.00
0.70 1.05 0.60 1.00 0.00
0.70 1.05 0.78 1.00 0.00
0.70 1.05 0.95 1.00 0.00
0.70 1.05 1.12 1.00 0.00
0.70 1.05 1.30 1.00 0.00
0.70 1.05 1.47 1.00 0.00
0.70 1.05 1.65 1.00 0.00
0.70 1.05 1.82 1.00 0.00
0.70 1.05 2.00 1.00 0.00
0.90 1.05 -0.93 1.00 0.00
0.90 1.05 -0.76 1.00 0.00
0.90 1.05 -0.58 1.00 0.00
0.90 1.05 -0.41 1.00 0.00
0.90 1.05 -0.23 1.00 0.00
0.90 1.05 -0.06 1.00 0.00
0.90 1.05 0.11 1.00 0.00
0.90 1.05 0.29 1.00 0.00
0.90 1.05 0.46 1.00 0.00
0.90 1.05 0.64 1.00 0.00
0.90 1.05 0.81 1.00 0.00
0.90 1.05 0.99 1.00 0.00
0.90 1.05 1.16 1.00 0.00
0.90 1.05 1.34 1.00 0.00
0.90 1.05 1.51 1.00 0.00
0.90 1.05 1.69 1.00 0.00
0.90 1.05 1.86 1.00 0.00
0.90 1.05 2.03 1.00 0.00
1.10 1.05 -0.90 1.00 0.00
1.10 1.05 -0.72 1.00 0.00
1.10 1.05 -0.55 1.00 0.00
1.10 1.05 -0.37 1.00 0.00
1.10 1.05 -0.20 1.00 0.00
1.10 1.05 -0.02 1.00 0.00
1.10 1.05 0.15 1.00 0.00
1.10 1.05 0.33 1.00 0.00
1.10 1.05 0.50 1.00 0.00
1.10 1.05 0.67 1.00 0.00
1.10 1.05 0.85 1.00 0.00
1.10 1.05 1.02 1.00 0.00
1.10 1.05 1.20 1.00 0.00
1.10 1.05 1.37 1.00 0.00
1.10 1.05 1.55 1.00 0.00
1.10 1.05 1.72 1.00 0.00
1.10 1.05 1.90 1.00 0.00
1.10 1.05 2.07 1.00 0.00
0.30 1.22 -1.05 1.00 0.00
0.30 1.22 -0.87 1.00 0.00
0.30 1.22 -0.70 1.00 0.00
0.30 1.22 -0.52 1.00 0.00
0.30 1.22 -0.35 1.00 0.00
0.30 1.22 -0.17 1.00 0.00
0.30 1.22 0.00 1.00 0.00
0.30 1.22 0.18 1.00 0.00
0.30 1.22 0.35 1.00 0.00
0.30 1.22 0.53 1.00 0.00
0.30 1.22 0.70 1.00 0.00
0.30 1.22 0.87 1.00 0.00
0.30 1.22 1.05 1.00 0.00
0.30 1.22 1.22 1.00 0.00
0.30 1.22 1.40 1.00 0.00
0.30 1.22 1.57 1.00 0.00
0.30 1.22 1.75 1.00 0.00
0.30 1.22 1.92 1.00 0.00
0.50 1.22 -1.01 1.00 0.00
0.50 1.22 -0.83 1.00 0.00
0.50 1.22 -0.66 1.00 0.00
0.50 1.22 -0.49 1.00 0.00
0.50 1.22 -0.31 1.00 0.00
0.50 1.22 -0.14 1.00 0.00
0.50 1.22 0.04 1.00 0.00
0.50 1.22 0.21 1.00 0.00
0.50 1.22 0.39 1.00 0.00
0.50 1.22 0.56 1.00 0.00
0.50 1.22 0.74 1.00 0.00
0.50 1.22 0.91 1.00 0.00
0.50 1.22 1.09 1.00 0.00
0.50 1.22 1.26 1.00 0.00
0.50 1.22 1.43 1.00 0.00
0.50 1.22 1.61 1.00 0.00
0.50 1.22 1.78 1.00 0.00
0.50 1.22 1.96 1.00 0.00
0.70 1.22 -0.97 1.00 0.00
0.70 1.22 -0.80 1.00 0.00
0.70 1.22 -0.62 1.00 0.00
0.70 1.22 -0.45 1.00 0.00
0.70 1.22 -0.28 1.00 0.00
0.70 1.22 -0.10 1.00 0.00
0.70 1.22 0.07 1.00 0.00
0.70 1.22 0.25 1.00 0.00
0.70 1.22 0.42 1.00 0.00
0.70 1.22 0.60 1.00 0.00
0.70 1.22 0.77 1.00 0.00
0.70 1.22 0.95 1.00 0.00
0.70 1.22 1.12 1.00 0.00
0.70 1.22 1.30 1.00 0.00
0.70 1.22 1.47 1.00 0.00
0.70 1.22 1.64 1.00 0.00
0.70 1.22 1.82 1.00 0.00
0.70 1.22 1.99 1.00 0.00
0.90 1.22 -0.94 1.00 0.00
0.90 1.22 -0.76 1.00 0.00
0.90 1.22 -0.59 1.00 0.00
0.90 1.22 -0.41 1.00 0.00
0.90 1.22 -0.24 1.00 0.00
0.90 1.22 -0.07 1.00 0.00
0.90 1.22 0.11 1.00 0.00
0.90 1.22 0.28 1.00 0.00
0.90 1.22 0.46 1.00 0.00
0.90 1.22 0.63 1.00 0.00
0.90 1.22 0.81 1.00 0.00
0.90 1.22 0.98 1.00 0.00
0.90 1.22 1.16 1.00 0.00
0.90 1.22 1.33 1.00 0.00
0.90 1.22 1.51 1.00 0.00
0.90 1.22 1.68 1.00 0.00
0.90 1.22 1.85 1.00 0.00
0.90 1.22 2.03 1.00 0.00
1.10 1.22 -0.90 1.00 0.00
1.10 1.22 -0.73 1.00 0.00
1.10 1.22 -0.55 1.00 0.00
1.10 1.22 -0.38 1.00 0.00
1.10 1.22 -0.21 1.00 0.00
1.10 1.22 -0.03 1.00 0.00
1.10 1.22 0.14 1.00 0.00
1.10 1.22 0.32 1.00 0.00
1.10 1.22 0.49 1.00 0.00
1.10 1.22 0.67 1.00 0.00
1.10 1.22 0.84 1.00 0.00
1.10 1.22 1.02 1.00 0.00
1.10 1.22 1.19 1.00 0.00
1.10 1.22 1.36 1.00 0.00
1.10 1.22 1.54 1.00 0.00
1.10 1.22 1.71 1.00 0.00
1.10 1.22 1.89 1.00 0.00
1.10 1.22 2.06 1.00 0.00
0.30 1.40 -1.05 1.00 0.00
0.30 1.40 -0.87 1.00 0.00
0.30 1.40 -0.70 1.00 0.00
0.30 1.40 -0.52 1.00 0.00
0.30 1.40 -0.35 1.00 0.00
0.30 1.40 -0.18 1.00 0.00
0.30 1.40 -0.00 1.00 0.00
0.30 1.40 0.17 1.00 0.00
0.30 1.40 0.35 1.00 0.00
0.30 1.40 0.52 1.00 0.00
0.30 1.40 0.70 1.00 0.00
0.30 1.40 0.87 1.00 0.00
0.30 1.40 1.05 1.00 0.00
0.30 1.40 1.22 1.00 0.00
0.30 1.40 1.40 1.00 0.00
0.30 1.40 1.57 1.00 0.00
0.30 1.40 1.74 1.00 0.00
0.30 1.40 1.92 1.00 0.00
0.50 1.40 -1.01 1.00 0.00
0.50 1.40 -0.84 1.00 0.00
0.50 1.40 -0.66 1.00 0.00
0.50 1.40 -0.49 1.00 0.00
0.50 1.40 -0.32 1.00 0.00
0.50 1.40 -0.14 1.00 0.00
0.50 1.40 0.03 1.00 0.00
0.50 1.40 0.21 1.00 0.00
0.50 1.40 0.38 1.00 0.00
0.50 1.40 0.56 1.00 0.00
0.50 1.40 0.73 1.00 0.00
0.50 1.40 0.91 1.00 0.00
0.50 1.40 1.08 1.00 0.00
0.50 1.40 1.26 1.00 0.00
0.50 1.40 1.43 1.00 0.00
0.50 1.40 1.60 1.00 0.00
0.50 1.40 1.78 1.00 0.00
0.50 1.40 1.95 1.00 0.00
0.70 1.40 -0.98 1.00 0.00
0.70 1.40 -0.81 1.00 0.00
0.70 1.40 -0.63 1.00 0.00
0.70 1.40 -0.46 1.00 0.00
0.70 1.40 -0.28 1.00 0.00
0.70 1.40 -0.11 1.00 0.00
0.70 1.40 0.07 1.00 0.00
0.70 1.40 0.24 1.00 0.00
0.70 1.40 0.42 1.00 0.00
0.70 1.40 0.59 1.00 0.00
0.70 1.40 0.76 1.00 0.00
0.70 1.40 0.94 1.00 0.00
0.70 1.40 1.11 1.00 0.00
0.70 1.40 1.29 1.00 0.00
0.70 1.40 1.46 1.00 0.00
0.70 1.40 1.64 1.00 0.00
0.70 1.40 1.81 1.00 0.00
0.70 1.40 1.99 1.00 0.00
0.90 1.40 -0.95 1.00 0.00
0.90 1.40 -0.77 1.00 0.00
0.90 1.40 -0.60 1.00 0.00
0.90 1.40 -0.42 1.00 0.00
0.90 1.40 -0.25 1.00 0.00
0.90 1.40 -0.08 1.00 0.00
0.90 1.40 0.10 1.00 0.00
0.90 1.40 0.27 1.00 0.00
0.90 1.40 0.45 1.00 0.00
0.90 1.40 0.62 1.00 0.00
0.90 1.40 0.80 1.00 0.00
0.90 1.40 0.97 1.00 0.00
0.90 1.40 1.15 1.00 0.00
0.90 1.40 1.32 1.00 0.00
0.90 1.40 1.50 1.00 0.00
0.90 1.40 1.67 1.00 0.00
0.90 1.40 1.84 1.00 0.00
0.90 1.40 2.02 1.00 0.00
1.10 1.40 -0.92 1.00 0.00
1.10 1.40 -0.74 1.00 0.00
1.10 1.40 -0.57 1.00 0.00
1.10 1.40 -0.39 1.00 0.00
1.10 1.40 -0.22 1.00 0.00
1.10 1.40 -0.04 1.00 0.00
1.10 1.40 0.13 1.00 0.00
1.10 1.40 0.30 1.00 0.00
1.10 1.40 0.48 1.00 0.00
1.10 1.40 0.65 1.00 0.00
1.10 1.40 0.83 1.00 0.00
1.10 1.40 1.00 1.00 0.00
1.10 1.40 1.18 1.00 0.00
1.10 1.40 1.35 1.00 0.00
1.10 1.40 1.53 1.00 0.00
1.10 1.40 1.70 1.00 0.00
1.10 1.40 1.88 1.00 0.00
1.10 1.40 2.05 1.00 0.00
0.30 1.57 -1.05 1.00 0.00
0.30 1.57 -0.88 1.00 0.00
0.30 1.57 -0.70 1.00 0.00
0.30 1.57 -0.53 1.00 0.00
0.30 1.57 -0.35 1.00 0.00
0.30 1.57 -0.18 1.00 0.00
0.30 1.57 -0.00 1.00 0.00
0.30 1.57 0.17 1.00 0.00
0.30 1.57 0.34 1.00 0.00
0.30 1.57 0.52 1.00 0.00
0.30 1.57 0.69 1.00 0.00
0.30 1.57 0.87 1.00 0.00
0.30 1.57 1.04 1.00 0.00
0.30 1.57 1.22 1.00 0.00
0.30 1.57 1.39 1.00 0.00
0.30 1.57 1.57 1.00 0.00
0.30 1.57 1.74 1.00 0.00
0.30 1.57 1.92 1.00 0.00
0.50 1.57 -1.02 1.00 0.00
0.50 1.57 -0.85 1.00 0.00
0.50 1.57 -0.67 1.00 0.00
0.50 1.57 -0.50 1.00 0.00
0.50 1.57 -0.32 1.00 0.00
0.50 1.57 -0.15 1.00 0.00
0.50 1.57 0.03 1.00 0.00
0.50 1.57 0.20 1.00 0.00
0.50 1.57 0.38 1.00 0.00
0.50 1.57 0.55 1.00 0.00
0.50 1.57 0.72 1.00 0.00
0.50 1.57 0.90 1.00 0.00
0.50 1.57 1.07 1.00 0.00
0.50 1.57 1.25 1.00 0.00
0.50 1.57 1.42 1.00 0.00
0.50 1.57 1.60 1.00 0.00
0.50 1.57 1.77 1.00 0.00
0.50 1.57 1.95 1.00 0.00
0.70 1.57 -0.99 1.00 0.00
0.70 1.57 -0.82 1.00 0.00
0.70 1.57 -0.64 1.00 0.00
0.70 1.57 -0.47 1.00 0.00
0.70 1.57 -0.29 1.00 0.00
0.70 1.57 -0.12 1.00 0.00
0.70 1.57 0.06 1.00 0.00
0.70 1.57 0.23 1.00 0.00
0.70 1.57 0.41 1.00 0.00
0.70 1.57 0.58 1.00 0.00
0.70 1.57 0.75 1.00 0.00
0.70 1.57 0.93 1.00 0.00
0.70 1.57 1.10 1.00 0.00
0.70 1.57 1.28 1.00 0.00
0.70 1.57 1.45 1.00 0.00
0.70 1.57 1.63 1.00 0.00
0.70 1.57 1.80 1.00 0.00
0.70 1.57 1.98 1.00 0.00
0.90 1.57 -0.96 1.00 0.00
0.90 1.57 -0.79 1.00 0.00
0.90 1.57 -0.61 1.00 0.00
0.90 1.57 -0.44 1.00 0.00
0.90 1.57 -0.26 1.00 0.00
0.90 1.57 -0.09 1.00 0.00
0.90 1.57 0.09 1.00 0.00
0.90 1.57 0.26 1.00 0.00
0.90 1.57 0.43 1.00 0.00
0.90 1.57 0.61 1.00 0.00
0.90 1.57 0.78 1.00 0.00
0.90 1.57 0.96 1.00 0.00
0.90 1.57 1.13 1.00 0.00
0.90 1.57 1.31 1.00 0.00
0.90 1.57 1.48 1.00 0.00
0.90 1.57 1.66 1.00 0.00
0.90 1.57 1.83 1.00 0.00
0.90 1.57 2.00 1.00 0.00
1.10 1.57 -0.93 1.00 0.00
1.10 1.57 -0.76 1.00 0.00
1.10 1.57 -0.59 1.00 0.00
1.10 1.57 -0.41 1.00 0.00
1.10 1.57 -0.24 1.00 0.00
1.10 1.57 -0.06 1.00 0.00
1.10 1.57 0.11 1.00 0.00
1.10 1.57 0.29 1.00 0.00
1.10 1.57 0.46 1.00 0.00
1.10 1.57 0.64 1.00 0.00
1.10 1.57 0.81 1.00 0.00
1.10 1.57 0.99 1.00 0.00
1.10 1.57 1.16 1.00 0.00
1.10 1.57 1.33 1.00 0.00
1.10 1.57 1.51 1.00 0.00
1.10 1.57 1.68 1.00 0.00
1.10 1.57 1.86 1.00 0.00
1.10 1.57 2.03 1.00 0.00
0.30 1.75 -1.06 1.00 0.00
0.30 1.75 -0.88 1.00 0.00
0.30 1.75 -0.71 1.00 0.00
0.30 1.75 -0.53 1.00 0.00
0.30 1.75 -0.36 1.00 0.00
0.30 1.75 -0.18 1.00 0.00
0.30 1.75 -0.01 1.00 0.00
0.30 1.75 0.16 1.00 0.00
0.30 1.75 0.34 1.00 0.00
0.30 1.75 0.51 1.00 0.00
0.30 1.75 0.69 1.00 0.00
0.30 1.75 0.86 1.00 0.00
0.30 1.75 1.04 1.00 0.00
0.30 1.75 1.21 1.00 0.00
0.30 1.75 1.39 1.00 0.00
0.30 1.75 1.56 1.00 0.00
0.30 1.75 1.74 1.00 0.00
0.30 1.75 1.91 1.00 0.00
0.50 1.75 -1.03 1.00 0.00
0.50 1.75 -0.86 1.00 0.00
0.50 1.75 -0.68 1.00 0.00
0.50 1.75 -0.51 1.00 0.00
0.50 1.75 -0.33 1.00 0.00
0.50 1.75 -0.16 1.00 0.00
0.50 1.75 0.02 1.00 0.00
0.50 1.75 0.19 1.00 0.00
0.50 1.75 0.37 1.00 0.00
0.50 1.75 0.54 1.00 0.00
0.50 1.75 0.72 1.00 0.00
0.50 1.75 0.89 1.00 0.00
0.50 1.75 1.06 1.00 0.00
0.50 1.75 1.24 1.00 0.00
0.50 1.75 1.41 1.00 0.00
0.50 1.75 1.59 1.00 0.00
0.50 1.75 1.76 1.00 0.00
0.50 1.75 1.94 1.00 0.00
0.70 1.75 -1.00 1.00 0.00
0.70 1.75 -0.83 1.00 0.00
0.70 1.75 -0.65 1.00 0.00
0.70 1.75 -0.48 1.00 0.00
0.70 1.75 -0.31 1.00 0.00
0.70 1.75 -0.13 1.00 0.00
0.70 1.75 0.04 1.00 0.00
0.70 1.75 0.22 1.00 0.00
0.70 1.75 0.39 1.00 0.00
0.70 1.75 0.57 1.00 0.00
0.70 1.75 0.74 1.00 0.00
0.70 1.75 0.92 1.00 0.00
0.70 1.75 1.09 1.00 0.00
0.70 1.75 1.27 1.00 0.00
0.70 1.75 1.44 1.00 0.00
0.70 1.75 1.61 1.00 0.00
0.70 1.75 1.79 1.00 0.00
0.70 1.75 1.96 1.00 0.00
0.90 1.75 -0.98 1.00 0.00
0.90 1.75 -0.80 1.00 0.00
0.90 1.75 -0.63 1.00 0.00
0.90 1.75 -0.46 1.00 0.00
0.90 1.75 -0.28 1.00 0.00
0.90 1.75 -0.11 1.00 0.00
0.90 1.75 0.07 1.00 0.00
0.90 1.75 0.24 1.00 0.00
0.90 1.75 0.42 1.00 0.00
0.90 1.75 0.59 1.00 0.00
0.90 1.75 0.77 1.00 0.00
0.90 1.75 0.94 1.00 0.00
0.90 1.75 1.12 1.00 0.00
0.90 1.75 1.29 1.00 0.00
0.90 1.75 1.46 1.00 0.00
0.90 1.75 1.64 1.00 0.00
0.90 1.75 1.81 1.00 0.00
0.90 1.75 1.99 1.00 0.00
1.10 1.75 -0.96 1.00 0.00
1.10 1.75 -0.78 1.00 0.00
1.10 1.75 -0.61 1.00 0.00
1.10 1.75 -0.43 1.00 0.00
1.10 1.75 -0.26 1.00 0.00
1.10 1.75 -0.08 1.00 0.00
1.10 1.75 0.09 1.00 0.00
1.10 1.75 0.27 1.00 0.00
1.10 1.75 0.44 1.00 0.00
1.10 1.75 0.62 1.00 0.00
1.10 1.75 0.79 1.00 0.00
1.10 1.75 0.96 1.00 0.00
1.10 1.75 1.14 1.00 0.00
1.10 1.75 1.31 1.00 0.00
1.10 1.75 1.49 1.00 0.00
1.10 1.75 1.66 1.00 0.00
1.10 1.75 1.84 1.00 0.00
1.10 1.75 2.01 1.00 0.00
0.30 1.92 -1.06 1.00 0.00
0.30 1.92 -0.89 1.00 0.00
0.30 1.92 -0.71 1.00 0.00
0.30 1.92 -0.54 1.00 0.00
0.30 1.92 -0.37 1.00 0.00
0.30 1.92 -0.19 1.00 0.00
0.30 1.92 -0.02 1.00 0.00
0.30 1.92 0.16 1.00 0.00
0.30 1.92 0.33 1.00 0.00
0.30 1.92 0.51 1.00 0.00
0.30 1.92 0.68 1.00 0.00
0.30 1.92 0.86 1.00 0.00
0.30 1.92 1.03 1.00 0.00
0.30 1.92 1.21 1.00 0.00
0.30 1.92 1.38 1.00 0.00
0.30 1.92 1.55 1.00 0.00
0.30 1.92 1.73 1.00 0.00
0.30 1.92 1.90 1.00 0.00
0.50 1.92 -1.04 1.00 0.00
0.50 1.92 -0.87 1.00 0.00
0.50 1.92 -0.69 1.00 0.00
0.50 1.92 -0.52 1.00 0.00
0.50 1.92 -0.34 1.00 0.00
0.50 1.92 -0.17 1.00 0.00
0.50 1.92 0.01 1.00 0.00
0.50 1.92 0.18 1.00 0.00
0.50 1.92 0.36 1.00 0.00
0.50 1.92 0.53 1.00 0.00
0.50 1.92 0.70 1.00 0.00
0.50 1.92 0.88 1.00 0.00
0.50 1.92 1.05 1.00 0.00
0.50 1.92 1.23 1.00 0.00
0.50 1.92 1.40 1.00 0.00
0.50 1.92 1.58 1.00 0.00
0.50 1.92 1.75 1.00 0.00
0.50 1.92 1.93 1.00 0.00
0.70 1.92 -1.02 1.00 0.00
0.70 1.92 -0.84 1.00 0.00
0.70 1.92 -0.67 1.00 0.00
0.70 1.92 -0.50 1.00 0.00
0.70 1.92 -0.32 1.00 0.00
0.70 1.92 -0.15 1.00 0.00
0.70 1.92 0.03 1.00 0.00
0.70 1.92 0.20 1.00 0.00
0.70 1.92 0.38 1.00 0.00
0.70 1.92 0.55 1.00 0.00
0.70 1.92 0.73 1.00 0.00
0.70 1.92 0.90 1.00 0.00
0.70 1.92 1.08 1.00 0.00
0.70 1.92 1.25 1.00 0.00
0.70 1.92 1.42 1.00 0.00
0.70 1.92 1.60 1.00 0.00
0.70 1.92 1.77 1.00 0.00
0.70 1.92 1.95 1.00 0.00
0.90 1.92 -1.00 1.00 0.00
0.90 1.92 -0.82 1.00 0.00
0.90 1.92 -0.65 1.00 0.00
0.90 1.92 -0.48 1.00 0.00
0.90 1.92 -0.30 1.00 0.00
0.90 1.92 -0.13 1.00 0.00
0.90 1.92 0.05 1.00 0.00
0.90 1.92 0.22 1.00 0.00
0.90 1.92 0.40 1.00 0.00
0.90 1.92 0.57 1.00 0.00
0.90 1.92 0.75 1.00 0.00
0.90 1.92 0.92 1.00 0.00
0.90 1.92 1.10 1.00 0.00
0.90 1.92 1.27 1.00 0.00
0.90 1.92 1.44 1.00 0.00
0.90 1.92 1.62 1.00 0.00
0.90 1.92 1.79 1.00 0.00
0.90 1.92 1.97 1.00 0.00
1.10 1.92 -0.98 1.00 0.00
1.10 1.92 -0.80 1.00 0.00
1.10 1.92 -0.63 1.00 0.00
1.10 1.92 -0.46 1.00 0.00
1.10 1.92 -0.28 1.00 0.00
1.10 1.92 -0.11 1.00 0.00
1.10 1.92 0.07 1.00 0.00
1.10 1.92 0.24 1.00 0.00
1.10 1.92 0.42 1.00 0.00
1.10 1.92 0.59 1.00 0.00
1.10 1.92 0.77 1.00 0.00
1.10 1.92 0.94 1.00 0.00
1.10 1.92 1.12 1.00 0.00
1.10 1.92 1.29 1.00 0.00
1.10 1.92 1.46 1.00 0.00
1.10 1.92 1.64 1.00 0.00
1.10 1.92 1.81 1.00 0.00
1.10 1.92 1.99 1.00 0.00
0.30 2.09 -1.07 1.00 0.00
0.30 2.09 -0.90 1.00 0.00
0.30 2.09 -0.72 1.00 0.00
0.30 2.09 -0.55 1.00 0.00
0.30 2.09 -0.37 1.00 0.00
0.30 2.09 -0.20 1.00 0.00
0.30 2.09 -0.02 1.00 0.00
0.30 2.09 0.15 1.00 0.00
0.30 2.09 0.32 1.00 0.00
0.30 2.09 0.50 1.00 0.00
0.30 2.09 0.67 1.00 0.00
0.30 2.09 0.85 1.00 0.00
0.30 2.09 1.02 1.00 0.00
0.30 2.09 1.20 1.00 0.00
0.30 2.09 1.37 1.00 0.00
0.30 2.09 1.55 1.00 0.00
0.30 2.09 1.72 1.00 0.00
0.30 2.09 1.90 1.00 0.00
0.50 2.09 -1.05 1.00 0.00
0.50 2.09 -0.88 1.00 0.00
0.50 2.09 -0.70 1.00 0.00
0.50 2.09 -0.53 1.00 0.00
0.50 2.09 -0.36 1.00 0.00
0.50 2.09 -0.18 1.00 0.00
0.50 2.09 -0.01 1.00 0.00
0.50 2.09 0.17 1.00 0.00
0.50 2.09 0.34 1.00 0.00
0.50 2.09 0.52 1.00 0.00
0.50 2.09 0.69 1.00 0.00
0.50 2.09 0.87 1.00 0.00
0.50 2.09 1.04 1.00 0.00
0.50 2.09 1.22 1.00 0.00
0.50 2.09 1.39 1.00 0.00
0.50 2.09 1.56 1.00 0.00
0.50 2.09 1.74 1.00 0.00
0.50 2.09 1.91 1.00 0.00
0.70 2.09 -1.04 1.00 0.00
0.70 2.09 -0.86 1.00 0.00
0.70 2.09 -0.69 1.00 0.00
0.70 2.09 -0.51 1.00 0.00
0.70 2.09 -0.34 1.00 0.00
0.70 2.09 -0.16 1.00 0.00
0.70 2.09 0.01 1.00 0.00
0.70 2.09 0.19 1.00 0.00
0.70 2.09 0.36 1.00 0.00
0.70 2.09 0.53 1.00 0.00
0.70 2.09 0.71 1.00 0.00
0.70 2.09 0.88 1.00 0.00
0.70 2.09 1.06 1.00 0.00
0.70 2.09 1.23 1.00 0.00
0.70 2.09 1.41 1.00 0.00
0.70 2.09 1.58 1.00 0.00
0.70 2.09 1.76 1.00 0.00
0.70 2.09 1.93 1.00 0.00
0.90 2.09 -1.02 1.00 0.00
0.90 2.09 -0.85 1.00 0.00
0.90 2.09 -0.67 1.00 0.00
0.90 2.09 -0.50 1.00 0.00
0.90 2.09 -0.32 1.00 0.00
0.90 2.09 -0.15 1.00 0.00
0.90 2.09 0.03 1.00 0.00
0.90 2.09 0.20 1.00 0.00
0.90 2.09 0.38 1.00 0.00
0.90 2.09 0.55 1.00 0.00
0.90 2.09 0.73 1.00 0.00
0.90 2.09 0.90 1.00 0.00
0.90 2.09 1.07 1.00 0.00
0.90 2.09 1.25 1.00 0.00
0.90 2.09 1.42 1.00 0.00
0.90 2.09 1.60 1.00 0.00
0.90 2.09 1.77 1.00 0.00
0.90 2.09 1.95 1.00 0.00
1.10 2.09 -1.01 1.00 0.00
1.10 2.09 -0.83 1.00 0.00
1.10 2.09 -0.66 1.00 0.00
1.10 2.09 -0.48 1.00 0.00
1.10 2.09 -0.31 1.00 0.00
1.10 2.09 -0.13 1.00 0.00
1.10 2.09 0.04 1.00 0.00
1.10 2.09 0.22 1.00 0.00
1.10 2.09 0.39 1.00 0.00
1.10 2.09 0.57 1.00 0.00
1.10 2.09 0.74 1.00 0.00
1.10 2.09 0.91 1.00 0.00
1.10 2.09 1.09 1.00 0.00
1.10 2.09 1.26 1.00 0.00
1.10 2.09 1.44 1.00 0.00
1.10 2.09 1.61 1.00 0.00
1.10 2.09 1.79 1.00 0.00
1.10 2.09 1.96 1.00 0.00
0.30 2.27 -1.08 1.00 0.00
0.30 2.27 -0.91 1.00 0.00
0.30 2.27 -0.73 1.00 0.00
0.30 2.27 -0.56 1.00 0.00
0.30 2.27 -0.38 1.00 0.00
0.30 2.27 -0.21 1.00 0.00
0.30 2.27 -0.03 1.00 0.00
0.30 2.27 0.14 1.00 0.00
0.30 2.27 0.32 1.00 0.00
0.30 2.27 0.49 1.00 0.00
0.30 2.27 0.67 1.00 0.00
0.30 2.27 0.84 1.00 0.00
0.30 2.27 1.01 1.00 0.00
0.30 2.27 1.19 1.00 0.00
0.30 2.27 1.36 1.00 0.00
0.30 2.27 1.54 1.00 0.00
0.30 2.27 1.71 1.00 0.00
0.30 2.27 1.89 1.00 0.00
0.50 2.27 -1.07 1.00 0.00
0.50 2.27 -0.89 1.00 0.00
0.50 2.27 -0.72 1.00 0.00
0.50 2.27 -0.54 1.00 0.00
0.50 2.27 -0.37 1.00 0.00
0.50 2.27 -0.19 1.00 0.00
0.50 2.27 -0.02 1.00 0.00
0.50 2.27 0.15 1.00 0.00
0.50 2.27 0.33 1.00 0.00
0.50 2.27 0.50 1.00 0.00
0.50 2.27 0.68 1.00 0.00
0.50 2.27 0.85 1.00 0.00
0.50 2.27 1.03 1.00 0.00
0.50 2.27 1.20 1.00 0.00
0.50 2.27 1.38 1.00 0.00
0.50 2.27 1.55 1.00 0.00
0.50 2.27 1.73 1.00 0.00
0.50 2.27 1.90 1.00 0.00
0.70 2.27 -1.05 1.00 0.00
0.70 2.27 -0.88 1.00 0.00
0.70 2.27 -0.71 1.00 0.00
0.70 2.27 -0.53 1.00 0.00
0.70 2.27 -0.36 1.00 0.00
0.70 2.27 -0.18 1.00 0.00
0.70 2.27 -0.01 1.00 0.00
0.70 2.27 0.17 1.00 0.00
0.70 2.27 0.34 1.00 0.00
0.70 2.27 0.52 1.00 0.00
0.70 2.27 0.69 1.00 0.00
0.70 2.27 0.86 1.00 0.00
0.70 2.27 1.04 1.00 0.00
0.70 2.27 1.21 1.00 0.00
0.70 2.27 1.39 1.00 0.00
0.70 2.27 1.56 1.00 0.00
0.70 2.27 1.74 1.00 0.00
0.70 2.27 1.91 1.00 0.00
0.90 2.27 -1.04 1.00 0.00
0.90 2.27 -0.87 1.00 0.00
0.90 2.27 -0.69 1.00 0.00
0.90 2.27 -0.52 1.00 0.00
0.90 2.27 -0.35 1.00 0.00
0.90 2.27 -0.17 1.00 0.00
0.90 2.27 0.00 1.00 0.00
0.90 2.27 0.18 1.00 0.00
0.90 2.27 0.35 1.00 0.00
0.90 2.27 0.53 1.00 0.00
0.90 2.27 0.70 1.00 0.00
0.90 2.27 0.88 1.00 0.00
0.90 2.27 1.05 1.00 0.00
0.90 2.27 1.23 1.00 0.00
0.90 2.27 1.40 1.00 0.00
0.90 2.27 1.57 1.00 0.00
0.90 2.27 1.75 1.00 0.00
0.90 2.27 1.92 1.00 0.00
1.10 2.27 -1.03 1.00 0.00
1.10 2.27 -0.86 1.00 0.00
1.10 2.27 -0.68 1.00 0.00
1.10 2.27 -0.51 1.00 0.00
1.10 2.27 -0.33 1.00 0.00
1.10 2.27 -0.16 1.00 0.00
1.10 2.27 0.01 1.00 0.00
1.10 2.27 0.19 1.00 0.00
1.10 2.27 0.36 1.00 0.00
1.10 2.27 0.54 1.00 0.00
1.10 2.27 0.71 1.00 0.00
1.10 2.27 0.89 1.00 0.00
1.10 2.27 1.06 1.00 0.00
1.10 2.27 1.24 1.00 0.00
1.10 2.27 1.41 1.00 0.00
1.10 2.27 1.59 1.00 0.00
1.10 2.27 1.76 1.00 0.00
1.10 2.27 1.93 1.00 0.00
0.30 2.44 -1.09 1.00 0.00
0.30 2.44 -0.91 1.00 0.00
0.30 2.44 -0.74 1.00 0.00
0.30 2.44 -0.57 1.00 0.00
0.30 2.44 -0.39 1.00 0.00
0.30 2.44 -0.22 1.00 0.00
0.30 2.44 -0.04 1.00 0.00
0.30 2.44 0.13 1.00 0.00
0.30 2.44 0.31 1.00 0.00
0.30 2.44 0.48 1.00 0.00
0.30 2.44 0.66 1.00 0.00
0.30 2.44 0.83 1.00 0.00
0.30 2.44 1.01 1.00 0.00
0.30 2.44 1.18 1.00 0.00
0.30 2.44 1.35 1.00 0.00
0.30 2.44 1.53 1.00 0.00
0.30 2.44 1.70 1.00 0.00
0.30 2.44 1.88 1.00 0.00
0.50 2.44 -1.08 1.00 0.00
0.50 2.44 -0.91 1.00 0.00
0.50 2.44 -0.73 1.00 0.00
0.50 2.44 -0.56 1.00 0.00
0.50 2.44 -0.38 1.00 0.00
0.50 2.44 -0.21 1.00 0.00
0.50 2.44 -0.03 1.00 0.00
0.50 2.44 0.14 1.00 0.00
0.50 2.44 0.32 1.00 0.00
0.50 2.44 0.49 1.00 0.00
0.50 2.44 0.66 1.00 0.00
0.50 2.44 0.84 1.00 0.00
0.50 2.44 1.01 1.00 0.00
0.50 2.44 1.19 1.00 0.00
0.50 2.44 1.36 1.00 0.00
0.50 2.44 1.54 1.00 0.00
0.50 2.44 1.71 1.00 0.00
0.50 2.44 1.89 1.00 0.00
0.70 2.44 -1.07 1.00 0.00
0.70 2.44 -0.90 1.00 0.00
0.70 2.44 -0.73 1.00 0.00
0.70 2.44 -0.55 1.00 0.00
0.70 2.44 -0.38 1.00 0.00
0.70 2.44 -0.20 1.00 0.00
0.70 2.44 -0.03 1.00 0.00
0.70 2.44 0.15 1.00 0.00
0.70 2.44 0.32 1.00 0.00
0.70 2.44 0.50 1.00 0.00
0.70 2.44 0.67 1.00 0.00
0.70 2.44 0.85 1.00 0.00
0.70 2.44 1.02 1.00 0.00
0.70 2.44 1.19 1.00 0.00
0.70 2.44 1.37 1.00 0.00
0.70 2.44 1.54 1.00 0.00
0.70 2.44 1.72 1.00 0.00
0.70 2.44 1.89 1.00 0.00
0.90 2.44 -1.07 1.00 0.00
0.90 2.44 -0.89 1.00 0.00
0.90 2.44 -0.72 1.00 0.00
0.90 2.44 -0.54 1.00 0.00
0.90 2.44 -0.37 1.00 0.00
0.90 2.44 -0.20 1.00 0.00
0.90 2.44 -0.02 1.00 0.00
0.90 2.44 0.15 1.00 0.00
0.90 2.44 0.33 1.00 0.00
0.90 2.44 0.50 1.00 0.00
0.90 2.44 0.68 1.00 0.00
0.90 2.44 0.85 1.00 0.00
0.90 2.44 1.03 1.00 0.00
0.90 2.44 1.20 1.00 0.00
0.90 2.44 1.38 1.00 0.00
0.90 2.44 1.55 1.00 0.00
0.90 2.44 1.72 1.00 0.00
0.90 2.44 1.90 1.00 0.00
1.10 2.44 -1.06 1.00 0.00
1.10 2.44 -0.89 1.00 0.00
1.10 2.44 -0.71 1.00 0.00
1.10 2.44 -0.54 1.00 0.00
1.10 2.44 -0.36 1.00 0.00
1.10 2.44 -0.19 1.00 0.00
1.10 2.44 -0.01 1.00 0.00
1.10 2.44 0.16 1.00 0.00
1.10 2.44 0.33 1.00 0.00
1.10 2.44 0.51 1.00 0.00
1.10 2.44 0.68 1.00 0.00
1.10 2.44 0.86 1.00 0.00
1.10 2.44 1.03 1.00 0.00
1.10 2.44 1.21 1.00 0.00
1.10 2.44 1.38 1.00 0.00
1.10 2.44 1.56 1.00 0.00
1.10 2.44 1.73 1.00 0.00
1.10 2.44 1.91 1.00 0.00
0.30 2.62 -1.10 1.00 0.00
0.30 2.62 -0.92 1.00 0.00
0.30 2.62 -0.75 1.00 0.00
0.30 2.62 -0.57 1.00 0.00
0.30 2.62 -0.40 1.00 0.00
0.30 2.62 -0.23 1.00 0.00
0.30 2.62 -0.05 1.00 0.00
0.30 2.62 0.12 1.00 0.00
0.30 2.62 0.30 1.00 0.00
0.30 2.62 0.47 1.00 0.00
0.30 2.62 0.65 1.00 0.00
0.30 2.62 0.82 1.00 0.00
0.30 2.62 1.00 1.00 0.00
0.30 2.62 1.17 1.00 0.00
0.30 2.62 1.35 1.00 0.00
0.30 2.62 1.52 1.00 0.00
0.30 2.62 1.69 1.00 0.00
0.30 2.62 1.87 1.00 0.00
0.50 2.62 -1.10 1.00 0.00
0.50 2.62 -0.92 1.00 0.00
0.50 2.62 -0.75 1.00 0.00
0.50 2.62 -0.57 1.00 0.00
0.50 2.62 -0.40 1.00 0.00
0.50 2.62 -0.22 1.00 0.00
0.50 2.62 -0.05 1.00 0.00
0.50 2.62 0.13 1.00 0.00
0.50 2.62 0.30 1.00 0.00
0.50 2.62 0.47 1.00 0.00
0.50 2.62 0.65 1.00 0.00
0.50 2.62 0.82 1.00 0.00
0.50 2.62 1.00 1.00 0.00
0.50 2.62 1.17 1.00 0.00
0.50 2.62 1.35 1.00 0.00
0.50 2.62 1.52 1.00 0.00
0.50 2.62 1.70 1.00 0.00
0.50 2.62 1.87 1.00 0.00
0.70 2.62 -1.09 1.00 0.00
0.70 2.62 -0.92 1.00 0.00
0.70 2.62 -0.75 1.00 0.00
0.70 2.62 -0.57 1.00 0.00
0.70 2.62 -0.40 1.00 0.00
0.70 2.62 -0.22 1.00 0.00
0.70 2.62 -0.05 1.00 0.00
0.70 2.62 0.13 1.00 0.00
0.70 2.62 0.30 1.00 0.00
0.70 2.62 0.48 1.00 0.00
0.70 2.62 0.65 1.00 0.00
0.70 2.62 0.83 1.00 0.00
0.70 2.62 1.00 1.00 0.00
0.70 2.62 1.17 1.00 0.00
0.70 2.62 1.35 1.00 0.00
0.70 2.62 1.52 1.00 0.00
0.70 2.62 1.70 1.00 0.00
0.70 2.62 1.87 1.00 0.00
0.90 2.62 -1.09 1.00 0.00
0.90 2.62 -0.92 1.00 0.00
0.90 2.62 -0.74 1.00 0.00
0.90 2.62 -0.57 1.00 0.00
0.90 2.62 -0.39 1.00 0.00
0.90 2.62 -0.22 1.00 0.00
0.90 2.62 -0.05 1.00 0.00
0.90 2.62 0.13 1.00 0.00
0.90 2.62 0.30 1.00 0.00
0.90 2.62 0.48 1.00 0.00
0.90 2.62 0.65 1.00 0.00
0.90 2.62 0.83 1.00 0.00
0.90 2.62 1.00 1.00 0.00
0.90 2.62 1.18 1.00 0.00
0.90 2.62 1.35 1.00 0.00
0.90 2.62 1.53 1.00 0.00
0.90 2.62 1.70 1.00 0.00
0.90 2.62 1.87 1.00 0.00
1.10 2.62 -1.09 1.00 0.00
1.10 2.62 -0.92 1.00 0.00
1.10 2.62 -0.74 1.00 0.00
1.10 2.62 -0.57 1.00 0.00
1.10 2.62 -0.39 1.00 0.00
1.10 2.62 -0.22 1.00 0.00
1.10 2.62 -0.04 1.00 0.00
1.10 2.62 0.13 1.00 0.00
1.10 2.62 0.30 1.00 0.00
1.10 2.62 0.48 1.00 0.00
1.10 2.62 0.65 1.00 0.00
1.10 2.62 0.83 1.00 0.00
1.10 2.62 1.00 1.00 0.00
1.10 2.62 1.18 1.00 0.00
1.10 2.62 1.35 1.00 0.00
1.10 2.62 1.53 1.00 0.00
1.10 2.62 1.70 1.00 0.00
1.10 2.62 1.88 1.00 0.00
0.30 2.79 -1.11 1.00 0.00
0.30 2.79 -0.93 1.00 0.00
0.30 2.79 -0.76 1.00 0.00
0.30 2.79 -0.58 1.00 0.00
0.30 2.79 -0.41 1.00 0.00
0.30 2.79 -0.23 1.00 0.00
0.30 2.79 -0.06 1.00 0.00
0.30 2.79 0.11 1.00 0.00
0.30 2.79 0.29 1.00 0.00
0.30 2.79 0.46 1.00 0.00
0.30 2.79 0.64 1.00 0.00
0.30 2.79 0.81 1.00 0.00
0.30 2.79 0.99 1.00 0.00
0.30 2.79 1.16 1.00 0.00
0.30 2.79 1.34 1.00 0.00
0.30 2.79 1.51 1.00 0.00
0.30 2.79 1.69 1.00 0.00
0.30 2.79 1.86 1.00 0.00
0.50 2.79 -1.11 1.00 0.00
0.50 2.79 -0.94 1.00 0.00
0.50 2.79 -0.76 1.00 0.00
0.50 2.79 -0.59 1.00 0.00
0.50 2.79 -0.41 1.00 0.00
0.50 2.79 -0.24 1.00 0.00
0.50 2.79 -0.06 1.00 0.00
0.50 2.79 0.11 1.00 0.00
0.50 2.79 0.29 1.00 0.00
0.50 2.79 0.46 1.00 0.00
0.50 2.79 0.63 1.00 0.00
0.50 2.79 0.81 1.00 0.00
0.50 2.79 0.98 1.00 0.00
0.50 2.79 1.16 1.00 0.00
0.50 2.79 1.33 1.00 0.00
0.50 2.79 1.51 1.00 0.00
0.50 2.79 1.68 1.00 0.00
0.50 2.79 1.86 1.00 0.00
0.70 2.79 -1.11 1.00 0.00
0.70 2.79 -0.94 1.00 0.00
0.70 2.79 -0.77 1.00 0.00
0.70 2.79 -0.59 1.00 0.00
0.70 2.79 -0.42 1.00 0.00
0.70 2.79 -0.24 1.00 0.00
0.70 2.79 -0.07 1.00 0.00
0.70 2.79 0.11 1.00 0.00
0.70 2.79 0.28 1.00 0.00
0.70 2.79 0.46 1.00 0.00
0.70 2.79 0.63 1.00 0.00
0.70 2.79 0.81 1.00 0.00
0.70 2.79 0.98 1.00 0.00
0.70 2.79 1.15 1.00 0.00
0.70 2.79 1.33 1.00 0.00
0.70 2.79 1.50 1.00 0.00
0.70 2.79 1.68 1.00 0.00
0.70 2.79 1.85 1.00 0.00
0.90 2.79 -1.12 1.00 0.00
0.90 2.79 -0.94 1.00 0.00
0.90 2.79 -0.77 1.00 0.00
0.90 2.79 -0.59 1.00 0.00
0.90 2.79 -0.42 1.00 0.00
0.90 2.79 -0.25 1.00 0.00
0.90 2.79 -0.07 1.00 0.00
0.90 2.79 0.10 1.00 0.00
0.90 2.79 0.28 1.00 0.00
0.90 2.79 0.45 1.00 0.00
0.90 2.79 0.63 1.00 0.00
0.90 2.79 0.80 1.00 0.00
0.90 2.79 0.98 1.00 0.00
0.90 2.79 1.15 1.00 0.00
0.90 2.79 1.33 1.00 0.00
0.90 2.79 1.50 1.00 0.00
0.90 2.79 1.67 1.00 0.00
0.90 2.79 1.85 1.00 0.00
1.10 2.79 -1.12 1.00 0.00
1.10 2.79 -0.95 1.00 0.00
1.10 2.79 -0.77 1.00 0.00
1.10 2.79 -0.60 1.00 0.00
1.10 2.79 -0.42 1.00 0.00
1.10 2.79 -0.25 1.00 0.00
1.10 2.79 -0.07 1.00 0.00
1.10 2.79 0.10 1.00 0.00
1.10 2.79 0.28 1.00 0.00
1.10 2.79 0.45 1.00 0.00
1.10 2.79 0.62 1.00 0.00
1.10 2.79 0.80 1.00 0.00
1.10 2.79 0.97 1.00 0.00
1.10 2.79 1.15 1.00 0.00
1.10 2.79 1.32 1.00 0.00
1.10 2.79 1.50 1.00 0.00
1.10 2.79 1.67 1.00 0.00
1.10 2.79 1.85 1.00 0.00
0.30 2.97 -1.12 1.00 0.00
0.30 2.97 -0.94 1.00 0.00
0.30 2.97 -0.77 1.00 0.00
0.30 2.97 -0.59 1.00 0.00
0.30 2.97 -0.42 1.00 0.00
0.30 2.97 -0.24 1.00 0.00
0.30 2.97 -0.07 1.00 0.00
0.30 2.97 0.11 1.00 0.00
0.30 2.97 0.28 1.00 0.00
0.30 2.97 0.45 1.00 0.00
0.30 2.97 0.63 1.00 0.00
0.30 2.97 0.80 1.00 0.00
0.30 2.97 0.98 1.00 0.00
0.30 2.97 1.15 1.00 0.00
0.30 2.97 1.33 1.00 0.00
0.30 2.97 1.50 1.00 0.00
0.30 2.97 1.68 1.00 0.00
0.30 2.97 1.85 1.00 0.00
0.50 2.97 -1.13 1.00 0.00
0.50 2.97 -0.95 1.00 0.00
0.50 2.97 -0.78 1.00 0.00
0.50 2.97 -0.60 1.00 0.00
0.50 2.97 -0.43 1.00 0.00
0.50 2.97 -0.25 1.00 0.00
0.50 2.97 -0.08 1.00 0.00
0.50 2.97 0.10 1.00 0.00
0.50 2.97 0.27 1.00 0.00
0.50 2.97 0.45 1.00 0.00
0.50 2.97 0.62 1.00 0.00
0.50 2.97 0.79 1.00 0.00
0.50 2.97 0.97 1.00 0.00
0.50 2.97 1.14 1.00 0.00
0.50 2.97 1.32 1.00 0.00
0.50 2.97 1.49 1.00 0.00
0.50 2.97 1.67 1.00 0.00
0.50 2.97 1.84 1.00 0.00
0.70 2.97 -1.13 1.00 0.00
0.70 2.97 -0.96 1.00 0.00
0.70 2.97 -0.79 1.00 0.00
0.70 2.97 -0.61 1.00 0.00
0.70 2.97 -0.44 1.00 0.00
0.70 2.97 -0.26 1.00 0.00
0.70 2.97 -0.09 1.00 0.00
0.70 2.97 0.09 1.00 0.00
0.70 2.97 0.26 1.00 0.00
0.70 2.97 0.44 1.00 0.00
0.70 2.97 0.61 1.00 0.00
0.70 2.97 0.79 1.00 0.00
0.70 2.97 0.96 1.00 0.00
0.70 2.97 1.13 1.00 0.00
0.70 2.97 1.31 1.00 0.00
0.70 2.97 1.48 1.00 0.00
0.70 2.97 1.66 1.00 0.00
0.70 2.97 1.83 1.00 0.00
0.90 2.97 -1.14 1.00 0.00
0.90 2.97 -0.97 1.00 0.00
0.90 2.97 -0.79 1.00 0.00
0.90 2.97 -0.62 1.00 0.00
0.90 2.97 -0.44 1.00 0.00
0.90 2.97 -0.27 1.00 0.00
0.90 2.97 -0.10 1.00 0.00
0.90 2.97 0.08 1.00 0.00
0.90 2.97 0.25 1.00 0.00
0.90 2.97 0.43 1.00 0.00
0.90 2.97 0.60 1.00 0.00
0.90 2.97 0.78 1.00 0.00
0.90 2.97 0.95 1.00 0.00
0.90 2.97 1.13 1.00 0.00
0.90 2.97 1.30 1.00 0.00
0.90 2.97 1.48 1.00 0.00
0.90 2.97 1.65 1.00 0.00
0.90 2.97 1.82 1.00 0.00
1.10 2.97 -1.15 1.00 0.00
1.10 2.97 -0.98 1.00 0.00
1.10 2.97 -0.80 1.00 0.00
1.10 2.97 -0.63 1.00 0.00
1.10 2.97 -0.45 1.00 0.00
1.10 2.97 -0.28 1.00 0.00
1.10 2.97 -0.10 1.00 0.00
1.10 2.97 0.07 1.00 0.00
1.10 2.97 0.25 1.00 0.00
1.10 2.97 0.42 1.00 0.00
1.10 2.97 0.59 1.00 0.00
1.10 2.97 0.77 1.00 0.00
1.10 2.97 0.94 1.00 0.00
1.10 2.97 1.12 1.00 0.00
1.10 2.97 1.29 1.00 0.00
1.10 2.97 1.47 1.00 0.00
1.10 2.97 1.64 1.00 0.00
1.10 2.97 1.82 1.00 0.00
0.30 3.14 -1.12 1.00 0.00
0.30 3.14 -0.95 1.00 0.00
0.30 3.14 -0.78 1.00 0.00
0.30 3.14 -0.60 1.00 0.00
0.30 3.14 -0.43 1.00 0.00
0.30 3.14 -0.25 1.00 0.00
0.30 3.14 -0.08 1.00 0.00
0.30 3.14 0.10 1.00 0.00
0.30 3.14 0.27 1.00 0.00
0.30 3.14 0.45 1.00 0.00
0.30 3.14 0.62 1.00 0.00
0.30 3.14 0.80 1.00 0.00
0.30 3.14 0.97 1.00 0.00
0.30 3.14 1.14 1.00 0.00
0.30 3.14 1.32 1.00 0.00
0.30 3.14 1.49 1.00 0.00
0.30 3.14 1.67 1.00 0.00
0.30 3.14 1.84 1.00 0.00
0.50 3.14 -1.14 1.00 0.00
0.50 3.14 -0.97 1.00 0.00
0.50 3.14 -0.79 1.00 0.00
0.50 3.14 -0.62 1.00 0.00
0.50 3.14 -0.44 1.00 0.00
0.50 3.14 -0.27 1.00 0.00
0.50 3.14 -0.09 1.00 0.00
0.50 3.14 0.08 1.00 0.00
0.50 3.14 0.26 1.00 0.00
0.50 3.14 0.43 1.00 0.00
0.50 3.14 0.61 1.00 0.00
0.50 3.14 0.78 1.00 0.00
0.50 3.14 0.95 1.00 0.00
0.50 3.14 1.13 1.00 0.00
0.50 3.14 1.30 1.00 0.00
0.50 3.14 1.48 1.00 0.00
0.50 3.14 1.65 1.00 0.00
0.50 3.14 1.83 1.00 0.00
0.70 3.14 -1.15 1.00 0.00
0.70 3.14 -0.98 1.00 0.00
0.70 3.14 -0.80 1.00 0.00
0.70 3.14 -0.63 1.00 0.00
0.70 3.14 -0.46 1.00 0.00
0.70 3.14 -0.28 1.00 0.00
0.70 3.14 -0.11 1.00 0.00
0.70 3.14 0.07 1.00 0.00
0.70 3.14 0.24 1.00 0.00
0.70 3.14 0.42 1.00 0.00
0.70 3.14 0.59 1.00 0.00
0.70 3.14 0.77 1.00 0.00
0.70 3.14 0.94 1.00 0.00
0.70 3.14 1.12 1.00 0.00
0.70 3.14 1.29 1.00 0.00
0.70 3.14 1.46 1.00 0.00
0.70 3.14 1.64 1.00 0.00
0.70 3.14 1.81 1.00 0.00
0.90 3.14 -1.17 1.00 0.00
0.90 3.14 -0.99 1.00 0.00
0.90 3.14 -0.82 1.00 0.00
0.90 3.14 -0.64 1.00 0.00
0.90 3.14 -0.47 1.00 0.00
0.90 3.14 -0.29 1.00 0.00
0.90 3.14 -0.12 1.00 0.00
0.90 3.14 0.05 1.00 0.00
0.90 3.14 0.23 1.00 0.00
0.90 3.14 0.40 1.00 0.00
0.90 3.14 0.58 1.00 0.00
0.90 3.14 0.75 1.00 0.00
0.90 3.14 0.93 1.00 0.00
0.90 3.14 1.10 1.00 0.00
0.90 3.14 1.28 1.00 0.00
0.90 3.14 1.45 1.00 0.00
0.90 3.14 1.63 1.00 0.00
0.90 3.14 1.80 1.00 0.00
1.10 3.14 -1.18 1.00 0.00
1.10 3.14 -1.00 1.00 0.00
1.10 3.14 -0.83 1.00 0.00
1.10 3.14 -0.66 1.00 0.00
1.10 3.14 -0.48 1.00 0.00
1.10 3.14 -0.31 1.00 0.00
1.10 3.14 -0.13 1.00 0.00
1.10 3.14 0.04 1.00 0.00
1.10 3.14 0.22 1.00 0.00
1.10 3.14 0.39 1.00 0.00
1.10 3.14 0.57 1.00 0.00
1.10 3.14 0.74 1.00 0.00
1.10 3.14 0.92 1.00 0.00
1.10 3.14 1.09 1.00 0.00
1.10 3.14 1.26 1.00 0.00
1.10 3.14 1.44 1.00 0.00
1.10 3.14 1.61 1.00 0.00
1.10 3.14 1.79 1.00 0.00
0.30 3.32 -1.13 1.00 0.00
0.30 3.32 -0.96 1.00 0.00
0.30 3.32 -0.78 1.00 0.00
0.30 3.32 -0.61 1.00 0.00
0.30 3.32 -0.43 1.00 0.00
0.30 3.32 -0.26 1.00 0.00
0.30 3.32 -0.09 1.00 0.00
0.30 3.32 0.09 1.00 0.00
0.30 3.32 0.26 1.00 0.00
0.30 3.32 0.44 1.00 0.00
0.30 3.32 0.61 1.00 0.00
0.30 3.32 0.79 1.00 0.00
0.30 3.32 0.96 1.00 0.00
0.30 3.32 1.14 1.00 0.00
0.30 3.32 1.31 1.00 0.00
0.30 3.32 1.49 1.00 0.00
0.30 3.32 1.66 1.00 0.00
0.30 3.32 1.83 1.00 0.00
0.50 3.32 -1.15 1.00 0.00
0.50 3.32 -0.98 1.00 0.00
0.50 3.32 -0.80 1.00 0.00
0.50 3.32 -0.63 1.00 0.00
0.50 3.32 -0.45 1.00 0.00
0.50 3.32 -0.28 1.00 0.00
0.50 3.32 -0.11 1.00 0.00
0.50 3.32 0.07 1.00 0.00
0.50 3.32 0.24 1.00 0.00
0.50 3.32 0.42 1.00 0.00
0.50 3.32 0.59 1.00 0.00
0.50 3.32 0.77 1.00 0.00
0.50 3.32 0.94 1.00 0.00
0.50 3.32 1.12 1.00 0.00
0.50 3.32 1.29 1.00 0.00
0.50 3.32 1.47 1.00 0.00
0.50 3.32 1.64 1.00 0.00
0.50 3.32 1.81 1.00 0.00
0.70 3.32 -1.17 1.00 0.00
0.70 3.32 -1.00 1.00 0.00
0.70 3.32 -0.82 1.00 0.00
0.70 3.32 -0.65 1.00 0.00
0.70 3.32 -0.47 1.00 0.00
0.70 3.32 -0.30 1.00 0.00
0.70 3.32 -0.12 1.00 0.00
0.70 3.32 0.05 1.00 0.00
0.70 3.32 0.22 1.00 0.00
0.70 3.32 0.40 1.00 0.00
0.70 3.32 0.57 1.00 0.00
0.70 3.32 0.75 1.00 0.00
0.70 3.32 0.92 1.00 0.00
0.70 3.32 1.10 1.00 0.00
0.70 3.32 1.27 1.00 0.00
0.70 3.32 1.45 1.00 0.00
0.70 3.32 1.62 1.00 0.00
0.70 3.32 1.80 1.00 0.00
0.90 3.32 -1.19 1.00 0.00
0.90 3.32 -1.02 1.00 0.00
0.90 3.32 -0.84 1.00 0.00
0.90 3.32 -0.67 1.00 0.00
0.90 3.32 -0.49 1.00 0.00
0.90 3.32 -0.32 1.00 0.00
0.90 3.32 -0.14 1.00 0.00
0.90 3.32 0.03 1.00 0.00
0.90 3.32 0.21 1.00 0.00
0.90 3.32 0.38 1.00 0.00
0.90 3.32 0.56 1.00 0.00
0.90 3.32 0.73 1.00 0.00
0.90 3.32 0.90 1.00 0.00
0.90 3.32 1.08 1.00 0.00
0.90 3.32 1.25 1.00 0.00
0.90 3.32 1.43 1.00 0.00
0.90 3.32 1.60 1.00 0.00
0.90 3.32 1.78 1.00 0.00
1.10 3.32 -1.21 1.00 0.00
1.10 3.32 -1.03 1.00 0.00
1.10 3.32 -0.86 1.00 0.00
1.10 3.32 -0.68 1.00 0.00
1.10 3.32 -0.51 1.00 0.00
1.10 3.32 -0.33 1.00 0.00
1.10 3.32 -0.16 1.00 0.00
1.10 3.32 0.02 1.00 0.00
1.10 3.32 0.19 1.00 0.00
1.10 3.32 0.36 1.00 0.00
1.10 3.32 0.54 1.00 0.00
1.10 3.32 0.71 1.00 0.00
1.10 3.32 0.89 1.00 0.00
1.10 3.32 1.06 1.00 0.00
1.10 3.32 1.24 1.00 0.00
1.10 3.32 1.41 1.00 0.00
1.10 3.32 1.59 1.00 0.00
1.10 3.32 1.76 1.00 0.00
0.30 3.49 -1.14 1.00 0.00
0.30 3.49 -0.97 1.00 0.00
0.30 3.49 -0.79 1.00 0.00
0.30 3.49 -0.62 1.00 0.00
0.30 3.49 -0.44 1.00 0.00
0.30 3.49 -0.27 1.00 0.00
0.30 3.49 -0.09 1.00 0.00
0.30 3.49 0.08 1.00 0.00
0.30 3.49 0.26 1.00 0.00
0.30 3.49 0.43 1.00 0.00
0.30 3.49 0.61 1.00 0.00
0.30 3.49 0.78 1.00 0.00
0.30 3.49 0.95 1.00 0.00
0.30 3.49 1.13 1.00 0.00
0.30 3.49 1.30 1.00 0.00
0.30 3.49 1.48 1.00 0.00
0.30 3.49 1.65 1.00 0.00
0.30 3.49 1.83 1.00 0.00
0.50 3.49 -1.16 1.00 0.00
0.50 3.49 -0.99 1.00 0.00
0.50 3.49 -0.82 1.00 0.00
0.50 3.49 -0.64 1.00 0.00
0.50 3.49 -0.47 1.00 0.00
0.50 3.49 -0.29 1.00 0.00
0.50 3.49 -0.12 1.00 0.00
0.50 3.49 0.06 1.00 0.00
0.50 3.49 0.23 1.00 0.00
0.50 3.49 0.41 1.00 0.00
0.50 3.49 0.58 1.00 0.00
0.50 3.49 0.76 1.00 0.00
0.50 3.49 0.93 1.00 0.00
0.50 3.49 1.10 1.00 0.00
0.50 3.49 1.28 1.00 0.00
0.50 3.49 1.45 1.00 0.00
0.50 3.49 1.63 1.00 0.00
0.50 3.49 1.80 1.00 0.00
0.70 3.49 -1.19 1.00 0.00
0.70 3.49 -1.01 1.00 0.00
0.70 3.49 -0.84 1.00 0.00
0.70 3.49 -0.66 1.00 0.00
0.70 3.49 -0.49 1.00 0.00
0.70 3.49 -0.32 1.00 0.00
0.70 3.49 -0.14 1.00 0.00
0.70 3.49 0.03 1.00 0.00
0.70 3.49 0.21 1.00 0.00
0.70 3.49 0.38 1.00 0.00
0.70 3.49 0.56 1.00 0.00
0.70 3.49 0.73 1.00 0.00
0.70 3.49 0.91 1.00 0.00
0.70 3.49 1.08 1.00 0.00
0.70 3.49 1.26 1.00 0.00
0.70 3.49 1.43 1.00 0.00
0.70 3.49 1.60 1.00 0.00
0.70 3.49 1.78 1.00 0.00
0.90 3.49 -1.21 1.00 0.00
0.90 3.49 -1.04 1.00 0.00
0.90 3.49 -0.86 1.00 0.00
0.90 3.49 -0.69 1.00 0.00
0.90 3.49 -0.51 1.00 0.00
0.90 3.49 -0.34 1.00 0.00
0.90 3.49 -0.16 1.00 0.00
0.90 3.49 0.01 1.00 0.00
0.90 3.49 0.19 1.00 0.00
0.90 3.49 0.36 1.00 0.00
0.90 3.49 0.53 1.00 0.00
0.90 3.49 0.71 1.00 0.00
0.90 3.49 0.88 1.00 0.00
0.90 3.49 1.06 1.00 0.00
0.90 3.49 1.23 1.00 0.00
0.90 3.49 1.41 1.00 0.00
0.90 3.49 1.58 1.00 0.00
0.90 3.49 1.76 1.00 0.00
1.10 3.49 -1.23 1.00 0.00
1.10 3.49 -1.06 1.00 0.00
1.10 3.49 -0.88 1.00 0.00
1.10 3.49 -0.71 1.00 0.00
1.10 3.49 -0.53 1.00 0.00
1.10 3.49 -0.36 1.00 0.00
1.10 3.49 -0.18 1.00 0.00
1.10 3.49 -0.01 1.00 0.00
1.10 3.49 0.16 1.00 0.00
1.10 3.49 0.34 1.00 0.00
1.10 3.49 0.51 1.00 0.00
1.10 3.49 0.69 1.00 0.00
1.10 3.49 0.86 1.00 0.00
1.10 3.49 1.04 1.00 0.00
1.10 3.49 1.21 1.00 0.00
1.10 3.49 1.39 1.00 0.00
1.10 3.49 1.56 1.00 0.00
1.10 3.49 1.74 1.00 0.00
0.30 3.67 -1.15 1.00 0.00
0.30 3.67 -0.97 1.00 0.00
0.30 3.67 -0.80 1.00 0.00
0.30 3.67 -0.62 1.00 0.00
0.30 3.67 -0.45 1.00 0.00
0.30 3.67 -0.27 1.00 0.00
0.30 3.67 -0.10 1.00 0.00
0.30 3.67 0.08 1.00 0.00
0.30 3.67 0.25 1.00 0.00
0.30 3.67 0.42 1.00 0.00
0.30 3.67 0.60 1.00 0.00
0.30 3.67 0.77 1.00 0.00
0.30 3.67 0.95 1.00 0.00
0.30 3.67 1.12 1.00 0.00
0.30 3.67 1.30 1.00 0.00
0.30 3.67 1.47 1.00 0.00
0.30 3.67 1.65 1.00 0.00
0.30 3.67 1.82 1.00 0.00
0.50 3.67 -1.18 1.00 0.00
0.50 3.67 -1.00 1.00 0.00
0.50 3.67 -0.83 1.00 0.00
0.50 3.67 -0.65 1.00 0.00
0.50 3.67 -0.48 1.00 0.00
0.50 3.67 -0.30 1.00 0.00
0.50 3.67 -0.13 1.00 0.00
0.50 3.67 0.05 1.00 0.00
0.50 3.67 0.22 1.00 0.00
0.50 3.67 0.40 1.00 0.00
0.50 3.67 0.57 1.00 0.00
0.50 3.67 0.74 1.00 0.00
0.50 3.67 0.92 1.00 0.00
0.50 3.67 1.09 1.00 0.00
0.50 3.67 1.27 1.00 0.00
0.50 3.67 1.44 1.00 0.00
0.50 3.67 1.62 1.00 0.00
0.50 3.67 1.79 1.00 0.00
0.70 3.67 -1.20 1.00 0.00
0.70 3.67 -1.03 1.00 0.00
0.70 3.67 -0.85 1.00 0.00
0.70 3.67 -0.68 1.00 0.00
0.70 3.67 -0.50 1.00 0.00
0.70 3.67 -0.33 1.00 0.00
0.70 3.67 -0.16 1.00 0.00
0.70 3.67 0.02 1.00 0.00
0.70 3.67 0.19 1.00 0.00
0.70 3.67 0.37 1.00 0.00
0.70 3.67 0.54 1.00 0.00
0.70 3.67 0.72 1.00 0.00
0.70 3.67 0.89 1.00 0.00
0.70 3.67 1.07 1.00 0.00
0.70 3.67 1.24 1.00 0.00
0.70 3.67 1.42 1.00 0.00
0.70 3.67 1.59 1.00 0.00
0.70 3.67 1.76 1.00 0.00
0.90 3.67 -1.23 1.00 0.00
0.90 3.67 -1.05 1.00 0.00
0.90 3.67 -0.88 1.00 0.00
0.90 3.67 -0.71 1.00 0.00
0.90 3.67 -0.53 1.00 0.00
0.90 3.67 -0.36 1.00 0.00
0.90 3.67 -0.18 1.00 0.00
0.90 3.67 -0.01 1.00 0.00
0.90 3.67 0.17 1.00 0.00
0.90 3.67 0.34 1.00 0.00
0.90 3.67 0.52 1.00 0.00
0.90 3.67 0.69 1.00 0.00
0.90 3.67 0.87 1.00 0.00
0.90 3.67 1.04 1.00 0.00
0.90 3.67 1.21 1.00 0.00
0.90 3.67 1.39 1.00 0.00
0.90 3.67 1.56 1.00 0.00
0.90 3.67 1.74 1.00 0.00
1.10 3.67 -1.25 1.00 0.00
1.10 3.67 -1.08 1.00 0.00
1.10 3.67 -0.91 1.00 0.00
1.10 3.67 -0.73 1.00 0.00
1.10 3.67 -0.56 1.00 0.00
1.10 3.67 -0.38 1.00 0.00
1.10 3.67 -0.21 1.00 0.00
1.10 3.67 -0.03 1.00 0.00
1.10 3.67 0.14 1.00 0.00
1.10 3.67 0.32 1.00 0.00
1.10 3.67 0.49 1.00 0.00
1.10 3.67 0.67 1.00 0.00
1.10 3.67 0.84 1.00 0.00
1.10 3.67 1.01 1.00 0.00
1.10 3.67 1.19 1.00 0.00
1.10 3.67 1.36 1.00 0.00
1.10 3.67 1.54 1.00 0.00
1.10 3.67 1.71 1.00 0.00
0.30 3.84 -1.15 1.00 0.00
0.30 3.84 -0.98 1.00 0.00
0.30 3.84 -0.80 1.00 0.00
0.30 3.84 -0.63 1.00 0.00
0.30 3.84 -0.45 1.00 0.00
0.30 3.84 -0.28 1.00 0.00
0.30 3.84 -0.10 1.00 0.00
0.30 3.84 0.07 1.00 0.00
0.30 3.84 0.25 1.00 0.00
0.30 3.84 0.42 1.00 0.00
0.30 3.84 0.59 1.00 0.00
0.30 3.84 0.77 1.00 0.00
0.30 3.84 0.94 1.00 0.00
0.30 3.84 1.12 1.00 0.00
0.30 3.84 1.29 1.00 0.00
0.30 3.84 1.47 1.00 0.00
0.30 3.84 1.64 1.00 0.00
0.30 3.84 1.82 1.00 0.00
0.50 3.84 -1.18 1.00 0.00
0.50 3.84 -1.01 1.00 0.00
0.50 3.84 -0.83 1.00 0.00
0.50 3.84 -0.66 1.00 0.00
0.50 3.84 -0.49 1.00 0.00
0.50 3.84 -0.31 1.00 0.00
0.50 3.84 -0.14 1.00 0.00
0.50 3.84 0.04 1.00 0.00
0.50 3.84 0.21 1.00 0.00
0.50 3.84 0.39 1.00 0.00
0.50 3.84 0.56 1.00 0.00
0.50 3.84 0.74 1.00 0.00
0.50 3.84 0.91 1.00 0.00
0.50 3.84 1.09 1.00 0.00
0.50 3.84 1.26 1.00 0.00
0.50 3.84 1.43 1.00 0.00
0.50 3.84 1.61 1.00 0.00
0.50 3.84 1.78 1.00 0.00
0.70 3.84 -1.21 1.00 0.00
0.70 3.84 -1.04 1.00 0.00
0.70 3.84 -0.87 1.00 0.00
0.70 3.84 -0.69 1.00 0.00
0.70 3.84 -0.52 1.00 0.00
0.70 3.84 -0.34 1.00 0.00
0.70 3.84 -0.17 1.00 0.00
0.70 3.84 0.01 1.00 0.00
0.70 3.84 0.18 1.00 0.00
0.70 3.84 0.36 1.00 0.00
0.70 3.84 0.53 1.00 0.00
0.70 3.84 0.71 1.00 0.00
0.70 3.84 0.88 1.00 0.00
0.70 3.84 1.05 1.00 0.00
0.70 3.84 1.23 1.00 0.00
0.70 3.84 1.40 1.00 0.00
0.70 3.84 1.58 1.00 0.00
0.70 3.84 1.75 1.00 0.00
0.90 3.84 -1.24 1.00 0.00
0.90 3.84 -1.07 1.00 0.00
0.90 3.84 -0.90 1.00 0.00
0.90 3.84 -0.72 1.00 0.00
0.90 3.84 -0.55 1.00 0.00
0.90 3.84 -0.37 1.00 0.00
0.90 3.84 -0.20 1.00 0.00
0.90 3.84 -0.02 1.00 0.00
0.90 3.84 0.15 1.00 0.00
0.90 3.84 0.33 1.00 0.00
0.90 3.84 0.50 1.00 0.00
0.90 3.84 0.67 1.00 0.00
0.90 3.84 0.85 1.00 0.00
0.90 3.84 1.02 1.00 0.00
0.90 3.84 1.20 1.00 0.00
0.90 3.84 1.37 1.00 0.00
0.90 3.84 1.55 1.00 0.00
0.90 3.84 1.72 1.00 0.00
1.10 3.84 -1.27 1.00 0.00
1.10 3.84 -1.10 1.00 0.00
1.10 3.84 -0.92 1.00 0.00
1.10 3.84 -0.75 1.00 0.00
1.10 3.84 -0.58 1.00 0.00
1.10 3.84 -0.40 1.00 0.00
1.10 3.84 -0.23 1.00 0.00
1.10 3.84 -0.05 1.00 0.00
1.10 3.84 0.12 1.00 0.00
1.10 3.84 0.30 1.00 0.00
1.10 3.84 0.47 1.00 0.00
1.10 3.84 0.65 1.00 0.00
1.10 3.84 0.82 1.00 0.00
1.10 3.84 0.99 1.00 0.00
1.10 3.84 1.17 1.00 0.00
1.10 3.84 1.34 1.00 0.00
1.10 3.84 1.52 1.00 0.00
1.10 3.84 1.69 1.00 0.00
0.30 4.01 -1.15 1.00 0.00
0.30 4.01 -0.98 1.00 0.00
0.30 4.01 -0.81 1.00 0.00
0.30 4.01 -0.63 1.00 0.00
0.30 4.01 -0.46 1.00 0.00
0.30 4.01 -0.28 1.00 0.00
0.30 4.01 -0.11 1.00 0.00
0.30 4.01 0.07 1.00 0.00
0.30 4.01 0.24 1.00 0.00
0.30 4.01 0.42 1.00 0.00
0.30 4.01 0.59 1.00 0.00
0.30 4.01 0.77 1.00 0.00
0.30 4.01 0.94 1.00 0.00
0.30 4.01 1.11 1.00 0.00
0.30 4.01 1.29 1.00 0.00
0.30 4.01 1.46 1.00 0.00
0.30 4.01 1.64 1.00 0.00
0.30 4.01 1.81 1.00 0.00
0.50 4.01 -1.19 1.00 0.00
0.50 4.01 -1.02 1.00 0.00
0.50 4.01 -0.84 1.00 0.00
0.50 4.01 -0.67 1.00 0.00
0.50 4.01 -0.49 1.00 0.00
0.50 4.01 -0.32 1.00 0.00
0.50 4.01 -0.14 1.00 0.00
0.50 4.01 0.03 1.00 0.00
0.50 4.01 0.21 1.00 0.00
0.50 4.01 0.38 1.00 0.00
0.50 4.01 0.56 1.00 0.00
0.50 4.01 0.73 1.00 0.00
0.50 4.01 0.90 1.00 0.00
0.50 4.01 1.08 1.00 0.00
0.50 4.01 1.25 1.00 0.00
0.50 4.01 1.43 1.00 0.00
0.50 4.01 1.60 1.00 0.00
0.50 4.01 1.78 1.00 0.00
0.70 4.01 -1.22 1.00 0.00
0.70 4.01 -1.05 1.00 0.00
0.70 4.01 -0.87 1.00 0.00
0.70 4.01 -0.70 1.00 0.00
0.70 4.01 -0.53 1.00 0.00
0.70 4.01 -0.35 1.00 0.00
0.70 4.01 -0.18 1.00 0.00
0.70 4.01 -0.00 1.00 0.00
0.70 4.01 0.17 1.00 0.00
0.70 4.01 0.35 1.00 0.00
0.70 4.01 0.52 1.00 0.00
0.70 4.01 0.70 1.00 0.00
0.70 4.01 0.87 1.00 0.00
0.70 4.01 1.05 1.00 0.00
0.70 4.01 1.22 1.00 0.00
0.70 4.01 1.39 1.00 0.00
0.70 4.01 1.57 1.00 0.00
0.70 4.01 1.74 1.00 0.00
0.90 4.01 -1.26 1.00 0.00
0.90 4.01 -1.08 1.00 0.00
0.90 4.01 -0.91 1.00 0.00
0.90 4.01 -0.73 1.00 0.00
0.90 4.01 -0.56 1.00 0.00
0.90 4.01 -0.38 1.00 0.00
0.90 4.01 -0.21 1.00 0.00
0.90 4.01 -0.04 1.00 0.00
0.90 4.01 0.14 1.00 0.00
0.90 4.01 0.31 1.00 0.00
0.90 4.01 0.49 1.00 0.00
0.90 4.01 0.66 1.00 0.00
0.90 4.01 0.84 1.00 0.00
0.90 4.01 1.01 1.00 0.00
0.90 4.01 1.19 1.00 0.00
0.90 4.01 1.36 1.00 0.00
0.90 4.01 1.54 1.00 0.00
0.90 4.01 1.71 1.00 0.00
1.10 4.01 -1.29 1.00 0.00
1.10 4.01 -1.12 1.00 0.00
1.10 4.01 -0.94 1.00 0.00
1.10 4.01 -0.77 1.00 0.00
1.10 4.01 -0.59 1.00 0.00
1.10 4.01 -0.42 1.00 0.00
1.10 4.01 -0.24 1.00 0.00
1.10 4.01 -0.07 1.00 0.00
1.10 4.01 0.11 1.00 0.00
1.10 4.01 0.28 1.00 0.00
1.10 4.01 0.46 1.00 0.00
1.10 4.01 0.63 1.00 0.00
1.10 4.01 0.80 1.00 0.00
1.10 4.01 0.98 1.00 0.00
1.10 4.01 1.15 1.00 0.00
1.10 4.01 1.33 1.00 0.00
1.10 4.01 1.50 1.00 0.00
1.10 4.01 1.68 1.00 0.00
0.30 4.19 -1.16 1.00 0.00
0.30 4.19 -0.98 1.00 0.00
0.30 4.19 -0.81 1.00 0.00
0.30 4.19 -0.63 1.00 0.00
0.30 4.19 -0.46 1.00 0.00
0.30 4.19 -0.28 1.00 0.00
0.30 4.19 -0.11 1.00 0.00
0.30 4.19 0.07 1.00 0.00
0.30 4.19 0.24 1.00 0.00
0.30 4.19 0.41 1.00 0.00
0.30 4.19 0.59 1.00 0.00
0.30 4.19 0.76 1.00 0.00
0.30 4.19 0.94 1.00 0.00
0.30 4.19 1.11 1.00 0.00
0.30 4.19 1.29 1.00 0.00
0.30 4.19 1.46 1.00 0.00
0.30 4.19 1.64 1.00 0.00
0.30 4.19 1.81 1.00 0.00
0.50 4.19 -1.19 1.00 0.00
0.50 4.19 -1.02 1.00 0.00
0.50 4.19 -0.84 1.00 0.00
0.50 4.19 -0.67 1.00 0.00
0.50 4.19 -0.50 1.00 0.00
0.50 4.19 -0.32 1.00 0.00
0.50 4.19 -0.15 1.00 0.00
0.50 4.19 0.03 1.00 0.00
0.50 4.19 0.20 1.00 0.00
0.50 4.19 0.38 1.00 0.00
0.50 4.19 0.55 1.00 0.00
0.50 4.19 0.73 1.00 0.00
0.50 4.19 0.90 1.00 0.00
0.50 4.19 1.08 1.00 0.00
0.50 4.19 1.25 1.00 0.00
0.50 4.19 1.42 1.00 0.00
0.50 4.19 1.60 1.00 0.00
0.50 4.19 1.77 1.00 0.00
0.70 4.19 -1.23 1.00 0.00
0.70 4.19 -1.06 1.00 0.00
0.70 4.19 -0.88 1.00 0.00
0.70 4.19 -0.71 1.00 0.00
0.70 4.19 -0.53 1.00 0.00
0.70 4.19 -0.36 1.00 0.00
0.70 4.19 -0.18 1.00 0.00
0.70 4.19 -0.01 1.00 0.00
0.70 4.19 0.17 1.00 0.00
0.70 4.19 0.34 1.00 0.00
0.70 4.19 0.52 1.00 0.00
0.70 4.19 0.69 1.00 0.00
0.70 4.19 0.86 1.00 0.00
0.70 4.19 1.04 1.00 0.00
0.70 4.19 1.21 1.00 0.00
0.70 4.19 1.39 1.00 0.00
0.70 4.19 1.56 1.00 0.00
0.70 4.19 1.74 1.00 0.00
0.90 4.19 -1.27 1.00 0.00
0.90 4.19 -1.09 1.00 0.00
0.90 4.19 -0.92 1.00 0.00
0.90 4.19 -0.74 1.00 0.00
0.90 4.19 -0.57 1.00 0.00
0.90 4.19 -0.39 1.00 0.00
0.90 4.19 -0.22 1.00 0.00
0.90 4.19 -0.04 1.00 0.00
0.90 4.19 0.13 1.00 0.00
0.90 4.19 0.31 1.00 0.00
0.90 4.19 0.48 1.00 0.00
0.90 4.19 0.65 1.00 0.00
0.90 4.19 0.83 1.00 0.00
0.90 4.19 1.00 1.00 0.00
0.90 4.19 1.18 1.00 0.00
0.90 4.19 1.35 1.00 0.00
0.90 4.19 1.53 1.00 0.00
0.90 4.19 1.70 1.00 0.00
1.10 4.19 -1.30 1.00 0.00
1.10 4.19 -1.13 1.00 0.00
1.10 4.19 -0.95 1.00 0.00
1.10 4.19 -0.78 1.00 0.00
1.10 4.19 -0.60 1.00 0.00
1.10 4.19 -0.43 1.00 0.00
1.10 4.19 -0.25 1.00 0.00
1.10 4.19 -0.08 1.00 0.00
1.10 4.19 0.10 1.00 0.00
1.10 4.19 0.27 1.00 0.00
1.10 4.19 0.44 1.00 0.00
1.10 4.19 0.62 1.00 0.00
1.10 4.19 0.79 1.00 0.00
1.10 4.19 0.97 1.00 0.00
1.10 4.19 1.14 1.00 0.00
1.10 4.19 1.32 1.00 0.00
1.10 4.19 1.49 1.00 0.00
1.10 4.19 1.67 1.00 0.00
0.30 4.36 -1.16 1.00 0.00
0.30 4.36 -0.98 1.00 0.00
0.30 4.36 -0.81 1.00 0.00
0.30 4.36 -0.63 1.00 0.00
0.30 4.36 -0.46 1.00 0.00
0.30 4.36 -0.28 1.00 0.00
0.30 4.36 -0.11 1.00 0.00
0.30 4.36 0.07 1.00 0.00
0.30 4.36 0.24 1.00 0.00
0.30 4.36 0.41 1.00 0.00
0.30 4.36 0.59 1.00 0.00
0.30 4.36 0.76 1.00 0.00
0.30 4.36 0.94 1.00 0.00
0.30 4.36 1.11 1.00 0.00
0.30 4.36 1.29 1.00 0.00
0.30 4.36 1.46 1.00 0.00
0.30 4.36 1.64 1.00 0.00
0.30 4.36 1.81 1.00 0.00
0.50 4.36 -1.19 1.00 0.00
0.50 4.36 -1.02 1.00 0.00
0.50 4.36 -0.85 1.00 0.00
0.50 4.36 -0.67 1.00 0.00
0.50 4.36 -0.50 1.00 0.00
0.50 4.36 -0.32 1.00 0.00
0.50 4.36 -0.15 1.00 0.00
0.50 4.36 0.03 1.00 0.00
0.50 4.36 0.20 1.00 0.00
0.50 4.36 0.38 1.00 0.00
0.50 4.36 0.55 1.00 0.00
0.50 4.36 0.73 1.00 0.00
0.50 4.36 0.90 1.00 0.00
0.50 4.36 1.07 1.00 0.00
0.50 4.36 1.25 1.00 0.00
0.50 4.36 1.42 1.00 0.00
0.50 4.36 1.60 1.00 0.00
0.50 4.36 1.77 1.00 0.00
0.70 4.36 -1.23 1.00 0.00
0.70 4.36 -1.06 1.00 0.00
0.70 4.36 -0.88 1.00 0.00
0.70 4.36 -0.71 1.00 0.00
0.70 4.36 -0.53 1.00 0.00
0.70 4.36 -0.36 1.00 0.00
0.70 4.36 -0.18 1.00 0.00
0.70 4.36 -0.01 1.00 0.00
0.70 4.36 0.16 1.00 0.00
0.70 4.36 0.34 1.00 0.00
0.70 4.36 0.51 1.00 0.00
0.70 4.36 0.69 1.00 0.00
0.70 4.36 0.86 1.00 0.00
0.70 4.36 1.04 1.00 0.00
0.70 4.36 1.21 1.00 0.00
0.70 4.36 1.39 1.00 0.00
0.70 4.36 1.56 1.00 0.00
0.70 4.36 1.74 1.00 0.00
0.90 4.36 -1.27 1.00 0.00
0.90 4.36 -1.10 1.00 0.00
0.90 4.36 -0.92 1.00 0.00
0.90 4.36 -0.75 1.00 0.00
0.90 4.36 -0.57 1.00 0.00
0.90 4.36 -0.40 1.00 0.00
0.90 4.36 -0.22 1.00 0.00
0.90 4.36 -0.05 1.00 0.00
0.90 4.36 0.13 1.00 0.00
0.90 4.36 0.30 1.00 0.00
0.90 4.36 0.48 1.00 0.00
0.90 4.36 0.65 1.00 0.00
0.90 4.36 0.82 1.00 0.00
0.90 4.36 1.00 1.00 0.00
0.90 4.36 1.17 1.00 0.00
0.90 4.36 1.35 1.00 0.00
0.90 4.36 1.52 1.00 0.00
0.90 4.36 1.70 1.00 0.00
1.10 4.36 -1.31 1.00 0.00
1.10 4.36 -1.13 1.00 0.00
1.10 4.36 -0.96 1.00 0.00
1.10 4.36 -0.78 1.00 0.00
1.10 4.36 -0.61 1.00 0.00
1.10 4.36 -0.43 1.00 0.00
1.10 4.36 -0.26 1.00 0.00
1.10 4.36 -0.09 1.00 0.00
1.10 4.36 0.09 1.00 0.00
1.10 4.36 0.26 1.00 0.00
1.10 4.36 0.44 1.00 0.00
1.10 4.36 0.61 1.00 0.00
1.10 4.36 0.79 1.00 0.00
1.10 4.36 0.96 1.00 0.00
1.10 4.36 1.14 1.00 0.00
1.10 4.36 1.31 1.00 0.00
1.10 4.36 1.49 1.00 0.00
1.10 4.36 1.66 1.00 0.00
0.30 4.54 -1.16 1.00 0.00
0.30 4.54 -0.98 1.00 0.00
0.30 4.54 -0.81 1.00 0.00
0.30 4.54 -0.63 1.00 0.00
0.30 4.54 -0.46 1.00 0.00
0.30 4.54 -0.28 1.00 0.00
0.30 4.54 -0.11 1.00 0.00
0.30 4.54 0.07 1.00 0.00
0.30 4.54 0.24 1.00 0.00
0.30 4.54 0.42 1.00 0.00
0.30 4.54 0.59 1.00 0.00
0.30 4.54 0.76 1.00 0.00
0.30 4.54 0.94 1.00 0.00
0.30 4.54 1.11 1.00 0.00
0.30 4.54 1.29 1.00 0.00
0.30 4.54 1.46 1.00 0.00
0.30 4.54 1.64 1.00 0.00
0.30 4.54 1.81 1.00 0.00
0.50 4.54 -1.19 1.00 0.00
0.50 4.54 -1.02 1.00 0.00
0.50 4.54 -0.84 1.00 0.00
0.50 4.54 -0.67 1.00 0.00
0.50 4.54 -0.49 1.00 0.00
0.50 4.54 -0.32 1.00 0.00
0.50 4.54 -0.15 1.00 0.00
0.50 4.54 0.03 1.00 0.00
0.50 4.54 0.20 1.00 0.00
0.50 4.54 0.38 1.00 0.00
0.50 4.54 0.55 1.00 0.00
0.50 4.54 0.73 1.00 0.00
0.50 4.54 0.90 1.00 0.00
0.50 4.54 1.08 1.00 0.00
0.50 4.54 1.25 1.00 0.00
0.50 4.54 1.43 1.00 0.00
0.50 4.54 1.60 1.00 0.00
0.50 4.54 1.77 1.00 0.00
0.70 4.54 -1.23 1.00 0.00
0.70 4.54 -1.06 1.00 0.00
0.70 4.54 -0.88 1.00 0.00
0.70 4.54 -0.71 1.00 0.00
0.70 4.54 -0.53 1.00 0.00
0.70 4.54 -0.36 1.00 0.00
0.70 4.54 -0.18 1.00 0.00
0.70 4.54 -0.01 1.00 0.00
0.70 4.54 0.17 1.00 0.00
0.70 4.54 0.34 1.00 0.00
0.70 4.54 0.52 1.00 0.00
0.70 4.54 0.69 1.00 0.00
0.70 4.54 0.86 1.00 0.00
0.70 4.54 1.04 1.00 0.00
0.70 4.54 1.21 1.00 0.00
0.70 4.54 1.39 1.00 0.00
0.70 4.54 1.56 1.00 0.00
0.70 4.54 1.74 1.00 0.00
0.90 4.54 -1.27 1.00 0.00
0.90 4.54 -1.09 1.00 0.00
0.90 4.54 -0.92 1.00 0.00
0.90 4.54 -0.74 1.00 0.00
0.90 4.54 -0.57 1.00 0.00
0.90 4.54 -0.40 1.00 0.00
0.90 4.54 -0.22 1.00 0.00
0.90 4.54 -0.05 1.00 0.00
0.90 4.54 0.13 1.00 0.00
0.90 4.54 0.30 1.00 0.00
0.90 4.54 0.48 1.00 0.00
0.90 4.54 0.65 1.00 0.00
0.90 4.54 0.83 1.00 0.00
0.90 4.54 1.00 1.00 0.00
0.90 4.54 1.18 1.00 0.00
0.90 4.54 1.35 1.00 0.00
0.90 4.54 1.52 1.00 0.00
0.90 4.54 1.70 1.00 0.00
1.10 4.54 -1.31 1.00 0.00
1.10 4.54 -1.13 1.00 0.00
1.10 4.54 -0.96 1.00 0.00
1.10 4.54 -0.78 1.00 0.00
1.10 4.54 -0.61 1.00 0.00
1.10 4.54 -0.43 1.00 0.00
1.10 4.54 -0.26 1.00 0.00
1.10 4.54 -0.09 1.00 0.00
1.10 4.54 0.09 1.00 0.00
1.10 4.54 0.26 1.00 0.00
1.10 4.54 0.44 1.00 0.00
1.10 4.54 0.61 1.00 0.00
1.10 4.54 0.79 1.00 0.00
1.10 4.54 0.96 1.00 0.00
1.10 4.54 1.14 1.00 0.00
1.10 4.54 1.31 1.00 0.00
1.10 4.54 1.49 1.00 0.00
1.10 4.54 1.66 1.00 0.00
0.30 4.71 -1.15 1.00 0.00
0.30 4.71 -0.98 1.00 0.00
0.30 4.71 -0.80 1.00 0.00
0.30 4.71 -0.63 1.00 0.00
0.30 4.71 -0.45 1.00 0.00
0.30 4.71 -0.28 1.00 0.00
0.30 4.71 -0.10 1.00 0.00
0.30 4.71 0.07 1.00 0.00
0.30 4.71 0.24 1.00 0.00
0.30 4.71 0.42 1.00 0.00
0.30 4.71 0.59 1.00 0.00
0.30 4.71 0.77 1.00 0.00
0.30 4.71 0.94 1.00 0.00
0.30 4.71 1.12 1.00 0.00
0.30 4.71 1.29 1.00 0.00
0.30 4.71 1.47 1.00 0.00
0.30 4.71 1.64 1.00 0.00
0.30 4.71 1.82 1.00 0.00
0.50 4.71 -1.19 1.00 0.00
0.50 4.71 -1.01 1.00 0.00
0.50 4.71 -0.84 1.00 0.00
0.50 4.71 -0.66 1.00 0.00
0.50 4.71 -0.49 1.00 0.00
0.50 4.71 -0.31 1.00 0.00
0.50 4.71 -0.14 1.00 0.00
0.50 4.71 0.03 1.00 0.00
0.50 4.71 0.21 1.00 0.00
0.50 4.71 0.38 1.00 0.00
0.50 4.71 0.56 1.00 0.00
0.50 4.71 0.73 1.00 0.00
0.50 4.71 0.91 1.00 0.00
0.50 4.71 1.08 1.00 0.00
0.50 4.71 1.26 1.00 0.00
0.50 4.71 1.43 1.00 0.00
0.50 4.71 1.61 1.00 0.00
0.50 4.71 1.78 1.00 0.00
0.70 4.71 -1.22 1.00 0.00
0.70 4.71 -1.05 1.00 0.00
0.70 4.71 -0.88 1.00 0.00
0.70 4.71 -0.70 1.00 0.00
0.70 4.71 -0.53 1.00 0.00
0.70 4.71 -0.35 1.00 0.00
0.70 4.71 -0.18 1.00 0.00
0.70 4.71 -0.00 1.00 0.00
0.70 4.71 0.17 1.00 0.00
0.70 4.71 0.35 1.00 0.00
0.70 4.71 0.52 1.00 0.00
0.70 4.71 0.70 1.00 0.00
0.70 4.71 0.87 1.00 0.00
0.70 4.71 1.04 1.00 0.00
0.70 4.71 1.22 1.00 0.00
0.70 4.71 1.39 1.00 0.00
0.70 4.71 1.57 1.00 0.00
0.70 4.71 1.74 1.00 0.00
0.90 4.71 -1.26 1.00 0.00
0.90 4.71 -1.09 1.00 0.00
0.90 4.71 -0.91 1.00 0.00
0.90 4.71 -0.74 1.00 0.00
0.90 4.71 -0.56 1.00 0.00
0.90 4.71 -0.39 1.00 0.00
0.90 4.71 -0.21 1.00 0.00
0.90 4.71 -0.04 1.00 0.00
0.90 4.71 0.13 1.00 0.00
0.90 4.71 0.31 1.00 0.00
0.90 4.71 0.48 1.00 0.00
0.90 4.71 0.66 1.00 0.00
0.90 4.71 0.83 1.00 0.00
0.90 4.71 1.01 1.00 0.00
0.90 4.71 1.18 1.00 0.00
0.90 4.71 1.36 1.00 0.00
0.90 4.71 1.53 1.00 0.00
0.90 4.71 1.71 1.00 0.00
1.10 4.71 -1.30 1.00 0.00
1.10 4.71 -1.13 1.00 0.00
1.10 4.71 -0.95 1.00 0.00
1.10 4.71 -0.78 1.00 0.00
1.10 4.71 -0.60 1.00 0.00
1.10 4.71 -0.43 1.00 0.00
1.10 4.71 -0.25 1.00 0.00
1.10 4.71 -0.08 1.00 0.00
1.10 4.71 0.10 1.00 0.00
1.10 4.71 0.27 1.00 0.00
1.10 4.71 0.45 1.00 0.00
1.10 4.71 0.62 1.00 0.00
1.10 4.71 0.79 1.00 0.00
1.10 4.71 0.97 1.00 0.00
1.10 4.71 1.14 1.00 0.00
1.10 4.71 1.32 1.00 0.00
1.10 4.71 1.49 1.00 0.00
1.10 4.71 1.67 1.00 0.00
0.30 4.89 -1.15 1.00 0.00
0.30 4.89 -0.97 1.00 0.00
0.30 4.89 -0.80 1.00 0.00
0.30 4.89 -0.62 1.00 0.00
0.30 4.89 -0.45 1.00 0.00
0.30 4.89 -0.27 1.00 0.00
0.30 4.89 -0.10 1.00 0.00
0.30 4.89 0.07 1.00 0.00
0.30 4.89 0.25 1.00 0.00
0.30 4.89 0.42 1.00 0.00
0.30 4.89 0.60 1.00 0.00
0.30 4.89 0.77 1.00 0.00
0.30 4.89 0.95 1.00 0.00
0.30 4.89 1.12 1.00 0.00
0.30 4.89 1.30 1.00 0.00
0.30 4.89 1.47 1.00 0.00
0.30 4.89 1.65 1.00 0.00
0.30 4.89 1.82 1.00 0.00
0.50 4.89 -1.18 1.00 0.00
0.50 4.89 -1.01 1.00 0.00
0.50 4.89 -0.83 1.00 0.00
0.50 4.89 -0.66 1.00 0.00
0.50 4.89 -0.48 1.00 0.00
0.50 4.89 -0.31 1.00 0.00
0.50 4.89 -0.13 1.00 0.00
0.50 4.89 0.04 1.00 0.00
0.50 4.89 0.22 1.00 0.00
0.50 4.89 0.39 1.00 0.00
0.50 4.89 0.57 1.00 0.00
0.50 4.89 0.74 1.00 0.00
0.50 4.89 0.91 1.00 0.00
0.50 4.89 1.09 1.00 0.00
0.50 4.89 1.26 1.00 0.00
0.50 4.89 1.44 1.00 0.00
0.50 4.89 1.61 1.00 0.00
0.50 4.89 1.79 1.00 0.00
0.70 4.89 -1.21 1.00 0.00
0.70 4.89 -1.04 1.00 0.00
0.70 4.89 -0.86 1.00 0.00
0.70 4.89 -0.69 1.00 0.00
0.70 4.89 -0.52 1.00 0.00
0.70 4.89 -0.34 1.00 0.00
0.70 4.89 -0.17 1.00 0.00
0.70 4.89 0.01 1.00 0.00
0.70 4.89 0.18 1.00 0.00
0.70 4.89 0.36 1.00 0.00
0.70 4.89 0.53 1.00 0.00
0.70 4.89 0.71 1.00 0.00
0.70 4.89 0.88 1.00 0.00
0.70 4.89 1.06 1.00 0.00
0.70 4.89 1.23 1.00 0.00
0.70 4.89 1.40 1.00 0.00
0.70 4.89 1.58 1.00 0.00
0.70 4.89 1.75 1.00 0.00
0.90 4.89 -1.25 1.00 0.00
0.90 4.89 -1.07 1.00 0.00
0.90 4.89 -0.90 1.00 0.00
0.90 4.89 -0.73 1.00 0.00
0.90 4.89 -0.55 1.00 0.00
0.90 4.89 -0.38 1.00 0.00
0.90 4.89 -0.20 1.00 0.00
0.90 4.89 -0.03 1.00 0.00
0.90 4.89 0.15 1.00 0.00
0.90 4.89 0.32 1.00 0.00
0.90 4.89 0.50 1.00 0.00
0.90 4.89 0.67 1.00 0.00
0.90 4.89 0.85 1.00 0.00
0.90 4.89 1.02 1.00 0.00
0.90 4.89 1.19 1.00 0.00
0.90 4.89 1.37 1.00 0.00
0.90 4.89 1.54 1.00 0.00
0.90 4.89 1.72 1.00 0.00
1.10 4.89 -1.29 1.00 0.00
1.10 4.89 -1.11 1.00 0.00
1.10 4.89 -0.94 1.00 0.00
1.10 4.89 -0.76 1.00 0.00
1.10 4.89 -0.59 1.00 0.00
1.10 4.89 -0.41 1.00 0.00
1.10 4.89 -0.24 1.00 0.00
1.10 4.89 -0.06 1.00 0.00
1.10 4.89 0.11 1.00 0.00
1.10 4.89 0.28 1.00 0.00
1.10 4.89 0.46 1.00 0.00
1.10 4.89 0.63 1.00 0.00
1.10 4.89 0.81 1.00 0.00
1.10 4.89 0.98 1.00 0.00
1.10 4.89 1.16 1.00 0.00
1.10 4.89 1.33 1.00 0.00
1.10 4.89 1.51 1.00 0.00
1.10 4.89 1.68 1.00 0.00
0.30 5.06 -1.14 1.00 0.00
0.30 5.06 -0.97 1.00 0.00
0.30 5.06 -0.79 1.00 0.00
0.30 5.06 -0.62 1.00 0.00
0.30 5.06 -0.44 1.00 0.00
0.30 5.06 -0.27 1.00 0.00
0.30 5.06 -0.09 1.00 0.00
0.30 5.06 0.08 1.00 0.00
0.30 5.06 0.26 1.00 0.00
0.30 5.06 0.43 1.00 0.00
0.30 5.06 0.60 1.00 0.00
0.30 5.06 0.78 1.00 0.00
0.30 5.06 0.95 1.00 0.00
0.30 5.06 1.13 1.00 0.00
0.30 5.06 1.30 1.00 0.00
0.30 5.06 1.48 1.00 0.00
0.30 5.06 1.65 1.00 0.00
0.30 5.06 1.83 1.00 0.00
0.50 5.06 -1.17 1.00 0.00
0.50 5.06 -0.99 1.00 0.00
0.50 5.06 -0.82 1.00 0.00
0.50 5.06 -0.65 1.00 0.00
0.50 5.06 -0.47 1.00 0.00
0.50 5.06 -0.30 1.00 0.00
0.50 5.06 -0.12 1.00 0.00
0.50 5.06 0.05 1.00 0.00
0.50 5.06 0.23 1.00 0.00
0.50 5.06 0.40 1.00 0.00
0.50 5.06 0.58 1.00 0.00
0.50 5.06 0.75 1.00 0.00
0.50 5.06 0.93 1.00 0.00
0.50 5.06 1.10 1.00 0.00
0.50 5.06 1.27 1.00 0.00
0.50 5.06 1.45 1.00 0.00
0.50 5.06 1.62 1.00 0.00
0.50 5.06 1.80 1.00 0.00
0.70 5.06 -1.20 1.00 0.00
0.70 5.06 -1.02 1.00 0.00
0.70 5.06 -0.85 1.00 0.00
0.70 5.06 -0.68 1.00 0.00
0.70 5.06 -0.50 1.00 0.00
0.70 5.06 -0.33 1.00 0.00
0.70 5.06 -0.15 1.00 0.00
0.70 5.06 0.02 1.00 0.00
0.70 5.06 0.20 1.00 0.00
0.70 5.06 0.37 1.00 0.00
0.70 5.06 0.55 1.00 0.00
0.70 5.06 0.72 1.00 0.00
0.70 5.06 0.90 1.00 0.00
0.70 5.06 1.07 1.00 0.00
0.70 5.06 1.24 1.00 0.00
0.70 5.06 1.42 1.00 0.00
0.70 5.06 1.59 1.00 0.00
0.70 5.06 1.77 1.00 0.00
0.90 5.06 -1.23 1.00 0.00
0.90 5.06 -1.06 1.00 0.00
0.90 5.06 -0.88 1.00 0.00
0.90 5.06 -0.71 1.00 0.00
0.90 5.06 -0.53 1.00 0.00
0.90 5.06 -0.36 1.00 0.00
0.90 5.06 -0.18 1.00 0.00
0.90 5.06 -0.01 1.00 0.00
0.90 5.06 0.17 1.00 0.00
0.90 5.06 0.34 1.00 0.00
0.90 5.06 0.51 1.00 0.00
0.90 5.06 0.69 1.00 0.00
0.90 5.06 0.86 1.00 0.00
0.90 5.06 1.04 1.00 0.00
0.90 5.06 1.21 1.00 0.00
0.90 5.06 1.39 1.00 0.00
0.90 5.06 1.56 1.00 0.00
0.90 5.06 1.74 1.00 0.00
1.10 5.06 -1.26 1.00 0.00
1.10 5.06 -1.09 1.00 0.00
1.10 5.06 -0.92 1.00 0.00
1.10 5.06 -0.74 1.00 0.00
1.10 5.06 -0.57 1.00 0.00
1.10 5.06 -0.39 1.00 0.00
1.10 5.06 -0.22 1.00 0.00
1.10 5.06 -0.04 1.00 0.00
1.10 5.06 0.13 1.00 0.00
1.10 5.06 0.31 1.00 0.00
1.10 5.06 0.48 1.00 0.00
1.10 5.06 0.66 1.00 0.00
1.10 5.06 0.83 1.00 0.00
1.10 5.06 1.00 1.00 0.00
1.10 5.06 1.18 1.00 0.00
1.10 5.06 1.35 1.00 0.00
1.10 5.06 1.53 1.00 0.00
1.10 5.06 1.70 1.00 0.00
0.30 5.24 -1.13 1.00 0.00
0.30 5.24 -0.96 1.00 0.00
0.30 5.24 -0.78 1.00 0.00
0.30 5.24 -0.61 1.00 0.00
0.30 5.24 -0.43 1.00 0.00
0.30 5.24 -0.26 1.00 0.00
0.30 5.24 -0.09 1.00 0.00
0.30 5.24 0.09 1.00 0.00
0.30 5.24 0.26 1.00 0.00
0.30 5.24 0.44 1.00 0.00
0.30 5.24 0.61 1.00 0.00
0.30 5.24 0.79 1.00 0.00
0.30 5.24 0.96 1.00 0.00
0.30 5.24 1.14 1.00 0.00
0.30 5.24 1.31 1.00 0.00
0.30 5.24 1.49 1.00 0.00
0.30 5.24 1.66 1.00 0.00
0.30 5.24 1.83 1.00 0.00
0.50 5.24 -1.16 1.00 0.00
0.50 5.24 -0.98 1.00 0.00
0.50 5.24 -0.81 1.00 0.00
0.50 5.24 -0.63 1.00 0.00
0.50 5.24 -0.46 1.00 0.00
0.50 5.24 -0.28 1.00 0.00
0.50 5.24 -0.11 1.00 0.00
0.50 5.24 0.07 1.00 0.00
0.50 5.24 0.24 1.00 0.00
0.50 5.24 0.41 1.00 0.00
0.50 5.24 0.59 1.00 0.00
0.50 5.24 0.76 1.00 0.00
0.50 5.24 0.94 1.00 0.00
0.50 5.24 1.11 1.00 0.00
0.50 5.24 1.29 1.00 0.00
0.50 5.24 1.46 1.00 0.00
0.50 5.24 1.64 1.00 0.00
0.50 5.24 1.81 1.00 0.00
0.70 5.24 -1.18 1.00 0.00
0.70 5.24 -1.01 1.00 0.00
0.70 5.24 -0.83 1.00 0.00
0.70 5.24 -0.66 1.00 0.00
0.70 5.24 -0.48 1.00 0.00
0.70 5.24 -0.31 1.00 0.00
0.70 5.24 -0.13 1.00 0.00
0.70 5.24 0.04 1.00 0.00
0.70 5.24 0.22 1.00 0.00
0.70 5.24 0.39 1.00 0.00
0.70 5.24 0.56 1.00 0.00
0.70 5.24 0.74 1.00 0.00
0.70 5.24 0.91 1.00 0.00
0.70 5.24 1.09 1.00 0.00
0.70 5.24 1.26 1.00 0.00
0.70 5.24 1.44 1.00 0.00
0.70 5.24 1.61 1.00 0.00
0.70 5.24 1.79 1.00 0.00
0.90 5.24 -1.21 1.00 0.00
0.90 5.24 -1.03 1.00 0.00
0.90 5.24 -0.86 1.00 0.00
0.90 5.24 -0.68 1.00 0.00
0.90 5.24 -0.51 1.00 0.00
0.90 5.24 -0.33 1.00 0.00
0.90 5.24 -0.16 1.00 0.00
0.90 5.24 0.01 1.00 0.00
0.90 5.24 0.19 1.00 0.00
0.90 5.24 0.36 1.00 0.00
0.90 5.24 0.54 1.00 0.00
0.90 5.24 0.71 1.00 0.00
0.90 5.24 0.89 1.00 0.00
0.90 5.24 1.06 1.00 0.00
0.90 5.24 1.24 1.00 0.00
0.90 5.24 1.41 1.00 0.00
0.90 5.24 1.59 1.00 0.00
0.90 5.24 1.76 1.00 0.00
1.10 5.24 -1.24 1.00 0.00
1.10 5.24 -1.06 1.00 0.00
1.10 5.24 -0.89 1.00 0.00
1.10 5.24 -0.71 1.00 0.00
1.10 5.24 -0.54 1.00 0.00
1.10 5.24 -0.36 1.00 0.00
1.10 5.24 -0.19 1.00 0.00
1.10 5.24 -0.01 1.00 0.00
1.10 5.24 0.16 1.00 0.00
1.10 5.24 0.34 1.00 0.00
1.10 5.24 0.51 1.00 0.00
1.10 5.24 0.68 1.00 0.00
1.10 5.24 0.86 1.00 0.00
1.10 5.24 1.03 1.00 0.00
1.10 5.24 1.21 1.00 0.00
1.10 5.24 1.38 1.00 0.00
1.10 5.24 1.56 1.00 0.00
1.10 5.24 1.73 1.00 0.00
0.30 5.41 -1.12 1.00 0.00
0.30 5.41 -0.95 1.00 0.00
0.30 5.41 -0.77 1.00 0.00
0.30 5.41 -0.60 1.00 0.00
0.30 5.41 -0.43 1.00 0.00
0.30 5.41 -0.25 1.00 0.00
0.30 5.41 -0.08 1.00 0.00
0.30 5.41 0.10 1.00 0.00
0.30 5.41 0.27 1.00 0.00
0.30 5.41 0.45 1.00 0.00
0.30 5.41 0.62 1.00 0.00
0.30 5.41 0.80 1.00 0.00
0.30 5.41 0.97 1.00 0.00
0.30 5.41 1.15 1.00 0.00
0.30 5.41 1.32 1.00 0.00
0.30 5.41 1.49 1.00 0.00
0.30 5.41 1.67 1.00 0.00
0.30 5.41 1.84 1.00 0.00
0.50 5.41 -1.14 1.00 0.00
0.50 5.41 -0.97 1.00 0.00
0.50 5.41 -0.79 1.00 0.00
0.50 5.41 -0.62 1.00 0.00
0.50 5.41 -0.44 1.00 0.00
0.50 5.41 -0.27 1.00 0.00
0.50 5.41 -0.09 1.00 0.00
0.50 5.41 0.08 1.00 0.00
0.50 5.41 0.26 1.00 0.00
0.50 5.41 0.43 1.00 0.00
0.50 5.41 0.60 1.00 0.00
0.50 5.41 0.78 1.00 0.00
0.50 5.41 0.95 1.00 0.00
0.50 5.41 1.13 1.00 0.00
0.50 5.41 1.30 1.00 0.00
0.50 5.41 1.48 1.00 0.00
0.50 5.41 1.65 1.00 0.00
0.50 5.41 1.83 1.00 0.00
0.70 5.41 -1.16 1.00 0.00
0.70 5.41 -0.98 1.00 0.00
0.70 5.41 -0.81 1.00 0.00
0.70 5.41 -0.64 1.00 0.00
0.70 5.41 -0.46 1.00 0.00
0.70 5.41 -0.29 1.00 0.00
0.70 5.41 -0.11 1.00 0.00
0.70 5.41 0.06 1.00 0.00
0.70 5.41 0.24 1.00 0.00
0.70 5.41 0.41 1.00 0.00
0.70 5.41 0.59 1.00 0.00
0.70 5.41 0.76 1.00 0.00
0.70 5.41 0.94 1.00 0.00
0.70 5.41 1.11 1.00 0.00
0.70 5.41 1.28 1.00 0.00
0.70 5.41 1.46 1.00 0.00
0.70 5.41 1.63 1.00 0.00
0.70 5.41 1.81 1.00 0.00
0.90 5.41 -1.18 1.00 0.00
0.90 5.41 -1.00 1.00 0.00
0.90 5.41 -0.83 1.00 0.00
0.90 5.41 -0.65 1.00 0.00
0.90 5.41 -0.48 1.00 0.00
0.90 5.41 -0.31 1.00 0.00
0.90 5.41 -0.13 1.00 0.00
0.90 5.41 0.04 1.00 0.00
0.90 5.41 0.22 1.00 0.00
0.90 5.41 0.39 1.00 0.00
0.90 5.41 0.57 1.00 0.00
0.90 5.41 0.74 1.00 0.00
0.90 5.41 0.92 1.00 0.00
0.90 5.41 1.09 1.00 0.00
0.90 5.41 1.26 1.00 0.00
0.90 5.41 1.44 1.00 0.00
0.90 5.41 1.61 1.00 0.00
0.90 5.41 1.79 1.00 0.00
1.10 5.41 -1.20 1.00 0.00
1.10 5.41 -1.03 1.00 0.00
1.10 5.41 -0.85 1.00 0.00
1.10 5.41 -0.68 1.00 0.00
1.10 5.41 -0.50 1.00 0.00
1.10 5.41 -0.33 1.00 0.00
1.10 5.41 -0.15 1.00 0.00
1.10 5.41 0.02 1.00 0.00
1.10 5.41 0.20 1.00 0.00
1.10 5.41 0.37 1.00 0.00
1.10 5.41 0.55 1.00 0.00
1.10 5.41 0.72 1.00 0.00
1.10 5.41 0.89 1.00 0.00
1.10 5.41 1.07 1.00 0.00
1.10 5.41 1.24 1.00 0.00
1.10 5.41 1.42 1.00 0.00
1.10 5.41 1.59 1.00 0.00
1.10 5.41 1.77 1.00 0.00
0.30 5.59 -1.11 1.00 0.00
0.30 5.59 -0.94 1.00 0.00
0.30 5.59 -0.76 1.00 0.00
0.30 5.59 -0.59 1.00 0.00
0.30 5.59 -0.42 1.00 0.00
0.30 5.59 -0.24 1.00 0.00
0.30 5.59 -0.07 1.00 0.00
0.30 5.59 0.11 1.00 0.00
0.30 5.59 0.28 1.00 0.00
0.30 5.59 0.46 1.00 0.00
0.30 5.59 0.63 1.00 0.00
0.30 5.59 0.81 1.00 0.00
0.30 5.59 0.98 1.00 0.00
0.30 5.59 1.15 1.00 0.00
0.30 5.59 1.33 1.00 0.00
0.30 5.59 1.50 1.00 0.00
0.30 5.59 1.68 1.00 0.00
0.30 5.59 1.85 1.00 0.00
0.50 5.59 -1.12 1.00 0.00
0.50 5.59 -0.95 1.00 0.00
0.50 5.59 -0.77 1.00 0.00
0.50 5.59 -0.60 1.00 0.00
0.50 5.59 -0.43 1.00 0.00
0.50 5.59 -0.25 1.00 0.00
0.50 5.59 -0.08 1.00 0.00
0.50 5.59 0.10 1.00 0.00
0.50 5.59 0.27 1.00 0.00
0.50 5.59 0.45 1.00 0.00
0.50 5.59 0.62 1.00 0.00
0.50 5.59 0.80 1.00 0.00
0.50 5.59 0.97 1.00 0.00
0.50 5.59 1.15 1.00 0.00
0.50 5.59 1.32 1.00 0.00
0.50 5.59 1.49 1.00 0.00
0.50 5.59 1.67 1.00 0.00
0.50 5.59 1.84 1.00 0.00
0.70 5.59 -1.13 1.00 0.00
0.70 5.59 -0.96 1.00 0.00
0.70 5.59 -0.79 1.00 0.00
0.70 5.59 -0.61 1.00 0.00
0.70 5.59 -0.44 1.00 0.00
0.70 5.59 -0.26 1.00 0.00
0.70 5.59 -0.09 1.00 0.00
0.70 5.59 0.09 1.00 0.00
0.70 5.59 0.26 1.00 0.00
0.70 5.59 0.44 1.00 0.00
0.70 5.59 0.61 1.00 0.00
0.70 5.59 0.79 1.00 0.00
0.70 5.59 0.96 1.00 0.00
0.70 5.59 1.13 1.00 0.00
0.70 5.59 1.31 1.00 0.00
0.70 5.59 1.48 1.00 0.00
0.70 5.59 1.66 1.00 0.00
0.70 5.59 1.83 1.00 0.00
0.90 5.59 -1.15 1.00 0.00
0.90 5.59 -0.97 1.00 0.00
0.90 5.59 -0.80 1.00 0.00
0.90 5.59 -0.62 1.00 0.00
0.90 5.59 -0.45 1.00 0.00
0.90 5.59 -0.27 1.00 0.00
0.90 5.59 -0.10 1.00 0.00
0.90 5.59 0.08 1.00 0.00
0.90 5.59 0.25 1.00 0.00
0.90 5.59 0.42 1.00 0.00
0.90 5.59 0.60 1.00 0.00
0.90 5.59 0.77 1.00 0.00
0.90 5.59 0.95 1.00 0.00
0.90 5.59 1.12 1.00 0.00
0.90 5.59 1.30 1.00 0.00
0.90 5.59 1.47 1.00 0.00
0.90 5.59 1.65 1.00 0.00
0.90 5.59 1.82 1.00 0.00
1.10 5.59 -1.16 1.00 0.00
1.10 5.59 -0.98 1.00 0.00
1.10 5.59 -0.81 1.00 0.00
1.10 5.59 -0.64 1.00 0.00
1.10 5.59 -0.46 1.00 0.00
1.10 5.59 -0.29 1.00 0.00
1.10 5.59 -0.11 1.00 0.00
1.10 5.59 0.06 1.00 0.00
1.10 5.59 0.24 1.00 0.00
1.10 5.59 0.41 1.00 0.00
1.10 5.59 0.59 1.00 0.00
1.10 5.59 0.76 1.00 0.00
1.10 5.59 0.94 1.00 0.00
1.10 5.59 1.11 1.00 0.00
1.10 5.59 1.28 1.00 0.00
1.10 5.59 1.46 1.00 0.00
1.10 5.59 1.63 1.00 0.00
1.10 5.59 1.81 1.00 0.00
0.30 5.76 -1.10 1.00 0.00
0.30 5.76 -0.93 1.00 0.00
0.30 5.76 -0.75 1.00 0.00
0.30 5.76 -0.58 1.00 0.00
0.30 5.76 -0.41 1.00 0.00
0.30 5.76 -0.23 1.00 0.00
0.30 5.76 -0.06 1.00 0.00
0.30 5.76 0.12 1.00 0.00
0.30 5.76 0.29 1.00 0.00
0.30 5.76 0.47 1.00 0.00
0.30 5.76 0.64 1.00 0.00
0.30 5.76 0.82 1.00 0.00
0.30 5.76 0.99 1.00 0.00
0.30 5.76 1.17 1.00 0.00
0.30 5.76 1.34 1.00 0.00
0.30 5.76 1.51 1.00 0.00
0.30 5.76 1.69 1.00 0.00
0.30 5.76 1.86 1.00 0.00
0.50 5.76 -1.11 1.00 0.00
0.50 5.76 -0.93 1.00 0.00
0.50 5.76 -0.76 1.00 0.00
0.50 5.76 -0.58 1.00 0.00
0.50 5.76 -0.41 1.00 0.00
0.50 5.76 -0.23 1.00 0.00
0.50 5.76 -0.06 1.00 0.00
0.50 5.76 0.12 1.00 0.00
0.50 5.76 0.29 1.00 0.00
0.50 5.76 0.46 1.00 0.00
0.50 5.76 0.64 1.00 0.00
0.50 5.76 0.81 1.00 0.00
0.50 5.76 0.99 1.00 0.00
0.50 5.76 1.16 1.00 0.00
0.50 5.76 1.34 1.00 0.00
0.50 5.76 1.51 1.00 0.00
0.50 5.76 1.69 1.00 0.00
0.50 5.76 1.86 1.00 0.00
0.70 5.76 -1.11 1.00 0.00
0.70 5.76 -0.93 1.00 0.00
0.70 5.76 -0.76 1.00 0.00
0.70 5.76 -0.59 1.00 0.00
0.70 5.76 -0.41 1.00 0.00
0.70 5.76 -0.24 1.00 0.00
0.70 5.76 -0.06 1.00 0.00
0.70 5.76 0.11 1.00 0.00
0.70 5.76 0.29 1.00 0.00
0.70 5.76 0.46 1.00 0.00
0.70 5.76 0.64 1.00 0.00
0.70 5.76 0.81 1.00 0.00
0.70 5.76 0.99 1.00 0.00
0.70 5.76 1.16 1.00 0.00
0.70 5.76 1.33 1.00 0.00
0.70 5.76 1.51 1.00 0.00
0.70 5.76 1.68 1.00 0.00
0.70 5.76 1.86 1.00 0.00
0.90 5.76 -1.11 1.00 0.00
0.90 5.76 -0.94 1.00 0.00
0.90 5.76 -0.76 1.00 0.00
0.90 5.76 -0.59 1.00 0.00
0.90 5.76 -0.41 1.00 0.00
0.90 5.76 -0.24 1.00 0.00
0.90 5.76 -0.06 1.00 0.00
0.90 5.76 0.11 1.00 0.00
0.90 5.76 0.28 1.00 0.00
0.90 5.76 0.46 1.00 0.00
0.90 5.76 0.63 1.00 0.00
0.90 5.76 0.81 1.00 0.00
0.90 5.76 0.98 1.00 0.00
0.90 5.76 1.16 1.00 0.00
0.90 5.76 1.33 1.00 0.00
0.90 5.76 1.51 1.00 0.00
0.90 5.76 1.68 1.00 0.00
0.90 5.76 1.86 1.00 0.00
1.10 5.76 -1.11 1.00 0.00
1.10 5.76 -0.94 1.00 0.00
1.10 5.76 -0.77 1.00 0.00
1.10 5.76 -0.59 1.00 0.00
1.10 5.76 -0.42 1.00 0.00
1.10 5.76 -0.24 1.00 0.00
1.10 5.76 -0.07 1.00 0.00
1.10 5.76 0.11 1.00 0.00
1.10 5.76 0.28 1.00 0.00
1.10 5.76 0.46 1.00 0.00
1.10 5.76 0.63 1.00 0.00
1.10 5.76 0.81 1.00 0.00
1.10 5.76 0.98 1.00 0.00
1.10 5.76 1.15 1.00 0.00
1.10 5.76 1.33 1.00 0.00
1.10 5.76 1.50 1.00 0.00
1.10 5.76 1.68 1.00 0.00
1.10 5.76 1.85 1.00 0.00
0.30 5.93 -1.09 1.00 0.00
0.30 5.93 -0.92 1.00 0.00
0.30 5.93 -0.74 1.00 0.00
0.30 5.93 -0.57 1.00 0.00
0.30 5.93 -0.40 1.00 0.00
0.30 5.93 -0.22 1.00 0.00
0.30 5.93 -0.05 1.00 0.00
0.30 5.93 0.13 1.00 0.00
0.30 5.93 0.30 1.00 0.00
0.30 5.93 0.48 1.00 0.00
0.30 5.93 0.65 1.00 0.00
0.30 5.93 0.83 1.00 0.00
0.30 5.93 1.00 1.00 0.00
0.30 5.93 1.18 1.00 0.00
0.30 5.93 1.35 1.00 0.00
0.30 5.93 1.52 1.00 0.00
0.30 5.93 1.70 1.00 0.00
0.30 5.93 1.87 1.00 0.00
0.50 5.93 -1.09 1.00 0.00
0.50 5.93 -0.91 1.00 0.00
0.50 5.93 -0.74 1.00 0.00
0.50 5.93 -0.56 1.00 0.00
0.50 5.93 -0.39 1.00 0.00
0.50 5.93 -0.22 1.00 0.00
0.50 5.93 -0.04 1.00 0.00
0.50 5.93 0.13 1.00 0.00
0.50 5.93 0.31 1.00 0.00
0.50 5.93 0.48 1.00 0.00
0.50 5.93 0.66 1.00 0.00
0.50 5.93 0.83 1.00 0.00
0.50 5.93 1.01 1.00 0.00
0.50 5.93 1.18 1.00 0.00
0.50 5.93 1.36 1.00 0.00
0.50 5.93 1.53 1.00 0.00
0.50 5.93 1.70 1.00 0.00
0.50 5.93 1.88 1.00 0.00
0.70 5.93 -1.08 1.00 0.00
0.70 5.93 -0.91 1.00 0.00
0.70 5.93 -0.73 1.00 0.00
0.70 5.93 -0.56 1.00 0.00
0.70 5.93 -0.38 1.00 0.00
0.70 5.93 -0.21 1.00 0.00
0.70 5.93 -0.04 1.00 0.00
0.70 5.93 0.14 1.00 0.00
0.70 5.93 0.31 1.00 0.00
0.70 5.93 0.49 1.00 0.00
0.70 5.93 0.66 1.00 0.00
0.70 5.93 0.84 1.00 0.00
0.70 5.93 1.01 1.00 0.00
0.70 5.93 1.19 1.00 0.00
0.70 5.93 1.36 1.00 0.00
0.70 5.93 1.54 1.00 0.00
0.70 5.93 1.71 1.00 0.00
0.70 5.93 1.88 1.00 0.00
0.90 5.93 -1.08 1.00 0.00
0.90 5.93 -0.90 1.00 0.00
0.90 5.93 -0.73 1.00 0.00
0.90 5.93 -0.55 1.00 0.00
0.90 5.93 -0.38 1.00 0.00
0.90 5.93 -0.20 1.00 0.00
0.90 5.93 -0.03 1.00 0.00
0.90 5.93 0.15 1.00 0.00
0.90 5.93 0.32 1.00 0.00
0.90 5.93 0.49 1.00 0.00
0.90 5.93 0.67 1.00 0.00
0.90 5.93 0.84 1.00 0.00
0.90 5.93 1.02 1.00 0.00
0.90 5.93 1.19 1.00 0.00
0.90 5.93 1.37 1.00 0.00
0.90 5.93 1.54 1.00 0.00
0.90 5.93 1.72 1.00 0.00
0.90 5.93 1.89 1.00 0.00
1.10 5.93 -1.07 1.00 0.00
1.10 5.93 -0.89 1.00 0.00
1.10 5.93 -0.72 1.00 0.00
1.10 5.93 -0.55 1.00 0.00
1.10 5.93 -0.37 1.00 0.00
1.10 5.93 -0.20 1.00 0.00
1.10 5.93 -0.02 1.00 0.00
1.10 5.93 0.15 1.00 0.00
1.10 5.93 0.33 1.00 0.00
1.10 5.93 0.50 1.00 0.00
1.10 5.93 0.68 1.00 0.00
1.10 5.93 0.85 1.00 0.00
1.10 5.93 1.02 1.00 0.00
1.10 5.93 1.20 1.00 0.00
1.10 5.93 1.37 1.00 0.00
1.10 5.93 1.55 1.00 0.00
1.10 5.93 1.72 1.00 0.00
1.10 5.93 1.90 1.00 0.00
0.30 6.11 -1.08 1.00 0.00
0.30 6.11 -0.91 1.00 0.00
0.30 6.11 -0.73 1.00 0.00
0.30 6.11 -0.56 1.00 0.00
0.30 6.11 -0.39 1.00 0.00
0.30 6.11 -0.21 1.00 0.00
0.30 6.11 -0.04 1.00 0.00
0.30 6.11 0.14 1.00 0.00
0.30 6.11 0.31 1.00 0.00
0.30 6.11 0.49 1.00 0.00
0.30 6.11 0.66 1.00 0.00
0.30 6.11 0.84 1.00 0.00
0.30 6.11 1.01 1.00 0.00
0.30 6.11 1.19 1.00 0.00
0.30 6.11 1.36 1.00 0.00
0.30 6.11 1.53 1.00 0.00
0.30 6.11 1.71 1.00 0.00
0.30 6.11 1.88 1.00 0.00
0.50 6.11 -1.07 1.00 0.00
0.50 6.11 -0.90 1.00 0.00
0.50 6.11 -0.72 1.00 0.00
0.50 6.11 -0.55 1.00 0.00
0.50 6.11 -0.37 1.00 0.00
0.50 6.11 -0.20 1.00 0.00
0.50 6.11 -0.02 1.00 0.00
0.50 6.11 0.15 1.00 0.00
0.50 6.11 0.33 1.00 0.00
0.50 6.11 0.50 1.00 0.00
0.50 6.11 0.67 1.00 0.00
0.50 6.11 0.85 1.00 0.00
0.50 6.11 1.02 1.00 0.00
0.50 6.11 1.20 1.00 0.00
0.50 6.11 1.37 1.00 0.00
0.50 6.11 1.55 1.00 0.00
0.50 6.11 1.72 1.00 0.00
0.50 6.11 1.90 1.00 0.00
0.70 6.11 -1.06 1.00 0.00
0.70 6.11 -0.88 1.00 0.00
0.70 6.11 -0.71 1.00 0.00
0.70 6.11 -0.53 1.00 0.00
0.70 6.11 -0.36 1.00 0.00
0.70 6.11 -0.18 1.00 0.00
0.70 6.11 -0.01 1.00 0.00
0.70 6.11 0.16 1.00 0.00
0.70 6.11 0.34 1.00 0.00
0.70 6.11 0.51 1.00 0.00
0.70 6.11 0.69 1.00 0.00
0.70 6.11 0.86 1.00 0.00
0.70 6.11 1.04 1.00 0.00
0.70 6.11 1.21 1.00 0.00
0.70 6.11 1.39 1.00 0.00
0.70 6.11 1.56 1.00 0.00
0.70 6.11 1.74 1.00 0.00
0.70 6.11 1.91 1.00 0.00
0.90 6.11 -1.04 1.00 0.00
0.90 6.11 -0.87 1.00 0.00
0.90 6.11 -0.69 1.00 0.00
0.90 6.11 -0.52 1.00 0.00
0.90 6.11 -0.34 1.00 0.00
0.90 6.11 -0.17 1.00 0.00
0.90 6.11 0.00 1.00 0.00
0.90 6.11 0.18 1.00 0.00
0.90 6.11 0.35 1.00 0.00
0.90 6.11 0.53 1.00 0.00
0.90 6.11 0.70 1.00 0.00
0.90 6.11 0.88 1.00 0.00
0.90 6.11 1.05 1.00 0.00
0.90 6.11 1.23 1.00 0.00
0.90 6.11 1.40 1.00 0.00
0.90 6.11 1.58 1.00 0.00
0.90 6.11 1.75 1.00 0.00
0.90 6.11 1.92 1.00 0.00
1.10 6.11 -1.03 1.00 0.00
1.10 6.11 -0.85 1.00 0.00
1.10 6.11 -0.68 1.00 0.00
1.10 6.11 -0.50 1.00 0.00
1.10 6.11 -0.33 1.00 0.00
1.10 6.11 -0.15 1.00 0.00
1.10 6.11 0.02 1.00 0.00
1.10 6.11 0.20 1.00 0.00
1.10 6.11 0.37 1.00 0.00
1.10 6.11 0.54 1.00 0.00
1.10 6.11 0.72 1.00 0.00
1.10 6.11 0.89 1.00 0.00
1.10 6.11 1.07 1.00 0.00
1.10 6.11 1.24 1.00 0.00
1.10 6.11 1.42 1.00 0.00
1.10 6.11 1.59 1.00 0.00
1.10 6.11 1.77 1.00 0.00
1.10 6.11 1.94 1.00 0.00
