-0.01
0.03
0.03
0.09
0.18
0.29
0.38
0.42
0.36
0.36
0.44
0.22
-0.08
0.19
0.45
0.37
0.33
0.36
0.00
0.03
0.03
0.09
0.17
0.28
0.38
0.42
0.36
0.37
0.43
0.24
-0.07
0.22
0.48
0.36
0.31
0.32
0.01
0.04
0.03
0.09
0.17
0.28
0.37
0.40
0.36
0.38
0.42
0.25
-0.02
0.26
0.50
0.35
0.29
0.29
0.03
0.06
0.03
0.10
0.16
0.27
0.37
0.40
0.35
0.39
0.41
0.23
0.03
0.29
0.53
0.33
0.27
0.25
0.03
0.07
0.04
0.10
0.16
0.26
0.37
0.45
0.36
0.39
0.38
0.21
0.09
0.31
0.55
0.31
0.25
0.22
-0.00
0.03
0.03
0.09
0.19
0.30
0.39
0.43
0.36
0.37
0.44
0.22
-0.08
0.16
0.46
0.37
0.33
0.35
0.01
0.04
0.04
0.10
0.19
0.29
0.38
0.42
0.36
0.37
0.43
0.24
-0.06
0.23
0.49
0.36
0.31
0.32
0.04
0.06
0.04
0.11
0.19
0.28
0.38
0.41
0.36
0.39
0.43
0.25
0.00
0.28
0.51
0.35
0.28
0.29
0.05
0.07
0.04
0.12
0.19
0.29
0.39
0.49
0.37
0.40
0.42
0.24
0.02
0.30
0.53
0.34
0.26
0.25
0.07
0.09
0.05
0.14
0.19
0.29
0.38
0.47
0.37
0.41
0.40
0.22
0.09
0.35
0.46
0.32
0.24
0.22
0.01
0.04
0.03
0.10
0.20
0.30
0.39
0.43
0.36
0.37
0.45
0.22
-0.08
0.16
0.46
0.37
0.33
0.35
0.03
0.06
0.04
0.10
0.20
0.30
0.39
0.42
0.37
0.37
0.44
0.23
-0.06
0.22
0.49
0.35
0.31
0.32
0.05
0.07
0.04
0.13
0.21
0.30
0.39
0.42
0.38
0.40
0.44
0.24
-0.02
0.28
0.52
0.35
0.29
0.29
0.08
0.09
0.05
0.15
0.22
0.30
0.39
0.51
0.38
0.41
0.43
0.24
0.04
0.31
0.49
0.33
0.26
0.26
0.10
0.11
0.06
0.17
0.22
0.31
0.39
0.49
0.38
0.43
0.42
0.24
0.09
0.35
0.48
0.31
0.24
0.22
0.01
0.05
0.04
0.10
0.20
0.31
0.39
0.43
0.36
0.37
0.45
0.22
-0.08
0.18
0.46
0.37
0.33
0.35
0.04
0.06
0.05
0.12
0.21
0.31
0.40
0.43
0.37
0.38
0.45
0.22
-0.06
0.22
0.50
0.36
0.31
0.33
0.07
0.08
0.05
0.15
0.23
0.31
0.40
0.52
0.39
0.40
0.46
0.23
-0.02
0.29
0.51
0.34
0.29
0.30
0.09
0.10
0.06
0.17
0.24
0.32
0.40
0.52
0.39
0.42
0.45
0.24
0.05
0.32
0.49
0.33
0.26
0.27
0.12
0.12
0.07
0.19
0.24
0.33
0.40
0.51
0.39
0.43
0.44
0.25
0.07
0.35
0.49
0.31
0.25
0.23
0.02
0.05
0.04
0.11
0.21
0.31
0.40
0.44
0.36
0.37
0.46
0.22
-0.08
0.19
0.47
0.37
0.33
0.36
0.05
0.07
0.06
0.12
0.23
0.32
0.41
0.44
0.37
0.38
0.46
0.22
-0.06
0.22
0.49
0.35
0.31
0.33
0.08
0.09
0.06
0.15
0.25
0.32
0.41
0.52
0.41
0.41
0.47
0.22
-0.03
0.27
0.51
0.34
0.29
0.30
0.11
0.11
0.07
0.18
0.26
0.33
0.41
0.52
0.41
0.42
0.47
0.23
0.03
0.31
0.50
0.32
0.27
0.27
0.13
0.13
0.08
0.22
0.27
0.35
0.42
0.51
0.40
0.44
0.46
0.24
0.06
0.35
0.50
0.31
0.26
0.24
0.02
0.05
0.04
0.11
0.22
0.31
0.41
0.44
0.36
0.38
0.46
0.22
-0.08
0.17
0.46
0.36
0.33
0.36
0.05
0.07
0.06
0.14
0.24
0.32
0.41
0.44
0.37
0.39
0.47
0.22
-0.06
0.21
0.49
0.35
0.31
0.34
0.09
0.10
0.07
0.17
0.26
0.33
0.42
0.52
0.41
0.41
0.48
0.21
-0.04
0.26
0.52
0.33
0.29
0.31
0.11
0.12
0.08
0.20
0.28
0.34
0.42
0.51
0.41
0.42
0.48
0.21
-0.01
0.29
0.51
0.31
0.28
0.28
0.14
0.14
0.10
0.23
0.29
0.36
0.43
0.51
0.41
0.44
0.48
0.22
0.05
0.34
0.51
0.29
0.26
0.25
0.03
0.05
0.05
0.11
0.22
0.32
0.41
0.44
0.36
0.38
0.47
0.22
-0.08
0.17
0.45
0.36
0.34
0.36
0.06
0.08
0.06
0.14
0.24
0.33
0.42
0.45
0.37
0.39
0.48
0.21
-0.07
0.19
0.48
0.34
0.32
0.34
0.09
0.10
0.07
0.18
0.27
0.34
0.43
0.52
0.42
0.41
0.49
0.21
-0.05
0.23
0.53
0.32
0.30
0.32
0.12
0.12
0.08
0.22
0.28
0.36
0.43
0.52
0.41
0.43
0.49
0.21
-0.03
0.26
0.52
0.30
0.28
0.29
0.15
0.15
0.11
0.25
0.31
0.37
0.44
0.51
0.42
0.45
0.50
0.21
-0.01
0.28
0.52
0.27
0.27
0.26
0.03
0.05
0.05
0.11
0.23
0.32
0.41
0.45
0.36
0.38
0.47
0.22
-0.08
0.16
0.45
0.37
0.34
0.37
0.06
0.08
0.06
0.15
0.25
0.34
0.42
0.45
0.37
0.39
0.48
0.22
-0.07
0.20
0.47
0.34
0.32
0.35
0.09
0.10
0.08
0.18
0.27
0.35
0.43
0.52
0.42
0.41
0.49
0.21
-0.06
0.20
0.54
0.31
0.31
0.33
0.13
0.13
0.09
0.21
0.30
0.37
0.44
0.52
0.42
0.43
0.51
0.21
-0.05
0.23
0.53
0.29
0.29
0.30
0.15
0.15
0.11
0.25
0.32
0.39
0.44
0.51
0.43
0.45
0.51
0.20
-0.04
0.26
0.52
0.26
0.27
0.27
0.03
0.06
0.05
0.12
0.23
0.32
0.41
0.45
0.36
0.38
0.47
0.22
-0.08
0.16
0.43
0.36
0.34
0.37
0.06
0.08
0.07
0.15
0.25
0.34
0.43
0.45
0.37
0.39
0.49
0.22
-0.08
0.16
0.47
0.34
0.33
0.36
0.09
0.10
0.08
0.18
0.28
0.35
0.44
0.53
0.42
0.41
0.50
0.21
-0.07
0.20
0.54
0.31
0.31
0.34
0.12
0.12
0.09
0.22
0.31
0.37
0.44
0.52
0.43
0.43
0.52
0.21
-0.06
0.22
0.53
0.29
0.29
0.31
0.14
0.15
0.11
0.26
0.34
0.40
0.45
0.52
0.44
0.45
0.52
0.21
-0.06
0.22
0.52
0.26
0.27
0.29
0.03
0.06
0.05
0.11
0.23
0.33
0.42
0.45
0.36
0.38
0.48
0.22
-0.08
0.13
0.44
0.36
0.35
0.38
0.06
0.08
0.06
0.14
0.25
0.35
0.43
0.45
0.36
0.40
0.49
0.22
-0.08
0.15
0.46
0.34
0.34
0.36
0.08
0.10
0.07
0.18
0.29
0.36
0.44
0.53
0.37
0.42
0.51
0.21
-0.08
0.16
0.44
0.31
0.32
0.35
0.12
0.12
0.09
0.22
0.32
0.38
0.45
0.53
0.44
0.43
0.53
0.21
-0.08
0.19
0.53
0.29
0.30
0.33
0.14
0.15
0.11
0.26
0.34
0.40
0.46
0.53
0.44
0.44
0.54
0.21
-0.08
0.20
0.51
0.27
0.28
0.31
0.03
0.05
0.05
0.11
0.23
0.33
0.42
0.45
0.36
0.38
0.48
0.22
-0.08
0.13
0.43
0.37
0.35
0.39
0.05
0.08
0.06
0.14
0.26
0.34
0.43
0.45
0.36
0.40
0.50
0.22
-0.08
0.13
0.43
0.34
0.34
0.37
0.08
0.10
0.08
0.18
0.29
0.36
0.45
0.46
0.37
0.41
0.52
0.22
-0.08
0.14
0.44
0.32
0.33
0.36
0.11
0.12
0.10
0.22
0.32
0.38
0.45
0.54
0.44
0.43
0.54
0.21
-0.08
0.14
0.53
0.29
0.31
0.35
0.13
0.14
0.12
0.25
0.35
0.41
0.46
0.54
0.45
0.44
0.55
0.21
-0.09
0.18
0.51
0.26
0.29
0.33
0.02
0.05
0.05
0.11
0.23
0.33
0.42
0.45
0.36
0.38
0.48
0.22
-0.08
0.13
0.43
0.36
0.36
0.40
0.04
0.07
0.06
0.14
0.25
0.34
0.43
0.46
0.36
0.40
0.50
0.22
-0.08
0.11
0.44
0.34
0.35
0.38
0.07
0.09
0.08
0.17
0.28
0.36
0.45
0.46
0.36
0.41
0.52
0.22
-0.08
0.14
0.44
0.32
0.34
0.37
0.09
0.11
0.10
0.20
0.31
0.38
0.46
0.48
0.37
0.43
0.54
0.22
-0.08
0.12
0.40
0.29
0.32
0.37
0.11
0.13
0.12
0.23
0.35
0.40
0.47
0.55
0.44
0.45
0.55
0.22
-0.08
0.12
0.50
0.26
0.30
0.36
0.01
0.05
0.05
0.11
0.22
0.33
0.42
0.45
0.35
0.38
0.48
0.22
-0.07
0.12
0.40
0.37
0.36
0.40
0.03
0.07
0.06
0.13
0.25
0.35
0.43
0.46
0.36
0.40
0.50
0.23
-0.08
0.12
0.40
0.35
0.36
0.40
0.05
0.09
0.08
0.16
0.28
0.36
0.45
0.47
0.36
0.41
0.51
0.22
-0.08
0.11
0.40
0.32
0.35
0.39
0.07
0.10
0.10
0.19
0.31
0.38
0.46
0.47
0.37
0.43
0.52
0.22
-0.08
0.09
0.40
0.29
0.33
0.39
0.09
0.12
0.12
0.21
0.34
0.41
0.48
0.48
0.37
0.45
0.54
0.22
-0.08
0.09
0.37
0.26
0.32
0.39
0.00
0.04
0.05
0.11
0.22
0.33
0.41
0.45
0.35
0.38
0.48
0.23
-0.08
0.12
0.41
0.37
0.36
0.41
0.03
0.06
0.06
0.13
0.25
0.35
0.43
0.47
0.35
0.40
0.50
0.23
-0.07
0.08
0.40
0.35
0.36
0.41
0.04
0.08
0.08
0.14
0.27
0.36
0.45
0.47
0.36
0.41
0.51
0.22
-0.07
0.09
0.39
0.33
0.36
0.41
0.06
0.09
0.10
0.17
0.30
0.38
0.47
0.47
0.36
0.44
0.51
0.22
-0.07
0.10
0.38
0.29
0.35
0.41
0.07
0.11
0.12
0.19
0.32
0.40
0.47
0.47
0.37
0.45
0.53
0.22
-0.07
0.09
0.35
0.26
0.33
0.42
-0.00
0.04
0.04
0.11
0.21
0.33
0.42
0.46
0.35
0.38
0.48
0.23
-0.08
0.10
0.40
0.38
0.37
0.41
0.01
0.06
0.05
0.13
0.24
0.34
0.43
0.46
0.35
0.40
0.49
0.23
-0.07
0.09
0.38
0.36
0.37
0.42
0.02
0.07
0.08
0.14
0.26
0.36
0.45
0.47
0.35
0.41
0.49
0.22
-0.07
0.07
0.36
0.33
0.37
0.42
0.04
0.08
0.09
0.16
0.28
0.37
0.46
0.48
0.36
0.43
0.50
0.22
-0.08
0.06
0.35
0.30
0.37
0.43
0.05
0.10
0.12
0.17
0.31
0.39
0.47
0.47
0.36
0.44
0.52
0.22
-0.07
0.06
0.32
0.27
0.35
0.44
-0.01
0.03
0.04
0.11
0.21
0.32
0.42
0.45
0.35
0.38
0.48
0.23
-0.08
0.11
0.39
0.39
0.38
0.42
-0.00
0.04
0.05
0.12
0.23
0.34
0.42
0.47
0.34
0.39
0.48
0.23
-0.07
0.09
0.36
0.36
0.38
0.43
0.01
0.05
0.07
0.13
0.25
0.35
0.44
0.47
0.35
0.41
0.48
0.23
-0.07
0.07
0.34
0.34
0.38
0.44
0.02
0.07
0.09
0.14
0.27
0.36
0.45
0.47
0.35
0.43
0.50
0.23
-0.07
0.05
0.30
0.31
0.38
0.45
0.03
0.08
0.11
0.16
0.28
0.38
0.47
0.49
0.35
0.43
0.50
0.23
-0.07
0.03
0.30
0.28
0.37
0.47
-0.02
0.03
0.03
0.10
0.21
0.32
0.41
0.46
0.35
0.37
0.47
0.23
-0.07
0.10
0.37
0.39
0.38
0.43
-0.01
0.04
0.04
0.12
0.21
0.34
0.42
0.46
0.34
0.39
0.48
0.23
-0.07
0.09
0.35
0.37
0.39
0.44
-0.01
0.05
0.06
0.13
0.23
0.35
0.43
0.48
0.35
0.40
0.48
0.23
-0.07
0.04
0.32
0.35
0.40
0.46
-0.01
0.06
0.08
0.14
0.24
0.35
0.45
0.47
0.35
0.41
0.48
0.23
-0.07
0.05
0.30
0.32
0.39
0.47
0.00
0.06
0.09
0.14
0.26
0.37
0.45
0.48
0.35
0.43
0.48
0.23
-0.07
0.01
0.26
0.30
0.38
0.49
-0.02
0.02
0.03
0.10
0.20
0.32
0.41
0.45
0.34
0.37
0.47
0.23
-0.07
0.09
0.36
0.40
0.38
0.43
-0.02
0.02
0.04
0.11
0.21
0.32
0.41
0.46
0.34
0.38
0.46
0.23
-0.07
0.06
0.32
0.38
0.39
0.45
-0.03
0.03
0.05
0.12
0.22
0.33
0.43
0.47
0.34
0.39
0.46
0.23
-0.07
0.05
0.30
0.36
0.40
0.47
-0.03
0.04
0.06
0.13
0.22
0.34
0.44
0.48
0.34
0.41
0.47
0.23
-0.07
0.03
0.27
0.34
0.41
0.49
-0.02
0.04
0.08
0.13
0.24
0.35
0.44
0.48
0.34
0.42
0.47
0.23
-0.07
-0.00
0.23
0.31
0.40
0.50
-0.04
0.02
0.03
0.10
0.20
0.31
0.40
0.46
0.34
0.37
0.46
0.23
-0.07
0.07
0.36
0.40
0.39
0.43
-0.04
0.02
0.03
0.10
0.19
0.32
0.41
0.46
0.34
0.37
0.46
0.23
-0.07
0.06
0.32
0.39
0.40
0.46
-0.05
0.02
0.04
0.11
0.20
0.32
0.42
0.46
0.34
0.38
0.46
0.23
-0.07
0.04
0.29
0.38
0.41
0.48
-0.05
0.02
0.05
0.12
0.21
0.33
0.43
0.47
0.32
0.32
0.45
0.23
-0.06
0.03
0.25
0.22
0.42
0.50
-0.05
0.02
0.06
0.12
0.23
0.33
0.43
0.47
0.32
0.32
0.45
0.23
-0.06
0.00
0.21
0.20
0.42
0.52
-0.04
0.01
0.02
0.10
0.18
0.30
0.40
0.45
0.33
0.36
0.45
0.22
-0.07
0.09
0.35
0.41
0.39
0.44
-0.05
0.01
0.02
0.10
0.19
0.31
0.40
0.45
0.33
0.37
0.44
0.23
-0.07
0.06
0.33
0.40
0.40
0.47
-0.06
0.00
0.03
0.10
0.20
0.31
0.41
0.46
0.31
0.31
0.44
0.23
-0.06
0.03
0.28
0.25
0.42
0.49
-0.07
0.00
0.03
0.10
0.21
0.31
0.41
0.46
0.31
0.31
0.44
0.23
-0.06
0.03
0.23
0.24
0.43
0.51
-0.08
-0.00
0.04
0.11
0.21
0.31
0.42
0.46
0.31
0.31
0.43
0.23
-0.06
0.00
0.21
0.22
0.43
0.53
-0.05
0.01
0.02
0.09
0.18
0.30
0.40
0.45
0.33
0.36
0.44
0.23
-0.07
0.09
0.36
0.42
0.39
0.44
-0.07
-0.00
0.02
0.09
0.19
0.29
0.39
0.45
0.33
0.30
0.44
0.23
-0.07
0.05
0.31
0.28
0.41
0.47
-0.08
-0.01
0.01
0.09
0.19
0.29
0.40
0.46
0.31
0.30
0.43
0.23
-0.06
0.03
0.28
0.27
0.43
0.50
-0.09
-0.02
0.01
0.09
0.20
0.29
0.40
0.46
0.30
0.30
0.43
0.23
-0.06
0.03
0.22
0.26
0.45
0.52
-0.11
-0.02
0.02
0.09
0.20
0.29
0.40
0.46
0.30
0.30
0.41
0.23
-0.06
-0.01
0.20
0.25
0.45
0.55
-0.06
-0.00
0.02
0.09
0.18
0.29
0.39
0.45
0.33
0.35
0.44
0.23
-0.07
0.09
0.35
0.42
0.39
0.44
-0.08
-0.02
0.00
0.09
0.18
0.28
0.39
0.45
0.30
0.29
0.42
0.23
-0.07
0.06
0.31
0.29
0.41
0.47
-0.09
-0.03
0.01
0.08
0.18
0.27
0.39
0.45
0.30
0.30
0.42
0.23
-0.07
0.03
0.28
0.28
0.43
0.50
-0.12
-0.04
-0.00
0.09
0.19
0.27
0.38
0.45
0.29
0.30
0.41
0.23
-0.06
0.00
0.23
0.28
0.45
0.52
-0.13
-0.04
0.00
0.08
0.19
0.26
0.38
0.45
0.29
0.30
0.40
0.22
-0.06
-0.01
0.20
0.27
0.47
0.55
-0.07
-0.00
0.01
0.09
0.17
0.29
0.39
0.44
0.33
0.35
0.44
0.23
-0.07
0.08
0.35
0.42
0.39
0.44
-0.09
-0.03
0.00
0.08
0.18
0.28
0.38
0.45
0.29
0.29
0.42
0.22
-0.07
0.06
0.31
0.30
0.42
0.47
-0.11
-0.04
-0.01
0.08
0.17
0.26
0.38
0.44
0.29
0.29
0.41
0.22
-0.07
0.02
0.27
0.30
0.44
0.50
-0.13
-0.05
-0.01
0.07
0.18
0.25
0.37
0.44
0.28
0.29
0.40
0.22
-0.06
0.01
0.23
0.30
0.46
0.52
-0.16
-0.06
-0.02
0.07
0.17
0.23
0.36
0.44
0.28
0.28
0.38
0.22
-0.06
-0.01
0.18
0.30
0.48
0.55
-0.07
-0.01
0.01
0.08
0.17
0.28
0.38
0.43
0.33
0.35
0.43
0.22
-0.07
0.10
0.35
0.42
0.39
0.43
-0.10
-0.03
-0.01
0.08
0.17
0.27
0.38
0.43
0.29
0.29
0.41
0.22
-0.07
0.05
0.32
0.32
0.41
0.46
-0.12
-0.05
-0.01
0.07
0.16
0.24
0.36
0.43
0.29
0.29
0.40
0.22
-0.07
0.03
0.26
0.31
0.44
0.49
-0.15
-0.07
-0.03
0.07
0.16
0.22
0.36
0.43
0.27
0.28
0.38
0.22
-0.06
0.01
0.23
0.32
0.46
0.52
-0.17
-0.08
-0.03
0.06
0.16
0.19
0.34
0.43
0.27
0.28
0.36
0.22
-0.06
-0.01
0.21
0.31
0.48
0.54
-0.07
-0.01
0.01
0.08
0.17
0.27
0.38
0.44
0.34
0.34
0.43
0.22
-0.07
0.10
0.37
0.32
0.39
0.43
-0.11
-0.04
-0.01
0.08
0.16
0.26
0.36
0.43
0.29
0.29
0.40
0.22
-0.07
0.07
0.32
0.33
0.41
0.46
-0.14
-0.06
-0.02
0.07
0.15
0.22
0.35
0.42
0.28
0.28
0.38
0.22
-0.07
0.04
0.28
0.33
0.43
0.48
-0.16
-0.08
-0.04
0.06
0.15
0.19
0.33
0.42
0.27
0.27
0.37
0.22
-0.06
0.01
0.26
0.33
0.45
0.50
-0.20
-0.10
-0.05
0.05
0.14
0.17
0.32
0.42
0.26
0.27
0.35
0.21
-0.07
-0.02
0.22
0.32
0.47
0.53
-0.08
-0.02
0.01
0.08
0.16
0.27
0.37
0.43
0.34
0.34
0.43
0.22
-0.07
0.09
0.35
0.32
0.39
0.43
-0.11
-0.04
-0.01
0.07
0.15
0.25
0.36
0.43
0.28
0.28
0.40
0.22
-0.07
0.08
0.34
0.34
0.41
0.45
-0.14
-0.06
-0.03
0.06
0.15
0.21
0.34
0.42
0.28
0.28
0.38
0.22
-0.06
0.05
0.29
0.34
0.42
0.47
-0.17
-0.09
-0.04
0.05
0.14
0.18
0.32
0.41
0.26
0.27
0.36
0.21
-0.06
0.01
0.25
0.34
0.44
0.49
-0.21
-0.11
-0.06
0.05
0.13
0.15
0.30
0.40
0.26
0.26
0.34
0.21
-0.07
-0.03
0.24
0.33
0.46
0.50
-0.07
-0.01
0.00
0.08
0.16
0.27
0.37
0.43
0.33
0.34
0.43
0.22
-0.08
0.11
0.37
0.40
0.38
0.42
-0.11
-0.04
-0.01
0.07
0.15
0.23
0.35
0.41
0.28
0.28
0.40
0.22
-0.07
0.08
0.35
0.35
0.40
0.43
-0.15
-0.06
-0.03
0.06
0.14
0.20
0.33
0.41
0.28
0.27
0.38
0.22
-0.07
0.06
0.29
0.35
0.41
0.45
-0.18
-0.09
-0.05
0.05
0.13
0.16
0.31
0.40
0.27
0.26
0.36
0.21
-0.06
0.01
0.29
0.36
0.42
0.46
-0.22
-0.12
-0.07
0.04
0.12
0.13
0.28
0.39
0.25
0.25
0.34
0.21
-0.07
-0.00
0.25
0.36
0.44
0.48
-0.07
-0.01
-0.00
0.08
0.16
0.27
0.37
0.43
0.34
0.34
0.43
0.22
-0.07
0.12
0.38
0.40
0.38
0.41
-0.11
-0.04
-0.02
0.07
0.14
0.24
0.35
0.41
0.28
0.27
0.40
0.22
-0.07
0.08
0.34
0.35
0.39
0.42
-0.14
-0.07
-0.03
0.06
0.13
0.19
0.32
0.40
0.27
0.27
0.38
0.22
-0.07
0.06
0.34
0.37
0.40
0.43
-0.18
-0.09
-0.06
0.05
0.12
0.15
0.31
0.39
0.27
0.26
0.36
0.21
-0.07
0.05
0.29
0.37
0.41
0.44
-0.21
-0.11
-0.07
0.03
0.10
0.12
0.27
0.38
0.25
0.25
0.34
0.20
-0.07
0.03
0.28
0.37
0.41
0.44
-0.07
-0.01
0.00
0.07
0.15
0.26
0.36
0.43
0.34
0.34
0.42
0.22
-0.07
0.12
0.37
0.38
0.37
0.40
-0.11
-0.04
-0.02
0.07
0.14
0.23
0.34
0.42
0.29
0.27
0.40
0.22
-0.07
0.10
0.37
0.37
0.38
0.41
-0.14
-0.06
-0.04
0.06
0.13
0.19
0.32
0.40
0.28
0.26
0.38
0.21
-0.07
0.08
0.36
0.38
0.38
0.41
-0.18
-0.08
-0.05
0.04
0.11
0.15
0.30
0.39
0.26
0.26
0.37
0.21
-0.06
0.07
0.34
0.39
0.39
0.41
-0.21
-0.11
-0.07
0.03
0.10
0.12
0.27
0.38
0.25
0.25
0.35
0.21
-0.07
0.04
0.32
0.39
0.38
0.41
-0.07
-0.01
0.00
0.07
0.15
0.26
0.36
0.43
0.34
0.34
0.42
0.22
-0.07
0.12
0.39
0.38
0.36
0.39
-0.10
-0.03
-0.02
0.07
0.14
0.24
0.35
0.41
0.29
0.27
0.40
0.22
-0.07
0.11
0.38
0.37
0.36
0.39
-0.13
-0.05
-0.03
0.06
0.12
0.19
0.32
0.39
0.28
0.26
0.38
0.22
-0.07
0.10
0.38
0.39
0.37
0.39
-0.17
-0.08
-0.05
0.05
0.10
0.16
0.30
0.39
0.27
0.25
0.36
0.21
-0.07
0.08
0.35
0.41
0.37
0.38
-0.19
-0.10
-0.07
0.03
0.08
0.12
0.27
0.38
0.25
0.25
0.34
0.19
-0.07
0.07
0.34
0.40
0.36
0.38
-0.07
-0.00
0.00
0.08
0.15
0.27
0.36
0.42
0.34
0.34
0.42
0.22
-0.08
0.13
0.42
0.38
0.36
0.38
-0.09
-0.02
-0.01
0.07
0.13
0.23
0.34
0.41
0.33
0.33
0.40
0.22
-0.07
0.14
0.40
0.38
0.35
0.37
-0.11
-0.05
-0.03
0.06
0.11
0.20
0.32
0.40
0.28
0.26
0.38
0.22
-0.07
0.12
0.39
0.40
0.35
0.36
-0.15
-0.06
-0.04
0.05
0.10
0.17
0.30
0.38
0.27
0.26
0.35
0.20
-0.07
0.12
0.37
0.41
0.35
0.35
-0.17
-0.08
-0.06
0.04
0.08
0.12
0.28
0.38
0.26
0.25
0.33
0.18
-0.06
0.12
0.37
0.41
0.34
0.35
-0.06
-0.00
0.01
0.08
0.15
0.27
0.36
0.42
0.34
0.35
0.42
0.22
-0.08
0.15
0.41
0.38
0.35
0.38
-0.08
-0.02
-0.01
0.07
0.13
0.24
0.35
0.41
0.33
0.34
0.40
0.22
-0.07
0.14
0.42
0.36
0.34
0.35
-0.10
-0.03
-0.02
0.06
0.11
0.21
0.33
0.40
0.32
0.33
0.38
0.22
-0.07
0.14
0.41
0.40
0.34
0.34
-0.13
-0.05
-0.03
0.05
0.09
0.18
0.31
0.39
0.27
0.26
0.36
0.20
-0.07
0.15
0.41
0.42
0.34
0.33
-0.14
-0.06
-0.04
0.04
0.07
0.14
0.28
0.38
0.26
0.25
0.34
0.19
-0.06
0.16
0.40
0.43
0.32
0.32
-0.05
0.01
0.01
0.08
0.16
0.27
0.37
0.42
0.35
0.35
0.42
0.22
-0.07
0.15
0.44
0.38
0.35
0.37
-0.06
-0.00
-0.00
0.07
0.13
0.26
0.36
0.41
0.34
0.35
0.40
0.23
-0.07
0.15
0.44
0.36
0.33
0.35
-0.08
-0.02
-0.02
0.06
0.11
0.23
0.33
0.40
0.33
0.34
0.38
0.22
-0.07
0.17
0.42
0.34
0.32
0.32
-0.10
-0.03
-0.02
0.06
0.09
0.20
0.32
0.38
0.32
0.33
0.36
0.21
-0.06
0.18
0.42
0.32
0.33
0.30
-0.12
-0.05
-0.03
0.05
0.07
0.17
0.31
0.38
0.31
0.31
0.34
0.19
-0.03
0.18
0.43
0.44
0.30
0.29
-0.03
0.01
0.01
0.08
0.16
0.28
0.38
0.42
0.35
0.35
0.43
0.23
-0.08
0.16
0.44
0.37
0.34
0.36
-0.05
0.01
0.00
0.08
0.14
0.26
0.36
0.41
0.34
0.35
0.41
0.24
-0.07
0.18
0.44
0.36
0.32
0.33
-0.06
-0.00
-0.00
0.07
0.11
0.24
0.34
0.39
0.33
0.35
0.39
0.23
-0.06
0.20
0.45
0.35
0.31
0.30
-0.07
-0.01
-0.01
0.06
0.09
0.22
0.33
0.38
0.33
0.34
0.37
0.22
-0.03
0.21
0.45
0.32
0.31
0.29
-0.08
-0.02
-0.01
0.05
0.07
0.20
0.32
0.38
0.32
0.32
0.35
0.20
0.01
0.23
0.45
0.30
0.28
0.27
-0.03
0.01
0.02
0.08
0.17
0.28
0.37
0.43
0.35
0.35
0.43
0.23
-0.08
0.17
0.45
0.37
0.34
0.36
-0.03
0.01
0.01
0.08
0.15
0.27
0.37
0.41
0.35
0.35
0.41
0.24
-0.07
0.21
0.45
0.36
0.32
0.33
-0.04
0.01
0.01
0.07
0.13
0.25
0.36
0.39
0.34
0.36
0.40
0.24
-0.05
0.23
0.48
0.35
0.30
0.30
-0.04
0.01
0.01
0.07
0.11
0.23
0.34
0.38
0.33
0.35
0.38
0.23
-0.00
0.25
0.47
0.32
0.29
0.27
-0.05
0.01
0.01
0.06
0.10
0.22
0.34
0.37
0.33
0.34
0.35
0.20
0.03
0.26
0.50
0.30
0.28
0.25
-0.02
0.02
0.02
0.09
0.17
0.29
0.38
0.42
0.36
0.36
0.43
0.23
-0.08
0.17
0.43
0.37
0.33
0.35
-0.02
0.02
0.02
0.08
0.17
0.28
0.37
0.41
0.36
0.36
0.42
0.24
-0.06
0.22
0.49
0.36
0.31
0.32
-0.01
0.03
0.02
0.08
0.15
0.27
0.37
0.40
0.35
0.36
0.41
0.24
-0.03
0.23
0.49
0.35
0.29
0.29
-0.01
0.03
0.02
0.08
0.14
0.26
0.36
0.38
0.35
0.38
0.39
0.23
0.02
0.28
0.51
0.32
0.28
0.26
-0.00
0.04
0.02
0.07
0.14
0.24
0.35
0.38
0.35
0.38
0.36
0.21
0.07
0.29
0.51
0.30
0.26
0.23
