0.30 0.00 -1.13 1.00 0.00
0.30 0.00 -0.95 1.00 0.00
0.30 0.00 -0.78 1.00 0.00
0.30 0.00 -0.60 1.00 0.00
0.30 0.00 -0.43 1.00 0.00
0.30 0.00 -0.25 1.00 0.00
0.30 0.00 -0.08 1.00 0.00
0.30 0.00 0.10 1.00 0.00
0.30 0.00 0.27 1.00 0.00
0.30 0.00 0.44 1.00 0.00
0.30 0.00 0.62 1.00 0.00
0.30 0.00 0.79 1.00 0.00
0.30 0.00 0.97 1.00 0.00
0.30 0.00 1.14 1.00 0.00
0.30 0.00 1.32 1.00 0.00
0.30 0.00 1.49 1.00 0.00
0.30 0.00 1.67 1.00 0.00
0.30 0.00 1.84 1.00 0.00
0.50 0.00 -1.11 1.00 0.00
0.50 0.00 -0.93 1.00 0.00
0.50 0.00 -0.76 1.00 0.00
0.50 0.00 -0.59 1.00 0.00
0.50 0.00 -0.41 1.00 0.00
0.50 0.00 -0.24 1.00 0.00
0.50 0.00 -0.06 1.00 0.00
0.50 0.00 0.11 1.00 0.00
0.50 0.00 0.29 1.00 0.00
0.50 0.00 0.46 1.00 0.00
0.50 0.00 0.64 1.00 0.00
0.50 0.00 0.81 1.00 0.00
0.50 0.00 0.99 1.00 0.00
0.50 0.00 1.16 1.00 0.00
0.50 0.00 1.33 1.00 0.00
0.50 0.00 1.51 1.00 0.00
0.50 0.00 1.68 1.00 0.00
0.50 0.00 1.86 1.00 0.00
0.70 0.00 -1.09 1.00 0.00
0.70 0.00 -0.92 1.00 0.00
0.70 0.00 -0.74 1.00 0.00
0.70 0.00 -0.57 1.00 0.00
0.70 0.00 -0.39 1.00 0.00
0.70 0.00 -0.22 1.00 0.00
0.70 0.00 -0.04 1.00 0.00
0.70 0.00 0.13 1.00 0.00
0.70 0.00 0.31 1.00 0.00
0.70 0.00 0.48 1.00 0.00
0.70 0.00 0.66 1.00 0.00
0.70 0.00 0.83 1.00 0.00
0.70 0.00 1.00 1.00 0.00
0.70 0.00 1.18 1.00 0.00
0.70 0.00 1.35 1.00 0.00
0.70 0.00 1.53 1.00 0.00
0.70 0.00 1.70 1.00 0.00
0.70 0.00 1.88 1.00 0.00
0.90 0.00 -1.07 1.00 0.00
0.90 0.00 -0.90 1.00 0.00
0.90 0.00 -0.72 1.00 0.00
0.90 0.00 -0.55 1.00 0.00
0.90 0.00 -0.37 1.00 0.00
0.90 0.00 -0.20 1.00 0.00
0.90 0.00 -0.02 1.00 0.00
0.90 0.00 0.15 1.00 0.00
0.90 0.00 0.33 1.00 0.00
0.90 0.00 0.50 1.00 0.00
0.90 0.00 0.68 1.00 0.00
0.90 0.00 0.85 1.00 0.00
0.90 0.00 1.02 1.00 0.00
0.90 0.00 1.20 1.00 0.00
0.90 0.00 1.37 1.00 0.00
0.90 0.00 1.55 1.00 0.00
0.90 0.00 1.72 1.00 0.00
0.90 0.00 1.90 1.00 0.00
1.10 0.00 -1.05 1.00 0.00
1.10 0.00 -0.87 1.00 0.00
1.10 0.00 -0.70 1.00 0.00
1.10 0.00 -0.52 1.00 0.00
1.10 0.00 -0.35 1.00 0.00
1.10 0.00 -0.17 1.00 0.00
1.10 0.00 -0.00 1.00 0.00
1.10 0.00 0.17 1.00 0.00
1.10 0.00 0.35 1.00 0.00
1.10 0.00 0.52 1.00 0.00
1.10 0.00 0.70 1.00 0.00
1.10 0.00 0.87 1.00 0.00
1.10 0.00 1.05 1.00 0.00
1.10 0.00 1.22 1.00 0.00
1.10 0.00 1.40 1.00 0.00
1.10 0.00 1.57 1.00 0.00
1.10 0.00 1.74 1.00 0.00
1.10 0.00 1.92 1.00 0.00
0.30 0.17 -1.12 1.00 0.00
0.30 0.17 -0.94 1.00 0.00
0.30 0.17 -0.77 1.00 0.00
0.30 0.17 -0.59 1.00 0.00
0.30 0.17 -0.42 1.00 0.00
0.30 0.17 -0.25 1.00 0.00
0.30 0.17 -0.07 1.00 0.00
0.30 0.17 0.10 1.00 0.00
0.30 0.17 0.28 1.00 0.00
0.30 0.17 0.45 1.00 0.00
0.30 0.17 0.63 1.00 0.00
0.30 0.17 0.80 1.00 0.00
0.30 0.17 0.98 1.00 0.00
0.30 0.17 1.15 1.00 0.00
0.30 0.17 1.33 1.00 0.00
0.30 0.17 1.50 1.00 0.00
0.30 0.17 1.67 1.00 0.00
0.30 0.17 1.85 1.00 0.00
0.50 0.17 -1.09 1.00 0.00
0.50 0.17 -0.92 1.00 0.00
0.50 0.17 -0.74 1.00 0.00
0.50 0.17 -0.57 1.00 0.00
0.50 0.17 -0.40 1.00 0.00
0.50 0.17 -0.22 1.00 0.00
0.50 0.17 -0.05 1.00 0.00
0.50 0.17 0.13 1.00 0.00
0.50 0.17 0.30 1.00 0.00
0.50 0.17 0.48 1.00 0.00
0.50 0.17 0.65 1.00 0.00
0.50 0.17 0.83 1.00 0.00
0.50 0.17 1.00 1.00 0.00
0.50 0.17 1.18 1.00 0.00
0.50 0.17 1.35 1.00 0.00
0.50 0.17 1.52 1.00 0.00
0.50 0.17 1.70 1.00 0.00
0.50 0.17 1.87 1.00 0.00
0.70 0.17 -1.07 1.00 0.00
0.70 0.17 -0.89 1.00 0.00
0.70 0.17 -0.72 1.00 0.00
0.70 0.17 -0.54 1.00 0.00
0.70 0.17 -0.37 1.00 0.00
0.70 0.17 -0.20 1.00 0.00
0.70 0.17 -0.02 1.00 0.00
0.70 0.17 0.15 1.00 0.00
0.70 0.17 0.33 1.00 0.00
0.70 0.17 0.50 1.00 0.00
0.70 0.17 0.68 1.00 0.00
0.70 0.17 0.85 1.00 0.00
0.70 0.17 1.03 1.00 0.00
0.70 0.17 1.20 1.00 0.00
0.70 0.17 1.37 1.00 0.00
0.70 0.17 1.55 1.00 0.00
0.70 0.17 1.72 1.00 0.00
0.70 0.17 1.90 1.00 0.00
0.90 0.17 -1.04 1.00 0.00
0.90 0.17 -0.87 1.00 0.00
0.90 0.17 -0.69 1.00 0.00
0.90 0.17 -0.52 1.00 0.00
0.90 0.17 -0.34 1.00 0.00
0.90 0.17 -0.17 1.00 0.00
0.90 0.17 0.01 1.00 0.00
0.90 0.17 0.18 1.00 0.00
0.90 0.17 0.35 1.00 0.00
0.90 0.17 0.53 1.00 0.00
0.90 0.17 0.70 1.00 0.00
0.90 0.17 0.88 1.00 0.00
0.90 0.17 1.05 1.00 0.00
0.90 0.17 1.23 1.00 0.00
0.90 0.17 1.40 1.00 0.00
0.90 0.17 1.58 1.00 0.00
0.90 0.17 1.75 1.00 0.00
0.90 0.17 1.93 1.00 0.00
1.10 0.17 -1.01 1.00 0.00
1.10 0.17 -0.84 1.00 0.00
1.10 0.17 -0.66 1.00 0.00
1.10 0.17 -0.49 1.00 0.00
1.10 0.17 -0.31 1.00 0.00
1.10 0.17 -0.14 1.00 0.00
1.10 0.17 0.03 1.00 0.00
1.10 0.17 0.21 1.00 0.00
1.10 0.17 0.38 1.00 0.00
1.10 0.17 0.56 1.00 0.00
1.10 0.17 0.73 1.00 0.00
1.10 0.17 0.91 1.00 0.00
1.10 0.17 1.08 1.00 0.00
1.10 0.17 1.26 1.00 0.00
1.10 0.17 1.43 1.00 0.00
1.10 0.17 1.61 1.00 0.00
1.10 0.17 1.78 1.00 0.00
1.10 0.17 1.95 1.00 0.00
0.30 0.35 -1.11 1.00 0.00
0.30 0.35 -0.94 1.00 0.00
0.30 0.35 -0.76 1.00 0.00
0.30 0.35 -0.59 1.00 0.00
0.30 0.35 -0.41 1.00 0.00
0.30 0.35 -0.24 1.00 0.00
0.30 0.35 -0.06 1.00 0.00
0.30 0.35 0.11 1.00 0.00
0.30 0.35 0.29 1.00 0.00
0.30 0.35 0.46 1.00 0.00
0.30 0.35 0.64 1.00 0.00
0.30 0.35 0.81 1.00 0.00
0.30 0.35 0.98 1.00 0.00
0.30 0.35 1.16 1.00 0.00
0.30 0.35 1.33 1.00 0.00
0.30 0.35 1.51 1.00 0.00
0.30 0.35 1.68 1.00 0.00
0.30 0.35 1.86 1.00 0.00
0.50 0.35 -1.08 1.00 0.00
0.50 0.35 -0.91 1.00 0.00
0.50 0.35 -0.73 1.00 0.00
0.50 0.35 -0.56 1.00 0.00
0.50 0.35 -0.38 1.00 0.00
0.50 0.35 -0.21 1.00 0.00
0.50 0.35 -0.03 1.00 0.00
0.50 0.35 0.14 1.00 0.00
0.50 0.35 0.32 1.00 0.00
0.50 0.35 0.49 1.00 0.00
0.50 0.35 0.66 1.00 0.00
0.50 0.35 0.84 1.00 0.00
0.50 0.35 1.01 1.00 0.00
0.50 0.35 1.19 1.00 0.00
0.50 0.35 1.36 1.00 0.00
0.50 0.35 1.54 1.00 0.00
0.50 0.35 1.71 1.00 0.00
0.50 0.35 1.89 1.00 0.00
0.70 0.35 -1.05 1.00 0.00
0.70 0.35 -0.88 1.00 0.00
0.70 0.35 -0.70 1.00 0.00
0.70 0.35 -0.53 1.00 0.00
0.70 0.35 -0.35 1.00 0.00
0.70 0.35 -0.18 1.00 0.00
0.70 0.35 -0.00 1.00 0.00
0.70 0.35 0.17 1.00 0.00
0.70 0.35 0.35 1.00 0.00
0.70 0.35 0.52 1.00 0.00
0.70 0.35 0.69 1.00 0.00
0.70 0.35 0.87 1.00 0.00
0.70 0.35 1.04 1.00 0.00
0.70 0.35 1.22 1.00 0.00
0.70 0.35 1.39 1.00 0.00
0.70 0.35 1.57 1.00 0.00
0.70 0.35 1.74 1.00 0.00
0.70 0.35 1.92 1.00 0.00
0.90 0.35 -1.02 1.00 0.00
0.90 0.35 -0.84 1.00 0.00
0.90 0.35 -0.67 1.00 0.00
0.90 0.35 -0.49 1.00 0.00
0.90 0.35 -0.32 1.00 0.00
0.90 0.35 -0.15 1.00 0.00
0.90 0.35 0.03 1.00 0.00
0.90 0.35 0.20 1.00 0.00
0.90 0.35 0.38 1.00 0.00
0.90 0.35 0.55 1.00 0.00
0.90 0.35 0.73 1.00 0.00
0.90 0.35 0.90 1.00 0.00
0.90 0.35 1.08 1.00 0.00
0.90 0.35 1.25 1.00 0.00
0.90 0.35 1.43 1.00 0.00
0.90 0.35 1.60 1.00 0.00
0.90 0.35 1.77 1.00 0.00
0.90 0.35 1.95 1.00 0.00
1.10 0.35 -0.98 1.00 0.00
1.10 0.35 -0.81 1.00 0.00
1.10 0.35 -0.64 1.00 0.00
1.10 0.35 -0.46 1.00 0.00
1.10 0.35 -0.29 1.00 0.00
1.10 0.35 -0.11 1.00 0.00
1.10 0.35 0.06 1.00 0.00
1.10 0.35 0.24 1.00 0.00
1.10 0.35 0.41 1.00 0.00
1.10 0.35 0.59 1.00 0.00
1.10 0.35 0.76 1.00 0.00
1.10 0.35 0.94 1.00 0.00
1.10 0.35 1.11 1.00 0.00
1.10 0.35 1.28 1.00 0.00
1.10 0.35 1.46 1.00 0.00
1.10 0.35 1.63 1.00 0.00
1.10 0.35 1.81 1.00 0.00
1.10 0.35 1.98 1.00 0.00
0.30 0.52 -1.10 1.00 0.00
0.30 0.52 -0.93 1.00 0.00
0.30 0.52 -0.75 1.00 0.00
0.30 0.52 -0.58 1.00 0.00
0.30 0.52 -0.41 1.00 0.00
0.30 0.52 -0.23 1.00 0.00
0.30 0.52 -0.06 1.00 0.00
0.30 0.52 0.12 1.00 0.00
0.30 0.52 0.29 1.00 0.00
0.30 0.52 0.47 1.00 0.00
0.30 0.52 0.64 1.00 0.00
0.30 0.52 0.82 1.00 0.00
0.30 0.52 0.99 1.00 0.00
0.30 0.52 1.17 1.00 0.00
0.30 0.52 1.34 1.00 0.00
0.30 0.52 1.51 1.00 0.00
0.30 0.52 1.69 1.00 0.00
0.30 0.52 1.86 1.00 0.00
0.50 0.52 -1.07 1.00 0.00
0.50 0.52 -0.90 1.00 0.00
0.50 0.52 -0.72 1.00 0.00
0.50 0.52 -0.55 1.00 0.00
0.50 0.52 -0.37 1.00 0.00
0.50 0.52 -0.20 1.00 0.00
0.50 0.52 -0.02 1.00 0.00
0.50 0.52 0.15 1.00 0.00
0.50 0.52 0.33 1.00 0.00
0.50 0.52 0.50 1.00 0.00
0.50 0.52 0.67 1.00 0.00
0.50 0.52 0.85 1.00 0.00
0.50 0.52 1.02 1.00 0.00
0.50 0.52 1.20 1.00 0.00
0.50 0.52 1.37 1.00 0.00
0.50 0.52 1.55 1.00 0.00
0.50 0.52 1.72 1.00 0.00
0.50 0.52 1.90 1.00 0.00
0.70 0.52 -1.04 1.00 0.00
0.70 0.52 -0.86 1.00 0.00
0.70 0.52 -0.69 1.00 0.00
0.70 0.52 -0.51 1.00 0.00
0.70 0.52 -0.34 1.00 0.00
0.70 0.52 -0.16 1.00 0.00
0.70 0.52 0.01 1.00 0.00
0.70 0.52 0.19 1.00 0.00
0.70 0.52 0.36 1.00 0.00
0.70 0.52 0.53 1.00 0.00
0.70 0.52 0.71 1.00 0.00
0.70 0.52 0.88 1.00 0.00
0.70 0.52 1.06 1.00 0.00
0.70 0.52 1.23 1.00 0.00
0.70 0.52 1.41 1.00 0.00
0.70 0.52 1.58 1.00 0.00
0.70 0.52 1.76 1.00 0.00
0.70 0.52 1.93 1.00 0.00
0.90 0.52 -1.00 1.00 0.00
0.90 0.52 -0.83 1.00 0.00
0.90 0.52 -0.65 1.00 0.00
0.90 0.52 -0.48 1.00 0.00
0.90 0.52 -0.30 1.00 0.00
0.90 0.52 -0.13 1.00 0.00
0.90 0.52 0.05 1.00 0.00
0.90 0.52 0.22 1.00 0.00
0.90 0.52 0.40 1.00 0.00
0.90 0.52 0.57 1.00 0.00
0.90 0.52 0.74 1.00 0.00
0.90 0.52 0.92 1.00 0.00
0.90 0.52 1.09 1.00 0.00
0.90 0.52 1.27 1.00 0.00
0.90 0.52 1.44 1.00 0.00
0.90 0.52 1.62 1.00 0.00
0.90 0.52 1.79 1.00 0.00
0.90 0.52 1.97 1.00 0.00
1.10 0.52 -0.96 1.00 0.00
1.10 0.52 -0.79 1.00 0.00
1.10 0.52 -0.61 1.00 0.00
1.10 0.52 -0.44 1.00 0.00
1.10 0.52 -0.27 1.00 0.00
1.10 0.52 -0.09 1.00 0.00
1.10 0.52 0.08 1.00 0.00
1.10 0.52 0.26 1.00 0.00
1.10 0.52 0.43 1.00 0.00
1.10 0.52 0.61 1.00 0.00
1.10 0.52 0.78 1.00 0.00
1.10 0.52 0.96 1.00 0.00
1.10 0.52 1.13 1.00 0.00
1.10 0.52 1.31 1.00 0.00
1.10 0.52 1.48 1.00 0.00
1.10 0.52 1.65 1.00 0.00
1.10 0.52 1.83 1.00 0.00
1.10 0.52 2.00 1.00 0.00
0.30 0.70 -1.10 1.00 0.00
0.30 0.70 -0.92 1.00 0.00
0.30 0.70 -0.75 1.00 0.00
0.30 0.70 -0.58 1.00 0.00
0.30 0.70 -0.40 1.00 0.00
0.30 0.70 -0.23 1.00 0.00
0.30 0.70 -0.05 1.00 0.00
0.30 0.70 0.12 1.00 0.00
0.30 0.70 0.30 1.00 0.00
0.30 0.70 0.47 1.00 0.00
0.30 0.70 0.65 1.00 0.00
0.30 0.70 0.82 1.00 0.00
0.30 0.70 1.00 1.00 0.00
0.30 0.70 1.17 1.00 0.00
0.30 0.70 1.34 1.00 0.00
0.30 0.70 1.52 1.00 0.00
0.30 0.70 1.69 1.00 0.00
0.30 0.70 1.87 1.00 0.00
0.50 0.70 -1.06 1.00 0.00
0.50 0.70 -0.89 1.00 0.00
0.50 0.70 -0.71 1.00 0.00
0.50 0.70 -0.54 1.00 0.00
0.50 0.70 -0.37 1.00 0.00
0.50 0.70 -0.19 1.00 0.00
0.50 0.70 -0.02 1.00 0.00
0.50 0.70 0.16 1.00 0.00
0.50 0.70 0.33 1.00 0.00
0.50 0.70 0.51 1.00 0.00
0.50 0.70 0.68 1.00 0.00
0.50 0.70 0.86 1.00 0.00
0.50 0.70 1.03 1.00 0.00
0.50 0.70 1.21 1.00 0.00
0.50 0.70 1.38 1.00 0.00
0.50 0.70 1.55 1.00 0.00
0.50 0.70 1.73 1.00 0.00
0.50 0.70 1.90 1.00 0.00
0.70 0.70 -1.03 1.00 0.00
0.70 0.70 -0.85 1.00 0.00
0.70 0.70 -0.68 1.00 0.00
0.70 0.70 -0.50 1.00 0.00
0.70 0.70 -0.33 1.00 0.00
0.70 0.70 -0.15 1.00 0.00
0.70 0.70 0.02 1.00 0.00
0.70 0.70 0.20 1.00 0.00
0.70 0.70 0.37 1.00 0.00
0.70 0.70 0.54 1.00 0.00
0.70 0.70 0.72 1.00 0.00
0.70 0.70 0.89 1.00 0.00
0.70 0.70 1.07 1.00 0.00
0.70 0.70 1.24 1.00 0.00
0.70 0.70 1.42 1.00 0.00
0.70 0.70 1.59 1.00 0.00
0.70 0.70 1.77 1.00 0.00
0.70 0.70 1.94 1.00 0.00
0.90 0.70 -0.99 1.00 0.00
0.90 0.70 -0.81 1.00 0.00
0.90 0.70 -0.64 1.00 0.00
0.90 0.70 -0.47 1.00 0.00
0.90 0.70 -0.29 1.00 0.00
0.90 0.70 -0.12 1.00 0.00
0.90 0.70 0.06 1.00 0.00
0.90 0.70 0.23 1.00 0.00
0.90 0.70 0.41 1.00 0.00
0.90 0.70 0.58 1.00 0.00
0.90 0.70 0.76 1.00 0.00
0.90 0.70 0.93 1.00 0.00
0.90 0.70 1.11 1.00 0.00
0.90 0.70 1.28 1.00 0.00
0.90 0.70 1.45 1.00 0.00
0.90 0.70 1.63 1.00 0.00
0.90 0.70 1.80 1.00 0.00
0.90 0.70 1.98 1.00 0.00
1.10 0.70 -0.95 1.00 0.00
1.10 0.70 -0.78 1.00 0.00
1.10 0.70 -0.60 1.00 0.00
1.10 0.70 -0.43 1.00 0.00
1.10 0.70 -0.25 1.00 0.00
1.10 0.70 -0.08 1.00 0.00
1.10 0.70 0.10 1.00 0.00
1.10 0.70 0.27 1.00 0.00
1.10 0.70 0.45 1.00 0.00
1.10 0.70 0.62 1.00 0.00
1.10 0.70 0.80 1.00 0.00
1.10 0.70 0.97 1.00 0.00
1.10 0.70 1.14 1.00 0.00
1.10 0.70 1.32 1.00 0.00
1.10 0.70 1.49 1.00 0.00
1.10 0.70 1.67 1.00 0.00
1.10 0.70 1.84 1.00 0.00
1.10 0.70 2.02 1.00 0.00
0.30 0.87 -1.10 1.00 0.00
0.30 0.87 -0.92 1.00 0.00
0.30 0.87 -0.75 1.00 0.00
0.30 0.87 -0.57 1.00 0.00
0.30 0.87 -0.40 1.00 0.00
0.30 0.87 -0.22 1.00 0.00
0.30 0.87 -0.05 1.00 0.00
0.30 0.87 0.13 1.00 0.00
0.30 0.87 0.30 1.00 0.00
0.30 0.87 0.47 1.00 0.00
0.30 0.87 0.65 1.00 0.00
0.30 0.87 0.82 1.00 0.00
0.30 0.87 1.00 1.00 0.00
0.30 0.87 1.17 1.00 0.00
0.30 0.87 1.35 1.00 0.00
0.30 0.87 1.52 1.00 0.00
0.30 0.87 1.70 1.00 0.00
0.30 0.87 1.87 1.00 0.00
0.50 0.87 -1.06 1.00 0.00
0.50 0.87 -0.88 1.00 0.00
0.50 0.87 -0.71 1.00 0.00
0.50 0.87 -0.53 1.00 0.00
0.50 0.87 -0.36 1.00 0.00
0.50 0.87 -0.19 1.00 0.00
0.50 0.87 -0.01 1.00 0.00
0.50 0.87 0.16 1.00 0.00
0.50 0.87 0.34 1.00 0.00
0.50 0.87 0.51 1.00 0.00
0.50 0.87 0.69 1.00 0.00
0.50 0.87 0.86 1.00 0.00
0.50 0.87 1.04 1.00 0.00
0.50 0.87 1.21 1.00 0.00
0.50 0.87 1.38 1.00 0.00
0.50 0.87 1.56 1.00 0.00
0.50 0.87 1.73 1.00 0.00
0.50 0.87 1.91 1.00 0.00
0.70 0.87 -1.02 1.00 0.00
0.70 0.87 -0.85 1.00 0.00
0.70 0.87 -0.67 1.00 0.00
0.70 0.87 -0.50 1.00 0.00
0.70 0.87 -0.32 1.00 0.00
0.70 0.87 -0.15 1.00 0.00
0.70 0.87 0.03 1.00 0.00
0.70 0.87 0.20 1.00 0.00
0.70 0.87 0.38 1.00 0.00
0.70 0.87 0.55 1.00 0.00
0.70 0.87 0.72 1.00 0.00
0.70 0.87 0.90 1.00 0.00
0.70 0.87 1.07 1.00 0.00
0.70 0.87 1.25 1.00 0.00
0.70 0.87 1.42 1.00 0.00
0.70 0.87 1.60 1.00 0.00
0.70 0.87 1.77 1.00 0.00
0.70 0.87 1.95 1.00 0.00
0.90 0.87 -0.98 1.00 0.00
0.90 0.87 -0.81 1.00 0.00
0.90 0.87 -0.63 1.00 0.00
0.90 0.87 -0.46 1.00 0.00
0.90 0.87 -0.28 1.00 0.00
0.90 0.87 -0.11 1.00 0.00
0.90 0.87 0.06 1.00 0.00
0.90 0.87 0.24 1.00 0.00
0.90 0.87 0.41 1.00 0.00
0.90 0.87 0.59 1.00 0.00
0.90 0.87 0.76 1.00 0.00
0.90 0.87 0.94 1.00 0.00
0.90 0.87 1.11 1.00 0.00
0.90 0.87 1.29 1.00 0.00
0.90 0.87 1.46 1.00 0.00
0.90 0.87 1.64 1.00 0.00
0.90 0.87 1.81 1.00 0.00
0.90 0.87 1.98 1.00 0.00
1.10 0.87 -0.94 1.00 0.00
1.10 0.87 -0.77 1.00 0.00
1.10 0.87 -0.59 1.00 0.00
1.10 0.87 -0.42 1.00 0.00
1.10 0.87 -0.25 1.00 0.00
1.10 0.87 -0.07 1.00 0.00
1.10 0.87 0.10 1.00 0.00
1.10 0.87 0.28 1.00 0.00
1.10 0.87 0.45 1.00 0.00
1.10 0.87 0.63 1.00 0.00
1.10 0.87 0.80 1.00 0.00
1.10 0.87 0.98 1.00 0.00
1.10 0.87 1.15 1.00 0.00
1.10 0.87 1.32 1.00 0.00
1.10 0.87 1.50 1.00 0.00
1.10 0.87 1.67 1.00 0.00
1.10 0.87 1.85 1.00 0.00
1.10 0.87 2.02 1.00 0.00
0.30 1.05 -1.09 1.00 0.00
0.30 1.05 -0.92 1.00 0.00
0.30 1.05 -0.75 1.00 0.00
0.30 1.05 -0.57 1.00 0.00
0.30 1.05 -0.40 1.00 0.00
0.30 1.05 -0.22 1.00 0.00
0.30 1.05 -0.05 1.00 0.00
0.30 1.05 0.13 1.00 0.00
0.30 1.05 0.30 1.00 0.00
0.30 1.05 0.48 1.00 0.00
0.30 1.05 0.65 1.00 0.00
0.30 1.05 0.83 1.00 0.00
0.30 1.05 1.00 1.00 0.00
0.30 1.05 1.17 1.00 0.00
0.30 1.05 1.35 1.00 0.00
0.30 1.05 1.52 1.00 0.00
0.30 1.05 1.70 1.00 0.00
0.30 1.05 1.87 1.00 0.00
0.50 1.05 -1.06 1.00 0.00
0.50 1.05 -0.88 1.00 0.00
0.50 1.05 -0.71 1.00 0.00
0.50 1.05 -0.53 1.00 0.00
0.50 1.05 -0.36 1.00 0.00
0.50 1.05 -0.18 1.00 0.00
0.50 1.05 -0.01 1.00 0.00
0.50 1.05 0.16 1.00 0.00
0.50 1.05 0.34 1.00 0.00
0.50 1.05 0.51 1.00 0.00
0.50 1.05 0.69 1.00 0.00
0.50 1.05 0.86 1.00 0.00
0.50 1.05 1.04 1.00 0.00
0.50 1.05 1.21 1.00 0.00
0.50 1.05 1.39 1.00 0.00
0.50 1.05 1.56 1.00 0.00
0.50 1.05 1.74 1.00 0.00
0.50 1.05 1.91 1.00 0.00
0.70 1.05 -1.02 1.00 0.00
0.70 1.05 -0.84 1.00 0.00
0.70 1.05 -0.67 1.00 0.00
0.70 1.05 -0.50 1.00 0.00
0.70 1.05 -0.32 1.00 0.00
0.70 1.05 -0.15 1.00 0.00
0.70 1.05 0.03 1.00 0.00
0.70 1.05 0.20 1.00 0.00
0.70 1.05 0.38 1.00 0.00
0.70 1.05 0.55 1.00 0.00
0.70 1.05 0.73 1.00 0.00
0.70 1.05 0.90 1.00 0.00
0.70 1.05 1.08 1.00 0.00
0.70 1.05 1.25 1.00 0.00
0.70 1.05 1.42 1.00 0.00
0.70 1.05 1.60 1.00 0.00
0.70 1.05 1.77 1.00 0.00
0.70 1.05 1.95 1.00 0.00
0.90 1.05 -0.98 1.00 0.00
0.90 1.05 -0.81 1.00 0.00
0.90 1.05 -0.63 1.00 0.00
0.90 1.05 -0.46 1.00 0.00
0.90 1.05 -0.28 1.00 0.00
0.90 1.05 -0.11 1.00 0.00
0.90 1.05 0.07 1.00 0.00
0.90 1.05 0.24 1.00 0.00
0.90 1.05 0.41 1.00 0.00
0.90 1.05 0.59 1.00 0.00
0.90 1.05 0.76 1.00 0.00
0.90 1.05 0.94 1.00 0.00
0.90 1.05 1.11 1.00 0.00
0.90 1.05 1.29 1.00 0.00
0.90 1.05 1.46 1.00 0.00
0.90 1.05 1.64 1.00 0.00
0.90 1.05 1.81 1.00 0.00
0.90 1.05 1.99 1.00 0.00
1.10 1.05 -0.94 1.00 0.00
1.10 1.05 -0.77 1.00 0.00
1.10 1.05 -0.60 1.00 0.00
1.10 1.05 -0.42 1.00 0.00
1.10 1.05 -0.25 1.00 0.00
1.10 1.05 -0.07 1.00 0.00
1.10 1.05 0.10 1.00 0.00
1.10 1.05 0.28 1.00 0.00
1.10 1.05 0.45 1.00 0.00
1.10 1.05 0.63 1.00 0.00
1.10 1.05 0.80 1.00 0.00
1.10 1.05 0.98 1.00 0.00
1.10 1.05 1.15 1.00 0.00
1.10 1.05 1.32 1.00 0.00
1.10 1.05 1.50 1.00 0.00
1.10 1.05 1.67 1.00 0.00
1.10 1.05 1.85 1.00 0.00
1.10 1.05 2.02 1.00 0.00
0.30 1.22 -1.09 1.00 0.00
0.30 1.22 -0.92 1.00 0.00
0.30 1.22 -0.75 1.00 0.00
0.30 1.22 -0.57 1.00 0.00
0.30 1.22 -0.40 1.00 0.00
0.30 1.22 -0.22 1.00 0.00
0.30 1.22 -0.05 1.00 0.00
0.30 1.22 0.13 1.00 0.00
0.30 1.22 0.30 1.00 0.00
0.30 1.22 0.48 1.00 0.00
0.30 1.22 0.65 1.00 0.00
0.30 1.22 0.82 1.00 0.00
0.30 1.22 1.00 1.00 0.00
0.30 1.22 1.17 1.00 0.00
0.30 1.22 1.35 1.00 0.00
0.30 1.22 1.52 1.00 0.00
0.30 1.22 1.70 1.00 0.00
0.30 1.22 1.87 1.00 0.00
0.50 1.22 -1.06 1.00 0.00
0.50 1.22 -0.88 1.00 0.00
0.50 1.22 -0.71 1.00 0.00
0.50 1.22 -0.53 1.00 0.00
0.50 1.22 -0.36 1.00 0.00
0.50 1.22 -0.19 1.00 0.00
0.50 1.22 -0.01 1.00 0.00
0.50 1.22 0.16 1.00 0.00
0.50 1.22 0.34 1.00 0.00
0.50 1.22 0.51 1.00 0.00
0.50 1.22 0.69 1.00 0.00
0.50 1.22 0.86 1.00 0.00
0.50 1.22 1.04 1.00 0.00
0.50 1.22 1.21 1.00 0.00
0.50 1.22 1.39 1.00 0.00
0.50 1.22 1.56 1.00 0.00
0.50 1.22 1.73 1.00 0.00
0.50 1.22 1.91 1.00 0.00
0.70 1.22 -1.02 1.00 0.00
0.70 1.22 -0.85 1.00 0.00
0.70 1.22 -0.67 1.00 0.00
0.70 1.22 -0.50 1.00 0.00
0.70 1.22 -0.32 1.00 0.00
0.70 1.22 -0.15 1.00 0.00
0.70 1.22 0.03 1.00 0.00
0.70 1.22 0.20 1.00 0.00
0.70 1.22 0.37 1.00 0.00
0.70 1.22 0.55 1.00 0.00
0.70 1.22 0.72 1.00 0.00
0.70 1.22 0.90 1.00 0.00
0.70 1.22 1.07 1.00 0.00
0.70 1.22 1.25 1.00 0.00
0.70 1.22 1.42 1.00 0.00
0.70 1.22 1.60 1.00 0.00
0.70 1.22 1.77 1.00 0.00
0.70 1.22 1.95 1.00 0.00
0.90 1.22 -0.99 1.00 0.00
0.90 1.22 -0.81 1.00 0.00
0.90 1.22 -0.64 1.00 0.00
0.90 1.22 -0.46 1.00 0.00
0.90 1.22 -0.29 1.00 0.00
0.90 1.22 -0.11 1.00 0.00
0.90 1.22 0.06 1.00 0.00
0.90 1.22 0.24 1.00 0.00
0.90 1.22 0.41 1.00 0.00
0.90 1.22 0.58 1.00 0.00
0.90 1.22 0.76 1.00 0.00
0.90 1.22 0.93 1.00 0.00
0.90 1.22 1.11 1.00 0.00
0.90 1.22 1.28 1.00 0.00
0.90 1.22 1.46 1.00 0.00
0.90 1.22 1.63 1.00 0.00
0.90 1.22 1.81 1.00 0.00
0.90 1.22 1.98 1.00 0.00
1.10 1.22 -0.95 1.00 0.00
1.10 1.22 -0.78 1.00 0.00
1.10 1.22 -0.60 1.00 0.00
1.10 1.22 -0.43 1.00 0.00
1.10 1.22 -0.25 1.00 0.00
1.10 1.22 -0.08 1.00 0.00
1.10 1.22 0.10 1.00 0.00
1.10 1.22 0.27 1.00 0.00
1.10 1.22 0.45 1.00 0.00
1.10 1.22 0.62 1.00 0.00
1.10 1.22 0.79 1.00 0.00
1.10 1.22 0.97 1.00 0.00
1.10 1.22 1.14 1.00 0.00
1.10 1.22 1.32 1.00 0.00
1.10 1.22 1.49 1.00 0.00
1.10 1.22 1.67 1.00 0.00
1.10 1.22 1.84 1.00 0.00
1.10 1.22 2.02 1.00 0.00
0.30 1.40 -1.10 1.00 0.00
0.30 1.40 -0.92 1.00 0.00
0.30 1.40 -0.75 1.00 0.00
0.30 1.40 -0.57 1.00 0.00
0.30 1.40 -0.40 1.00 0.00
0.30 1.40 -0.22 1.00 0.00
0.30 1.40 -0.05 1.00 0.00
0.30 1.40 0.12 1.00 0.00
0.30 1.40 0.30 1.00 0.00
0.30 1.40 0.47 1.00 0.00
0.30 1.40 0.65 1.00 0.00
0.30 1.40 0.82 1.00 0.00
0.30 1.40 1.00 1.00 0.00
0.30 1.40 1.17 1.00 0.00
0.30 1.40 1.35 1.00 0.00
0.30 1.40 1.52 1.00 0.00
0.30 1.40 1.70 1.00 0.00
0.30 1.40 1.87 1.00 0.00
0.50 1.40 -1.06 1.00 0.00
0.50 1.40 -0.89 1.00 0.00
0.50 1.40 -0.71 1.00 0.00
0.50 1.40 -0.54 1.00 0.00
0.50 1.40 -0.36 1.00 0.00
0.50 1.40 -0.19 1.00 0.00
0.50 1.40 -0.01 1.00 0.00
0.50 1.40 0.16 1.00 0.00
0.50 1.40 0.33 1.00 0.00
0.50 1.40 0.51 1.00 0.00
0.50 1.40 0.68 1.00 0.00
0.50 1.40 0.86 1.00 0.00
0.50 1.40 1.03 1.00 0.00
0.50 1.40 1.21 1.00 0.00
0.50 1.40 1.38 1.00 0.00
0.50 1.40 1.56 1.00 0.00
0.50 1.40 1.73 1.00 0.00
0.50 1.40 1.90 1.00 0.00
0.70 1.40 -1.03 1.00 0.00
0.70 1.40 -0.85 1.00 0.00
0.70 1.40 -0.68 1.00 0.00
0.70 1.40 -0.50 1.00 0.00
0.70 1.40 -0.33 1.00 0.00
0.70 1.40 -0.16 1.00 0.00
0.70 1.40 0.02 1.00 0.00
0.70 1.40 0.19 1.00 0.00
0.70 1.40 0.37 1.00 0.00
0.70 1.40 0.54 1.00 0.00
0.70 1.40 0.72 1.00 0.00
0.70 1.40 0.89 1.00 0.00
0.70 1.40 1.07 1.00 0.00
0.70 1.40 1.24 1.00 0.00
0.70 1.40 1.42 1.00 0.00
0.70 1.40 1.59 1.00 0.00
0.70 1.40 1.76 1.00 0.00
0.70 1.40 1.94 1.00 0.00
0.90 1.40 -1.00 1.00 0.00
0.90 1.40 -0.82 1.00 0.00
0.90 1.40 -0.65 1.00 0.00
0.90 1.40 -0.47 1.00 0.00
0.90 1.40 -0.30 1.00 0.00
0.90 1.40 -0.12 1.00 0.00
0.90 1.40 0.05 1.00 0.00
0.90 1.40 0.23 1.00 0.00
0.90 1.40 0.40 1.00 0.00
0.90 1.40 0.58 1.00 0.00
0.90 1.40 0.75 1.00 0.00
0.90 1.40 0.92 1.00 0.00
0.90 1.40 1.10 1.00 0.00
0.90 1.40 1.27 1.00 0.00
0.90 1.40 1.45 1.00 0.00
0.90 1.40 1.62 1.00 0.00
0.90 1.40 1.80 1.00 0.00
0.90 1.40 1.97 1.00 0.00
1.10 1.40 -0.96 1.00 0.00
1.10 1.40 -0.79 1.00 0.00
1.10 1.40 -0.61 1.00 0.00
1.10 1.40 -0.44 1.00 0.00
1.10 1.40 -0.26 1.00 0.00
1.10 1.40 -0.09 1.00 0.00
1.10 1.40 0.08 1.00 0.00
1.10 1.40 0.26 1.00 0.00
1.10 1.40 0.43 1.00 0.00
1.10 1.40 0.61 1.00 0.00
1.10 1.40 0.78 1.00 0.00
1.10 1.40 0.96 1.00 0.00
1.10 1.40 1.13 1.00 0.00
1.10 1.40 1.31 1.00 0.00
1.10 1.40 1.48 1.00 0.00
1.10 1.40 1.66 1.00 0.00
1.10 1.40 1.83 1.00 0.00
1.10 1.40 2.00 1.00 0.00
0.30 1.57 -1.10 1.00 0.00
0.30 1.57 -0.93 1.00 0.00
0.30 1.57 -0.75 1.00 0.00
0.30 1.57 -0.58 1.00 0.00
0.30 1.57 -0.40 1.00 0.00
0.30 1.57 -0.23 1.00 0.00
0.30 1.57 -0.05 1.00 0.00
0.30 1.57 0.12 1.00 0.00
0.30 1.57 0.30 1.00 0.00
0.30 1.57 0.47 1.00 0.00
0.30 1.57 0.64 1.00 0.00
0.30 1.57 0.82 1.00 0.00
0.30 1.57 0.99 1.00 0.00
0.30 1.57 1.17 1.00 0.00
0.30 1.57 1.34 1.00 0.00
0.30 1.57 1.52 1.00 0.00
0.30 1.57 1.69 1.00 0.00
0.30 1.57 1.87 1.00 0.00
0.50 1.57 -1.07 1.00 0.00
0.50 1.57 -0.89 1.00 0.00
0.50 1.57 -0.72 1.00 0.00
0.50 1.57 -0.54 1.00 0.00
0.50 1.57 -0.37 1.00 0.00
0.50 1.57 -0.20 1.00 0.00
0.50 1.57 -0.02 1.00 0.00
0.50 1.57 0.15 1.00 0.00
0.50 1.57 0.33 1.00 0.00
0.50 1.57 0.50 1.00 0.00
0.50 1.57 0.68 1.00 0.00
0.50 1.57 0.85 1.00 0.00
0.50 1.57 1.03 1.00 0.00
0.50 1.57 1.20 1.00 0.00
0.50 1.57 1.37 1.00 0.00
0.50 1.57 1.55 1.00 0.00
0.50 1.57 1.72 1.00 0.00
0.50 1.57 1.90 1.00 0.00
0.70 1.57 -1.04 1.00 0.00
0.70 1.57 -0.86 1.00 0.00
0.70 1.57 -0.69 1.00 0.00
0.70 1.57 -0.51 1.00 0.00
0.70 1.57 -0.34 1.00 0.00
0.70 1.57 -0.16 1.00 0.00
0.70 1.57 0.01 1.00 0.00
0.70 1.57 0.18 1.00 0.00
0.70 1.57 0.36 1.00 0.00
0.70 1.57 0.53 1.00 0.00
0.70 1.57 0.71 1.00 0.00
0.70 1.57 0.88 1.00 0.00
0.70 1.57 1.06 1.00 0.00
0.70 1.57 1.23 1.00 0.00
0.70 1.57 1.41 1.00 0.00
0.70 1.57 1.58 1.00 0.00
0.70 1.57 1.75 1.00 0.00
0.70 1.57 1.93 1.00 0.00
0.90 1.57 -1.01 1.00 0.00
0.90 1.57 -0.83 1.00 0.00
0.90 1.57 -0.66 1.00 0.00
0.90 1.57 -0.48 1.00 0.00
0.90 1.57 -0.31 1.00 0.00
0.90 1.57 -0.14 1.00 0.00
0.90 1.57 0.04 1.00 0.00
0.90 1.57 0.21 1.00 0.00
0.90 1.57 0.39 1.00 0.00
0.90 1.57 0.56 1.00 0.00
0.90 1.57 0.74 1.00 0.00
0.90 1.57 0.91 1.00 0.00
0.90 1.57 1.09 1.00 0.00
0.90 1.57 1.26 1.00 0.00
0.90 1.57 1.44 1.00 0.00
0.90 1.57 1.61 1.00 0.00
0.90 1.57 1.78 1.00 0.00
0.90 1.57 1.96 1.00 0.00
1.10 1.57 -0.98 1.00 0.00
1.10 1.57 -0.80 1.00 0.00
1.10 1.57 -0.63 1.00 0.00
1.10 1.57 -0.46 1.00 0.00
1.10 1.57 -0.28 1.00 0.00
1.10 1.57 -0.11 1.00 0.00
1.10 1.57 0.07 1.00 0.00
1.10 1.57 0.24 1.00 0.00
1.10 1.57 0.42 1.00 0.00
1.10 1.57 0.59 1.00 0.00
1.10 1.57 0.77 1.00 0.00
1.10 1.57 0.94 1.00 0.00
1.10 1.57 1.12 1.00 0.00
1.10 1.57 1.29 1.00 0.00
1.10 1.57 1.46 1.00 0.00
1.10 1.57 1.64 1.00 0.00
1.10 1.57 1.81 1.00 0.00
1.10 1.57 1.99 1.00 0.00
0.30 1.75 -1.11 1.00 0.00
0.30 1.75 -0.93 1.00 0.00
0.30 1.75 -0.76 1.00 0.00
0.30 1.75 -0.58 1.00 0.00
0.30 1.75 -0.41 1.00 0.00
0.30 1.75 -0.23 1.00 0.00
0.30 1.75 -0.06 1.00 0.00
0.30 1.75 0.12 1.00 0.00
0.30 1.75 0.29 1.00 0.00
0.30 1.75 0.47 1.00 0.00
0.30 1.75 0.64 1.00 0.00
0.30 1.75 0.81 1.00 0.00
0.30 1.75 0.99 1.00 0.00
0.30 1.75 1.16 1.00 0.00
0.30 1.75 1.34 1.00 0.00
0.30 1.75 1.51 1.00 0.00
0.30 1.75 1.69 1.00 0.00
0.30 1.75 1.86 1.00 0.00
0.50 1.75 -1.08 1.00 0.00
0.50 1.75 -0.90 1.00 0.00
0.50 1.75 -0.73 1.00 0.00
0.50 1.75 -0.55 1.00 0.00
0.50 1.75 -0.38 1.00 0.00
0.50 1.75 -0.20 1.00 0.00
0.50 1.75 -0.03 1.00 0.00
0.50 1.75 0.14 1.00 0.00
0.50 1.75 0.32 1.00 0.00
0.50 1.75 0.49 1.00 0.00
0.50 1.75 0.67 1.00 0.00
0.50 1.75 0.84 1.00 0.00
0.50 1.75 1.02 1.00 0.00
0.50 1.75 1.19 1.00 0.00
0.50 1.75 1.37 1.00 0.00
0.50 1.75 1.54 1.00 0.00
0.50 1.75 1.72 1.00 0.00
0.50 1.75 1.89 1.00 0.00
0.70 1.75 -1.05 1.00 0.00
0.70 1.75 -0.88 1.00 0.00
0.70 1.75 -0.70 1.00 0.00
0.70 1.75 -0.53 1.00 0.00
0.70 1.75 -0.35 1.00 0.00
0.70 1.75 -0.18 1.00 0.00
0.70 1.75 -0.00 1.00 0.00
0.70 1.75 0.17 1.00 0.00
0.70 1.75 0.35 1.00 0.00
0.70 1.75 0.52 1.00 0.00
0.70 1.75 0.70 1.00 0.00
0.70 1.75 0.87 1.00 0.00
0.70 1.75 1.04 1.00 0.00
0.70 1.75 1.22 1.00 0.00
0.70 1.75 1.39 1.00 0.00
0.70 1.75 1.57 1.00 0.00
0.70 1.75 1.74 1.00 0.00
0.70 1.75 1.92 1.00 0.00
0.90 1.75 -1.02 1.00 0.00
0.90 1.75 -0.85 1.00 0.00
0.90 1.75 -0.67 1.00 0.00
0.90 1.75 -0.50 1.00 0.00
0.90 1.75 -0.33 1.00 0.00
0.90 1.75 -0.15 1.00 0.00
0.90 1.75 0.02 1.00 0.00
0.90 1.75 0.20 1.00 0.00
0.90 1.75 0.37 1.00 0.00
0.90 1.75 0.55 1.00 0.00
0.90 1.75 0.72 1.00 0.00
0.90 1.75 0.90 1.00 0.00
0.90 1.75 1.07 1.00 0.00
0.90 1.75 1.25 1.00 0.00
0.90 1.75 1.42 1.00 0.00
0.90 1.75 1.59 1.00 0.00
0.90 1.75 1.77 1.00 0.00
0.90 1.75 1.94 1.00 0.00
1.10 1.75 -1.00 1.00 0.00
1.10 1.75 -0.82 1.00 0.00
1.10 1.75 -0.65 1.00 0.00
1.10 1.75 -0.48 1.00 0.00
1.10 1.75 -0.30 1.00 0.00
1.10 1.75 -0.13 1.00 0.00
1.10 1.75 0.05 1.00 0.00
1.10 1.75 0.22 1.00 0.00
1.10 1.75 0.40 1.00 0.00
1.10 1.75 0.57 1.00 0.00
1.10 1.75 0.75 1.00 0.00
1.10 1.75 0.92 1.00 0.00
1.10 1.75 1.10 1.00 0.00
1.10 1.75 1.27 1.00 0.00
1.10 1.75 1.44 1.00 0.00
1.10 1.75 1.62 1.00 0.00
1.10 1.75 1.79 1.00 0.00
1.10 1.75 1.97 1.00 0.00
0.30 1.92 -1.11 1.00 0.00
0.30 1.92 -0.94 1.00 0.00
0.30 1.92 -0.76 1.00 0.00
0.30 1.92 -0.59 1.00 0.00
0.30 1.92 -0.41 1.00 0.00
0.30 1.92 -0.24 1.00 0.00
0.30 1.92 -0.06 1.00 0.00
0.30 1.92 0.11 1.00 0.00
0.30 1.92 0.28 1.00 0.00
0.30 1.92 0.46 1.00 0.00
0.30 1.92 0.63 1.00 0.00
0.30 1.92 0.81 1.00 0.00
0.30 1.92 0.98 1.00 0.00
0.30 1.92 1.16 1.00 0.00
0.30 1.92 1.33 1.00 0.00
0.30 1.92 1.51 1.00 0.00
0.30 1.92 1.68 1.00 0.00
0.30 1.92 1.86 1.00 0.00
0.50 1.92 -1.09 1.00 0.00
0.50 1.92 -0.91 1.00 0.00
0.50 1.92 -0.74 1.00 0.00
0.50 1.92 -0.56 1.00 0.00
0.50 1.92 -0.39 1.00 0.00
0.50 1.92 -0.21 1.00 0.00
0.50 1.92 -0.04 1.00 0.00
0.50 1.92 0.13 1.00 0.00
0.50 1.92 0.31 1.00 0.00
0.50 1.92 0.48 1.00 0.00
0.50 1.92 0.66 1.00 0.00
0.50 1.92 0.83 1.00 0.00
0.50 1.92 1.01 1.00 0.00
0.50 1.92 1.18 1.00 0.00
0.50 1.92 1.36 1.00 0.00
0.50 1.92 1.53 1.00 0.00
0.50 1.92 1.70 1.00 0.00
0.50 1.92 1.88 1.00 0.00
0.70 1.92 -1.06 1.00 0.00
0.70 1.92 -0.89 1.00 0.00
0.70 1.92 -0.72 1.00 0.00
0.70 1.92 -0.54 1.00 0.00
0.70 1.92 -0.37 1.00 0.00
0.70 1.92 -0.19 1.00 0.00
0.70 1.92 -0.02 1.00 0.00
0.70 1.92 0.16 1.00 0.00
0.70 1.92 0.33 1.00 0.00
0.70 1.92 0.51 1.00 0.00
0.70 1.92 0.68 1.00 0.00
0.70 1.92 0.86 1.00 0.00
0.70 1.92 1.03 1.00 0.00
0.70 1.92 1.20 1.00 0.00
0.70 1.92 1.38 1.00 0.00
0.70 1.92 1.55 1.00 0.00
0.70 1.92 1.73 1.00 0.00
0.70 1.92 1.90 1.00 0.00
0.90 1.92 -1.04 1.00 0.00
0.90 1.92 -0.87 1.00 0.00
0.90 1.92 -0.69 1.00 0.00
0.90 1.92 -0.52 1.00 0.00
0.90 1.92 -0.34 1.00 0.00
0.90 1.92 -0.17 1.00 0.00
0.90 1.92 0.00 1.00 0.00
0.90 1.92 0.18 1.00 0.00
0.90 1.92 0.35 1.00 0.00
0.90 1.92 0.53 1.00 0.00
0.90 1.92 0.70 1.00 0.00
0.90 1.92 0.88 1.00 0.00
0.90 1.92 1.05 1.00 0.00
0.90 1.92 1.23 1.00 0.00
0.90 1.92 1.40 1.00 0.00
0.90 1.92 1.58 1.00 0.00
0.90 1.92 1.75 1.00 0.00
0.90 1.92 1.92 1.00 0.00
1.10 1.92 -1.02 1.00 0.00
1.10 1.92 -0.85 1.00 0.00
1.10 1.92 -0.67 1.00 0.00
1.10 1.92 -0.50 1.00 0.00
1.10 1.92 -0.32 1.00 0.00
1.10 1.92 -0.15 1.00 0.00
1.10 1.92 0.03 1.00 0.00
1.10 1.92 0.20 1.00 0.00
1.10 1.92 0.37 1.00 0.00
1.10 1.92 0.55 1.00 0.00
1.10 1.92 0.72 1.00 0.00
1.10 1.92 0.90 1.00 0.00
1.10 1.92 1.07 1.00 0.00
1.10 1.92 1.25 1.00 0.00
1.10 1.92 1.42 1.00 0.00
1.10 1.92 1.60 1.00 0.00
1.10 1.92 1.77 1.00 0.00
1.10 1.92 1.95 1.00 0.00
0.30 2.09 -1.12 1.00 0.00
0.30 2.09 -0.94 1.00 0.00
0.30 2.09 -0.77 1.00 0.00
0.30 2.09 -0.60 1.00 0.00
0.30 2.09 -0.42 1.00 0.00
0.30 2.09 -0.25 1.00 0.00
0.30 2.09 -0.07 1.00 0.00
0.30 2.09 0.10 1.00 0.00
0.30 2.09 0.28 1.00 0.00
0.30 2.09 0.45 1.00 0.00
0.30 2.09 0.63 1.00 0.00
0.30 2.09 0.80 1.00 0.00
0.30 2.09 0.98 1.00 0.00
0.30 2.09 1.15 1.00 0.00
0.30 2.09 1.32 1.00 0.00
0.30 2.09 1.50 1.00 0.00
0.30 2.09 1.67 1.00 0.00
0.30 2.09 1.85 1.00 0.00
0.50 2.09 -1.10 1.00 0.00
0.50 2.09 -0.93 1.00 0.00
0.50 2.09 -0.75 1.00 0.00
0.50 2.09 -0.58 1.00 0.00
0.50 2.09 -0.40 1.00 0.00
0.50 2.09 -0.23 1.00 0.00
0.50 2.09 -0.05 1.00 0.00
0.50 2.09 0.12 1.00 0.00
0.50 2.09 0.30 1.00 0.00
0.50 2.09 0.47 1.00 0.00
0.50 2.09 0.65 1.00 0.00
0.50 2.09 0.82 1.00 0.00
0.50 2.09 0.99 1.00 0.00
0.50 2.09 1.17 1.00 0.00
0.50 2.09 1.34 1.00 0.00
0.50 2.09 1.52 1.00 0.00
0.50 2.09 1.69 1.00 0.00
0.50 2.09 1.87 1.00 0.00
0.70 2.09 -1.08 1.00 0.00
0.70 2.09 -0.91 1.00 0.00
0.70 2.09 -0.73 1.00 0.00
0.70 2.09 -0.56 1.00 0.00
0.70 2.09 -0.38 1.00 0.00
0.70 2.09 -0.21 1.00 0.00
0.70 2.09 -0.03 1.00 0.00
0.70 2.09 0.14 1.00 0.00
0.70 2.09 0.31 1.00 0.00
0.70 2.09 0.49 1.00 0.00
0.70 2.09 0.66 1.00 0.00
0.70 2.09 0.84 1.00 0.00
0.70 2.09 1.01 1.00 0.00
0.70 2.09 1.19 1.00 0.00
0.70 2.09 1.36 1.00 0.00
0.70 2.09 1.54 1.00 0.00
0.70 2.09 1.71 1.00 0.00
0.70 2.09 1.89 1.00 0.00
0.90 2.09 -1.06 1.00 0.00
0.90 2.09 -0.89 1.00 0.00
0.90 2.09 -0.71 1.00 0.00
0.90 2.09 -0.54 1.00 0.00
0.90 2.09 -0.37 1.00 0.00
0.90 2.09 -0.19 1.00 0.00
0.90 2.09 -0.02 1.00 0.00
0.90 2.09 0.16 1.00 0.00
0.90 2.09 0.33 1.00 0.00
0.90 2.09 0.51 1.00 0.00
0.90 2.09 0.68 1.00 0.00
0.90 2.09 0.86 1.00 0.00
0.90 2.09 1.03 1.00 0.00
0.90 2.09 1.21 1.00 0.00
0.90 2.09 1.38 1.00 0.00
0.90 2.09 1.55 1.00 0.00
0.90 2.09 1.73 1.00 0.00
0.90 2.09 1.90 1.00 0.00
1.10 2.09 -1.05 1.00 0.00
1.10 2.09 -0.87 1.00 0.00
1.10 2.09 -0.70 1.00 0.00
1.10 2.09 -0.52 1.00 0.00
1.10 2.09 -0.35 1.00 0.00
1.10 2.09 -0.17 1.00 0.00
1.10 2.09 -0.00 1.00 0.00
1.10 2.09 0.17 1.00 0.00
1.10 2.09 0.35 1.00 0.00
1.10 2.09 0.52 1.00 0.00
1.10 2.09 0.70 1.00 0.00
1.10 2.09 0.87 1.00 0.00
1.10 2.09 1.05 1.00 0.00
1.10 2.09 1.22 1.00 0.00
1.10 2.09 1.40 1.00 0.00
1.10 2.09 1.57 1.00 0.00
1.10 2.09 1.75 1.00 0.00
1.10 2.09 1.92 1.00 0.00
0.30 2.27 -1.13 1.00 0.00
0.30 2.27 -0.95 1.00 0.00
0.30 2.27 -0.78 1.00 0.00
0.30 2.27 -0.60 1.00 0.00
0.30 2.27 -0.43 1.00 0.00
0.30 2.27 -0.25 1.00 0.00
0.30 2.27 -0.08 1.00 0.00
0.30 2.27 0.09 1.00 0.00
0.30 2.27 0.27 1.00 0.00
0.30 2.27 0.44 1.00 0.00
0.30 2.27 0.62 1.00 0.00
0.30 2.27 0.79 1.00 0.00
0.30 2.27 0.97 1.00 0.00
0.30 2.27 1.14 1.00 0.00
0.30 2.27 1.32 1.00 0.00
0.30 2.27 1.49 1.00 0.00
0.30 2.27 1.67 1.00 0.00
0.30 2.27 1.84 1.00 0.00
0.50 2.27 -1.11 1.00 0.00
0.50 2.27 -0.94 1.00 0.00
0.50 2.27 -0.76 1.00 0.00
0.50 2.27 -0.59 1.00 0.00
0.50 2.27 -0.41 1.00 0.00
0.50 2.27 -0.24 1.00 0.00
0.50 2.27 -0.07 1.00 0.00
0.50 2.27 0.11 1.00 0.00
0.50 2.27 0.28 1.00 0.00
0.50 2.27 0.46 1.00 0.00
0.50 2.27 0.63 1.00 0.00
0.50 2.27 0.81 1.00 0.00
0.50 2.27 0.98 1.00 0.00
0.50 2.27 1.16 1.00 0.00
0.50 2.27 1.33 1.00 0.00
0.50 2.27 1.51 1.00 0.00
0.50 2.27 1.68 1.00 0.00
0.50 2.27 1.85 1.00 0.00
0.70 2.27 -1.10 1.00 0.00
0.70 2.27 -0.92 1.00 0.00
0.70 2.27 -0.75 1.00 0.00
0.70 2.27 -0.58 1.00 0.00
0.70 2.27 -0.40 1.00 0.00
0.70 2.27 -0.23 1.00 0.00
0.70 2.27 -0.05 1.00 0.00
0.70 2.27 0.12 1.00 0.00
0.70 2.27 0.30 1.00 0.00
0.70 2.27 0.47 1.00 0.00
0.70 2.27 0.65 1.00 0.00
0.70 2.27 0.82 1.00 0.00
0.70 2.27 0.99 1.00 0.00
0.70 2.27 1.17 1.00 0.00
0.70 2.27 1.34 1.00 0.00
0.70 2.27 1.52 1.00 0.00
0.70 2.27 1.69 1.00 0.00
0.70 2.27 1.87 1.00 0.00
0.90 2.27 -1.09 1.00 0.00
0.90 2.27 -0.91 1.00 0.00
0.90 2.27 -0.74 1.00 0.00
0.90 2.27 -0.56 1.00 0.00
0.90 2.27 -0.39 1.00 0.00
0.90 2.27 -0.21 1.00 0.00
0.90 2.27 -0.04 1.00 0.00
0.90 2.27 0.13 1.00 0.00
0.90 2.27 0.31 1.00 0.00
0.90 2.27 0.48 1.00 0.00
0.90 2.27 0.66 1.00 0.00
0.90 2.27 0.83 1.00 0.00
0.90 2.27 1.01 1.00 0.00
0.90 2.27 1.18 1.00 0.00
0.90 2.27 1.36 1.00 0.00
0.90 2.27 1.53 1.00 0.00
0.90 2.27 1.71 1.00 0.00
0.90 2.27 1.88 1.00 0.00
1.10 2.27 -1.07 1.00 0.00
1.10 2.27 -0.90 1.00 0.00
1.10 2.27 -0.73 1.00 0.00
1.10 2.27 -0.55 1.00 0.00
1.10 2.27 -0.38 1.00 0.00
1.10 2.27 -0.20 1.00 0.00
1.10 2.27 -0.03 1.00 0.00
1.10 2.27 0.15 1.00 0.00
1.10 2.27 0.32 1.00 0.00
1.10 2.27 0.50 1.00 0.00
1.10 2.27 0.67 1.00 0.00
1.10 2.27 0.84 1.00 0.00
1.10 2.27 1.02 1.00 0.00
1.10 2.27 1.19 1.00 0.00
1.10 2.27 1.37 1.00 0.00
1.10 2.27 1.54 1.00 0.00
1.10 2.27 1.72 1.00 0.00
1.10 2.27 1.89 1.00 0.00
0.30 2.44 -1.14 1.00 0.00
0.30 2.44 -0.96 1.00 0.00
0.30 2.44 -0.79 1.00 0.00
0.30 2.44 -0.61 1.00 0.00
0.30 2.44 -0.44 1.00 0.00
0.30 2.44 -0.26 1.00 0.00
0.30 2.44 -0.09 1.00 0.00
0.30 2.44 0.09 1.00 0.00
0.30 2.44 0.26 1.00 0.00
0.30 2.44 0.43 1.00 0.00
0.30 2.44 0.61 1.00 0.00
0.30 2.44 0.78 1.00 0.00
0.30 2.44 0.96 1.00 0.00
0.30 2.44 1.13 1.00 0.00
0.30 2.44 1.31 1.00 0.00
0.30 2.44 1.48 1.00 0.00
0.30 2.44 1.66 1.00 0.00
0.30 2.44 1.83 1.00 0.00
0.50 2.44 -1.13 1.00 0.00
0.50 2.44 -0.95 1.00 0.00
0.50 2.44 -0.78 1.00 0.00
0.50 2.44 -0.60 1.00 0.00
0.50 2.44 -0.43 1.00 0.00
0.50 2.44 -0.25 1.00 0.00
0.50 2.44 -0.08 1.00 0.00
0.50 2.44 0.09 1.00 0.00
0.50 2.44 0.27 1.00 0.00
0.50 2.44 0.44 1.00 0.00
0.50 2.44 0.62 1.00 0.00
0.50 2.44 0.79 1.00 0.00
0.50 2.44 0.97 1.00 0.00
0.50 2.44 1.14 1.00 0.00
0.50 2.44 1.32 1.00 0.00
0.50 2.44 1.49 1.00 0.00
0.50 2.44 1.67 1.00 0.00
0.50 2.44 1.84 1.00 0.00
0.70 2.44 -1.12 1.00 0.00
0.70 2.44 -0.94 1.00 0.00
0.70 2.44 -0.77 1.00 0.00
0.70 2.44 -0.60 1.00 0.00
0.70 2.44 -0.42 1.00 0.00
0.70 2.44 -0.25 1.00 0.00
0.70 2.44 -0.07 1.00 0.00
0.70 2.44 0.10 1.00 0.00
0.70 2.44 0.28 1.00 0.00
0.70 2.44 0.45 1.00 0.00
0.70 2.44 0.63 1.00 0.00
0.70 2.44 0.80 1.00 0.00
0.70 2.44 0.98 1.00 0.00
0.70 2.44 1.15 1.00 0.00
0.70 2.44 1.32 1.00 0.00
0.70 2.44 1.50 1.00 0.00
0.70 2.44 1.67 1.00 0.00
0.70 2.44 1.85 1.00 0.00
0.90 2.44 -1.11 1.00 0.00
0.90 2.44 -0.94 1.00 0.00
0.90 2.44 -0.76 1.00 0.00
0.90 2.44 -0.59 1.00 0.00
0.90 2.44 -0.41 1.00 0.00
0.90 2.44 -0.24 1.00 0.00
0.90 2.44 -0.06 1.00 0.00
0.90 2.44 0.11 1.00 0.00
0.90 2.44 0.29 1.00 0.00
0.90 2.44 0.46 1.00 0.00
0.90 2.44 0.63 1.00 0.00
0.90 2.44 0.81 1.00 0.00
0.90 2.44 0.98 1.00 0.00
0.90 2.44 1.16 1.00 0.00
0.90 2.44 1.33 1.00 0.00
0.90 2.44 1.51 1.00 0.00
0.90 2.44 1.68 1.00 0.00
0.90 2.44 1.86 1.00 0.00
1.10 2.44 -1.10 1.00 0.00
1.10 2.44 -0.93 1.00 0.00
1.10 2.44 -0.75 1.00 0.00
1.10 2.44 -0.58 1.00 0.00
1.10 2.44 -0.41 1.00 0.00
1.10 2.44 -0.23 1.00 0.00
1.10 2.44 -0.06 1.00 0.00
1.10 2.44 0.12 1.00 0.00
1.10 2.44 0.29 1.00 0.00
1.10 2.44 0.47 1.00 0.00
1.10 2.44 0.64 1.00 0.00
1.10 2.44 0.82 1.00 0.00
1.10 2.44 0.99 1.00 0.00
1.10 2.44 1.17 1.00 0.00
1.10 2.44 1.34 1.00 0.00
1.10 2.44 1.51 1.00 0.00
1.10 2.44 1.69 1.00 0.00
1.10 2.44 1.86 1.00 0.00
0.30 2.62 -1.15 1.00 0.00
0.30 2.62 -0.97 1.00 0.00
0.30 2.62 -0.80 1.00 0.00
0.30 2.62 -0.62 1.00 0.00
0.30 2.62 -0.45 1.00 0.00
0.30 2.62 -0.27 1.00 0.00
0.30 2.62 -0.10 1.00 0.00
0.30 2.62 0.08 1.00 0.00
0.30 2.62 0.25 1.00 0.00
0.30 2.62 0.43 1.00 0.00
0.30 2.62 0.60 1.00 0.00
0.30 2.62 0.77 1.00 0.00
0.30 2.62 0.95 1.00 0.00
0.30 2.62 1.12 1.00 0.00
0.30 2.62 1.30 1.00 0.00
0.30 2.62 1.47 1.00 0.00
0.30 2.62 1.65 1.00 0.00
0.30 2.62 1.82 1.00 0.00
0.50 2.62 -1.14 1.00 0.00
0.50 2.62 -0.97 1.00 0.00
0.50 2.62 -0.79 1.00 0.00
0.50 2.62 -0.62 1.00 0.00
0.50 2.62 -0.44 1.00 0.00
0.50 2.62 -0.27 1.00 0.00
0.50 2.62 -0.09 1.00 0.00
0.50 2.62 0.08 1.00 0.00
0.50 2.62 0.25 1.00 0.00
0.50 2.62 0.43 1.00 0.00
0.50 2.62 0.60 1.00 0.00
0.50 2.62 0.78 1.00 0.00
0.50 2.62 0.95 1.00 0.00
0.50 2.62 1.13 1.00 0.00
0.50 2.62 1.30 1.00 0.00
0.50 2.62 1.48 1.00 0.00
0.50 2.62 1.65 1.00 0.00
0.50 2.62 1.83 1.00 0.00
0.70 2.62 -1.14 1.00 0.00
0.70 2.62 -0.96 1.00 0.00
0.70 2.62 -0.79 1.00 0.00
0.70 2.62 -0.62 1.00 0.00
0.70 2.62 -0.44 1.00 0.00
0.70 2.62 -0.27 1.00 0.00
0.70 2.62 -0.09 1.00 0.00
0.70 2.62 0.08 1.00 0.00
0.70 2.62 0.26 1.00 0.00
0.70 2.62 0.43 1.00 0.00
0.70 2.62 0.61 1.00 0.00
0.70 2.62 0.78 1.00 0.00
0.70 2.62 0.96 1.00 0.00
0.70 2.62 1.13 1.00 0.00
0.70 2.62 1.30 1.00 0.00
0.70 2.62 1.48 1.00 0.00
0.70 2.62 1.65 1.00 0.00
0.70 2.62 1.83 1.00 0.00
0.90 2.62 -1.14 1.00 0.00
0.90 2.62 -0.96 1.00 0.00
0.90 2.62 -0.79 1.00 0.00
0.90 2.62 -0.61 1.00 0.00
0.90 2.62 -0.44 1.00 0.00
0.90 2.62 -0.26 1.00 0.00
0.90 2.62 -0.09 1.00 0.00
0.90 2.62 0.09 1.00 0.00
0.90 2.62 0.26 1.00 0.00
0.90 2.62 0.44 1.00 0.00
0.90 2.62 0.61 1.00 0.00
0.90 2.62 0.78 1.00 0.00
0.90 2.62 0.96 1.00 0.00
0.90 2.62 1.13 1.00 0.00
0.90 2.62 1.31 1.00 0.00
0.90 2.62 1.48 1.00 0.00
0.90 2.62 1.66 1.00 0.00
0.90 2.62 1.83 1.00 0.00
1.10 2.62 -1.13 1.00 0.00
1.10 2.62 -0.96 1.00 0.00
1.10 2.62 -0.78 1.00 0.00
1.10 2.62 -0.61 1.00 0.00
1.10 2.62 -0.43 1.00 0.00
1.10 2.62 -0.26 1.00 0.00
1.10 2.62 -0.09 1.00 0.00
1.10 2.62 0.09 1.00 0.00
1.10 2.62 0.26 1.00 0.00
1.10 2.62 0.44 1.00 0.00
1.10 2.62 0.61 1.00 0.00
1.10 2.62 0.79 1.00 0.00
1.10 2.62 0.96 1.00 0.00
1.10 2.62 1.14 1.00 0.00
1.10 2.62 1.31 1.00 0.00
1.10 2.62 1.48 1.00 0.00
1.10 2.62 1.66 1.00 0.00
1.10 2.62 1.83 1.00 0.00
0.30 2.79 -1.15 1.00 0.00
0.30 2.79 -0.98 1.00 0.00
0.30 2.79 -0.81 1.00 0.00
0.30 2.79 -0.63 1.00 0.00
0.30 2.79 -0.46 1.00 0.00
0.30 2.79 -0.28 1.00 0.00
0.30 2.79 -0.11 1.00 0.00
0.30 2.79 0.07 1.00 0.00
0.30 2.79 0.24 1.00 0.00
0.30 2.79 0.42 1.00 0.00
0.30 2.79 0.59 1.00 0.00
0.30 2.79 0.77 1.00 0.00
0.30 2.79 0.94 1.00 0.00
0.30 2.79 1.11 1.00 0.00
0.30 2.79 1.29 1.00 0.00
0.30 2.79 1.46 1.00 0.00
0.30 2.79 1.64 1.00 0.00
0.30 2.79 1.81 1.00 0.00
0.50 2.79 -1.16 1.00 0.00
0.50 2.79 -0.98 1.00 0.00
0.50 2.79 -0.81 1.00 0.00
0.50 2.79 -0.63 1.00 0.00
0.50 2.79 -0.46 1.00 0.00
0.50 2.79 -0.28 1.00 0.00
0.50 2.79 -0.11 1.00 0.00
0.50 2.79 0.07 1.00 0.00
0.50 2.79 0.24 1.00 0.00
0.50 2.79 0.41 1.00 0.00
0.50 2.79 0.59 1.00 0.00
0.50 2.79 0.76 1.00 0.00
0.50 2.79 0.94 1.00 0.00
0.50 2.79 1.11 1.00 0.00
0.50 2.79 1.29 1.00 0.00
0.50 2.79 1.46 1.00 0.00
0.50 2.79 1.64 1.00 0.00
0.50 2.79 1.81 1.00 0.00
0.70 2.79 -1.16 1.00 0.00
0.70 2.79 -0.98 1.00 0.00
0.70 2.79 -0.81 1.00 0.00
0.70 2.79 -0.64 1.00 0.00
0.70 2.79 -0.46 1.00 0.00
0.70 2.79 -0.29 1.00 0.00
0.70 2.79 -0.11 1.00 0.00
0.70 2.79 0.06 1.00 0.00
0.70 2.79 0.24 1.00 0.00
0.70 2.79 0.41 1.00 0.00
0.70 2.79 0.59 1.00 0.00
0.70 2.79 0.76 1.00 0.00
0.70 2.79 0.94 1.00 0.00
0.70 2.79 1.11 1.00 0.00
0.70 2.79 1.28 1.00 0.00
0.70 2.79 1.46 1.00 0.00
0.70 2.79 1.63 1.00 0.00
0.70 2.79 1.81 1.00 0.00
0.90 2.79 -1.16 1.00 0.00
0.90 2.79 -0.99 1.00 0.00
0.90 2.79 -0.81 1.00 0.00
0.90 2.79 -0.64 1.00 0.00
0.90 2.79 -0.46 1.00 0.00
0.90 2.79 -0.29 1.00 0.00
0.90 2.79 -0.11 1.00 0.00
0.90 2.79 0.06 1.00 0.00
0.90 2.79 0.24 1.00 0.00
0.90 2.79 0.41 1.00 0.00
0.90 2.79 0.58 1.00 0.00
0.90 2.79 0.76 1.00 0.00
0.90 2.79 0.93 1.00 0.00
0.90 2.79 1.11 1.00 0.00
0.90 2.79 1.28 1.00 0.00
0.90 2.79 1.46 1.00 0.00
0.90 2.79 1.63 1.00 0.00
0.90 2.79 1.81 1.00 0.00
1.10 2.79 -1.16 1.00 0.00
1.10 2.79 -0.99 1.00 0.00
1.10 2.79 -0.81 1.00 0.00
1.10 2.79 -0.64 1.00 0.00
1.10 2.79 -0.46 1.00 0.00
1.10 2.79 -0.29 1.00 0.00
1.10 2.79 -0.12 1.00 0.00
1.10 2.79 0.06 1.00 0.00
1.10 2.79 0.23 1.00 0.00
1.10 2.79 0.41 1.00 0.00
1.10 2.79 0.58 1.00 0.00
1.10 2.79 0.76 1.00 0.00
1.10 2.79 0.93 1.00 0.00
1.10 2.79 1.11 1.00 0.00
1.10 2.79 1.28 1.00 0.00
1.10 2.79 1.46 1.00 0.00
1.10 2.79 1.63 1.00 0.00
1.10 2.79 1.80 1.00 0.00
0.30 2.97 -1.16 1.00 0.00
0.30 2.97 -0.99 1.00 0.00
0.30 2.97 -0.81 1.00 0.00
0.30 2.97 -0.64 1.00 0.00
0.30 2.97 -0.47 1.00 0.00
0.30 2.97 -0.29 1.00 0.00
0.30 2.97 -0.12 1.00 0.00
0.30 2.97 0.06 1.00 0.00
0.30 2.97 0.23 1.00 0.00
0.30 2.97 0.41 1.00 0.00
0.30 2.97 0.58 1.00 0.00
0.30 2.97 0.76 1.00 0.00
0.30 2.97 0.93 1.00 0.00
0.30 2.97 1.11 1.00 0.00
0.30 2.97 1.28 1.00 0.00
0.30 2.97 1.45 1.00 0.00
0.30 2.97 1.63 1.00 0.00
0.30 2.97 1.80 1.00 0.00
0.50 2.97 -1.17 1.00 0.00
0.50 2.97 -1.00 1.00 0.00
0.50 2.97 -0.82 1.00 0.00
0.50 2.97 -0.65 1.00 0.00
0.50 2.97 -0.47 1.00 0.00
0.50 2.97 -0.30 1.00 0.00
0.50 2.97 -0.12 1.00 0.00
0.50 2.97 0.05 1.00 0.00
0.50 2.97 0.22 1.00 0.00
0.50 2.97 0.40 1.00 0.00
0.50 2.97 0.57 1.00 0.00
0.50 2.97 0.75 1.00 0.00
0.50 2.97 0.92 1.00 0.00
0.50 2.97 1.10 1.00 0.00
0.50 2.97 1.27 1.00 0.00
0.50 2.97 1.45 1.00 0.00
0.50 2.97 1.62 1.00 0.00
0.50 2.97 1.80 1.00 0.00
0.70 2.97 -1.18 1.00 0.00
0.70 2.97 -1.00 1.00 0.00
0.70 2.97 -0.83 1.00 0.00
0.70 2.97 -0.66 1.00 0.00
0.70 2.97 -0.48 1.00 0.00
0.70 2.97 -0.31 1.00 0.00
0.70 2.97 -0.13 1.00 0.00
0.70 2.97 0.04 1.00 0.00
0.70 2.97 0.22 1.00 0.00
0.70 2.97 0.39 1.00 0.00
0.70 2.97 0.57 1.00 0.00
0.70 2.97 0.74 1.00 0.00
0.70 2.97 0.92 1.00 0.00
0.70 2.97 1.09 1.00 0.00
0.70 2.97 1.26 1.00 0.00
0.70 2.97 1.44 1.00 0.00
0.70 2.97 1.61 1.00 0.00
0.70 2.97 1.79 1.00 0.00
0.90 2.97 -1.19 1.00 0.00
0.90 2.97 -1.01 1.00 0.00
0.90 2.97 -0.84 1.00 0.00
0.90 2.97 -0.66 1.00 0.00
0.90 2.97 -0.49 1.00 0.00
0.90 2.97 -0.31 1.00 0.00
0.90 2.97 -0.14 1.00 0.00
0.90 2.97 0.04 1.00 0.00
0.90 2.97 0.21 1.00 0.00
0.90 2.97 0.38 1.00 0.00
0.90 2.97 0.56 1.00 0.00
0.90 2.97 0.73 1.00 0.00
0.90 2.97 0.91 1.00 0.00
0.90 2.97 1.08 1.00 0.00
0.90 2.97 1.26 1.00 0.00
0.90 2.97 1.43 1.00 0.00
0.90 2.97 1.61 1.00 0.00
0.90 2.97 1.78 1.00 0.00
1.10 2.97 -1.19 1.00 0.00
1.10 2.97 -1.02 1.00 0.00
1.10 2.97 -0.84 1.00 0.00
1.10 2.97 -0.67 1.00 0.00
1.10 2.97 -0.49 1.00 0.00
1.10 2.97 -0.32 1.00 0.00
1.10 2.97 -0.15 1.00 0.00
1.10 2.97 0.03 1.00 0.00
1.10 2.97 0.20 1.00 0.00
1.10 2.97 0.38 1.00 0.00
1.10 2.97 0.55 1.00 0.00
1.10 2.97 0.73 1.00 0.00
1.10 2.97 0.90 1.00 0.00
1.10 2.97 1.08 1.00 0.00
1.10 2.97 1.25 1.00 0.00
1.10 2.97 1.43 1.00 0.00
1.10 2.97 1.60 1.00 0.00
1.10 2.97 1.77 1.00 0.00
0.30 3.14 -1.17 1.00 0.00
0.30 3.14 -1.00 1.00 0.00
0.30 3.14 -0.82 1.00 0.00
0.30 3.14 -0.65 1.00 0.00
0.30 3.14 -0.47 1.00 0.00
0.30 3.14 -0.30 1.00 0.00
0.30 3.14 -0.13 1.00 0.00
0.30 3.14 0.05 1.00 0.00
0.30 3.14 0.22 1.00 0.00
0.30 3.14 0.40 1.00 0.00
0.30 3.14 0.57 1.00 0.00
0.30 3.14 0.75 1.00 0.00
0.30 3.14 0.92 1.00 0.00
0.30 3.14 1.10 1.00 0.00
0.30 3.14 1.27 1.00 0.00
0.30 3.14 1.45 1.00 0.00
0.30 3.14 1.62 1.00 0.00
0.30 3.14 1.79 1.00 0.00
0.50 3.14 -1.19 1.00 0.00
0.50 3.14 -1.01 1.00 0.00
0.50 3.14 -0.84 1.00 0.00
0.50 3.14 -0.66 1.00 0.00
0.50 3.14 -0.49 1.00 0.00
0.50 3.14 -0.31 1.00 0.00
0.50 3.14 -0.14 1.00 0.00
0.50 3.14 0.04 1.00 0.00
0.50 3.14 0.21 1.00 0.00
0.50 3.14 0.39 1.00 0.00
0.50 3.14 0.56 1.00 0.00
0.50 3.14 0.73 1.00 0.00
0.50 3.14 0.91 1.00 0.00
0.50 3.14 1.08 1.00 0.00
0.50 3.14 1.26 1.00 0.00
0.50 3.14 1.43 1.00 0.00
0.50 3.14 1.61 1.00 0.00
0.50 3.14 1.78 1.00 0.00
0.70 3.14 -1.20 1.00 0.00
0.70 3.14 -1.02 1.00 0.00
0.70 3.14 -0.85 1.00 0.00
0.70 3.14 -0.67 1.00 0.00
0.70 3.14 -0.50 1.00 0.00
0.70 3.14 -0.33 1.00 0.00
0.70 3.14 -0.15 1.00 0.00
0.70 3.14 0.02 1.00 0.00
0.70 3.14 0.20 1.00 0.00
0.70 3.14 0.37 1.00 0.00
0.70 3.14 0.55 1.00 0.00
0.70 3.14 0.72 1.00 0.00
0.70 3.14 0.90 1.00 0.00
0.70 3.14 1.07 1.00 0.00
0.70 3.14 1.25 1.00 0.00
0.70 3.14 1.42 1.00 0.00
0.70 3.14 1.59 1.00 0.00
0.70 3.14 1.77 1.00 0.00
0.90 3.14 -1.21 1.00 0.00
0.90 3.14 -1.04 1.00 0.00
0.90 3.14 -0.86 1.00 0.00
0.90 3.14 -0.69 1.00 0.00
0.90 3.14 -0.51 1.00 0.00
0.90 3.14 -0.34 1.00 0.00
0.90 3.14 -0.16 1.00 0.00
0.90 3.14 0.01 1.00 0.00
0.90 3.14 0.19 1.00 0.00
0.90 3.14 0.36 1.00 0.00
0.90 3.14 0.54 1.00 0.00
0.90 3.14 0.71 1.00 0.00
0.90 3.14 0.88 1.00 0.00
0.90 3.14 1.06 1.00 0.00
0.90 3.14 1.23 1.00 0.00
0.90 3.14 1.41 1.00 0.00
0.90 3.14 1.58 1.00 0.00
0.90 3.14 1.76 1.00 0.00
1.10 3.14 -1.22 1.00 0.00
1.10 3.14 -1.05 1.00 0.00
1.10 3.14 -0.87 1.00 0.00
1.10 3.14 -0.70 1.00 0.00
1.10 3.14 -0.52 1.00 0.00
1.10 3.14 -0.35 1.00 0.00
1.10 3.14 -0.17 1.00 0.00
1.10 3.14 0.00 1.00 0.00
1.10 3.14 0.18 1.00 0.00
1.10 3.14 0.35 1.00 0.00
1.10 3.14 0.52 1.00 0.00
1.10 3.14 0.70 1.00 0.00
1.10 3.14 0.87 1.00 0.00
1.10 3.14 1.05 1.00 0.00
1.10 3.14 1.22 1.00 0.00
1.10 3.14 1.40 1.00 0.00
1.10 3.14 1.57 1.00 0.00
1.10 3.14 1.75 1.00 0.00
0.30 3.32 -1.18 1.00 0.00
0.30 3.32 -1.01 1.00 0.00
0.30 3.32 -0.83 1.00 0.00
0.30 3.32 -0.66 1.00 0.00
0.30 3.32 -0.48 1.00 0.00
0.30 3.32 -0.31 1.00 0.00
0.30 3.32 -0.13 1.00 0.00
0.30 3.32 0.04 1.00 0.00
0.30 3.32 0.22 1.00 0.00
0.30 3.32 0.39 1.00 0.00
0.30 3.32 0.56 1.00 0.00
0.30 3.32 0.74 1.00 0.00
0.30 3.32 0.91 1.00 0.00
0.30 3.32 1.09 1.00 0.00
0.30 3.32 1.26 1.00 0.00
0.30 3.32 1.44 1.00 0.00
0.30 3.32 1.61 1.00 0.00
0.30 3.32 1.79 1.00 0.00
0.50 3.32 -1.20 1.00 0.00
0.50 3.32 -1.02 1.00 0.00
0.50 3.32 -0.85 1.00 0.00
0.50 3.32 -0.68 1.00 0.00
0.50 3.32 -0.50 1.00 0.00
0.50 3.32 -0.33 1.00 0.00
0.50 3.32 -0.15 1.00 0.00
0.50 3.32 0.02 1.00 0.00
0.50 3.32 0.20 1.00 0.00
0.50 3.32 0.37 1.00 0.00
0.50 3.32 0.55 1.00 0.00
0.50 3.32 0.72 1.00 0.00
0.50 3.32 0.90 1.00 0.00
0.50 3.32 1.07 1.00 0.00
0.50 3.32 1.24 1.00 0.00
0.50 3.32 1.42 1.00 0.00
0.50 3.32 1.59 1.00 0.00
0.50 3.32 1.77 1.00 0.00
0.70 3.32 -1.22 1.00 0.00
0.70 3.32 -1.04 1.00 0.00
0.70 3.32 -0.87 1.00 0.00
0.70 3.32 -0.69 1.00 0.00
0.70 3.32 -0.52 1.00 0.00
0.70 3.32 -0.34 1.00 0.00
0.70 3.32 -0.17 1.00 0.00
0.70 3.32 0.01 1.00 0.00
0.70 3.32 0.18 1.00 0.00
0.70 3.32 0.35 1.00 0.00
0.70 3.32 0.53 1.00 0.00
0.70 3.32 0.70 1.00 0.00
0.70 3.32 0.88 1.00 0.00
0.70 3.32 1.05 1.00 0.00
0.70 3.32 1.23 1.00 0.00
0.70 3.32 1.40 1.00 0.00
0.70 3.32 1.58 1.00 0.00
0.70 3.32 1.75 1.00 0.00
0.90 3.32 -1.23 1.00 0.00
0.90 3.32 -1.06 1.00 0.00
0.90 3.32 -0.88 1.00 0.00
0.90 3.32 -0.71 1.00 0.00
0.90 3.32 -0.54 1.00 0.00
0.90 3.32 -0.36 1.00 0.00
0.90 3.32 -0.19 1.00 0.00
0.90 3.32 -0.01 1.00 0.00
0.90 3.32 0.16 1.00 0.00
0.90 3.32 0.34 1.00 0.00
0.90 3.32 0.51 1.00 0.00
0.90 3.32 0.69 1.00 0.00
0.90 3.32 0.86 1.00 0.00
0.90 3.32 1.04 1.00 0.00
0.90 3.32 1.21 1.00 0.00
0.90 3.32 1.38 1.00 0.00
0.90 3.32 1.56 1.00 0.00
0.90 3.32 1.73 1.00 0.00
1.10 3.32 -1.25 1.00 0.00
1.10 3.32 -1.07 1.00 0.00
1.10 3.32 -0.90 1.00 0.00
1.10 3.32 -0.73 1.00 0.00
1.10 3.32 -0.55 1.00 0.00
1.10 3.32 -0.38 1.00 0.00
1.10 3.32 -0.20 1.00 0.00
1.10 3.32 -0.03 1.00 0.00
1.10 3.32 0.15 1.00 0.00
1.10 3.32 0.32 1.00 0.00
1.10 3.32 0.50 1.00 0.00
1.10 3.32 0.67 1.00 0.00
1.10 3.32 0.85 1.00 0.00
1.10 3.32 1.02 1.00 0.00
1.10 3.32 1.19 1.00 0.00
1.10 3.32 1.37 1.00 0.00
1.10 3.32 1.54 1.00 0.00
1.10 3.32 1.72 1.00 0.00
0.30 3.49 -1.19 1.00 0.00
0.30 3.49 -1.01 1.00 0.00
0.30 3.49 -0.84 1.00 0.00
0.30 3.49 -0.66 1.00 0.00
0.30 3.49 -0.49 1.00 0.00
0.30 3.49 -0.32 1.00 0.00
0.30 3.49 -0.14 1.00 0.00
0.30 3.49 0.03 1.00 0.00
0.30 3.49 0.21 1.00 0.00
0.30 3.49 0.38 1.00 0.00
0.30 3.49 0.56 1.00 0.00
0.30 3.49 0.73 1.00 0.00
0.30 3.49 0.91 1.00 0.00
0.30 3.49 1.08 1.00 0.00
0.30 3.49 1.26 1.00 0.00
0.30 3.49 1.43 1.00 0.00
0.30 3.49 1.60 1.00 0.00
0.30 3.49 1.78 1.00 0.00
0.50 3.49 -1.21 1.00 0.00
0.50 3.49 -1.04 1.00 0.00
0.50 3.49 -0.86 1.00 0.00
0.50 3.49 -0.69 1.00 0.00
0.50 3.49 -0.51 1.00 0.00
0.50 3.49 -0.34 1.00 0.00
0.50 3.49 -0.16 1.00 0.00
0.50 3.49 0.01 1.00 0.00
0.50 3.49 0.18 1.00 0.00
0.50 3.49 0.36 1.00 0.00
0.50 3.49 0.53 1.00 0.00
0.50 3.49 0.71 1.00 0.00
0.50 3.49 0.88 1.00 0.00
0.50 3.49 1.06 1.00 0.00
0.50 3.49 1.23 1.00 0.00
0.50 3.49 1.41 1.00 0.00
0.50 3.49 1.58 1.00 0.00
0.50 3.49 1.76 1.00 0.00
0.70 3.49 -1.23 1.00 0.00
0.70 3.49 -1.06 1.00 0.00
0.70 3.49 -0.88 1.00 0.00
0.70 3.49 -0.71 1.00 0.00
0.70 3.49 -0.54 1.00 0.00
0.70 3.49 -0.36 1.00 0.00
0.70 3.49 -0.19 1.00 0.00
0.70 3.49 -0.01 1.00 0.00
0.70 3.49 0.16 1.00 0.00
0.70 3.49 0.34 1.00 0.00
0.70 3.49 0.51 1.00 0.00
0.70 3.49 0.69 1.00 0.00
0.70 3.49 0.86 1.00 0.00
0.70 3.49 1.04 1.00 0.00
0.70 3.49 1.21 1.00 0.00
0.70 3.49 1.38 1.00 0.00
0.70 3.49 1.56 1.00 0.00
0.70 3.49 1.73 1.00 0.00
0.90 3.49 -1.25 1.00 0.00
0.90 3.49 -1.08 1.00 0.00
0.90 3.49 -0.91 1.00 0.00
0.90 3.49 -0.73 1.00 0.00
0.90 3.49 -0.56 1.00 0.00
0.90 3.49 -0.38 1.00 0.00
0.90 3.49 -0.21 1.00 0.00
0.90 3.49 -0.03 1.00 0.00
0.90 3.49 0.14 1.00 0.00
0.90 3.49 0.32 1.00 0.00
0.90 3.49 0.49 1.00 0.00
0.90 3.49 0.67 1.00 0.00
0.90 3.49 0.84 1.00 0.00
0.90 3.49 1.01 1.00 0.00
0.90 3.49 1.19 1.00 0.00
0.90 3.49 1.36 1.00 0.00
0.90 3.49 1.54 1.00 0.00
0.90 3.49 1.71 1.00 0.00
1.10 3.49 -1.27 1.00 0.00
1.10 3.49 -1.10 1.00 0.00
1.10 3.49 -0.93 1.00 0.00
1.10 3.49 -0.75 1.00 0.00
1.10 3.49 -0.58 1.00 0.00
1.10 3.49 -0.40 1.00 0.00
1.10 3.49 -0.23 1.00 0.00
1.10 3.49 -0.05 1.00 0.00
1.10 3.49 0.12 1.00 0.00
1.10 3.49 0.30 1.00 0.00
1.10 3.49 0.47 1.00 0.00
1.10 3.49 0.65 1.00 0.00
1.10 3.49 0.82 1.00 0.00
1.10 3.49 0.99 1.00 0.00
1.10 3.49 1.17 1.00 0.00
1.10 3.49 1.34 1.00 0.00
1.10 3.49 1.52 1.00 0.00
1.10 3.49 1.69 1.00 0.00
0.30 3.67 -1.19 1.00 0.00
0.30 3.67 -1.02 1.00 0.00
0.30 3.67 -0.85 1.00 0.00
0.30 3.67 -0.67 1.00 0.00
0.30 3.67 -0.50 1.00 0.00
0.30 3.67 -0.32 1.00 0.00
0.30 3.67 -0.15 1.00 0.00
0.30 3.67 0.03 1.00 0.00
0.30 3.67 0.20 1.00 0.00
0.30 3.67 0.38 1.00 0.00
0.30 3.67 0.55 1.00 0.00
0.30 3.67 0.73 1.00 0.00
0.30 3.67 0.90 1.00 0.00
0.30 3.67 1.07 1.00 0.00
0.30 3.67 1.25 1.00 0.00
0.30 3.67 1.42 1.00 0.00
0.30 3.67 1.60 1.00 0.00
0.30 3.67 1.77 1.00 0.00
0.50 3.67 -1.22 1.00 0.00
0.50 3.67 -1.05 1.00 0.00
0.50 3.67 -0.87 1.00 0.00
0.50 3.67 -0.70 1.00 0.00
0.50 3.67 -0.52 1.00 0.00
0.50 3.67 -0.35 1.00 0.00
0.50 3.67 -0.18 1.00 0.00
0.50 3.67 -0.00 1.00 0.00
0.50 3.67 0.17 1.00 0.00
0.50 3.67 0.35 1.00 0.00
0.50 3.67 0.52 1.00 0.00
0.50 3.67 0.70 1.00 0.00
0.50 3.67 0.87 1.00 0.00
0.50 3.67 1.05 1.00 0.00
0.50 3.67 1.22 1.00 0.00
0.50 3.67 1.40 1.00 0.00
0.50 3.67 1.57 1.00 0.00
0.50 3.67 1.74 1.00 0.00
0.70 3.67 -1.25 1.00 0.00
0.70 3.67 -1.07 1.00 0.00
0.70 3.67 -0.90 1.00 0.00
0.70 3.67 -0.73 1.00 0.00
0.70 3.67 -0.55 1.00 0.00
0.70 3.67 -0.38 1.00 0.00
0.70 3.67 -0.20 1.00 0.00
0.70 3.67 -0.03 1.00 0.00
0.70 3.67 0.15 1.00 0.00
0.70 3.67 0.32 1.00 0.00
0.70 3.67 0.50 1.00 0.00
0.70 3.67 0.67 1.00 0.00
0.70 3.67 0.85 1.00 0.00
0.70 3.67 1.02 1.00 0.00
0.70 3.67 1.19 1.00 0.00
0.70 3.67 1.37 1.00 0.00
0.70 3.67 1.54 1.00 0.00
0.70 3.67 1.72 1.00 0.00
0.90 3.67 -1.27 1.00 0.00
0.90 3.67 -1.10 1.00 0.00
0.90 3.67 -0.92 1.00 0.00
0.90 3.67 -0.75 1.00 0.00
0.90 3.67 -0.58 1.00 0.00
0.90 3.67 -0.40 1.00 0.00
0.90 3.67 -0.23 1.00 0.00
0.90 3.67 -0.05 1.00 0.00
0.90 3.67 0.12 1.00 0.00
0.90 3.67 0.30 1.00 0.00
0.90 3.67 0.47 1.00 0.00
0.90 3.67 0.65 1.00 0.00
0.90 3.67 0.82 1.00 0.00
0.90 3.67 0.99 1.00 0.00
0.90 3.67 1.17 1.00 0.00
0.90 3.67 1.34 1.00 0.00
0.90 3.67 1.52 1.00 0.00
0.90 3.67 1.69 1.00 0.00
1.10 3.67 -1.30 1.00 0.00
1.10 3.67 -1.12 1.00 0.00
1.10 3.67 -0.95 1.00 0.00
1.10 3.67 -0.77 1.00 0.00
1.10 3.67 -0.60 1.00 0.00
1.10 3.67 -0.43 1.00 0.00
1.10 3.67 -0.25 1.00 0.00
1.10 3.67 -0.08 1.00 0.00
1.10 3.67 0.10 1.00 0.00
1.10 3.67 0.27 1.00 0.00
1.10 3.67 0.45 1.00 0.00
1.10 3.67 0.62 1.00 0.00
1.10 3.67 0.80 1.00 0.00
1.10 3.67 0.97 1.00 0.00
1.10 3.67 1.15 1.00 0.00
1.10 3.67 1.32 1.00 0.00
1.10 3.67 1.49 1.00 0.00
1.10 3.67 1.67 1.00 0.00
0.30 3.84 -1.20 1.00 0.00
0.30 3.84 -1.03 1.00 0.00
0.30 3.84 -0.85 1.00 0.00
0.30 3.84 -0.68 1.00 0.00
0.30 3.84 -0.50 1.00 0.00
0.30 3.84 -0.33 1.00 0.00
0.30 3.84 -0.15 1.00 0.00
0.30 3.84 0.02 1.00 0.00
0.30 3.84 0.20 1.00 0.00
0.30 3.84 0.37 1.00 0.00
0.30 3.84 0.55 1.00 0.00
0.30 3.84 0.72 1.00 0.00
0.30 3.84 0.89 1.00 0.00
0.30 3.84 1.07 1.00 0.00
0.30 3.84 1.24 1.00 0.00
0.30 3.84 1.42 1.00 0.00
0.30 3.84 1.59 1.00 0.00
0.30 3.84 1.77 1.00 0.00
0.50 3.84 -1.23 1.00 0.00
0.50 3.84 -1.06 1.00 0.00
0.50 3.84 -0.88 1.00 0.00
0.50 3.84 -0.71 1.00 0.00
0.50 3.84 -0.53 1.00 0.00
0.50 3.84 -0.36 1.00 0.00
0.50 3.84 -0.18 1.00 0.00
0.50 3.84 -0.01 1.00 0.00
0.50 3.84 0.17 1.00 0.00
0.50 3.84 0.34 1.00 0.00
0.50 3.84 0.51 1.00 0.00
0.50 3.84 0.69 1.00 0.00
0.50 3.84 0.86 1.00 0.00
0.50 3.84 1.04 1.00 0.00
0.50 3.84 1.21 1.00 0.00
0.50 3.84 1.39 1.00 0.00
0.50 3.84 1.56 1.00 0.00
0.50 3.84 1.74 1.00 0.00
0.70 3.84 -1.26 1.00 0.00
0.70 3.84 -1.09 1.00 0.00
0.70 3.84 -0.91 1.00 0.00
0.70 3.84 -0.74 1.00 0.00
0.70 3.84 -0.56 1.00 0.00
0.70 3.84 -0.39 1.00 0.00
0.70 3.84 -0.21 1.00 0.00
0.70 3.84 -0.04 1.00 0.00
0.70 3.84 0.13 1.00 0.00
0.70 3.84 0.31 1.00 0.00
0.70 3.84 0.48 1.00 0.00
0.70 3.84 0.66 1.00 0.00
0.70 3.84 0.83 1.00 0.00
0.70 3.84 1.01 1.00 0.00
0.70 3.84 1.18 1.00 0.00
0.70 3.84 1.36 1.00 0.00
0.70 3.84 1.53 1.00 0.00
0.70 3.84 1.71 1.00 0.00
0.90 3.84 -1.29 1.00 0.00
0.90 3.84 -1.12 1.00 0.00
0.90 3.84 -0.94 1.00 0.00
0.90 3.84 -0.77 1.00 0.00
0.90 3.84 -0.59 1.00 0.00
0.90 3.84 -0.42 1.00 0.00
0.90 3.84 -0.24 1.00 0.00
0.90 3.84 -0.07 1.00 0.00
0.90 3.84 0.11 1.00 0.00
0.90 3.84 0.28 1.00 0.00
0.90 3.84 0.45 1.00 0.00
0.90 3.84 0.63 1.00 0.00
0.90 3.84 0.80 1.00 0.00
0.90 3.84 0.98 1.00 0.00
0.90 3.84 1.15 1.00 0.00
0.90 3.84 1.33 1.00 0.00
0.90 3.84 1.50 1.00 0.00
0.90 3.84 1.68 1.00 0.00
1.10 3.84 -1.32 1.00 0.00
1.10 3.84 -1.14 1.00 0.00
1.10 3.84 -0.97 1.00 0.00
1.10 3.84 -0.80 1.00 0.00
1.10 3.84 -0.62 1.00 0.00
1.10 3.84 -0.45 1.00 0.00
1.10 3.84 -0.27 1.00 0.00
1.10 3.84 -0.10 1.00 0.00
1.10 3.84 0.08 1.00 0.00
1.10 3.84 0.25 1.00 0.00
1.10 3.84 0.43 1.00 0.00
1.10 3.84 0.60 1.00 0.00
1.10 3.84 0.78 1.00 0.00
1.10 3.84 0.95 1.00 0.00
1.10 3.84 1.12 1.00 0.00
1.10 3.84 1.30 1.00 0.00
1.10 3.84 1.47 1.00 0.00
1.10 3.84 1.65 1.00 0.00
0.30 4.01 -1.20 1.00 0.00
0.30 4.01 -1.03 1.00 0.00
0.30 4.01 -0.85 1.00 0.00
0.30 4.01 -0.68 1.00 0.00
0.30 4.01 -0.51 1.00 0.00
0.30 4.01 -0.33 1.00 0.00
0.30 4.01 -0.16 1.00 0.00
0.30 4.01 0.02 1.00 0.00
0.30 4.01 0.19 1.00 0.00
0.30 4.01 0.37 1.00 0.00
0.30 4.01 0.54 1.00 0.00
0.30 4.01 0.72 1.00 0.00
0.30 4.01 0.89 1.00 0.00
0.30 4.01 1.07 1.00 0.00
0.30 4.01 1.24 1.00 0.00
0.30 4.01 1.41 1.00 0.00
0.30 4.01 1.59 1.00 0.00
0.30 4.01 1.76 1.00 0.00
0.50 4.01 -1.24 1.00 0.00
0.50 4.01 -1.06 1.00 0.00
0.50 4.01 -0.89 1.00 0.00
0.50 4.01 -0.71 1.00 0.00
0.50 4.01 -0.54 1.00 0.00
0.50 4.01 -0.37 1.00 0.00
0.50 4.01 -0.19 1.00 0.00
0.50 4.01 -0.02 1.00 0.00
0.50 4.01 0.16 1.00 0.00
0.50 4.01 0.33 1.00 0.00
0.50 4.01 0.51 1.00 0.00
0.50 4.01 0.68 1.00 0.00
0.50 4.01 0.86 1.00 0.00
0.50 4.01 1.03 1.00 0.00
0.50 4.01 1.21 1.00 0.00
0.50 4.01 1.38 1.00 0.00
0.50 4.01 1.55 1.00 0.00
0.50 4.01 1.73 1.00 0.00
0.70 4.01 -1.27 1.00 0.00
0.70 4.01 -1.10 1.00 0.00
0.70 4.01 -0.92 1.00 0.00
0.70 4.01 -0.75 1.00 0.00
0.70 4.01 -0.57 1.00 0.00
0.70 4.01 -0.40 1.00 0.00
0.70 4.01 -0.22 1.00 0.00
0.70 4.01 -0.05 1.00 0.00
0.70 4.01 0.12 1.00 0.00
0.70 4.01 0.30 1.00 0.00
0.70 4.01 0.47 1.00 0.00
0.70 4.01 0.65 1.00 0.00
0.70 4.01 0.82 1.00 0.00
0.70 4.01 1.00 1.00 0.00
0.70 4.01 1.17 1.00 0.00
0.70 4.01 1.35 1.00 0.00
0.70 4.01 1.52 1.00 0.00
0.70 4.01 1.70 1.00 0.00
0.90 4.01 -1.30 1.00 0.00
0.90 4.01 -1.13 1.00 0.00
0.90 4.01 -0.96 1.00 0.00
0.90 4.01 -0.78 1.00 0.00
0.90 4.01 -0.61 1.00 0.00
0.90 4.01 -0.43 1.00 0.00
0.90 4.01 -0.26 1.00 0.00
0.90 4.01 -0.08 1.00 0.00
0.90 4.01 0.09 1.00 0.00
0.90 4.01 0.27 1.00 0.00
0.90 4.01 0.44 1.00 0.00
0.90 4.01 0.62 1.00 0.00
0.90 4.01 0.79 1.00 0.00
0.90 4.01 0.96 1.00 0.00
0.90 4.01 1.14 1.00 0.00
0.90 4.01 1.31 1.00 0.00
0.90 4.01 1.49 1.00 0.00
0.90 4.01 1.66 1.00 0.00
1.10 4.01 -1.34 1.00 0.00
1.10 4.01 -1.16 1.00 0.00
1.10 4.01 -0.99 1.00 0.00
1.10 4.01 -0.81 1.00 0.00
1.10 4.01 -0.64 1.00 0.00
1.10 4.01 -0.46 1.00 0.00
1.10 4.01 -0.29 1.00 0.00
1.10 4.01 -0.11 1.00 0.00
1.10 4.01 0.06 1.00 0.00
1.10 4.01 0.24 1.00 0.00
1.10 4.01 0.41 1.00 0.00
1.10 4.01 0.58 1.00 0.00
1.10 4.01 0.76 1.00 0.00
1.10 4.01 0.93 1.00 0.00
1.10 4.01 1.11 1.00 0.00
1.10 4.01 1.28 1.00 0.00
1.10 4.01 1.46 1.00 0.00
1.10 4.01 1.63 1.00 0.00
0.30 4.19 -1.21 1.00 0.00
0.30 4.19 -1.03 1.00 0.00
0.30 4.19 -0.86 1.00 0.00
0.30 4.19 -0.68 1.00 0.00
0.30 4.19 -0.51 1.00 0.00
0.30 4.19 -0.33 1.00 0.00
0.30 4.19 -0.16 1.00 0.00
0.30 4.19 0.02 1.00 0.00
0.30 4.19 0.19 1.00 0.00
0.30 4.19 0.36 1.00 0.00
0.30 4.19 0.54 1.00 0.00
0.30 4.19 0.71 1.00 0.00
0.30 4.19 0.89 1.00 0.00
0.30 4.19 1.06 1.00 0.00
0.30 4.19 1.24 1.00 0.00
0.30 4.19 1.41 1.00 0.00
0.30 4.19 1.59 1.00 0.00
0.30 4.19 1.76 1.00 0.00
0.50 4.19 -1.24 1.00 0.00
0.50 4.19 -1.07 1.00 0.00
0.50 4.19 -0.89 1.00 0.00
0.50 4.19 -0.72 1.00 0.00
0.50 4.19 -0.54 1.00 0.00
0.50 4.19 -0.37 1.00 0.00
0.50 4.19 -0.20 1.00 0.00
0.50 4.19 -0.02 1.00 0.00
0.50 4.19 0.15 1.00 0.00
0.50 4.19 0.33 1.00 0.00
0.50 4.19 0.50 1.00 0.00
0.50 4.19 0.68 1.00 0.00
0.50 4.19 0.85 1.00 0.00
0.50 4.19 1.03 1.00 0.00
0.50 4.19 1.20 1.00 0.00
0.50 4.19 1.38 1.00 0.00
0.50 4.19 1.55 1.00 0.00
0.50 4.19 1.72 1.00 0.00
0.70 4.19 -1.28 1.00 0.00
0.70 4.19 -1.10 1.00 0.00
0.70 4.19 -0.93 1.00 0.00
0.70 4.19 -0.75 1.00 0.00
0.70 4.19 -0.58 1.00 0.00
0.70 4.19 -0.41 1.00 0.00
0.70 4.19 -0.23 1.00 0.00
0.70 4.19 -0.06 1.00 0.00
0.70 4.19 0.12 1.00 0.00
0.70 4.19 0.29 1.00 0.00
0.70 4.19 0.47 1.00 0.00
0.70 4.19 0.64 1.00 0.00
0.70 4.19 0.82 1.00 0.00
0.70 4.19 0.99 1.00 0.00
0.70 4.19 1.17 1.00 0.00
0.70 4.19 1.34 1.00 0.00
0.70 4.19 1.51 1.00 0.00
0.70 4.19 1.69 1.00 0.00
0.90 4.19 -1.31 1.00 0.00
0.90 4.19 -1.14 1.00 0.00
0.90 4.19 -0.96 1.00 0.00
0.90 4.19 -0.79 1.00 0.00
0.90 4.19 -0.62 1.00 0.00
0.90 4.19 -0.44 1.00 0.00
0.90 4.19 -0.27 1.00 0.00
0.90 4.19 -0.09 1.00 0.00
0.90 4.19 0.08 1.00 0.00
0.90 4.19 0.26 1.00 0.00
0.90 4.19 0.43 1.00 0.00
0.90 4.19 0.61 1.00 0.00
0.90 4.19 0.78 1.00 0.00
0.90 4.19 0.96 1.00 0.00
0.90 4.19 1.13 1.00 0.00
0.90 4.19 1.30 1.00 0.00
0.90 4.19 1.48 1.00 0.00
0.90 4.19 1.65 1.00 0.00
1.10 4.19 -1.35 1.00 0.00
1.10 4.19 -1.17 1.00 0.00
1.10 4.19 -1.00 1.00 0.00
1.10 4.19 -0.82 1.00 0.00
1.10 4.19 -0.65 1.00 0.00
1.10 4.19 -0.48 1.00 0.00
1.10 4.19 -0.30 1.00 0.00
1.10 4.19 -0.13 1.00 0.00
1.10 4.19 0.05 1.00 0.00
1.10 4.19 0.22 1.00 0.00
1.10 4.19 0.40 1.00 0.00
1.10 4.19 0.57 1.00 0.00
1.10 4.19 0.75 1.00 0.00
1.10 4.19 0.92 1.00 0.00
1.10 4.19 1.10 1.00 0.00
1.10 4.19 1.27 1.00 0.00
1.10 4.19 1.44 1.00 0.00
1.10 4.19 1.62 1.00 0.00
0.30 4.36 -1.21 1.00 0.00
0.30 4.36 -1.03 1.00 0.00
0.30 4.36 -0.86 1.00 0.00
0.30 4.36 -0.68 1.00 0.00
0.30 4.36 -0.51 1.00 0.00
0.30 4.36 -0.33 1.00 0.00
0.30 4.36 -0.16 1.00 0.00
0.30 4.36 0.01 1.00 0.00
0.30 4.36 0.19 1.00 0.00
0.30 4.36 0.36 1.00 0.00
0.30 4.36 0.54 1.00 0.00
0.30 4.36 0.71 1.00 0.00
0.30 4.36 0.89 1.00 0.00
0.30 4.36 1.06 1.00 0.00
0.30 4.36 1.24 1.00 0.00
0.30 4.36 1.41 1.00 0.00
0.30 4.36 1.59 1.00 0.00
0.30 4.36 1.76 1.00 0.00
0.50 4.36 -1.24 1.00 0.00
0.50 4.36 -1.07 1.00 0.00
0.50 4.36 -0.90 1.00 0.00
0.50 4.36 -0.72 1.00 0.00
0.50 4.36 -0.55 1.00 0.00
0.50 4.36 -0.37 1.00 0.00
0.50 4.36 -0.20 1.00 0.00
0.50 4.36 -0.02 1.00 0.00
0.50 4.36 0.15 1.00 0.00
0.50 4.36 0.33 1.00 0.00
0.50 4.36 0.50 1.00 0.00
0.50 4.36 0.68 1.00 0.00
0.50 4.36 0.85 1.00 0.00
0.50 4.36 1.02 1.00 0.00
0.50 4.36 1.20 1.00 0.00
0.50 4.36 1.37 1.00 0.00
0.50 4.36 1.55 1.00 0.00
0.50 4.36 1.72 1.00 0.00
0.70 4.36 -1.28 1.00 0.00
0.70 4.36 -1.11 1.00 0.00
0.70 4.36 -0.93 1.00 0.00
0.70 4.36 -0.76 1.00 0.00
0.70 4.36 -0.58 1.00 0.00
0.70 4.36 -0.41 1.00 0.00
0.70 4.36 -0.23 1.00 0.00
0.70 4.36 -0.06 1.00 0.00
0.70 4.36 0.11 1.00 0.00
0.70 4.36 0.29 1.00 0.00
0.70 4.36 0.46 1.00 0.00
0.70 4.36 0.64 1.00 0.00
0.70 4.36 0.81 1.00 0.00
0.70 4.36 0.99 1.00 0.00
0.70 4.36 1.16 1.00 0.00
0.70 4.36 1.34 1.00 0.00
0.70 4.36 1.51 1.00 0.00
0.70 4.36 1.69 1.00 0.00
0.90 4.36 -1.32 1.00 0.00
0.90 4.36 -1.14 1.00 0.00
0.90 4.36 -0.97 1.00 0.00
0.90 4.36 -0.80 1.00 0.00
0.90 4.36 -0.62 1.00 0.00
0.90 4.36 -0.45 1.00 0.00
0.90 4.36 -0.27 1.00 0.00
0.90 4.36 -0.10 1.00 0.00
0.90 4.36 0.08 1.00 0.00
0.90 4.36 0.25 1.00 0.00
0.90 4.36 0.43 1.00 0.00
0.90 4.36 0.60 1.00 0.00
0.90 4.36 0.78 1.00 0.00
0.90 4.36 0.95 1.00 0.00
0.90 4.36 1.12 1.00 0.00
0.90 4.36 1.30 1.00 0.00
0.90 4.36 1.47 1.00 0.00
0.90 4.36 1.65 1.00 0.00
1.10 4.36 -1.36 1.00 0.00
1.10 4.36 -1.18 1.00 0.00
1.10 4.36 -1.01 1.00 0.00
1.10 4.36 -0.83 1.00 0.00
1.10 4.36 -0.66 1.00 0.00
1.10 4.36 -0.48 1.00 0.00
1.10 4.36 -0.31 1.00 0.00
1.10 4.36 -0.13 1.00 0.00
1.10 4.36 0.04 1.00 0.00
1.10 4.36 0.21 1.00 0.00
1.10 4.36 0.39 1.00 0.00
1.10 4.36 0.56 1.00 0.00
1.10 4.36 0.74 1.00 0.00
1.10 4.36 0.91 1.00 0.00
1.10 4.36 1.09 1.00 0.00
1.10 4.36 1.26 1.00 0.00
1.10 4.36 1.44 1.00 0.00
1.10 4.36 1.61 1.00 0.00
0.30 4.54 -1.21 1.00 0.00
0.30 4.54 -1.03 1.00 0.00
0.30 4.54 -0.86 1.00 0.00
0.30 4.54 -0.68 1.00 0.00
0.30 4.54 -0.51 1.00 0.00
0.30 4.54 -0.33 1.00 0.00
0.30 4.54 -0.16 1.00 0.00
0.30 4.54 0.02 1.00 0.00
0.30 4.54 0.19 1.00 0.00
0.30 4.54 0.37 1.00 0.00
0.30 4.54 0.54 1.00 0.00
0.30 4.54 0.71 1.00 0.00
0.30 4.54 0.89 1.00 0.00
0.30 4.54 1.06 1.00 0.00
0.30 4.54 1.24 1.00 0.00
0.30 4.54 1.41 1.00 0.00
0.30 4.54 1.59 1.00 0.00
0.30 4.54 1.76 1.00 0.00
0.50 4.54 -1.24 1.00 0.00
0.50 4.54 -1.07 1.00 0.00
0.50 4.54 -0.89 1.00 0.00
0.50 4.54 -0.72 1.00 0.00
0.50 4.54 -0.55 1.00 0.00
0.50 4.54 -0.37 1.00 0.00
0.50 4.54 -0.20 1.00 0.00
0.50 4.54 -0.02 1.00 0.00
0.50 4.54 0.15 1.00 0.00
0.50 4.54 0.33 1.00 0.00
0.50 4.54 0.50 1.00 0.00
0.50 4.54 0.68 1.00 0.00
0.50 4.54 0.85 1.00 0.00
0.50 4.54 1.03 1.00 0.00
0.50 4.54 1.20 1.00 0.00
0.50 4.54 1.37 1.00 0.00
0.50 4.54 1.55 1.00 0.00
0.50 4.54 1.72 1.00 0.00
0.70 4.54 -1.28 1.00 0.00
0.70 4.54 -1.11 1.00 0.00
0.70 4.54 -0.93 1.00 0.00
0.70 4.54 -0.76 1.00 0.00
0.70 4.54 -0.58 1.00 0.00
0.70 4.54 -0.41 1.00 0.00
0.70 4.54 -0.23 1.00 0.00
0.70 4.54 -0.06 1.00 0.00
0.70 4.54 0.12 1.00 0.00
0.70 4.54 0.29 1.00 0.00
0.70 4.54 0.46 1.00 0.00
0.70 4.54 0.64 1.00 0.00
0.70 4.54 0.81 1.00 0.00
0.70 4.54 0.99 1.00 0.00
0.70 4.54 1.16 1.00 0.00
0.70 4.54 1.34 1.00 0.00
0.70 4.54 1.51 1.00 0.00
0.70 4.54 1.69 1.00 0.00
0.90 4.54 -1.32 1.00 0.00
0.90 4.54 -1.14 1.00 0.00
0.90 4.54 -0.97 1.00 0.00
0.90 4.54 -0.80 1.00 0.00
0.90 4.54 -0.62 1.00 0.00
0.90 4.54 -0.45 1.00 0.00
0.90 4.54 -0.27 1.00 0.00
0.90 4.54 -0.10 1.00 0.00
0.90 4.54 0.08 1.00 0.00
0.90 4.54 0.25 1.00 0.00
0.90 4.54 0.43 1.00 0.00
0.90 4.54 0.60 1.00 0.00
0.90 4.54 0.78 1.00 0.00
0.90 4.54 0.95 1.00 0.00
0.90 4.54 1.12 1.00 0.00
0.90 4.54 1.30 1.00 0.00
0.90 4.54 1.47 1.00 0.00
0.90 4.54 1.65 1.00 0.00
1.10 4.54 -1.36 1.00 0.00
1.10 4.54 -1.18 1.00 0.00
1.10 4.54 -1.01 1.00 0.00
1.10 4.54 -0.83 1.00 0.00
1.10 4.54 -0.66 1.00 0.00
1.10 4.54 -0.49 1.00 0.00
1.10 4.54 -0.31 1.00 0.00
1.10 4.54 -0.14 1.00 0.00
1.10 4.54 0.04 1.00 0.00
1.10 4.54 0.21 1.00 0.00
1.10 4.54 0.39 1.00 0.00
1.10 4.54 0.56 1.00 0.00
1.10 4.54 0.74 1.00 0.00
1.10 4.54 0.91 1.00 0.00
1.10 4.54 1.09 1.00 0.00
1.10 4.54 1.26 1.00 0.00
1.10 4.54 1.43 1.00 0.00
1.10 4.54 1.61 1.00 0.00
0.30 4.71 -1.20 1.00 0.00
0.30 4.71 -1.03 1.00 0.00
0.30 4.71 -0.85 1.00 0.00
0.30 4.71 -0.68 1.00 0.00
0.30 4.71 -0.50 1.00 0.00
0.30 4.71 -0.33 1.00 0.00
0.30 4.71 -0.16 1.00 0.00
0.30 4.71 0.02 1.00 0.00
0.30 4.71 0.19 1.00 0.00
0.30 4.71 0.37 1.00 0.00
0.30 4.71 0.54 1.00 0.00
0.30 4.71 0.72 1.00 0.00
0.30 4.71 0.89 1.00 0.00
0.30 4.71 1.07 1.00 0.00
0.30 4.71 1.24 1.00 0.00
0.30 4.71 1.41 1.00 0.00
0.30 4.71 1.59 1.00 0.00
0.30 4.71 1.76 1.00 0.00
0.50 4.71 -1.24 1.00 0.00
0.50 4.71 -1.06 1.00 0.00
0.50 4.71 -0.89 1.00 0.00
0.50 4.71 -0.72 1.00 0.00
0.50 4.71 -0.54 1.00 0.00
0.50 4.71 -0.37 1.00 0.00
0.50 4.71 -0.19 1.00 0.00
0.50 4.71 -0.02 1.00 0.00
0.50 4.71 0.16 1.00 0.00
0.50 4.71 0.33 1.00 0.00
0.50 4.71 0.51 1.00 0.00
0.50 4.71 0.68 1.00 0.00
0.50 4.71 0.86 1.00 0.00
0.50 4.71 1.03 1.00 0.00
0.50 4.71 1.20 1.00 0.00
0.50 4.71 1.38 1.00 0.00
0.50 4.71 1.55 1.00 0.00
0.50 4.71 1.73 1.00 0.00
0.70 4.71 -1.28 1.00 0.00
0.70 4.71 -1.10 1.00 0.00
0.70 4.71 -0.93 1.00 0.00
0.70 4.71 -0.75 1.00 0.00
0.70 4.71 -0.58 1.00 0.00
0.70 4.71 -0.40 1.00 0.00
0.70 4.71 -0.23 1.00 0.00
0.70 4.71 -0.05 1.00 0.00
0.70 4.71 0.12 1.00 0.00
0.70 4.71 0.29 1.00 0.00
0.70 4.71 0.47 1.00 0.00
0.70 4.71 0.64 1.00 0.00
0.70 4.71 0.82 1.00 0.00
0.70 4.71 0.99 1.00 0.00
0.70 4.71 1.17 1.00 0.00
0.70 4.71 1.34 1.00 0.00
0.70 4.71 1.52 1.00 0.00
0.70 4.71 1.69 1.00 0.00
0.90 4.71 -1.31 1.00 0.00
0.90 4.71 -1.14 1.00 0.00
0.90 4.71 -0.97 1.00 0.00
0.90 4.71 -0.79 1.00 0.00
0.90 4.71 -0.62 1.00 0.00
0.90 4.71 -0.44 1.00 0.00
0.90 4.71 -0.27 1.00 0.00
0.90 4.71 -0.09 1.00 0.00
0.90 4.71 0.08 1.00 0.00
0.90 4.71 0.26 1.00 0.00
0.90 4.71 0.43 1.00 0.00
0.90 4.71 0.61 1.00 0.00
0.90 4.71 0.78 1.00 0.00
0.90 4.71 0.95 1.00 0.00
0.90 4.71 1.13 1.00 0.00
0.90 4.71 1.30 1.00 0.00
0.90 4.71 1.48 1.00 0.00
0.90 4.71 1.65 1.00 0.00
1.10 4.71 -1.35 1.00 0.00
1.10 4.71 -1.18 1.00 0.00
1.10 4.71 -1.00 1.00 0.00
1.10 4.71 -0.83 1.00 0.00
1.10 4.71 -0.65 1.00 0.00
1.10 4.71 -0.48 1.00 0.00
1.10 4.71 -0.31 1.00 0.00
1.10 4.71 -0.13 1.00 0.00
1.10 4.71 0.04 1.00 0.00
1.10 4.71 0.22 1.00 0.00
1.10 4.71 0.39 1.00 0.00
1.10 4.71 0.57 1.00 0.00
1.10 4.71 0.74 1.00 0.00
1.10 4.71 0.92 1.00 0.00
1.10 4.71 1.09 1.00 0.00
1.10 4.71 1.27 1.00 0.00
1.10 4.71 1.44 1.00 0.00
1.10 4.71 1.61 1.00 0.00
0.30 4.89 -1.20 1.00 0.00
0.30 4.89 -1.02 1.00 0.00
0.30 4.89 -0.85 1.00 0.00
0.30 4.89 -0.67 1.00 0.00
0.30 4.89 -0.50 1.00 0.00
0.30 4.89 -0.33 1.00 0.00
0.30 4.89 -0.15 1.00 0.00
0.30 4.89 0.02 1.00 0.00
0.30 4.89 0.20 1.00 0.00
0.30 4.89 0.37 1.00 0.00
0.30 4.89 0.55 1.00 0.00
0.30 4.89 0.72 1.00 0.00
0.30 4.89 0.90 1.00 0.00
0.30 4.89 1.07 1.00 0.00
0.30 4.89 1.24 1.00 0.00
0.30 4.89 1.42 1.00 0.00
0.30 4.89 1.59 1.00 0.00
0.30 4.89 1.77 1.00 0.00
0.50 4.89 -1.23 1.00 0.00
0.50 4.89 -1.06 1.00 0.00
0.50 4.89 -0.88 1.00 0.00
0.50 4.89 -0.71 1.00 0.00
0.50 4.89 -0.53 1.00 0.00
0.50 4.89 -0.36 1.00 0.00
0.50 4.89 -0.18 1.00 0.00
0.50 4.89 -0.01 1.00 0.00
0.50 4.89 0.16 1.00 0.00
0.50 4.89 0.34 1.00 0.00
0.50 4.89 0.51 1.00 0.00
0.50 4.89 0.69 1.00 0.00
0.50 4.89 0.86 1.00 0.00
0.50 4.89 1.04 1.00 0.00
0.50 4.89 1.21 1.00 0.00
0.50 4.89 1.39 1.00 0.00
0.50 4.89 1.56 1.00 0.00
0.50 4.89 1.73 1.00 0.00
0.70 4.89 -1.27 1.00 0.00
0.70 4.89 -1.09 1.00 0.00
0.70 4.89 -0.92 1.00 0.00
0.70 4.89 -0.74 1.00 0.00
0.70 4.89 -0.57 1.00 0.00
0.70 4.89 -0.39 1.00 0.00
0.70 4.89 -0.22 1.00 0.00
0.70 4.89 -0.05 1.00 0.00
0.70 4.89 0.13 1.00 0.00
0.70 4.89 0.30 1.00 0.00
0.70 4.89 0.48 1.00 0.00
0.70 4.89 0.65 1.00 0.00
0.70 4.89 0.83 1.00 0.00
0.70 4.89 1.00 1.00 0.00
0.70 4.89 1.18 1.00 0.00
0.70 4.89 1.35 1.00 0.00
0.70 4.89 1.53 1.00 0.00
0.70 4.89 1.70 1.00 0.00
0.90 4.89 -1.30 1.00 0.00
0.90 4.89 -1.13 1.00 0.00
0.90 4.89 -0.95 1.00 0.00
0.90 4.89 -0.78 1.00 0.00
0.90 4.89 -0.61 1.00 0.00
0.90 4.89 -0.43 1.00 0.00
0.90 4.89 -0.26 1.00 0.00
0.90 4.89 -0.08 1.00 0.00
0.90 4.89 0.09 1.00 0.00
0.90 4.89 0.27 1.00 0.00
0.90 4.89 0.44 1.00 0.00
0.90 4.89 0.62 1.00 0.00
0.90 4.89 0.79 1.00 0.00
0.90 4.89 0.97 1.00 0.00
0.90 4.89 1.14 1.00 0.00
0.90 4.89 1.31 1.00 0.00
0.90 4.89 1.49 1.00 0.00
0.90 4.89 1.66 1.00 0.00
1.10 4.89 -1.34 1.00 0.00
1.10 4.89 -1.17 1.00 0.00
1.10 4.89 -0.99 1.00 0.00
1.10 4.89 -0.82 1.00 0.00
1.10 4.89 -0.64 1.00 0.00
1.10 4.89 -0.47 1.00 0.00
1.10 4.89 -0.29 1.00 0.00
1.10 4.89 -0.12 1.00 0.00
1.10 4.89 0.06 1.00 0.00
1.10 4.89 0.23 1.00 0.00
1.10 4.89 0.40 1.00 0.00
1.10 4.89 0.58 1.00 0.00
1.10 4.89 0.75 1.00 0.00
1.10 4.89 0.93 1.00 0.00
1.10 4.89 1.10 1.00 0.00
1.10 4.89 1.28 1.00 0.00
1.10 4.89 1.45 1.00 0.00
1.10 4.89 1.63 1.00 0.00
0.30 5.06 -1.19 1.00 0.00
0.30 5.06 -1.02 1.00 0.00
0.30 5.06 -0.84 1.00 0.00
0.30 5.06 -0.67 1.00 0.00
0.30 5.06 -0.49 1.00 0.00
0.30 5.06 -0.32 1.00 0.00
0.30 5.06 -0.15 1.00 0.00
0.30 5.06 0.03 1.00 0.00
0.30 5.06 0.20 1.00 0.00
0.30 5.06 0.38 1.00 0.00
0.30 5.06 0.55 1.00 0.00
0.30 5.06 0.73 1.00 0.00
0.30 5.06 0.90 1.00 0.00
0.30 5.06 1.08 1.00 0.00
0.30 5.06 1.25 1.00 0.00
0.30 5.06 1.43 1.00 0.00
0.30 5.06 1.60 1.00 0.00
0.30 5.06 1.77 1.00 0.00
0.50 5.06 -1.22 1.00 0.00
0.50 5.06 -1.05 1.00 0.00
0.50 5.06 -0.87 1.00 0.00
0.50 5.06 -0.70 1.00 0.00
0.50 5.06 -0.52 1.00 0.00
0.50 5.06 -0.35 1.00 0.00
0.50 5.06 -0.18 1.00 0.00
0.50 5.06 -0.00 1.00 0.00
0.50 5.06 0.17 1.00 0.00
0.50 5.06 0.35 1.00 0.00
0.50 5.06 0.52 1.00 0.00
0.50 5.06 0.70 1.00 0.00
0.50 5.06 0.87 1.00 0.00
0.50 5.06 1.05 1.00 0.00
0.50 5.06 1.22 1.00 0.00
0.50 5.06 1.40 1.00 0.00
0.50 5.06 1.57 1.00 0.00
0.50 5.06 1.74 1.00 0.00
0.70 5.06 -1.25 1.00 0.00
0.70 5.06 -1.08 1.00 0.00
0.70 5.06 -0.90 1.00 0.00
0.70 5.06 -0.73 1.00 0.00
0.70 5.06 -0.56 1.00 0.00
0.70 5.06 -0.38 1.00 0.00
0.70 5.06 -0.21 1.00 0.00
0.70 5.06 -0.03 1.00 0.00
0.70 5.06 0.14 1.00 0.00
0.70 5.06 0.32 1.00 0.00
0.70 5.06 0.49 1.00 0.00
0.70 5.06 0.67 1.00 0.00
0.70 5.06 0.84 1.00 0.00
0.70 5.06 1.02 1.00 0.00
0.70 5.06 1.19 1.00 0.00
0.70 5.06 1.36 1.00 0.00
0.70 5.06 1.54 1.00 0.00
0.70 5.06 1.71 1.00 0.00
0.90 5.06 -1.29 1.00 0.00
0.90 5.06 -1.11 1.00 0.00
0.90 5.06 -0.94 1.00 0.00
0.90 5.06 -0.76 1.00 0.00
0.90 5.06 -0.59 1.00 0.00
0.90 5.06 -0.41 1.00 0.00
0.90 5.06 -0.24 1.00 0.00
0.90 5.06 -0.07 1.00 0.00
0.90 5.06 0.11 1.00 0.00
0.90 5.06 0.28 1.00 0.00
0.90 5.06 0.46 1.00 0.00
0.90 5.06 0.63 1.00 0.00
0.90 5.06 0.81 1.00 0.00
0.90 5.06 0.98 1.00 0.00
0.90 5.06 1.16 1.00 0.00
0.90 5.06 1.33 1.00 0.00
0.90 5.06 1.51 1.00 0.00
0.90 5.06 1.68 1.00 0.00
1.10 5.06 -1.32 1.00 0.00
1.10 5.06 -1.15 1.00 0.00
1.10 5.06 -0.97 1.00 0.00
1.10 5.06 -0.80 1.00 0.00
1.10 5.06 -0.62 1.00 0.00
1.10 5.06 -0.45 1.00 0.00
1.10 5.06 -0.27 1.00 0.00
1.10 5.06 -0.10 1.00 0.00
1.10 5.06 0.07 1.00 0.00
1.10 5.06 0.25 1.00 0.00
1.10 5.06 0.42 1.00 0.00
1.10 5.06 0.60 1.00 0.00
1.10 5.06 0.77 1.00 0.00
1.10 5.06 0.95 1.00 0.00
1.10 5.06 1.12 1.00 0.00
1.10 5.06 1.30 1.00 0.00
1.10 5.06 1.47 1.00 0.00
1.10 5.06 1.65 1.00 0.00
0.30 5.24 -1.19 1.00 0.00
0.30 5.24 -1.01 1.00 0.00
0.30 5.24 -0.84 1.00 0.00
0.30 5.24 -0.66 1.00 0.00
0.30 5.24 -0.49 1.00 0.00
0.30 5.24 -0.31 1.00 0.00
0.30 5.24 -0.14 1.00 0.00
0.30 5.24 0.04 1.00 0.00
0.30 5.24 0.21 1.00 0.00
0.30 5.24 0.39 1.00 0.00
0.30 5.24 0.56 1.00 0.00
0.30 5.24 0.73 1.00 0.00
0.30 5.24 0.91 1.00 0.00
0.30 5.24 1.08 1.00 0.00
0.30 5.24 1.26 1.00 0.00
0.30 5.24 1.43 1.00 0.00
0.30 5.24 1.61 1.00 0.00
0.30 5.24 1.78 1.00 0.00
0.50 5.24 -1.21 1.00 0.00
0.50 5.24 -1.04 1.00 0.00
0.50 5.24 -0.86 1.00 0.00
0.50 5.24 -0.69 1.00 0.00
0.50 5.24 -0.51 1.00 0.00
0.50 5.24 -0.34 1.00 0.00
0.50 5.24 -0.16 1.00 0.00
0.50 5.24 0.01 1.00 0.00
0.50 5.24 0.19 1.00 0.00
0.50 5.24 0.36 1.00 0.00
0.50 5.24 0.54 1.00 0.00
0.50 5.24 0.71 1.00 0.00
0.50 5.24 0.88 1.00 0.00
0.50 5.24 1.06 1.00 0.00
0.50 5.24 1.23 1.00 0.00
0.50 5.24 1.41 1.00 0.00
0.50 5.24 1.58 1.00 0.00
0.50 5.24 1.76 1.00 0.00
0.70 5.24 -1.24 1.00 0.00
0.70 5.24 -1.06 1.00 0.00
0.70 5.24 -0.89 1.00 0.00
0.70 5.24 -0.71 1.00 0.00
0.70 5.24 -0.54 1.00 0.00
0.70 5.24 -0.36 1.00 0.00
0.70 5.24 -0.19 1.00 0.00
0.70 5.24 -0.01 1.00 0.00
0.70 5.24 0.16 1.00 0.00
0.70 5.24 0.33 1.00 0.00
0.70 5.24 0.51 1.00 0.00
0.70 5.24 0.68 1.00 0.00
0.70 5.24 0.86 1.00 0.00
0.70 5.24 1.03 1.00 0.00
0.70 5.24 1.21 1.00 0.00
0.70 5.24 1.38 1.00 0.00
0.70 5.24 1.56 1.00 0.00
0.70 5.24 1.73 1.00 0.00
0.90 5.24 -1.26 1.00 0.00
0.90 5.24 -1.09 1.00 0.00
0.90 5.24 -0.92 1.00 0.00
0.90 5.24 -0.74 1.00 0.00
0.90 5.24 -0.57 1.00 0.00
0.90 5.24 -0.39 1.00 0.00
0.90 5.24 -0.22 1.00 0.00
0.90 5.24 -0.04 1.00 0.00
0.90 5.24 0.13 1.00 0.00
0.90 5.24 0.31 1.00 0.00
0.90 5.24 0.48 1.00 0.00
0.90 5.24 0.66 1.00 0.00
0.90 5.24 0.83 1.00 0.00
0.90 5.24 1.00 1.00 0.00
0.90 5.24 1.18 1.00 0.00
0.90 5.24 1.35 1.00 0.00
0.90 5.24 1.53 1.00 0.00
0.90 5.24 1.70 1.00 0.00
1.10 5.24 -1.29 1.00 0.00
1.10 5.24 -1.12 1.00 0.00
1.10 5.24 -0.95 1.00 0.00
1.10 5.24 -0.77 1.00 0.00
1.10 5.24 -0.60 1.00 0.00
1.10 5.24 -0.42 1.00 0.00
1.10 5.24 -0.25 1.00 0.00
1.10 5.24 -0.07 1.00 0.00
1.10 5.24 0.10 1.00 0.00
1.10 5.24 0.28 1.00 0.00
1.10 5.24 0.45 1.00 0.00
1.10 5.24 0.63 1.00 0.00
1.10 5.24 0.80 1.00 0.00
1.10 5.24 0.97 1.00 0.00
1.10 5.24 1.15 1.00 0.00
1.10 5.24 1.32 1.00 0.00
1.10 5.24 1.50 1.00 0.00
1.10 5.24 1.67 1.00 0.00
0.30 5.41 -1.18 1.00 0.00
0.30 5.41 -1.00 1.00 0.00
0.30 5.41 -0.83 1.00 0.00
0.30 5.41 -0.65 1.00 0.00
0.30 5.41 -0.48 1.00 0.00
0.30 5.41 -0.30 1.00 0.00
0.30 5.41 -0.13 1.00 0.00
0.30 5.41 0.05 1.00 0.00
0.30 5.41 0.22 1.00 0.00
0.30 5.41 0.39 1.00 0.00
0.30 5.41 0.57 1.00 0.00
0.30 5.41 0.74 1.00 0.00
0.30 5.41 0.92 1.00 0.00
0.30 5.41 1.09 1.00 0.00
0.30 5.41 1.27 1.00 0.00
0.30 5.41 1.44 1.00 0.00
0.30 5.41 1.62 1.00 0.00
0.30 5.41 1.79 1.00 0.00
0.50 5.41 -1.20 1.00 0.00
0.50 5.41 -1.02 1.00 0.00
0.50 5.41 -0.85 1.00 0.00
0.50 5.41 -0.67 1.00 0.00
0.50 5.41 -0.50 1.00 0.00
0.50 5.41 -0.32 1.00 0.00
0.50 5.41 -0.15 1.00 0.00
0.50 5.41 0.03 1.00 0.00
0.50 5.41 0.20 1.00 0.00
0.50 5.41 0.38 1.00 0.00
0.50 5.41 0.55 1.00 0.00
0.50 5.41 0.72 1.00 0.00
0.50 5.41 0.90 1.00 0.00
0.50 5.41 1.07 1.00 0.00
0.50 5.41 1.25 1.00 0.00
0.50 5.41 1.42 1.00 0.00
0.50 5.41 1.60 1.00 0.00
0.50 5.41 1.77 1.00 0.00
0.70 5.41 -1.22 1.00 0.00
0.70 5.41 -1.04 1.00 0.00
0.70 5.41 -0.87 1.00 0.00
0.70 5.41 -0.69 1.00 0.00
0.70 5.41 -0.52 1.00 0.00
0.70 5.41 -0.34 1.00 0.00
0.70 5.41 -0.17 1.00 0.00
0.70 5.41 0.01 1.00 0.00
0.70 5.41 0.18 1.00 0.00
0.70 5.41 0.36 1.00 0.00
0.70 5.41 0.53 1.00 0.00
0.70 5.41 0.70 1.00 0.00
0.70 5.41 0.88 1.00 0.00
0.70 5.41 1.05 1.00 0.00
0.70 5.41 1.23 1.00 0.00
0.70 5.41 1.40 1.00 0.00
0.70 5.41 1.58 1.00 0.00
0.70 5.41 1.75 1.00 0.00
0.90 5.41 -1.24 1.00 0.00
0.90 5.41 -1.06 1.00 0.00
0.90 5.41 -0.89 1.00 0.00
0.90 5.41 -0.71 1.00 0.00
0.90 5.41 -0.54 1.00 0.00
0.90 5.41 -0.36 1.00 0.00
0.90 5.41 -0.19 1.00 0.00
0.90 5.41 -0.02 1.00 0.00
0.90 5.41 0.16 1.00 0.00
0.90 5.41 0.33 1.00 0.00
0.90 5.41 0.51 1.00 0.00
0.90 5.41 0.68 1.00 0.00
0.90 5.41 0.86 1.00 0.00
0.90 5.41 1.03 1.00 0.00
0.90 5.41 1.21 1.00 0.00
0.90 5.41 1.38 1.00 0.00
0.90 5.41 1.56 1.00 0.00
0.90 5.41 1.73 1.00 0.00
1.10 5.41 -1.26 1.00 0.00
1.10 5.41 -1.09 1.00 0.00
1.10 5.41 -0.91 1.00 0.00
1.10 5.41 -0.74 1.00 0.00
1.10 5.41 -0.56 1.00 0.00
1.10 5.41 -0.39 1.00 0.00
1.10 5.41 -0.21 1.00 0.00
1.10 5.41 -0.04 1.00 0.00
1.10 5.41 0.14 1.00 0.00
1.10 5.41 0.31 1.00 0.00
1.10 5.41 0.48 1.00 0.00
1.10 5.41 0.66 1.00 0.00
1.10 5.41 0.83 1.00 0.00
1.10 5.41 1.01 1.00 0.00
1.10 5.41 1.18 1.00 0.00
1.10 5.41 1.36 1.00 0.00
1.10 5.41 1.53 1.00 0.00
1.10 5.41 1.71 1.00 0.00
0.30 5.59 -1.17 1.00 0.00
0.30 5.59 -0.99 1.00 0.00
0.30 5.59 -0.82 1.00 0.00
0.30 5.59 -0.64 1.00 0.00
0.30 5.59 -0.47 1.00 0.00
0.30 5.59 -0.29 1.00 0.00
0.30 5.59 -0.12 1.00 0.00
0.30 5.59 0.05 1.00 0.00
0.30 5.59 0.23 1.00 0.00
0.30 5.59 0.40 1.00 0.00
0.30 5.59 0.58 1.00 0.00
0.30 5.59 0.75 1.00 0.00
0.30 5.59 0.93 1.00 0.00
0.30 5.59 1.10 1.00 0.00
0.30 5.59 1.28 1.00 0.00
0.30 5.59 1.45 1.00 0.00
0.30 5.59 1.63 1.00 0.00
0.30 5.59 1.80 1.00 0.00
0.50 5.59 -1.18 1.00 0.00
0.50 5.59 -1.00 1.00 0.00
0.50 5.59 -0.83 1.00 0.00
0.50 5.59 -0.66 1.00 0.00
0.50 5.59 -0.48 1.00 0.00
0.50 5.59 -0.31 1.00 0.00
0.50 5.59 -0.13 1.00 0.00
0.50 5.59 0.04 1.00 0.00
0.50 5.59 0.22 1.00 0.00
0.50 5.59 0.39 1.00 0.00
0.50 5.59 0.57 1.00 0.00
0.50 5.59 0.74 1.00 0.00
0.50 5.59 0.92 1.00 0.00
0.50 5.59 1.09 1.00 0.00
0.50 5.59 1.26 1.00 0.00
0.50 5.59 1.44 1.00 0.00
0.50 5.59 1.61 1.00 0.00
0.50 5.59 1.79 1.00 0.00
0.70 5.59 -1.19 1.00 0.00
0.70 5.59 -1.02 1.00 0.00
0.70 5.59 -0.84 1.00 0.00
0.70 5.59 -0.67 1.00 0.00
0.70 5.59 -0.49 1.00 0.00
0.70 5.59 -0.32 1.00 0.00
0.70 5.59 -0.14 1.00 0.00
0.70 5.59 0.03 1.00 0.00
0.70 5.59 0.20 1.00 0.00
0.70 5.59 0.38 1.00 0.00
0.70 5.59 0.55 1.00 0.00
0.70 5.59 0.73 1.00 0.00
0.70 5.59 0.90 1.00 0.00
0.70 5.59 1.08 1.00 0.00
0.70 5.59 1.25 1.00 0.00
0.70 5.59 1.43 1.00 0.00
0.70 5.59 1.60 1.00 0.00
0.70 5.59 1.78 1.00 0.00
0.90 5.59 -1.21 1.00 0.00
0.90 5.59 -1.03 1.00 0.00
0.90 5.59 -0.86 1.00 0.00
0.90 5.59 -0.68 1.00 0.00
0.90 5.59 -0.51 1.00 0.00
0.90 5.59 -0.33 1.00 0.00
0.90 5.59 -0.16 1.00 0.00
0.90 5.59 0.02 1.00 0.00
0.90 5.59 0.19 1.00 0.00
0.90 5.59 0.37 1.00 0.00
0.90 5.59 0.54 1.00 0.00
0.90 5.59 0.71 1.00 0.00
0.90 5.59 0.89 1.00 0.00
0.90 5.59 1.06 1.00 0.00
0.90 5.59 1.24 1.00 0.00
0.90 5.59 1.41 1.00 0.00
0.90 5.59 1.59 1.00 0.00
0.90 5.59 1.76 1.00 0.00
1.10 5.59 -1.22 1.00 0.00
1.10 5.59 -1.05 1.00 0.00
1.10 5.59 -0.87 1.00 0.00
1.10 5.59 -0.70 1.00 0.00
1.10 5.59 -0.52 1.00 0.00
1.10 5.59 -0.35 1.00 0.00
1.10 5.59 -0.17 1.00 0.00
1.10 5.59 0.00 1.00 0.00
1.10 5.59 0.18 1.00 0.00
1.10 5.59 0.35 1.00 0.00
1.10 5.59 0.52 1.00 0.00
1.10 5.59 0.70 1.00 0.00
1.10 5.59 0.87 1.00 0.00
1.10 5.59 1.05 1.00 0.00
1.10 5.59 1.22 1.00 0.00
1.10 5.59 1.40 1.00 0.00
1.10 5.59 1.57 1.00 0.00
1.10 5.59 1.75 1.00 0.00
0.30 5.76 -1.16 1.00 0.00
0.30 5.76 -0.98 1.00 0.00
0.30 5.76 -0.81 1.00 0.00
0.30 5.76 -0.63 1.00 0.00
0.30 5.76 -0.46 1.00 0.00
0.30 5.76 -0.28 1.00 0.00
0.30 5.76 -0.11 1.00 0.00
0.30 5.76 0.06 1.00 0.00
0.30 5.76 0.24 1.00 0.00
0.30 5.76 0.41 1.00 0.00
0.30 5.76 0.59 1.00 0.00
0.30 5.76 0.76 1.00 0.00
0.30 5.76 0.94 1.00 0.00
0.30 5.76 1.11 1.00 0.00
0.30 5.76 1.29 1.00 0.00
0.30 5.76 1.46 1.00 0.00
0.30 5.76 1.64 1.00 0.00
0.30 5.76 1.81 1.00 0.00
0.50 5.76 -1.16 1.00 0.00
0.50 5.76 -0.99 1.00 0.00
0.50 5.76 -0.81 1.00 0.00
0.50 5.76 -0.64 1.00 0.00
0.50 5.76 -0.46 1.00 0.00
0.50 5.76 -0.29 1.00 0.00
0.50 5.76 -0.11 1.00 0.00
0.50 5.76 0.06 1.00 0.00
0.50 5.76 0.23 1.00 0.00
0.50 5.76 0.41 1.00 0.00
0.50 5.76 0.58 1.00 0.00
0.50 5.76 0.76 1.00 0.00
0.50 5.76 0.93 1.00 0.00
0.50 5.76 1.11 1.00 0.00
0.50 5.76 1.28 1.00 0.00
0.50 5.76 1.46 1.00 0.00
0.50 5.76 1.63 1.00 0.00
0.50 5.76 1.81 1.00 0.00
0.70 5.76 -1.17 1.00 0.00
0.70 5.76 -0.99 1.00 0.00
0.70 5.76 -0.82 1.00 0.00
0.70 5.76 -0.64 1.00 0.00
0.70 5.76 -0.47 1.00 0.00
0.70 5.76 -0.29 1.00 0.00
0.70 5.76 -0.12 1.00 0.00
0.70 5.76 0.06 1.00 0.00
0.70 5.76 0.23 1.00 0.00
0.70 5.76 0.40 1.00 0.00
0.70 5.76 0.58 1.00 0.00
0.70 5.76 0.75 1.00 0.00
0.70 5.76 0.93 1.00 0.00
0.70 5.76 1.10 1.00 0.00
0.70 5.76 1.28 1.00 0.00
0.70 5.76 1.45 1.00 0.00
0.70 5.76 1.63 1.00 0.00
0.70 5.76 1.80 1.00 0.00
0.90 5.76 -1.17 1.00 0.00
0.90 5.76 -1.00 1.00 0.00
0.90 5.76 -0.82 1.00 0.00
0.90 5.76 -0.65 1.00 0.00
0.90 5.76 -0.47 1.00 0.00
0.90 5.76 -0.30 1.00 0.00
0.90 5.76 -0.12 1.00 0.00
0.90 5.76 0.05 1.00 0.00
0.90 5.76 0.22 1.00 0.00
0.90 5.76 0.40 1.00 0.00
0.90 5.76 0.57 1.00 0.00
0.90 5.76 0.75 1.00 0.00
0.90 5.76 0.92 1.00 0.00
0.90 5.76 1.10 1.00 0.00
0.90 5.76 1.27 1.00 0.00
0.90 5.76 1.45 1.00 0.00
0.90 5.76 1.62 1.00 0.00
0.90 5.76 1.80 1.00 0.00
1.10 5.76 -1.18 1.00 0.00
1.10 5.76 -1.00 1.00 0.00
1.10 5.76 -0.83 1.00 0.00
1.10 5.76 -0.65 1.00 0.00
1.10 5.76 -0.48 1.00 0.00
1.10 5.76 -0.30 1.00 0.00
1.10 5.76 -0.13 1.00 0.00
1.10 5.76 0.04 1.00 0.00
1.10 5.76 0.22 1.00 0.00
1.10 5.76 0.39 1.00 0.00
1.10 5.76 0.57 1.00 0.00
1.10 5.76 0.74 1.00 0.00
1.10 5.76 0.92 1.00 0.00
1.10 5.76 1.09 1.00 0.00
1.10 5.76 1.27 1.00 0.00
1.10 5.76 1.44 1.00 0.00
1.10 5.76 1.62 1.00 0.00
1.10 5.76 1.79 1.00 0.00
0.30 5.93 -1.15 1.00 0.00
0.30 5.93 -0.97 1.00 0.00
0.30 5.93 -0.80 1.00 0.00
0.30 5.93 -0.62 1.00 0.00
0.30 5.93 -0.45 1.00 0.00
0.30 5.93 -0.27 1.00 0.00
0.30 5.93 -0.10 1.00 0.00
0.30 5.93 0.08 1.00 0.00
0.30 5.93 0.25 1.00 0.00
0.30 5.93 0.42 1.00 0.00
0.30 5.93 0.60 1.00 0.00
0.30 5.93 0.77 1.00 0.00
0.30 5.93 0.95 1.00 0.00
0.30 5.93 1.12 1.00 0.00
0.30 5.93 1.30 1.00 0.00
0.30 5.93 1.47 1.00 0.00
0.30 5.93 1.65 1.00 0.00
0.30 5.93 1.82 1.00 0.00
0.50 5.93 -1.14 1.00 0.00
0.50 5.93 -0.97 1.00 0.00
0.50 5.93 -0.79 1.00 0.00
0.50 5.93 -0.62 1.00 0.00
0.50 5.93 -0.45 1.00 0.00
0.50 5.93 -0.27 1.00 0.00
0.50 5.93 -0.10 1.00 0.00
0.50 5.93 0.08 1.00 0.00
0.50 5.93 0.25 1.00 0.00
0.50 5.93 0.43 1.00 0.00
0.50 5.93 0.60 1.00 0.00
0.50 5.93 0.78 1.00 0.00
0.50 5.93 0.95 1.00 0.00
0.50 5.93 1.13 1.00 0.00
0.50 5.93 1.30 1.00 0.00
0.50 5.93 1.47 1.00 0.00
0.50 5.93 1.65 1.00 0.00
0.50 5.93 1.82 1.00 0.00
0.70 5.93 -1.14 1.00 0.00
0.70 5.93 -0.97 1.00 0.00
0.70 5.93 -0.79 1.00 0.00
0.70 5.93 -0.62 1.00 0.00
0.70 5.93 -0.44 1.00 0.00
0.70 5.93 -0.27 1.00 0.00
0.70 5.93 -0.09 1.00 0.00
0.70 5.93 0.08 1.00 0.00
0.70 5.93 0.26 1.00 0.00
0.70 5.93 0.43 1.00 0.00
0.70 5.93 0.61 1.00 0.00
0.70 5.93 0.78 1.00 0.00
0.70 5.93 0.95 1.00 0.00
0.70 5.93 1.13 1.00 0.00
0.70 5.93 1.30 1.00 0.00
0.70 5.93 1.48 1.00 0.00
0.70 5.93 1.65 1.00 0.00
0.70 5.93 1.83 1.00 0.00
0.90 5.93 -1.14 1.00 0.00
0.90 5.93 -0.96 1.00 0.00
0.90 5.93 -0.79 1.00 0.00
0.90 5.93 -0.61 1.00 0.00
0.90 5.93 -0.44 1.00 0.00
0.90 5.93 -0.26 1.00 0.00
0.90 5.93 -0.09 1.00 0.00
0.90 5.93 0.09 1.00 0.00
0.90 5.93 0.26 1.00 0.00
0.90 5.93 0.43 1.00 0.00
0.90 5.93 0.61 1.00 0.00
0.90 5.93 0.78 1.00 0.00
0.90 5.93 0.96 1.00 0.00
0.90 5.93 1.13 1.00 0.00
0.90 5.93 1.31 1.00 0.00
0.90 5.93 1.48 1.00 0.00
0.90 5.93 1.66 1.00 0.00
0.90 5.93 1.83 1.00 0.00
1.10 5.93 -1.13 1.00 0.00
1.10 5.93 -0.96 1.00 0.00
1.10 5.93 -0.78 1.00 0.00
1.10 5.93 -0.61 1.00 0.00
1.10 5.93 -0.43 1.00 0.00
1.10 5.93 -0.26 1.00 0.00
1.10 5.93 -0.09 1.00 0.00
1.10 5.93 0.09 1.00 0.00
1.10 5.93 0.26 1.00 0.00
1.10 5.93 0.44 1.00 0.00
1.10 5.93 0.61 1.00 0.00
1.10 5.93 0.79 1.00 0.00
1.10 5.93 0.96 1.00 0.00
1.10 5.93 1.14 1.00 0.00
1.10 5.93 1.31 1.00 0.00
1.10 5.93 1.49 1.00 0.00
1.10 5.93 1.66 1.00 0.00
1.10 5.93 1.83 1.00 0.00
0.30 6.11 -1.14 1.00 0.00
0.30 6.11 -0.96 1.00 0.00
0.30 6.11 -0.79 1.00 0.00
0.30 6.11 -0.61 1.00 0.00
0.30 6.11 -0.44 1.00 0.00
0.30 6.11 -0.26 1.00 0.00
0.30 6.11 -0.09 1.00 0.00
0.30 6.11 0.09 1.00 0.00
0.30 6.11 0.26 1.00 0.00
0.30 6.11 0.43 1.00 0.00
0.30 6.11 0.61 1.00 0.00
0.30 6.11 0.78 1.00 0.00
0.30 6.11 0.96 1.00 0.00
0.30 6.11 1.13 1.00 0.00
0.30 6.11 1.31 1.00 0.00
0.30 6.11 1.48 1.00 0.00
0.30 6.11 1.66 1.00 0.00
0.30 6.11 1.83 1.00 0.00
0.50 6.11 -1.13 1.00 0.00
0.50 6.11 -0.95 1.00 0.00
0.50 6.11 -0.78 1.00 0.00
0.50 6.11 -0.60 1.00 0.00
0.50 6.11 -0.43 1.00 0.00
0.50 6.11 -0.25 1.00 0.00
0.50 6.11 -0.08 1.00 0.00
0.50 6.11 0.10 1.00 0.00
0.50 6.11 0.27 1.00 0.00
0.50 6.11 0.45 1.00 0.00
0.50 6.11 0.62 1.00 0.00
0.50 6.11 0.79 1.00 0.00
0.50 6.11 0.97 1.00 0.00
0.50 6.11 1.14 1.00 0.00
0.50 6.11 1.32 1.00 0.00
0.50 6.11 1.49 1.00 0.00
0.50 6.11 1.67 1.00 0.00
0.50 6.11 1.84 1.00 0.00
0.70 6.11 -1.11 1.00 0.00
0.70 6.11 -0.94 1.00 0.00
0.70 6.11 -0.77 1.00 0.00
0.70 6.11 -0.59 1.00 0.00
0.70 6.11 -0.42 1.00 0.00
0.70 6.11 -0.24 1.00 0.00
0.70 6.11 -0.07 1.00 0.00
0.70 6.11 0.11 1.00 0.00
0.70 6.11 0.28 1.00 0.00
0.70 6.11 0.46 1.00 0.00
0.70 6.11 0.63 1.00 0.00
0.70 6.11 0.81 1.00 0.00
0.70 6.11 0.98 1.00 0.00
0.70 6.11 1.15 1.00 0.00
0.70 6.11 1.33 1.00 0.00
0.70 6.11 1.50 1.00 0.00
0.70 6.11 1.68 1.00 0.00
0.70 6.11 1.85 1.00 0.00
0.90 6.11 -1.10 1.00 0.00
0.90 6.11 -0.93 1.00 0.00
0.90 6.11 -0.75 1.00 0.00
0.90 6.11 -0.58 1.00 0.00
0.90 6.11 -0.40 1.00 0.00
0.90 6.11 -0.23 1.00 0.00
0.90 6.11 -0.05 1.00 0.00
0.90 6.11 0.12 1.00 0.00
0.90 6.11 0.29 1.00 0.00
0.90 6.11 0.47 1.00 0.00
0.90 6.11 0.64 1.00 0.00
0.90 6.11 0.82 1.00 0.00
0.90 6.11 0.99 1.00 0.00
0.90 6.11 1.17 1.00 0.00
0.90 6.11 1.34 1.00 0.00
0.90 6.11 1.52 1.00 0.00
0.90 6.11 1.69 1.00 0.00
0.90 6.11 1.87 1.00 0.00
1.10 6.11 -1.09 1.00 0.00
1.10 6.11 -0.91 1.00 0.00
1.10 6.11 -0.74 1.00 0.00
1.10 6.11 -0.56 1.00 0.00
1.10 6.11 -0.39 1.00 0.00
1.10 6.11 -0.22 1.00 0.00
1.10 6.11 -0.04 1.00 0.00
1.10 6.11 0.13 1.00 0.00
1.10 6.11 0.31 1.00 0.00
1.10 6.11 0.48 1.00 0.00
1.10 6.11 0.66 1.00 0.00
1.10 6.11 0.83 1.00 0.00
1.10 6.11 1.01 1.00 0.00
1.10 6.11 1.18 1.00 0.00
1.10 6.11 1.36 1.00 0.00
1.10 6.11 1.53 1.00 0.00
1.10 6.11 1.70 1.00 0.00
1.10 6.11 1.88 1.00 0.00
