0.30 0.00 4.80 1.00 0.00
0.30 0.00 4.97 1.00 0.00
0.30 0.00 5.15 1.00 0.00
0.30 0.00 5.32 1.00 0.00
0.30 0.00 5.50 1.00 0.00
0.30 0.00 5.67 1.00 0.00
0.30 0.00 5.84 1.00 0.00
0.30 0.00 6.02 1.00 0.00
0.30 0.00 6.19 1.00 0.00
0.30 0.00 6.37 1.00 0.00
0.30 0.00 6.54 1.00 0.00
0.30 0.00 6.72 1.00 0.00
0.30 0.00 6.89 1.00 0.00
0.30 0.00 7.07 1.00 0.00
0.30 0.00 7.24 1.00 0.00
0.30 0.00 7.42 1.00 0.00
0.30 0.00 7.59 1.00 0.00
0.30 0.00 7.76 1.00 0.00
0.50 0.00 4.80 1.00 0.00
0.50 0.00 4.98 1.00 0.00
0.50 0.00 5.15 1.00 0.00
0.50 0.00 5.33 1.00 0.00
0.50 0.00 5.50 1.00 0.00
0.50 0.00 5.68 1.00 0.00
0.50 0.00 5.85 1.00 0.00
0.50 0.00 6.03 1.00 0.00
0.50 0.00 6.20 1.00 0.00
0.50 0.00 6.38 1.00 0.00
0.50 0.00 6.55 1.00 0.00
0.50 0.00 6.72 1.00 0.00
0.50 0.00 6.90 1.00 0.00
0.50 0.00 7.07 1.00 0.00
0.50 0.00 7.25 1.00 0.00
0.50 0.00 7.42 1.00 0.00
0.50 0.00 7.60 1.00 0.00
0.50 0.00 7.77 1.00 0.00
0.70 0.00 4.81 1.00 0.00
0.70 0.00 4.99 1.00 0.00
0.70 0.00 5.16 1.00 0.00
0.70 0.00 5.34 1.00 0.00
0.70 0.00 5.51 1.00 0.00
0.70 0.00 5.69 1.00 0.00
0.70 0.00 5.86 1.00 0.00
0.70 0.00 6.04 1.00 0.00
0.70 0.00 6.21 1.00 0.00
0.70 0.00 6.38 1.00 0.00
0.70 0.00 6.56 1.00 0.00
0.70 0.00 6.73 1.00 0.00
0.70 0.00 6.91 1.00 0.00
0.70 0.00 7.08 1.00 0.00
0.70 0.00 7.26 1.00 0.00
0.70 0.00 7.43 1.00 0.00
0.70 0.00 7.61 1.00 0.00
0.70 0.00 7.78 1.00 0.00
0.90 0.00 4.83 1.00 0.00
0.90 0.00 5.00 1.00 0.00
0.90 0.00 5.17 1.00 0.00
0.90 0.00 5.35 1.00 0.00
0.90 0.00 5.52 1.00 0.00
0.90 0.00 5.70 1.00 0.00
0.90 0.00 5.87 1.00 0.00
0.90 0.00 6.05 1.00 0.00
0.90 0.00 6.22 1.00 0.00
0.90 0.00 6.40 1.00 0.00
0.90 0.00 6.57 1.00 0.00
0.90 0.00 6.75 1.00 0.00
0.90 0.00 6.92 1.00 0.00
0.90 0.00 7.09 1.00 0.00
0.90 0.00 7.27 1.00 0.00
0.90 0.00 7.44 1.00 0.00
0.90 0.00 7.62 1.00 0.00
0.90 0.00 7.79 1.00 0.00
1.10 0.00 4.84 1.00 0.00
1.10 0.00 5.01 1.00 0.00
1.10 0.00 5.19 1.00 0.00
1.10 0.00 5.36 1.00 0.00
1.10 0.00 5.54 1.00 0.00
1.10 0.00 5.71 1.00 0.00
1.10 0.00 5.89 1.00 0.00
1.10 0.00 6.06 1.00 0.00
1.10 0.00 6.24 1.00 0.00
1.10 0.00 6.41 1.00 0.00
1.10 0.00 6.59 1.00 0.00
1.10 0.00 6.76 1.00 0.00
1.10 0.00 6.93 1.00 0.00
1.10 0.00 7.11 1.00 0.00
1.10 0.00 7.28 1.00 0.00
1.10 0.00 7.46 1.00 0.00
1.10 0.00 7.63 1.00 0.00
1.10 0.00 7.81 1.00 0.00
0.30 0.17 4.82 1.00 0.00
0.30 0.17 4.99 1.00 0.00
0.30 0.17 5.17 1.00 0.00
0.30 0.17 5.34 1.00 0.00
0.30 0.17 5.52 1.00 0.00
0.30 0.17 5.69 1.00 0.00
0.30 0.17 5.87 1.00 0.00
0.30 0.17 6.04 1.00 0.00
0.30 0.17 6.21 1.00 0.00
0.30 0.17 6.39 1.00 0.00
0.30 0.17 6.56 1.00 0.00
0.30 0.17 6.74 1.00 0.00
0.30 0.17 6.91 1.00 0.00
0.30 0.17 7.09 1.00 0.00
0.30 0.17 7.26 1.00 0.00
0.30 0.17 7.44 1.00 0.00
0.30 0.17 7.61 1.00 0.00
0.30 0.17 7.79 1.00 0.00
0.50 0.17 4.84 1.00 0.00
0.50 0.17 5.02 1.00 0.00
0.50 0.17 5.19 1.00 0.00
0.50 0.17 5.37 1.00 0.00
0.50 0.17 5.54 1.00 0.00
0.50 0.17 5.72 1.00 0.00
0.50 0.17 5.89 1.00 0.00
0.50 0.17 6.07 1.00 0.00
0.50 0.17 6.24 1.00 0.00
0.50 0.17 6.41 1.00 0.00
0.50 0.17 6.59 1.00 0.00
0.50 0.17 6.76 1.00 0.00
0.50 0.17 6.94 1.00 0.00
0.50 0.17 7.11 1.00 0.00
0.50 0.17 7.29 1.00 0.00
0.50 0.17 7.46 1.00 0.00
0.50 0.17 7.64 1.00 0.00
0.50 0.17 7.81 1.00 0.00
0.70 0.17 4.87 1.00 0.00
0.70 0.17 5.05 1.00 0.00
0.70 0.17 5.22 1.00 0.00
0.70 0.17 5.40 1.00 0.00
0.70 0.17 5.57 1.00 0.00
0.70 0.17 5.75 1.00 0.00
0.70 0.17 5.92 1.00 0.00
0.70 0.17 6.10 1.00 0.00
0.70 0.17 6.27 1.00 0.00
0.70 0.17 6.44 1.00 0.00
0.70 0.17 6.62 1.00 0.00
0.70 0.17 6.79 1.00 0.00
0.70 0.17 6.97 1.00 0.00
0.70 0.17 7.14 1.00 0.00
0.70 0.17 7.32 1.00 0.00
0.70 0.17 7.49 1.00 0.00
0.70 0.17 7.67 1.00 0.00
0.70 0.17 7.84 1.00 0.00
0.90 0.17 -1.37 1.00 0.00
0.90 0.17 -1.20 1.00 0.00
0.90 0.17 -1.02 1.00 0.00
0.90 0.17 -0.85 1.00 0.00
0.90 0.17 -0.68 1.00 0.00
0.90 0.17 -0.50 1.00 0.00
0.90 0.17 -0.33 1.00 0.00
0.90 0.17 -0.15 1.00 0.00
0.90 0.17 0.02 1.00 0.00
0.90 0.17 0.20 1.00 0.00
0.90 0.17 0.37 1.00 0.00
0.90 0.17 0.55 1.00 0.00
0.90 0.17 0.72 1.00 0.00
0.90 0.17 0.90 1.00 0.00
0.90 0.17 1.07 1.00 0.00
0.90 0.17 1.24 1.00 0.00
0.90 0.17 1.42 1.00 0.00
0.90 0.17 1.59 1.00 0.00
1.10 0.17 -1.33 1.00 0.00
1.10 0.17 -1.15 1.00 0.00
1.10 0.17 -0.98 1.00 0.00
1.10 0.17 -0.81 1.00 0.00
1.10 0.17 -0.63 1.00 0.00
1.10 0.17 -0.46 1.00 0.00
1.10 0.17 -0.28 1.00 0.00
1.10 0.17 -0.11 1.00 0.00
1.10 0.17 0.07 1.00 0.00
1.10 0.17 0.24 1.00 0.00
1.10 0.17 0.42 1.00 0.00
1.10 0.17 0.59 1.00 0.00
1.10 0.17 0.77 1.00 0.00
1.10 0.17 0.94 1.00 0.00
1.10 0.17 1.11 1.00 0.00
1.10 0.17 1.29 1.00 0.00
1.10 0.17 1.46 1.00 0.00
1.10 0.17 1.64 1.00 0.00
0.30 0.35 4.84 1.00 0.00
0.30 0.35 5.01 1.00 0.00
0.30 0.35 5.19 1.00 0.00
0.30 0.35 5.36 1.00 0.00
0.30 0.35 5.54 1.00 0.00
0.30 0.35 5.71 1.00 0.00
0.30 0.35 5.89 1.00 0.00
0.30 0.35 6.06 1.00 0.00
0.30 0.35 6.24 1.00 0.00
0.30 0.35 6.41 1.00 0.00
0.30 0.35 6.58 1.00 0.00
0.30 0.35 6.76 1.00 0.00
0.30 0.35 6.93 1.00 0.00
0.30 0.35 7.11 1.00 0.00
0.30 0.35 7.28 1.00 0.00
0.30 0.35 7.46 1.00 0.00
0.30 0.35 7.63 1.00 0.00
0.30 0.35 7.81 1.00 0.00
0.50 0.35 4.88 1.00 0.00
0.50 0.35 5.05 1.00 0.00
0.50 0.35 5.23 1.00 0.00
0.50 0.35 5.40 1.00 0.00
0.50 0.35 5.58 1.00 0.00
0.50 0.35 5.75 1.00 0.00
0.50 0.35 5.93 1.00 0.00
0.50 0.35 6.10 1.00 0.00
0.50 0.35 6.28 1.00 0.00
0.50 0.35 6.45 1.00 0.00
0.50 0.35 6.63 1.00 0.00
0.50 0.35 6.80 1.00 0.00
0.50 0.35 6.97 1.00 0.00
0.50 0.35 7.15 1.00 0.00
0.50 0.35 7.32 1.00 0.00
0.50 0.35 7.50 1.00 0.00
0.50 0.35 7.67 1.00 0.00
0.50 0.35 7.85 1.00 0.00
0.70 0.35 -1.36 1.00 0.00
0.70 0.35 -1.18 1.00 0.00
0.70 0.35 -1.01 1.00 0.00
0.70 0.35 -0.83 1.00 0.00
0.70 0.35 -0.66 1.00 0.00
0.70 0.35 -0.48 1.00 0.00
0.70 0.35 -0.31 1.00 0.00
0.70 0.35 -0.13 1.00 0.00
0.70 0.35 0.04 1.00 0.00
0.70 0.35 0.22 1.00 0.00
0.70 0.35 0.39 1.00 0.00
0.70 0.35 0.56 1.00 0.00
0.70 0.35 0.74 1.00 0.00
0.70 0.35 0.91 1.00 0.00
0.70 0.35 1.09 1.00 0.00
0.70 0.35 1.26 1.00 0.00
0.70 0.35 1.44 1.00 0.00
0.70 0.35 1.61 1.00 0.00
0.90 0.35 -1.30 1.00 0.00
0.90 0.35 -1.12 1.00 0.00
0.90 0.35 -0.95 1.00 0.00
0.90 0.35 -0.78 1.00 0.00
0.90 0.35 -0.60 1.00 0.00
0.90 0.35 -0.43 1.00 0.00
0.90 0.35 -0.25 1.00 0.00
0.90 0.35 -0.08 1.00 0.00
0.90 0.35 0.10 1.00 0.00
0.90 0.35 0.27 1.00 0.00
0.90 0.35 0.45 1.00 0.00
0.90 0.35 0.62 1.00 0.00
0.90 0.35 0.80 1.00 0.00
0.90 0.35 0.97 1.00 0.00
0.90 0.35 1.14 1.00 0.00
0.90 0.35 1.32 1.00 0.00
0.90 0.35 1.49 1.00 0.00
0.90 0.35 1.67 1.00 0.00
1.10 0.35 -1.23 1.00 0.00
1.10 0.35 -1.06 1.00 0.00
1.10 0.35 -0.88 1.00 0.00
1.10 0.35 -0.71 1.00 0.00
1.10 0.35 -0.53 1.00 0.00
1.10 0.35 -0.36 1.00 0.00
1.10 0.35 -0.18 1.00 0.00
1.10 0.35 -0.01 1.00 0.00
1.10 0.35 0.16 1.00 0.00
1.10 0.35 0.34 1.00 0.00
1.10 0.35 0.51 1.00 0.00
1.10 0.35 0.69 1.00 0.00
1.10 0.35 0.86 1.00 0.00
1.10 0.35 1.04 1.00 0.00
1.10 0.35 1.21 1.00 0.00
1.10 0.35 1.39 1.00 0.00
1.10 0.35 1.56 1.00 0.00
1.10 0.35 1.73 1.00 0.00
0.30 0.52 4.86 1.00 0.00
0.30 0.52 5.03 1.00 0.00
0.30 0.52 5.21 1.00 0.00
0.30 0.52 5.38 1.00 0.00
0.30 0.52 5.56 1.00 0.00
0.30 0.52 5.73 1.00 0.00
0.30 0.52 5.90 1.00 0.00
0.30 0.52 6.08 1.00 0.00
0.30 0.52 6.25 1.00 0.00
0.30 0.52 6.43 1.00 0.00
0.30 0.52 6.60 1.00 0.00
0.30 0.52 6.78 1.00 0.00
0.30 0.52 6.95 1.00 0.00
0.30 0.52 7.13 1.00 0.00
0.30 0.52 7.30 1.00 0.00
0.30 0.52 7.48 1.00 0.00
0.30 0.52 7.65 1.00 0.00
0.30 0.52 7.82 1.00 0.00
0.50 0.52 -1.37 1.00 0.00
0.50 0.52 -1.20 1.00 0.00
0.50 0.52 -1.02 1.00 0.00
0.50 0.52 -0.85 1.00 0.00
0.50 0.52 -0.67 1.00 0.00
0.50 0.52 -0.50 1.00 0.00
0.50 0.52 -0.32 1.00 0.00
0.50 0.52 -0.15 1.00 0.00
0.50 0.52 0.02 1.00 0.00
0.50 0.52 0.20 1.00 0.00
0.50 0.52 0.37 1.00 0.00
0.50 0.52 0.55 1.00 0.00
0.50 0.52 0.72 1.00 0.00
0.50 0.52 0.90 1.00 0.00
0.50 0.52 1.07 1.00 0.00
0.50 0.52 1.25 1.00 0.00
0.50 0.52 1.42 1.00 0.00
0.50 0.52 1.60 1.00 0.00
0.70 0.52 -1.31 1.00 0.00
0.70 0.52 -1.14 1.00 0.00
0.70 0.52 -0.96 1.00 0.00
0.70 0.52 -0.79 1.00 0.00
0.70 0.52 -0.61 1.00 0.00
0.70 0.52 -0.44 1.00 0.00
0.70 0.52 -0.26 1.00 0.00
0.70 0.52 -0.09 1.00 0.00
0.70 0.52 0.09 1.00 0.00
0.70 0.52 0.26 1.00 0.00
0.70 0.52 0.44 1.00 0.00
0.70 0.52 0.61 1.00 0.00
0.70 0.52 0.78 1.00 0.00
0.70 0.52 0.96 1.00 0.00
0.70 0.52 1.13 1.00 0.00
0.70 0.52 1.31 1.00 0.00
0.70 0.52 1.48 1.00 0.00
0.70 0.52 1.66 1.00 0.00
0.90 0.52 -1.24 1.00 0.00
0.90 0.52 -1.06 1.00 0.00
0.90 0.52 -0.89 1.00 0.00
0.90 0.52 -0.72 1.00 0.00
0.90 0.52 -0.54 1.00 0.00
0.90 0.52 -0.37 1.00 0.00
0.90 0.52 -0.19 1.00 0.00
0.90 0.52 -0.02 1.00 0.00
0.90 0.52 0.16 1.00 0.00
0.90 0.52 0.33 1.00 0.00
0.90 0.52 0.51 1.00 0.00
0.90 0.52 0.68 1.00 0.00
0.90 0.52 0.85 1.00 0.00
0.90 0.52 1.03 1.00 0.00
0.90 0.52 1.20 1.00 0.00
0.90 0.52 1.38 1.00 0.00
0.90 0.52 1.55 1.00 0.00
0.90 0.52 1.73 1.00 0.00
1.10 0.52 -1.16 1.00 0.00
1.10 0.52 -0.98 1.00 0.00
1.10 0.52 -0.81 1.00 0.00
1.10 0.52 -0.64 1.00 0.00
1.10 0.52 -0.46 1.00 0.00
1.10 0.52 -0.29 1.00 0.00
1.10 0.52 -0.11 1.00 0.00
1.10 0.52 0.06 1.00 0.00
1.10 0.52 0.24 1.00 0.00
1.10 0.52 0.41 1.00 0.00
1.10 0.52 0.59 1.00 0.00
1.10 0.52 0.76 1.00 0.00
1.10 0.52 0.94 1.00 0.00
1.10 0.52 1.11 1.00 0.00
1.10 0.52 1.28 1.00 0.00
1.10 0.52 1.46 1.00 0.00
1.10 0.52 1.63 1.00 0.00
1.10 0.52 1.81 1.00 0.00
0.30 0.70 4.87 1.00 0.00
0.30 0.70 5.05 1.00 0.00
0.30 0.70 5.22 1.00 0.00
0.30 0.70 5.40 1.00 0.00
0.30 0.70 5.57 1.00 0.00
0.30 0.70 5.75 1.00 0.00
0.30 0.70 5.92 1.00 0.00
0.30 0.70 6.09 1.00 0.00
0.30 0.70 6.27 1.00 0.00
0.30 0.70 6.44 1.00 0.00
0.30 0.70 6.62 1.00 0.00
0.30 0.70 6.79 1.00 0.00
0.30 0.70 6.97 1.00 0.00
0.30 0.70 7.14 1.00 0.00
0.30 0.70 7.32 1.00 0.00
0.30 0.70 7.49 1.00 0.00
0.30 0.70 7.66 1.00 0.00
0.30 0.70 7.84 1.00 0.00
0.50 0.70 -1.35 1.00 0.00
0.50 0.70 -1.17 1.00 0.00
0.50 0.70 -1.00 1.00 0.00
0.50 0.70 -0.82 1.00 0.00
0.50 0.70 -0.65 1.00 0.00
0.50 0.70 -0.47 1.00 0.00
0.50 0.70 -0.30 1.00 0.00
0.50 0.70 -0.12 1.00 0.00
0.50 0.70 0.05 1.00 0.00
0.50 0.70 0.22 1.00 0.00
0.50 0.70 0.40 1.00 0.00
0.50 0.70 0.57 1.00 0.00
0.50 0.70 0.75 1.00 0.00
0.50 0.70 0.92 1.00 0.00
0.50 0.70 1.10 1.00 0.00
0.50 0.70 1.27 1.00 0.00
0.50 0.70 1.45 1.00 0.00
0.50 0.70 1.62 1.00 0.00
0.70 0.70 -1.27 1.00 0.00
0.70 0.70 -1.10 1.00 0.00
0.70 0.70 -0.93 1.00 0.00
0.70 0.70 -0.75 1.00 0.00
0.70 0.70 -0.58 1.00 0.00
0.70 0.70 -0.40 1.00 0.00
0.70 0.70 -0.23 1.00 0.00
0.70 0.70 -0.05 1.00 0.00
0.70 0.70 0.12 1.00 0.00
0.70 0.70 0.30 1.00 0.00
0.70 0.70 0.47 1.00 0.00
0.70 0.70 0.64 1.00 0.00
0.70 0.70 0.82 1.00 0.00
0.70 0.70 0.99 1.00 0.00
0.70 0.70 1.17 1.00 0.00
0.70 0.70 1.34 1.00 0.00
0.70 0.70 1.52 1.00 0.00
0.70 0.70 1.69 1.00 0.00
0.90 0.70 -1.20 1.00 0.00
0.90 0.70 -1.02 1.00 0.00
0.90 0.70 -0.85 1.00 0.00
0.90 0.70 -0.67 1.00 0.00
0.90 0.70 -0.50 1.00 0.00
0.90 0.70 -0.32 1.00 0.00
0.90 0.70 -0.15 1.00 0.00
0.90 0.70 0.03 1.00 0.00
0.90 0.70 0.20 1.00 0.00
0.90 0.70 0.37 1.00 0.00
0.90 0.70 0.55 1.00 0.00
0.90 0.70 0.72 1.00 0.00
0.90 0.70 0.90 1.00 0.00
0.90 0.70 1.07 1.00 0.00
0.90 0.70 1.25 1.00 0.00
0.90 0.70 1.42 1.00 0.00
0.90 0.70 1.60 1.00 0.00
0.90 0.70 1.77 1.00 0.00
1.10 0.70 -1.11 1.00 0.00
1.10 0.70 -0.94 1.00 0.00
1.10 0.70 -0.76 1.00 0.00
1.10 0.70 -0.59 1.00 0.00
1.10 0.70 -0.41 1.00 0.00
1.10 0.70 -0.24 1.00 0.00
1.10 0.70 -0.06 1.00 0.00
1.10 0.70 0.11 1.00 0.00
1.10 0.70 0.29 1.00 0.00
1.10 0.70 0.46 1.00 0.00
1.10 0.70 0.64 1.00 0.00
1.10 0.70 0.81 1.00 0.00
1.10 0.70 0.98 1.00 0.00
1.10 0.70 1.16 1.00 0.00
1.10 0.70 1.33 1.00 0.00
1.10 0.70 1.51 1.00 0.00
1.10 0.70 1.68 1.00 0.00
1.10 0.70 1.86 1.00 0.00
0.30 0.87 4.88 1.00 0.00
0.30 0.87 5.06 1.00 0.00
0.30 0.87 5.23 1.00 0.00
0.30 0.87 5.41 1.00 0.00
0.30 0.87 5.58 1.00 0.00
0.30 0.87 5.76 1.00 0.00
0.30 0.87 5.93 1.00 0.00
0.30 0.87 6.11 1.00 0.00
0.30 0.87 6.28 1.00 0.00
0.30 0.87 6.46 1.00 0.00
0.30 0.87 6.63 1.00 0.00
0.30 0.87 6.80 1.00 0.00
0.30 0.87 6.98 1.00 0.00
0.30 0.87 7.15 1.00 0.00
0.30 0.87 7.33 1.00 0.00
0.30 0.87 7.50 1.00 0.00
0.30 0.87 7.68 1.00 0.00
0.30 0.87 7.85 1.00 0.00
0.50 0.87 -1.33 1.00 0.00
0.50 0.87 -1.15 1.00 0.00
0.50 0.87 -0.98 1.00 0.00
0.50 0.87 -0.80 1.00 0.00
0.50 0.87 -0.63 1.00 0.00
0.50 0.87 -0.45 1.00 0.00
0.50 0.87 -0.28 1.00 0.00
0.50 0.87 -0.11 1.00 0.00
0.50 0.87 0.07 1.00 0.00
0.50 0.87 0.24 1.00 0.00
0.50 0.87 0.42 1.00 0.00
0.50 0.87 0.59 1.00 0.00
0.50 0.87 0.77 1.00 0.00
0.50 0.87 0.94 1.00 0.00
0.50 0.87 1.12 1.00 0.00
0.50 0.87 1.29 1.00 0.00
0.50 0.87 1.47 1.00 0.00
0.50 0.87 1.64 1.00 0.00
0.70 0.87 -1.25 1.00 0.00
0.70 0.87 -1.08 1.00 0.00
0.70 0.87 -0.90 1.00 0.00
0.70 0.87 -0.73 1.00 0.00
0.70 0.87 -0.55 1.00 0.00
0.70 0.87 -0.38 1.00 0.00
0.70 0.87 -0.20 1.00 0.00
0.70 0.87 -0.03 1.00 0.00
0.70 0.87 0.15 1.00 0.00
0.70 0.87 0.32 1.00 0.00
0.70 0.87 0.49 1.00 0.00
0.70 0.87 0.67 1.00 0.00
0.70 0.87 0.84 1.00 0.00
0.70 0.87 1.02 1.00 0.00
0.70 0.87 1.19 1.00 0.00
0.70 0.87 1.37 1.00 0.00
0.70 0.87 1.54 1.00 0.00
0.70 0.87 1.72 1.00 0.00
0.90 0.87 -1.17 1.00 0.00
0.90 0.87 -0.99 1.00 0.00
0.90 0.87 -0.82 1.00 0.00
0.90 0.87 -0.65 1.00 0.00
0.90 0.87 -0.47 1.00 0.00
0.90 0.87 -0.30 1.00 0.00
0.90 0.87 -0.12 1.00 0.00
0.90 0.87 0.05 1.00 0.00
0.90 0.87 0.23 1.00 0.00
0.90 0.87 0.40 1.00 0.00
0.90 0.87 0.58 1.00 0.00
0.90 0.87 0.75 1.00 0.00
0.90 0.87 0.93 1.00 0.00
0.90 0.87 1.10 1.00 0.00
0.90 0.87 1.27 1.00 0.00
0.90 0.87 1.45 1.00 0.00
0.90 0.87 1.62 1.00 0.00
0.90 0.87 1.80 1.00 0.00
1.10 0.87 -1.08 1.00 0.00
1.10 0.87 -0.91 1.00 0.00
1.10 0.87 -0.73 1.00 0.00
1.10 0.87 -0.56 1.00 0.00
1.10 0.87 -0.38 1.00 0.00
1.10 0.87 -0.21 1.00 0.00
1.10 0.87 -0.04 1.00 0.00
1.10 0.87 0.14 1.00 0.00
1.10 0.87 0.31 1.00 0.00
1.10 0.87 0.49 1.00 0.00
1.10 0.87 0.66 1.00 0.00
1.10 0.87 0.84 1.00 0.00
1.10 0.87 1.01 1.00 0.00
1.10 0.87 1.19 1.00 0.00
1.10 0.87 1.36 1.00 0.00
1.10 0.87 1.54 1.00 0.00
1.10 0.87 1.71 1.00 0.00
1.10 0.87 1.88 1.00 0.00
0.30 1.05 -1.39 1.00 0.00
0.30 1.05 -1.22 1.00 0.00
0.30 1.05 -1.04 1.00 0.00
0.30 1.05 -0.87 1.00 0.00
0.30 1.05 -0.69 1.00 0.00
0.30 1.05 -0.52 1.00 0.00
0.30 1.05 -0.34 1.00 0.00
0.30 1.05 -0.17 1.00 0.00
0.30 1.05 0.01 1.00 0.00
0.30 1.05 0.18 1.00 0.00
0.30 1.05 0.36 1.00 0.00
0.30 1.05 0.53 1.00 0.00
0.30 1.05 0.70 1.00 0.00
0.30 1.05 0.88 1.00 0.00
0.30 1.05 1.05 1.00 0.00
0.30 1.05 1.23 1.00 0.00
0.30 1.05 1.40 1.00 0.00
0.30 1.05 1.58 1.00 0.00
0.50 1.05 -1.31 1.00 0.00
0.50 1.05 -1.14 1.00 0.00
0.50 1.05 -0.97 1.00 0.00
0.50 1.05 -0.79 1.00 0.00
0.50 1.05 -0.62 1.00 0.00
0.50 1.05 -0.44 1.00 0.00
0.50 1.05 -0.27 1.00 0.00
0.50 1.05 -0.09 1.00 0.00
0.50 1.05 0.08 1.00 0.00
0.50 1.05 0.26 1.00 0.00
0.50 1.05 0.43 1.00 0.00
0.50 1.05 0.61 1.00 0.00
0.50 1.05 0.78 1.00 0.00
0.50 1.05 0.95 1.00 0.00
0.50 1.05 1.13 1.00 0.00
0.50 1.05 1.30 1.00 0.00
0.50 1.05 1.48 1.00 0.00
0.50 1.05 1.65 1.00 0.00
0.70 1.05 -1.24 1.00 0.00
0.70 1.05 -1.06 1.00 0.00
0.70 1.05 -0.89 1.00 0.00
0.70 1.05 -0.71 1.00 0.00
0.70 1.05 -0.54 1.00 0.00
0.70 1.05 -0.36 1.00 0.00
0.70 1.05 -0.19 1.00 0.00
0.70 1.05 -0.01 1.00 0.00
0.70 1.05 0.16 1.00 0.00
0.70 1.05 0.33 1.00 0.00
0.70 1.05 0.51 1.00 0.00
0.70 1.05 0.68 1.00 0.00
0.70 1.05 0.86 1.00 0.00
0.70 1.05 1.03 1.00 0.00
0.70 1.05 1.21 1.00 0.00
0.70 1.05 1.38 1.00 0.00
0.70 1.05 1.56 1.00 0.00
0.70 1.05 1.73 1.00 0.00
0.90 1.05 -1.16 1.00 0.00
0.90 1.05 -0.98 1.00 0.00
0.90 1.05 -0.81 1.00 0.00
0.90 1.05 -0.63 1.00 0.00
0.90 1.05 -0.46 1.00 0.00
0.90 1.05 -0.28 1.00 0.00
0.90 1.05 -0.11 1.00 0.00
0.90 1.05 0.07 1.00 0.00
0.90 1.05 0.24 1.00 0.00
0.90 1.05 0.42 1.00 0.00
0.90 1.05 0.59 1.00 0.00
0.90 1.05 0.76 1.00 0.00
0.90 1.05 0.94 1.00 0.00
0.90 1.05 1.11 1.00 0.00
0.90 1.05 1.29 1.00 0.00
0.90 1.05 1.46 1.00 0.00
0.90 1.05 1.64 1.00 0.00
0.90 1.05 1.81 1.00 0.00
1.10 1.05 -1.07 1.00 0.00
1.10 1.05 -0.90 1.00 0.00
1.10 1.05 -0.72 1.00 0.00
1.10 1.05 -0.55 1.00 0.00
1.10 1.05 -0.37 1.00 0.00
1.10 1.05 -0.20 1.00 0.00
1.10 1.05 -0.03 1.00 0.00
1.10 1.05 0.15 1.00 0.00
1.10 1.05 0.32 1.00 0.00
1.10 1.05 0.50 1.00 0.00
1.10 1.05 0.67 1.00 0.00
1.10 1.05 0.85 1.00 0.00
1.10 1.05 1.02 1.00 0.00
1.10 1.05 1.20 1.00 0.00
1.10 1.05 1.37 1.00 0.00
1.10 1.05 1.54 1.00 0.00
1.10 1.05 1.72 1.00 0.00
1.10 1.05 1.89 1.00 0.00
0.30 1.22 -1.38 1.00 0.00
0.30 1.22 -1.21 1.00 0.00
0.30 1.22 -1.04 1.00 0.00
0.30 1.22 -0.86 1.00 0.00
0.30 1.22 -0.69 1.00 0.00
0.30 1.22 -0.51 1.00 0.00
0.30 1.22 -0.34 1.00 0.00
0.30 1.22 -0.16 1.00 0.00
0.30 1.22 0.01 1.00 0.00
0.30 1.22 0.19 1.00 0.00
0.30 1.22 0.36 1.00 0.00
0.30 1.22 0.53 1.00 0.00
0.30 1.22 0.71 1.00 0.00
0.30 1.22 0.88 1.00 0.00
0.30 1.22 1.06 1.00 0.00
0.30 1.22 1.23 1.00 0.00
0.30 1.22 1.41 1.00 0.00
0.30 1.22 1.58 1.00 0.00
0.50 1.22 -1.31 1.00 0.00
0.50 1.22 -1.13 1.00 0.00
0.50 1.22 -0.96 1.00 0.00
0.50 1.22 -0.79 1.00 0.00
0.50 1.22 -0.61 1.00 0.00
0.50 1.22 -0.44 1.00 0.00
0.50 1.22 -0.26 1.00 0.00
0.50 1.22 -0.09 1.00 0.00
0.50 1.22 0.09 1.00 0.00
0.50 1.22 0.26 1.00 0.00
0.50 1.22 0.44 1.00 0.00
0.50 1.22 0.61 1.00 0.00
0.50 1.22 0.79 1.00 0.00
0.50 1.22 0.96 1.00 0.00
0.50 1.22 1.13 1.00 0.00
0.50 1.22 1.31 1.00 0.00
0.50 1.22 1.48 1.00 0.00
0.50 1.22 1.66 1.00 0.00
0.70 1.22 -1.23 1.00 0.00
0.70 1.22 -1.06 1.00 0.00
0.70 1.22 -0.88 1.00 0.00
0.70 1.22 -0.71 1.00 0.00
0.70 1.22 -0.53 1.00 0.00
0.70 1.22 -0.36 1.00 0.00
0.70 1.22 -0.18 1.00 0.00
0.70 1.22 -0.01 1.00 0.00
0.70 1.22 0.16 1.00 0.00
0.70 1.22 0.34 1.00 0.00
0.70 1.22 0.51 1.00 0.00
0.70 1.22 0.69 1.00 0.00
0.70 1.22 0.86 1.00 0.00
0.70 1.22 1.04 1.00 0.00
0.70 1.22 1.21 1.00 0.00
0.70 1.22 1.39 1.00 0.00
0.70 1.22 1.56 1.00 0.00
0.70 1.22 1.74 1.00 0.00
0.90 1.22 -1.15 1.00 0.00
0.90 1.22 -0.98 1.00 0.00
0.90 1.22 -0.81 1.00 0.00
0.90 1.22 -0.63 1.00 0.00
0.90 1.22 -0.46 1.00 0.00
0.90 1.22 -0.28 1.00 0.00
0.90 1.22 -0.11 1.00 0.00
0.90 1.22 0.07 1.00 0.00
0.90 1.22 0.24 1.00 0.00
0.90 1.22 0.42 1.00 0.00
0.90 1.22 0.59 1.00 0.00
0.90 1.22 0.77 1.00 0.00
0.90 1.22 0.94 1.00 0.00
0.90 1.22 1.11 1.00 0.00
0.90 1.22 1.29 1.00 0.00
0.90 1.22 1.46 1.00 0.00
0.90 1.22 1.64 1.00 0.00
0.90 1.22 1.81 1.00 0.00
1.10 1.22 -1.08 1.00 0.00
1.10 1.22 -0.90 1.00 0.00
1.10 1.22 -0.73 1.00 0.00
1.10 1.22 -0.55 1.00 0.00
1.10 1.22 -0.38 1.00 0.00
1.10 1.22 -0.20 1.00 0.00
1.10 1.22 -0.03 1.00 0.00
1.10 1.22 0.14 1.00 0.00
1.10 1.22 0.32 1.00 0.00
1.10 1.22 0.49 1.00 0.00
1.10 1.22 0.67 1.00 0.00
1.10 1.22 0.84 1.00 0.00
1.10 1.22 1.02 1.00 0.00
1.10 1.22 1.19 1.00 0.00
1.10 1.22 1.37 1.00 0.00
1.10 1.22 1.54 1.00 0.00
1.10 1.22 1.72 1.00 0.00
1.10 1.22 1.89 1.00 0.00
0.30 1.40 -1.38 1.00 0.00
0.30 1.40 -1.21 1.00 0.00
0.30 1.40 -1.03 1.00 0.00
0.30 1.40 -0.86 1.00 0.00
0.30 1.40 -0.69 1.00 0.00
0.30 1.40 -0.51 1.00 0.00
0.30 1.40 -0.34 1.00 0.00
0.30 1.40 -0.16 1.00 0.00
0.30 1.40 0.01 1.00 0.00
0.30 1.40 0.19 1.00 0.00
0.30 1.40 0.36 1.00 0.00
0.30 1.40 0.54 1.00 0.00
0.30 1.40 0.71 1.00 0.00
0.30 1.40 0.89 1.00 0.00
0.30 1.40 1.06 1.00 0.00
0.30 1.40 1.23 1.00 0.00
0.30 1.40 1.41 1.00 0.00
0.30 1.40 1.58 1.00 0.00
0.50 1.40 -1.31 1.00 0.00
0.50 1.40 -1.13 1.00 0.00
0.50 1.40 -0.96 1.00 0.00
0.50 1.40 -0.79 1.00 0.00
0.50 1.40 -0.61 1.00 0.00
0.50 1.40 -0.44 1.00 0.00
0.50 1.40 -0.26 1.00 0.00
0.50 1.40 -0.09 1.00 0.00
0.50 1.40 0.09 1.00 0.00
0.50 1.40 0.26 1.00 0.00
0.50 1.40 0.44 1.00 0.00
0.50 1.40 0.61 1.00 0.00
0.50 1.40 0.79 1.00 0.00
0.50 1.40 0.96 1.00 0.00
0.50 1.40 1.13 1.00 0.00
0.50 1.40 1.31 1.00 0.00
0.50 1.40 1.48 1.00 0.00
0.50 1.40 1.66 1.00 0.00
0.70 1.40 -1.23 1.00 0.00
0.70 1.40 -1.06 1.00 0.00
0.70 1.40 -0.89 1.00 0.00
0.70 1.40 -0.71 1.00 0.00
0.70 1.40 -0.54 1.00 0.00
0.70 1.40 -0.36 1.00 0.00
0.70 1.40 -0.19 1.00 0.00
0.70 1.40 -0.01 1.00 0.00
0.70 1.40 0.16 1.00 0.00
0.70 1.40 0.34 1.00 0.00
0.70 1.40 0.51 1.00 0.00
0.70 1.40 0.68 1.00 0.00
0.70 1.40 0.86 1.00 0.00
0.70 1.40 1.03 1.00 0.00
0.70 1.40 1.21 1.00 0.00
0.70 1.40 1.38 1.00 0.00
0.70 1.40 1.56 1.00 0.00
0.70 1.40 1.73 1.00 0.00
0.90 1.40 -1.16 1.00 0.00
0.90 1.40 -0.99 1.00 0.00
0.90 1.40 -0.81 1.00 0.00
0.90 1.40 -0.64 1.00 0.00
0.90 1.40 -0.46 1.00 0.00
0.90 1.40 -0.29 1.00 0.00
0.90 1.40 -0.12 1.00 0.00
0.90 1.40 0.06 1.00 0.00
0.90 1.40 0.23 1.00 0.00
0.90 1.40 0.41 1.00 0.00
0.90 1.40 0.58 1.00 0.00
0.90 1.40 0.76 1.00 0.00
0.90 1.40 0.93 1.00 0.00
0.90 1.40 1.11 1.00 0.00
0.90 1.40 1.28 1.00 0.00
0.90 1.40 1.46 1.00 0.00
0.90 1.40 1.63 1.00 0.00
0.90 1.40 1.80 1.00 0.00
1.10 1.40 -1.09 1.00 0.00
1.10 1.40 -0.92 1.00 0.00
1.10 1.40 -0.74 1.00 0.00
1.10 1.40 -0.57 1.00 0.00
1.10 1.40 -0.40 1.00 0.00
1.10 1.40 -0.22 1.00 0.00
1.10 1.40 -0.05 1.00 0.00
1.10 1.40 0.13 1.00 0.00
1.10 1.40 0.30 1.00 0.00
1.10 1.40 0.48 1.00 0.00
1.10 1.40 0.65 1.00 0.00
1.10 1.40 0.83 1.00 0.00
1.10 1.40 1.00 1.00 0.00
1.10 1.40 1.18 1.00 0.00
1.10 1.40 1.35 1.00 0.00
1.10 1.40 1.52 1.00 0.00
1.10 1.40 1.70 1.00 0.00
1.10 1.40 1.87 1.00 0.00
0.30 1.57 -1.39 1.00 0.00
0.30 1.57 -1.21 1.00 0.00
0.30 1.57 -1.04 1.00 0.00
0.30 1.57 -0.86 1.00 0.00
0.30 1.57 -0.69 1.00 0.00
0.30 1.57 -0.51 1.00 0.00
0.30 1.57 -0.34 1.00 0.00
0.30 1.57 -0.16 1.00 0.00
0.30 1.57 0.01 1.00 0.00
0.30 1.57 0.19 1.00 0.00
0.30 1.57 0.36 1.00 0.00
0.30 1.57 0.53 1.00 0.00
0.30 1.57 0.71 1.00 0.00
0.30 1.57 0.88 1.00 0.00
0.30 1.57 1.06 1.00 0.00
0.30 1.57 1.23 1.00 0.00
0.30 1.57 1.41 1.00 0.00
0.30 1.57 1.58 1.00 0.00
0.50 1.57 -1.31 1.00 0.00
0.50 1.57 -1.14 1.00 0.00
0.50 1.57 -0.97 1.00 0.00
0.50 1.57 -0.79 1.00 0.00
0.50 1.57 -0.62 1.00 0.00
0.50 1.57 -0.44 1.00 0.00
0.50 1.57 -0.27 1.00 0.00
0.50 1.57 -0.09 1.00 0.00
0.50 1.57 0.08 1.00 0.00
0.50 1.57 0.26 1.00 0.00
0.50 1.57 0.43 1.00 0.00
0.50 1.57 0.61 1.00 0.00
0.50 1.57 0.78 1.00 0.00
0.50 1.57 0.95 1.00 0.00
0.50 1.57 1.13 1.00 0.00
0.50 1.57 1.30 1.00 0.00
0.50 1.57 1.48 1.00 0.00
0.50 1.57 1.65 1.00 0.00
0.70 1.57 -1.25 1.00 0.00
0.70 1.57 -1.07 1.00 0.00
0.70 1.57 -0.90 1.00 0.00
0.70 1.57 -0.72 1.00 0.00
0.70 1.57 -0.55 1.00 0.00
0.70 1.57 -0.37 1.00 0.00
0.70 1.57 -0.20 1.00 0.00
0.70 1.57 -0.02 1.00 0.00
0.70 1.57 0.15 1.00 0.00
0.70 1.57 0.33 1.00 0.00
0.70 1.57 0.50 1.00 0.00
0.70 1.57 0.67 1.00 0.00
0.70 1.57 0.85 1.00 0.00
0.70 1.57 1.02 1.00 0.00
0.70 1.57 1.20 1.00 0.00
0.70 1.57 1.37 1.00 0.00
0.70 1.57 1.55 1.00 0.00
0.70 1.57 1.72 1.00 0.00
0.90 1.57 -1.18 1.00 0.00
0.90 1.57 -1.01 1.00 0.00
0.90 1.57 -0.83 1.00 0.00
0.90 1.57 -0.66 1.00 0.00
0.90 1.57 -0.48 1.00 0.00
0.90 1.57 -0.31 1.00 0.00
0.90 1.57 -0.13 1.00 0.00
0.90 1.57 0.04 1.00 0.00
0.90 1.57 0.22 1.00 0.00
0.90 1.57 0.39 1.00 0.00
0.90 1.57 0.57 1.00 0.00
0.90 1.57 0.74 1.00 0.00
0.90 1.57 0.91 1.00 0.00
0.90 1.57 1.09 1.00 0.00
0.90 1.57 1.26 1.00 0.00
0.90 1.57 1.44 1.00 0.00
0.90 1.57 1.61 1.00 0.00
0.90 1.57 1.79 1.00 0.00
1.10 1.57 -1.12 1.00 0.00
1.10 1.57 -0.94 1.00 0.00
1.10 1.57 -0.77 1.00 0.00
1.10 1.57 -0.59 1.00 0.00
1.10 1.57 -0.42 1.00 0.00
1.10 1.57 -0.25 1.00 0.00
1.10 1.57 -0.07 1.00 0.00
1.10 1.57 0.10 1.00 0.00
1.10 1.57 0.28 1.00 0.00
1.10 1.57 0.45 1.00 0.00
1.10 1.57 0.63 1.00 0.00
1.10 1.57 0.80 1.00 0.00
1.10 1.57 0.98 1.00 0.00
1.10 1.57 1.15 1.00 0.00
1.10 1.57 1.33 1.00 0.00
1.10 1.57 1.50 1.00 0.00
1.10 1.57 1.67 1.00 0.00
1.10 1.57 1.85 1.00 0.00
0.30 1.75 -1.39 1.00 0.00
0.30 1.75 -1.22 1.00 0.00
0.30 1.75 -1.04 1.00 0.00
0.30 1.75 -0.87 1.00 0.00
0.30 1.75 -0.69 1.00 0.00
0.30 1.75 -0.52 1.00 0.00
0.30 1.75 -0.34 1.00 0.00
0.30 1.75 -0.17 1.00 0.00
0.30 1.75 0.01 1.00 0.00
0.30 1.75 0.18 1.00 0.00
0.30 1.75 0.35 1.00 0.00
0.30 1.75 0.53 1.00 0.00
0.30 1.75 0.70 1.00 0.00
0.30 1.75 0.88 1.00 0.00
0.30 1.75 1.05 1.00 0.00
0.30 1.75 1.23 1.00 0.00
0.30 1.75 1.40 1.00 0.00
0.30 1.75 1.58 1.00 0.00
0.50 1.75 -1.32 1.00 0.00
0.50 1.75 -1.15 1.00 0.00
0.50 1.75 -0.98 1.00 0.00
0.50 1.75 -0.80 1.00 0.00
0.50 1.75 -0.63 1.00 0.00
0.50 1.75 -0.45 1.00 0.00
0.50 1.75 -0.28 1.00 0.00
0.50 1.75 -0.10 1.00 0.00
0.50 1.75 0.07 1.00 0.00
0.50 1.75 0.25 1.00 0.00
0.50 1.75 0.42 1.00 0.00
0.50 1.75 0.60 1.00 0.00
0.50 1.75 0.77 1.00 0.00
0.50 1.75 0.94 1.00 0.00
0.50 1.75 1.12 1.00 0.00
0.50 1.75 1.29 1.00 0.00
0.50 1.75 1.47 1.00 0.00
0.50 1.75 1.64 1.00 0.00
0.70 1.75 -1.26 1.00 0.00
0.70 1.75 -1.09 1.00 0.00
0.70 1.75 -0.91 1.00 0.00
0.70 1.75 -0.74 1.00 0.00
0.70 1.75 -0.56 1.00 0.00
0.70 1.75 -0.39 1.00 0.00
0.70 1.75 -0.22 1.00 0.00
0.70 1.75 -0.04 1.00 0.00
0.70 1.75 0.13 1.00 0.00
0.70 1.75 0.31 1.00 0.00
0.70 1.75 0.48 1.00 0.00
0.70 1.75 0.66 1.00 0.00
0.70 1.75 0.83 1.00 0.00
0.70 1.75 1.01 1.00 0.00
0.70 1.75 1.18 1.00 0.00
0.70 1.75 1.36 1.00 0.00
0.70 1.75 1.53 1.00 0.00
0.70 1.75 1.70 1.00 0.00
0.90 1.75 -1.20 1.00 0.00
0.90 1.75 -1.03 1.00 0.00
0.90 1.75 -0.85 1.00 0.00
0.90 1.75 -0.68 1.00 0.00
0.90 1.75 -0.51 1.00 0.00
0.90 1.75 -0.33 1.00 0.00
0.90 1.75 -0.16 1.00 0.00
0.90 1.75 0.02 1.00 0.00
0.90 1.75 0.19 1.00 0.00
0.90 1.75 0.37 1.00 0.00
0.90 1.75 0.54 1.00 0.00
0.90 1.75 0.72 1.00 0.00
0.90 1.75 0.89 1.00 0.00
0.90 1.75 1.07 1.00 0.00
0.90 1.75 1.24 1.00 0.00
0.90 1.75 1.41 1.00 0.00
0.90 1.75 1.59 1.00 0.00
0.90 1.75 1.76 1.00 0.00
1.10 1.75 -1.15 1.00 0.00
1.10 1.75 -0.97 1.00 0.00
1.10 1.75 -0.80 1.00 0.00
1.10 1.75 -0.63 1.00 0.00
1.10 1.75 -0.45 1.00 0.00
1.10 1.75 -0.28 1.00 0.00
1.10 1.75 -0.10 1.00 0.00
1.10 1.75 0.07 1.00 0.00
1.10 1.75 0.25 1.00 0.00
1.10 1.75 0.42 1.00 0.00
1.10 1.75 0.60 1.00 0.00
1.10 1.75 0.77 1.00 0.00
1.10 1.75 0.95 1.00 0.00
1.10 1.75 1.12 1.00 0.00
1.10 1.75 1.29 1.00 0.00
1.10 1.75 1.47 1.00 0.00
1.10 1.75 1.64 1.00 0.00
1.10 1.75 1.82 1.00 0.00
0.30 1.92 4.88 1.00 0.00
0.30 1.92 5.06 1.00 0.00
0.30 1.92 5.23 1.00 0.00
0.30 1.92 5.41 1.00 0.00
0.30 1.92 5.58 1.00 0.00
0.30 1.92 5.76 1.00 0.00
0.30 1.92 5.93 1.00 0.00
0.30 1.92 6.11 1.00 0.00
0.30 1.92 6.28 1.00 0.00
0.30 1.92 6.46 1.00 0.00
0.30 1.92 6.63 1.00 0.00
0.30 1.92 6.80 1.00 0.00
0.30 1.92 6.98 1.00 0.00
0.30 1.92 7.15 1.00 0.00
0.30 1.92 7.33 1.00 0.00
0.30 1.92 7.50 1.00 0.00
0.30 1.92 7.68 1.00 0.00
0.30 1.92 7.85 1.00 0.00
0.50 1.92 -1.34 1.00 0.00
0.50 1.92 -1.16 1.00 0.00
0.50 1.92 -0.99 1.00 0.00
0.50 1.92 -0.82 1.00 0.00
0.50 1.92 -0.64 1.00 0.00
0.50 1.92 -0.47 1.00 0.00
0.50 1.92 -0.29 1.00 0.00
0.50 1.92 -0.12 1.00 0.00
0.50 1.92 0.06 1.00 0.00
0.50 1.92 0.23 1.00 0.00
0.50 1.92 0.41 1.00 0.00
0.50 1.92 0.58 1.00 0.00
0.50 1.92 0.76 1.00 0.00
0.50 1.92 0.93 1.00 0.00
0.50 1.92 1.10 1.00 0.00
0.50 1.92 1.28 1.00 0.00
0.50 1.92 1.45 1.00 0.00
0.50 1.92 1.63 1.00 0.00
0.70 1.92 -1.28 1.00 0.00
0.70 1.92 -1.11 1.00 0.00
0.70 1.92 -0.93 1.00 0.00
0.70 1.92 -0.76 1.00 0.00
0.70 1.92 -0.59 1.00 0.00
0.70 1.92 -0.41 1.00 0.00
0.70 1.92 -0.24 1.00 0.00
0.70 1.92 -0.06 1.00 0.00
0.70 1.92 0.11 1.00 0.00
0.70 1.92 0.29 1.00 0.00
0.70 1.92 0.46 1.00 0.00
0.70 1.92 0.64 1.00 0.00
0.70 1.92 0.81 1.00 0.00
0.70 1.92 0.98 1.00 0.00
0.70 1.92 1.16 1.00 0.00
0.70 1.92 1.33 1.00 0.00
0.70 1.92 1.51 1.00 0.00
0.70 1.92 1.68 1.00 0.00
0.90 1.92 -1.23 1.00 0.00
0.90 1.92 -1.06 1.00 0.00
0.90 1.92 -0.88 1.00 0.00
0.90 1.92 -0.71 1.00 0.00
0.90 1.92 -0.53 1.00 0.00
0.90 1.92 -0.36 1.00 0.00
0.90 1.92 -0.19 1.00 0.00
0.90 1.92 -0.01 1.00 0.00
0.90 1.92 0.16 1.00 0.00
0.90 1.92 0.34 1.00 0.00
0.90 1.92 0.51 1.00 0.00
0.90 1.92 0.69 1.00 0.00
0.90 1.92 0.86 1.00 0.00
0.90 1.92 1.04 1.00 0.00
0.90 1.92 1.21 1.00 0.00
0.90 1.92 1.38 1.00 0.00
0.90 1.92 1.56 1.00 0.00
0.90 1.92 1.73 1.00 0.00
1.10 1.92 -1.19 1.00 0.00
1.10 1.92 -1.01 1.00 0.00
1.10 1.92 -0.84 1.00 0.00
1.10 1.92 -0.66 1.00 0.00
1.10 1.92 -0.49 1.00 0.00
1.10 1.92 -0.31 1.00 0.00
1.10 1.92 -0.14 1.00 0.00
1.10 1.92 0.04 1.00 0.00
1.10 1.92 0.21 1.00 0.00
1.10 1.92 0.38 1.00 0.00
1.10 1.92 0.56 1.00 0.00
1.10 1.92 0.73 1.00 0.00
1.10 1.92 0.91 1.00 0.00
1.10 1.92 1.08 1.00 0.00
1.10 1.92 1.26 1.00 0.00
1.10 1.92 1.43 1.00 0.00
1.10 1.92 1.61 1.00 0.00
1.10 1.92 1.78 1.00 0.00
0.30 2.09 4.87 1.00 0.00
0.30 2.09 5.05 1.00 0.00
0.30 2.09 5.22 1.00 0.00
0.30 2.09 5.40 1.00 0.00
0.30 2.09 5.57 1.00 0.00
0.30 2.09 5.75 1.00 0.00
0.30 2.09 5.92 1.00 0.00
0.30 2.09 6.10 1.00 0.00
0.30 2.09 6.27 1.00 0.00
0.30 2.09 6.45 1.00 0.00
0.30 2.09 6.62 1.00 0.00
0.30 2.09 6.79 1.00 0.00
0.30 2.09 6.97 1.00 0.00
0.30 2.09 7.14 1.00 0.00
0.30 2.09 7.32 1.00 0.00
0.30 2.09 7.49 1.00 0.00
0.30 2.09 7.67 1.00 0.00
0.30 2.09 7.84 1.00 0.00
0.50 2.09 -1.36 1.00 0.00
0.50 2.09 -1.18 1.00 0.00
0.50 2.09 -1.01 1.00 0.00
0.50 2.09 -0.83 1.00 0.00
0.50 2.09 -0.66 1.00 0.00
0.50 2.09 -0.48 1.00 0.00
0.50 2.09 -0.31 1.00 0.00
0.50 2.09 -0.14 1.00 0.00
0.50 2.09 0.04 1.00 0.00
0.50 2.09 0.21 1.00 0.00
0.50 2.09 0.39 1.00 0.00
0.50 2.09 0.56 1.00 0.00
0.50 2.09 0.74 1.00 0.00
0.50 2.09 0.91 1.00 0.00
0.50 2.09 1.09 1.00 0.00
0.50 2.09 1.26 1.00 0.00
0.50 2.09 1.44 1.00 0.00
0.50 2.09 1.61 1.00 0.00
0.70 2.09 -1.31 1.00 0.00
0.70 2.09 -1.14 1.00 0.00
0.70 2.09 -0.96 1.00 0.00
0.70 2.09 -0.79 1.00 0.00
0.70 2.09 -0.61 1.00 0.00
0.70 2.09 -0.44 1.00 0.00
0.70 2.09 -0.26 1.00 0.00
0.70 2.09 -0.09 1.00 0.00
0.70 2.09 0.09 1.00 0.00
0.70 2.09 0.26 1.00 0.00
0.70 2.09 0.44 1.00 0.00
0.70 2.09 0.61 1.00 0.00
0.70 2.09 0.78 1.00 0.00
0.70 2.09 0.96 1.00 0.00
0.70 2.09 1.13 1.00 0.00
0.70 2.09 1.31 1.00 0.00
0.70 2.09 1.48 1.00 0.00
0.70 2.09 1.66 1.00 0.00
0.90 2.09 -1.27 1.00 0.00
0.90 2.09 -1.09 1.00 0.00
0.90 2.09 -0.92 1.00 0.00
0.90 2.09 -0.74 1.00 0.00
0.90 2.09 -0.57 1.00 0.00
0.90 2.09 -0.39 1.00 0.00
0.90 2.09 -0.22 1.00 0.00
0.90 2.09 -0.04 1.00 0.00
0.90 2.09 0.13 1.00 0.00
0.90 2.09 0.30 1.00 0.00
0.90 2.09 0.48 1.00 0.00
0.90 2.09 0.65 1.00 0.00
0.90 2.09 0.83 1.00 0.00
0.90 2.09 1.00 1.00 0.00
0.90 2.09 1.18 1.00 0.00
0.90 2.09 1.35 1.00 0.00
0.90 2.09 1.53 1.00 0.00
0.90 2.09 1.70 1.00 0.00
1.10 2.09 -1.23 1.00 0.00
1.10 2.09 -1.05 1.00 0.00
1.10 2.09 -0.88 1.00 0.00
1.10 2.09 -0.70 1.00 0.00
1.10 2.09 -0.53 1.00 0.00
1.10 2.09 -0.35 1.00 0.00
1.10 2.09 -0.18 1.00 0.00
1.10 2.09 -0.01 1.00 0.00
1.10 2.09 0.17 1.00 0.00
1.10 2.09 0.34 1.00 0.00
1.10 2.09 0.52 1.00 0.00
1.10 2.09 0.69 1.00 0.00
1.10 2.09 0.87 1.00 0.00
1.10 2.09 1.04 1.00 0.00
1.10 2.09 1.22 1.00 0.00
1.10 2.09 1.39 1.00 0.00
1.10 2.09 1.57 1.00 0.00
1.10 2.09 1.74 1.00 0.00
0.30 2.27 4.86 1.00 0.00
0.30 2.27 5.04 1.00 0.00
0.30 2.27 5.21 1.00 0.00
0.30 2.27 5.39 1.00 0.00
0.30 2.27 5.56 1.00 0.00
0.30 2.27 5.73 1.00 0.00
0.30 2.27 5.91 1.00 0.00
0.30 2.27 6.08 1.00 0.00
0.30 2.27 6.26 1.00 0.00
0.30 2.27 6.43 1.00 0.00
0.30 2.27 6.61 1.00 0.00
0.30 2.27 6.78 1.00 0.00
0.30 2.27 6.96 1.00 0.00
0.30 2.27 7.13 1.00 0.00
0.30 2.27 7.31 1.00 0.00
0.30 2.27 7.48 1.00 0.00
0.30 2.27 7.65 1.00 0.00
0.30 2.27 7.83 1.00 0.00
0.50 2.27 -1.38 1.00 0.00
0.50 2.27 -1.20 1.00 0.00
0.50 2.27 -1.03 1.00 0.00
0.50 2.27 -0.85 1.00 0.00
0.50 2.27 -0.68 1.00 0.00
0.50 2.27 -0.51 1.00 0.00
0.50 2.27 -0.33 1.00 0.00
0.50 2.27 -0.16 1.00 0.00
0.50 2.27 0.02 1.00 0.00
0.50 2.27 0.19 1.00 0.00
0.50 2.27 0.37 1.00 0.00
0.50 2.27 0.54 1.00 0.00
0.50 2.27 0.72 1.00 0.00
0.50 2.27 0.89 1.00 0.00
0.50 2.27 1.07 1.00 0.00
0.50 2.27 1.24 1.00 0.00
0.50 2.27 1.41 1.00 0.00
0.50 2.27 1.59 1.00 0.00
0.70 2.27 -1.34 1.00 0.00
0.70 2.27 -1.16 1.00 0.00
0.70 2.27 -0.99 1.00 0.00
0.70 2.27 -0.82 1.00 0.00
0.70 2.27 -0.64 1.00 0.00
0.70 2.27 -0.47 1.00 0.00
0.70 2.27 -0.29 1.00 0.00
0.70 2.27 -0.12 1.00 0.00
0.70 2.27 0.06 1.00 0.00
0.70 2.27 0.23 1.00 0.00
0.70 2.27 0.41 1.00 0.00
0.70 2.27 0.58 1.00 0.00
0.70 2.27 0.76 1.00 0.00
0.70 2.27 0.93 1.00 0.00
0.70 2.27 1.10 1.00 0.00
0.70 2.27 1.28 1.00 0.00
0.70 2.27 1.45 1.00 0.00
0.70 2.27 1.63 1.00 0.00
0.90 2.27 -1.30 1.00 0.00
0.90 2.27 -1.13 1.00 0.00
0.90 2.27 -0.95 1.00 0.00
0.90 2.27 -0.78 1.00 0.00
0.90 2.27 -0.61 1.00 0.00
0.90 2.27 -0.43 1.00 0.00
0.90 2.27 -0.26 1.00 0.00
0.90 2.27 -0.08 1.00 0.00
0.90 2.27 0.09 1.00 0.00
0.90 2.27 0.27 1.00 0.00
0.90 2.27 0.44 1.00 0.00
0.90 2.27 0.62 1.00 0.00
0.90 2.27 0.79 1.00 0.00
0.90 2.27 0.97 1.00 0.00
0.90 2.27 1.14 1.00 0.00
0.90 2.27 1.31 1.00 0.00
0.90 2.27 1.49 1.00 0.00
0.90 2.27 1.66 1.00 0.00
1.10 2.27 -1.27 1.00 0.00
1.10 2.27 -1.10 1.00 0.00
1.10 2.27 -0.92 1.00 0.00
1.10 2.27 -0.75 1.00 0.00
1.10 2.27 -0.57 1.00 0.00
1.10 2.27 -0.40 1.00 0.00
1.10 2.27 -0.22 1.00 0.00
1.10 2.27 -0.05 1.00 0.00
1.10 2.27 0.13 1.00 0.00
1.10 2.27 0.30 1.00 0.00
1.10 2.27 0.47 1.00 0.00
1.10 2.27 0.65 1.00 0.00
1.10 2.27 0.82 1.00 0.00
1.10 2.27 1.00 1.00 0.00
1.10 2.27 1.17 1.00 0.00
1.10 2.27 1.35 1.00 0.00
1.10 2.27 1.52 1.00 0.00
1.10 2.27 1.70 1.00 0.00
0.30 2.44 4.85 1.00 0.00
0.30 2.44 5.02 1.00 0.00
0.30 2.44 5.20 1.00 0.00
0.30 2.44 5.37 1.00 0.00
0.30 2.44 5.55 1.00 0.00
0.30 2.44 5.72 1.00 0.00
0.30 2.44 5.89 1.00 0.00
0.30 2.44 6.07 1.00 0.00
0.30 2.44 6.24 1.00 0.00
0.30 2.44 6.42 1.00 0.00
0.30 2.44 6.59 1.00 0.00
0.30 2.44 6.77 1.00 0.00
0.30 2.44 6.94 1.00 0.00
0.30 2.44 7.12 1.00 0.00
0.30 2.44 7.29 1.00 0.00
0.30 2.44 7.47 1.00 0.00
0.30 2.44 7.64 1.00 0.00
0.30 2.44 7.81 1.00 0.00
0.50 2.44 4.88 1.00 0.00
0.50 2.44 5.06 1.00 0.00
0.50 2.44 5.23 1.00 0.00
0.50 2.44 5.41 1.00 0.00
0.50 2.44 5.58 1.00 0.00
0.50 2.44 5.75 1.00 0.00
0.50 2.44 5.93 1.00 0.00
0.50 2.44 6.10 1.00 0.00
0.50 2.44 6.28 1.00 0.00
0.50 2.44 6.45 1.00 0.00
0.50 2.44 6.63 1.00 0.00
0.50 2.44 6.80 1.00 0.00
0.50 2.44 6.98 1.00 0.00
0.50 2.44 7.15 1.00 0.00
0.50 2.44 7.33 1.00 0.00
0.50 2.44 7.50 1.00 0.00
0.50 2.44 7.67 1.00 0.00
0.50 2.44 7.85 1.00 0.00
0.70 2.44 -1.37 1.00 0.00
0.70 2.44 -1.20 1.00 0.00
0.70 2.44 -1.02 1.00 0.00
0.70 2.44 -0.85 1.00 0.00
0.70 2.44 -0.67 1.00 0.00
0.70 2.44 -0.50 1.00 0.00
0.70 2.44 -0.32 1.00 0.00
0.70 2.44 -0.15 1.00 0.00
0.70 2.44 0.03 1.00 0.00
0.70 2.44 0.20 1.00 0.00
0.70 2.44 0.37 1.00 0.00
0.70 2.44 0.55 1.00 0.00
0.70 2.44 0.72 1.00 0.00
0.70 2.44 0.90 1.00 0.00
0.70 2.44 1.07 1.00 0.00
0.70 2.44 1.25 1.00 0.00
0.70 2.44 1.42 1.00 0.00
0.70 2.44 1.60 1.00 0.00
0.90 2.44 -1.34 1.00 0.00
0.90 2.44 -1.17 1.00 0.00
0.90 2.44 -0.99 1.00 0.00
0.90 2.44 -0.82 1.00 0.00
0.90 2.44 -0.64 1.00 0.00
0.90 2.44 -0.47 1.00 0.00
0.90 2.44 -0.30 1.00 0.00
0.90 2.44 -0.12 1.00 0.00
0.90 2.44 0.05 1.00 0.00
0.90 2.44 0.23 1.00 0.00
0.90 2.44 0.40 1.00 0.00
0.90 2.44 0.58 1.00 0.00
0.90 2.44 0.75 1.00 0.00
0.90 2.44 0.93 1.00 0.00
0.90 2.44 1.10 1.00 0.00
0.90 2.44 1.28 1.00 0.00
0.90 2.44 1.45 1.00 0.00
0.90 2.44 1.62 1.00 0.00
1.10 2.44 -1.32 1.00 0.00
1.10 2.44 -1.14 1.00 0.00
1.10 2.44 -0.97 1.00 0.00
1.10 2.44 -0.79 1.00 0.00
1.10 2.44 -0.62 1.00 0.00
1.10 2.44 -0.45 1.00 0.00
1.10 2.44 -0.27 1.00 0.00
1.10 2.44 -0.10 1.00 0.00
1.10 2.44 0.08 1.00 0.00
1.10 2.44 0.25 1.00 0.00
1.10 2.44 0.43 1.00 0.00
1.10 2.44 0.60 1.00 0.00
1.10 2.44 0.78 1.00 0.00
1.10 2.44 0.95 1.00 0.00
1.10 2.44 1.13 1.00 0.00
1.10 2.44 1.30 1.00 0.00
1.10 2.44 1.47 1.00 0.00
1.10 2.44 1.65 1.00 0.00
0.30 2.62 4.83 1.00 0.00
0.30 2.62 5.01 1.00 0.00
0.30 2.62 5.18 1.00 0.00
0.30 2.62 5.36 1.00 0.00
0.30 2.62 5.53 1.00 0.00
0.30 2.62 5.70 1.00 0.00
0.30 2.62 5.88 1.00 0.00
0.30 2.62 6.05 1.00 0.00
0.30 2.62 6.23 1.00 0.00
0.30 2.62 6.40 1.00 0.00
0.30 2.62 6.58 1.00 0.00
0.30 2.62 6.75 1.00 0.00
0.30 2.62 6.93 1.00 0.00
0.30 2.62 7.10 1.00 0.00
0.30 2.62 7.28 1.00 0.00
0.30 2.62 7.45 1.00 0.00
0.30 2.62 7.62 1.00 0.00
0.30 2.62 7.80 1.00 0.00
0.50 2.62 4.86 1.00 0.00
0.50 2.62 5.03 1.00 0.00
0.50 2.62 5.21 1.00 0.00
0.50 2.62 5.38 1.00 0.00
0.50 2.62 5.55 1.00 0.00
0.50 2.62 5.73 1.00 0.00
0.50 2.62 5.90 1.00 0.00
0.50 2.62 6.08 1.00 0.00
0.50 2.62 6.25 1.00 0.00
0.50 2.62 6.43 1.00 0.00
0.50 2.62 6.60 1.00 0.00
0.50 2.62 6.78 1.00 0.00
0.50 2.62 6.95 1.00 0.00
0.50 2.62 7.13 1.00 0.00
0.50 2.62 7.30 1.00 0.00
0.50 2.62 7.47 1.00 0.00
0.50 2.62 7.65 1.00 0.00
0.50 2.62 7.82 1.00 0.00
0.70 2.62 4.88 1.00 0.00
0.70 2.62 5.05 1.00 0.00
0.70 2.62 5.23 1.00 0.00
0.70 2.62 5.40 1.00 0.00
0.70 2.62 5.58 1.00 0.00
0.70 2.62 5.75 1.00 0.00
0.70 2.62 5.93 1.00 0.00
0.70 2.62 6.10 1.00 0.00
0.70 2.62 6.28 1.00 0.00
0.70 2.62 6.45 1.00 0.00
0.70 2.62 6.62 1.00 0.00
0.70 2.62 6.80 1.00 0.00
0.70 2.62 6.97 1.00 0.00
0.70 2.62 7.15 1.00 0.00
0.70 2.62 7.32 1.00 0.00
0.70 2.62 7.50 1.00 0.00
0.70 2.62 7.67 1.00 0.00
0.70 2.62 7.85 1.00 0.00
0.90 2.62 -1.38 1.00 0.00
0.90 2.62 -1.21 1.00 0.00
0.90 2.62 -1.04 1.00 0.00
0.90 2.62 -0.86 1.00 0.00
0.90 2.62 -0.69 1.00 0.00
0.90 2.62 -0.51 1.00 0.00
0.90 2.62 -0.34 1.00 0.00
0.90 2.62 -0.16 1.00 0.00
0.90 2.62 0.01 1.00 0.00
0.90 2.62 0.19 1.00 0.00
0.90 2.62 0.36 1.00 0.00
0.90 2.62 0.54 1.00 0.00
0.90 2.62 0.71 1.00 0.00
0.90 2.62 0.88 1.00 0.00
0.90 2.62 1.06 1.00 0.00
0.90 2.62 1.23 1.00 0.00
0.90 2.62 1.41 1.00 0.00
0.90 2.62 1.58 1.00 0.00
1.10 2.62 -1.37 1.00 0.00
1.10 2.62 -1.19 1.00 0.00
1.10 2.62 -1.02 1.00 0.00
1.10 2.62 -0.84 1.00 0.00
1.10 2.62 -0.67 1.00 0.00
1.10 2.62 -0.49 1.00 0.00
1.10 2.62 -0.32 1.00 0.00
1.10 2.62 -0.14 1.00 0.00
1.10 2.62 0.03 1.00 0.00
1.10 2.62 0.20 1.00 0.00
1.10 2.62 0.38 1.00 0.00
1.10 2.62 0.55 1.00 0.00
1.10 2.62 0.73 1.00 0.00
1.10 2.62 0.90 1.00 0.00
1.10 2.62 1.08 1.00 0.00
1.10 2.62 1.25 1.00 0.00
1.10 2.62 1.43 1.00 0.00
1.10 2.62 1.60 1.00 0.00
0.30 2.79 4.81 1.00 0.00
0.30 2.79 4.99 1.00 0.00
0.30 2.79 5.16 1.00 0.00
0.30 2.79 5.34 1.00 0.00
0.30 2.79 5.51 1.00 0.00
0.30 2.79 5.69 1.00 0.00
0.30 2.79 5.86 1.00 0.00
0.30 2.79 6.04 1.00 0.00
0.30 2.79 6.21 1.00 0.00
0.30 2.79 6.39 1.00 0.00
0.30 2.79 6.56 1.00 0.00
0.30 2.79 6.73 1.00 0.00
0.30 2.79 6.91 1.00 0.00
0.30 2.79 7.08 1.00 0.00
0.30 2.79 7.26 1.00 0.00
0.30 2.79 7.43 1.00 0.00
0.30 2.79 7.61 1.00 0.00
0.30 2.79 7.78 1.00 0.00
0.50 2.79 4.83 1.00 0.00
0.50 2.79 5.00 1.00 0.00
0.50 2.79 5.18 1.00 0.00
0.50 2.79 5.35 1.00 0.00
0.50 2.79 5.53 1.00 0.00
0.50 2.79 5.70 1.00 0.00
0.50 2.79 5.88 1.00 0.00
0.50 2.79 6.05 1.00 0.00
0.50 2.79 6.23 1.00 0.00
0.50 2.79 6.40 1.00 0.00
0.50 2.79 6.58 1.00 0.00
0.50 2.79 6.75 1.00 0.00
0.50 2.79 6.92 1.00 0.00
0.50 2.79 7.10 1.00 0.00
0.50 2.79 7.27 1.00 0.00
0.50 2.79 7.45 1.00 0.00
0.50 2.79 7.62 1.00 0.00
0.50 2.79 7.80 1.00 0.00
0.70 2.79 4.84 1.00 0.00
0.70 2.79 5.02 1.00 0.00
0.70 2.79 5.19 1.00 0.00
0.70 2.79 5.37 1.00 0.00
0.70 2.79 5.54 1.00 0.00
0.70 2.79 5.72 1.00 0.00
0.70 2.79 5.89 1.00 0.00
0.70 2.79 6.07 1.00 0.00
0.70 2.79 6.24 1.00 0.00
0.70 2.79 6.41 1.00 0.00
0.70 2.79 6.59 1.00 0.00
0.70 2.79 6.76 1.00 0.00
0.70 2.79 6.94 1.00 0.00
0.70 2.79 7.11 1.00 0.00
0.70 2.79 7.29 1.00 0.00
0.70 2.79 7.46 1.00 0.00
0.70 2.79 7.64 1.00 0.00
0.70 2.79 7.81 1.00 0.00
0.90 2.79 4.86 1.00 0.00
0.90 2.79 5.03 1.00 0.00
0.90 2.79 5.21 1.00 0.00
0.90 2.79 5.38 1.00 0.00
0.90 2.79 5.55 1.00 0.00
0.90 2.79 5.73 1.00 0.00
0.90 2.79 5.90 1.00 0.00
0.90 2.79 6.08 1.00 0.00
0.90 2.79 6.25 1.00 0.00
0.90 2.79 6.43 1.00 0.00
0.90 2.79 6.60 1.00 0.00
0.90 2.79 6.78 1.00 0.00
0.90 2.79 6.95 1.00 0.00
0.90 2.79 7.13 1.00 0.00
0.90 2.79 7.30 1.00 0.00
0.90 2.79 7.47 1.00 0.00
0.90 2.79 7.65 1.00 0.00
0.90 2.79 7.82 1.00 0.00
1.10 2.79 4.87 1.00 0.00
1.10 2.79 5.04 1.00 0.00
1.10 2.79 5.22 1.00 0.00
1.10 2.79 5.39 1.00 0.00
1.10 2.79 5.57 1.00 0.00
1.10 2.79 5.74 1.00 0.00
1.10 2.79 5.91 1.00 0.00
1.10 2.79 6.09 1.00 0.00
1.10 2.79 6.26 1.00 0.00
1.10 2.79 6.44 1.00 0.00
1.10 2.79 6.61 1.00 0.00
1.10 2.79 6.79 1.00 0.00
1.10 2.79 6.96 1.00 0.00
1.10 2.79 7.14 1.00 0.00
1.10 2.79 7.31 1.00 0.00
1.10 2.79 7.48 1.00 0.00
1.10 2.79 7.66 1.00 0.00
1.10 2.79 7.83 1.00 0.00
0.30 2.97 4.80 1.00 0.00
0.30 2.97 4.97 1.00 0.00
0.30 2.97 5.15 1.00 0.00
0.30 2.97 5.32 1.00 0.00
0.30 2.97 5.50 1.00 0.00
0.30 2.97 5.67 1.00 0.00
0.30 2.97 5.84 1.00 0.00
0.30 2.97 6.02 1.00 0.00
0.30 2.97 6.19 1.00 0.00
0.30 2.97 6.37 1.00 0.00
0.30 2.97 6.54 1.00 0.00
0.30 2.97 6.72 1.00 0.00
0.30 2.97 6.89 1.00 0.00
0.30 2.97 7.07 1.00 0.00
0.30 2.97 7.24 1.00 0.00
0.30 2.97 7.42 1.00 0.00
0.30 2.97 7.59 1.00 0.00
0.30 2.97 7.76 1.00 0.00
0.50 2.97 4.80 1.00 0.00
0.50 2.97 4.98 1.00 0.00
0.50 2.97 5.15 1.00 0.00
0.50 2.97 5.33 1.00 0.00
0.50 2.97 5.50 1.00 0.00
0.50 2.97 5.68 1.00 0.00
0.50 2.97 5.85 1.00 0.00
0.50 2.97 6.02 1.00 0.00
0.50 2.97 6.20 1.00 0.00
0.50 2.97 6.37 1.00 0.00
0.50 2.97 6.55 1.00 0.00
0.50 2.97 6.72 1.00 0.00
0.50 2.97 6.90 1.00 0.00
0.50 2.97 7.07 1.00 0.00
0.50 2.97 7.25 1.00 0.00
0.50 2.97 7.42 1.00 0.00
0.50 2.97 7.60 1.00 0.00
0.50 2.97 7.77 1.00 0.00
0.70 2.97 4.81 1.00 0.00
0.70 2.97 4.98 1.00 0.00
0.70 2.97 5.16 1.00 0.00
0.70 2.97 5.33 1.00 0.00
0.70 2.97 5.51 1.00 0.00
0.70 2.97 5.68 1.00 0.00
0.70 2.97 5.86 1.00 0.00
0.70 2.97 6.03 1.00 0.00
0.70 2.97 6.20 1.00 0.00
0.70 2.97 6.38 1.00 0.00
0.70 2.97 6.55 1.00 0.00
0.70 2.97 6.73 1.00 0.00
0.70 2.97 6.90 1.00 0.00
0.70 2.97 7.08 1.00 0.00
0.70 2.97 7.25 1.00 0.00
0.70 2.97 7.43 1.00 0.00
0.70 2.97 7.60 1.00 0.00
0.70 2.97 7.78 1.00 0.00
0.90 2.97 4.81 1.00 0.00
0.90 2.97 4.99 1.00 0.00
0.90 2.97 5.16 1.00 0.00
0.90 2.97 5.34 1.00 0.00
0.90 2.97 5.51 1.00 0.00
0.90 2.97 5.69 1.00 0.00
0.90 2.97 5.86 1.00 0.00
0.90 2.97 6.03 1.00 0.00
0.90 2.97 6.21 1.00 0.00
0.90 2.97 6.38 1.00 0.00
0.90 2.97 6.56 1.00 0.00
0.90 2.97 6.73 1.00 0.00
0.90 2.97 6.91 1.00 0.00
0.90 2.97 7.08 1.00 0.00
0.90 2.97 7.26 1.00 0.00
0.90 2.97 7.43 1.00 0.00
0.90 2.97 7.61 1.00 0.00
0.90 2.97 7.78 1.00 0.00
1.10 2.97 4.82 1.00 0.00
1.10 2.97 4.99 1.00 0.00
1.10 2.97 5.17 1.00 0.00
1.10 2.97 5.34 1.00 0.00
1.10 2.97 5.51 1.00 0.00
1.10 2.97 5.69 1.00 0.00
1.10 2.97 5.86 1.00 0.00
1.10 2.97 6.04 1.00 0.00
1.10 2.97 6.21 1.00 0.00
1.10 2.97 6.39 1.00 0.00
1.10 2.97 6.56 1.00 0.00
1.10 2.97 6.74 1.00 0.00
1.10 2.97 6.91 1.00 0.00
1.10 2.97 7.09 1.00 0.00
1.10 2.97 7.26 1.00 0.00
1.10 2.97 7.43 1.00 0.00
1.10 2.97 7.61 1.00 0.00
1.10 2.97 7.78 1.00 0.00
0.30 3.14 4.78 1.00 0.00
0.30 3.14 4.95 1.00 0.00
0.30 3.14 5.13 1.00 0.00
0.30 3.14 5.30 1.00 0.00
0.30 3.14 5.48 1.00 0.00
0.30 3.14 5.65 1.00 0.00
0.30 3.14 5.83 1.00 0.00
0.30 3.14 6.00 1.00 0.00
0.30 3.14 6.18 1.00 0.00
0.30 3.14 6.35 1.00 0.00
0.30 3.14 6.53 1.00 0.00
0.30 3.14 6.70 1.00 0.00
0.30 3.14 6.87 1.00 0.00
0.30 3.14 7.05 1.00 0.00
0.30 3.14 7.22 1.00 0.00
0.30 3.14 7.40 1.00 0.00
0.30 3.14 7.57 1.00 0.00
0.30 3.14 7.75 1.00 0.00
0.50 3.14 4.78 1.00 0.00
0.50 3.14 4.95 1.00 0.00
0.50 3.14 5.12 1.00 0.00
0.50 3.14 5.30 1.00 0.00
0.50 3.14 5.47 1.00 0.00
0.50 3.14 5.65 1.00 0.00
0.50 3.14 5.82 1.00 0.00
0.50 3.14 6.00 1.00 0.00
0.50 3.14 6.17 1.00 0.00
0.50 3.14 6.35 1.00 0.00
0.50 3.14 6.52 1.00 0.00
0.50 3.14 6.70 1.00 0.00
0.50 3.14 6.87 1.00 0.00
0.50 3.14 7.04 1.00 0.00
0.50 3.14 7.22 1.00 0.00
0.50 3.14 7.39 1.00 0.00
0.50 3.14 7.57 1.00 0.00
0.50 3.14 7.74 1.00 0.00
0.70 3.14 4.77 1.00 0.00
0.70 3.14 4.95 1.00 0.00
0.70 3.14 5.12 1.00 0.00
0.70 3.14 5.30 1.00 0.00
0.70 3.14 5.47 1.00 0.00
0.70 3.14 5.64 1.00 0.00
0.70 3.14 5.82 1.00 0.00
0.70 3.14 5.99 1.00 0.00
0.70 3.14 6.17 1.00 0.00
0.70 3.14 6.34 1.00 0.00
0.70 3.14 6.52 1.00 0.00
0.70 3.14 6.69 1.00 0.00
0.70 3.14 6.87 1.00 0.00
0.70 3.14 7.04 1.00 0.00
0.70 3.14 7.22 1.00 0.00
0.70 3.14 7.39 1.00 0.00
0.70 3.14 7.56 1.00 0.00
0.70 3.14 7.74 1.00 0.00
0.90 3.14 4.77 1.00 0.00
0.90 3.14 4.94 1.00 0.00
0.90 3.14 5.12 1.00 0.00
0.90 3.14 5.29 1.00 0.00
0.90 3.14 5.47 1.00 0.00
0.90 3.14 5.64 1.00 0.00
0.90 3.14 5.82 1.00 0.00
0.90 3.14 5.99 1.00 0.00
0.90 3.14 6.17 1.00 0.00
0.90 3.14 6.34 1.00 0.00
0.90 3.14 6.51 1.00 0.00
0.90 3.14 6.69 1.00 0.00
0.90 3.14 6.86 1.00 0.00
0.90 3.14 7.04 1.00 0.00
0.90 3.14 7.21 1.00 0.00
0.90 3.14 7.39 1.00 0.00
0.90 3.14 7.56 1.00 0.00
0.90 3.14 7.74 1.00 0.00
1.10 3.14 4.77 1.00 0.00
1.10 3.14 4.94 1.00 0.00
1.10 3.14 5.11 1.00 0.00
1.10 3.14 5.29 1.00 0.00
1.10 3.14 5.46 1.00 0.00
1.10 3.14 5.64 1.00 0.00
1.10 3.14 5.81 1.00 0.00
1.10 3.14 5.99 1.00 0.00
1.10 3.14 6.16 1.00 0.00
1.10 3.14 6.34 1.00 0.00
1.10 3.14 6.51 1.00 0.00
1.10 3.14 6.69 1.00 0.00
1.10 3.14 6.86 1.00 0.00
1.10 3.14 7.03 1.00 0.00
1.10 3.14 7.21 1.00 0.00
1.10 3.14 7.38 1.00 0.00
1.10 3.14 7.56 1.00 0.00
1.10 3.14 7.73 1.00 0.00
0.30 3.32 4.76 1.00 0.00
0.30 3.32 4.94 1.00 0.00
0.30 3.32 5.11 1.00 0.00
0.30 3.32 5.29 1.00 0.00
0.30 3.32 5.46 1.00 0.00
0.30 3.32 5.64 1.00 0.00
0.30 3.32 5.81 1.00 0.00
0.30 3.32 5.98 1.00 0.00
0.30 3.32 6.16 1.00 0.00
0.30 3.32 6.33 1.00 0.00
0.30 3.32 6.51 1.00 0.00
0.30 3.32 6.68 1.00 0.00
0.30 3.32 6.86 1.00 0.00
0.30 3.32 7.03 1.00 0.00
0.30 3.32 7.21 1.00 0.00
0.30 3.32 7.38 1.00 0.00
0.30 3.32 7.56 1.00 0.00
0.30 3.32 7.73 1.00 0.00
0.50 3.32 4.75 1.00 0.00
0.50 3.32 4.92 1.00 0.00
0.50 3.32 5.10 1.00 0.00
0.50 3.32 5.27 1.00 0.00
0.50 3.32 5.45 1.00 0.00
0.50 3.32 5.62 1.00 0.00
0.50 3.32 5.80 1.00 0.00
0.50 3.32 5.97 1.00 0.00
0.50 3.32 6.14 1.00 0.00
0.50 3.32 6.32 1.00 0.00
0.50 3.32 6.49 1.00 0.00
0.50 3.32 6.67 1.00 0.00
0.50 3.32 6.84 1.00 0.00
0.50 3.32 7.02 1.00 0.00
0.50 3.32 7.19 1.00 0.00
0.50 3.32 7.37 1.00 0.00
0.50 3.32 7.54 1.00 0.00
0.50 3.32 7.72 1.00 0.00
0.70 3.32 4.74 1.00 0.00
0.70 3.32 4.91 1.00 0.00
0.70 3.32 5.09 1.00 0.00
0.70 3.32 5.26 1.00 0.00
0.70 3.32 5.43 1.00 0.00
0.70 3.32 5.61 1.00 0.00
0.70 3.32 5.78 1.00 0.00
0.70 3.32 5.96 1.00 0.00
0.70 3.32 6.13 1.00 0.00
0.70 3.32 6.31 1.00 0.00
0.70 3.32 6.48 1.00 0.00
0.70 3.32 6.66 1.00 0.00
0.70 3.32 6.83 1.00 0.00
0.70 3.32 7.01 1.00 0.00
0.70 3.32 7.18 1.00 0.00
0.70 3.32 7.35 1.00 0.00
0.70 3.32 7.53 1.00 0.00
0.70 3.32 7.70 1.00 0.00
0.90 3.32 4.73 1.00 0.00
0.90 3.32 4.90 1.00 0.00
0.90 3.32 5.07 1.00 0.00
0.90 3.32 5.25 1.00 0.00
0.90 3.32 5.42 1.00 0.00
0.90 3.32 5.60 1.00 0.00
0.90 3.32 5.77 1.00 0.00
0.90 3.32 5.95 1.00 0.00
0.90 3.32 6.12 1.00 0.00
0.90 3.32 6.30 1.00 0.00
0.90 3.32 6.47 1.00 0.00
0.90 3.32 6.64 1.00 0.00
0.90 3.32 6.82 1.00 0.00
0.90 3.32 6.99 1.00 0.00
0.90 3.32 7.17 1.00 0.00
0.90 3.32 7.34 1.00 0.00
0.90 3.32 7.52 1.00 0.00
0.90 3.32 7.69 1.00 0.00
1.10 3.32 4.72 1.00 0.00
1.10 3.32 4.89 1.00 0.00
1.10 3.32 5.06 1.00 0.00
1.10 3.32 5.24 1.00 0.00
1.10 3.32 5.41 1.00 0.00
1.10 3.32 5.59 1.00 0.00
1.10 3.32 5.76 1.00 0.00
1.10 3.32 5.94 1.00 0.00
1.10 3.32 6.11 1.00 0.00
1.10 3.32 6.29 1.00 0.00
1.10 3.32 6.46 1.00 0.00
1.10 3.32 6.64 1.00 0.00
1.10 3.32 6.81 1.00 0.00
1.10 3.32 6.98 1.00 0.00
1.10 3.32 7.16 1.00 0.00
1.10 3.32 7.33 1.00 0.00
1.10 3.32 7.51 1.00 0.00
1.10 3.32 7.68 1.00 0.00
0.30 3.49 4.75 1.00 0.00
0.30 3.49 4.92 1.00 0.00
0.30 3.49 5.09 1.00 0.00
0.30 3.49 5.27 1.00 0.00
0.30 3.49 5.44 1.00 0.00
0.30 3.49 5.62 1.00 0.00
0.30 3.49 5.79 1.00 0.00
0.30 3.49 5.97 1.00 0.00
0.30 3.49 6.14 1.00 0.00
0.30 3.49 6.32 1.00 0.00
0.30 3.49 6.49 1.00 0.00
0.30 3.49 6.67 1.00 0.00
0.30 3.49 6.84 1.00 0.00
0.30 3.49 7.01 1.00 0.00
0.30 3.49 7.19 1.00 0.00
0.30 3.49 7.36 1.00 0.00
0.30 3.49 7.54 1.00 0.00
0.30 3.49 7.71 1.00 0.00
0.50 3.49 4.72 1.00 0.00
0.50 3.49 4.90 1.00 0.00
0.50 3.49 5.07 1.00 0.00
0.50 3.49 5.25 1.00 0.00
0.50 3.49 5.42 1.00 0.00
0.50 3.49 5.59 1.00 0.00
0.50 3.49 5.77 1.00 0.00
0.50 3.49 5.94 1.00 0.00
0.50 3.49 6.12 1.00 0.00
0.50 3.49 6.29 1.00 0.00
0.50 3.49 6.47 1.00 0.00
0.50 3.49 6.64 1.00 0.00
0.50 3.49 6.82 1.00 0.00
0.50 3.49 6.99 1.00 0.00
0.50 3.49 7.17 1.00 0.00
0.50 3.49 7.34 1.00 0.00
0.50 3.49 7.51 1.00 0.00
0.50 3.49 7.69 1.00 0.00
0.70 3.49 4.70 1.00 0.00
0.70 3.49 4.88 1.00 0.00
0.70 3.49 5.05 1.00 0.00
0.70 3.49 5.22 1.00 0.00
0.70 3.49 5.40 1.00 0.00
0.70 3.49 5.57 1.00 0.00
0.70 3.49 5.75 1.00 0.00
0.70 3.49 5.92 1.00 0.00
0.70 3.49 6.10 1.00 0.00
0.70 3.49 6.27 1.00 0.00
0.70 3.49 6.45 1.00 0.00
0.70 3.49 6.62 1.00 0.00
0.70 3.49 6.80 1.00 0.00
0.70 3.49 6.97 1.00 0.00
0.70 3.49 7.14 1.00 0.00
0.70 3.49 7.32 1.00 0.00
0.70 3.49 7.49 1.00 0.00
0.70 3.49 7.67 1.00 0.00
0.90 3.49 4.68 1.00 0.00
0.90 3.49 4.86 1.00 0.00
0.90 3.49 5.03 1.00 0.00
0.90 3.49 5.21 1.00 0.00
0.90 3.49 5.38 1.00 0.00
0.90 3.49 5.55 1.00 0.00
0.90 3.49 5.73 1.00 0.00
0.90 3.49 5.90 1.00 0.00
0.90 3.49 6.08 1.00 0.00
0.90 3.49 6.25 1.00 0.00
0.90 3.49 6.43 1.00 0.00
0.90 3.49 6.60 1.00 0.00
0.90 3.49 6.78 1.00 0.00
0.90 3.49 6.95 1.00 0.00
0.90 3.49 7.13 1.00 0.00
0.90 3.49 7.30 1.00 0.00
0.90 3.49 7.47 1.00 0.00
0.90 3.49 7.65 1.00 0.00
1.10 3.49 4.67 1.00 0.00
1.10 3.49 4.84 1.00 0.00
1.10 3.49 5.01 1.00 0.00
1.10 3.49 5.19 1.00 0.00
1.10 3.49 5.36 1.00 0.00
1.10 3.49 5.54 1.00 0.00
1.10 3.49 5.71 1.00 0.00
1.10 3.49 5.89 1.00 0.00
1.10 3.49 6.06 1.00 0.00
1.10 3.49 6.24 1.00 0.00
1.10 3.49 6.41 1.00 0.00
1.10 3.49 6.59 1.00 0.00
1.10 3.49 6.76 1.00 0.00
1.10 3.49 6.93 1.00 0.00
1.10 3.49 7.11 1.00 0.00
1.10 3.49 7.28 1.00 0.00
1.10 3.49 7.46 1.00 0.00
1.10 3.49 7.63 1.00 0.00
0.30 3.67 4.73 1.00 0.00
0.30 3.67 4.90 1.00 0.00
0.30 3.67 5.08 1.00 0.00
0.30 3.67 5.25 1.00 0.00
0.30 3.67 5.43 1.00 0.00
0.30 3.67 5.60 1.00 0.00
0.30 3.67 5.78 1.00 0.00
0.30 3.67 5.95 1.00 0.00
0.30 3.67 6.13 1.00 0.00
0.30 3.67 6.30 1.00 0.00
0.30 3.67 6.48 1.00 0.00
0.30 3.67 6.65 1.00 0.00
0.30 3.67 6.82 1.00 0.00
0.30 3.67 7.00 1.00 0.00
0.30 3.67 7.17 1.00 0.00
0.30 3.67 7.35 1.00 0.00
0.30 3.67 7.52 1.00 0.00
0.30 3.67 7.70 1.00 0.00
0.50 3.67 4.70 1.00 0.00
0.50 3.67 4.87 1.00 0.00
0.50 3.67 5.05 1.00 0.00
0.50 3.67 5.22 1.00 0.00
0.50 3.67 5.39 1.00 0.00
0.50 3.67 5.57 1.00 0.00
0.50 3.67 5.74 1.00 0.00
0.50 3.67 5.92 1.00 0.00
0.50 3.67 6.09 1.00 0.00
0.50 3.67 6.27 1.00 0.00
0.50 3.67 6.44 1.00 0.00
0.50 3.67 6.62 1.00 0.00
0.50 3.67 6.79 1.00 0.00
0.50 3.67 6.97 1.00 0.00
0.50 3.67 7.14 1.00 0.00
0.50 3.67 7.31 1.00 0.00
0.50 3.67 7.49 1.00 0.00
0.50 3.67 7.66 1.00 0.00
0.70 3.67 4.67 1.00 0.00
0.70 3.67 4.84 1.00 0.00
0.70 3.67 5.02 1.00 0.00
0.70 3.67 5.19 1.00 0.00
0.70 3.67 5.37 1.00 0.00
0.70 3.67 5.54 1.00 0.00
0.70 3.67 5.71 1.00 0.00
0.70 3.67 5.89 1.00 0.00
0.70 3.67 6.06 1.00 0.00
0.70 3.67 6.24 1.00 0.00
0.70 3.67 6.41 1.00 0.00
0.70 3.67 6.59 1.00 0.00
0.70 3.67 6.76 1.00 0.00
0.70 3.67 6.94 1.00 0.00
0.70 3.67 7.11 1.00 0.00
0.70 3.67 7.29 1.00 0.00
0.70 3.67 7.46 1.00 0.00
0.70 3.67 7.63 1.00 0.00
0.90 3.67 4.64 1.00 0.00
0.90 3.67 4.82 1.00 0.00
0.90 3.67 4.99 1.00 0.00
0.90 3.67 5.16 1.00 0.00
0.90 3.67 5.34 1.00 0.00
0.90 3.67 5.51 1.00 0.00
0.90 3.67 5.69 1.00 0.00
0.90 3.67 5.86 1.00 0.00
0.90 3.67 6.04 1.00 0.00
0.90 3.67 6.21 1.00 0.00
0.90 3.67 6.39 1.00 0.00
0.90 3.67 6.56 1.00 0.00
0.90 3.67 6.73 1.00 0.00
0.90 3.67 6.91 1.00 0.00
0.90 3.67 7.08 1.00 0.00
0.90 3.67 7.26 1.00 0.00
0.90 3.67 7.43 1.00 0.00
0.90 3.67 7.61 1.00 0.00
1.10 3.67 4.62 1.00 0.00
1.10 3.67 4.79 1.00 0.00
1.10 3.67 4.97 1.00 0.00
1.10 3.67 5.14 1.00 0.00
1.10 3.67 5.31 1.00 0.00
1.10 3.67 5.49 1.00 0.00
1.10 3.67 5.66 1.00 0.00
1.10 3.67 5.84 1.00 0.00
1.10 3.67 6.01 1.00 0.00
1.10 3.67 6.19 1.00 0.00
1.10 3.67 6.36 1.00 0.00
1.10 3.67 6.54 1.00 0.00
1.10 3.67 6.71 1.00 0.00
1.10 3.67 6.89 1.00 0.00
1.10 3.67 7.06 1.00 0.00
1.10 3.67 7.23 1.00 0.00
1.10 3.67 7.41 1.00 0.00
1.10 3.67 7.58 1.00 0.00
0.30 3.84 4.72 1.00 0.00
0.30 3.84 4.89 1.00 0.00
0.30 3.84 5.06 1.00 0.00
0.30 3.84 5.24 1.00 0.00
0.30 3.84 5.41 1.00 0.00
0.30 3.84 5.59 1.00 0.00
0.30 3.84 5.76 1.00 0.00
0.30 3.84 5.94 1.00 0.00
0.30 3.84 6.11 1.00 0.00
0.30 3.84 6.29 1.00 0.00
0.30 3.84 6.46 1.00 0.00
0.30 3.84 6.64 1.00 0.00
0.30 3.84 6.81 1.00 0.00
0.30 3.84 6.98 1.00 0.00
0.30 3.84 7.16 1.00 0.00
0.30 3.84 7.33 1.00 0.00
0.30 3.84 7.51 1.00 0.00
0.30 3.84 7.68 1.00 0.00
0.50 3.84 4.67 1.00 0.00
0.50 3.84 4.85 1.00 0.00
0.50 3.84 5.02 1.00 0.00
0.50 3.84 5.20 1.00 0.00
0.50 3.84 5.37 1.00 0.00
0.50 3.84 5.55 1.00 0.00
0.50 3.84 5.72 1.00 0.00
0.50 3.84 5.89 1.00 0.00
0.50 3.84 6.07 1.00 0.00
0.50 3.84 6.24 1.00 0.00
0.50 3.84 6.42 1.00 0.00
0.50 3.84 6.59 1.00 0.00
0.50 3.84 6.77 1.00 0.00
0.50 3.84 6.94 1.00 0.00
0.50 3.84 7.12 1.00 0.00
0.50 3.84 7.29 1.00 0.00
0.50 3.84 7.47 1.00 0.00
0.50 3.84 7.64 1.00 0.00
0.70 3.84 4.64 1.00 0.00
0.70 3.84 4.81 1.00 0.00
0.70 3.84 4.98 1.00 0.00
0.70 3.84 5.16 1.00 0.00
0.70 3.84 5.33 1.00 0.00
0.70 3.84 5.51 1.00 0.00
0.70 3.84 5.68 1.00 0.00
0.70 3.84 5.86 1.00 0.00
0.70 3.84 6.03 1.00 0.00
0.70 3.84 6.21 1.00 0.00
0.70 3.84 6.38 1.00 0.00
0.70 3.84 6.56 1.00 0.00
0.70 3.84 6.73 1.00 0.00
0.70 3.84 6.90 1.00 0.00
0.70 3.84 7.08 1.00 0.00
0.70 3.84 7.25 1.00 0.00
0.70 3.84 7.43 1.00 0.00
0.70 3.84 7.60 1.00 0.00
0.90 3.84 4.60 1.00 0.00
0.90 3.84 4.78 1.00 0.00
0.90 3.84 4.95 1.00 0.00
0.90 3.84 5.12 1.00 0.00
0.90 3.84 5.30 1.00 0.00
0.90 3.84 5.47 1.00 0.00
0.90 3.84 5.65 1.00 0.00
0.90 3.84 5.82 1.00 0.00
0.90 3.84 6.00 1.00 0.00
0.90 3.84 6.17 1.00 0.00
0.90 3.84 6.35 1.00 0.00
0.90 3.84 6.52 1.00 0.00
0.90 3.84 6.70 1.00 0.00
0.90 3.84 6.87 1.00 0.00
0.90 3.84 7.04 1.00 0.00
0.90 3.84 7.22 1.00 0.00
0.90 3.84 7.39 1.00 0.00
0.90 3.84 7.57 1.00 0.00
1.10 3.84 4.57 1.00 0.00
1.10 3.84 4.74 1.00 0.00
1.10 3.84 4.92 1.00 0.00
1.10 3.84 5.09 1.00 0.00
1.10 3.84 5.27 1.00 0.00
1.10 3.84 5.44 1.00 0.00
1.10 3.84 5.62 1.00 0.00
1.10 3.84 5.79 1.00 0.00
1.10 3.84 5.97 1.00 0.00
1.10 3.84 6.14 1.00 0.00
1.10 3.84 6.31 1.00 0.00
1.10 3.84 6.49 1.00 0.00
1.10 3.84 6.66 1.00 0.00
1.10 3.84 6.84 1.00 0.00
1.10 3.84 7.01 1.00 0.00
1.10 3.84 7.19 1.00 0.00
1.10 3.84 7.36 1.00 0.00
1.10 3.84 7.54 1.00 0.00
0.30 4.01 4.70 1.00 0.00
0.30 4.01 4.88 1.00 0.00
0.30 4.01 5.05 1.00 0.00
0.30 4.01 5.23 1.00 0.00
0.30 4.01 5.40 1.00 0.00
0.30 4.01 5.58 1.00 0.00
0.30 4.01 5.75 1.00 0.00
0.30 4.01 5.92 1.00 0.00
0.30 4.01 6.10 1.00 0.00
0.30 4.01 6.27 1.00 0.00
0.30 4.01 6.45 1.00 0.00
0.30 4.01 6.62 1.00 0.00
0.30 4.01 6.80 1.00 0.00
0.30 4.01 6.97 1.00 0.00
0.30 4.01 7.15 1.00 0.00
0.30 4.01 7.32 1.00 0.00
0.30 4.01 7.50 1.00 0.00
0.30 4.01 7.67 1.00 0.00
0.50 4.01 4.65 1.00 0.00
0.50 4.01 4.83 1.00 0.00
0.50 4.01 5.00 1.00 0.00
0.50 4.01 5.18 1.00 0.00
0.50 4.01 5.35 1.00 0.00
0.50 4.01 5.52 1.00 0.00
0.50 4.01 5.70 1.00 0.00
0.50 4.01 5.87 1.00 0.00
0.50 4.01 6.05 1.00 0.00
0.50 4.01 6.22 1.00 0.00
0.50 4.01 6.40 1.00 0.00
0.50 4.01 6.57 1.00 0.00
0.50 4.01 6.75 1.00 0.00
0.50 4.01 6.92 1.00 0.00
0.50 4.01 7.10 1.00 0.00
0.50 4.01 7.27 1.00 0.00
0.50 4.01 7.44 1.00 0.00
0.50 4.01 7.62 1.00 0.00
0.70 4.01 4.61 1.00 0.00
0.70 4.01 4.78 1.00 0.00
0.70 4.01 4.95 1.00 0.00
0.70 4.01 5.13 1.00 0.00
0.70 4.01 5.30 1.00 0.00
0.70 4.01 5.48 1.00 0.00
0.70 4.01 5.65 1.00 0.00
0.70 4.01 5.83 1.00 0.00
0.70 4.01 6.00 1.00 0.00
0.70 4.01 6.18 1.00 0.00
0.70 4.01 6.35 1.00 0.00
0.70 4.01 6.53 1.00 0.00
0.70 4.01 6.70 1.00 0.00
0.70 4.01 6.87 1.00 0.00
0.70 4.01 7.05 1.00 0.00
0.70 4.01 7.22 1.00 0.00
0.70 4.01 7.40 1.00 0.00
0.70 4.01 7.57 1.00 0.00
0.90 4.01 4.56 1.00 0.00
0.90 4.01 4.74 1.00 0.00
0.90 4.01 4.91 1.00 0.00
0.90 4.01 5.09 1.00 0.00
0.90 4.01 5.26 1.00 0.00
0.90 4.01 5.44 1.00 0.00
0.90 4.01 5.61 1.00 0.00
0.90 4.01 5.79 1.00 0.00
0.90 4.01 5.96 1.00 0.00
0.90 4.01 6.13 1.00 0.00
0.90 4.01 6.31 1.00 0.00
0.90 4.01 6.48 1.00 0.00
0.90 4.01 6.66 1.00 0.00
0.90 4.01 6.83 1.00 0.00
0.90 4.01 7.01 1.00 0.00
0.90 4.01 7.18 1.00 0.00
0.90 4.01 7.36 1.00 0.00
0.90 4.01 7.53 1.00 0.00
1.10 4.01 4.53 1.00 0.00
1.10 4.01 4.70 1.00 0.00
1.10 4.01 4.87 1.00 0.00
1.10 4.01 5.05 1.00 0.00
1.10 4.01 5.22 1.00 0.00
1.10 4.01 5.40 1.00 0.00
1.10 4.01 5.57 1.00 0.00
1.10 4.01 5.75 1.00 0.00
1.10 4.01 5.92 1.00 0.00
1.10 4.01 6.10 1.00 0.00
1.10 4.01 6.27 1.00 0.00
1.10 4.01 6.44 1.00 0.00
1.10 4.01 6.62 1.00 0.00
1.10 4.01 6.79 1.00 0.00
1.10 4.01 6.97 1.00 0.00
1.10 4.01 7.14 1.00 0.00
1.10 4.01 7.32 1.00 0.00
1.10 4.01 7.49 1.00 0.00
0.30 4.19 4.69 1.00 0.00
0.30 4.19 4.87 1.00 0.00
0.30 4.19 5.04 1.00 0.00
0.30 4.19 5.22 1.00 0.00
0.30 4.19 5.39 1.00 0.00
0.30 4.19 5.56 1.00 0.00
0.30 4.19 5.74 1.00 0.00
0.30 4.19 5.91 1.00 0.00
0.30 4.19 6.09 1.00 0.00
0.30 4.19 6.26 1.00 0.00
0.30 4.19 6.44 1.00 0.00
0.30 4.19 6.61 1.00 0.00
0.30 4.19 6.79 1.00 0.00
0.30 4.19 6.96 1.00 0.00
0.30 4.19 7.14 1.00 0.00
0.30 4.19 7.31 1.00 0.00
0.30 4.19 7.48 1.00 0.00
0.30 4.19 7.66 1.00 0.00
0.50 4.19 4.63 1.00 0.00
0.50 4.19 4.81 1.00 0.00
0.50 4.19 4.98 1.00 0.00
0.50 4.19 5.16 1.00 0.00
0.50 4.19 5.33 1.00 0.00
0.50 4.19 5.51 1.00 0.00
0.50 4.19 5.68 1.00 0.00
0.50 4.19 5.86 1.00 0.00
0.50 4.19 6.03 1.00 0.00
0.50 4.19 6.20 1.00 0.00
0.50 4.19 6.38 1.00 0.00
0.50 4.19 6.55 1.00 0.00
0.50 4.19 6.73 1.00 0.00
0.50 4.19 6.90 1.00 0.00
0.50 4.19 7.08 1.00 0.00
0.50 4.19 7.25 1.00 0.00
0.50 4.19 7.43 1.00 0.00
0.50 4.19 7.60 1.00 0.00
0.70 4.19 4.58 1.00 0.00
0.70 4.19 4.75 1.00 0.00
0.70 4.19 4.93 1.00 0.00
0.70 4.19 5.10 1.00 0.00
0.70 4.19 5.28 1.00 0.00
0.70 4.19 5.45 1.00 0.00
0.70 4.19 5.63 1.00 0.00
0.70 4.19 5.80 1.00 0.00
0.70 4.19 5.98 1.00 0.00
0.70 4.19 6.15 1.00 0.00
0.70 4.19 6.32 1.00 0.00
0.70 4.19 6.50 1.00 0.00
0.70 4.19 6.67 1.00 0.00
0.70 4.19 6.85 1.00 0.00
0.70 4.19 7.02 1.00 0.00
0.70 4.19 7.20 1.00 0.00
0.70 4.19 7.37 1.00 0.00
0.70 4.19 7.55 1.00 0.00
0.90 4.19 4.53 1.00 0.00
0.90 4.19 4.70 1.00 0.00
0.90 4.19 4.88 1.00 0.00
0.90 4.19 5.05 1.00 0.00
0.90 4.19 5.23 1.00 0.00
0.90 4.19 5.40 1.00 0.00
0.90 4.19 5.58 1.00 0.00
0.90 4.19 5.75 1.00 0.00
0.90 4.19 5.93 1.00 0.00
0.90 4.19 6.10 1.00 0.00
0.90 4.19 6.27 1.00 0.00
0.90 4.19 6.45 1.00 0.00
0.90 4.19 6.62 1.00 0.00
0.90 4.19 6.80 1.00 0.00
0.90 4.19 6.97 1.00 0.00
0.90 4.19 7.15 1.00 0.00
0.90 4.19 7.32 1.00 0.00
0.90 4.19 7.50 1.00 0.00
1.10 4.19 4.48 1.00 0.00
1.10 4.19 4.66 1.00 0.00
1.10 4.19 4.83 1.00 0.00
1.10 4.19 5.01 1.00 0.00
1.10 4.19 5.18 1.00 0.00
1.10 4.19 5.36 1.00 0.00
1.10 4.19 5.53 1.00 0.00
1.10 4.19 5.71 1.00 0.00
1.10 4.19 5.88 1.00 0.00
1.10 4.19 6.05 1.00 0.00
1.10 4.19 6.23 1.00 0.00
1.10 4.19 6.40 1.00 0.00
1.10 4.19 6.58 1.00 0.00
1.10 4.19 6.75 1.00 0.00
1.10 4.19 6.93 1.00 0.00
1.10 4.19 7.10 1.00 0.00
1.10 4.19 7.28 1.00 0.00
1.10 4.19 7.45 1.00 0.00
0.30 4.36 4.68 1.00 0.00
0.30 4.36 4.86 1.00 0.00
0.30 4.36 5.03 1.00 0.00
0.30 4.36 5.21 1.00 0.00
0.30 4.36 5.38 1.00 0.00
0.30 4.36 5.56 1.00 0.00
0.30 4.36 5.73 1.00 0.00
0.30 4.36 5.91 1.00 0.00
0.30 4.36 6.08 1.00 0.00
0.30 4.36 6.25 1.00 0.00
0.30 4.36 6.43 1.00 0.00
0.30 4.36 6.60 1.00 0.00
0.30 4.36 6.78 1.00 0.00
0.30 4.36 6.95 1.00 0.00
0.30 4.36 7.13 1.00 0.00
0.30 4.36 7.30 1.00 0.00
0.30 4.36 7.48 1.00 0.00
0.30 4.36 7.65 1.00 0.00
0.50 4.36 4.62 1.00 0.00
0.50 4.36 4.79 1.00 0.00
0.50 4.36 4.97 1.00 0.00
0.50 4.36 5.14 1.00 0.00
0.50 4.36 5.32 1.00 0.00
0.50 4.36 5.49 1.00 0.00
0.50 4.36 5.67 1.00 0.00
0.50 4.36 5.84 1.00 0.00
0.50 4.36 6.01 1.00 0.00
0.50 4.36 6.19 1.00 0.00
0.50 4.36 6.36 1.00 0.00
0.50 4.36 6.54 1.00 0.00
0.50 4.36 6.71 1.00 0.00
0.50 4.36 6.89 1.00 0.00
0.50 4.36 7.06 1.00 0.00
0.50 4.36 7.24 1.00 0.00
0.50 4.36 7.41 1.00 0.00
0.50 4.36 7.59 1.00 0.00
0.70 4.36 4.56 1.00 0.00
0.70 4.36 4.73 1.00 0.00
0.70 4.36 4.91 1.00 0.00
0.70 4.36 5.08 1.00 0.00
0.70 4.36 5.26 1.00 0.00
0.70 4.36 5.43 1.00 0.00
0.70 4.36 5.60 1.00 0.00
0.70 4.36 5.78 1.00 0.00
0.70 4.36 5.95 1.00 0.00
0.70 4.36 6.13 1.00 0.00
0.70 4.36 6.30 1.00 0.00
0.70 4.36 6.48 1.00 0.00
0.70 4.36 6.65 1.00 0.00
0.70 4.36 6.83 1.00 0.00
0.70 4.36 7.00 1.00 0.00
0.70 4.36 7.18 1.00 0.00
0.70 4.36 7.35 1.00 0.00
0.70 4.36 7.52 1.00 0.00
0.90 4.36 4.50 1.00 0.00
0.90 4.36 4.67 1.00 0.00
0.90 4.36 4.85 1.00 0.00
0.90 4.36 5.02 1.00 0.00
0.90 4.36 5.20 1.00 0.00
0.90 4.36 5.37 1.00 0.00
0.90 4.36 5.55 1.00 0.00
0.90 4.36 5.72 1.00 0.00
0.90 4.36 5.90 1.00 0.00
0.90 4.36 6.07 1.00 0.00
0.90 4.36 6.24 1.00 0.00
0.90 4.36 6.42 1.00 0.00
0.90 4.36 6.59 1.00 0.00
0.90 4.36 6.77 1.00 0.00
0.90 4.36 6.94 1.00 0.00
0.90 4.36 7.12 1.00 0.00
0.90 4.36 7.29 1.00 0.00
0.90 4.36 7.47 1.00 0.00
1.10 4.36 4.45 1.00 0.00
1.10 4.36 4.62 1.00 0.00
1.10 4.36 4.80 1.00 0.00
1.10 4.36 4.97 1.00 0.00
1.10 4.36 5.14 1.00 0.00
1.10 4.36 5.32 1.00 0.00
1.10 4.36 5.49 1.00 0.00
1.10 4.36 5.67 1.00 0.00
1.10 4.36 5.84 1.00 0.00
1.10 4.36 6.02 1.00 0.00
1.10 4.36 6.19 1.00 0.00
1.10 4.36 6.37 1.00 0.00
1.10 4.36 6.54 1.00 0.00
1.10 4.36 6.72 1.00 0.00
1.10 4.36 6.89 1.00 0.00
1.10 4.36 7.06 1.00 0.00
1.10 4.36 7.24 1.00 0.00
1.10 4.36 7.41 1.00 0.00
0.30 4.54 4.68 1.00 0.00
0.30 4.54 4.85 1.00 0.00
0.30 4.54 5.03 1.00 0.00
0.30 4.54 5.20 1.00 0.00
0.30 4.54 5.38 1.00 0.00
0.30 4.54 5.55 1.00 0.00
0.30 4.54 5.73 1.00 0.00
0.30 4.54 5.90 1.00 0.00
0.30 4.54 6.07 1.00 0.00
0.30 4.54 6.25 1.00 0.00
0.30 4.54 6.42 1.00 0.00
0.30 4.54 6.60 1.00 0.00
0.30 4.54 6.77 1.00 0.00
0.30 4.54 6.95 1.00 0.00
0.30 4.54 7.12 1.00 0.00
0.30 4.54 7.30 1.00 0.00
0.30 4.54 7.47 1.00 0.00
0.30 4.54 7.65 1.00 0.00
0.50 4.54 4.61 1.00 0.00
0.50 4.54 4.78 1.00 0.00
0.50 4.54 4.96 1.00 0.00
0.50 4.54 5.13 1.00 0.00
0.50 4.54 5.31 1.00 0.00
0.50 4.54 5.48 1.00 0.00
0.50 4.54 5.65 1.00 0.00
0.50 4.54 5.83 1.00 0.00
0.50 4.54 6.00 1.00 0.00
0.50 4.54 6.18 1.00 0.00
0.50 4.54 6.35 1.00 0.00
0.50 4.54 6.53 1.00 0.00
0.50 4.54 6.70 1.00 0.00
0.50 4.54 6.88 1.00 0.00
0.50 4.54 7.05 1.00 0.00
0.50 4.54 7.23 1.00 0.00
0.50 4.54 7.40 1.00 0.00
0.50 4.54 7.57 1.00 0.00
0.70 4.54 4.54 1.00 0.00
0.70 4.54 4.71 1.00 0.00
0.70 4.54 4.89 1.00 0.00
0.70 4.54 5.06 1.00 0.00
0.70 4.54 5.24 1.00 0.00
0.70 4.54 5.41 1.00 0.00
0.70 4.54 5.59 1.00 0.00
0.70 4.54 5.76 1.00 0.00
0.70 4.54 5.94 1.00 0.00
0.70 4.54 6.11 1.00 0.00
0.70 4.54 6.28 1.00 0.00
0.70 4.54 6.46 1.00 0.00
0.70 4.54 6.63 1.00 0.00
0.70 4.54 6.81 1.00 0.00
0.70 4.54 6.98 1.00 0.00
0.70 4.54 7.16 1.00 0.00
0.70 4.54 7.33 1.00 0.00
0.70 4.54 7.51 1.00 0.00
0.90 4.54 4.48 1.00 0.00
0.90 4.54 4.65 1.00 0.00
0.90 4.54 4.82 1.00 0.00
0.90 4.54 5.00 1.00 0.00
0.90 4.54 5.17 1.00 0.00
0.90 4.54 5.35 1.00 0.00
0.90 4.54 5.52 1.00 0.00
0.90 4.54 5.70 1.00 0.00
0.90 4.54 5.87 1.00 0.00
0.90 4.54 6.05 1.00 0.00
0.90 4.54 6.22 1.00 0.00
0.90 4.54 6.39 1.00 0.00
0.90 4.54 6.57 1.00 0.00
0.90 4.54 6.74 1.00 0.00
0.90 4.54 6.92 1.00 0.00
0.90 4.54 7.09 1.00 0.00
0.90 4.54 7.27 1.00 0.00
0.90 4.54 7.44 1.00 0.00
1.10 4.54 4.41 1.00 0.00
1.10 4.54 4.59 1.00 0.00
1.10 4.54 4.76 1.00 0.00
1.10 4.54 4.94 1.00 0.00
1.10 4.54 5.11 1.00 0.00
1.10 4.54 5.29 1.00 0.00
1.10 4.54 5.46 1.00 0.00
1.10 4.54 5.64 1.00 0.00
1.10 4.54 5.81 1.00 0.00
1.10 4.54 5.98 1.00 0.00
1.10 4.54 6.16 1.00 0.00
1.10 4.54 6.33 1.00 0.00
1.10 4.54 6.51 1.00 0.00
1.10 4.54 6.68 1.00 0.00
1.10 4.54 6.86 1.00 0.00
1.10 4.54 7.03 1.00 0.00
1.10 4.54 7.21 1.00 0.00
1.10 4.54 7.38 1.00 0.00
0.30 4.71 4.68 1.00 0.00
0.30 4.71 4.85 1.00 0.00
0.30 4.71 5.02 1.00 0.00
0.30 4.71 5.20 1.00 0.00
0.30 4.71 5.37 1.00 0.00
0.30 4.71 5.55 1.00 0.00
0.30 4.71 5.72 1.00 0.00
0.30 4.71 5.90 1.00 0.00
0.30 4.71 6.07 1.00 0.00
0.30 4.71 6.25 1.00 0.00
0.30 4.71 6.42 1.00 0.00
0.30 4.71 6.60 1.00 0.00
0.30 4.71 6.77 1.00 0.00
0.30 4.71 6.94 1.00 0.00
0.30 4.71 7.12 1.00 0.00
0.30 4.71 7.29 1.00 0.00
0.30 4.71 7.47 1.00 0.00
0.30 4.71 7.64 1.00 0.00
0.50 4.71 4.60 1.00 0.00
0.50 4.71 4.78 1.00 0.00
0.50 4.71 4.95 1.00 0.00
0.50 4.71 5.12 1.00 0.00
0.50 4.71 5.30 1.00 0.00
0.50 4.71 5.47 1.00 0.00
0.50 4.71 5.65 1.00 0.00
0.50 4.71 5.82 1.00 0.00
0.50 4.71 6.00 1.00 0.00
0.50 4.71 6.17 1.00 0.00
0.50 4.71 6.35 1.00 0.00
0.50 4.71 6.52 1.00 0.00
0.50 4.71 6.70 1.00 0.00
0.50 4.71 6.87 1.00 0.00
0.50 4.71 7.04 1.00 0.00
0.50 4.71 7.22 1.00 0.00
0.50 4.71 7.39 1.00 0.00
0.50 4.71 7.57 1.00 0.00
0.70 4.71 4.53 1.00 0.00
0.70 4.71 4.70 1.00 0.00
0.70 4.71 4.88 1.00 0.00
0.70 4.71 5.05 1.00 0.00
0.70 4.71 5.23 1.00 0.00
0.70 4.71 5.40 1.00 0.00
0.70 4.71 5.58 1.00 0.00
0.70 4.71 5.75 1.00 0.00
0.70 4.71 5.92 1.00 0.00
0.70 4.71 6.10 1.00 0.00
0.70 4.71 6.27 1.00 0.00
0.70 4.71 6.45 1.00 0.00
0.70 4.71 6.62 1.00 0.00
0.70 4.71 6.80 1.00 0.00
0.70 4.71 6.97 1.00 0.00
0.70 4.71 7.15 1.00 0.00
0.70 4.71 7.32 1.00 0.00
0.70 4.71 7.50 1.00 0.00
0.90 4.71 4.46 1.00 0.00
0.90 4.71 4.63 1.00 0.00
0.90 4.71 4.81 1.00 0.00
0.90 4.71 4.98 1.00 0.00
0.90 4.71 5.16 1.00 0.00
0.90 4.71 5.33 1.00 0.00
0.90 4.71 5.50 1.00 0.00
0.90 4.71 5.68 1.00 0.00
0.90 4.71 5.85 1.00 0.00
0.90 4.71 6.03 1.00 0.00
0.90 4.71 6.20 1.00 0.00
0.90 4.71 6.38 1.00 0.00
0.90 4.71 6.55 1.00 0.00
0.90 4.71 6.73 1.00 0.00
0.90 4.71 6.90 1.00 0.00
0.90 4.71 7.07 1.00 0.00
0.90 4.71 7.25 1.00 0.00
0.90 4.71 7.42 1.00 0.00
1.10 4.71 4.39 1.00 0.00
1.10 4.71 4.56 1.00 0.00
1.10 4.71 4.74 1.00 0.00
1.10 4.71 4.91 1.00 0.00
1.10 4.71 5.09 1.00 0.00
1.10 4.71 5.26 1.00 0.00
1.10 4.71 5.44 1.00 0.00
1.10 4.71 5.61 1.00 0.00
1.10 4.71 5.78 1.00 0.00
1.10 4.71 5.96 1.00 0.00
1.10 4.71 6.13 1.00 0.00
1.10 4.71 6.31 1.00 0.00
1.10 4.71 6.48 1.00 0.00
1.10 4.71 6.66 1.00 0.00
1.10 4.71 6.83 1.00 0.00
1.10 4.71 7.01 1.00 0.00
1.10 4.71 7.18 1.00 0.00
1.10 4.71 7.36 1.00 0.00
0.30 4.89 4.68 1.00 0.00
0.30 4.89 4.85 1.00 0.00
0.30 4.89 5.03 1.00 0.00
0.30 4.89 5.20 1.00 0.00
0.30 4.89 5.37 1.00 0.00
0.30 4.89 5.55 1.00 0.00
0.30 4.89 5.72 1.00 0.00
0.30 4.89 5.90 1.00 0.00
0.30 4.89 6.07 1.00 0.00
0.30 4.89 6.25 1.00 0.00
0.30 4.89 6.42 1.00 0.00
0.30 4.89 6.60 1.00 0.00
0.30 4.89 6.77 1.00 0.00
0.30 4.89 6.95 1.00 0.00
0.30 4.89 7.12 1.00 0.00
0.30 4.89 7.29 1.00 0.00
0.30 4.89 7.47 1.00 0.00
0.30 4.89 7.64 1.00 0.00
0.50 4.89 4.60 1.00 0.00
0.50 4.89 4.77 1.00 0.00
0.50 4.89 4.95 1.00 0.00
0.50 4.89 5.12 1.00 0.00
0.50 4.89 5.30 1.00 0.00
0.50 4.89 5.47 1.00 0.00
0.50 4.89 5.65 1.00 0.00
0.50 4.89 5.82 1.00 0.00
0.50 4.89 6.00 1.00 0.00
0.50 4.89 6.17 1.00 0.00
0.50 4.89 6.35 1.00 0.00
0.50 4.89 6.52 1.00 0.00
0.50 4.89 6.69 1.00 0.00
0.50 4.89 6.87 1.00 0.00
0.50 4.89 7.04 1.00 0.00
0.50 4.89 7.22 1.00 0.00
0.50 4.89 7.39 1.00 0.00
0.50 4.89 7.57 1.00 0.00
0.70 4.89 4.52 1.00 0.00
0.70 4.89 4.70 1.00 0.00
0.70 4.89 4.87 1.00 0.00
0.70 4.89 5.05 1.00 0.00
0.70 4.89 5.22 1.00 0.00
0.70 4.89 5.40 1.00 0.00
0.70 4.89 5.57 1.00 0.00
0.70 4.89 5.75 1.00 0.00
0.70 4.89 5.92 1.00 0.00
0.70 4.89 6.09 1.00 0.00
0.70 4.89 6.27 1.00 0.00
0.70 4.89 6.44 1.00 0.00
0.70 4.89 6.62 1.00 0.00
0.70 4.89 6.79 1.00 0.00
0.70 4.89 6.97 1.00 0.00
0.70 4.89 7.14 1.00 0.00
0.70 4.89 7.32 1.00 0.00
0.70 4.89 7.49 1.00 0.00
0.90 4.89 4.45 1.00 0.00
0.90 4.89 4.62 1.00 0.00
0.90 4.89 4.80 1.00 0.00
0.90 4.89 4.97 1.00 0.00
0.90 4.89 5.14 1.00 0.00
0.90 4.89 5.32 1.00 0.00
0.90 4.89 5.49 1.00 0.00
0.90 4.89 5.67 1.00 0.00
0.90 4.89 5.84 1.00 0.00
0.90 4.89 6.02 1.00 0.00
0.90 4.89 6.19 1.00 0.00
0.90 4.89 6.37 1.00 0.00
0.90 4.89 6.54 1.00 0.00
0.90 4.89 6.72 1.00 0.00
0.90 4.89 6.89 1.00 0.00
0.90 4.89 7.06 1.00 0.00
0.90 4.89 7.24 1.00 0.00
0.90 4.89 7.41 1.00 0.00
1.10 4.89 4.37 1.00 0.00
1.10 4.89 4.55 1.00 0.00
1.10 4.89 4.72 1.00 0.00
1.10 4.89 4.89 1.00 0.00
1.10 4.89 5.07 1.00 0.00
1.10 4.89 5.24 1.00 0.00
1.10 4.89 5.42 1.00 0.00
1.10 4.89 5.59 1.00 0.00
1.10 4.89 5.77 1.00 0.00
1.10 4.89 5.94 1.00 0.00
1.10 4.89 6.12 1.00 0.00
1.10 4.89 6.29 1.00 0.00
1.10 4.89 6.47 1.00 0.00
1.10 4.89 6.64 1.00 0.00
1.10 4.89 6.81 1.00 0.00
1.10 4.89 6.99 1.00 0.00
1.10 4.89 7.16 1.00 0.00
1.10 4.89 7.34 1.00 0.00
0.30 5.06 4.68 1.00 0.00
0.30 5.06 4.86 1.00 0.00
0.30 5.06 5.03 1.00 0.00
0.30 5.06 5.20 1.00 0.00
0.30 5.06 5.38 1.00 0.00
0.30 5.06 5.55 1.00 0.00
0.30 5.06 5.73 1.00 0.00
0.30 5.06 5.90 1.00 0.00
0.30 5.06 6.08 1.00 0.00
0.30 5.06 6.25 1.00 0.00
0.30 5.06 6.43 1.00 0.00
0.30 5.06 6.60 1.00 0.00
0.30 5.06 6.78 1.00 0.00
0.30 5.06 6.95 1.00 0.00
0.30 5.06 7.12 1.00 0.00
0.30 5.06 7.30 1.00 0.00
0.30 5.06 7.47 1.00 0.00
0.30 5.06 7.65 1.00 0.00
0.50 5.06 4.61 1.00 0.00
0.50 5.06 4.78 1.00 0.00
0.50 5.06 4.95 1.00 0.00
0.50 5.06 5.13 1.00 0.00
0.50 5.06 5.30 1.00 0.00
0.50 5.06 5.48 1.00 0.00
0.50 5.06 5.65 1.00 0.00
0.50 5.06 5.83 1.00 0.00
0.50 5.06 6.00 1.00 0.00
0.50 5.06 6.18 1.00 0.00
0.50 5.06 6.35 1.00 0.00
0.50 5.06 6.53 1.00 0.00
0.50 5.06 6.70 1.00 0.00
0.50 5.06 6.87 1.00 0.00
0.50 5.06 7.05 1.00 0.00
0.50 5.06 7.22 1.00 0.00
0.50 5.06 7.40 1.00 0.00
0.50 5.06 7.57 1.00 0.00
0.70 5.06 4.53 1.00 0.00
0.70 5.06 4.70 1.00 0.00
0.70 5.06 4.88 1.00 0.00
0.70 5.06 5.05 1.00 0.00
0.70 5.06 5.23 1.00 0.00
0.70 5.06 5.40 1.00 0.00
0.70 5.06 5.57 1.00 0.00
0.70 5.06 5.75 1.00 0.00
0.70 5.06 5.92 1.00 0.00
0.70 5.06 6.10 1.00 0.00
0.70 5.06 6.27 1.00 0.00
0.70 5.06 6.45 1.00 0.00
0.70 5.06 6.62 1.00 0.00
0.70 5.06 6.80 1.00 0.00
0.70 5.06 6.97 1.00 0.00
0.70 5.06 7.15 1.00 0.00
0.70 5.06 7.32 1.00 0.00
0.70 5.06 7.49 1.00 0.00
0.90 5.06 4.45 1.00 0.00
0.90 5.06 4.62 1.00 0.00
0.90 5.06 4.80 1.00 0.00
0.90 5.06 4.97 1.00 0.00
0.90 5.06 5.14 1.00 0.00
0.90 5.06 5.32 1.00 0.00
0.90 5.06 5.49 1.00 0.00
0.90 5.06 5.67 1.00 0.00
0.90 5.06 5.84 1.00 0.00
0.90 5.06 6.02 1.00 0.00
0.90 5.06 6.19 1.00 0.00
0.90 5.06 6.37 1.00 0.00
0.90 5.06 6.54 1.00 0.00
0.90 5.06 6.72 1.00 0.00
0.90 5.06 6.89 1.00 0.00
0.90 5.06 7.06 1.00 0.00
0.90 5.06 7.24 1.00 0.00
0.90 5.06 7.41 1.00 0.00
1.10 5.06 4.36 1.00 0.00
1.10 5.06 4.54 1.00 0.00
1.10 5.06 4.71 1.00 0.00
1.10 5.06 4.89 1.00 0.00
1.10 5.06 5.06 1.00 0.00
1.10 5.06 5.24 1.00 0.00
1.10 5.06 5.41 1.00 0.00
1.10 5.06 5.59 1.00 0.00
1.10 5.06 5.76 1.00 0.00
1.10 5.06 5.94 1.00 0.00
1.10 5.06 6.11 1.00 0.00
1.10 5.06 6.28 1.00 0.00
1.10 5.06 6.46 1.00 0.00
1.10 5.06 6.63 1.00 0.00
1.10 5.06 6.81 1.00 0.00
1.10 5.06 6.98 1.00 0.00
1.10 5.06 7.16 1.00 0.00
1.10 5.06 7.33 1.00 0.00
0.30 5.24 4.69 1.00 0.00
0.30 5.24 4.86 1.00 0.00
0.30 5.24 5.04 1.00 0.00
0.30 5.24 5.21 1.00 0.00
0.30 5.24 5.39 1.00 0.00
0.30 5.24 5.56 1.00 0.00
0.30 5.24 5.74 1.00 0.00
0.30 5.24 5.91 1.00 0.00
0.30 5.24 6.09 1.00 0.00
0.30 5.24 6.26 1.00 0.00
0.30 5.24 6.43 1.00 0.00
0.30 5.24 6.61 1.00 0.00
0.30 5.24 6.78 1.00 0.00
0.30 5.24 6.96 1.00 0.00
0.30 5.24 7.13 1.00 0.00
0.30 5.24 7.31 1.00 0.00
0.30 5.24 7.48 1.00 0.00
0.30 5.24 7.66 1.00 0.00
0.50 5.24 4.62 1.00 0.00
0.50 5.24 4.79 1.00 0.00
0.50 5.24 4.97 1.00 0.00
0.50 5.24 5.14 1.00 0.00
0.50 5.24 5.32 1.00 0.00
0.50 5.24 5.49 1.00 0.00
0.50 5.24 5.66 1.00 0.00
0.50 5.24 5.84 1.00 0.00
0.50 5.24 6.01 1.00 0.00
0.50 5.24 6.19 1.00 0.00
0.50 5.24 6.36 1.00 0.00
0.50 5.24 6.54 1.00 0.00
0.50 5.24 6.71 1.00 0.00
0.50 5.24 6.89 1.00 0.00
0.50 5.24 7.06 1.00 0.00
0.50 5.24 7.24 1.00 0.00
0.50 5.24 7.41 1.00 0.00
0.50 5.24 7.58 1.00 0.00
0.70 5.24 4.54 1.00 0.00
0.70 5.24 4.71 1.00 0.00
0.70 5.24 4.89 1.00 0.00
0.70 5.24 5.06 1.00 0.00
0.70 5.24 5.24 1.00 0.00
0.70 5.24 5.41 1.00 0.00
0.70 5.24 5.59 1.00 0.00
0.70 5.24 5.76 1.00 0.00
0.70 5.24 5.94 1.00 0.00
0.70 5.24 6.11 1.00 0.00
0.70 5.24 6.29 1.00 0.00
0.70 5.24 6.46 1.00 0.00
0.70 5.24 6.63 1.00 0.00
0.70 5.24 6.81 1.00 0.00
0.70 5.24 6.98 1.00 0.00
0.70 5.24 7.16 1.00 0.00
0.70 5.24 7.33 1.00 0.00
0.70 5.24 7.51 1.00 0.00
0.90 5.24 4.46 1.00 0.00
0.90 5.24 4.63 1.00 0.00
0.90 5.24 4.81 1.00 0.00
0.90 5.24 4.98 1.00 0.00
0.90 5.24 5.16 1.00 0.00
0.90 5.24 5.33 1.00 0.00
0.90 5.24 5.51 1.00 0.00
0.90 5.24 5.68 1.00 0.00
0.90 5.24 5.85 1.00 0.00
0.90 5.24 6.03 1.00 0.00
0.90 5.24 6.20 1.00 0.00
0.90 5.24 6.38 1.00 0.00
0.90 5.24 6.55 1.00 0.00
0.90 5.24 6.73 1.00 0.00
0.90 5.24 6.90 1.00 0.00
0.90 5.24 7.08 1.00 0.00
0.90 5.24 7.25 1.00 0.00
0.90 5.24 7.43 1.00 0.00
1.10 5.24 4.37 1.00 0.00
1.10 5.24 4.55 1.00 0.00
1.10 5.24 4.72 1.00 0.00
1.10 5.24 4.90 1.00 0.00
1.10 5.24 5.07 1.00 0.00
1.10 5.24 5.25 1.00 0.00
1.10 5.24 5.42 1.00 0.00
1.10 5.24 5.59 1.00 0.00
1.10 5.24 5.77 1.00 0.00
1.10 5.24 5.94 1.00 0.00
1.10 5.24 6.12 1.00 0.00
1.10 5.24 6.29 1.00 0.00
1.10 5.24 6.47 1.00 0.00
1.10 5.24 6.64 1.00 0.00
1.10 5.24 6.82 1.00 0.00
1.10 5.24 6.99 1.00 0.00
1.10 5.24 7.17 1.00 0.00
1.10 5.24 7.34 1.00 0.00
0.30 5.41 4.70 1.00 0.00
0.30 5.41 4.88 1.00 0.00
0.30 5.41 5.05 1.00 0.00
0.30 5.41 5.22 1.00 0.00
0.30 5.41 5.40 1.00 0.00
0.30 5.41 5.57 1.00 0.00
0.30 5.41 5.75 1.00 0.00
0.30 5.41 5.92 1.00 0.00
0.30 5.41 6.10 1.00 0.00
0.30 5.41 6.27 1.00 0.00
0.30 5.41 6.45 1.00 0.00
0.30 5.41 6.62 1.00 0.00
0.30 5.41 6.80 1.00 0.00
0.30 5.41 6.97 1.00 0.00
0.30 5.41 7.14 1.00 0.00
0.30 5.41 7.32 1.00 0.00
0.30 5.41 7.49 1.00 0.00
0.30 5.41 7.67 1.00 0.00
0.50 5.41 4.64 1.00 0.00
0.50 5.41 4.81 1.00 0.00
0.50 5.41 4.98 1.00 0.00
0.50 5.41 5.16 1.00 0.00
0.50 5.41 5.33 1.00 0.00
0.50 5.41 5.51 1.00 0.00
0.50 5.41 5.68 1.00 0.00
0.50 5.41 5.86 1.00 0.00
0.50 5.41 6.03 1.00 0.00
0.50 5.41 6.21 1.00 0.00
0.50 5.41 6.38 1.00 0.00
0.50 5.41 6.56 1.00 0.00
0.50 5.41 6.73 1.00 0.00
0.50 5.41 6.90 1.00 0.00
0.50 5.41 7.08 1.00 0.00
0.50 5.41 7.25 1.00 0.00
0.50 5.41 7.43 1.00 0.00
0.50 5.41 7.60 1.00 0.00
0.70 5.41 4.56 1.00 0.00
0.70 5.41 4.74 1.00 0.00
0.70 5.41 4.91 1.00 0.00
0.70 5.41 5.09 1.00 0.00
0.70 5.41 5.26 1.00 0.00
0.70 5.41 5.44 1.00 0.00
0.70 5.41 5.61 1.00 0.00
0.70 5.41 5.78 1.00 0.00
0.70 5.41 5.96 1.00 0.00
0.70 5.41 6.13 1.00 0.00
0.70 5.41 6.31 1.00 0.00
0.70 5.41 6.48 1.00 0.00
0.70 5.41 6.66 1.00 0.00
0.70 5.41 6.83 1.00 0.00
0.70 5.41 7.01 1.00 0.00
0.70 5.41 7.18 1.00 0.00
0.70 5.41 7.36 1.00 0.00
0.70 5.41 7.53 1.00 0.00
0.90 5.41 4.48 1.00 0.00
0.90 5.41 4.66 1.00 0.00
0.90 5.41 4.83 1.00 0.00
0.90 5.41 5.01 1.00 0.00
0.90 5.41 5.18 1.00 0.00
0.90 5.41 5.36 1.00 0.00
0.90 5.41 5.53 1.00 0.00
0.90 5.41 5.71 1.00 0.00
0.90 5.41 5.88 1.00 0.00
0.90 5.41 6.05 1.00 0.00
0.90 5.41 6.23 1.00 0.00
0.90 5.41 6.40 1.00 0.00
0.90 5.41 6.58 1.00 0.00
0.90 5.41 6.75 1.00 0.00
0.90 5.41 6.93 1.00 0.00
0.90 5.41 7.10 1.00 0.00
0.90 5.41 7.28 1.00 0.00
0.90 5.41 7.45 1.00 0.00
1.10 5.41 4.40 1.00 0.00
1.10 5.41 4.57 1.00 0.00
1.10 5.41 4.75 1.00 0.00
1.10 5.41 4.92 1.00 0.00
1.10 5.41 5.10 1.00 0.00
1.10 5.41 5.27 1.00 0.00
1.10 5.41 5.44 1.00 0.00
1.10 5.41 5.62 1.00 0.00
1.10 5.41 5.79 1.00 0.00
1.10 5.41 5.97 1.00 0.00
1.10 5.41 6.14 1.00 0.00
1.10 5.41 6.32 1.00 0.00
1.10 5.41 6.49 1.00 0.00
1.10 5.41 6.67 1.00 0.00
1.10 5.41 6.84 1.00 0.00
1.10 5.41 7.02 1.00 0.00
1.10 5.41 7.19 1.00 0.00
1.10 5.41 7.36 1.00 0.00
0.30 5.59 4.72 1.00 0.00
0.30 5.59 4.89 1.00 0.00
0.30 5.59 5.07 1.00 0.00
0.30 5.59 5.24 1.00 0.00
0.30 5.59 5.41 1.00 0.00
0.30 5.59 5.59 1.00 0.00
0.30 5.59 5.76 1.00 0.00
0.30 5.59 5.94 1.00 0.00
0.30 5.59 6.11 1.00 0.00
0.30 5.59 6.29 1.00 0.00
0.30 5.59 6.46 1.00 0.00
0.30 5.59 6.64 1.00 0.00
0.30 5.59 6.81 1.00 0.00
0.30 5.59 6.98 1.00 0.00
0.30 5.59 7.16 1.00 0.00
0.30 5.59 7.33 1.00 0.00
0.30 5.59 7.51 1.00 0.00
0.30 5.59 7.68 1.00 0.00
0.50 5.59 4.66 1.00 0.00
0.50 5.59 4.83 1.00 0.00
0.50 5.59 5.01 1.00 0.00
0.50 5.59 5.18 1.00 0.00
0.50 5.59 5.36 1.00 0.00
0.50 5.59 5.53 1.00 0.00
0.50 5.59 5.71 1.00 0.00
0.50 5.59 5.88 1.00 0.00
0.50 5.59 6.06 1.00 0.00
0.50 5.59 6.23 1.00 0.00
0.50 5.59 6.41 1.00 0.00
0.50 5.59 6.58 1.00 0.00
0.50 5.59 6.75 1.00 0.00
0.50 5.59 6.93 1.00 0.00
0.50 5.59 7.10 1.00 0.00
0.50 5.59 7.28 1.00 0.00
0.50 5.59 7.45 1.00 0.00
0.50 5.59 7.63 1.00 0.00
0.70 5.59 4.60 1.00 0.00
0.70 5.59 4.77 1.00 0.00
0.70 5.59 4.95 1.00 0.00
0.70 5.59 5.12 1.00 0.00
0.70 5.59 5.29 1.00 0.00
0.70 5.59 5.47 1.00 0.00
0.70 5.59 5.64 1.00 0.00
0.70 5.59 5.82 1.00 0.00
0.70 5.59 5.99 1.00 0.00
0.70 5.59 6.17 1.00 0.00
0.70 5.59 6.34 1.00 0.00
0.70 5.59 6.52 1.00 0.00
0.70 5.59 6.69 1.00 0.00
0.70 5.59 6.87 1.00 0.00
0.70 5.59 7.04 1.00 0.00
0.70 5.59 7.21 1.00 0.00
0.70 5.59 7.39 1.00 0.00
0.70 5.59 7.56 1.00 0.00
0.90 5.59 4.52 1.00 0.00
0.90 5.59 4.70 1.00 0.00
0.90 5.59 4.87 1.00 0.00
0.90 5.59 5.05 1.00 0.00
0.90 5.59 5.22 1.00 0.00
0.90 5.59 5.40 1.00 0.00
0.90 5.59 5.57 1.00 0.00
0.90 5.59 5.75 1.00 0.00
0.90 5.59 5.92 1.00 0.00
0.90 5.59 6.10 1.00 0.00
0.90 5.59 6.27 1.00 0.00
0.90 5.59 6.44 1.00 0.00
0.90 5.59 6.62 1.00 0.00
0.90 5.59 6.79 1.00 0.00
0.90 5.59 6.97 1.00 0.00
0.90 5.59 7.14 1.00 0.00
0.90 5.59 7.32 1.00 0.00
0.90 5.59 7.49 1.00 0.00
1.10 5.59 4.44 1.00 0.00
1.10 5.59 4.62 1.00 0.00
1.10 5.59 4.79 1.00 0.00
1.10 5.59 4.97 1.00 0.00
1.10 5.59 5.14 1.00 0.00
1.10 5.59 5.32 1.00 0.00
1.10 5.59 5.49 1.00 0.00
1.10 5.59 5.66 1.00 0.00
1.10 5.59 5.84 1.00 0.00
1.10 5.59 6.01 1.00 0.00
1.10 5.59 6.19 1.00 0.00
1.10 5.59 6.36 1.00 0.00
1.10 5.59 6.54 1.00 0.00
1.10 5.59 6.71 1.00 0.00
1.10 5.59 6.89 1.00 0.00
1.10 5.59 7.06 1.00 0.00
1.10 5.59 7.24 1.00 0.00
1.10 5.59 7.41 1.00 0.00
0.30 5.76 4.73 1.00 0.00
0.30 5.76 4.91 1.00 0.00
0.30 5.76 5.08 1.00 0.00
0.30 5.76 5.26 1.00 0.00
0.30 5.76 5.43 1.00 0.00
0.30 5.76 5.61 1.00 0.00
0.30 5.76 5.78 1.00 0.00
0.30 5.76 5.96 1.00 0.00
0.30 5.76 6.13 1.00 0.00
0.30 5.76 6.30 1.00 0.00
0.30 5.76 6.48 1.00 0.00
0.30 5.76 6.65 1.00 0.00
0.30 5.76 6.83 1.00 0.00
0.30 5.76 7.00 1.00 0.00
0.30 5.76 7.18 1.00 0.00
0.30 5.76 7.35 1.00 0.00
0.30 5.76 7.53 1.00 0.00
0.30 5.76 7.70 1.00 0.00
0.50 5.76 4.69 1.00 0.00
0.50 5.76 4.87 1.00 0.00
0.50 5.76 5.04 1.00 0.00
0.50 5.76 5.21 1.00 0.00
0.50 5.76 5.39 1.00 0.00
0.50 5.76 5.56 1.00 0.00
0.50 5.76 5.74 1.00 0.00
0.50 5.76 5.91 1.00 0.00
0.50 5.76 6.09 1.00 0.00
0.50 5.76 6.26 1.00 0.00
0.50 5.76 6.44 1.00 0.00
0.50 5.76 6.61 1.00 0.00
0.50 5.76 6.79 1.00 0.00
0.50 5.76 6.96 1.00 0.00
0.50 5.76 7.13 1.00 0.00
0.50 5.76 7.31 1.00 0.00
0.50 5.76 7.48 1.00 0.00
0.50 5.76 7.66 1.00 0.00
0.70 5.76 4.64 1.00 0.00
0.70 5.76 4.82 1.00 0.00
0.70 5.76 4.99 1.00 0.00
0.70 5.76 5.16 1.00 0.00
0.70 5.76 5.34 1.00 0.00
0.70 5.76 5.51 1.00 0.00
0.70 5.76 5.69 1.00 0.00
0.70 5.76 5.86 1.00 0.00
0.70 5.76 6.04 1.00 0.00
0.70 5.76 6.21 1.00 0.00
0.70 5.76 6.39 1.00 0.00
0.70 5.76 6.56 1.00 0.00
0.70 5.76 6.74 1.00 0.00
0.70 5.76 6.91 1.00 0.00
0.70 5.76 7.08 1.00 0.00
0.70 5.76 7.26 1.00 0.00
0.70 5.76 7.43 1.00 0.00
0.70 5.76 7.61 1.00 0.00
0.90 5.76 4.58 1.00 0.00
0.90 5.76 4.76 1.00 0.00
0.90 5.76 4.93 1.00 0.00
0.90 5.76 5.11 1.00 0.00
0.90 5.76 5.28 1.00 0.00
0.90 5.76 5.45 1.00 0.00
0.90 5.76 5.63 1.00 0.00
0.90 5.76 5.80 1.00 0.00
0.90 5.76 5.98 1.00 0.00
0.90 5.76 6.15 1.00 0.00
0.90 5.76 6.33 1.00 0.00
0.90 5.76 6.50 1.00 0.00
0.90 5.76 6.68 1.00 0.00
0.90 5.76 6.85 1.00 0.00
0.90 5.76 7.03 1.00 0.00
0.90 5.76 7.20 1.00 0.00
0.90 5.76 7.37 1.00 0.00
0.90 5.76 7.55 1.00 0.00
1.10 5.76 4.51 1.00 0.00
1.10 5.76 4.69 1.00 0.00
1.10 5.76 4.86 1.00 0.00
1.10 5.76 5.04 1.00 0.00
1.10 5.76 5.21 1.00 0.00
1.10 5.76 5.39 1.00 0.00
1.10 5.76 5.56 1.00 0.00
1.10 5.76 5.73 1.00 0.00
1.10 5.76 5.91 1.00 0.00
1.10 5.76 6.08 1.00 0.00
1.10 5.76 6.26 1.00 0.00
1.10 5.76 6.43 1.00 0.00
1.10 5.76 6.61 1.00 0.00
1.10 5.76 6.78 1.00 0.00
1.10 5.76 6.96 1.00 0.00
1.10 5.76 7.13 1.00 0.00
1.10 5.76 7.31 1.00 0.00
1.10 5.76 7.48 1.00 0.00
0.30 5.93 4.75 1.00 0.00
0.30 5.93 4.93 1.00 0.00
0.30 5.93 5.10 1.00 0.00
0.30 5.93 5.28 1.00 0.00
0.30 5.93 5.45 1.00 0.00
0.30 5.93 5.63 1.00 0.00
0.30 5.93 5.80 1.00 0.00
0.30 5.93 5.98 1.00 0.00
0.30 5.93 6.15 1.00 0.00
0.30 5.93 6.32 1.00 0.00
0.30 5.93 6.50 1.00 0.00
0.30 5.93 6.67 1.00 0.00
0.30 5.93 6.85 1.00 0.00
0.30 5.93 7.02 1.00 0.00
0.30 5.93 7.20 1.00 0.00
0.30 5.93 7.37 1.00 0.00
0.30 5.93 7.55 1.00 0.00
0.30 5.93 7.72 1.00 0.00
0.50 5.93 4.73 1.00 0.00
0.50 5.93 4.90 1.00 0.00
0.50 5.93 5.08 1.00 0.00
0.50 5.93 5.25 1.00 0.00
0.50 5.93 5.42 1.00 0.00
0.50 5.93 5.60 1.00 0.00
0.50 5.93 5.77 1.00 0.00
0.50 5.93 5.95 1.00 0.00
0.50 5.93 6.12 1.00 0.00
0.50 5.93 6.30 1.00 0.00
0.50 5.93 6.47 1.00 0.00
0.50 5.93 6.65 1.00 0.00
0.50 5.93 6.82 1.00 0.00
0.50 5.93 7.00 1.00 0.00
0.50 5.93 7.17 1.00 0.00
0.50 5.93 7.34 1.00 0.00
0.50 5.93 7.52 1.00 0.00
0.50 5.93 7.69 1.00 0.00
0.70 5.93 4.69 1.00 0.00
0.70 5.93 4.87 1.00 0.00
0.70 5.93 5.04 1.00 0.00
0.70 5.93 5.22 1.00 0.00
0.70 5.93 5.39 1.00 0.00
0.70 5.93 5.57 1.00 0.00
0.70 5.93 5.74 1.00 0.00
0.70 5.93 5.92 1.00 0.00
0.70 5.93 6.09 1.00 0.00
0.70 5.93 6.26 1.00 0.00
0.70 5.93 6.44 1.00 0.00
0.70 5.93 6.61 1.00 0.00
0.70 5.93 6.79 1.00 0.00
0.70 5.93 6.96 1.00 0.00
0.70 5.93 7.14 1.00 0.00
0.70 5.93 7.31 1.00 0.00
0.70 5.93 7.49 1.00 0.00
0.70 5.93 7.66 1.00 0.00
0.90 5.93 4.65 1.00 0.00
0.90 5.93 4.83 1.00 0.00
0.90 5.93 5.00 1.00 0.00
0.90 5.93 5.18 1.00 0.00
0.90 5.93 5.35 1.00 0.00
0.90 5.93 5.53 1.00 0.00
0.90 5.93 5.70 1.00 0.00
0.90 5.93 5.88 1.00 0.00
0.90 5.93 6.05 1.00 0.00
0.90 5.93 6.23 1.00 0.00
0.90 5.93 6.40 1.00 0.00
0.90 5.93 6.57 1.00 0.00
0.90 5.93 6.75 1.00 0.00
0.90 5.93 6.92 1.00 0.00
0.90 5.93 7.10 1.00 0.00
0.90 5.93 7.27 1.00 0.00
0.90 5.93 7.45 1.00 0.00
0.90 5.93 7.62 1.00 0.00
1.10 5.93 4.61 1.00 0.00
1.10 5.93 4.78 1.00 0.00
1.10 5.93 4.96 1.00 0.00
1.10 5.93 5.13 1.00 0.00
1.10 5.93 5.30 1.00 0.00
1.10 5.93 5.48 1.00 0.00
1.10 5.93 5.65 1.00 0.00
1.10 5.93 5.83 1.00 0.00
1.10 5.93 6.00 1.00 0.00
1.10 5.93 6.18 1.00 0.00
1.10 5.93 6.35 1.00 0.00
1.10 5.93 6.53 1.00 0.00
1.10 5.93 6.70 1.00 0.00
1.10 5.93 6.88 1.00 0.00
1.10 5.93 7.05 1.00 0.00
1.10 5.93 7.22 1.00 0.00
1.10 5.93 7.40 1.00 0.00
1.10 5.93 7.57 1.00 0.00
0.30 6.11 4.78 1.00 0.00
0.30 6.11 4.95 1.00 0.00
0.30 6.11 5.12 1.00 0.00
0.30 6.11 5.30 1.00 0.00
0.30 6.11 5.47 1.00 0.00
0.30 6.11 5.65 1.00 0.00
0.30 6.11 5.82 1.00 0.00
0.30 6.11 6.00 1.00 0.00
0.30 6.11 6.17 1.00 0.00
0.30 6.11 6.35 1.00 0.00
0.30 6.11 6.52 1.00 0.00
0.30 6.11 6.70 1.00 0.00
0.30 6.11 6.87 1.00 0.00
0.30 6.11 7.04 1.00 0.00
0.30 6.11 7.22 1.00 0.00
0.30 6.11 7.39 1.00 0.00
0.30 6.11 7.57 1.00 0.00
0.30 6.11 7.74 1.00 0.00
0.50 6.11 4.76 1.00 0.00
0.50 6.11 4.94 1.00 0.00
0.50 6.11 5.11 1.00 0.00
0.50 6.11 5.29 1.00 0.00
0.50 6.11 5.46 1.00 0.00
0.50 6.11 5.64 1.00 0.00
0.50 6.11 5.81 1.00 0.00
0.50 6.11 5.99 1.00 0.00
0.50 6.11 6.16 1.00 0.00
0.50 6.11 6.34 1.00 0.00
0.50 6.11 6.51 1.00 0.00
0.50 6.11 6.68 1.00 0.00
0.50 6.11 6.86 1.00 0.00
0.50 6.11 7.03 1.00 0.00
0.50 6.11 7.21 1.00 0.00
0.50 6.11 7.38 1.00 0.00
0.50 6.11 7.56 1.00 0.00
0.50 6.11 7.73 1.00 0.00
0.70 6.11 4.75 1.00 0.00
0.70 6.11 4.93 1.00 0.00
0.70 6.11 5.10 1.00 0.00
0.70 6.11 5.28 1.00 0.00
0.70 6.11 5.45 1.00 0.00
0.70 6.11 5.63 1.00 0.00
0.70 6.11 5.80 1.00 0.00
0.70 6.11 5.97 1.00 0.00
0.70 6.11 6.15 1.00 0.00
0.70 6.11 6.32 1.00 0.00
0.70 6.11 6.50 1.00 0.00
0.70 6.11 6.67 1.00 0.00
0.70 6.11 6.85 1.00 0.00
0.70 6.11 7.02 1.00 0.00
0.70 6.11 7.20 1.00 0.00
0.70 6.11 7.37 1.00 0.00
0.70 6.11 7.55 1.00 0.00
0.70 6.11 7.72 1.00 0.00
0.90 6.11 4.74 1.00 0.00
0.90 6.11 4.91 1.00 0.00
0.90 6.11 5.09 1.00 0.00
0.90 6.11 5.26 1.00 0.00
0.90 6.11 5.44 1.00 0.00
0.90 6.11 5.61 1.00 0.00
0.90 6.11 5.78 1.00 0.00
0.90 6.11 5.96 1.00 0.00
0.90 6.11 6.13 1.00 0.00
0.90 6.11 6.31 1.00 0.00
0.90 6.11 6.48 1.00 0.00
0.90 6.11 6.66 1.00 0.00
0.90 6.11 6.83 1.00 0.00
0.90 6.11 7.01 1.00 0.00
0.90 6.11 7.18 1.00 0.00
0.90 6.11 7.36 1.00 0.00
0.90 6.11 7.53 1.00 0.00
0.90 6.11 7.70 1.00 0.00
1.10 6.11 4.72 1.00 0.00
1.10 6.11 4.89 1.00 0.00
1.10 6.11 5.07 1.00 0.00
1.10 6.11 5.24 1.00 0.00
1.10 6.11 5.42 1.00 0.00
1.10 6.11 5.59 1.00 0.00
1.10 6.11 5.77 1.00 0.00
1.10 6.11 5.94 1.00 0.00
1.10 6.11 6.12 1.00 0.00
1.10 6.11 6.29 1.00 0.00
1.10 6.11 6.46 1.00 0.00
1.10 6.11 6.64 1.00 0.00
1.10 6.11 6.81 1.00 0.00
1.10 6.11 6.99 1.00 0.00
1.10 6.11 7.16 1.00 0.00
1.10 6.11 7.34 1.00 0.00
1.10 6.11 7.51 1.00 0.00
1.10 6.11 7.69 1.00 0.00
