2.76 0.10 -0.08
2.56 0.10 -0.11
2.36 0.10 -0.14
2.16 0.10 -0.16
1.96 0.10 -0.19
2.77 0.10 -0.13
2.58 0.10 -0.19
2.39 0.10 -0.25
2.20 0.10 -0.31
2.01 0.10 -0.37
2.79 0.10 -0.18
2.61 0.10 -0.27
2.43 0.10 -0.37
2.26 0.10 -0.46
2.08 0.10 -0.55
2.82 0.10 -0.23
2.66 0.10 -0.35
2.50 0.10 -0.47
2.34 0.10 -0.59
2.18 0.10 -0.71
2.85 0.10 -0.27
2.72 0.10 -0.41
2.58 0.10 -0.56
2.45 0.10 -0.71
2.31 0.10 -0.85
2.89 0.10 -0.30
2.79 0.10 -0.47
2.68 0.10 -0.63
2.57 0.10 -0.80
2.46 0.10 -0.97
2.94 0.10 -0.32
2.86 0.10 -0.51
2.79 0.10 -0.69
2.71 0.10 -0.88
2.63 0.10 -1.06
2.99 0.10 -0.34
2.95 0.10 -0.53
2.90 0.10 -0.73
2.86 0.10 -0.92
2.82 0.10 -1.12
3.04 0.10 -0.34
3.03 0.10 -0.54
3.02 0.10 -0.74
3.01 0.10 -0.94
3.01 0.10 -1.14
3.09 0.10 -0.34
3.12 0.10 -0.54
3.15 0.10 -0.74
3.17 0.10 -0.94
3.20 0.10 -1.14
3.14 0.10 -0.33
3.20 0.10 -0.52
3.26 0.10 -0.71
3.32 0.10 -0.90
3.38 0.10 -1.09
3.19 0.10 -0.31
3.29 0.10 -0.49
3.38 0.10 -0.67
3.47 0.10 -0.84
3.56 0.10 -1.02
3.24 0.10 -0.28
3.36 0.10 -0.44
3.48 0.10 -0.60
3.60 0.10 -0.76
3.72 0.10 -0.92
3.28 0.10 -0.25
3.42 0.10 -0.38
3.57 0.10 -0.52
3.72 0.10 -0.65
3.87 0.10 -0.79
3.31 0.10 -0.21
3.48 0.10 -0.31
3.64 0.10 -0.42
3.81 0.10 -0.53
3.98 0.10 -0.64
3.33 0.10 -0.16
3.52 0.10 -0.24
3.70 0.10 -0.31
3.89 0.10 -0.39
4.07 0.10 -0.47
3.35 0.10 -0.11
3.54 0.10 -0.15
3.74 0.10 -0.20
3.93 0.10 -0.24
4.13 0.10 -0.28
3.35 0.10 -0.06
3.55 0.10 -0.07
3.75 0.10 -0.08
3.95 0.10 -0.08
4.15 0.10 -0.09
3.35 0.10 -0.01
3.55 0.10 0.02
3.75 0.10 0.05
3.95 0.10 0.07
4.15 0.10 0.10
3.34 0.10 0.05
3.53 0.10 0.11
3.72 0.10 0.17
3.91 0.10 0.23
4.10 0.10 0.28
3.32 0.10 0.09
3.50 0.10 0.19
3.68 0.10 0.28
3.85 0.10 0.37
4.03 0.10 0.46
3.29 0.10 0.14
3.45 0.10 0.26
3.61 0.10 0.38
3.77 0.10 0.50
3.93 0.10 0.62
3.26 0.10 0.18
3.39 0.10 0.32
3.53 0.10 0.47
3.66 0.10 0.62
3.80 0.10 0.77
3.22 0.10 0.21
3.32 0.10 0.38
3.43 0.10 0.55
3.54 0.10 0.71
3.65 0.10 0.88
3.17 0.10 0.23
3.25 0.10 0.42
3.32 0.10 0.60
3.40 0.10 0.79
3.48 0.10 0.97
3.12 0.10 0.25
3.16 0.10 0.44
3.21 0.10 0.64
3.25 0.10 0.83
3.29 0.10 1.03
3.07 0.10 0.26
3.08 0.10 0.45
3.09 0.10 0.65
3.10 0.10 0.85
3.10 0.10 1.05
3.02 0.10 0.25
2.99 0.10 0.45
2.96 0.10 0.65
2.94 0.10 0.85
2.91 0.10 1.05
2.97 0.10 0.24
2.91 0.10 0.43
2.85 0.10 0.62
2.79 0.10 0.81
2.73 0.10 1.00
2.92 0.10 0.22
2.82 0.10 0.40
2.73 0.10 0.58
2.64 0.10 0.75
2.55 0.10 0.93
2.87 0.10 0.19
2.75 0.10 0.35
2.63 0.10 0.51
2.51 0.10 0.67
2.39 0.10 0.83
2.83 0.10 0.16
2.69 0.10 0.29
2.54 0.10 0.43
2.39 0.10 0.56
2.24 0.10 0.70
2.80 0.10 0.12
2.63 0.10 0.22
2.47 0.10 0.33
2.30 0.10 0.44
2.13 0.10 0.55
2.78 0.10 0.07
2.59 0.10 0.15
2.41 0.10 0.22
2.22 0.10 0.30
2.04 0.10 0.38
2.76 0.10 0.02
2.57 0.10 0.06
2.37 0.10 0.11
2.18 0.10 0.15
1.98 0.10 0.19
2.76 0.10 -0.03
2.56 0.10 -0.02
2.36 0.10 -0.01
2.16 0.10 -0.00
1.96 0.10 0.00
