0.30 0.00 -1.18 1.00 0.00
0.30 0.00 -1.00 1.00 0.00
0.30 0.00 -0.83 1.00 0.00
0.30 0.00 -0.66 1.00 0.00
0.30 0.00 -0.48 1.00 0.00
0.30 0.00 -0.31 1.00 0.00
0.30 0.00 -0.13 1.00 0.00
0.30 0.00 0.04 1.00 0.00
0.30 0.00 0.22 1.00 0.00
0.30 0.00 0.39 1.00 0.00
0.30 0.00 0.57 1.00 0.00
0.30 0.00 0.74 1.00 0.00
0.30 0.00 0.92 1.00 0.00
0.30 0.00 1.09 1.00 0.00
0.30 0.00 1.26 1.00 0.00
0.30 0.00 1.44 1.00 0.00
0.30 0.00 1.61 1.00 0.00
0.30 0.00 1.79 1.00 0.00
0.50 0.00 -1.16 1.00 0.00
0.50 0.00 -0.99 1.00 0.00
0.50 0.00 -0.81 1.00 0.00
0.50 0.00 -0.64 1.00 0.00
0.50 0.00 -0.47 1.00 0.00
0.50 0.00 -0.29 1.00 0.00
0.50 0.00 -0.12 1.00 0.00
0.50 0.00 0.06 1.00 0.00
0.50 0.00 0.23 1.00 0.00
0.50 0.00 0.41 1.00 0.00
0.50 0.00 0.58 1.00 0.00
0.50 0.00 0.76 1.00 0.00
0.50 0.00 0.93 1.00 0.00
0.50 0.00 1.11 1.00 0.00
0.50 0.00 1.28 1.00 0.00
0.50 0.00 1.45 1.00 0.00
0.50 0.00 1.63 1.00 0.00
0.50 0.00 1.80 1.00 0.00
0.70 0.00 -1.15 1.00 0.00
0.70 0.00 -0.97 1.00 0.00
0.70 0.00 -0.80 1.00 0.00
0.70 0.00 -0.62 1.00 0.00
0.70 0.00 -0.45 1.00 0.00
0.70 0.00 -0.27 1.00 0.00
0.70 0.00 -0.10 1.00 0.00
0.70 0.00 0.08 1.00 0.00
0.70 0.00 0.25 1.00 0.00
0.70 0.00 0.42 1.00 0.00
0.70 0.00 0.60 1.00 0.00
0.70 0.00 0.77 1.00 0.00
0.70 0.00 0.95 1.00 0.00
0.70 0.00 1.12 1.00 0.00
0.70 0.00 1.30 1.00 0.00
0.70 0.00 1.47 1.00 0.00
0.70 0.00 1.65 1.00 0.00
0.70 0.00 1.82 1.00 0.00
0.90 0.00 -1.13 1.00 0.00
0.90 0.00 -0.95 1.00 0.00
0.90 0.00 -0.78 1.00 0.00
0.90 0.00 -0.60 1.00 0.00
0.90 0.00 -0.43 1.00 0.00
0.90 0.00 -0.26 1.00 0.00
0.90 0.00 -0.08 1.00 0.00
0.90 0.00 0.09 1.00 0.00
0.90 0.00 0.27 1.00 0.00
0.90 0.00 0.44 1.00 0.00
0.90 0.00 0.62 1.00 0.00
0.90 0.00 0.79 1.00 0.00
0.90 0.00 0.97 1.00 0.00
0.90 0.00 1.14 1.00 0.00
0.90 0.00 1.31 1.00 0.00
0.90 0.00 1.49 1.00 0.00
0.90 0.00 1.66 1.00 0.00
0.90 0.00 1.84 1.00 0.00
1.10 0.00 -1.11 1.00 0.00
1.10 0.00 -0.93 1.00 0.00
1.10 0.00 -0.76 1.00 0.00
1.10 0.00 -0.59 1.00 0.00
1.10 0.00 -0.41 1.00 0.00
1.10 0.00 -0.24 1.00 0.00
1.10 0.00 -0.06 1.00 0.00
1.10 0.00 0.11 1.00 0.00
1.10 0.00 0.29 1.00 0.00
1.10 0.00 0.46 1.00 0.00
1.10 0.00 0.64 1.00 0.00
1.10 0.00 0.81 1.00 0.00
1.10 0.00 0.99 1.00 0.00
1.10 0.00 1.16 1.00 0.00
1.10 0.00 1.33 1.00 0.00
1.10 0.00 1.51 1.00 0.00
1.10 0.00 1.68 1.00 0.00
1.10 0.00 1.86 1.00 0.00
0.30 0.17 -1.17 1.00 0.00
0.30 0.17 -1.00 1.00 0.00
0.30 0.17 -0.82 1.00 0.00
0.30 0.17 -0.65 1.00 0.00
0.30 0.17 -0.47 1.00 0.00
0.30 0.17 -0.30 1.00 0.00
0.30 0.17 -0.12 1.00 0.00
0.30 0.17 0.05 1.00 0.00
0.30 0.17 0.23 1.00 0.00
0.30 0.17 0.40 1.00 0.00
0.30 0.17 0.58 1.00 0.00
0.30 0.17 0.75 1.00 0.00
0.30 0.17 0.92 1.00 0.00
0.30 0.17 1.10 1.00 0.00
0.30 0.17 1.27 1.00 0.00
0.30 0.17 1.45 1.00 0.00
0.30 0.17 1.62 1.00 0.00
0.30 0.17 1.80 1.00 0.00
0.50 0.17 -1.15 1.00 0.00
0.50 0.17 -0.97 1.00 0.00
0.50 0.17 -0.80 1.00 0.00
0.50 0.17 -0.62 1.00 0.00
0.50 0.17 -0.45 1.00 0.00
0.50 0.17 -0.28 1.00 0.00
0.50 0.17 -0.10 1.00 0.00
0.50 0.17 0.07 1.00 0.00
0.50 0.17 0.25 1.00 0.00
0.50 0.17 0.42 1.00 0.00
0.50 0.17 0.60 1.00 0.00
0.50 0.17 0.77 1.00 0.00
0.50 0.17 0.95 1.00 0.00
0.50 0.17 1.12 1.00 0.00
0.50 0.17 1.30 1.00 0.00
0.50 0.17 1.47 1.00 0.00
0.50 0.17 1.64 1.00 0.00
0.50 0.17 1.82 1.00 0.00
0.70 0.17 -1.12 1.00 0.00
0.70 0.17 -0.95 1.00 0.00
0.70 0.17 -0.78 1.00 0.00
0.70 0.17 -0.60 1.00 0.00
0.70 0.17 -0.43 1.00 0.00
0.70 0.17 -0.25 1.00 0.00
0.70 0.17 -0.08 1.00 0.00
0.70 0.17 0.10 1.00 0.00
0.70 0.17 0.27 1.00 0.00
0.70 0.17 0.45 1.00 0.00
0.70 0.17 0.62 1.00 0.00
0.70 0.17 0.80 1.00 0.00
0.70 0.17 0.97 1.00 0.00
0.70 0.17 1.14 1.00 0.00
0.70 0.17 1.32 1.00 0.00
0.70 0.17 1.49 1.00 0.00
0.70 0.17 1.67 1.00 0.00
0.70 0.17 1.84 1.00 0.00
0.90 0.17 -1.10 1.00 0.00
0.90 0.17 -0.92 1.00 0.00
0.90 0.17 -0.75 1.00 0.00
0.90 0.17 -0.58 1.00 0.00
0.90 0.17 -0.40 1.00 0.00
0.90 0.17 -0.23 1.00 0.00
0.90 0.17 -0.05 1.00 0.00
0.90 0.17 0.12 1.00 0.00
0.90 0.17 0.30 1.00 0.00
0.90 0.17 0.47 1.00 0.00
0.90 0.17 0.65 1.00 0.00
0.90 0.17 0.82 1.00 0.00
0.90 0.17 1.00 1.00 0.00
0.90 0.17 1.17 1.00 0.00
0.90 0.17 1.34 1.00 0.00
0.90 0.17 1.52 1.00 0.00
0.90 0.17 1.69 1.00 0.00
0.90 0.17 1.87 1.00 0.00
1.10 0.17 -1.07 1.00 0.00
1.10 0.17 -0.90 1.00 0.00
1.10 0.17 -0.72 1.00 0.00
1.10 0.17 -0.55 1.00 0.00
1.10 0.17 -0.37 1.00 0.00
1.10 0.17 -0.20 1.00 0.00
1.10 0.17 -0.02 1.00 0.00
1.10 0.17 0.15 1.00 0.00
1.10 0.17 0.32 1.00 0.00
1.10 0.17 0.50 1.00 0.00
1.10 0.17 0.67 1.00 0.00
1.10 0.17 0.85 1.00 0.00
1.10 0.17 1.02 1.00 0.00
1.10 0.17 1.20 1.00 0.00
1.10 0.17 1.37 1.00 0.00
1.10 0.17 1.55 1.00 0.00
1.10 0.17 1.72 1.00 0.00
1.10 0.17 1.90 1.00 0.00
0.30 0.35 -1.16 1.00 0.00
0.30 0.35 -0.99 1.00 0.00
0.30 0.35 -0.81 1.00 0.00
0.30 0.35 -0.64 1.00 0.00
0.30 0.35 -0.46 1.00 0.00
0.30 0.35 -0.29 1.00 0.00
0.30 0.35 -0.11 1.00 0.00
0.30 0.35 0.06 1.00 0.00
0.30 0.35 0.23 1.00 0.00
0.30 0.35 0.41 1.00 0.00
0.30 0.35 0.58 1.00 0.00
0.30 0.35 0.76 1.00 0.00
0.30 0.35 0.93 1.00 0.00
0.30 0.35 1.11 1.00 0.00
0.30 0.35 1.28 1.00 0.00
0.30 0.35 1.46 1.00 0.00
0.30 0.35 1.63 1.00 0.00
0.30 0.35 1.81 1.00 0.00
0.50 0.35 -1.13 1.00 0.00
0.50 0.35 -0.96 1.00 0.00
0.50 0.35 -0.79 1.00 0.00
0.50 0.35 -0.61 1.00 0.00
0.50 0.35 -0.44 1.00 0.00
0.50 0.35 -0.26 1.00 0.00
0.50 0.35 -0.09 1.00 0.00
0.50 0.35 0.09 1.00 0.00
0.50 0.35 0.26 1.00 0.00
0.50 0.35 0.44 1.00 0.00
0.50 0.35 0.61 1.00 0.00
0.50 0.35 0.79 1.00 0.00
0.50 0.35 0.96 1.00 0.00
0.50 0.35 1.13 1.00 0.00
0.50 0.35 1.31 1.00 0.00
0.50 0.35 1.48 1.00 0.00
0.50 0.35 1.66 1.00 0.00
0.50 0.35 1.83 1.00 0.00
0.70 0.35 -1.11 1.00 0.00
0.70 0.35 -0.93 1.00 0.00
0.70 0.35 -0.76 1.00 0.00
0.70 0.35 -0.58 1.00 0.00
0.70 0.35 -0.41 1.00 0.00
0.70 0.35 -0.23 1.00 0.00
0.70 0.35 -0.06 1.00 0.00
0.70 0.35 0.12 1.00 0.00
0.70 0.35 0.29 1.00 0.00
0.70 0.35 0.47 1.00 0.00
0.70 0.35 0.64 1.00 0.00
0.70 0.35 0.81 1.00 0.00
0.70 0.35 0.99 1.00 0.00
0.70 0.35 1.16 1.00 0.00
0.70 0.35 1.34 1.00 0.00
0.70 0.35 1.51 1.00 0.00
0.70 0.35 1.69 1.00 0.00
0.70 0.35 1.86 1.00 0.00
0.90 0.35 -1.07 1.00 0.00
0.90 0.35 -0.90 1.00 0.00
0.90 0.35 -0.73 1.00 0.00
0.90 0.35 -0.55 1.00 0.00
0.90 0.35 -0.38 1.00 0.00
0.90 0.35 -0.20 1.00 0.00
0.90 0.35 -0.03 1.00 0.00
0.90 0.35 0.15 1.00 0.00
0.90 0.35 0.32 1.00 0.00
0.90 0.35 0.50 1.00 0.00
0.90 0.35 0.67 1.00 0.00
0.90 0.35 0.85 1.00 0.00
0.90 0.35 1.02 1.00 0.00
0.90 0.35 1.19 1.00 0.00
0.90 0.35 1.37 1.00 0.00
0.90 0.35 1.54 1.00 0.00
0.90 0.35 1.72 1.00 0.00
0.90 0.35 1.89 1.00 0.00
1.10 0.35 -1.04 1.00 0.00
1.10 0.35 -0.87 1.00 0.00
1.10 0.35 -0.69 1.00 0.00
1.10 0.35 -0.52 1.00 0.00
1.10 0.35 -0.34 1.00 0.00
1.10 0.35 -0.17 1.00 0.00
1.10 0.35 0.01 1.00 0.00
1.10 0.35 0.18 1.00 0.00
1.10 0.35 0.35 1.00 0.00
1.10 0.35 0.53 1.00 0.00
1.10 0.35 0.70 1.00 0.00
1.10 0.35 0.88 1.00 0.00
1.10 0.35 1.05 1.00 0.00
1.10 0.35 1.23 1.00 0.00
1.10 0.35 1.40 1.00 0.00
1.10 0.35 1.58 1.00 0.00
1.10 0.35 1.75 1.00 0.00
1.10 0.35 1.93 1.00 0.00
0.30 0.52 -1.16 1.00 0.00
0.30 0.52 -0.98 1.00 0.00
0.30 0.52 -0.81 1.00 0.00
0.30 0.52 -0.63 1.00 0.00
0.30 0.52 -0.46 1.00 0.00
0.30 0.52 -0.28 1.00 0.00
0.30 0.52 -0.11 1.00 0.00
0.30 0.52 0.07 1.00 0.00
0.30 0.52 0.24 1.00 0.00
0.30 0.52 0.42 1.00 0.00
0.30 0.52 0.59 1.00 0.00
0.30 0.52 0.76 1.00 0.00
0.30 0.52 0.94 1.00 0.00
0.30 0.52 1.11 1.00 0.00
0.30 0.52 1.29 1.00 0.00
0.30 0.52 1.46 1.00 0.00
0.30 0.52 1.64 1.00 0.00
0.30 0.52 1.81 1.00 0.00
0.50 0.52 -1.12 1.00 0.00
0.50 0.52 -0.95 1.00 0.00
0.50 0.52 -0.77 1.00 0.00
0.50 0.52 -0.60 1.00 0.00
0.50 0.52 -0.43 1.00 0.00
0.50 0.52 -0.25 1.00 0.00
0.50 0.52 -0.08 1.00 0.00
0.50 0.52 0.10 1.00 0.00
0.50 0.52 0.27 1.00 0.00
0.50 0.52 0.45 1.00 0.00
0.50 0.52 0.62 1.00 0.00
0.50 0.52 0.80 1.00 0.00
0.50 0.52 0.97 1.00 0.00
0.50 0.52 1.15 1.00 0.00
0.50 0.52 1.32 1.00 0.00
0.50 0.52 1.49 1.00 0.00
0.50 0.52 1.67 1.00 0.00
0.50 0.52 1.84 1.00 0.00
0.70 0.52 -1.09 1.00 0.00
0.70 0.52 -0.92 1.00 0.00
0.70 0.52 -0.74 1.00 0.00
0.70 0.52 -0.57 1.00 0.00
0.70 0.52 -0.39 1.00 0.00
0.70 0.52 -0.22 1.00 0.00
0.70 0.52 -0.04 1.00 0.00
0.70 0.52 0.13 1.00 0.00
0.70 0.52 0.31 1.00 0.00
0.70 0.52 0.48 1.00 0.00
0.70 0.52 0.66 1.00 0.00
0.70 0.52 0.83 1.00 0.00
0.70 0.52 1.00 1.00 0.00
0.70 0.52 1.18 1.00 0.00
0.70 0.52 1.35 1.00 0.00
0.70 0.52 1.53 1.00 0.00
0.70 0.52 1.70 1.00 0.00
0.70 0.52 1.88 1.00 0.00
0.90 0.52 -1.05 1.00 0.00
0.90 0.52 -0.88 1.00 0.00
0.90 0.52 -0.71 1.00 0.00
0.90 0.52 -0.53 1.00 0.00
0.90 0.52 -0.36 1.00 0.00
0.90 0.52 -0.18 1.00 0.00
0.90 0.52 -0.01 1.00 0.00
0.90 0.52 0.17 1.00 0.00
0.90 0.52 0.34 1.00 0.00
0.90 0.52 0.52 1.00 0.00
0.90 0.52 0.69 1.00 0.00
0.90 0.52 0.86 1.00 0.00
0.90 0.52 1.04 1.00 0.00
0.90 0.52 1.21 1.00 0.00
0.90 0.52 1.39 1.00 0.00
0.90 0.52 1.56 1.00 0.00
0.90 0.52 1.74 1.00 0.00
0.90 0.52 1.91 1.00 0.00
1.10 0.52 -1.02 1.00 0.00
1.10 0.52 -0.84 1.00 0.00
1.10 0.52 -0.67 1.00 0.00
1.10 0.52 -0.49 1.00 0.00
1.10 0.52 -0.32 1.00 0.00
1.10 0.52 -0.15 1.00 0.00
1.10 0.52 0.03 1.00 0.00
1.10 0.52 0.20 1.00 0.00
1.10 0.52 0.38 1.00 0.00
1.10 0.52 0.55 1.00 0.00
1.10 0.52 0.73 1.00 0.00
1.10 0.52 0.90 1.00 0.00
1.10 0.52 1.08 1.00 0.00
1.10 0.52 1.25 1.00 0.00
1.10 0.52 1.42 1.00 0.00
1.10 0.52 1.60 1.00 0.00
1.10 0.52 1.77 1.00 0.00
1.10 0.52 1.95 1.00 0.00
0.30 0.70 -1.15 1.00 0.00
0.30 0.70 -0.98 1.00 0.00
0.30 0.70 -0.80 1.00 0.00
0.30 0.70 -0.63 1.00 0.00
0.30 0.70 -0.45 1.00 0.00
0.30 0.70 -0.28 1.00 0.00
0.30 0.70 -0.10 1.00 0.00
0.30 0.70 0.07 1.00 0.00
0.30 0.70 0.25 1.00 0.00
0.30 0.70 0.42 1.00 0.00
0.30 0.70 0.60 1.00 0.00
0.30 0.70 0.77 1.00 0.00
0.30 0.70 0.94 1.00 0.00
0.30 0.70 1.12 1.00 0.00
0.30 0.70 1.29 1.00 0.00
0.30 0.70 1.47 1.00 0.00
0.30 0.70 1.64 1.00 0.00
0.30 0.70 1.82 1.00 0.00
0.50 0.70 -1.12 1.00 0.00
0.50 0.70 -0.94 1.00 0.00
0.50 0.70 -0.77 1.00 0.00
0.50 0.70 -0.59 1.00 0.00
0.50 0.70 -0.42 1.00 0.00
0.50 0.70 -0.24 1.00 0.00
0.50 0.70 -0.07 1.00 0.00
0.50 0.70 0.11 1.00 0.00
0.50 0.70 0.28 1.00 0.00
0.50 0.70 0.46 1.00 0.00
0.50 0.70 0.63 1.00 0.00
0.50 0.70 0.80 1.00 0.00
0.50 0.70 0.98 1.00 0.00
0.50 0.70 1.15 1.00 0.00
0.50 0.70 1.33 1.00 0.00
0.50 0.70 1.50 1.00 0.00
0.50 0.70 1.68 1.00 0.00
0.50 0.70 1.85 1.00 0.00
0.70 0.70 -1.08 1.00 0.00
0.70 0.70 -0.90 1.00 0.00
0.70 0.70 -0.73 1.00 0.00
0.70 0.70 -0.56 1.00 0.00
0.70 0.70 -0.38 1.00 0.00
0.70 0.70 -0.21 1.00 0.00
0.70 0.70 -0.03 1.00 0.00
0.70 0.70 0.14 1.00 0.00
0.70 0.70 0.32 1.00 0.00
0.70 0.70 0.49 1.00 0.00
0.70 0.70 0.67 1.00 0.00
0.70 0.70 0.84 1.00 0.00
0.70 0.70 1.02 1.00 0.00
0.70 0.70 1.19 1.00 0.00
0.70 0.70 1.36 1.00 0.00
0.70 0.70 1.54 1.00 0.00
0.70 0.70 1.71 1.00 0.00
0.70 0.70 1.89 1.00 0.00
0.90 0.70 -1.04 1.00 0.00
0.90 0.70 -0.87 1.00 0.00
0.90 0.70 -0.69 1.00 0.00
0.90 0.70 -0.52 1.00 0.00
0.90 0.70 -0.34 1.00 0.00
0.90 0.70 -0.17 1.00 0.00
0.90 0.70 0.01 1.00 0.00
0.90 0.70 0.18 1.00 0.00
0.90 0.70 0.35 1.00 0.00
0.90 0.70 0.53 1.00 0.00
0.90 0.70 0.70 1.00 0.00
0.90 0.70 0.88 1.00 0.00
0.90 0.70 1.05 1.00 0.00
0.90 0.70 1.23 1.00 0.00
0.90 0.70 1.40 1.00 0.00
0.90 0.70 1.58 1.00 0.00
0.90 0.70 1.75 1.00 0.00
0.90 0.70 1.93 1.00 0.00
1.10 0.70 -1.00 1.00 0.00
1.10 0.70 -0.83 1.00 0.00
1.10 0.70 -0.65 1.00 0.00
1.10 0.70 -0.48 1.00 0.00
1.10 0.70 -0.30 1.00 0.00
1.10 0.70 -0.13 1.00 0.00
1.10 0.70 0.04 1.00 0.00
1.10 0.70 0.22 1.00 0.00
1.10 0.70 0.39 1.00 0.00
1.10 0.70 0.57 1.00 0.00
1.10 0.70 0.74 1.00 0.00
1.10 0.70 0.92 1.00 0.00
1.10 0.70 1.09 1.00 0.00
1.10 0.70 1.27 1.00 0.00
1.10 0.70 1.44 1.00 0.00
1.10 0.70 1.61 1.00 0.00
1.10 0.70 1.79 1.00 0.00
1.10 0.70 1.96 1.00 0.00
0.30 0.87 -1.15 1.00 0.00
0.30 0.87 -0.97 1.00 0.00
0.30 0.87 -0.80 1.00 0.00
0.30 0.87 -0.62 1.00 0.00
0.30 0.87 -0.45 1.00 0.00
0.30 0.87 -0.27 1.00 0.00
0.30 0.87 -0.10 1.00 0.00
0.30 0.87 0.08 1.00 0.00
0.30 0.87 0.25 1.00 0.00
0.30 0.87 0.42 1.00 0.00
0.30 0.87 0.60 1.00 0.00
0.30 0.87 0.77 1.00 0.00
0.30 0.87 0.95 1.00 0.00
0.30 0.87 1.12 1.00 0.00
0.30 0.87 1.30 1.00 0.00
0.30 0.87 1.47 1.00 0.00
0.30 0.87 1.65 1.00 0.00
0.30 0.87 1.82 1.00 0.00
0.50 0.87 -1.11 1.00 0.00
0.50 0.87 -0.94 1.00 0.00
0.50 0.87 -0.76 1.00 0.00
0.50 0.87 -0.59 1.00 0.00
0.50 0.87 -0.41 1.00 0.00
0.50 0.87 -0.24 1.00 0.00
0.50 0.87 -0.06 1.00 0.00
0.50 0.87 0.11 1.00 0.00
0.50 0.87 0.29 1.00 0.00
0.50 0.87 0.46 1.00 0.00
0.50 0.87 0.64 1.00 0.00
0.50 0.87 0.81 1.00 0.00
0.50 0.87 0.98 1.00 0.00
0.50 0.87 1.16 1.00 0.00
0.50 0.87 1.33 1.00 0.00
0.50 0.87 1.51 1.00 0.00
0.50 0.87 1.68 1.00 0.00
0.50 0.87 1.86 1.00 0.00
0.70 0.87 -1.07 1.00 0.00
0.70 0.87 -0.90 1.00 0.00
0.70 0.87 -0.72 1.00 0.00
0.70 0.87 -0.55 1.00 0.00
0.70 0.87 -0.37 1.00 0.00
0.70 0.87 -0.20 1.00 0.00
0.70 0.87 -0.02 1.00 0.00
0.70 0.87 0.15 1.00 0.00
0.70 0.87 0.32 1.00 0.00
0.70 0.87 0.50 1.00 0.00
0.70 0.87 0.67 1.00 0.00
0.70 0.87 0.85 1.00 0.00
0.70 0.87 1.02 1.00 0.00
0.70 0.87 1.20 1.00 0.00
0.70 0.87 1.37 1.00 0.00
0.70 0.87 1.55 1.00 0.00
0.70 0.87 1.72 1.00 0.00
0.70 0.87 1.90 1.00 0.00
0.90 0.87 -1.03 1.00 0.00
0.90 0.87 -0.86 1.00 0.00
0.90 0.87 -0.68 1.00 0.00
0.90 0.87 -0.51 1.00 0.00
0.90 0.87 -0.34 1.00 0.00
0.90 0.87 -0.16 1.00 0.00
0.90 0.87 0.01 1.00 0.00
0.90 0.87 0.19 1.00 0.00
0.90 0.87 0.36 1.00 0.00
0.90 0.87 0.54 1.00 0.00
0.90 0.87 0.71 1.00 0.00
0.90 0.87 0.89 1.00 0.00
0.90 0.87 1.06 1.00 0.00
0.90 0.87 1.24 1.00 0.00
0.90 0.87 1.41 1.00 0.00
0.90 0.87 1.58 1.00 0.00
0.90 0.87 1.76 1.00 0.00
0.90 0.87 1.93 1.00 0.00
1.10 0.87 -0.99 1.00 0.00
1.10 0.87 -0.82 1.00 0.00
1.10 0.87 -0.65 1.00 0.00
1.10 0.87 -0.47 1.00 0.00
1.10 0.87 -0.30 1.00 0.00
1.10 0.87 -0.12 1.00 0.00
1.10 0.87 0.05 1.00 0.00
1.10 0.87 0.23 1.00 0.00
1.10 0.87 0.40 1.00 0.00
1.10 0.87 0.58 1.00 0.00
1.10 0.87 0.75 1.00 0.00
1.10 0.87 0.92 1.00 0.00
1.10 0.87 1.10 1.00 0.00
1.10 0.87 1.27 1.00 0.00
1.10 0.87 1.45 1.00 0.00
1.10 0.87 1.62 1.00 0.00
1.10 0.87 1.80 1.00 0.00
1.10 0.87 1.97 1.00 0.00
0.30 1.05 -1.14 1.00 0.00
0.30 1.05 -0.97 1.00 0.00
0.30 1.05 -0.80 1.00 0.00
0.30 1.05 -0.62 1.00 0.00
0.30 1.05 -0.45 1.00 0.00
0.30 1.05 -0.27 1.00 0.00
0.30 1.05 -0.10 1.00 0.00
0.30 1.05 0.08 1.00 0.00
0.30 1.05 0.25 1.00 0.00
0.30 1.05 0.43 1.00 0.00
0.30 1.05 0.60 1.00 0.00
0.30 1.05 0.78 1.00 0.00
0.30 1.05 0.95 1.00 0.00
0.30 1.05 1.12 1.00 0.00
0.30 1.05 1.30 1.00 0.00
0.30 1.05 1.47 1.00 0.00
0.30 1.05 1.65 1.00 0.00
0.30 1.05 1.82 1.00 0.00
0.50 1.05 -1.11 1.00 0.00
0.50 1.05 -0.93 1.00 0.00
0.50 1.05 -0.76 1.00 0.00
0.50 1.05 -0.58 1.00 0.00
0.50 1.05 -0.41 1.00 0.00
0.50 1.05 -0.23 1.00 0.00
0.50 1.05 -0.06 1.00 0.00
0.50 1.05 0.11 1.00 0.00
0.50 1.05 0.29 1.00 0.00
0.50 1.05 0.46 1.00 0.00
0.50 1.05 0.64 1.00 0.00
0.50 1.05 0.81 1.00 0.00
0.50 1.05 0.99 1.00 0.00
0.50 1.05 1.16 1.00 0.00
0.50 1.05 1.34 1.00 0.00
0.50 1.05 1.51 1.00 0.00
0.50 1.05 1.69 1.00 0.00
0.50 1.05 1.86 1.00 0.00
0.70 1.05 -1.07 1.00 0.00
0.70 1.05 -0.89 1.00 0.00
0.70 1.05 -0.72 1.00 0.00
0.70 1.05 -0.55 1.00 0.00
0.70 1.05 -0.37 1.00 0.00
0.70 1.05 -0.20 1.00 0.00
0.70 1.05 -0.02 1.00 0.00
0.70 1.05 0.15 1.00 0.00
0.70 1.05 0.33 1.00 0.00
0.70 1.05 0.50 1.00 0.00
0.70 1.05 0.68 1.00 0.00
0.70 1.05 0.85 1.00 0.00
0.70 1.05 1.03 1.00 0.00
0.70 1.05 1.20 1.00 0.00
0.70 1.05 1.37 1.00 0.00
0.70 1.05 1.55 1.00 0.00
0.70 1.05 1.72 1.00 0.00
0.70 1.05 1.90 1.00 0.00
0.90 1.05 -1.03 1.00 0.00
0.90 1.05 -0.86 1.00 0.00
0.90 1.05 -0.68 1.00 0.00
0.90 1.05 -0.51 1.00 0.00
0.90 1.05 -0.33 1.00 0.00
0.90 1.05 -0.16 1.00 0.00
0.90 1.05 0.02 1.00 0.00
0.90 1.05 0.19 1.00 0.00
0.90 1.05 0.36 1.00 0.00
0.90 1.05 0.54 1.00 0.00
0.90 1.05 0.71 1.00 0.00
0.90 1.05 0.89 1.00 0.00
0.90 1.05 1.06 1.00 0.00
0.90 1.05 1.24 1.00 0.00
0.90 1.05 1.41 1.00 0.00
0.90 1.05 1.59 1.00 0.00
0.90 1.05 1.76 1.00 0.00
0.90 1.05 1.94 1.00 0.00
1.10 1.05 -0.99 1.00 0.00
1.10 1.05 -0.82 1.00 0.00
1.10 1.05 -0.64 1.00 0.00
1.10 1.05 -0.47 1.00 0.00
1.10 1.05 -0.30 1.00 0.00
1.10 1.05 -0.12 1.00 0.00
1.10 1.05 0.05 1.00 0.00
1.10 1.05 0.23 1.00 0.00
1.10 1.05 0.40 1.00 0.00
1.10 1.05 0.58 1.00 0.00
1.10 1.05 0.75 1.00 0.00
1.10 1.05 0.93 1.00 0.00
1.10 1.05 1.10 1.00 0.00
1.10 1.05 1.28 1.00 0.00
1.10 1.05 1.45 1.00 0.00
1.10 1.05 1.62 1.00 0.00
1.10 1.05 1.80 1.00 0.00
1.10 1.05 1.97 1.00 0.00
0.30 1.22 -1.14 1.00 0.00
0.30 1.22 -0.97 1.00 0.00
0.30 1.22 -0.80 1.00 0.00
0.30 1.22 -0.62 1.00 0.00
0.30 1.22 -0.45 1.00 0.00
0.30 1.22 -0.27 1.00 0.00
0.30 1.22 -0.10 1.00 0.00
0.30 1.22 0.08 1.00 0.00
0.30 1.22 0.25 1.00 0.00
0.30 1.22 0.43 1.00 0.00
0.30 1.22 0.60 1.00 0.00
0.30 1.22 0.78 1.00 0.00
0.30 1.22 0.95 1.00 0.00
0.30 1.22 1.12 1.00 0.00
0.30 1.22 1.30 1.00 0.00
0.30 1.22 1.47 1.00 0.00
0.30 1.22 1.65 1.00 0.00
0.30 1.22 1.82 1.00 0.00
0.50 1.22 -1.11 1.00 0.00
0.50 1.22 -0.93 1.00 0.00
0.50 1.22 -0.76 1.00 0.00
0.50 1.22 -0.58 1.00 0.00
0.50 1.22 -0.41 1.00 0.00
0.50 1.22 -0.23 1.00 0.00
0.50 1.22 -0.06 1.00 0.00
0.50 1.22 0.11 1.00 0.00
0.50 1.22 0.29 1.00 0.00
0.50 1.22 0.46 1.00 0.00
0.50 1.22 0.64 1.00 0.00
0.50 1.22 0.81 1.00 0.00
0.50 1.22 0.99 1.00 0.00
0.50 1.22 1.16 1.00 0.00
0.50 1.22 1.34 1.00 0.00
0.50 1.22 1.51 1.00 0.00
0.50 1.22 1.68 1.00 0.00
0.50 1.22 1.86 1.00 0.00
0.70 1.22 -1.07 1.00 0.00
0.70 1.22 -0.90 1.00 0.00
0.70 1.22 -0.72 1.00 0.00
0.70 1.22 -0.55 1.00 0.00
0.70 1.22 -0.37 1.00 0.00
0.70 1.22 -0.20 1.00 0.00
0.70 1.22 -0.02 1.00 0.00
0.70 1.22 0.15 1.00 0.00
0.70 1.22 0.33 1.00 0.00
0.70 1.22 0.50 1.00 0.00
0.70 1.22 0.67 1.00 0.00
0.70 1.22 0.85 1.00 0.00
0.70 1.22 1.02 1.00 0.00
0.70 1.22 1.20 1.00 0.00
0.70 1.22 1.37 1.00 0.00
0.70 1.22 1.55 1.00 0.00
0.70 1.22 1.72 1.00 0.00
0.70 1.22 1.90 1.00 0.00
0.90 1.22 -1.03 1.00 0.00
0.90 1.22 -0.86 1.00 0.00
0.90 1.22 -0.69 1.00 0.00
0.90 1.22 -0.51 1.00 0.00
0.90 1.22 -0.34 1.00 0.00
0.90 1.22 -0.16 1.00 0.00
0.90 1.22 0.01 1.00 0.00
0.90 1.22 0.19 1.00 0.00
0.90 1.22 0.36 1.00 0.00
0.90 1.22 0.54 1.00 0.00
0.90 1.22 0.71 1.00 0.00
0.90 1.22 0.89 1.00 0.00
0.90 1.22 1.06 1.00 0.00
0.90 1.22 1.23 1.00 0.00
0.90 1.22 1.41 1.00 0.00
0.90 1.22 1.58 1.00 0.00
0.90 1.22 1.76 1.00 0.00
0.90 1.22 1.93 1.00 0.00
1.10 1.22 -1.00 1.00 0.00
1.10 1.22 -0.82 1.00 0.00
1.10 1.22 -0.65 1.00 0.00
1.10 1.22 -0.48 1.00 0.00
1.10 1.22 -0.30 1.00 0.00
1.10 1.22 -0.13 1.00 0.00
1.10 1.22 0.05 1.00 0.00
1.10 1.22 0.22 1.00 0.00
1.10 1.22 0.40 1.00 0.00
1.10 1.22 0.57 1.00 0.00
1.10 1.22 0.75 1.00 0.00
1.10 1.22 0.92 1.00 0.00
1.10 1.22 1.10 1.00 0.00
1.10 1.22 1.27 1.00 0.00
1.10 1.22 1.44 1.00 0.00
1.10 1.22 1.62 1.00 0.00
1.10 1.22 1.79 1.00 0.00
1.10 1.22 1.97 1.00 0.00
0.30 1.40 -1.15 1.00 0.00
0.30 1.40 -0.97 1.00 0.00
0.30 1.40 -0.80 1.00 0.00
0.30 1.40 -0.62 1.00 0.00
0.30 1.40 -0.45 1.00 0.00
0.30 1.40 -0.27 1.00 0.00
0.30 1.40 -0.10 1.00 0.00
0.30 1.40 0.08 1.00 0.00
0.30 1.40 0.25 1.00 0.00
0.30 1.40 0.42 1.00 0.00
0.30 1.40 0.60 1.00 0.00
0.30 1.40 0.77 1.00 0.00
0.30 1.40 0.95 1.00 0.00
0.30 1.40 1.12 1.00 0.00
0.30 1.40 1.30 1.00 0.00
0.30 1.40 1.47 1.00 0.00
0.30 1.40 1.65 1.00 0.00
0.30 1.40 1.82 1.00 0.00
0.50 1.40 -1.11 1.00 0.00
0.50 1.40 -0.94 1.00 0.00
0.50 1.40 -0.76 1.00 0.00
0.50 1.40 -0.59 1.00 0.00
0.50 1.40 -0.41 1.00 0.00
0.50 1.40 -0.24 1.00 0.00
0.50 1.40 -0.06 1.00 0.00
0.50 1.40 0.11 1.00 0.00
0.50 1.40 0.29 1.00 0.00
0.50 1.40 0.46 1.00 0.00
0.50 1.40 0.63 1.00 0.00
0.50 1.40 0.81 1.00 0.00
0.50 1.40 0.98 1.00 0.00
0.50 1.40 1.16 1.00 0.00
0.50 1.40 1.33 1.00 0.00
0.50 1.40 1.51 1.00 0.00
0.50 1.40 1.68 1.00 0.00
0.50 1.40 1.86 1.00 0.00
0.70 1.40 -1.08 1.00 0.00
0.70 1.40 -0.90 1.00 0.00
0.70 1.40 -0.73 1.00 0.00
0.70 1.40 -0.55 1.00 0.00
0.70 1.40 -0.38 1.00 0.00
0.70 1.40 -0.20 1.00 0.00
0.70 1.40 -0.03 1.00 0.00
0.70 1.40 0.15 1.00 0.00
0.70 1.40 0.32 1.00 0.00
0.70 1.40 0.49 1.00 0.00
0.70 1.40 0.67 1.00 0.00
0.70 1.40 0.84 1.00 0.00
0.70 1.40 1.02 1.00 0.00
0.70 1.40 1.19 1.00 0.00
0.70 1.40 1.37 1.00 0.00
0.70 1.40 1.54 1.00 0.00
0.70 1.40 1.72 1.00 0.00
0.70 1.40 1.89 1.00 0.00
0.90 1.40 -1.04 1.00 0.00
0.90 1.40 -0.87 1.00 0.00
0.90 1.40 -0.69 1.00 0.00
0.90 1.40 -0.52 1.00 0.00
0.90 1.40 -0.34 1.00 0.00
0.90 1.40 -0.17 1.00 0.00
0.90 1.40 0.01 1.00 0.00
0.90 1.40 0.18 1.00 0.00
0.90 1.40 0.35 1.00 0.00
0.90 1.40 0.53 1.00 0.00
0.90 1.40 0.70 1.00 0.00
0.90 1.40 0.88 1.00 0.00
0.90 1.40 1.05 1.00 0.00
0.90 1.40 1.23 1.00 0.00
0.90 1.40 1.40 1.00 0.00
0.90 1.40 1.58 1.00 0.00
0.90 1.40 1.75 1.00 0.00
0.90 1.40 1.92 1.00 0.00
1.10 1.40 -1.01 1.00 0.00
1.10 1.40 -0.83 1.00 0.00
1.10 1.40 -0.66 1.00 0.00
1.10 1.40 -0.49 1.00 0.00
1.10 1.40 -0.31 1.00 0.00
1.10 1.40 -0.14 1.00 0.00
1.10 1.40 0.04 1.00 0.00
1.10 1.40 0.21 1.00 0.00
1.10 1.40 0.39 1.00 0.00
1.10 1.40 0.56 1.00 0.00
1.10 1.40 0.74 1.00 0.00
1.10 1.40 0.91 1.00 0.00
1.10 1.40 1.09 1.00 0.00
1.10 1.40 1.26 1.00 0.00
1.10 1.40 1.43 1.00 0.00
1.10 1.40 1.61 1.00 0.00
1.10 1.40 1.78 1.00 0.00
1.10 1.40 1.96 1.00 0.00
0.30 1.57 -1.15 1.00 0.00
0.30 1.57 -0.97 1.00 0.00
0.30 1.57 -0.80 1.00 0.00
0.30 1.57 -0.63 1.00 0.00
0.30 1.57 -0.45 1.00 0.00
0.30 1.57 -0.28 1.00 0.00
0.30 1.57 -0.10 1.00 0.00
0.30 1.57 0.07 1.00 0.00
0.30 1.57 0.25 1.00 0.00
0.30 1.57 0.42 1.00 0.00
0.30 1.57 0.60 1.00 0.00
0.30 1.57 0.77 1.00 0.00
0.30 1.57 0.94 1.00 0.00
0.30 1.57 1.12 1.00 0.00
0.30 1.57 1.29 1.00 0.00
0.30 1.57 1.47 1.00 0.00
0.30 1.57 1.64 1.00 0.00
0.30 1.57 1.82 1.00 0.00
0.50 1.57 -1.12 1.00 0.00
0.50 1.57 -0.94 1.00 0.00
0.50 1.57 -0.77 1.00 0.00
0.50 1.57 -0.59 1.00 0.00
0.50 1.57 -0.42 1.00 0.00
0.50 1.57 -0.24 1.00 0.00
0.50 1.57 -0.07 1.00 0.00
0.50 1.57 0.11 1.00 0.00
0.50 1.57 0.28 1.00 0.00
0.50 1.57 0.45 1.00 0.00
0.50 1.57 0.63 1.00 0.00
0.50 1.57 0.80 1.00 0.00
0.50 1.57 0.98 1.00 0.00
0.50 1.57 1.15 1.00 0.00
0.50 1.57 1.33 1.00 0.00
0.50 1.57 1.50 1.00 0.00
0.50 1.57 1.68 1.00 0.00
0.50 1.57 1.85 1.00 0.00
0.70 1.57 -1.08 1.00 0.00
0.70 1.57 -0.91 1.00 0.00
0.70 1.57 -0.74 1.00 0.00
0.70 1.57 -0.56 1.00 0.00
0.70 1.57 -0.39 1.00 0.00
0.70 1.57 -0.21 1.00 0.00
0.70 1.57 -0.04 1.00 0.00
0.70 1.57 0.14 1.00 0.00
0.70 1.57 0.31 1.00 0.00
0.70 1.57 0.49 1.00 0.00
0.70 1.57 0.66 1.00 0.00
0.70 1.57 0.84 1.00 0.00
0.70 1.57 1.01 1.00 0.00
0.70 1.57 1.18 1.00 0.00
0.70 1.57 1.36 1.00 0.00
0.70 1.57 1.53 1.00 0.00
0.70 1.57 1.71 1.00 0.00
0.70 1.57 1.88 1.00 0.00
0.90 1.57 -1.05 1.00 0.00
0.90 1.57 -0.88 1.00 0.00
0.90 1.57 -0.70 1.00 0.00
0.90 1.57 -0.53 1.00 0.00
0.90 1.57 -0.36 1.00 0.00
0.90 1.57 -0.18 1.00 0.00
0.90 1.57 -0.01 1.00 0.00
0.90 1.57 0.17 1.00 0.00
0.90 1.57 0.34 1.00 0.00
0.90 1.57 0.52 1.00 0.00
0.90 1.57 0.69 1.00 0.00
0.90 1.57 0.87 1.00 0.00
0.90 1.57 1.04 1.00 0.00
0.90 1.57 1.22 1.00 0.00
0.90 1.57 1.39 1.00 0.00
0.90 1.57 1.56 1.00 0.00
0.90 1.57 1.74 1.00 0.00
0.90 1.57 1.91 1.00 0.00
1.10 1.57 -1.02 1.00 0.00
1.10 1.57 -0.85 1.00 0.00
1.10 1.57 -0.67 1.00 0.00
1.10 1.57 -0.50 1.00 0.00
1.10 1.57 -0.33 1.00 0.00
1.10 1.57 -0.15 1.00 0.00
1.10 1.57 0.02 1.00 0.00
1.10 1.57 0.20 1.00 0.00
1.10 1.57 0.37 1.00 0.00
1.10 1.57 0.55 1.00 0.00
1.10 1.57 0.72 1.00 0.00
1.10 1.57 0.90 1.00 0.00
1.10 1.57 1.07 1.00 0.00
1.10 1.57 1.24 1.00 0.00
1.10 1.57 1.42 1.00 0.00
1.10 1.57 1.59 1.00 0.00
1.10 1.57 1.77 1.00 0.00
1.10 1.57 1.94 1.00 0.00
0.30 1.75 -1.15 1.00 0.00
0.30 1.75 -0.98 1.00 0.00
0.30 1.75 -0.80 1.00 0.00
0.30 1.75 -0.63 1.00 0.00
0.30 1.75 -0.46 1.00 0.00
0.30 1.75 -0.28 1.00 0.00
0.30 1.75 -0.11 1.00 0.00
0.30 1.75 0.07 1.00 0.00
0.30 1.75 0.24 1.00 0.00
0.30 1.75 0.42 1.00 0.00
0.30 1.75 0.59 1.00 0.00
0.30 1.75 0.77 1.00 0.00
0.30 1.75 0.94 1.00 0.00
0.30 1.75 1.11 1.00 0.00
0.30 1.75 1.29 1.00 0.00
0.30 1.75 1.46 1.00 0.00
0.30 1.75 1.64 1.00 0.00
0.30 1.75 1.81 1.00 0.00
0.50 1.75 -1.12 1.00 0.00
0.50 1.75 -0.95 1.00 0.00
0.50 1.75 -0.78 1.00 0.00
0.50 1.75 -0.60 1.00 0.00
0.50 1.75 -0.43 1.00 0.00
0.50 1.75 -0.25 1.00 0.00
0.50 1.75 -0.08 1.00 0.00
0.50 1.75 0.10 1.00 0.00
0.50 1.75 0.27 1.00 0.00
0.50 1.75 0.45 1.00 0.00
0.50 1.75 0.62 1.00 0.00
0.50 1.75 0.80 1.00 0.00
0.50 1.75 0.97 1.00 0.00
0.50 1.75 1.14 1.00 0.00
0.50 1.75 1.32 1.00 0.00
0.50 1.75 1.49 1.00 0.00
0.50 1.75 1.67 1.00 0.00
0.50 1.75 1.84 1.00 0.00
0.70 1.75 -1.10 1.00 0.00
0.70 1.75 -0.92 1.00 0.00
0.70 1.75 -0.75 1.00 0.00
0.70 1.75 -0.57 1.00 0.00
0.70 1.75 -0.40 1.00 0.00
0.70 1.75 -0.22 1.00 0.00
0.70 1.75 -0.05 1.00 0.00
0.70 1.75 0.13 1.00 0.00
0.70 1.75 0.30 1.00 0.00
0.70 1.75 0.47 1.00 0.00
0.70 1.75 0.65 1.00 0.00
0.70 1.75 0.82 1.00 0.00
0.70 1.75 1.00 1.00 0.00
0.70 1.75 1.17 1.00 0.00
0.70 1.75 1.35 1.00 0.00
0.70 1.75 1.52 1.00 0.00
0.70 1.75 1.70 1.00 0.00
0.70 1.75 1.87 1.00 0.00
0.90 1.75 -1.07 1.00 0.00
0.90 1.75 -0.89 1.00 0.00
0.90 1.75 -0.72 1.00 0.00
0.90 1.75 -0.55 1.00 0.00
0.90 1.75 -0.37 1.00 0.00
0.90 1.75 -0.20 1.00 0.00
0.90 1.75 -0.02 1.00 0.00
0.90 1.75 0.15 1.00 0.00
0.90 1.75 0.33 1.00 0.00
0.90 1.75 0.50 1.00 0.00
0.90 1.75 0.68 1.00 0.00
0.90 1.75 0.85 1.00 0.00
0.90 1.75 1.03 1.00 0.00
0.90 1.75 1.20 1.00 0.00
0.90 1.75 1.37 1.00 0.00
0.90 1.75 1.55 1.00 0.00
0.90 1.75 1.72 1.00 0.00
0.90 1.75 1.90 1.00 0.00
1.10 1.75 -1.04 1.00 0.00
1.10 1.75 -0.87 1.00 0.00
1.10 1.75 -0.69 1.00 0.00
1.10 1.75 -0.52 1.00 0.00
1.10 1.75 -0.34 1.00 0.00
1.10 1.75 -0.17 1.00 0.00
1.10 1.75 0.00 1.00 0.00
1.10 1.75 0.18 1.00 0.00
1.10 1.75 0.35 1.00 0.00
1.10 1.75 0.53 1.00 0.00
1.10 1.75 0.70 1.00 0.00
1.10 1.75 0.88 1.00 0.00
1.10 1.75 1.05 1.00 0.00
1.10 1.75 1.23 1.00 0.00
1.10 1.75 1.40 1.00 0.00
1.10 1.75 1.58 1.00 0.00
1.10 1.75 1.75 1.00 0.00
1.10 1.75 1.92 1.00 0.00
0.30 1.92 -1.16 1.00 0.00
0.30 1.92 -0.99 1.00 0.00
0.30 1.92 -0.81 1.00 0.00
0.30 1.92 -0.64 1.00 0.00
0.30 1.92 -0.46 1.00 0.00
0.30 1.92 -0.29 1.00 0.00
0.30 1.92 -0.11 1.00 0.00
0.30 1.92 0.06 1.00 0.00
0.30 1.92 0.24 1.00 0.00
0.30 1.92 0.41 1.00 0.00
0.30 1.92 0.59 1.00 0.00
0.30 1.92 0.76 1.00 0.00
0.30 1.92 0.93 1.00 0.00
0.30 1.92 1.11 1.00 0.00
0.30 1.92 1.28 1.00 0.00
0.30 1.92 1.46 1.00 0.00
0.30 1.92 1.63 1.00 0.00
0.30 1.92 1.81 1.00 0.00
0.50 1.92 -1.13 1.00 0.00
0.50 1.92 -0.96 1.00 0.00
0.50 1.92 -0.79 1.00 0.00
0.50 1.92 -0.61 1.00 0.00
0.50 1.92 -0.44 1.00 0.00
0.50 1.92 -0.26 1.00 0.00
0.50 1.92 -0.09 1.00 0.00
0.50 1.92 0.09 1.00 0.00
0.50 1.92 0.26 1.00 0.00
0.50 1.92 0.44 1.00 0.00
0.50 1.92 0.61 1.00 0.00
0.50 1.92 0.79 1.00 0.00
0.50 1.92 0.96 1.00 0.00
0.50 1.92 1.13 1.00 0.00
0.50 1.92 1.31 1.00 0.00
0.50 1.92 1.48 1.00 0.00
0.50 1.92 1.66 1.00 0.00
0.50 1.92 1.83 1.00 0.00
0.70 1.92 -1.11 1.00 0.00
0.70 1.92 -0.94 1.00 0.00
0.70 1.92 -0.76 1.00 0.00
0.70 1.92 -0.59 1.00 0.00
0.70 1.92 -0.41 1.00 0.00
0.70 1.92 -0.24 1.00 0.00
0.70 1.92 -0.06 1.00 0.00
0.70 1.92 0.11 1.00 0.00
0.70 1.92 0.29 1.00 0.00
0.70 1.92 0.46 1.00 0.00
0.70 1.92 0.64 1.00 0.00
0.70 1.92 0.81 1.00 0.00
0.70 1.92 0.98 1.00 0.00
0.70 1.92 1.16 1.00 0.00
0.70 1.92 1.33 1.00 0.00
0.70 1.92 1.51 1.00 0.00
0.70 1.92 1.68 1.00 0.00
0.70 1.92 1.86 1.00 0.00
0.90 1.92 -1.09 1.00 0.00
0.90 1.92 -0.91 1.00 0.00
0.90 1.92 -0.74 1.00 0.00
0.90 1.92 -0.56 1.00 0.00
0.90 1.92 -0.39 1.00 0.00
0.90 1.92 -0.21 1.00 0.00
0.90 1.92 -0.04 1.00 0.00
0.90 1.92 0.13 1.00 0.00
0.90 1.92 0.31 1.00 0.00
0.90 1.92 0.48 1.00 0.00
0.90 1.92 0.66 1.00 0.00
0.90 1.92 0.83 1.00 0.00
0.90 1.92 1.01 1.00 0.00
0.90 1.92 1.18 1.00 0.00
0.90 1.92 1.36 1.00 0.00
0.90 1.92 1.53 1.00 0.00
0.90 1.92 1.71 1.00 0.00
0.90 1.92 1.88 1.00 0.00
1.10 1.92 -1.07 1.00 0.00
1.10 1.92 -0.89 1.00 0.00
1.10 1.92 -0.72 1.00 0.00
1.10 1.92 -0.54 1.00 0.00
1.10 1.92 -0.37 1.00 0.00
1.10 1.92 -0.19 1.00 0.00
1.10 1.92 -0.02 1.00 0.00
1.10 1.92 0.16 1.00 0.00
1.10 1.92 0.33 1.00 0.00
1.10 1.92 0.51 1.00 0.00
1.10 1.92 0.68 1.00 0.00
1.10 1.92 0.85 1.00 0.00
1.10 1.92 1.03 1.00 0.00
1.10 1.92 1.20 1.00 0.00
1.10 1.92 1.38 1.00 0.00
1.10 1.92 1.55 1.00 0.00
1.10 1.92 1.73 1.00 0.00
1.10 1.92 1.90 1.00 0.00
0.30 2.09 -1.17 1.00 0.00
0.30 2.09 -0.99 1.00 0.00
0.30 2.09 -0.82 1.00 0.00
0.30 2.09 -0.64 1.00 0.00
0.30 2.09 -0.47 1.00 0.00
0.30 2.09 -0.29 1.00 0.00
0.30 2.09 -0.12 1.00 0.00
0.30 2.09 0.05 1.00 0.00
0.30 2.09 0.23 1.00 0.00
0.30 2.09 0.40 1.00 0.00
0.30 2.09 0.58 1.00 0.00
0.30 2.09 0.75 1.00 0.00
0.30 2.09 0.93 1.00 0.00
0.30 2.09 1.10 1.00 0.00
0.30 2.09 1.28 1.00 0.00
0.30 2.09 1.45 1.00 0.00
0.30 2.09 1.63 1.00 0.00
0.30 2.09 1.80 1.00 0.00
0.50 2.09 -1.15 1.00 0.00
0.50 2.09 -0.97 1.00 0.00
0.50 2.09 -0.80 1.00 0.00
0.50 2.09 -0.62 1.00 0.00
0.50 2.09 -0.45 1.00 0.00
0.50 2.09 -0.27 1.00 0.00
0.50 2.09 -0.10 1.00 0.00
0.50 2.09 0.08 1.00 0.00
0.50 2.09 0.25 1.00 0.00
0.50 2.09 0.42 1.00 0.00
0.50 2.09 0.60 1.00 0.00
0.50 2.09 0.77 1.00 0.00
0.50 2.09 0.95 1.00 0.00
0.50 2.09 1.12 1.00 0.00
0.50 2.09 1.30 1.00 0.00
0.50 2.09 1.47 1.00 0.00
0.50 2.09 1.65 1.00 0.00
0.50 2.09 1.82 1.00 0.00
0.70 2.09 -1.13 1.00 0.00
0.70 2.09 -0.95 1.00 0.00
0.70 2.09 -0.78 1.00 0.00
0.70 2.09 -0.60 1.00 0.00
0.70 2.09 -0.43 1.00 0.00
0.70 2.09 -0.25 1.00 0.00
0.70 2.09 -0.08 1.00 0.00
0.70 2.09 0.10 1.00 0.00
0.70 2.09 0.27 1.00 0.00
0.70 2.09 0.44 1.00 0.00
0.70 2.09 0.62 1.00 0.00
0.70 2.09 0.79 1.00 0.00
0.70 2.09 0.97 1.00 0.00
0.70 2.09 1.14 1.00 0.00
0.70 2.09 1.32 1.00 0.00
0.70 2.09 1.49 1.00 0.00
0.70 2.09 1.67 1.00 0.00
0.70 2.09 1.84 1.00 0.00
0.90 2.09 -1.11 1.00 0.00
0.90 2.09 -0.93 1.00 0.00
0.90 2.09 -0.76 1.00 0.00
0.90 2.09 -0.58 1.00 0.00
0.90 2.09 -0.41 1.00 0.00
0.90 2.09 -0.24 1.00 0.00
0.90 2.09 -0.06 1.00 0.00
0.90 2.09 0.11 1.00 0.00
0.90 2.09 0.29 1.00 0.00
0.90 2.09 0.46 1.00 0.00
0.90 2.09 0.64 1.00 0.00
0.90 2.09 0.81 1.00 0.00
0.90 2.09 0.99 1.00 0.00
0.90 2.09 1.16 1.00 0.00
0.90 2.09 1.34 1.00 0.00
0.90 2.09 1.51 1.00 0.00
0.90 2.09 1.68 1.00 0.00
0.90 2.09 1.86 1.00 0.00
1.10 2.09 -1.09 1.00 0.00
1.10 2.09 -0.92 1.00 0.00
1.10 2.09 -0.74 1.00 0.00
1.10 2.09 -0.57 1.00 0.00
1.10 2.09 -0.39 1.00 0.00
1.10 2.09 -0.22 1.00 0.00
1.10 2.09 -0.04 1.00 0.00
1.10 2.09 0.13 1.00 0.00
1.10 2.09 0.31 1.00 0.00
1.10 2.09 0.48 1.00 0.00
1.10 2.09 0.66 1.00 0.00
1.10 2.09 0.83 1.00 0.00
1.10 2.09 1.00 1.00 0.00
1.10 2.09 1.18 1.00 0.00
1.10 2.09 1.35 1.00 0.00
1.10 2.09 1.53 1.00 0.00
1.10 2.09 1.70 1.00 0.00
1.10 2.09 1.88 1.00 0.00
0.30 2.27 -1.17 1.00 0.00
0.30 2.27 -1.00 1.00 0.00
0.30 2.27 -0.83 1.00 0.00
0.30 2.27 -0.65 1.00 0.00
0.30 2.27 -0.48 1.00 0.00
0.30 2.27 -0.30 1.00 0.00
0.30 2.27 -0.13 1.00 0.00
0.30 2.27 0.05 1.00 0.00
0.30 2.27 0.22 1.00 0.00
0.30 2.27 0.40 1.00 0.00
0.30 2.27 0.57 1.00 0.00
0.30 2.27 0.74 1.00 0.00
0.30 2.27 0.92 1.00 0.00
0.30 2.27 1.09 1.00 0.00
0.30 2.27 1.27 1.00 0.00
0.30 2.27 1.44 1.00 0.00
0.30 2.27 1.62 1.00 0.00
0.30 2.27 1.79 1.00 0.00
0.50 2.27 -1.16 1.00 0.00
0.50 2.27 -0.98 1.00 0.00
0.50 2.27 -0.81 1.00 0.00
0.50 2.27 -0.64 1.00 0.00
0.50 2.27 -0.46 1.00 0.00
0.50 2.27 -0.29 1.00 0.00
0.50 2.27 -0.11 1.00 0.00
0.50 2.27 0.06 1.00 0.00
0.50 2.27 0.24 1.00 0.00
0.50 2.27 0.41 1.00 0.00
0.50 2.27 0.59 1.00 0.00
0.50 2.27 0.76 1.00 0.00
0.50 2.27 0.94 1.00 0.00
0.50 2.27 1.11 1.00 0.00
0.50 2.27 1.28 1.00 0.00
0.50 2.27 1.46 1.00 0.00
0.50 2.27 1.63 1.00 0.00
0.50 2.27 1.81 1.00 0.00
0.70 2.27 -1.14 1.00 0.00
0.70 2.27 -0.97 1.00 0.00
0.70 2.27 -0.80 1.00 0.00
0.70 2.27 -0.62 1.00 0.00
0.70 2.27 -0.45 1.00 0.00
0.70 2.27 -0.27 1.00 0.00
0.70 2.27 -0.10 1.00 0.00
0.70 2.27 0.08 1.00 0.00
0.70 2.27 0.25 1.00 0.00
0.70 2.27 0.43 1.00 0.00
0.70 2.27 0.60 1.00 0.00
0.70 2.27 0.78 1.00 0.00
0.70 2.27 0.95 1.00 0.00
0.70 2.27 1.12 1.00 0.00
0.70 2.27 1.30 1.00 0.00
0.70 2.27 1.47 1.00 0.00
0.70 2.27 1.65 1.00 0.00
0.70 2.27 1.82 1.00 0.00
0.90 2.27 -1.13 1.00 0.00
0.90 2.27 -0.96 1.00 0.00
0.90 2.27 -0.78 1.00 0.00
0.90 2.27 -0.61 1.00 0.00
0.90 2.27 -0.43 1.00 0.00
0.90 2.27 -0.26 1.00 0.00
0.90 2.27 -0.08 1.00 0.00
0.90 2.27 0.09 1.00 0.00
0.90 2.27 0.27 1.00 0.00
0.90 2.27 0.44 1.00 0.00
0.90 2.27 0.62 1.00 0.00
0.90 2.27 0.79 1.00 0.00
0.90 2.27 0.96 1.00 0.00
0.90 2.27 1.14 1.00 0.00
0.90 2.27 1.31 1.00 0.00
0.90 2.27 1.49 1.00 0.00
0.90 2.27 1.66 1.00 0.00
0.90 2.27 1.84 1.00 0.00
1.10 2.27 -1.12 1.00 0.00
1.10 2.27 -0.94 1.00 0.00
1.10 2.27 -0.77 1.00 0.00
1.10 2.27 -0.59 1.00 0.00
1.10 2.27 -0.42 1.00 0.00
1.10 2.27 -0.24 1.00 0.00
1.10 2.27 -0.07 1.00 0.00
1.10 2.27 0.10 1.00 0.00
1.10 2.27 0.28 1.00 0.00
1.10 2.27 0.45 1.00 0.00
1.10 2.27 0.63 1.00 0.00
1.10 2.27 0.80 1.00 0.00
1.10 2.27 0.98 1.00 0.00
1.10 2.27 1.15 1.00 0.00
1.10 2.27 1.33 1.00 0.00
1.10 2.27 1.50 1.00 0.00
1.10 2.27 1.68 1.00 0.00
1.10 2.27 1.85 1.00 0.00
0.30 2.44 -1.18 1.00 0.00
0.30 2.44 -1.01 1.00 0.00
0.30 2.44 -0.83 1.00 0.00
0.30 2.44 -0.66 1.00 0.00
0.30 2.44 -0.49 1.00 0.00
0.30 2.44 -0.31 1.00 0.00
0.30 2.44 -0.14 1.00 0.00
0.30 2.44 0.04 1.00 0.00
0.30 2.44 0.21 1.00 0.00
0.30 2.44 0.39 1.00 0.00
0.30 2.44 0.56 1.00 0.00
0.30 2.44 0.74 1.00 0.00
0.30 2.44 0.91 1.00 0.00
0.30 2.44 1.09 1.00 0.00
0.30 2.44 1.26 1.00 0.00
0.30 2.44 1.43 1.00 0.00
0.30 2.44 1.61 1.00 0.00
0.30 2.44 1.78 1.00 0.00
0.50 2.44 -1.17 1.00 0.00
0.50 2.44 -1.00 1.00 0.00
0.50 2.44 -0.82 1.00 0.00
0.50 2.44 -0.65 1.00 0.00
0.50 2.44 -0.47 1.00 0.00
0.50 2.44 -0.30 1.00 0.00
0.50 2.44 -0.13 1.00 0.00
0.50 2.44 0.05 1.00 0.00
0.50 2.44 0.22 1.00 0.00
0.50 2.44 0.40 1.00 0.00
0.50 2.44 0.57 1.00 0.00
0.50 2.44 0.75 1.00 0.00
0.50 2.44 0.92 1.00 0.00
0.50 2.44 1.10 1.00 0.00
0.50 2.44 1.27 1.00 0.00
0.50 2.44 1.45 1.00 0.00
0.50 2.44 1.62 1.00 0.00
0.50 2.44 1.79 1.00 0.00
0.70 2.44 -1.16 1.00 0.00
0.70 2.44 -0.99 1.00 0.00
0.70 2.44 -0.81 1.00 0.00
0.70 2.44 -0.64 1.00 0.00
0.70 2.44 -0.46 1.00 0.00
0.70 2.44 -0.29 1.00 0.00
0.70 2.44 -0.12 1.00 0.00
0.70 2.44 0.06 1.00 0.00
0.70 2.44 0.23 1.00 0.00
0.70 2.44 0.41 1.00 0.00
0.70 2.44 0.58 1.00 0.00
0.70 2.44 0.76 1.00 0.00
0.70 2.44 0.93 1.00 0.00
0.70 2.44 1.11 1.00 0.00
0.70 2.44 1.28 1.00 0.00
0.70 2.44 1.45 1.00 0.00
0.70 2.44 1.63 1.00 0.00
0.70 2.44 1.80 1.00 0.00
0.90 2.44 -1.15 1.00 0.00
0.90 2.44 -0.98 1.00 0.00
0.90 2.44 -0.80 1.00 0.00
0.90 2.44 -0.63 1.00 0.00
0.90 2.44 -0.46 1.00 0.00
0.90 2.44 -0.28 1.00 0.00
0.90 2.44 -0.11 1.00 0.00
0.90 2.44 0.07 1.00 0.00
0.90 2.44 0.24 1.00 0.00
0.90 2.44 0.42 1.00 0.00
0.90 2.44 0.59 1.00 0.00
0.90 2.44 0.77 1.00 0.00
0.90 2.44 0.94 1.00 0.00
0.90 2.44 1.12 1.00 0.00
0.90 2.44 1.29 1.00 0.00
0.90 2.44 1.46 1.00 0.00
0.90 2.44 1.64 1.00 0.00
0.90 2.44 1.81 1.00 0.00
1.10 2.44 -1.15 1.00 0.00
1.10 2.44 -0.97 1.00 0.00
1.10 2.44 -0.80 1.00 0.00
1.10 2.44 -0.62 1.00 0.00
1.10 2.44 -0.45 1.00 0.00
1.10 2.44 -0.27 1.00 0.00
1.10 2.44 -0.10 1.00 0.00
1.10 2.44 0.08 1.00 0.00
1.10 2.44 0.25 1.00 0.00
1.10 2.44 0.43 1.00 0.00
1.10 2.44 0.60 1.00 0.00
1.10 2.44 0.77 1.00 0.00
1.10 2.44 0.95 1.00 0.00
1.10 2.44 1.12 1.00 0.00
1.10 2.44 1.30 1.00 0.00
1.10 2.44 1.47 1.00 0.00
1.10 2.44 1.65 1.00 0.00
1.10 2.44 1.82 1.00 0.00
0.30 2.62 -1.19 1.00 0.00
0.30 2.62 -1.02 1.00 0.00
0.30 2.62 -0.84 1.00 0.00
0.30 2.62 -0.67 1.00 0.00
0.30 2.62 -0.49 1.00 0.00
0.30 2.62 -0.32 1.00 0.00
0.30 2.62 -0.15 1.00 0.00
0.30 2.62 0.03 1.00 0.00
0.30 2.62 0.20 1.00 0.00
0.30 2.62 0.38 1.00 0.00
0.30 2.62 0.55 1.00 0.00
0.30 2.62 0.73 1.00 0.00
0.30 2.62 0.90 1.00 0.00
0.30 2.62 1.08 1.00 0.00
0.30 2.62 1.25 1.00 0.00
0.30 2.62 1.43 1.00 0.00
0.30 2.62 1.60 1.00 0.00
0.30 2.62 1.77 1.00 0.00
0.50 2.62 -1.19 1.00 0.00
0.50 2.62 -1.01 1.00 0.00
0.50 2.62 -0.84 1.00 0.00
0.50 2.62 -0.66 1.00 0.00
0.50 2.62 -0.49 1.00 0.00
0.50 2.62 -0.31 1.00 0.00
0.50 2.62 -0.14 1.00 0.00
0.50 2.62 0.03 1.00 0.00
0.50 2.62 0.21 1.00 0.00
0.50 2.62 0.38 1.00 0.00
0.50 2.62 0.56 1.00 0.00
0.50 2.62 0.73 1.00 0.00
0.50 2.62 0.91 1.00 0.00
0.50 2.62 1.08 1.00 0.00
0.50 2.62 1.26 1.00 0.00
0.50 2.62 1.43 1.00 0.00
0.50 2.62 1.60 1.00 0.00
0.50 2.62 1.78 1.00 0.00
0.70 2.62 -1.18 1.00 0.00
0.70 2.62 -1.01 1.00 0.00
0.70 2.62 -0.83 1.00 0.00
0.70 2.62 -0.66 1.00 0.00
0.70 2.62 -0.48 1.00 0.00
0.70 2.62 -0.31 1.00 0.00
0.70 2.62 -0.14 1.00 0.00
0.70 2.62 0.04 1.00 0.00
0.70 2.62 0.21 1.00 0.00
0.70 2.62 0.39 1.00 0.00
0.70 2.62 0.56 1.00 0.00
0.70 2.62 0.74 1.00 0.00
0.70 2.62 0.91 1.00 0.00
0.70 2.62 1.09 1.00 0.00
0.70 2.62 1.26 1.00 0.00
0.70 2.62 1.44 1.00 0.00
0.70 2.62 1.61 1.00 0.00
0.70 2.62 1.78 1.00 0.00
0.90 2.62 -1.18 1.00 0.00
0.90 2.62 -1.00 1.00 0.00
0.90 2.62 -0.83 1.00 0.00
0.90 2.62 -0.65 1.00 0.00
0.90 2.62 -0.48 1.00 0.00
0.90 2.62 -0.31 1.00 0.00
0.90 2.62 -0.13 1.00 0.00
0.90 2.62 0.04 1.00 0.00
0.90 2.62 0.22 1.00 0.00
0.90 2.62 0.39 1.00 0.00
0.90 2.62 0.57 1.00 0.00
0.90 2.62 0.74 1.00 0.00
0.90 2.62 0.92 1.00 0.00
0.90 2.62 1.09 1.00 0.00
0.90 2.62 1.26 1.00 0.00
0.90 2.62 1.44 1.00 0.00
0.90 2.62 1.61 1.00 0.00
0.90 2.62 1.79 1.00 0.00
1.10 2.62 -1.17 1.00 0.00
1.10 2.62 -1.00 1.00 0.00
1.10 2.62 -0.83 1.00 0.00
1.10 2.62 -0.65 1.00 0.00
1.10 2.62 -0.48 1.00 0.00
1.10 2.62 -0.30 1.00 0.00
1.10 2.62 -0.13 1.00 0.00
1.10 2.62 0.05 1.00 0.00
1.10 2.62 0.22 1.00 0.00
1.10 2.62 0.40 1.00 0.00
1.10 2.62 0.57 1.00 0.00
1.10 2.62 0.75 1.00 0.00
1.10 2.62 0.92 1.00 0.00
1.10 2.62 1.09 1.00 0.00
1.10 2.62 1.27 1.00 0.00
1.10 2.62 1.44 1.00 0.00
1.10 2.62 1.62 1.00 0.00
1.10 2.62 1.79 1.00 0.00
0.30 2.79 -1.20 1.00 0.00
0.30 2.79 -1.03 1.00 0.00
0.30 2.79 -0.85 1.00 0.00
0.30 2.79 -0.68 1.00 0.00
0.30 2.79 -0.50 1.00 0.00
0.30 2.79 -0.33 1.00 0.00
0.30 2.79 -0.15 1.00 0.00
0.30 2.79 0.02 1.00 0.00
0.30 2.79 0.19 1.00 0.00
0.30 2.79 0.37 1.00 0.00
0.30 2.79 0.54 1.00 0.00
0.30 2.79 0.72 1.00 0.00
0.30 2.79 0.89 1.00 0.00
0.30 2.79 1.07 1.00 0.00
0.30 2.79 1.24 1.00 0.00
0.30 2.79 1.42 1.00 0.00
0.30 2.79 1.59 1.00 0.00
0.30 2.79 1.77 1.00 0.00
0.50 2.79 -1.20 1.00 0.00
0.50 2.79 -1.03 1.00 0.00
0.50 2.79 -0.85 1.00 0.00
0.50 2.79 -0.68 1.00 0.00
0.50 2.79 -0.50 1.00 0.00
0.50 2.79 -0.33 1.00 0.00
0.50 2.79 -0.16 1.00 0.00
0.50 2.79 0.02 1.00 0.00
0.50 2.79 0.19 1.00 0.00
0.50 2.79 0.37 1.00 0.00
0.50 2.79 0.54 1.00 0.00
0.50 2.79 0.72 1.00 0.00
0.50 2.79 0.89 1.00 0.00
0.50 2.79 1.07 1.00 0.00
0.50 2.79 1.24 1.00 0.00
0.50 2.79 1.42 1.00 0.00
0.50 2.79 1.59 1.00 0.00
0.50 2.79 1.76 1.00 0.00
0.70 2.79 -1.20 1.00 0.00
0.70 2.79 -1.03 1.00 0.00
0.70 2.79 -0.85 1.00 0.00
0.70 2.79 -0.68 1.00 0.00
0.70 2.79 -0.50 1.00 0.00
0.70 2.79 -0.33 1.00 0.00
0.70 2.79 -0.16 1.00 0.00
0.70 2.79 0.02 1.00 0.00
0.70 2.79 0.19 1.00 0.00
0.70 2.79 0.37 1.00 0.00
0.70 2.79 0.54 1.00 0.00
0.70 2.79 0.72 1.00 0.00
0.70 2.79 0.89 1.00 0.00
0.70 2.79 1.07 1.00 0.00
0.70 2.79 1.24 1.00 0.00
0.70 2.79 1.41 1.00 0.00
0.70 2.79 1.59 1.00 0.00
0.70 2.79 1.76 1.00 0.00
0.90 2.79 -1.20 1.00 0.00
0.90 2.79 -1.03 1.00 0.00
0.90 2.79 -0.85 1.00 0.00
0.90 2.79 -0.68 1.00 0.00
0.90 2.79 -0.51 1.00 0.00
0.90 2.79 -0.33 1.00 0.00
0.90 2.79 -0.16 1.00 0.00
0.90 2.79 0.02 1.00 0.00
0.90 2.79 0.19 1.00 0.00
0.90 2.79 0.37 1.00 0.00
0.90 2.79 0.54 1.00 0.00
0.90 2.79 0.72 1.00 0.00
0.90 2.79 0.89 1.00 0.00
0.90 2.79 1.07 1.00 0.00
0.90 2.79 1.24 1.00 0.00
0.90 2.79 1.41 1.00 0.00
0.90 2.79 1.59 1.00 0.00
0.90 2.79 1.76 1.00 0.00
1.10 2.79 -1.20 1.00 0.00
1.10 2.79 -1.03 1.00 0.00
1.10 2.79 -0.86 1.00 0.00
1.10 2.79 -0.68 1.00 0.00
1.10 2.79 -0.51 1.00 0.00
1.10 2.79 -0.33 1.00 0.00
1.10 2.79 -0.16 1.00 0.00
1.10 2.79 0.02 1.00 0.00
1.10 2.79 0.19 1.00 0.00
1.10 2.79 0.37 1.00 0.00
1.10 2.79 0.54 1.00 0.00
1.10 2.79 0.72 1.00 0.00
1.10 2.79 0.89 1.00 0.00
1.10 2.79 1.06 1.00 0.00
1.10 2.79 1.24 1.00 0.00
1.10 2.79 1.41 1.00 0.00
1.10 2.79 1.59 1.00 0.00
1.10 2.79 1.76 1.00 0.00
0.30 2.97 -1.21 1.00 0.00
0.30 2.97 -1.04 1.00 0.00
0.30 2.97 -0.86 1.00 0.00
0.30 2.97 -0.69 1.00 0.00
0.30 2.97 -0.51 1.00 0.00
0.30 2.97 -0.34 1.00 0.00
0.30 2.97 -0.16 1.00 0.00
0.30 2.97 0.01 1.00 0.00
0.30 2.97 0.19 1.00 0.00
0.30 2.97 0.36 1.00 0.00
0.30 2.97 0.53 1.00 0.00
0.30 2.97 0.71 1.00 0.00
0.30 2.97 0.88 1.00 0.00
0.30 2.97 1.06 1.00 0.00
0.30 2.97 1.23 1.00 0.00
0.30 2.97 1.41 1.00 0.00
0.30 2.97 1.58 1.00 0.00
0.30 2.97 1.76 1.00 0.00
0.50 2.97 -1.22 1.00 0.00
0.50 2.97 -1.04 1.00 0.00
0.50 2.97 -0.87 1.00 0.00
0.50 2.97 -0.69 1.00 0.00
0.50 2.97 -0.52 1.00 0.00
0.50 2.97 -0.34 1.00 0.00
0.50 2.97 -0.17 1.00 0.00
0.50 2.97 0.00 1.00 0.00
0.50 2.97 0.18 1.00 0.00
0.50 2.97 0.35 1.00 0.00
0.50 2.97 0.53 1.00 0.00
0.50 2.97 0.70 1.00 0.00
0.50 2.97 0.88 1.00 0.00
0.50 2.97 1.05 1.00 0.00
0.50 2.97 1.23 1.00 0.00
0.50 2.97 1.40 1.00 0.00
0.50 2.97 1.58 1.00 0.00
0.50 2.97 1.75 1.00 0.00
0.70 2.97 -1.22 1.00 0.00
0.70 2.97 -1.05 1.00 0.00
0.70 2.97 -0.87 1.00 0.00
0.70 2.97 -0.70 1.00 0.00
0.70 2.97 -0.53 1.00 0.00
0.70 2.97 -0.35 1.00 0.00
0.70 2.97 -0.18 1.00 0.00
0.70 2.97 -0.00 1.00 0.00
0.70 2.97 0.17 1.00 0.00
0.70 2.97 0.35 1.00 0.00
0.70 2.97 0.52 1.00 0.00
0.70 2.97 0.70 1.00 0.00
0.70 2.97 0.87 1.00 0.00
0.70 2.97 1.05 1.00 0.00
0.70 2.97 1.22 1.00 0.00
0.70 2.97 1.39 1.00 0.00
0.70 2.97 1.57 1.00 0.00
0.70 2.97 1.74 1.00 0.00
0.90 2.97 -1.23 1.00 0.00
0.90 2.97 -1.05 1.00 0.00
0.90 2.97 -0.88 1.00 0.00
0.90 2.97 -0.71 1.00 0.00
0.90 2.97 -0.53 1.00 0.00
0.90 2.97 -0.36 1.00 0.00
0.90 2.97 -0.18 1.00 0.00
0.90 2.97 -0.01 1.00 0.00
0.90 2.97 0.17 1.00 0.00
0.90 2.97 0.34 1.00 0.00
0.90 2.97 0.52 1.00 0.00
0.90 2.97 0.69 1.00 0.00
0.90 2.97 0.87 1.00 0.00
0.90 2.97 1.04 1.00 0.00
0.90 2.97 1.21 1.00 0.00
0.90 2.97 1.39 1.00 0.00
0.90 2.97 1.56 1.00 0.00
0.90 2.97 1.74 1.00 0.00
1.10 2.97 -1.23 1.00 0.00
1.10 2.97 -1.06 1.00 0.00
1.10 2.97 -0.88 1.00 0.00
1.10 2.97 -0.71 1.00 0.00
1.10 2.97 -0.54 1.00 0.00
1.10 2.97 -0.36 1.00 0.00
1.10 2.97 -0.19 1.00 0.00
1.10 2.97 -0.01 1.00 0.00
1.10 2.97 0.16 1.00 0.00
1.10 2.97 0.34 1.00 0.00
1.10 2.97 0.51 1.00 0.00
1.10 2.97 0.69 1.00 0.00
1.10 2.97 0.86 1.00 0.00
1.10 2.97 1.04 1.00 0.00
1.10 2.97 1.21 1.00 0.00
1.10 2.97 1.38 1.00 0.00
1.10 2.97 1.56 1.00 0.00
1.10 2.97 1.73 1.00 0.00
0.30 3.14 -1.22 1.00 0.00
0.30 3.14 -1.05 1.00 0.00
0.30 3.14 -0.87 1.00 0.00
0.30 3.14 -0.70 1.00 0.00
0.30 3.14 -0.52 1.00 0.00
0.30 3.14 -0.35 1.00 0.00
0.30 3.14 -0.17 1.00 0.00
0.30 3.14 0.00 1.00 0.00
0.30 3.14 0.18 1.00 0.00
0.30 3.14 0.35 1.00 0.00
0.30 3.14 0.53 1.00 0.00
0.30 3.14 0.70 1.00 0.00
0.30 3.14 0.87 1.00 0.00
0.30 3.14 1.05 1.00 0.00
0.30 3.14 1.22 1.00 0.00
0.30 3.14 1.40 1.00 0.00
0.30 3.14 1.57 1.00 0.00
0.30 3.14 1.75 1.00 0.00
0.50 3.14 -1.23 1.00 0.00
0.50 3.14 -1.06 1.00 0.00
0.50 3.14 -0.88 1.00 0.00
0.50 3.14 -0.71 1.00 0.00
0.50 3.14 -0.53 1.00 0.00
0.50 3.14 -0.36 1.00 0.00
0.50 3.14 -0.18 1.00 0.00
0.50 3.14 -0.01 1.00 0.00
0.50 3.14 0.16 1.00 0.00
0.50 3.14 0.34 1.00 0.00
0.50 3.14 0.51 1.00 0.00
0.50 3.14 0.69 1.00 0.00
0.50 3.14 0.86 1.00 0.00
0.50 3.14 1.04 1.00 0.00
0.50 3.14 1.21 1.00 0.00
0.50 3.14 1.39 1.00 0.00
0.50 3.14 1.56 1.00 0.00
0.50 3.14 1.74 1.00 0.00
0.70 3.14 -1.24 1.00 0.00
0.70 3.14 -1.07 1.00 0.00
0.70 3.14 -0.89 1.00 0.00
0.70 3.14 -0.72 1.00 0.00
0.70 3.14 -0.54 1.00 0.00
0.70 3.14 -0.37 1.00 0.00
0.70 3.14 -0.20 1.00 0.00
0.70 3.14 -0.02 1.00 0.00
0.70 3.14 0.15 1.00 0.00
0.70 3.14 0.33 1.00 0.00
0.70 3.14 0.50 1.00 0.00
0.70 3.14 0.68 1.00 0.00
0.70 3.14 0.85 1.00 0.00
0.70 3.14 1.03 1.00 0.00
0.70 3.14 1.20 1.00 0.00
0.70 3.14 1.38 1.00 0.00
0.70 3.14 1.55 1.00 0.00
0.70 3.14 1.72 1.00 0.00
0.90 3.14 -1.25 1.00 0.00
0.90 3.14 -1.08 1.00 0.00
0.90 3.14 -0.90 1.00 0.00
0.90 3.14 -0.73 1.00 0.00
0.90 3.14 -0.56 1.00 0.00
0.90 3.14 -0.38 1.00 0.00
0.90 3.14 -0.21 1.00 0.00
0.90 3.14 -0.03 1.00 0.00
0.90 3.14 0.14 1.00 0.00
0.90 3.14 0.32 1.00 0.00
0.90 3.14 0.49 1.00 0.00
0.90 3.14 0.67 1.00 0.00
0.90 3.14 0.84 1.00 0.00
0.90 3.14 1.02 1.00 0.00
0.90 3.14 1.19 1.00 0.00
0.90 3.14 1.36 1.00 0.00
0.90 3.14 1.54 1.00 0.00
0.90 3.14 1.71 1.00 0.00
1.10 3.14 -1.26 1.00 0.00
1.10 3.14 -1.09 1.00 0.00
1.10 3.14 -0.91 1.00 0.00
1.10 3.14 -0.74 1.00 0.00
1.10 3.14 -0.56 1.00 0.00
1.10 3.14 -0.39 1.00 0.00
1.10 3.14 -0.22 1.00 0.00
1.10 3.14 -0.04 1.00 0.00
1.10 3.14 0.13 1.00 0.00
1.10 3.14 0.31 1.00 0.00
1.10 3.14 0.48 1.00 0.00
1.10 3.14 0.66 1.00 0.00
1.10 3.14 0.83 1.00 0.00
1.10 3.14 1.01 1.00 0.00
1.10 3.14 1.18 1.00 0.00
1.10 3.14 1.35 1.00 0.00
1.10 3.14 1.53 1.00 0.00
1.10 3.14 1.70 1.00 0.00
0.30 3.32 -1.23 1.00 0.00
0.30 3.32 -1.05 1.00 0.00
0.30 3.32 -0.88 1.00 0.00
0.30 3.32 -0.70 1.00 0.00
0.30 3.32 -0.53 1.00 0.00
0.30 3.32 -0.36 1.00 0.00
0.30 3.32 -0.18 1.00 0.00
0.30 3.32 -0.01 1.00 0.00
0.30 3.32 0.17 1.00 0.00
0.30 3.32 0.34 1.00 0.00
0.30 3.32 0.52 1.00 0.00
0.30 3.32 0.69 1.00 0.00
0.30 3.32 0.87 1.00 0.00
0.30 3.32 1.04 1.00 0.00
0.30 3.32 1.22 1.00 0.00
0.30 3.32 1.39 1.00 0.00
0.30 3.32 1.56 1.00 0.00
0.30 3.32 1.74 1.00 0.00
0.50 3.32 -1.25 1.00 0.00
0.50 3.32 -1.07 1.00 0.00
0.50 3.32 -0.90 1.00 0.00
0.50 3.32 -0.72 1.00 0.00
0.50 3.32 -0.55 1.00 0.00
0.50 3.32 -0.37 1.00 0.00
0.50 3.32 -0.20 1.00 0.00
0.50 3.32 -0.02 1.00 0.00
0.50 3.32 0.15 1.00 0.00
0.50 3.32 0.33 1.00 0.00
0.50 3.32 0.50 1.00 0.00
0.50 3.32 0.67 1.00 0.00
0.50 3.32 0.85 1.00 0.00
0.50 3.32 1.02 1.00 0.00
0.50 3.32 1.20 1.00 0.00
0.50 3.32 1.37 1.00 0.00
0.50 3.32 1.55 1.00 0.00
0.50 3.32 1.72 1.00 0.00
0.70 3.32 -1.26 1.00 0.00
0.70 3.32 -1.09 1.00 0.00
0.70 3.32 -0.91 1.00 0.00
0.70 3.32 -0.74 1.00 0.00
0.70 3.32 -0.56 1.00 0.00
0.70 3.32 -0.39 1.00 0.00
0.70 3.32 -0.21 1.00 0.00
0.70 3.32 -0.04 1.00 0.00
0.70 3.32 0.13 1.00 0.00
0.70 3.32 0.31 1.00 0.00
0.70 3.32 0.48 1.00 0.00
0.70 3.32 0.66 1.00 0.00
0.70 3.32 0.83 1.00 0.00
0.70 3.32 1.01 1.00 0.00
0.70 3.32 1.18 1.00 0.00
0.70 3.32 1.36 1.00 0.00
0.70 3.32 1.53 1.00 0.00
0.70 3.32 1.71 1.00 0.00
0.90 3.32 -1.28 1.00 0.00
0.90 3.32 -1.10 1.00 0.00
0.90 3.32 -0.93 1.00 0.00
0.90 3.32 -0.75 1.00 0.00
0.90 3.32 -0.58 1.00 0.00
0.90 3.32 -0.40 1.00 0.00
0.90 3.32 -0.23 1.00 0.00
0.90 3.32 -0.05 1.00 0.00
0.90 3.32 0.12 1.00 0.00
0.90 3.32 0.29 1.00 0.00
0.90 3.32 0.47 1.00 0.00
0.90 3.32 0.64 1.00 0.00
0.90 3.32 0.82 1.00 0.00
0.90 3.32 0.99 1.00 0.00
0.90 3.32 1.17 1.00 0.00
0.90 3.32 1.34 1.00 0.00
0.90 3.32 1.52 1.00 0.00
0.90 3.32 1.69 1.00 0.00
1.10 3.32 -1.29 1.00 0.00
1.10 3.32 -1.12 1.00 0.00
1.10 3.32 -0.94 1.00 0.00
1.10 3.32 -0.77 1.00 0.00
1.10 3.32 -0.59 1.00 0.00
1.10 3.32 -0.42 1.00 0.00
1.10 3.32 -0.24 1.00 0.00
1.10 3.32 -0.07 1.00 0.00
1.10 3.32 0.11 1.00 0.00
1.10 3.32 0.28 1.00 0.00
1.10 3.32 0.45 1.00 0.00
1.10 3.32 0.63 1.00 0.00
1.10 3.32 0.80 1.00 0.00
1.10 3.32 0.98 1.00 0.00
1.10 3.32 1.15 1.00 0.00
1.10 3.32 1.33 1.00 0.00
1.10 3.32 1.50 1.00 0.00
1.10 3.32 1.68 1.00 0.00
0.30 3.49 -1.24 1.00 0.00
0.30 3.49 -1.06 1.00 0.00
0.30 3.49 -0.89 1.00 0.00
0.30 3.49 -0.71 1.00 0.00
0.30 3.49 -0.54 1.00 0.00
0.30 3.49 -0.36 1.00 0.00
0.30 3.49 -0.19 1.00 0.00
0.30 3.49 -0.01 1.00 0.00
0.30 3.49 0.16 1.00 0.00
0.30 3.49 0.33 1.00 0.00
0.30 3.49 0.51 1.00 0.00
0.30 3.49 0.68 1.00 0.00
0.30 3.49 0.86 1.00 0.00
0.30 3.49 1.03 1.00 0.00
0.30 3.49 1.21 1.00 0.00
0.30 3.49 1.38 1.00 0.00
0.30 3.49 1.56 1.00 0.00
0.30 3.49 1.73 1.00 0.00
0.50 3.49 -1.26 1.00 0.00
0.50 3.49 -1.08 1.00 0.00
0.50 3.49 -0.91 1.00 0.00
0.50 3.49 -0.73 1.00 0.00
0.50 3.49 -0.56 1.00 0.00
0.50 3.49 -0.39 1.00 0.00
0.50 3.49 -0.21 1.00 0.00
0.50 3.49 -0.04 1.00 0.00
0.50 3.49 0.14 1.00 0.00
0.50 3.49 0.31 1.00 0.00
0.50 3.49 0.49 1.00 0.00
0.50 3.49 0.66 1.00 0.00
0.50 3.49 0.84 1.00 0.00
0.50 3.49 1.01 1.00 0.00
0.50 3.49 1.19 1.00 0.00
0.50 3.49 1.36 1.00 0.00
0.50 3.49 1.53 1.00 0.00
0.50 3.49 1.71 1.00 0.00
0.70 3.49 -1.28 1.00 0.00
0.70 3.49 -1.10 1.00 0.00
0.70 3.49 -0.93 1.00 0.00
0.70 3.49 -0.76 1.00 0.00
0.70 3.49 -0.58 1.00 0.00
0.70 3.49 -0.41 1.00 0.00
0.70 3.49 -0.23 1.00 0.00
0.70 3.49 -0.06 1.00 0.00
0.70 3.49 0.12 1.00 0.00
0.70 3.49 0.29 1.00 0.00
0.70 3.49 0.47 1.00 0.00
0.70 3.49 0.64 1.00 0.00
0.70 3.49 0.82 1.00 0.00
0.70 3.49 0.99 1.00 0.00
0.70 3.49 1.16 1.00 0.00
0.70 3.49 1.34 1.00 0.00
0.70 3.49 1.51 1.00 0.00
0.70 3.49 1.69 1.00 0.00
0.90 3.49 -1.30 1.00 0.00
0.90 3.49 -1.12 1.00 0.00
0.90 3.49 -0.95 1.00 0.00
0.90 3.49 -0.78 1.00 0.00
0.90 3.49 -0.60 1.00 0.00
0.90 3.49 -0.43 1.00 0.00
0.90 3.49 -0.25 1.00 0.00
0.90 3.49 -0.08 1.00 0.00
0.90 3.49 0.10 1.00 0.00
0.90 3.49 0.27 1.00 0.00
0.90 3.49 0.45 1.00 0.00
0.90 3.49 0.62 1.00 0.00
0.90 3.49 0.80 1.00 0.00
0.90 3.49 0.97 1.00 0.00
0.90 3.49 1.14 1.00 0.00
0.90 3.49 1.32 1.00 0.00
0.90 3.49 1.49 1.00 0.00
0.90 3.49 1.67 1.00 0.00
1.10 3.49 -1.32 1.00 0.00
1.10 3.49 -1.14 1.00 0.00
1.10 3.49 -0.97 1.00 0.00
1.10 3.49 -0.79 1.00 0.00
1.10 3.49 -0.62 1.00 0.00
1.10 3.49 -0.44 1.00 0.00
1.10 3.49 -0.27 1.00 0.00
1.10 3.49 -0.10 1.00 0.00
1.10 3.49 0.08 1.00 0.00
1.10 3.49 0.25 1.00 0.00
1.10 3.49 0.43 1.00 0.00
1.10 3.49 0.60 1.00 0.00
1.10 3.49 0.78 1.00 0.00
1.10 3.49 0.95 1.00 0.00
1.10 3.49 1.13 1.00 0.00
1.10 3.49 1.30 1.00 0.00
1.10 3.49 1.48 1.00 0.00
1.10 3.49 1.65 1.00 0.00
0.30 3.67 -1.24 1.00 0.00
0.30 3.67 -1.07 1.00 0.00
0.30 3.67 -0.89 1.00 0.00
0.30 3.67 -0.72 1.00 0.00
0.30 3.67 -0.54 1.00 0.00
0.30 3.67 -0.37 1.00 0.00
0.30 3.67 -0.20 1.00 0.00
0.30 3.67 -0.02 1.00 0.00
0.30 3.67 0.15 1.00 0.00
0.30 3.67 0.33 1.00 0.00
0.30 3.67 0.50 1.00 0.00
0.30 3.67 0.68 1.00 0.00
0.30 3.67 0.85 1.00 0.00
0.30 3.67 1.03 1.00 0.00
0.30 3.67 1.20 1.00 0.00
0.30 3.67 1.38 1.00 0.00
0.30 3.67 1.55 1.00 0.00
0.30 3.67 1.72 1.00 0.00
0.50 3.67 -1.27 1.00 0.00
0.50 3.67 -1.09 1.00 0.00
0.50 3.67 -0.92 1.00 0.00
0.50 3.67 -0.75 1.00 0.00
0.50 3.67 -0.57 1.00 0.00
0.50 3.67 -0.40 1.00 0.00
0.50 3.67 -0.22 1.00 0.00
0.50 3.67 -0.05 1.00 0.00
0.50 3.67 0.13 1.00 0.00
0.50 3.67 0.30 1.00 0.00
0.50 3.67 0.48 1.00 0.00
0.50 3.67 0.65 1.00 0.00
0.50 3.67 0.83 1.00 0.00
0.50 3.67 1.00 1.00 0.00
0.50 3.67 1.17 1.00 0.00
0.50 3.67 1.35 1.00 0.00
0.50 3.67 1.52 1.00 0.00
0.50 3.67 1.70 1.00 0.00
0.70 3.67 -1.29 1.00 0.00
0.70 3.67 -1.12 1.00 0.00
0.70 3.67 -0.95 1.00 0.00
0.70 3.67 -0.77 1.00 0.00
0.70 3.67 -0.60 1.00 0.00
0.70 3.67 -0.42 1.00 0.00
0.70 3.67 -0.25 1.00 0.00
0.70 3.67 -0.07 1.00 0.00
0.70 3.67 0.10 1.00 0.00
0.70 3.67 0.28 1.00 0.00
0.70 3.67 0.45 1.00 0.00
0.70 3.67 0.63 1.00 0.00
0.70 3.67 0.80 1.00 0.00
0.70 3.67 0.97 1.00 0.00
0.70 3.67 1.15 1.00 0.00
0.70 3.67 1.32 1.00 0.00
0.70 3.67 1.50 1.00 0.00
0.70 3.67 1.67 1.00 0.00
0.90 3.67 -1.32 1.00 0.00
0.90 3.67 -1.14 1.00 0.00
0.90 3.67 -0.97 1.00 0.00
0.90 3.67 -0.80 1.00 0.00
0.90 3.67 -0.62 1.00 0.00
0.90 3.67 -0.45 1.00 0.00
0.90 3.67 -0.27 1.00 0.00
0.90 3.67 -0.10 1.00 0.00
0.90 3.67 0.08 1.00 0.00
0.90 3.67 0.25 1.00 0.00
0.90 3.67 0.43 1.00 0.00
0.90 3.67 0.60 1.00 0.00
0.90 3.67 0.78 1.00 0.00
0.90 3.67 0.95 1.00 0.00
0.90 3.67 1.12 1.00 0.00
0.90 3.67 1.30 1.00 0.00
0.90 3.67 1.47 1.00 0.00
0.90 3.67 1.65 1.00 0.00
1.10 3.67 -1.34 1.00 0.00
1.10 3.67 -1.17 1.00 0.00
1.10 3.67 -0.99 1.00 0.00
1.10 3.67 -0.82 1.00 0.00
1.10 3.67 -0.64 1.00 0.00
1.10 3.67 -0.47 1.00 0.00
1.10 3.67 -0.29 1.00 0.00
1.10 3.67 -0.12 1.00 0.00
1.10 3.67 0.05 1.00 0.00
1.10 3.67 0.23 1.00 0.00
1.10 3.67 0.40 1.00 0.00
1.10 3.67 0.58 1.00 0.00
1.10 3.67 0.75 1.00 0.00
1.10 3.67 0.93 1.00 0.00
1.10 3.67 1.10 1.00 0.00
1.10 3.67 1.28 1.00 0.00
1.10 3.67 1.45 1.00 0.00
1.10 3.67 1.63 1.00 0.00
0.30 3.84 -1.25 1.00 0.00
0.30 3.84 -1.07 1.00 0.00
0.30 3.84 -0.90 1.00 0.00
0.30 3.84 -0.72 1.00 0.00
0.30 3.84 -0.55 1.00 0.00
0.30 3.84 -0.38 1.00 0.00
0.30 3.84 -0.20 1.00 0.00
0.30 3.84 -0.03 1.00 0.00
0.30 3.84 0.15 1.00 0.00
0.30 3.84 0.32 1.00 0.00
0.30 3.84 0.50 1.00 0.00
0.30 3.84 0.67 1.00 0.00
0.30 3.84 0.85 1.00 0.00
0.30 3.84 1.02 1.00 0.00
0.30 3.84 1.19 1.00 0.00
0.30 3.84 1.37 1.00 0.00
0.30 3.84 1.54 1.00 0.00
0.30 3.84 1.72 1.00 0.00
0.50 3.84 -1.28 1.00 0.00
0.50 3.84 -1.10 1.00 0.00
0.50 3.84 -0.93 1.00 0.00
0.50 3.84 -0.76 1.00 0.00
0.50 3.84 -0.58 1.00 0.00
0.50 3.84 -0.41 1.00 0.00
0.50 3.84 -0.23 1.00 0.00
0.50 3.84 -0.06 1.00 0.00
0.50 3.84 0.12 1.00 0.00
0.50 3.84 0.29 1.00 0.00
0.50 3.84 0.47 1.00 0.00
0.50 3.84 0.64 1.00 0.00
0.50 3.84 0.82 1.00 0.00
0.50 3.84 0.99 1.00 0.00
0.50 3.84 1.16 1.00 0.00
0.50 3.84 1.34 1.00 0.00
0.50 3.84 1.51 1.00 0.00
0.50 3.84 1.69 1.00 0.00
0.70 3.84 -1.31 1.00 0.00
0.70 3.84 -1.13 1.00 0.00
0.70 3.84 -0.96 1.00 0.00
0.70 3.84 -0.78 1.00 0.00
0.70 3.84 -0.61 1.00 0.00
0.70 3.84 -0.44 1.00 0.00
0.70 3.84 -0.26 1.00 0.00
0.70 3.84 -0.09 1.00 0.00
0.70 3.84 0.09 1.00 0.00
0.70 3.84 0.26 1.00 0.00
0.70 3.84 0.44 1.00 0.00
0.70 3.84 0.61 1.00 0.00
0.70 3.84 0.79 1.00 0.00
0.70 3.84 0.96 1.00 0.00
0.70 3.84 1.14 1.00 0.00
0.70 3.84 1.31 1.00 0.00
0.70 3.84 1.48 1.00 0.00
0.70 3.84 1.66 1.00 0.00
0.90 3.84 -1.34 1.00 0.00
0.90 3.84 -1.16 1.00 0.00
0.90 3.84 -0.99 1.00 0.00
0.90 3.84 -0.81 1.00 0.00
0.90 3.84 -0.64 1.00 0.00
0.90 3.84 -0.46 1.00 0.00
0.90 3.84 -0.29 1.00 0.00
0.90 3.84 -0.11 1.00 0.00
0.90 3.84 0.06 1.00 0.00
0.90 3.84 0.23 1.00 0.00
0.90 3.84 0.41 1.00 0.00
0.90 3.84 0.58 1.00 0.00
0.90 3.84 0.76 1.00 0.00
0.90 3.84 0.93 1.00 0.00
0.90 3.84 1.11 1.00 0.00
0.90 3.84 1.28 1.00 0.00
0.90 3.84 1.46 1.00 0.00
0.90 3.84 1.63 1.00 0.00
1.10 3.84 -1.36 1.00 0.00
1.10 3.84 -1.19 1.00 0.00
1.10 3.84 -1.01 1.00 0.00
1.10 3.84 -0.84 1.00 0.00
1.10 3.84 -0.67 1.00 0.00
1.10 3.84 -0.49 1.00 0.00
1.10 3.84 -0.32 1.00 0.00
1.10 3.84 -0.14 1.00 0.00
1.10 3.84 0.03 1.00 0.00
1.10 3.84 0.21 1.00 0.00
1.10 3.84 0.38 1.00 0.00
1.10 3.84 0.56 1.00 0.00
1.10 3.84 0.73 1.00 0.00
1.10 3.84 0.91 1.00 0.00
1.10 3.84 1.08 1.00 0.00
1.10 3.84 1.25 1.00 0.00
1.10 3.84 1.43 1.00 0.00
1.10 3.84 1.60 1.00 0.00
0.30 4.01 -1.25 1.00 0.00
0.30 4.01 -1.08 1.00 0.00
0.30 4.01 -0.90 1.00 0.00
0.30 4.01 -0.73 1.00 0.00
0.30 4.01 -0.55 1.00 0.00
0.30 4.01 -0.38 1.00 0.00
0.30 4.01 -0.21 1.00 0.00
0.30 4.01 -0.03 1.00 0.00
0.30 4.01 0.14 1.00 0.00
0.30 4.01 0.32 1.00 0.00
0.30 4.01 0.49 1.00 0.00
0.30 4.01 0.67 1.00 0.00
0.30 4.01 0.84 1.00 0.00
0.30 4.01 1.02 1.00 0.00
0.30 4.01 1.19 1.00 0.00
0.30 4.01 1.37 1.00 0.00
0.30 4.01 1.54 1.00 0.00
0.30 4.01 1.71 1.00 0.00
0.50 4.01 -1.29 1.00 0.00
0.50 4.01 -1.11 1.00 0.00
0.50 4.01 -0.94 1.00 0.00
0.50 4.01 -0.76 1.00 0.00
0.50 4.01 -0.59 1.00 0.00
0.50 4.01 -0.41 1.00 0.00
0.50 4.01 -0.24 1.00 0.00
0.50 4.01 -0.06 1.00 0.00
0.50 4.01 0.11 1.00 0.00
0.50 4.01 0.28 1.00 0.00
0.50 4.01 0.46 1.00 0.00
0.50 4.01 0.63 1.00 0.00
0.50 4.01 0.81 1.00 0.00
0.50 4.01 0.98 1.00 0.00
0.50 4.01 1.16 1.00 0.00
0.50 4.01 1.33 1.00 0.00
0.50 4.01 1.51 1.00 0.00
0.50 4.01 1.68 1.00 0.00
0.70 4.01 -1.32 1.00 0.00
0.70 4.01 -1.14 1.00 0.00
0.70 4.01 -0.97 1.00 0.00
0.70 4.01 -0.80 1.00 0.00
0.70 4.01 -0.62 1.00 0.00
0.70 4.01 -0.45 1.00 0.00
0.70 4.01 -0.27 1.00 0.00
0.70 4.01 -0.10 1.00 0.00
0.70 4.01 0.08 1.00 0.00
0.70 4.01 0.25 1.00 0.00
0.70 4.01 0.43 1.00 0.00
0.70 4.01 0.60 1.00 0.00
0.70 4.01 0.78 1.00 0.00
0.70 4.01 0.95 1.00 0.00
0.70 4.01 1.12 1.00 0.00
0.70 4.01 1.30 1.00 0.00
0.70 4.01 1.47 1.00 0.00
0.70 4.01 1.65 1.00 0.00
0.90 4.01 -1.35 1.00 0.00
0.90 4.01 -1.18 1.00 0.00
0.90 4.01 -1.00 1.00 0.00
0.90 4.01 -0.83 1.00 0.00
0.90 4.01 -0.65 1.00 0.00
0.90 4.01 -0.48 1.00 0.00
0.90 4.01 -0.30 1.00 0.00
0.90 4.01 -0.13 1.00 0.00
0.90 4.01 0.05 1.00 0.00
0.90 4.01 0.22 1.00 0.00
0.90 4.01 0.39 1.00 0.00
0.90 4.01 0.57 1.00 0.00
0.90 4.01 0.74 1.00 0.00
0.90 4.01 0.92 1.00 0.00
0.90 4.01 1.09 1.00 0.00
0.90 4.01 1.27 1.00 0.00
0.90 4.01 1.44 1.00 0.00
0.90 4.01 1.62 1.00 0.00
1.10 4.01 -1.38 1.00 0.00
1.10 4.01 -1.21 1.00 0.00
1.10 4.01 -1.03 1.00 0.00
1.10 4.01 -0.86 1.00 0.00
1.10 4.01 -0.68 1.00 0.00
1.10 4.01 -0.51 1.00 0.00
1.10 4.01 -0.33 1.00 0.00
1.10 4.01 -0.16 1.00 0.00
1.10 4.01 0.01 1.00 0.00
1.10 4.01 0.19 1.00 0.00
1.10 4.01 0.36 1.00 0.00
1.10 4.01 0.54 1.00 0.00
1.10 4.01 0.71 1.00 0.00
1.10 4.01 0.89 1.00 0.00
1.10 4.01 1.06 1.00 0.00
1.10 4.01 1.24 1.00 0.00
1.10 4.01 1.41 1.00 0.00
1.10 4.01 1.59 1.00 0.00
0.30 4.19 -1.26 1.00 0.00
0.30 4.19 -1.08 1.00 0.00
0.30 4.19 -0.91 1.00 0.00
0.30 4.19 -0.73 1.00 0.00
0.30 4.19 -0.56 1.00 0.00
0.30 4.19 -0.38 1.00 0.00
0.30 4.19 -0.21 1.00 0.00
0.30 4.19 -0.03 1.00 0.00
0.30 4.19 0.14 1.00 0.00
0.30 4.19 0.32 1.00 0.00
0.30 4.19 0.49 1.00 0.00
0.30 4.19 0.66 1.00 0.00
0.30 4.19 0.84 1.00 0.00
0.30 4.19 1.01 1.00 0.00
0.30 4.19 1.19 1.00 0.00
0.30 4.19 1.36 1.00 0.00
0.30 4.19 1.54 1.00 0.00
0.30 4.19 1.71 1.00 0.00
0.50 4.19 -1.29 1.00 0.00
0.50 4.19 -1.12 1.00 0.00
0.50 4.19 -0.94 1.00 0.00
0.50 4.19 -0.77 1.00 0.00
0.50 4.19 -0.59 1.00 0.00
0.50 4.19 -0.42 1.00 0.00
0.50 4.19 -0.24 1.00 0.00
0.50 4.19 -0.07 1.00 0.00
0.50 4.19 0.10 1.00 0.00
0.50 4.19 0.28 1.00 0.00
0.50 4.19 0.45 1.00 0.00
0.50 4.19 0.63 1.00 0.00
0.50 4.19 0.80 1.00 0.00
0.50 4.19 0.98 1.00 0.00
0.50 4.19 1.15 1.00 0.00
0.50 4.19 1.33 1.00 0.00
0.50 4.19 1.50 1.00 0.00
0.50 4.19 1.68 1.00 0.00
0.70 4.19 -1.33 1.00 0.00
0.70 4.19 -1.15 1.00 0.00
0.70 4.19 -0.98 1.00 0.00
0.70 4.19 -0.80 1.00 0.00
0.70 4.19 -0.63 1.00 0.00
0.70 4.19 -0.45 1.00 0.00
0.70 4.19 -0.28 1.00 0.00
0.70 4.19 -0.11 1.00 0.00
0.70 4.19 0.07 1.00 0.00
0.70 4.19 0.24 1.00 0.00
0.70 4.19 0.42 1.00 0.00
0.70 4.19 0.59 1.00 0.00
0.70 4.19 0.77 1.00 0.00
0.70 4.19 0.94 1.00 0.00
0.70 4.19 1.12 1.00 0.00
0.70 4.19 1.29 1.00 0.00
0.70 4.19 1.47 1.00 0.00
0.70 4.19 1.64 1.00 0.00
0.90 4.19 -1.36 1.00 0.00
0.90 4.19 -1.19 1.00 0.00
0.90 4.19 -1.01 1.00 0.00
0.90 4.19 -0.84 1.00 0.00
0.90 4.19 -0.66 1.00 0.00
0.90 4.19 -0.49 1.00 0.00
0.90 4.19 -0.31 1.00 0.00
0.90 4.19 -0.14 1.00 0.00
0.90 4.19 0.03 1.00 0.00
0.90 4.19 0.21 1.00 0.00
0.90 4.19 0.38 1.00 0.00
0.90 4.19 0.56 1.00 0.00
0.90 4.19 0.73 1.00 0.00
0.90 4.19 0.91 1.00 0.00
0.90 4.19 1.08 1.00 0.00
0.90 4.19 1.26 1.00 0.00
0.90 4.19 1.43 1.00 0.00
0.90 4.19 1.61 1.00 0.00
1.10 4.19 -1.40 1.00 0.00
1.10 4.19 -1.22 1.00 0.00
1.10 4.19 -1.05 1.00 0.00
1.10 4.19 -0.87 1.00 0.00
1.10 4.19 -0.70 1.00 0.00
1.10 4.19 -0.52 1.00 0.00
1.10 4.19 -0.35 1.00 0.00
1.10 4.19 -0.17 1.00 0.00
1.10 4.19 0.00 1.00 0.00
1.10 4.19 0.18 1.00 0.00
1.10 4.19 0.35 1.00 0.00
1.10 4.19 0.52 1.00 0.00
1.10 4.19 0.70 1.00 0.00
1.10 4.19 0.87 1.00 0.00
1.10 4.19 1.05 1.00 0.00
1.10 4.19 1.22 1.00 0.00
1.10 4.19 1.40 1.00 0.00
1.10 4.19 1.57 1.00 0.00
0.30 4.36 -1.26 1.00 0.00
0.30 4.36 -1.08 1.00 0.00
0.30 4.36 -0.91 1.00 0.00
0.30 4.36 -0.73 1.00 0.00
0.30 4.36 -0.56 1.00 0.00
0.30 4.36 -0.38 1.00 0.00
0.30 4.36 -0.21 1.00 0.00
0.30 4.36 -0.03 1.00 0.00
0.30 4.36 0.14 1.00 0.00
0.30 4.36 0.31 1.00 0.00
0.30 4.36 0.49 1.00 0.00
0.30 4.36 0.66 1.00 0.00
0.30 4.36 0.84 1.00 0.00
0.30 4.36 1.01 1.00 0.00
0.30 4.36 1.19 1.00 0.00
0.30 4.36 1.36 1.00 0.00
0.30 4.36 1.54 1.00 0.00
0.30 4.36 1.71 1.00 0.00
0.50 4.36 -1.29 1.00 0.00
0.50 4.36 -1.12 1.00 0.00
0.50 4.36 -0.94 1.00 0.00
0.50 4.36 -0.77 1.00 0.00
0.50 4.36 -0.60 1.00 0.00
0.50 4.36 -0.42 1.00 0.00
0.50 4.36 -0.25 1.00 0.00
0.50 4.36 -0.07 1.00 0.00
0.50 4.36 0.10 1.00 0.00
0.50 4.36 0.28 1.00 0.00
0.50 4.36 0.45 1.00 0.00
0.50 4.36 0.63 1.00 0.00
0.50 4.36 0.80 1.00 0.00
0.50 4.36 0.97 1.00 0.00
0.50 4.36 1.15 1.00 0.00
0.50 4.36 1.32 1.00 0.00
0.50 4.36 1.50 1.00 0.00
0.50 4.36 1.67 1.00 0.00
0.70 4.36 -1.33 1.00 0.00
0.70 4.36 -1.16 1.00 0.00
0.70 4.36 -0.98 1.00 0.00
0.70 4.36 -0.81 1.00 0.00
0.70 4.36 -0.63 1.00 0.00
0.70 4.36 -0.46 1.00 0.00
0.70 4.36 -0.28 1.00 0.00
0.70 4.36 -0.11 1.00 0.00
0.70 4.36 0.07 1.00 0.00
0.70 4.36 0.24 1.00 0.00
0.70 4.36 0.41 1.00 0.00
0.70 4.36 0.59 1.00 0.00
0.70 4.36 0.76 1.00 0.00
0.70 4.36 0.94 1.00 0.00
0.70 4.36 1.11 1.00 0.00
0.70 4.36 1.29 1.00 0.00
0.70 4.36 1.46 1.00 0.00
0.70 4.36 1.64 1.00 0.00
0.90 4.36 -1.37 1.00 0.00
0.90 4.36 -1.19 1.00 0.00
0.90 4.36 -1.02 1.00 0.00
0.90 4.36 -0.84 1.00 0.00
0.90 4.36 -0.67 1.00 0.00
0.90 4.36 -0.50 1.00 0.00
0.90 4.36 -0.32 1.00 0.00
0.90 4.36 -0.15 1.00 0.00
0.90 4.36 0.03 1.00 0.00
0.90 4.36 0.20 1.00 0.00
0.90 4.36 0.38 1.00 0.00
0.90 4.36 0.55 1.00 0.00
0.90 4.36 0.73 1.00 0.00
0.90 4.36 0.90 1.00 0.00
0.90 4.36 1.08 1.00 0.00
0.90 4.36 1.25 1.00 0.00
0.90 4.36 1.42 1.00 0.00
0.90 4.36 1.60 1.00 0.00
1.10 4.36 -1.40 1.00 0.00
1.10 4.36 -1.23 1.00 0.00
1.10 4.36 -1.06 1.00 0.00
1.10 4.36 -0.88 1.00 0.00
1.10 4.36 -0.71 1.00 0.00
1.10 4.36 -0.53 1.00 0.00
1.10 4.36 -0.36 1.00 0.00
1.10 4.36 -0.18 1.00 0.00
1.10 4.36 -0.01 1.00 0.00
1.10 4.36 0.17 1.00 0.00
1.10 4.36 0.34 1.00 0.00
1.10 4.36 0.52 1.00 0.00
1.10 4.36 0.69 1.00 0.00
1.10 4.36 0.86 1.00 0.00
1.10 4.36 1.04 1.00 0.00
1.10 4.36 1.21 1.00 0.00
1.10 4.36 1.39 1.00 0.00
1.10 4.36 1.56 1.00 0.00
0.30 4.54 -1.26 1.00 0.00
0.30 4.54 -1.08 1.00 0.00
0.30 4.54 -0.91 1.00 0.00
0.30 4.54 -0.73 1.00 0.00
0.30 4.54 -0.56 1.00 0.00
0.30 4.54 -0.38 1.00 0.00
0.30 4.54 -0.21 1.00 0.00
0.30 4.54 -0.03 1.00 0.00
0.30 4.54 0.14 1.00 0.00
0.30 4.54 0.31 1.00 0.00
0.30 4.54 0.49 1.00 0.00
0.30 4.54 0.66 1.00 0.00
0.30 4.54 0.84 1.00 0.00
0.30 4.54 1.01 1.00 0.00
0.30 4.54 1.19 1.00 0.00
0.30 4.54 1.36 1.00 0.00
0.30 4.54 1.54 1.00 0.00
0.30 4.54 1.71 1.00 0.00
0.50 4.54 -1.29 1.00 0.00
0.50 4.54 -1.12 1.00 0.00
0.50 4.54 -0.94 1.00 0.00
0.50 4.54 -0.77 1.00 0.00
0.50 4.54 -0.60 1.00 0.00
0.50 4.54 -0.42 1.00 0.00
0.50 4.54 -0.25 1.00 0.00
0.50 4.54 -0.07 1.00 0.00
0.50 4.54 0.10 1.00 0.00
0.50 4.54 0.28 1.00 0.00
0.50 4.54 0.45 1.00 0.00
0.50 4.54 0.63 1.00 0.00
0.50 4.54 0.80 1.00 0.00
0.50 4.54 0.98 1.00 0.00
0.50 4.54 1.15 1.00 0.00
0.50 4.54 1.32 1.00 0.00
0.50 4.54 1.50 1.00 0.00
0.50 4.54 1.67 1.00 0.00
0.70 4.54 -1.33 1.00 0.00
0.70 4.54 -1.16 1.00 0.00
0.70 4.54 -0.98 1.00 0.00
0.70 4.54 -0.81 1.00 0.00
0.70 4.54 -0.63 1.00 0.00
0.70 4.54 -0.46 1.00 0.00
0.70 4.54 -0.28 1.00 0.00
0.70 4.54 -0.11 1.00 0.00
0.70 4.54 0.06 1.00 0.00
0.70 4.54 0.24 1.00 0.00
0.70 4.54 0.41 1.00 0.00
0.70 4.54 0.59 1.00 0.00
0.70 4.54 0.76 1.00 0.00
0.70 4.54 0.94 1.00 0.00
0.70 4.54 1.11 1.00 0.00
0.70 4.54 1.29 1.00 0.00
0.70 4.54 1.46 1.00 0.00
0.70 4.54 1.64 1.00 0.00
0.90 4.54 -1.37 1.00 0.00
0.90 4.54 -1.20 1.00 0.00
0.90 4.54 -1.02 1.00 0.00
0.90 4.54 -0.85 1.00 0.00
0.90 4.54 -0.67 1.00 0.00
0.90 4.54 -0.50 1.00 0.00
0.90 4.54 -0.32 1.00 0.00
0.90 4.54 -0.15 1.00 0.00
0.90 4.54 0.03 1.00 0.00
0.90 4.54 0.20 1.00 0.00
0.90 4.54 0.38 1.00 0.00
0.90 4.54 0.55 1.00 0.00
0.90 4.54 0.72 1.00 0.00
0.90 4.54 0.90 1.00 0.00
0.90 4.54 1.07 1.00 0.00
0.90 4.54 1.25 1.00 0.00
0.90 4.54 1.42 1.00 0.00
0.90 4.54 1.60 1.00 0.00
1.10 4.54 -1.41 1.00 0.00
1.10 4.54 -1.23 1.00 0.00
1.10 4.54 -1.06 1.00 0.00
1.10 4.54 -0.88 1.00 0.00
1.10 4.54 -0.71 1.00 0.00
1.10 4.54 -0.54 1.00 0.00
1.10 4.54 -0.36 1.00 0.00
1.10 4.54 -0.19 1.00 0.00
1.10 4.54 -0.01 1.00 0.00
1.10 4.54 0.16 1.00 0.00
1.10 4.54 0.34 1.00 0.00
1.10 4.54 0.51 1.00 0.00
1.10 4.54 0.69 1.00 0.00
1.10 4.54 0.86 1.00 0.00
1.10 4.54 1.04 1.00 0.00
1.10 4.54 1.21 1.00 0.00
1.10 4.54 1.38 1.00 0.00
1.10 4.54 1.56 1.00 0.00
0.30 4.71 -1.25 1.00 0.00
0.30 4.71 -1.08 1.00 0.00
0.30 4.71 -0.90 1.00 0.00
0.30 4.71 -0.73 1.00 0.00
0.30 4.71 -0.56 1.00 0.00
0.30 4.71 -0.38 1.00 0.00
0.30 4.71 -0.21 1.00 0.00
0.30 4.71 -0.03 1.00 0.00
0.30 4.71 0.14 1.00 0.00
0.30 4.71 0.32 1.00 0.00
0.30 4.71 0.49 1.00 0.00
0.30 4.71 0.67 1.00 0.00
0.30 4.71 0.84 1.00 0.00
0.30 4.71 1.01 1.00 0.00
0.30 4.71 1.19 1.00 0.00
0.30 4.71 1.36 1.00 0.00
0.30 4.71 1.54 1.00 0.00
0.30 4.71 1.71 1.00 0.00
0.50 4.71 -1.29 1.00 0.00
0.50 4.71 -1.12 1.00 0.00
0.50 4.71 -0.94 1.00 0.00
0.50 4.71 -0.77 1.00 0.00
0.50 4.71 -0.59 1.00 0.00
0.50 4.71 -0.42 1.00 0.00
0.50 4.71 -0.24 1.00 0.00
0.50 4.71 -0.07 1.00 0.00
0.50 4.71 0.11 1.00 0.00
0.50 4.71 0.28 1.00 0.00
0.50 4.71 0.45 1.00 0.00
0.50 4.71 0.63 1.00 0.00
0.50 4.71 0.80 1.00 0.00
0.50 4.71 0.98 1.00 0.00
0.50 4.71 1.15 1.00 0.00
0.50 4.71 1.33 1.00 0.00
0.50 4.71 1.50 1.00 0.00
0.50 4.71 1.68 1.00 0.00
0.70 4.71 -1.33 1.00 0.00
0.70 4.71 -1.15 1.00 0.00
0.70 4.71 -0.98 1.00 0.00
0.70 4.71 -0.80 1.00 0.00
0.70 4.71 -0.63 1.00 0.00
0.70 4.71 -0.46 1.00 0.00
0.70 4.71 -0.28 1.00 0.00
0.70 4.71 -0.11 1.00 0.00
0.70 4.71 0.07 1.00 0.00
0.70 4.71 0.24 1.00 0.00
0.70 4.71 0.42 1.00 0.00
0.70 4.71 0.59 1.00 0.00
0.70 4.71 0.77 1.00 0.00
0.70 4.71 0.94 1.00 0.00
0.70 4.71 1.12 1.00 0.00
0.70 4.71 1.29 1.00 0.00
0.70 4.71 1.46 1.00 0.00
0.70 4.71 1.64 1.00 0.00
0.90 4.71 -1.37 1.00 0.00
0.90 4.71 -1.19 1.00 0.00
0.90 4.71 -1.02 1.00 0.00
0.90 4.71 -0.84 1.00 0.00
0.90 4.71 -0.67 1.00 0.00
0.90 4.71 -0.49 1.00 0.00
0.90 4.71 -0.32 1.00 0.00
0.90 4.71 -0.14 1.00 0.00
0.90 4.71 0.03 1.00 0.00
0.90 4.71 0.20 1.00 0.00
0.90 4.71 0.38 1.00 0.00
0.90 4.71 0.55 1.00 0.00
0.90 4.71 0.73 1.00 0.00
0.90 4.71 0.90 1.00 0.00
0.90 4.71 1.08 1.00 0.00
0.90 4.71 1.25 1.00 0.00
0.90 4.71 1.43 1.00 0.00
0.90 4.71 1.60 1.00 0.00
1.10 4.71 -1.40 1.00 0.00
1.10 4.71 -1.23 1.00 0.00
1.10 4.71 -1.06 1.00 0.00
1.10 4.71 -0.88 1.00 0.00
1.10 4.71 -0.71 1.00 0.00
1.10 4.71 -0.53 1.00 0.00
1.10 4.71 -0.36 1.00 0.00
1.10 4.71 -0.18 1.00 0.00
1.10 4.71 -0.01 1.00 0.00
1.10 4.71 0.17 1.00 0.00
1.10 4.71 0.34 1.00 0.00
1.10 4.71 0.51 1.00 0.00
1.10 4.71 0.69 1.00 0.00
1.10 4.71 0.86 1.00 0.00
1.10 4.71 1.04 1.00 0.00
1.10 4.71 1.21 1.00 0.00
1.10 4.71 1.39 1.00 0.00
1.10 4.71 1.56 1.00 0.00
0.30 4.89 -1.25 1.00 0.00
0.30 4.89 -1.08 1.00 0.00
0.30 4.89 -0.90 1.00 0.00
0.30 4.89 -0.73 1.00 0.00
0.30 4.89 -0.55 1.00 0.00
0.30 4.89 -0.38 1.00 0.00
0.30 4.89 -0.20 1.00 0.00
0.30 4.89 -0.03 1.00 0.00
0.30 4.89 0.15 1.00 0.00
0.30 4.89 0.32 1.00 0.00
0.30 4.89 0.50 1.00 0.00
0.30 4.89 0.67 1.00 0.00
0.30 4.89 0.84 1.00 0.00
0.30 4.89 1.02 1.00 0.00
0.30 4.89 1.19 1.00 0.00
0.30 4.89 1.37 1.00 0.00
0.30 4.89 1.54 1.00 0.00
0.30 4.89 1.72 1.00 0.00
0.50 4.89 -1.28 1.00 0.00
0.50 4.89 -1.11 1.00 0.00
0.50 4.89 -0.94 1.00 0.00
0.50 4.89 -0.76 1.00 0.00
0.50 4.89 -0.59 1.00 0.00
0.50 4.89 -0.41 1.00 0.00
0.50 4.89 -0.24 1.00 0.00
0.50 4.89 -0.06 1.00 0.00
0.50 4.89 0.11 1.00 0.00
0.50 4.89 0.29 1.00 0.00
0.50 4.89 0.46 1.00 0.00
0.50 4.89 0.64 1.00 0.00
0.50 4.89 0.81 1.00 0.00
0.50 4.89 0.98 1.00 0.00
0.50 4.89 1.16 1.00 0.00
0.50 4.89 1.33 1.00 0.00
0.50 4.89 1.51 1.00 0.00
0.50 4.89 1.68 1.00 0.00
0.70 4.89 -1.32 1.00 0.00
0.70 4.89 -1.15 1.00 0.00
0.70 4.89 -0.97 1.00 0.00
0.70 4.89 -0.80 1.00 0.00
0.70 4.89 -0.62 1.00 0.00
0.70 4.89 -0.45 1.00 0.00
0.70 4.89 -0.27 1.00 0.00
0.70 4.89 -0.10 1.00 0.00
0.70 4.89 0.08 1.00 0.00
0.70 4.89 0.25 1.00 0.00
0.70 4.89 0.43 1.00 0.00
0.70 4.89 0.60 1.00 0.00
0.70 4.89 0.77 1.00 0.00
0.70 4.89 0.95 1.00 0.00
0.70 4.89 1.12 1.00 0.00
0.70 4.89 1.30 1.00 0.00
0.70 4.89 1.47 1.00 0.00
0.70 4.89 1.65 1.00 0.00
0.90 4.89 -1.36 1.00 0.00
0.90 4.89 -1.18 1.00 0.00
0.90 4.89 -1.01 1.00 0.00
0.90 4.89 -0.83 1.00 0.00
0.90 4.89 -0.66 1.00 0.00
0.90 4.89 -0.48 1.00 0.00
0.90 4.89 -0.31 1.00 0.00
0.90 4.89 -0.14 1.00 0.00
0.90 4.89 0.04 1.00 0.00
0.90 4.89 0.21 1.00 0.00
0.90 4.89 0.39 1.00 0.00
0.90 4.89 0.56 1.00 0.00
0.90 4.89 0.74 1.00 0.00
0.90 4.89 0.91 1.00 0.00
0.90 4.89 1.09 1.00 0.00
0.90 4.89 1.26 1.00 0.00
0.90 4.89 1.44 1.00 0.00
0.90 4.89 1.61 1.00 0.00
1.10 4.89 -1.40 1.00 0.00
1.10 4.89 -1.22 1.00 0.00
1.10 4.89 -1.05 1.00 0.00
1.10 4.89 -0.87 1.00 0.00
1.10 4.89 -0.70 1.00 0.00
1.10 4.89 -0.52 1.00 0.00
1.10 4.89 -0.35 1.00 0.00
1.10 4.89 -0.17 1.00 0.00
1.10 4.89 0.00 1.00 0.00
1.10 4.89 0.18 1.00 0.00
1.10 4.89 0.35 1.00 0.00
1.10 4.89 0.52 1.00 0.00
1.10 4.89 0.70 1.00 0.00
1.10 4.89 0.87 1.00 0.00
1.10 4.89 1.05 1.00 0.00
1.10 4.89 1.22 1.00 0.00
1.10 4.89 1.40 1.00 0.00
1.10 4.89 1.57 1.00 0.00
0.30 5.06 -1.24 1.00 0.00
0.30 5.06 -1.07 1.00 0.00
0.30 5.06 -0.90 1.00 0.00
0.30 5.06 -0.72 1.00 0.00
0.30 5.06 -0.55 1.00 0.00
0.30 5.06 -0.37 1.00 0.00
0.30 5.06 -0.20 1.00 0.00
0.30 5.06 -0.02 1.00 0.00
0.30 5.06 0.15 1.00 0.00
0.30 5.06 0.33 1.00 0.00
0.30 5.06 0.50 1.00 0.00
0.30 5.06 0.68 1.00 0.00
0.30 5.06 0.85 1.00 0.00
0.30 5.06 1.02 1.00 0.00
0.30 5.06 1.20 1.00 0.00
0.30 5.06 1.37 1.00 0.00
0.30 5.06 1.55 1.00 0.00
0.30 5.06 1.72 1.00 0.00
0.50 5.06 -1.28 1.00 0.00
0.50 5.06 -1.10 1.00 0.00
0.50 5.06 -0.93 1.00 0.00
0.50 5.06 -0.75 1.00 0.00
0.50 5.06 -0.58 1.00 0.00
0.50 5.06 -0.40 1.00 0.00
0.50 5.06 -0.23 1.00 0.00
0.50 5.06 -0.05 1.00 0.00
0.50 5.06 0.12 1.00 0.00
0.50 5.06 0.30 1.00 0.00
0.50 5.06 0.47 1.00 0.00
0.50 5.06 0.64 1.00 0.00
0.50 5.06 0.82 1.00 0.00
0.50 5.06 0.99 1.00 0.00
0.50 5.06 1.17 1.00 0.00
0.50 5.06 1.34 1.00 0.00
0.50 5.06 1.52 1.00 0.00
0.50 5.06 1.69 1.00 0.00
0.70 5.06 -1.31 1.00 0.00
0.70 5.06 -1.13 1.00 0.00
0.70 5.06 -0.96 1.00 0.00
0.70 5.06 -0.78 1.00 0.00
0.70 5.06 -0.61 1.00 0.00
0.70 5.06 -0.44 1.00 0.00
0.70 5.06 -0.26 1.00 0.00
0.70 5.06 -0.09 1.00 0.00
0.70 5.06 0.09 1.00 0.00
0.70 5.06 0.26 1.00 0.00
0.70 5.06 0.44 1.00 0.00
0.70 5.06 0.61 1.00 0.00
0.70 5.06 0.79 1.00 0.00
0.70 5.06 0.96 1.00 0.00
0.70 5.06 1.14 1.00 0.00
0.70 5.06 1.31 1.00 0.00
0.70 5.06 1.48 1.00 0.00
0.70 5.06 1.66 1.00 0.00
0.90 5.06 -1.34 1.00 0.00
0.90 5.06 -1.17 1.00 0.00
0.90 5.06 -0.99 1.00 0.00
0.90 5.06 -0.82 1.00 0.00
0.90 5.06 -0.64 1.00 0.00
0.90 5.06 -0.47 1.00 0.00
0.90 5.06 -0.29 1.00 0.00
0.90 5.06 -0.12 1.00 0.00
0.90 5.06 0.05 1.00 0.00
0.90 5.06 0.23 1.00 0.00
0.90 5.06 0.40 1.00 0.00
0.90 5.06 0.58 1.00 0.00
0.90 5.06 0.75 1.00 0.00
0.90 5.06 0.93 1.00 0.00
0.90 5.06 1.10 1.00 0.00
0.90 5.06 1.28 1.00 0.00
0.90 5.06 1.45 1.00 0.00
0.90 5.06 1.62 1.00 0.00
1.10 5.06 -1.38 1.00 0.00
1.10 5.06 -1.20 1.00 0.00
1.10 5.06 -1.03 1.00 0.00
1.10 5.06 -0.85 1.00 0.00
1.10 5.06 -0.68 1.00 0.00
1.10 5.06 -0.51 1.00 0.00
1.10 5.06 -0.33 1.00 0.00
1.10 5.06 -0.16 1.00 0.00
1.10 5.06 0.02 1.00 0.00
1.10 5.06 0.19 1.00 0.00
1.10 5.06 0.37 1.00 0.00
1.10 5.06 0.54 1.00 0.00
1.10 5.06 0.72 1.00 0.00
1.10 5.06 0.89 1.00 0.00
1.10 5.06 1.07 1.00 0.00
1.10 5.06 1.24 1.00 0.00
1.10 5.06 1.41 1.00 0.00
1.10 5.06 1.59 1.00 0.00
0.30 5.24 -1.24 1.00 0.00
0.30 5.24 -1.06 1.00 0.00
0.30 5.24 -0.89 1.00 0.00
0.30 5.24 -0.71 1.00 0.00
0.30 5.24 -0.54 1.00 0.00
0.30 5.24 -0.36 1.00 0.00
0.30 5.24 -0.19 1.00 0.00
0.30 5.24 -0.02 1.00 0.00
0.30 5.24 0.16 1.00 0.00
0.30 5.24 0.33 1.00 0.00
0.30 5.24 0.51 1.00 0.00
0.30 5.24 0.68 1.00 0.00
0.30 5.24 0.86 1.00 0.00
0.30 5.24 1.03 1.00 0.00
0.30 5.24 1.21 1.00 0.00
0.30 5.24 1.38 1.00 0.00
0.30 5.24 1.56 1.00 0.00
0.30 5.24 1.73 1.00 0.00
0.50 5.24 -1.26 1.00 0.00
0.50 5.24 -1.09 1.00 0.00
0.50 5.24 -0.91 1.00 0.00
0.50 5.24 -0.74 1.00 0.00
0.50 5.24 -0.57 1.00 0.00
0.50 5.24 -0.39 1.00 0.00
0.50 5.24 -0.22 1.00 0.00
0.50 5.24 -0.04 1.00 0.00
0.50 5.24 0.13 1.00 0.00
0.50 5.24 0.31 1.00 0.00
0.50 5.24 0.48 1.00 0.00
0.50 5.24 0.66 1.00 0.00
0.50 5.24 0.83 1.00 0.00
0.50 5.24 1.01 1.00 0.00
0.50 5.24 1.18 1.00 0.00
0.50 5.24 1.35 1.00 0.00
0.50 5.24 1.53 1.00 0.00
0.50 5.24 1.70 1.00 0.00
0.70 5.24 -1.29 1.00 0.00
0.70 5.24 -1.12 1.00 0.00
0.70 5.24 -0.94 1.00 0.00
0.70 5.24 -0.77 1.00 0.00
0.70 5.24 -0.59 1.00 0.00
0.70 5.24 -0.42 1.00 0.00
0.70 5.24 -0.24 1.00 0.00
0.70 5.24 -0.07 1.00 0.00
0.70 5.24 0.10 1.00 0.00
0.70 5.24 0.28 1.00 0.00
0.70 5.24 0.45 1.00 0.00
0.70 5.24 0.63 1.00 0.00
0.70 5.24 0.80 1.00 0.00
0.70 5.24 0.98 1.00 0.00
0.70 5.24 1.15 1.00 0.00
0.70 5.24 1.33 1.00 0.00
0.70 5.24 1.50 1.00 0.00
0.70 5.24 1.68 1.00 0.00
0.90 5.24 -1.32 1.00 0.00
0.90 5.24 -1.15 1.00 0.00
0.90 5.24 -0.97 1.00 0.00
0.90 5.24 -0.80 1.00 0.00
0.90 5.24 -0.62 1.00 0.00
0.90 5.24 -0.45 1.00 0.00
0.90 5.24 -0.27 1.00 0.00
0.90 5.24 -0.10 1.00 0.00
0.90 5.24 0.07 1.00 0.00
0.90 5.24 0.25 1.00 0.00
0.90 5.24 0.42 1.00 0.00
0.90 5.24 0.60 1.00 0.00
0.90 5.24 0.77 1.00 0.00
0.90 5.24 0.95 1.00 0.00
0.90 5.24 1.12 1.00 0.00
0.90 5.24 1.30 1.00 0.00
0.90 5.24 1.47 1.00 0.00
0.90 5.24 1.65 1.00 0.00
1.10 5.24 -1.35 1.00 0.00
1.10 5.24 -1.18 1.00 0.00
1.10 5.24 -1.00 1.00 0.00
1.10 5.24 -0.83 1.00 0.00
1.10 5.24 -0.65 1.00 0.00
1.10 5.24 -0.48 1.00 0.00
1.10 5.24 -0.31 1.00 0.00
1.10 5.24 -0.13 1.00 0.00
1.10 5.24 0.04 1.00 0.00
1.10 5.24 0.22 1.00 0.00
1.10 5.24 0.39 1.00 0.00
1.10 5.24 0.57 1.00 0.00
1.10 5.24 0.74 1.00 0.00
1.10 5.24 0.92 1.00 0.00
1.10 5.24 1.09 1.00 0.00
1.10 5.24 1.27 1.00 0.00
1.10 5.24 1.44 1.00 0.00
1.10 5.24 1.61 1.00 0.00
0.30 5.41 -1.23 1.00 0.00
0.30 5.41 -1.05 1.00 0.00
0.30 5.41 -0.88 1.00 0.00
0.30 5.41 -0.71 1.00 0.00
0.30 5.41 -0.53 1.00 0.00
0.30 5.41 -0.36 1.00 0.00
0.30 5.41 -0.18 1.00 0.00
0.30 5.41 -0.01 1.00 0.00
0.30 5.41 0.17 1.00 0.00
0.30 5.41 0.34 1.00 0.00
0.30 5.41 0.52 1.00 0.00
0.30 5.41 0.69 1.00 0.00
0.30 5.41 0.87 1.00 0.00
0.30 5.41 1.04 1.00 0.00
0.30 5.41 1.21 1.00 0.00
0.30 5.41 1.39 1.00 0.00
0.30 5.41 1.56 1.00 0.00
0.30 5.41 1.74 1.00 0.00
0.50 5.41 -1.25 1.00 0.00
0.50 5.41 -1.08 1.00 0.00
0.50 5.41 -0.90 1.00 0.00
0.50 5.41 -0.73 1.00 0.00
0.50 5.41 -0.55 1.00 0.00
0.50 5.41 -0.38 1.00 0.00
0.50 5.41 -0.20 1.00 0.00
0.50 5.41 -0.03 1.00 0.00
0.50 5.41 0.15 1.00 0.00
0.50 5.41 0.32 1.00 0.00
0.50 5.41 0.50 1.00 0.00
0.50 5.41 0.67 1.00 0.00
0.50 5.41 0.84 1.00 0.00
0.50 5.41 1.02 1.00 0.00
0.50 5.41 1.19 1.00 0.00
0.50 5.41 1.37 1.00 0.00
0.50 5.41 1.54 1.00 0.00
0.50 5.41 1.72 1.00 0.00
0.70 5.41 -1.27 1.00 0.00
0.70 5.41 -1.10 1.00 0.00
0.70 5.41 -0.92 1.00 0.00
0.70 5.41 -0.75 1.00 0.00
0.70 5.41 -0.57 1.00 0.00
0.70 5.41 -0.40 1.00 0.00
0.70 5.41 -0.22 1.00 0.00
0.70 5.41 -0.05 1.00 0.00
0.70 5.41 0.12 1.00 0.00
0.70 5.41 0.30 1.00 0.00
0.70 5.41 0.47 1.00 0.00
0.70 5.41 0.65 1.00 0.00
0.70 5.41 0.82 1.00 0.00
0.70 5.41 1.00 1.00 0.00
0.70 5.41 1.17 1.00 0.00
0.70 5.41 1.35 1.00 0.00
0.70 5.41 1.52 1.00 0.00
0.70 5.41 1.70 1.00 0.00
0.90 5.41 -1.30 1.00 0.00
0.90 5.41 -1.12 1.00 0.00
0.90 5.41 -0.95 1.00 0.00
0.90 5.41 -0.77 1.00 0.00
0.90 5.41 -0.60 1.00 0.00
0.90 5.41 -0.42 1.00 0.00
0.90 5.41 -0.25 1.00 0.00
0.90 5.41 -0.07 1.00 0.00
0.90 5.41 0.10 1.00 0.00
0.90 5.41 0.28 1.00 0.00
0.90 5.41 0.45 1.00 0.00
0.90 5.41 0.62 1.00 0.00
0.90 5.41 0.80 1.00 0.00
0.90 5.41 0.97 1.00 0.00
0.90 5.41 1.15 1.00 0.00
0.90 5.41 1.32 1.00 0.00
0.90 5.41 1.50 1.00 0.00
0.90 5.41 1.67 1.00 0.00
1.10 5.41 -1.32 1.00 0.00
1.10 5.41 -1.15 1.00 0.00
1.10 5.41 -0.97 1.00 0.00
1.10 5.41 -0.80 1.00 0.00
1.10 5.41 -0.62 1.00 0.00
1.10 5.41 -0.45 1.00 0.00
1.10 5.41 -0.27 1.00 0.00
1.10 5.41 -0.10 1.00 0.00
1.10 5.41 0.08 1.00 0.00
1.10 5.41 0.25 1.00 0.00
1.10 5.41 0.42 1.00 0.00
1.10 5.41 0.60 1.00 0.00
1.10 5.41 0.77 1.00 0.00
1.10 5.41 0.95 1.00 0.00
1.10 5.41 1.12 1.00 0.00
1.10 5.41 1.30 1.00 0.00
1.10 5.41 1.47 1.00 0.00
1.10 5.41 1.65 1.00 0.00
0.30 5.59 -1.22 1.00 0.00
0.30 5.59 -1.05 1.00 0.00
0.30 5.59 -0.87 1.00 0.00
0.30 5.59 -0.70 1.00 0.00
0.30 5.59 -0.52 1.00 0.00
0.30 5.59 -0.35 1.00 0.00
0.30 5.59 -0.17 1.00 0.00
0.30 5.59 0.00 1.00 0.00
0.30 5.59 0.18 1.00 0.00
0.30 5.59 0.35 1.00 0.00
0.30 5.59 0.53 1.00 0.00
0.30 5.59 0.70 1.00 0.00
0.30 5.59 0.87 1.00 0.00
0.30 5.59 1.05 1.00 0.00
0.30 5.59 1.22 1.00 0.00
0.30 5.59 1.40 1.00 0.00
0.30 5.59 1.57 1.00 0.00
0.30 5.59 1.75 1.00 0.00
0.50 5.59 -1.23 1.00 0.00
0.50 5.59 -1.06 1.00 0.00
0.50 5.59 -0.88 1.00 0.00
0.50 5.59 -0.71 1.00 0.00
0.50 5.59 -0.54 1.00 0.00
0.50 5.59 -0.36 1.00 0.00
0.50 5.59 -0.19 1.00 0.00
0.50 5.59 -0.01 1.00 0.00
0.50 5.59 0.16 1.00 0.00
0.50 5.59 0.34 1.00 0.00
0.50 5.59 0.51 1.00 0.00
0.50 5.59 0.69 1.00 0.00
0.50 5.59 0.86 1.00 0.00
0.50 5.59 1.04 1.00 0.00
0.50 5.59 1.21 1.00 0.00
0.50 5.59 1.38 1.00 0.00
0.50 5.59 1.56 1.00 0.00
0.50 5.59 1.73 1.00 0.00
0.70 5.59 -1.25 1.00 0.00
0.70 5.59 -1.07 1.00 0.00
0.70 5.59 -0.90 1.00 0.00
0.70 5.59 -0.73 1.00 0.00
0.70 5.59 -0.55 1.00 0.00
0.70 5.59 -0.38 1.00 0.00
0.70 5.59 -0.20 1.00 0.00
0.70 5.59 -0.03 1.00 0.00
0.70 5.59 0.15 1.00 0.00
0.70 5.59 0.32 1.00 0.00
0.70 5.59 0.50 1.00 0.00
0.70 5.59 0.67 1.00 0.00
0.70 5.59 0.85 1.00 0.00
0.70 5.59 1.02 1.00 0.00
0.70 5.59 1.19 1.00 0.00
0.70 5.59 1.37 1.00 0.00
0.70 5.59 1.54 1.00 0.00
0.70 5.59 1.72 1.00 0.00
0.90 5.59 -1.27 1.00 0.00
0.90 5.59 -1.09 1.00 0.00
0.90 5.59 -0.92 1.00 0.00
0.90 5.59 -0.74 1.00 0.00
0.90 5.59 -0.57 1.00 0.00
0.90 5.59 -0.39 1.00 0.00
0.90 5.59 -0.22 1.00 0.00
0.90 5.59 -0.04 1.00 0.00
0.90 5.59 0.13 1.00 0.00
0.90 5.59 0.31 1.00 0.00
0.90 5.59 0.48 1.00 0.00
0.90 5.59 0.65 1.00 0.00
0.90 5.59 0.83 1.00 0.00
0.90 5.59 1.00 1.00 0.00
0.90 5.59 1.18 1.00 0.00
0.90 5.59 1.35 1.00 0.00
0.90 5.59 1.53 1.00 0.00
0.90 5.59 1.70 1.00 0.00
1.10 5.59 -1.28 1.00 0.00
1.10 5.59 -1.11 1.00 0.00
1.10 5.59 -0.93 1.00 0.00
1.10 5.59 -0.76 1.00 0.00
1.10 5.59 -0.58 1.00 0.00
1.10 5.59 -0.41 1.00 0.00
1.10 5.59 -0.24 1.00 0.00
1.10 5.59 -0.06 1.00 0.00
1.10 5.59 0.11 1.00 0.00
1.10 5.59 0.29 1.00 0.00
1.10 5.59 0.46 1.00 0.00
1.10 5.59 0.64 1.00 0.00
1.10 5.59 0.81 1.00 0.00
1.10 5.59 0.99 1.00 0.00
1.10 5.59 1.16 1.00 0.00
1.10 5.59 1.34 1.00 0.00
1.10 5.59 1.51 1.00 0.00
1.10 5.59 1.68 1.00 0.00
0.30 5.76 -1.21 1.00 0.00
0.30 5.76 -1.04 1.00 0.00
0.30 5.76 -0.86 1.00 0.00
0.30 5.76 -0.69 1.00 0.00
0.30 5.76 -0.51 1.00 0.00
0.30 5.76 -0.34 1.00 0.00
0.30 5.76 -0.16 1.00 0.00
0.30 5.76 0.01 1.00 0.00
0.30 5.76 0.19 1.00 0.00
0.30 5.76 0.36 1.00 0.00
0.30 5.76 0.54 1.00 0.00
0.30 5.76 0.71 1.00 0.00
0.30 5.76 0.88 1.00 0.00
0.30 5.76 1.06 1.00 0.00
0.30 5.76 1.23 1.00 0.00
0.30 5.76 1.41 1.00 0.00
0.30 5.76 1.58 1.00 0.00
0.30 5.76 1.76 1.00 0.00
0.50 5.76 -1.22 1.00 0.00
0.50 5.76 -1.04 1.00 0.00
0.50 5.76 -0.87 1.00 0.00
0.50 5.76 -0.69 1.00 0.00
0.50 5.76 -0.52 1.00 0.00
0.50 5.76 -0.34 1.00 0.00
0.50 5.76 -0.17 1.00 0.00
0.50 5.76 0.01 1.00 0.00
0.50 5.76 0.18 1.00 0.00
0.50 5.76 0.35 1.00 0.00
0.50 5.76 0.53 1.00 0.00
0.50 5.76 0.70 1.00 0.00
0.50 5.76 0.88 1.00 0.00
0.50 5.76 1.05 1.00 0.00
0.50 5.76 1.23 1.00 0.00
0.50 5.76 1.40 1.00 0.00
0.50 5.76 1.58 1.00 0.00
0.50 5.76 1.75 1.00 0.00
0.70 5.76 -1.22 1.00 0.00
0.70 5.76 -1.05 1.00 0.00
0.70 5.76 -0.87 1.00 0.00
0.70 5.76 -0.70 1.00 0.00
0.70 5.76 -0.53 1.00 0.00
0.70 5.76 -0.35 1.00 0.00
0.70 5.76 -0.18 1.00 0.00
0.70 5.76 -0.00 1.00 0.00
0.70 5.76 0.17 1.00 0.00
0.70 5.76 0.35 1.00 0.00
0.70 5.76 0.52 1.00 0.00
0.70 5.76 0.70 1.00 0.00
0.70 5.76 0.87 1.00 0.00
0.70 5.76 1.05 1.00 0.00
0.70 5.76 1.22 1.00 0.00
0.70 5.76 1.39 1.00 0.00
0.70 5.76 1.57 1.00 0.00
0.70 5.76 1.74 1.00 0.00
0.90 5.76 -1.23 1.00 0.00
0.90 5.76 -1.06 1.00 0.00
0.90 5.76 -0.88 1.00 0.00
0.90 5.76 -0.71 1.00 0.00
0.90 5.76 -0.53 1.00 0.00
0.90 5.76 -0.36 1.00 0.00
0.90 5.76 -0.18 1.00 0.00
0.90 5.76 -0.01 1.00 0.00
0.90 5.76 0.16 1.00 0.00
0.90 5.76 0.34 1.00 0.00
0.90 5.76 0.51 1.00 0.00
0.90 5.76 0.69 1.00 0.00
0.90 5.76 0.86 1.00 0.00
0.90 5.76 1.04 1.00 0.00
0.90 5.76 1.21 1.00 0.00
0.90 5.76 1.39 1.00 0.00
0.90 5.76 1.56 1.00 0.00
0.90 5.76 1.74 1.00 0.00
1.10 5.76 -1.24 1.00 0.00
1.10 5.76 -1.07 1.00 0.00
1.10 5.76 -0.89 1.00 0.00
1.10 5.76 -0.72 1.00 0.00
1.10 5.76 -0.54 1.00 0.00
1.10 5.76 -0.37 1.00 0.00
1.10 5.76 -0.19 1.00 0.00
1.10 5.76 -0.02 1.00 0.00
1.10 5.76 0.16 1.00 0.00
1.10 5.76 0.33 1.00 0.00
1.10 5.76 0.51 1.00 0.00
1.10 5.76 0.68 1.00 0.00
1.10 5.76 0.85 1.00 0.00
1.10 5.76 1.03 1.00 0.00
1.10 5.76 1.20 1.00 0.00
1.10 5.76 1.38 1.00 0.00
1.10 5.76 1.55 1.00 0.00
1.10 5.76 1.73 1.00 0.00
0.30 5.93 -1.20 1.00 0.00
0.30 5.93 -1.02 1.00 0.00
0.30 5.93 -0.85 1.00 0.00
0.30 5.93 -0.68 1.00 0.00
0.30 5.93 -0.50 1.00 0.00
0.30 5.93 -0.33 1.00 0.00
0.30 5.93 -0.15 1.00 0.00
0.30 5.93 0.02 1.00 0.00
0.30 5.93 0.20 1.00 0.00
0.30 5.93 0.37 1.00 0.00
0.30 5.93 0.55 1.00 0.00
0.30 5.93 0.72 1.00 0.00
0.30 5.93 0.90 1.00 0.00
0.30 5.93 1.07 1.00 0.00
0.30 5.93 1.24 1.00 0.00
0.30 5.93 1.42 1.00 0.00
0.30 5.93 1.59 1.00 0.00
0.30 5.93 1.77 1.00 0.00
0.50 5.93 -1.20 1.00 0.00
0.50 5.93 -1.02 1.00 0.00
0.50 5.93 -0.85 1.00 0.00
0.50 5.93 -0.67 1.00 0.00
0.50 5.93 -0.50 1.00 0.00
0.50 5.93 -0.33 1.00 0.00
0.50 5.93 -0.15 1.00 0.00
0.50 5.93 0.02 1.00 0.00
0.50 5.93 0.20 1.00 0.00
0.50 5.93 0.37 1.00 0.00
0.50 5.93 0.55 1.00 0.00
0.50 5.93 0.72 1.00 0.00
0.50 5.93 0.90 1.00 0.00
0.50 5.93 1.07 1.00 0.00
0.50 5.93 1.25 1.00 0.00
0.50 5.93 1.42 1.00 0.00
0.50 5.93 1.59 1.00 0.00
0.50 5.93 1.77 1.00 0.00
0.70 5.93 -1.20 1.00 0.00
0.70 5.93 -1.02 1.00 0.00
0.70 5.93 -0.85 1.00 0.00
0.70 5.93 -0.67 1.00 0.00
0.70 5.93 -0.50 1.00 0.00
0.70 5.93 -0.32 1.00 0.00
0.70 5.93 -0.15 1.00 0.00
0.70 5.93 0.02 1.00 0.00
0.70 5.93 0.20 1.00 0.00
0.70 5.93 0.37 1.00 0.00
0.70 5.93 0.55 1.00 0.00
0.70 5.93 0.72 1.00 0.00
0.70 5.93 0.90 1.00 0.00
0.70 5.93 1.07 1.00 0.00
0.70 5.93 1.25 1.00 0.00
0.70 5.93 1.42 1.00 0.00
0.70 5.93 1.60 1.00 0.00
0.70 5.93 1.77 1.00 0.00
0.90 5.93 -1.20 1.00 0.00
0.90 5.93 -1.02 1.00 0.00
0.90 5.93 -0.85 1.00 0.00
0.90 5.93 -0.67 1.00 0.00
0.90 5.93 -0.50 1.00 0.00
0.90 5.93 -0.32 1.00 0.00
0.90 5.93 -0.15 1.00 0.00
0.90 5.93 0.03 1.00 0.00
0.90 5.93 0.20 1.00 0.00
0.90 5.93 0.37 1.00 0.00
0.90 5.93 0.55 1.00 0.00
0.90 5.93 0.72 1.00 0.00
0.90 5.93 0.90 1.00 0.00
0.90 5.93 1.07 1.00 0.00
0.90 5.93 1.25 1.00 0.00
0.90 5.93 1.42 1.00 0.00
0.90 5.93 1.60 1.00 0.00
0.90 5.93 1.77 1.00 0.00
1.10 5.93 -1.20 1.00 0.00
1.10 5.93 -1.02 1.00 0.00
1.10 5.93 -0.85 1.00 0.00
1.10 5.93 -0.67 1.00 0.00
1.10 5.93 -0.50 1.00 0.00
1.10 5.93 -0.32 1.00 0.00
1.10 5.93 -0.15 1.00 0.00
1.10 5.93 0.03 1.00 0.00
1.10 5.93 0.20 1.00 0.00
1.10 5.93 0.38 1.00 0.00
1.10 5.93 0.55 1.00 0.00
1.10 5.93 0.72 1.00 0.00
1.10 5.93 0.90 1.00 0.00
1.10 5.93 1.07 1.00 0.00
1.10 5.93 1.25 1.00 0.00
1.10 5.93 1.42 1.00 0.00
1.10 5.93 1.60 1.00 0.00
1.10 5.93 1.77 1.00 0.00
0.30 6.11 -1.19 1.00 0.00
0.30 6.11 -1.01 1.00 0.00
0.30 6.11 -0.84 1.00 0.00
0.30 6.11 -0.67 1.00 0.00
0.30 6.11 -0.49 1.00 0.00
0.30 6.11 -0.32 1.00 0.00
0.30 6.11 -0.14 1.00 0.00
0.30 6.11 0.03 1.00 0.00
0.30 6.11 0.21 1.00 0.00
0.30 6.11 0.38 1.00 0.00
0.30 6.11 0.56 1.00 0.00
0.30 6.11 0.73 1.00 0.00
0.30 6.11 0.91 1.00 0.00
0.30 6.11 1.08 1.00 0.00
0.30 6.11 1.25 1.00 0.00
0.30 6.11 1.43 1.00 0.00
0.30 6.11 1.60 1.00 0.00
0.30 6.11 1.78 1.00 0.00
0.50 6.11 -1.18 1.00 0.00
0.50 6.11 -1.01 1.00 0.00
0.50 6.11 -0.83 1.00 0.00
0.50 6.11 -0.66 1.00 0.00
0.50 6.11 -0.48 1.00 0.00
0.50 6.11 -0.31 1.00 0.00
0.50 6.11 -0.13 1.00 0.00
0.50 6.11 0.04 1.00 0.00
0.50 6.11 0.22 1.00 0.00
0.50 6.11 0.39 1.00 0.00
0.50 6.11 0.56 1.00 0.00
0.50 6.11 0.74 1.00 0.00
0.50 6.11 0.91 1.00 0.00
0.50 6.11 1.09 1.00 0.00
0.50 6.11 1.26 1.00 0.00
0.50 6.11 1.44 1.00 0.00
0.50 6.11 1.61 1.00 0.00
0.50 6.11 1.79 1.00 0.00
0.70 6.11 -1.17 1.00 0.00
0.70 6.11 -1.00 1.00 0.00
0.70 6.11 -0.82 1.00 0.00
0.70 6.11 -0.65 1.00 0.00
0.70 6.11 -0.47 1.00 0.00
0.70 6.11 -0.30 1.00 0.00
0.70 6.11 -0.12 1.00 0.00
0.70 6.11 0.05 1.00 0.00
0.70 6.11 0.22 1.00 0.00
0.70 6.11 0.40 1.00 0.00
0.70 6.11 0.57 1.00 0.00
0.70 6.11 0.75 1.00 0.00
0.70 6.11 0.92 1.00 0.00
0.70 6.11 1.10 1.00 0.00
0.70 6.11 1.27 1.00 0.00
0.70 6.11 1.45 1.00 0.00
0.70 6.11 1.62 1.00 0.00
0.70 6.11 1.80 1.00 0.00
0.90 6.11 -1.16 1.00 0.00
0.90 6.11 -0.99 1.00 0.00
0.90 6.11 -0.81 1.00 0.00
0.90 6.11 -0.64 1.00 0.00
0.90 6.11 -0.46 1.00 0.00
0.90 6.11 -0.29 1.00 0.00
0.90 6.11 -0.11 1.00 0.00
0.90 6.11 0.06 1.00 0.00
0.90 6.11 0.23 1.00 0.00
0.90 6.11 0.41 1.00 0.00
0.90 6.11 0.58 1.00 0.00
0.90 6.11 0.76 1.00 0.00
0.90 6.11 0.93 1.00 0.00
0.90 6.11 1.11 1.00 0.00
0.90 6.11 1.28 1.00 0.00
0.90 6.11 1.46 1.00 0.00
0.90 6.11 1.63 1.00 0.00
0.90 6.11 1.81 1.00 0.00
1.10 6.11 -1.15 1.00 0.00
1.10 6.11 -0.98 1.00 0.00
1.10 6.11 -0.80 1.00 0.00
1.10 6.11 -0.63 1.00 0.00
1.10 6.11 -0.45 1.00 0.00
1.10 6.11 -0.28 1.00 0.00
1.10 6.11 -0.10 1.00 0.00
1.10 6.11 0.07 1.00 0.00
1.10 6.11 0.25 1.00 0.00
1.10 6.11 0.42 1.00 0.00
1.10 6.11 0.59 1.00 0.00
1.10 6.11 0.77 1.00 0.00
1.10 6.11 0.94 1.00 0.00
1.10 6.11 1.12 1.00 0.00
1.10 6.11 1.29 1.00 0.00
1.10 6.11 1.47 1.00 0.00
1.10 6.11 1.64 1.00 0.00
1.10 6.11 1.82 1.00 0.00
