0.30 0.00 -1.23 1.00 0.00
0.30 0.00 -1.06 1.00 0.00
0.30 0.00 -0.88 1.00 0.00
0.30 0.00 -0.71 1.00 0.00
0.30 0.00 -0.53 1.00 0.00
0.30 0.00 -0.36 1.00 0.00
0.30 0.00 -0.18 1.00 0.00
0.30 0.00 -0.01 1.00 0.00
0.30 0.00 0.16 1.00 0.00
0.30 0.00 0.34 1.00 0.00
0.30 0.00 0.51 1.00 0.00
0.30 0.00 0.69 1.00 0.00
0.30 0.00 0.86 1.00 0.00
0.30 0.00 1.04 1.00 0.00
0.30 0.00 1.21 1.00 0.00
0.30 0.00 1.39 1.00 0.00
0.30 0.00 1.56 1.00 0.00
0.30 0.00 1.74 1.00 0.00
0.50 0.00 -1.22 1.00 0.00
0.50 0.00 -1.04 1.00 0.00
0.50 0.00 -0.87 1.00 0.00
0.50 0.00 -0.69 1.00 0.00
0.50 0.00 -0.52 1.00 0.00
0.50 0.00 -0.35 1.00 0.00
0.50 0.00 -0.17 1.00 0.00
0.50 0.00 0.00 1.00 0.00
0.50 0.00 0.18 1.00 0.00
0.50 0.00 0.35 1.00 0.00
0.50 0.00 0.53 1.00 0.00
0.50 0.00 0.70 1.00 0.00
0.50 0.00 0.88 1.00 0.00
0.50 0.00 1.05 1.00 0.00
0.50 0.00 1.23 1.00 0.00
0.50 0.00 1.40 1.00 0.00
0.50 0.00 1.57 1.00 0.00
0.50 0.00 1.75 1.00 0.00
0.70 0.00 -1.20 1.00 0.00
0.70 0.00 -1.03 1.00 0.00
0.70 0.00 -0.85 1.00 0.00
0.70 0.00 -0.68 1.00 0.00
0.70 0.00 -0.51 1.00 0.00
0.70 0.00 -0.33 1.00 0.00
0.70 0.00 -0.16 1.00 0.00
0.70 0.00 0.02 1.00 0.00
0.70 0.00 0.19 1.00 0.00
0.70 0.00 0.37 1.00 0.00
0.70 0.00 0.54 1.00 0.00
0.70 0.00 0.72 1.00 0.00
0.70 0.00 0.89 1.00 0.00
0.70 0.00 1.07 1.00 0.00
0.70 0.00 1.24 1.00 0.00
0.70 0.00 1.41 1.00 0.00
0.70 0.00 1.59 1.00 0.00
0.70 0.00 1.76 1.00 0.00
0.90 0.00 -1.19 1.00 0.00
0.90 0.00 -1.01 1.00 0.00
0.90 0.00 -0.84 1.00 0.00
0.90 0.00 -0.66 1.00 0.00
0.90 0.00 -0.49 1.00 0.00
0.90 0.00 -0.31 1.00 0.00
0.90 0.00 -0.14 1.00 0.00
0.90 0.00 0.03 1.00 0.00
0.90 0.00 0.21 1.00 0.00
0.90 0.00 0.38 1.00 0.00
0.90 0.00 0.56 1.00 0.00
0.90 0.00 0.73 1.00 0.00
0.90 0.00 0.91 1.00 0.00
0.90 0.00 1.08 1.00 0.00
0.90 0.00 1.26 1.00 0.00
0.90 0.00 1.43 1.00 0.00
0.90 0.00 1.60 1.00 0.00
0.90 0.00 1.78 1.00 0.00
1.10 0.00 -1.17 1.00 0.00
1.10 0.00 -1.00 1.00 0.00
1.10 0.00 -0.82 1.00 0.00
1.10 0.00 -0.65 1.00 0.00
1.10 0.00 -0.47 1.00 0.00
1.10 0.00 -0.30 1.00 0.00
1.10 0.00 -0.12 1.00 0.00
1.10 0.00 0.05 1.00 0.00
1.10 0.00 0.23 1.00 0.00
1.10 0.00 0.40 1.00 0.00
1.10 0.00 0.57 1.00 0.00
1.10 0.00 0.75 1.00 0.00
1.10 0.00 0.92 1.00 0.00
1.10 0.00 1.10 1.00 0.00
1.10 0.00 1.27 1.00 0.00
1.10 0.00 1.45 1.00 0.00
1.10 0.00 1.62 1.00 0.00
1.10 0.00 1.80 1.00 0.00
0.30 0.17 -1.22 1.00 0.00
0.30 0.17 -1.05 1.00 0.00
0.30 0.17 -0.87 1.00 0.00
0.30 0.17 -0.70 1.00 0.00
0.30 0.17 -0.52 1.00 0.00
0.30 0.17 -0.35 1.00 0.00
0.30 0.17 -0.18 1.00 0.00
0.30 0.17 -0.00 1.00 0.00
0.30 0.17 0.17 1.00 0.00
0.30 0.17 0.35 1.00 0.00
0.30 0.17 0.52 1.00 0.00
0.30 0.17 0.70 1.00 0.00
0.30 0.17 0.87 1.00 0.00
0.30 0.17 1.05 1.00 0.00
0.30 0.17 1.22 1.00 0.00
0.30 0.17 1.40 1.00 0.00
0.30 0.17 1.57 1.00 0.00
0.30 0.17 1.74 1.00 0.00
0.50 0.17 -1.20 1.00 0.00
0.50 0.17 -1.03 1.00 0.00
0.50 0.17 -0.85 1.00 0.00
0.50 0.17 -0.68 1.00 0.00
0.50 0.17 -0.50 1.00 0.00
0.50 0.17 -0.33 1.00 0.00
0.50 0.17 -0.16 1.00 0.00
0.50 0.17 0.02 1.00 0.00
0.50 0.17 0.19 1.00 0.00
0.50 0.17 0.37 1.00 0.00
0.50 0.17 0.54 1.00 0.00
0.50 0.17 0.72 1.00 0.00
0.50 0.17 0.89 1.00 0.00
0.50 0.17 1.07 1.00 0.00
0.50 0.17 1.24 1.00 0.00
0.50 0.17 1.42 1.00 0.00
0.50 0.17 1.59 1.00 0.00
0.50 0.17 1.76 1.00 0.00
0.70 0.17 -1.18 1.00 0.00
0.70 0.17 -1.01 1.00 0.00
0.70 0.17 -0.83 1.00 0.00
0.70 0.17 -0.66 1.00 0.00
0.70 0.17 -0.48 1.00 0.00
0.70 0.17 -0.31 1.00 0.00
0.70 0.17 -0.13 1.00 0.00
0.70 0.17 0.04 1.00 0.00
0.70 0.17 0.22 1.00 0.00
0.70 0.17 0.39 1.00 0.00
0.70 0.17 0.56 1.00 0.00
0.70 0.17 0.74 1.00 0.00
0.70 0.17 0.91 1.00 0.00
0.70 0.17 1.09 1.00 0.00
0.70 0.17 1.26 1.00 0.00
0.70 0.17 1.44 1.00 0.00
0.70 0.17 1.61 1.00 0.00
0.70 0.17 1.79 1.00 0.00
0.90 0.17 -1.16 1.00 0.00
0.90 0.17 -0.98 1.00 0.00
0.90 0.17 -0.81 1.00 0.00
0.90 0.17 -0.63 1.00 0.00
0.90 0.17 -0.46 1.00 0.00
0.90 0.17 -0.28 1.00 0.00
0.90 0.17 -0.11 1.00 0.00
0.90 0.17 0.06 1.00 0.00
0.90 0.17 0.24 1.00 0.00
0.90 0.17 0.41 1.00 0.00
0.90 0.17 0.59 1.00 0.00
0.90 0.17 0.76 1.00 0.00
0.90 0.17 0.94 1.00 0.00
0.90 0.17 1.11 1.00 0.00
0.90 0.17 1.29 1.00 0.00
0.90 0.17 1.46 1.00 0.00
0.90 0.17 1.64 1.00 0.00
0.90 0.17 1.81 1.00 0.00
1.10 0.17 -1.13 1.00 0.00
1.10 0.17 -0.96 1.00 0.00
1.10 0.17 -0.78 1.00 0.00
1.10 0.17 -0.61 1.00 0.00
1.10 0.17 -0.43 1.00 0.00
1.10 0.17 -0.26 1.00 0.00
1.10 0.17 -0.08 1.00 0.00
1.10 0.17 0.09 1.00 0.00
1.10 0.17 0.26 1.00 0.00
1.10 0.17 0.44 1.00 0.00
1.10 0.17 0.61 1.00 0.00
1.10 0.17 0.79 1.00 0.00
1.10 0.17 0.96 1.00 0.00
1.10 0.17 1.14 1.00 0.00
1.10 0.17 1.31 1.00 0.00
1.10 0.17 1.49 1.00 0.00
1.10 0.17 1.66 1.00 0.00
1.10 0.17 1.84 1.00 0.00
0.30 0.35 -1.21 1.00 0.00
0.30 0.35 -1.04 1.00 0.00
0.30 0.35 -0.87 1.00 0.00
0.30 0.35 -0.69 1.00 0.00
0.30 0.35 -0.52 1.00 0.00
0.30 0.35 -0.34 1.00 0.00
0.30 0.35 -0.17 1.00 0.00
0.30 0.35 0.01 1.00 0.00
0.30 0.35 0.18 1.00 0.00
0.30 0.35 0.36 1.00 0.00
0.30 0.35 0.53 1.00 0.00
0.30 0.35 0.71 1.00 0.00
0.30 0.35 0.88 1.00 0.00
0.30 0.35 1.05 1.00 0.00
0.30 0.35 1.23 1.00 0.00
0.30 0.35 1.40 1.00 0.00
0.30 0.35 1.58 1.00 0.00
0.30 0.35 1.75 1.00 0.00
0.50 0.35 -1.19 1.00 0.00
0.50 0.35 -1.01 1.00 0.00
0.50 0.35 -0.84 1.00 0.00
0.50 0.35 -0.66 1.00 0.00
0.50 0.35 -0.49 1.00 0.00
0.50 0.35 -0.32 1.00 0.00
0.50 0.35 -0.14 1.00 0.00
0.50 0.35 0.03 1.00 0.00
0.50 0.35 0.21 1.00 0.00
0.50 0.35 0.38 1.00 0.00
0.50 0.35 0.56 1.00 0.00
0.50 0.35 0.73 1.00 0.00
0.50 0.35 0.91 1.00 0.00
0.50 0.35 1.08 1.00 0.00
0.50 0.35 1.26 1.00 0.00
0.50 0.35 1.43 1.00 0.00
0.50 0.35 1.60 1.00 0.00
0.50 0.35 1.78 1.00 0.00
0.70 0.35 -1.16 1.00 0.00
0.70 0.35 -0.99 1.00 0.00
0.70 0.35 -0.81 1.00 0.00
0.70 0.35 -0.64 1.00 0.00
0.70 0.35 -0.46 1.00 0.00
0.70 0.35 -0.29 1.00 0.00
0.70 0.35 -0.11 1.00 0.00
0.70 0.35 0.06 1.00 0.00
0.70 0.35 0.24 1.00 0.00
0.70 0.35 0.41 1.00 0.00
0.70 0.35 0.58 1.00 0.00
0.70 0.35 0.76 1.00 0.00
0.70 0.35 0.93 1.00 0.00
0.70 0.35 1.11 1.00 0.00
0.70 0.35 1.28 1.00 0.00
0.70 0.35 1.46 1.00 0.00
0.70 0.35 1.63 1.00 0.00
0.70 0.35 1.81 1.00 0.00
0.90 0.35 -1.13 1.00 0.00
0.90 0.35 -0.96 1.00 0.00
0.90 0.35 -0.78 1.00 0.00
0.90 0.35 -0.61 1.00 0.00
0.90 0.35 -0.43 1.00 0.00
0.90 0.35 -0.26 1.00 0.00
0.90 0.35 -0.08 1.00 0.00
0.90 0.35 0.09 1.00 0.00
0.90 0.35 0.27 1.00 0.00
0.90 0.35 0.44 1.00 0.00
0.90 0.35 0.61 1.00 0.00
0.90 0.35 0.79 1.00 0.00
0.90 0.35 0.96 1.00 0.00
0.90 0.35 1.14 1.00 0.00
0.90 0.35 1.31 1.00 0.00
0.90 0.35 1.49 1.00 0.00
0.90 0.35 1.66 1.00 0.00
0.90 0.35 1.84 1.00 0.00
1.10 0.35 -1.10 1.00 0.00
1.10 0.35 -0.93 1.00 0.00
1.10 0.35 -0.75 1.00 0.00
1.10 0.35 -0.58 1.00 0.00
1.10 0.35 -0.40 1.00 0.00
1.10 0.35 -0.23 1.00 0.00
1.10 0.35 -0.05 1.00 0.00
1.10 0.35 0.12 1.00 0.00
1.10 0.35 0.30 1.00 0.00
1.10 0.35 0.47 1.00 0.00
1.10 0.35 0.65 1.00 0.00
1.10 0.35 0.82 1.00 0.00
1.10 0.35 0.99 1.00 0.00
1.10 0.35 1.17 1.00 0.00
1.10 0.35 1.34 1.00 0.00
1.10 0.35 1.52 1.00 0.00
1.10 0.35 1.69 1.00 0.00
1.10 0.35 1.87 1.00 0.00
0.30 0.52 -1.21 1.00 0.00
0.30 0.52 -1.03 1.00 0.00
0.30 0.52 -0.86 1.00 0.00
0.30 0.52 -0.68 1.00 0.00
0.30 0.52 -0.51 1.00 0.00
0.30 0.52 -0.33 1.00 0.00
0.30 0.52 -0.16 1.00 0.00
0.30 0.52 0.01 1.00 0.00
0.30 0.52 0.19 1.00 0.00
0.30 0.52 0.36 1.00 0.00
0.30 0.52 0.54 1.00 0.00
0.30 0.52 0.71 1.00 0.00
0.30 0.52 0.89 1.00 0.00
0.30 0.52 1.06 1.00 0.00
0.30 0.52 1.24 1.00 0.00
0.30 0.52 1.41 1.00 0.00
0.30 0.52 1.59 1.00 0.00
0.30 0.52 1.76 1.00 0.00
0.50 0.52 -1.18 1.00 0.00
0.50 0.52 -1.00 1.00 0.00
0.50 0.52 -0.83 1.00 0.00
0.50 0.52 -0.65 1.00 0.00
0.50 0.52 -0.48 1.00 0.00
0.50 0.52 -0.30 1.00 0.00
0.50 0.52 -0.13 1.00 0.00
0.50 0.52 0.05 1.00 0.00
0.50 0.52 0.22 1.00 0.00
0.50 0.52 0.39 1.00 0.00
0.50 0.52 0.57 1.00 0.00
0.50 0.52 0.74 1.00 0.00
0.50 0.52 0.92 1.00 0.00
0.50 0.52 1.09 1.00 0.00
0.50 0.52 1.27 1.00 0.00
0.50 0.52 1.44 1.00 0.00
0.50 0.52 1.62 1.00 0.00
0.50 0.52 1.79 1.00 0.00
0.70 0.52 -1.14 1.00 0.00
0.70 0.52 -0.97 1.00 0.00
0.70 0.52 -0.79 1.00 0.00
0.70 0.52 -0.62 1.00 0.00
0.70 0.52 -0.45 1.00 0.00
0.70 0.52 -0.27 1.00 0.00
0.70 0.52 -0.10 1.00 0.00
0.70 0.52 0.08 1.00 0.00
0.70 0.52 0.25 1.00 0.00
0.70 0.52 0.43 1.00 0.00
0.70 0.52 0.60 1.00 0.00
0.70 0.52 0.78 1.00 0.00
0.70 0.52 0.95 1.00 0.00
0.70 0.52 1.13 1.00 0.00
0.70 0.52 1.30 1.00 0.00
0.70 0.52 1.47 1.00 0.00
0.70 0.52 1.65 1.00 0.00
0.70 0.52 1.82 1.00 0.00
0.90 0.52 -1.11 1.00 0.00
0.90 0.52 -0.94 1.00 0.00
0.90 0.52 -0.76 1.00 0.00
0.90 0.52 -0.59 1.00 0.00
0.90 0.52 -0.41 1.00 0.00
0.90 0.52 -0.24 1.00 0.00
0.90 0.52 -0.06 1.00 0.00
0.90 0.52 0.11 1.00 0.00
0.90 0.52 0.29 1.00 0.00
0.90 0.52 0.46 1.00 0.00
0.90 0.52 0.64 1.00 0.00
0.90 0.52 0.81 1.00 0.00
0.90 0.52 0.98 1.00 0.00
0.90 0.52 1.16 1.00 0.00
0.90 0.52 1.33 1.00 0.00
0.90 0.52 1.51 1.00 0.00
0.90 0.52 1.68 1.00 0.00
0.90 0.52 1.86 1.00 0.00
1.10 0.52 -1.07 1.00 0.00
1.10 0.52 -0.90 1.00 0.00
1.10 0.52 -0.73 1.00 0.00
1.10 0.52 -0.55 1.00 0.00
1.10 0.52 -0.38 1.00 0.00
1.10 0.52 -0.20 1.00 0.00
1.10 0.52 -0.03 1.00 0.00
1.10 0.52 0.15 1.00 0.00
1.10 0.52 0.32 1.00 0.00
1.10 0.52 0.50 1.00 0.00
1.10 0.52 0.67 1.00 0.00
1.10 0.52 0.85 1.00 0.00
1.10 0.52 1.02 1.00 0.00
1.10 0.52 1.19 1.00 0.00
1.10 0.52 1.37 1.00 0.00
1.10 0.52 1.54 1.00 0.00
1.10 0.52 1.72 1.00 0.00
1.10 0.52 1.89 1.00 0.00
0.30 0.70 -1.20 1.00 0.00
0.30 0.70 -1.03 1.00 0.00
0.30 0.70 -0.85 1.00 0.00
0.30 0.70 -0.68 1.00 0.00
0.30 0.70 -0.50 1.00 0.00
0.30 0.70 -0.33 1.00 0.00
0.30 0.70 -0.15 1.00 0.00
0.30 0.70 0.02 1.00 0.00
0.30 0.70 0.19 1.00 0.00
0.30 0.70 0.37 1.00 0.00
0.30 0.70 0.54 1.00 0.00
0.30 0.70 0.72 1.00 0.00
0.30 0.70 0.89 1.00 0.00
0.30 0.70 1.07 1.00 0.00
0.30 0.70 1.24 1.00 0.00
0.30 0.70 1.42 1.00 0.00
0.30 0.70 1.59 1.00 0.00
0.30 0.70 1.77 1.00 0.00
0.50 0.70 -1.17 1.00 0.00
0.50 0.70 -0.99 1.00 0.00
0.50 0.70 -0.82 1.00 0.00
0.50 0.70 -0.64 1.00 0.00
0.50 0.70 -0.47 1.00 0.00
0.50 0.70 -0.29 1.00 0.00
0.50 0.70 -0.12 1.00 0.00
0.50 0.70 0.05 1.00 0.00
0.50 0.70 0.23 1.00 0.00
0.50 0.70 0.40 1.00 0.00
0.50 0.70 0.58 1.00 0.00
0.50 0.70 0.75 1.00 0.00
0.50 0.70 0.93 1.00 0.00
0.50 0.70 1.10 1.00 0.00
0.50 0.70 1.28 1.00 0.00
0.50 0.70 1.45 1.00 0.00
0.50 0.70 1.63 1.00 0.00
0.50 0.70 1.80 1.00 0.00
0.70 0.70 -1.13 1.00 0.00
0.70 0.70 -0.96 1.00 0.00
0.70 0.70 -0.78 1.00 0.00
0.70 0.70 -0.61 1.00 0.00
0.70 0.70 -0.43 1.00 0.00
0.70 0.70 -0.26 1.00 0.00
0.70 0.70 -0.08 1.00 0.00
0.70 0.70 0.09 1.00 0.00
0.70 0.70 0.26 1.00 0.00
0.70 0.70 0.44 1.00 0.00
0.70 0.70 0.61 1.00 0.00
0.70 0.70 0.79 1.00 0.00
0.70 0.70 0.96 1.00 0.00
0.70 0.70 1.14 1.00 0.00
0.70 0.70 1.31 1.00 0.00
0.70 0.70 1.49 1.00 0.00
0.70 0.70 1.66 1.00 0.00
0.70 0.70 1.84 1.00 0.00
0.90 0.70 -1.09 1.00 0.00
0.90 0.70 -0.92 1.00 0.00
0.90 0.70 -0.75 1.00 0.00
0.90 0.70 -0.57 1.00 0.00
0.90 0.70 -0.40 1.00 0.00
0.90 0.70 -0.22 1.00 0.00
0.90 0.70 -0.05 1.00 0.00
0.90 0.70 0.13 1.00 0.00
0.90 0.70 0.30 1.00 0.00
0.90 0.70 0.48 1.00 0.00
0.90 0.70 0.65 1.00 0.00
0.90 0.70 0.83 1.00 0.00
0.90 0.70 1.00 1.00 0.00
0.90 0.70 1.17 1.00 0.00
0.90 0.70 1.35 1.00 0.00
0.90 0.70 1.52 1.00 0.00
0.90 0.70 1.70 1.00 0.00
0.90 0.70 1.87 1.00 0.00
1.10 0.70 -1.06 1.00 0.00
1.10 0.70 -0.88 1.00 0.00
1.10 0.70 -0.71 1.00 0.00
1.10 0.70 -0.53 1.00 0.00
1.10 0.70 -0.36 1.00 0.00
1.10 0.70 -0.18 1.00 0.00
1.10 0.70 -0.01 1.00 0.00
1.10 0.70 0.16 1.00 0.00
1.10 0.70 0.34 1.00 0.00
1.10 0.70 0.51 1.00 0.00
1.10 0.70 0.69 1.00 0.00
1.10 0.70 0.86 1.00 0.00
1.10 0.70 1.04 1.00 0.00
1.10 0.70 1.21 1.00 0.00
1.10 0.70 1.39 1.00 0.00
1.10 0.70 1.56 1.00 0.00
1.10 0.70 1.74 1.00 0.00
1.10 0.70 1.91 1.00 0.00
0.30 0.87 -1.20 1.00 0.00
0.30 0.87 -1.02 1.00 0.00
0.30 0.87 -0.85 1.00 0.00
0.30 0.87 -0.67 1.00 0.00
0.30 0.87 -0.50 1.00 0.00
0.30 0.87 -0.32 1.00 0.00
0.30 0.87 -0.15 1.00 0.00
0.30 0.87 0.02 1.00 0.00
0.30 0.87 0.20 1.00 0.00
0.30 0.87 0.37 1.00 0.00
0.30 0.87 0.55 1.00 0.00
0.30 0.87 0.72 1.00 0.00
0.30 0.87 0.90 1.00 0.00
0.30 0.87 1.07 1.00 0.00
0.30 0.87 1.25 1.00 0.00
0.30 0.87 1.42 1.00 0.00
0.30 0.87 1.60 1.00 0.00
0.30 0.87 1.77 1.00 0.00
0.50 0.87 -1.16 1.00 0.00
0.50 0.87 -0.99 1.00 0.00
0.50 0.87 -0.81 1.00 0.00
0.50 0.87 -0.64 1.00 0.00
0.50 0.87 -0.46 1.00 0.00
0.50 0.87 -0.29 1.00 0.00
0.50 0.87 -0.11 1.00 0.00
0.50 0.87 0.06 1.00 0.00
0.50 0.87 0.24 1.00 0.00
0.50 0.87 0.41 1.00 0.00
0.50 0.87 0.58 1.00 0.00
0.50 0.87 0.76 1.00 0.00
0.50 0.87 0.93 1.00 0.00
0.50 0.87 1.11 1.00 0.00
0.50 0.87 1.28 1.00 0.00
0.50 0.87 1.46 1.00 0.00
0.50 0.87 1.63 1.00 0.00
0.50 0.87 1.81 1.00 0.00
0.70 0.87 -1.12 1.00 0.00
0.70 0.87 -0.95 1.00 0.00
0.70 0.87 -0.77 1.00 0.00
0.70 0.87 -0.60 1.00 0.00
0.70 0.87 -0.43 1.00 0.00
0.70 0.87 -0.25 1.00 0.00
0.70 0.87 -0.08 1.00 0.00
0.70 0.87 0.10 1.00 0.00
0.70 0.87 0.27 1.00 0.00
0.70 0.87 0.45 1.00 0.00
0.70 0.87 0.62 1.00 0.00
0.70 0.87 0.80 1.00 0.00
0.70 0.87 0.97 1.00 0.00
0.70 0.87 1.15 1.00 0.00
0.70 0.87 1.32 1.00 0.00
0.70 0.87 1.49 1.00 0.00
0.70 0.87 1.67 1.00 0.00
0.70 0.87 1.84 1.00 0.00
0.90 0.87 -1.09 1.00 0.00
0.90 0.87 -0.91 1.00 0.00
0.90 0.87 -0.74 1.00 0.00
0.90 0.87 -0.56 1.00 0.00
0.90 0.87 -0.39 1.00 0.00
0.90 0.87 -0.21 1.00 0.00
0.90 0.87 -0.04 1.00 0.00
0.90 0.87 0.14 1.00 0.00
0.90 0.87 0.31 1.00 0.00
0.90 0.87 0.49 1.00 0.00
0.90 0.87 0.66 1.00 0.00
0.90 0.87 0.83 1.00 0.00
0.90 0.87 1.01 1.00 0.00
0.90 0.87 1.18 1.00 0.00
0.90 0.87 1.36 1.00 0.00
0.90 0.87 1.53 1.00 0.00
0.90 0.87 1.71 1.00 0.00
0.90 0.87 1.88 1.00 0.00
1.10 0.87 -1.05 1.00 0.00
1.10 0.87 -0.87 1.00 0.00
1.10 0.87 -0.70 1.00 0.00
1.10 0.87 -0.52 1.00 0.00
1.10 0.87 -0.35 1.00 0.00
1.10 0.87 -0.17 1.00 0.00
1.10 0.87 0.00 1.00 0.00
1.10 0.87 0.18 1.00 0.00
1.10 0.87 0.35 1.00 0.00
1.10 0.87 0.52 1.00 0.00
1.10 0.87 0.70 1.00 0.00
1.10 0.87 0.87 1.00 0.00
1.10 0.87 1.05 1.00 0.00
1.10 0.87 1.22 1.00 0.00
1.10 0.87 1.40 1.00 0.00
1.10 0.87 1.57 1.00 0.00
1.10 0.87 1.75 1.00 0.00
1.10 0.87 1.92 1.00 0.00
0.30 1.05 -1.20 1.00 0.00
0.30 1.05 -1.02 1.00 0.00
0.30 1.05 -0.85 1.00 0.00
0.30 1.05 -0.67 1.00 0.00
0.30 1.05 -0.50 1.00 0.00
0.30 1.05 -0.32 1.00 0.00
0.30 1.05 -0.15 1.00 0.00
0.30 1.05 0.03 1.00 0.00
0.30 1.05 0.20 1.00 0.00
0.30 1.05 0.38 1.00 0.00
0.30 1.05 0.55 1.00 0.00
0.30 1.05 0.72 1.00 0.00
0.30 1.05 0.90 1.00 0.00
0.30 1.05 1.07 1.00 0.00
0.30 1.05 1.25 1.00 0.00
0.30 1.05 1.42 1.00 0.00
0.30 1.05 1.60 1.00 0.00
0.30 1.05 1.77 1.00 0.00
0.50 1.05 -1.16 1.00 0.00
0.50 1.05 -0.98 1.00 0.00
0.50 1.05 -0.81 1.00 0.00
0.50 1.05 -0.63 1.00 0.00
0.50 1.05 -0.46 1.00 0.00
0.50 1.05 -0.28 1.00 0.00
0.50 1.05 -0.11 1.00 0.00
0.50 1.05 0.06 1.00 0.00
0.50 1.05 0.24 1.00 0.00
0.50 1.05 0.41 1.00 0.00
0.50 1.05 0.59 1.00 0.00
0.50 1.05 0.76 1.00 0.00
0.50 1.05 0.94 1.00 0.00
0.50 1.05 1.11 1.00 0.00
0.50 1.05 1.29 1.00 0.00
0.50 1.05 1.46 1.00 0.00
0.50 1.05 1.63 1.00 0.00
0.50 1.05 1.81 1.00 0.00
0.70 1.05 -1.12 1.00 0.00
0.70 1.05 -0.95 1.00 0.00
0.70 1.05 -0.77 1.00 0.00
0.70 1.05 -0.60 1.00 0.00
0.70 1.05 -0.42 1.00 0.00
0.70 1.05 -0.25 1.00 0.00
0.70 1.05 -0.07 1.00 0.00
0.70 1.05 0.10 1.00 0.00
0.70 1.05 0.28 1.00 0.00
0.70 1.05 0.45 1.00 0.00
0.70 1.05 0.63 1.00 0.00
0.70 1.05 0.80 1.00 0.00
0.70 1.05 0.97 1.00 0.00
0.70 1.05 1.15 1.00 0.00
0.70 1.05 1.32 1.00 0.00
0.70 1.05 1.50 1.00 0.00
0.70 1.05 1.67 1.00 0.00
0.70 1.05 1.85 1.00 0.00
0.90 1.05 -1.08 1.00 0.00
0.90 1.05 -0.91 1.00 0.00
0.90 1.05 -0.73 1.00 0.00
0.90 1.05 -0.56 1.00 0.00
0.90 1.05 -0.38 1.00 0.00
0.90 1.05 -0.21 1.00 0.00
0.90 1.05 -0.03 1.00 0.00
0.90 1.05 0.14 1.00 0.00
0.90 1.05 0.31 1.00 0.00
0.90 1.05 0.49 1.00 0.00
0.90 1.05 0.66 1.00 0.00
0.90 1.05 0.84 1.00 0.00
0.90 1.05 1.01 1.00 0.00
0.90 1.05 1.19 1.00 0.00
0.90 1.05 1.36 1.00 0.00
0.90 1.05 1.54 1.00 0.00
0.90 1.05 1.71 1.00 0.00
0.90 1.05 1.89 1.00 0.00
1.10 1.05 -1.04 1.00 0.00
1.10 1.05 -0.87 1.00 0.00
1.10 1.05 -0.69 1.00 0.00
1.10 1.05 -0.52 1.00 0.00
1.10 1.05 -0.35 1.00 0.00
1.10 1.05 -0.17 1.00 0.00
1.10 1.05 0.00 1.00 0.00
1.10 1.05 0.18 1.00 0.00
1.10 1.05 0.35 1.00 0.00
1.10 1.05 0.53 1.00 0.00
1.10 1.05 0.70 1.00 0.00
1.10 1.05 0.88 1.00 0.00
1.10 1.05 1.05 1.00 0.00
1.10 1.05 1.23 1.00 0.00
1.10 1.05 1.40 1.00 0.00
1.10 1.05 1.57 1.00 0.00
1.10 1.05 1.75 1.00 0.00
1.10 1.05 1.92 1.00 0.00
0.30 1.22 -1.19 1.00 0.00
0.30 1.22 -1.02 1.00 0.00
0.30 1.22 -0.85 1.00 0.00
0.30 1.22 -0.67 1.00 0.00
0.30 1.22 -0.50 1.00 0.00
0.30 1.22 -0.32 1.00 0.00
0.30 1.22 -0.15 1.00 0.00
0.30 1.22 0.03 1.00 0.00
0.30 1.22 0.20 1.00 0.00
0.30 1.22 0.38 1.00 0.00
0.30 1.22 0.55 1.00 0.00
0.30 1.22 0.73 1.00 0.00
0.30 1.22 0.90 1.00 0.00
0.30 1.22 1.07 1.00 0.00
0.30 1.22 1.25 1.00 0.00
0.30 1.22 1.42 1.00 0.00
0.30 1.22 1.60 1.00 0.00
0.30 1.22 1.77 1.00 0.00
0.50 1.22 -1.16 1.00 0.00
0.50 1.22 -0.98 1.00 0.00
0.50 1.22 -0.81 1.00 0.00
0.50 1.22 -0.63 1.00 0.00
0.50 1.22 -0.46 1.00 0.00
0.50 1.22 -0.28 1.00 0.00
0.50 1.22 -0.11 1.00 0.00
0.50 1.22 0.06 1.00 0.00
0.50 1.22 0.24 1.00 0.00
0.50 1.22 0.41 1.00 0.00
0.50 1.22 0.59 1.00 0.00
0.50 1.22 0.76 1.00 0.00
0.50 1.22 0.94 1.00 0.00
0.50 1.22 1.11 1.00 0.00
0.50 1.22 1.29 1.00 0.00
0.50 1.22 1.46 1.00 0.00
0.50 1.22 1.64 1.00 0.00
0.50 1.22 1.81 1.00 0.00
0.70 1.22 -1.12 1.00 0.00
0.70 1.22 -0.95 1.00 0.00
0.70 1.22 -0.77 1.00 0.00
0.70 1.22 -0.60 1.00 0.00
0.70 1.22 -0.42 1.00 0.00
0.70 1.22 -0.25 1.00 0.00
0.70 1.22 -0.07 1.00 0.00
0.70 1.22 0.10 1.00 0.00
0.70 1.22 0.28 1.00 0.00
0.70 1.22 0.45 1.00 0.00
0.70 1.22 0.63 1.00 0.00
0.70 1.22 0.80 1.00 0.00
0.70 1.22 0.97 1.00 0.00
0.70 1.22 1.15 1.00 0.00
0.70 1.22 1.32 1.00 0.00
0.70 1.22 1.50 1.00 0.00
0.70 1.22 1.67 1.00 0.00
0.70 1.22 1.85 1.00 0.00
0.90 1.22 -1.08 1.00 0.00
0.90 1.22 -0.91 1.00 0.00
0.90 1.22 -0.73 1.00 0.00
0.90 1.22 -0.56 1.00 0.00
0.90 1.22 -0.38 1.00 0.00
0.90 1.22 -0.21 1.00 0.00
0.90 1.22 -0.04 1.00 0.00
0.90 1.22 0.14 1.00 0.00
0.90 1.22 0.31 1.00 0.00
0.90 1.22 0.49 1.00 0.00
0.90 1.22 0.66 1.00 0.00
0.90 1.22 0.84 1.00 0.00
0.90 1.22 1.01 1.00 0.00
0.90 1.22 1.19 1.00 0.00
0.90 1.22 1.36 1.00 0.00
0.90 1.22 1.53 1.00 0.00
0.90 1.22 1.71 1.00 0.00
0.90 1.22 1.88 1.00 0.00
1.10 1.22 -1.05 1.00 0.00
1.10 1.22 -0.87 1.00 0.00
1.10 1.22 -0.70 1.00 0.00
1.10 1.22 -0.52 1.00 0.00
1.10 1.22 -0.35 1.00 0.00
1.10 1.22 -0.17 1.00 0.00
1.10 1.22 0.00 1.00 0.00
1.10 1.22 0.18 1.00 0.00
1.10 1.22 0.35 1.00 0.00
1.10 1.22 0.52 1.00 0.00
1.10 1.22 0.70 1.00 0.00
1.10 1.22 0.87 1.00 0.00
1.10 1.22 1.05 1.00 0.00
1.10 1.22 1.22 1.00 0.00
1.10 1.22 1.40 1.00 0.00
1.10 1.22 1.57 1.00 0.00
1.10 1.22 1.75 1.00 0.00
1.10 1.22 1.92 1.00 0.00
0.30 1.40 -1.20 1.00 0.00
0.30 1.40 -1.02 1.00 0.00
0.30 1.40 -0.85 1.00 0.00
0.30 1.40 -0.67 1.00 0.00
0.30 1.40 -0.50 1.00 0.00
0.30 1.40 -0.32 1.00 0.00
0.30 1.40 -0.15 1.00 0.00
0.30 1.40 0.03 1.00 0.00
0.30 1.40 0.20 1.00 0.00
0.30 1.40 0.38 1.00 0.00
0.30 1.40 0.55 1.00 0.00
0.30 1.40 0.72 1.00 0.00
0.30 1.40 0.90 1.00 0.00
0.30 1.40 1.07 1.00 0.00
0.30 1.40 1.25 1.00 0.00
0.30 1.40 1.42 1.00 0.00
0.30 1.40 1.60 1.00 0.00
0.30 1.40 1.77 1.00 0.00
0.50 1.40 -1.16 1.00 0.00
0.50 1.40 -0.99 1.00 0.00
0.50 1.40 -0.81 1.00 0.00
0.50 1.40 -0.64 1.00 0.00
0.50 1.40 -0.46 1.00 0.00
0.50 1.40 -0.29 1.00 0.00
0.50 1.40 -0.11 1.00 0.00
0.50 1.40 0.06 1.00 0.00
0.50 1.40 0.24 1.00 0.00
0.50 1.40 0.41 1.00 0.00
0.50 1.40 0.59 1.00 0.00
0.50 1.40 0.76 1.00 0.00
0.50 1.40 0.93 1.00 0.00
0.50 1.40 1.11 1.00 0.00
0.50 1.40 1.28 1.00 0.00
0.50 1.40 1.46 1.00 0.00
0.50 1.40 1.63 1.00 0.00
0.50 1.40 1.81 1.00 0.00
0.70 1.40 -1.12 1.00 0.00
0.70 1.40 -0.95 1.00 0.00
0.70 1.40 -0.78 1.00 0.00
0.70 1.40 -0.60 1.00 0.00
0.70 1.40 -0.43 1.00 0.00
0.70 1.40 -0.25 1.00 0.00
0.70 1.40 -0.08 1.00 0.00
0.70 1.40 0.10 1.00 0.00
0.70 1.40 0.27 1.00 0.00
0.70 1.40 0.45 1.00 0.00
0.70 1.40 0.62 1.00 0.00
0.70 1.40 0.80 1.00 0.00
0.70 1.40 0.97 1.00 0.00
0.70 1.40 1.14 1.00 0.00
0.70 1.40 1.32 1.00 0.00
0.70 1.40 1.49 1.00 0.00
0.70 1.40 1.67 1.00 0.00
0.70 1.40 1.84 1.00 0.00
0.90 1.40 -1.09 1.00 0.00
0.90 1.40 -0.91 1.00 0.00
0.90 1.40 -0.74 1.00 0.00
0.90 1.40 -0.57 1.00 0.00
0.90 1.40 -0.39 1.00 0.00
0.90 1.40 -0.22 1.00 0.00
0.90 1.40 -0.04 1.00 0.00
0.90 1.40 0.13 1.00 0.00
0.90 1.40 0.31 1.00 0.00
0.90 1.40 0.48 1.00 0.00
0.90 1.40 0.66 1.00 0.00
0.90 1.40 0.83 1.00 0.00
0.90 1.40 1.00 1.00 0.00
0.90 1.40 1.18 1.00 0.00
0.90 1.40 1.35 1.00 0.00
0.90 1.40 1.53 1.00 0.00
0.90 1.40 1.70 1.00 0.00
0.90 1.40 1.88 1.00 0.00
1.10 1.40 -1.06 1.00 0.00
1.10 1.40 -0.88 1.00 0.00
1.10 1.40 -0.71 1.00 0.00
1.10 1.40 -0.53 1.00 0.00
1.10 1.40 -0.36 1.00 0.00
1.10 1.40 -0.18 1.00 0.00
1.10 1.40 -0.01 1.00 0.00
1.10 1.40 0.17 1.00 0.00
1.10 1.40 0.34 1.00 0.00
1.10 1.40 0.52 1.00 0.00
1.10 1.40 0.69 1.00 0.00
1.10 1.40 0.86 1.00 0.00
1.10 1.40 1.04 1.00 0.00
1.10 1.40 1.21 1.00 0.00
1.10 1.40 1.39 1.00 0.00
1.10 1.40 1.56 1.00 0.00
1.10 1.40 1.74 1.00 0.00
1.10 1.40 1.91 1.00 0.00
0.30 1.57 -1.20 1.00 0.00
0.30 1.57 -1.02 1.00 0.00
0.30 1.57 -0.85 1.00 0.00
0.30 1.57 -0.67 1.00 0.00
0.30 1.57 -0.50 1.00 0.00
0.30 1.57 -0.33 1.00 0.00
0.30 1.57 -0.15 1.00 0.00
0.30 1.57 0.02 1.00 0.00
0.30 1.57 0.20 1.00 0.00
0.30 1.57 0.37 1.00 0.00
0.30 1.57 0.55 1.00 0.00
0.30 1.57 0.72 1.00 0.00
0.30 1.57 0.90 1.00 0.00
0.30 1.57 1.07 1.00 0.00
0.30 1.57 1.25 1.00 0.00
0.30 1.57 1.42 1.00 0.00
0.30 1.57 1.59 1.00 0.00
0.30 1.57 1.77 1.00 0.00
0.50 1.57 -1.16 1.00 0.00
0.50 1.57 -0.99 1.00 0.00
0.50 1.57 -0.82 1.00 0.00
0.50 1.57 -0.64 1.00 0.00
0.50 1.57 -0.47 1.00 0.00
0.50 1.57 -0.29 1.00 0.00
0.50 1.57 -0.12 1.00 0.00
0.50 1.57 0.06 1.00 0.00
0.50 1.57 0.23 1.00 0.00
0.50 1.57 0.41 1.00 0.00
0.50 1.57 0.58 1.00 0.00
0.50 1.57 0.76 1.00 0.00
0.50 1.57 0.93 1.00 0.00
0.50 1.57 1.10 1.00 0.00
0.50 1.57 1.28 1.00 0.00
0.50 1.57 1.45 1.00 0.00
0.50 1.57 1.63 1.00 0.00
0.50 1.57 1.80 1.00 0.00
0.70 1.57 -1.13 1.00 0.00
0.70 1.57 -0.96 1.00 0.00
0.70 1.57 -0.78 1.00 0.00
0.70 1.57 -0.61 1.00 0.00
0.70 1.57 -0.43 1.00 0.00
0.70 1.57 -0.26 1.00 0.00
0.70 1.57 -0.08 1.00 0.00
0.70 1.57 0.09 1.00 0.00
0.70 1.57 0.26 1.00 0.00
0.70 1.57 0.44 1.00 0.00
0.70 1.57 0.61 1.00 0.00
0.70 1.57 0.79 1.00 0.00
0.70 1.57 0.96 1.00 0.00
0.70 1.57 1.14 1.00 0.00
0.70 1.57 1.31 1.00 0.00
0.70 1.57 1.49 1.00 0.00
0.70 1.57 1.66 1.00 0.00
0.70 1.57 1.84 1.00 0.00
0.90 1.57 -1.10 1.00 0.00
0.90 1.57 -0.93 1.00 0.00
0.90 1.57 -0.75 1.00 0.00
0.90 1.57 -0.58 1.00 0.00
0.90 1.57 -0.40 1.00 0.00
0.90 1.57 -0.23 1.00 0.00
0.90 1.57 -0.05 1.00 0.00
0.90 1.57 0.12 1.00 0.00
0.90 1.57 0.30 1.00 0.00
0.90 1.57 0.47 1.00 0.00
0.90 1.57 0.65 1.00 0.00
0.90 1.57 0.82 1.00 0.00
0.90 1.57 0.99 1.00 0.00
0.90 1.57 1.17 1.00 0.00
0.90 1.57 1.34 1.00 0.00
0.90 1.57 1.52 1.00 0.00
0.90 1.57 1.69 1.00 0.00
0.90 1.57 1.87 1.00 0.00
1.10 1.57 -1.07 1.00 0.00
1.10 1.57 -0.89 1.00 0.00
1.10 1.57 -0.72 1.00 0.00
1.10 1.57 -0.55 1.00 0.00
1.10 1.57 -0.37 1.00 0.00
1.10 1.57 -0.20 1.00 0.00
1.10 1.57 -0.02 1.00 0.00
1.10 1.57 0.15 1.00 0.00
1.10 1.57 0.33 1.00 0.00
1.10 1.57 0.50 1.00 0.00
1.10 1.57 0.68 1.00 0.00
1.10 1.57 0.85 1.00 0.00
1.10 1.57 1.03 1.00 0.00
1.10 1.57 1.20 1.00 0.00
1.10 1.57 1.37 1.00 0.00
1.10 1.57 1.55 1.00 0.00
1.10 1.57 1.72 1.00 0.00
1.10 1.57 1.90 1.00 0.00
0.30 1.75 -1.20 1.00 0.00
0.30 1.75 -1.03 1.00 0.00
0.30 1.75 -0.85 1.00 0.00
0.30 1.75 -0.68 1.00 0.00
0.30 1.75 -0.50 1.00 0.00
0.30 1.75 -0.33 1.00 0.00
0.30 1.75 -0.16 1.00 0.00
0.30 1.75 0.02 1.00 0.00
0.30 1.75 0.19 1.00 0.00
0.30 1.75 0.37 1.00 0.00
0.30 1.75 0.54 1.00 0.00
0.30 1.75 0.72 1.00 0.00
0.30 1.75 0.89 1.00 0.00
0.30 1.75 1.07 1.00 0.00
0.30 1.75 1.24 1.00 0.00
0.30 1.75 1.42 1.00 0.00
0.30 1.75 1.59 1.00 0.00
0.30 1.75 1.76 1.00 0.00
0.50 1.75 -1.17 1.00 0.00
0.50 1.75 -1.00 1.00 0.00
0.50 1.75 -0.82 1.00 0.00
0.50 1.75 -0.65 1.00 0.00
0.50 1.75 -0.47 1.00 0.00
0.50 1.75 -0.30 1.00 0.00
0.50 1.75 -0.12 1.00 0.00
0.50 1.75 0.05 1.00 0.00
0.50 1.75 0.22 1.00 0.00
0.50 1.75 0.40 1.00 0.00
0.50 1.75 0.57 1.00 0.00
0.50 1.75 0.75 1.00 0.00
0.50 1.75 0.92 1.00 0.00
0.50 1.75 1.10 1.00 0.00
0.50 1.75 1.27 1.00 0.00
0.50 1.75 1.45 1.00 0.00
0.50 1.75 1.62 1.00 0.00
0.50 1.75 1.80 1.00 0.00
0.70 1.75 -1.14 1.00 0.00
0.70 1.75 -0.97 1.00 0.00
0.70 1.75 -0.79 1.00 0.00
0.70 1.75 -0.62 1.00 0.00
0.70 1.75 -0.44 1.00 0.00
0.70 1.75 -0.27 1.00 0.00
0.70 1.75 -0.10 1.00 0.00
0.70 1.75 0.08 1.00 0.00
0.70 1.75 0.25 1.00 0.00
0.70 1.75 0.43 1.00 0.00
0.70 1.75 0.60 1.00 0.00
0.70 1.75 0.78 1.00 0.00
0.70 1.75 0.95 1.00 0.00
0.70 1.75 1.13 1.00 0.00
0.70 1.75 1.30 1.00 0.00
0.70 1.75 1.48 1.00 0.00
0.70 1.75 1.65 1.00 0.00
0.70 1.75 1.82 1.00 0.00
0.90 1.75 -1.11 1.00 0.00
0.90 1.75 -0.94 1.00 0.00
0.90 1.75 -0.77 1.00 0.00
0.90 1.75 -0.59 1.00 0.00
0.90 1.75 -0.42 1.00 0.00
0.90 1.75 -0.24 1.00 0.00
0.90 1.75 -0.07 1.00 0.00
0.90 1.75 0.11 1.00 0.00
0.90 1.75 0.28 1.00 0.00
0.90 1.75 0.46 1.00 0.00
0.90 1.75 0.63 1.00 0.00
0.90 1.75 0.81 1.00 0.00
0.90 1.75 0.98 1.00 0.00
0.90 1.75 1.15 1.00 0.00
0.90 1.75 1.33 1.00 0.00
0.90 1.75 1.50 1.00 0.00
0.90 1.75 1.68 1.00 0.00
0.90 1.75 1.85 1.00 0.00
1.10 1.75 -1.09 1.00 0.00
1.10 1.75 -0.91 1.00 0.00
1.10 1.75 -0.74 1.00 0.00
1.10 1.75 -0.56 1.00 0.00
1.10 1.75 -0.39 1.00 0.00
1.10 1.75 -0.21 1.00 0.00
1.10 1.75 -0.04 1.00 0.00
1.10 1.75 0.13 1.00 0.00
1.10 1.75 0.31 1.00 0.00
1.10 1.75 0.48 1.00 0.00
1.10 1.75 0.66 1.00 0.00
1.10 1.75 0.83 1.00 0.00
1.10 1.75 1.01 1.00 0.00
1.10 1.75 1.18 1.00 0.00
1.10 1.75 1.36 1.00 0.00
1.10 1.75 1.53 1.00 0.00
1.10 1.75 1.71 1.00 0.00
1.10 1.75 1.88 1.00 0.00
0.30 1.92 -1.21 1.00 0.00
0.30 1.92 -1.03 1.00 0.00
0.30 1.92 -0.86 1.00 0.00
0.30 1.92 -0.68 1.00 0.00
0.30 1.92 -0.51 1.00 0.00
0.30 1.92 -0.34 1.00 0.00
0.30 1.92 -0.16 1.00 0.00
0.30 1.92 0.01 1.00 0.00
0.30 1.92 0.19 1.00 0.00
0.30 1.92 0.36 1.00 0.00
0.30 1.92 0.54 1.00 0.00
0.30 1.92 0.71 1.00 0.00
0.30 1.92 0.89 1.00 0.00
0.30 1.92 1.06 1.00 0.00
0.30 1.92 1.24 1.00 0.00
0.30 1.92 1.41 1.00 0.00
0.30 1.92 1.58 1.00 0.00
0.30 1.92 1.76 1.00 0.00
0.50 1.92 -1.18 1.00 0.00
0.50 1.92 -1.01 1.00 0.00
0.50 1.92 -0.83 1.00 0.00
0.50 1.92 -0.66 1.00 0.00
0.50 1.92 -0.48 1.00 0.00
0.50 1.92 -0.31 1.00 0.00
0.50 1.92 -0.13 1.00 0.00
0.50 1.92 0.04 1.00 0.00
0.50 1.92 0.21 1.00 0.00
0.50 1.92 0.39 1.00 0.00
0.50 1.92 0.56 1.00 0.00
0.50 1.92 0.74 1.00 0.00
0.50 1.92 0.91 1.00 0.00
0.50 1.92 1.09 1.00 0.00
0.50 1.92 1.26 1.00 0.00
0.50 1.92 1.44 1.00 0.00
0.50 1.92 1.61 1.00 0.00
0.50 1.92 1.79 1.00 0.00
0.70 1.92 -1.16 1.00 0.00
0.70 1.92 -0.98 1.00 0.00
0.70 1.92 -0.81 1.00 0.00
0.70 1.92 -0.63 1.00 0.00
0.70 1.92 -0.46 1.00 0.00
0.70 1.92 -0.28 1.00 0.00
0.70 1.92 -0.11 1.00 0.00
0.70 1.92 0.07 1.00 0.00
0.70 1.92 0.24 1.00 0.00
0.70 1.92 0.41 1.00 0.00
0.70 1.92 0.59 1.00 0.00
0.70 1.92 0.76 1.00 0.00
0.70 1.92 0.94 1.00 0.00
0.70 1.92 1.11 1.00 0.00
0.70 1.92 1.29 1.00 0.00
0.70 1.92 1.46 1.00 0.00
0.70 1.92 1.64 1.00 0.00
0.70 1.92 1.81 1.00 0.00
0.90 1.92 -1.13 1.00 0.00
0.90 1.92 -0.96 1.00 0.00
0.90 1.92 -0.78 1.00 0.00
0.90 1.92 -0.61 1.00 0.00
0.90 1.92 -0.43 1.00 0.00
0.90 1.92 -0.26 1.00 0.00
0.90 1.92 -0.08 1.00 0.00
0.90 1.92 0.09 1.00 0.00
0.90 1.92 0.26 1.00 0.00
0.90 1.92 0.44 1.00 0.00
0.90 1.92 0.61 1.00 0.00
0.90 1.92 0.79 1.00 0.00
0.90 1.92 0.96 1.00 0.00
0.90 1.92 1.14 1.00 0.00
0.90 1.92 1.31 1.00 0.00
0.90 1.92 1.49 1.00 0.00
0.90 1.92 1.66 1.00 0.00
0.90 1.92 1.84 1.00 0.00
1.10 1.92 -1.11 1.00 0.00
1.10 1.92 -0.93 1.00 0.00
1.10 1.92 -0.76 1.00 0.00
1.10 1.92 -0.58 1.00 0.00
1.10 1.92 -0.41 1.00 0.00
1.10 1.92 -0.24 1.00 0.00
1.10 1.92 -0.06 1.00 0.00
1.10 1.92 0.11 1.00 0.00
1.10 1.92 0.29 1.00 0.00
1.10 1.92 0.46 1.00 0.00
1.10 1.92 0.64 1.00 0.00
1.10 1.92 0.81 1.00 0.00
1.10 1.92 0.99 1.00 0.00
1.10 1.92 1.16 1.00 0.00
1.10 1.92 1.33 1.00 0.00
1.10 1.92 1.51 1.00 0.00
1.10 1.92 1.68 1.00 0.00
1.10 1.92 1.86 1.00 0.00
0.30 2.09 -1.21 1.00 0.00
0.30 2.09 -1.04 1.00 0.00
0.30 2.09 -0.87 1.00 0.00
0.30 2.09 -0.69 1.00 0.00
0.30 2.09 -0.52 1.00 0.00
0.30 2.09 -0.34 1.00 0.00
0.30 2.09 -0.17 1.00 0.00
0.30 2.09 0.01 1.00 0.00
0.30 2.09 0.18 1.00 0.00
0.30 2.09 0.36 1.00 0.00
0.30 2.09 0.53 1.00 0.00
0.30 2.09 0.71 1.00 0.00
0.30 2.09 0.88 1.00 0.00
0.30 2.09 1.05 1.00 0.00
0.30 2.09 1.23 1.00 0.00
0.30 2.09 1.40 1.00 0.00
0.30 2.09 1.58 1.00 0.00
0.30 2.09 1.75 1.00 0.00
0.50 2.09 -1.19 1.00 0.00
0.50 2.09 -1.02 1.00 0.00
0.50 2.09 -0.84 1.00 0.00
0.50 2.09 -0.67 1.00 0.00
0.50 2.09 -0.49 1.00 0.00
0.50 2.09 -0.32 1.00 0.00
0.50 2.09 -0.15 1.00 0.00
0.50 2.09 0.03 1.00 0.00
0.50 2.09 0.20 1.00 0.00
0.50 2.09 0.38 1.00 0.00
0.50 2.09 0.55 1.00 0.00
0.50 2.09 0.73 1.00 0.00
0.50 2.09 0.90 1.00 0.00
0.50 2.09 1.08 1.00 0.00
0.50 2.09 1.25 1.00 0.00
0.50 2.09 1.43 1.00 0.00
0.50 2.09 1.60 1.00 0.00
0.50 2.09 1.77 1.00 0.00
0.70 2.09 -1.17 1.00 0.00
0.70 2.09 -1.00 1.00 0.00
0.70 2.09 -0.82 1.00 0.00
0.70 2.09 -0.65 1.00 0.00
0.70 2.09 -0.47 1.00 0.00
0.70 2.09 -0.30 1.00 0.00
0.70 2.09 -0.12 1.00 0.00
0.70 2.09 0.05 1.00 0.00
0.70 2.09 0.22 1.00 0.00
0.70 2.09 0.40 1.00 0.00
0.70 2.09 0.57 1.00 0.00
0.70 2.09 0.75 1.00 0.00
0.70 2.09 0.92 1.00 0.00
0.70 2.09 1.10 1.00 0.00
0.70 2.09 1.27 1.00 0.00
0.70 2.09 1.45 1.00 0.00
0.70 2.09 1.62 1.00 0.00
0.70 2.09 1.80 1.00 0.00
0.90 2.09 -1.15 1.00 0.00
0.90 2.09 -0.98 1.00 0.00
0.90 2.09 -0.80 1.00 0.00
0.90 2.09 -0.63 1.00 0.00
0.90 2.09 -0.45 1.00 0.00
0.90 2.09 -0.28 1.00 0.00
0.90 2.09 -0.10 1.00 0.00
0.90 2.09 0.07 1.00 0.00
0.90 2.09 0.24 1.00 0.00
0.90 2.09 0.42 1.00 0.00
0.90 2.09 0.59 1.00 0.00
0.90 2.09 0.77 1.00 0.00
0.90 2.09 0.94 1.00 0.00
0.90 2.09 1.12 1.00 0.00
0.90 2.09 1.29 1.00 0.00
0.90 2.09 1.47 1.00 0.00
0.90 2.09 1.64 1.00 0.00
0.90 2.09 1.82 1.00 0.00
1.10 2.09 -1.13 1.00 0.00
1.10 2.09 -0.96 1.00 0.00
1.10 2.09 -0.78 1.00 0.00
1.10 2.09 -0.61 1.00 0.00
1.10 2.09 -0.43 1.00 0.00
1.10 2.09 -0.26 1.00 0.00
1.10 2.09 -0.09 1.00 0.00
1.10 2.09 0.09 1.00 0.00
1.10 2.09 0.26 1.00 0.00
1.10 2.09 0.44 1.00 0.00
1.10 2.09 0.61 1.00 0.00
1.10 2.09 0.79 1.00 0.00
1.10 2.09 0.96 1.00 0.00
1.10 2.09 1.14 1.00 0.00
1.10 2.09 1.31 1.00 0.00
1.10 2.09 1.49 1.00 0.00
1.10 2.09 1.66 1.00 0.00
1.10 2.09 1.83 1.00 0.00
0.30 2.27 -1.22 1.00 0.00
0.30 2.27 -1.05 1.00 0.00
0.30 2.27 -0.87 1.00 0.00
0.30 2.27 -0.70 1.00 0.00
0.30 2.27 -0.52 1.00 0.00
0.30 2.27 -0.35 1.00 0.00
0.30 2.27 -0.18 1.00 0.00
0.30 2.27 -0.00 1.00 0.00
0.30 2.27 0.17 1.00 0.00
0.30 2.27 0.35 1.00 0.00
0.30 2.27 0.52 1.00 0.00
0.30 2.27 0.70 1.00 0.00
0.30 2.27 0.87 1.00 0.00
0.30 2.27 1.05 1.00 0.00
0.30 2.27 1.22 1.00 0.00
0.30 2.27 1.40 1.00 0.00
0.30 2.27 1.57 1.00 0.00
0.30 2.27 1.74 1.00 0.00
0.50 2.27 -1.21 1.00 0.00
0.50 2.27 -1.03 1.00 0.00
0.50 2.27 -0.86 1.00 0.00
0.50 2.27 -0.68 1.00 0.00
0.50 2.27 -0.51 1.00 0.00
0.50 2.27 -0.33 1.00 0.00
0.50 2.27 -0.16 1.00 0.00
0.50 2.27 0.02 1.00 0.00
0.50 2.27 0.19 1.00 0.00
0.50 2.27 0.37 1.00 0.00
0.50 2.27 0.54 1.00 0.00
0.50 2.27 0.71 1.00 0.00
0.50 2.27 0.89 1.00 0.00
0.50 2.27 1.06 1.00 0.00
0.50 2.27 1.24 1.00 0.00
0.50 2.27 1.41 1.00 0.00
0.50 2.27 1.59 1.00 0.00
0.50 2.27 1.76 1.00 0.00
0.70 2.27 -1.19 1.00 0.00
0.70 2.27 -1.01 1.00 0.00
0.70 2.27 -0.84 1.00 0.00
0.70 2.27 -0.67 1.00 0.00
0.70 2.27 -0.49 1.00 0.00
0.70 2.27 -0.32 1.00 0.00
0.70 2.27 -0.14 1.00 0.00
0.70 2.27 0.03 1.00 0.00
0.70 2.27 0.21 1.00 0.00
0.70 2.27 0.38 1.00 0.00
0.70 2.27 0.56 1.00 0.00
0.70 2.27 0.73 1.00 0.00
0.70 2.27 0.91 1.00 0.00
0.70 2.27 1.08 1.00 0.00
0.70 2.27 1.25 1.00 0.00
0.70 2.27 1.43 1.00 0.00
0.70 2.27 1.60 1.00 0.00
0.70 2.27 1.78 1.00 0.00
0.90 2.27 -1.17 1.00 0.00
0.90 2.27 -1.00 1.00 0.00
0.90 2.27 -0.82 1.00 0.00
0.90 2.27 -0.65 1.00 0.00
0.90 2.27 -0.48 1.00 0.00
0.90 2.27 -0.30 1.00 0.00
0.90 2.27 -0.13 1.00 0.00
0.90 2.27 0.05 1.00 0.00
0.90 2.27 0.22 1.00 0.00
0.90 2.27 0.40 1.00 0.00
0.90 2.27 0.57 1.00 0.00
0.90 2.27 0.75 1.00 0.00
0.90 2.27 0.92 1.00 0.00
0.90 2.27 1.10 1.00 0.00
0.90 2.27 1.27 1.00 0.00
0.90 2.27 1.44 1.00 0.00
0.90 2.27 1.62 1.00 0.00
0.90 2.27 1.79 1.00 0.00
1.10 2.27 -1.16 1.00 0.00
1.10 2.27 -0.98 1.00 0.00
1.10 2.27 -0.81 1.00 0.00
1.10 2.27 -0.64 1.00 0.00
1.10 2.27 -0.46 1.00 0.00
1.10 2.27 -0.29 1.00 0.00
1.10 2.27 -0.11 1.00 0.00
1.10 2.27 0.06 1.00 0.00
1.10 2.27 0.24 1.00 0.00
1.10 2.27 0.41 1.00 0.00
1.10 2.27 0.59 1.00 0.00
1.10 2.27 0.76 1.00 0.00
1.10 2.27 0.94 1.00 0.00
1.10 2.27 1.11 1.00 0.00
1.10 2.27 1.28 1.00 0.00
1.10 2.27 1.46 1.00 0.00
1.10 2.27 1.63 1.00 0.00
1.10 2.27 1.81 1.00 0.00
0.30 2.44 -1.23 1.00 0.00
0.30 2.44 -1.06 1.00 0.00
0.30 2.44 -0.88 1.00 0.00
0.30 2.44 -0.71 1.00 0.00
0.30 2.44 -0.53 1.00 0.00
0.30 2.44 -0.36 1.00 0.00
0.30 2.44 -0.18 1.00 0.00
0.30 2.44 -0.01 1.00 0.00
0.30 2.44 0.17 1.00 0.00
0.30 2.44 0.34 1.00 0.00
0.30 2.44 0.51 1.00 0.00
0.30 2.44 0.69 1.00 0.00
0.30 2.44 0.86 1.00 0.00
0.30 2.44 1.04 1.00 0.00
0.30 2.44 1.21 1.00 0.00
0.30 2.44 1.39 1.00 0.00
0.30 2.44 1.56 1.00 0.00
0.30 2.44 1.74 1.00 0.00
0.50 2.44 -1.22 1.00 0.00
0.50 2.44 -1.04 1.00 0.00
0.50 2.44 -0.87 1.00 0.00
0.50 2.44 -0.70 1.00 0.00
0.50 2.44 -0.52 1.00 0.00
0.50 2.44 -0.35 1.00 0.00
0.50 2.44 -0.17 1.00 0.00
0.50 2.44 0.00 1.00 0.00
0.50 2.44 0.18 1.00 0.00
0.50 2.44 0.35 1.00 0.00
0.50 2.44 0.53 1.00 0.00
0.50 2.44 0.70 1.00 0.00
0.50 2.44 0.88 1.00 0.00
0.50 2.44 1.05 1.00 0.00
0.50 2.44 1.22 1.00 0.00
0.50 2.44 1.40 1.00 0.00
0.50 2.44 1.57 1.00 0.00
0.50 2.44 1.75 1.00 0.00
0.70 2.44 -1.21 1.00 0.00
0.70 2.44 -1.03 1.00 0.00
0.70 2.44 -0.86 1.00 0.00
0.70 2.44 -0.68 1.00 0.00
0.70 2.44 -0.51 1.00 0.00
0.70 2.44 -0.33 1.00 0.00
0.70 2.44 -0.16 1.00 0.00
0.70 2.44 0.01 1.00 0.00
0.70 2.44 0.19 1.00 0.00
0.70 2.44 0.36 1.00 0.00
0.70 2.44 0.54 1.00 0.00
0.70 2.44 0.71 1.00 0.00
0.70 2.44 0.89 1.00 0.00
0.70 2.44 1.06 1.00 0.00
0.70 2.44 1.24 1.00 0.00
0.70 2.44 1.41 1.00 0.00
0.70 2.44 1.58 1.00 0.00
0.70 2.44 1.76 1.00 0.00
0.90 2.44 -1.20 1.00 0.00
0.90 2.44 -1.02 1.00 0.00
0.90 2.44 -0.85 1.00 0.00
0.90 2.44 -0.67 1.00 0.00
0.90 2.44 -0.50 1.00 0.00
0.90 2.44 -0.32 1.00 0.00
0.90 2.44 -0.15 1.00 0.00
0.90 2.44 0.02 1.00 0.00
0.90 2.44 0.20 1.00 0.00
0.90 2.44 0.37 1.00 0.00
0.90 2.44 0.55 1.00 0.00
0.90 2.44 0.72 1.00 0.00
0.90 2.44 0.90 1.00 0.00
0.90 2.44 1.07 1.00 0.00
0.90 2.44 1.25 1.00 0.00
0.90 2.44 1.42 1.00 0.00
0.90 2.44 1.60 1.00 0.00
0.90 2.44 1.77 1.00 0.00
1.10 2.44 -1.19 1.00 0.00
1.10 2.44 -1.01 1.00 0.00
1.10 2.44 -0.84 1.00 0.00
1.10 2.44 -0.66 1.00 0.00
1.10 2.44 -0.49 1.00 0.00
1.10 2.44 -0.31 1.00 0.00
1.10 2.44 -0.14 1.00 0.00
1.10 2.44 0.03 1.00 0.00
1.10 2.44 0.21 1.00 0.00
1.10 2.44 0.38 1.00 0.00
1.10 2.44 0.56 1.00 0.00
1.10 2.44 0.73 1.00 0.00
1.10 2.44 0.91 1.00 0.00
1.10 2.44 1.08 1.00 0.00
1.10 2.44 1.26 1.00 0.00
1.10 2.44 1.43 1.00 0.00
1.10 2.44 1.61 1.00 0.00
1.10 2.44 1.78 1.00 0.00
0.30 2.62 -1.24 1.00 0.00
0.30 2.62 -1.07 1.00 0.00
0.30 2.62 -0.89 1.00 0.00
0.30 2.62 -0.72 1.00 0.00
0.30 2.62 -0.54 1.00 0.00
0.30 2.62 -0.37 1.00 0.00
0.30 2.62 -0.19 1.00 0.00
0.30 2.62 -0.02 1.00 0.00
0.30 2.62 0.16 1.00 0.00
0.30 2.62 0.33 1.00 0.00
0.30 2.62 0.51 1.00 0.00
0.30 2.62 0.68 1.00 0.00
0.30 2.62 0.85 1.00 0.00
0.30 2.62 1.03 1.00 0.00
0.30 2.62 1.20 1.00 0.00
0.30 2.62 1.38 1.00 0.00
0.30 2.62 1.55 1.00 0.00
0.30 2.62 1.73 1.00 0.00
0.50 2.62 -1.23 1.00 0.00
0.50 2.62 -1.06 1.00 0.00
0.50 2.62 -0.88 1.00 0.00
0.50 2.62 -0.71 1.00 0.00
0.50 2.62 -0.54 1.00 0.00
0.50 2.62 -0.36 1.00 0.00
0.50 2.62 -0.19 1.00 0.00
0.50 2.62 -0.01 1.00 0.00
0.50 2.62 0.16 1.00 0.00
0.50 2.62 0.34 1.00 0.00
0.50 2.62 0.51 1.00 0.00
0.50 2.62 0.69 1.00 0.00
0.50 2.62 0.86 1.00 0.00
0.50 2.62 1.04 1.00 0.00
0.50 2.62 1.21 1.00 0.00
0.50 2.62 1.38 1.00 0.00
0.50 2.62 1.56 1.00 0.00
0.50 2.62 1.73 1.00 0.00
0.70 2.62 -1.23 1.00 0.00
0.70 2.62 -1.05 1.00 0.00
0.70 2.62 -0.88 1.00 0.00
0.70 2.62 -0.70 1.00 0.00
0.70 2.62 -0.53 1.00 0.00
0.70 2.62 -0.35 1.00 0.00
0.70 2.62 -0.18 1.00 0.00
0.70 2.62 -0.01 1.00 0.00
0.70 2.62 0.17 1.00 0.00
0.70 2.62 0.34 1.00 0.00
0.70 2.62 0.52 1.00 0.00
0.70 2.62 0.69 1.00 0.00
0.70 2.62 0.87 1.00 0.00
0.70 2.62 1.04 1.00 0.00
0.70 2.62 1.22 1.00 0.00
0.70 2.62 1.39 1.00 0.00
0.70 2.62 1.57 1.00 0.00
0.70 2.62 1.74 1.00 0.00
0.90 2.62 -1.22 1.00 0.00
0.90 2.62 -1.05 1.00 0.00
0.90 2.62 -0.87 1.00 0.00
0.90 2.62 -0.70 1.00 0.00
0.90 2.62 -0.52 1.00 0.00
0.90 2.62 -0.35 1.00 0.00
0.90 2.62 -0.17 1.00 0.00
0.90 2.62 0.00 1.00 0.00
0.90 2.62 0.17 1.00 0.00
0.90 2.62 0.35 1.00 0.00
0.90 2.62 0.52 1.00 0.00
0.90 2.62 0.70 1.00 0.00
0.90 2.62 0.87 1.00 0.00
0.90 2.62 1.05 1.00 0.00
0.90 2.62 1.22 1.00 0.00
0.90 2.62 1.40 1.00 0.00
0.90 2.62 1.57 1.00 0.00
0.90 2.62 1.75 1.00 0.00
1.10 2.62 -1.22 1.00 0.00
1.10 2.62 -1.04 1.00 0.00
1.10 2.62 -0.87 1.00 0.00
1.10 2.62 -0.69 1.00 0.00
1.10 2.62 -0.52 1.00 0.00
1.10 2.62 -0.34 1.00 0.00
1.10 2.62 -0.17 1.00 0.00
1.10 2.62 0.01 1.00 0.00
1.10 2.62 0.18 1.00 0.00
1.10 2.62 0.35 1.00 0.00
1.10 2.62 0.53 1.00 0.00
1.10 2.62 0.70 1.00 0.00
1.10 2.62 0.88 1.00 0.00
1.10 2.62 1.05 1.00 0.00
1.10 2.62 1.23 1.00 0.00
1.10 2.62 1.40 1.00 0.00
1.10 2.62 1.58 1.00 0.00
1.10 2.62 1.75 1.00 0.00
0.30 2.79 -1.25 1.00 0.00
0.30 2.79 -1.07 1.00 0.00
0.30 2.79 -0.90 1.00 0.00
0.30 2.79 -0.73 1.00 0.00
0.30 2.79 -0.55 1.00 0.00
0.30 2.79 -0.38 1.00 0.00
0.30 2.79 -0.20 1.00 0.00
0.30 2.79 -0.03 1.00 0.00
0.30 2.79 0.15 1.00 0.00
0.30 2.79 0.32 1.00 0.00
0.30 2.79 0.50 1.00 0.00
0.30 2.79 0.67 1.00 0.00
0.30 2.79 0.85 1.00 0.00
0.30 2.79 1.02 1.00 0.00
0.30 2.79 1.19 1.00 0.00
0.30 2.79 1.37 1.00 0.00
0.30 2.79 1.54 1.00 0.00
0.30 2.79 1.72 1.00 0.00
0.50 2.79 -1.25 1.00 0.00
0.50 2.79 -1.07 1.00 0.00
0.50 2.79 -0.90 1.00 0.00
0.50 2.79 -0.72 1.00 0.00
0.50 2.79 -0.55 1.00 0.00
0.50 2.79 -0.38 1.00 0.00
0.50 2.79 -0.20 1.00 0.00
0.50 2.79 -0.03 1.00 0.00
0.50 2.79 0.15 1.00 0.00
0.50 2.79 0.32 1.00 0.00
0.50 2.79 0.50 1.00 0.00
0.50 2.79 0.67 1.00 0.00
0.50 2.79 0.85 1.00 0.00
0.50 2.79 1.02 1.00 0.00
0.50 2.79 1.20 1.00 0.00
0.50 2.79 1.37 1.00 0.00
0.50 2.79 1.54 1.00 0.00
0.50 2.79 1.72 1.00 0.00
0.70 2.79 -1.25 1.00 0.00
0.70 2.79 -1.07 1.00 0.00
0.70 2.79 -0.90 1.00 0.00
0.70 2.79 -0.72 1.00 0.00
0.70 2.79 -0.55 1.00 0.00
0.70 2.79 -0.37 1.00 0.00
0.70 2.79 -0.20 1.00 0.00
0.70 2.79 -0.03 1.00 0.00
0.70 2.79 0.15 1.00 0.00
0.70 2.79 0.32 1.00 0.00
0.70 2.79 0.50 1.00 0.00
0.70 2.79 0.67 1.00 0.00
0.70 2.79 0.85 1.00 0.00
0.70 2.79 1.02 1.00 0.00
0.70 2.79 1.20 1.00 0.00
0.70 2.79 1.37 1.00 0.00
0.70 2.79 1.55 1.00 0.00
0.70 2.79 1.72 1.00 0.00
0.90 2.79 -1.25 1.00 0.00
0.90 2.79 -1.07 1.00 0.00
0.90 2.79 -0.90 1.00 0.00
0.90 2.79 -0.72 1.00 0.00
0.90 2.79 -0.55 1.00 0.00
0.90 2.79 -0.37 1.00 0.00
0.90 2.79 -0.20 1.00 0.00
0.90 2.79 -0.02 1.00 0.00
0.90 2.79 0.15 1.00 0.00
0.90 2.79 0.32 1.00 0.00
0.90 2.79 0.50 1.00 0.00
0.90 2.79 0.67 1.00 0.00
0.90 2.79 0.85 1.00 0.00
0.90 2.79 1.02 1.00 0.00
0.90 2.79 1.20 1.00 0.00
0.90 2.79 1.37 1.00 0.00
0.90 2.79 1.55 1.00 0.00
0.90 2.79 1.72 1.00 0.00
1.10 2.79 -1.25 1.00 0.00
1.10 2.79 -1.07 1.00 0.00
1.10 2.79 -0.90 1.00 0.00
1.10 2.79 -0.72 1.00 0.00
1.10 2.79 -0.55 1.00 0.00
1.10 2.79 -0.37 1.00 0.00
1.10 2.79 -0.20 1.00 0.00
1.10 2.79 -0.02 1.00 0.00
1.10 2.79 0.15 1.00 0.00
1.10 2.79 0.33 1.00 0.00
1.10 2.79 0.50 1.00 0.00
1.10 2.79 0.67 1.00 0.00
1.10 2.79 0.85 1.00 0.00
1.10 2.79 1.02 1.00 0.00
1.10 2.79 1.20 1.00 0.00
1.10 2.79 1.37 1.00 0.00
1.10 2.79 1.55 1.00 0.00
1.10 2.79 1.72 1.00 0.00
0.30 2.97 -1.26 1.00 0.00
0.30 2.97 -1.08 1.00 0.00
0.30 2.97 -0.91 1.00 0.00
0.30 2.97 -0.73 1.00 0.00
0.30 2.97 -0.56 1.00 0.00
0.30 2.97 -0.39 1.00 0.00
0.30 2.97 -0.21 1.00 0.00
0.30 2.97 -0.04 1.00 0.00
0.30 2.97 0.14 1.00 0.00
0.30 2.97 0.31 1.00 0.00
0.30 2.97 0.49 1.00 0.00
0.30 2.97 0.66 1.00 0.00
0.30 2.97 0.84 1.00 0.00
0.30 2.97 1.01 1.00 0.00
0.30 2.97 1.19 1.00 0.00
0.30 2.97 1.36 1.00 0.00
0.30 2.97 1.53 1.00 0.00
0.30 2.97 1.71 1.00 0.00
0.50 2.97 -1.26 1.00 0.00
0.50 2.97 -1.09 1.00 0.00
0.50 2.97 -0.91 1.00 0.00
0.50 2.97 -0.74 1.00 0.00
0.50 2.97 -0.56 1.00 0.00
0.50 2.97 -0.39 1.00 0.00
0.50 2.97 -0.22 1.00 0.00
0.50 2.97 -0.04 1.00 0.00
0.50 2.97 0.13 1.00 0.00
0.50 2.97 0.31 1.00 0.00
0.50 2.97 0.48 1.00 0.00
0.50 2.97 0.66 1.00 0.00
0.50 2.97 0.83 1.00 0.00
0.50 2.97 1.01 1.00 0.00
0.50 2.97 1.18 1.00 0.00
0.50 2.97 1.35 1.00 0.00
0.50 2.97 1.53 1.00 0.00
0.50 2.97 1.70 1.00 0.00
0.70 2.97 -1.27 1.00 0.00
0.70 2.97 -1.09 1.00 0.00
0.70 2.97 -0.92 1.00 0.00
0.70 2.97 -0.74 1.00 0.00
0.70 2.97 -0.57 1.00 0.00
0.70 2.97 -0.39 1.00 0.00
0.70 2.97 -0.22 1.00 0.00
0.70 2.97 -0.05 1.00 0.00
0.70 2.97 0.13 1.00 0.00
0.70 2.97 0.30 1.00 0.00
0.70 2.97 0.48 1.00 0.00
0.70 2.97 0.65 1.00 0.00
0.70 2.97 0.83 1.00 0.00
0.70 2.97 1.00 1.00 0.00
0.70 2.97 1.18 1.00 0.00
0.70 2.97 1.35 1.00 0.00
0.70 2.97 1.53 1.00 0.00
0.70 2.97 1.70 1.00 0.00
0.90 2.97 -1.27 1.00 0.00
0.90 2.97 -1.10 1.00 0.00
0.90 2.97 -0.92 1.00 0.00
0.90 2.97 -0.75 1.00 0.00
0.90 2.97 -0.57 1.00 0.00
0.90 2.97 -0.40 1.00 0.00
0.90 2.97 -0.22 1.00 0.00
0.90 2.97 -0.05 1.00 0.00
0.90 2.97 0.12 1.00 0.00
0.90 2.97 0.30 1.00 0.00
0.90 2.97 0.47 1.00 0.00
0.90 2.97 0.65 1.00 0.00
0.90 2.97 0.82 1.00 0.00
0.90 2.97 1.00 1.00 0.00
0.90 2.97 1.17 1.00 0.00
0.90 2.97 1.35 1.00 0.00
0.90 2.97 1.52 1.00 0.00
0.90 2.97 1.70 1.00 0.00
1.10 2.97 -1.28 1.00 0.00
1.10 2.97 -1.10 1.00 0.00
1.10 2.97 -0.93 1.00 0.00
1.10 2.97 -0.75 1.00 0.00
1.10 2.97 -0.58 1.00 0.00
1.10 2.97 -0.40 1.00 0.00
1.10 2.97 -0.23 1.00 0.00
1.10 2.97 -0.05 1.00 0.00
1.10 2.97 0.12 1.00 0.00
1.10 2.97 0.30 1.00 0.00
1.10 2.97 0.47 1.00 0.00
1.10 2.97 0.64 1.00 0.00
1.10 2.97 0.82 1.00 0.00
1.10 2.97 0.99 1.00 0.00
1.10 2.97 1.17 1.00 0.00
1.10 2.97 1.34 1.00 0.00
1.10 2.97 1.52 1.00 0.00
1.10 2.97 1.69 1.00 0.00
0.30 3.14 -1.27 1.00 0.00
0.30 3.14 -1.09 1.00 0.00
0.30 3.14 -0.92 1.00 0.00
0.30 3.14 -0.74 1.00 0.00
0.30 3.14 -0.57 1.00 0.00
0.30 3.14 -0.39 1.00 0.00
0.30 3.14 -0.22 1.00 0.00
0.30 3.14 -0.05 1.00 0.00
0.30 3.14 0.13 1.00 0.00
0.30 3.14 0.30 1.00 0.00
0.30 3.14 0.48 1.00 0.00
0.30 3.14 0.65 1.00 0.00
0.30 3.14 0.83 1.00 0.00
0.30 3.14 1.00 1.00 0.00
0.30 3.14 1.18 1.00 0.00
0.30 3.14 1.35 1.00 0.00
0.30 3.14 1.53 1.00 0.00
0.30 3.14 1.70 1.00 0.00
0.50 3.14 -1.28 1.00 0.00
0.50 3.14 -1.10 1.00 0.00
0.50 3.14 -0.93 1.00 0.00
0.50 3.14 -0.75 1.00 0.00
0.50 3.14 -0.58 1.00 0.00
0.50 3.14 -0.40 1.00 0.00
0.50 3.14 -0.23 1.00 0.00
0.50 3.14 -0.06 1.00 0.00
0.50 3.14 0.12 1.00 0.00
0.50 3.14 0.29 1.00 0.00
0.50 3.14 0.47 1.00 0.00
0.50 3.14 0.64 1.00 0.00
0.50 3.14 0.82 1.00 0.00
0.50 3.14 0.99 1.00 0.00
0.50 3.14 1.17 1.00 0.00
0.50 3.14 1.34 1.00 0.00
0.50 3.14 1.51 1.00 0.00
0.50 3.14 1.69 1.00 0.00
0.70 3.14 -1.29 1.00 0.00
0.70 3.14 -1.11 1.00 0.00
0.70 3.14 -0.94 1.00 0.00
0.70 3.14 -0.76 1.00 0.00
0.70 3.14 -0.59 1.00 0.00
0.70 3.14 -0.41 1.00 0.00
0.70 3.14 -0.24 1.00 0.00
0.70 3.14 -0.07 1.00 0.00
0.70 3.14 0.11 1.00 0.00
0.70 3.14 0.28 1.00 0.00
0.70 3.14 0.46 1.00 0.00
0.70 3.14 0.63 1.00 0.00
0.70 3.14 0.81 1.00 0.00
0.70 3.14 0.98 1.00 0.00
0.70 3.14 1.16 1.00 0.00
0.70 3.14 1.33 1.00 0.00
0.70 3.14 1.51 1.00 0.00
0.70 3.14 1.68 1.00 0.00
0.90 3.14 -1.30 1.00 0.00
0.90 3.14 -1.12 1.00 0.00
0.90 3.14 -0.95 1.00 0.00
0.90 3.14 -0.77 1.00 0.00
0.90 3.14 -0.60 1.00 0.00
0.90 3.14 -0.42 1.00 0.00
0.90 3.14 -0.25 1.00 0.00
0.90 3.14 -0.07 1.00 0.00
0.90 3.14 0.10 1.00 0.00
0.90 3.14 0.27 1.00 0.00
0.90 3.14 0.45 1.00 0.00
0.90 3.14 0.62 1.00 0.00
0.90 3.14 0.80 1.00 0.00
0.90 3.14 0.97 1.00 0.00
0.90 3.14 1.15 1.00 0.00
0.90 3.14 1.32 1.00 0.00
0.90 3.14 1.50 1.00 0.00
0.90 3.14 1.67 1.00 0.00
1.10 3.14 -1.30 1.00 0.00
1.10 3.14 -1.13 1.00 0.00
1.10 3.14 -0.96 1.00 0.00
1.10 3.14 -0.78 1.00 0.00
1.10 3.14 -0.61 1.00 0.00
1.10 3.14 -0.43 1.00 0.00
1.10 3.14 -0.26 1.00 0.00
1.10 3.14 -0.08 1.00 0.00
1.10 3.14 0.09 1.00 0.00
1.10 3.14 0.27 1.00 0.00
1.10 3.14 0.44 1.00 0.00
1.10 3.14 0.62 1.00 0.00
1.10 3.14 0.79 1.00 0.00
1.10 3.14 0.96 1.00 0.00
1.10 3.14 1.14 1.00 0.00
1.10 3.14 1.31 1.00 0.00
1.10 3.14 1.49 1.00 0.00
1.10 3.14 1.66 1.00 0.00
0.30 3.32 -1.28 1.00 0.00
0.30 3.32 -1.10 1.00 0.00
0.30 3.32 -0.93 1.00 0.00
0.30 3.32 -0.75 1.00 0.00
0.30 3.32 -0.58 1.00 0.00
0.30 3.32 -0.40 1.00 0.00
0.30 3.32 -0.23 1.00 0.00
0.30 3.32 -0.05 1.00 0.00
0.30 3.32 0.12 1.00 0.00
0.30 3.32 0.29 1.00 0.00
0.30 3.32 0.47 1.00 0.00
0.30 3.32 0.64 1.00 0.00
0.30 3.32 0.82 1.00 0.00
0.30 3.32 0.99 1.00 0.00
0.30 3.32 1.17 1.00 0.00
0.30 3.32 1.34 1.00 0.00
0.30 3.32 1.52 1.00 0.00
0.30 3.32 1.69 1.00 0.00
0.50 3.32 -1.29 1.00 0.00
0.50 3.32 -1.12 1.00 0.00
0.50 3.32 -0.94 1.00 0.00
0.50 3.32 -0.77 1.00 0.00
0.50 3.32 -0.59 1.00 0.00
0.50 3.32 -0.42 1.00 0.00
0.50 3.32 -0.24 1.00 0.00
0.50 3.32 -0.07 1.00 0.00
0.50 3.32 0.10 1.00 0.00
0.50 3.32 0.28 1.00 0.00
0.50 3.32 0.45 1.00 0.00
0.50 3.32 0.63 1.00 0.00
0.50 3.32 0.80 1.00 0.00
0.50 3.32 0.98 1.00 0.00
0.50 3.32 1.15 1.00 0.00
0.50 3.32 1.33 1.00 0.00
0.50 3.32 1.50 1.00 0.00
0.50 3.32 1.68 1.00 0.00
0.70 3.32 -1.31 1.00 0.00
0.70 3.32 -1.13 1.00 0.00
0.70 3.32 -0.96 1.00 0.00
0.70 3.32 -0.78 1.00 0.00
0.70 3.32 -0.61 1.00 0.00
0.70 3.32 -0.43 1.00 0.00
0.70 3.32 -0.26 1.00 0.00
0.70 3.32 -0.08 1.00 0.00
0.70 3.32 0.09 1.00 0.00
0.70 3.32 0.26 1.00 0.00
0.70 3.32 0.44 1.00 0.00
0.70 3.32 0.61 1.00 0.00
0.70 3.32 0.79 1.00 0.00
0.70 3.32 0.96 1.00 0.00
0.70 3.32 1.14 1.00 0.00
0.70 3.32 1.31 1.00 0.00
0.70 3.32 1.49 1.00 0.00
0.70 3.32 1.66 1.00 0.00
0.90 3.32 -1.32 1.00 0.00
0.90 3.32 -1.15 1.00 0.00
0.90 3.32 -0.97 1.00 0.00
0.90 3.32 -0.80 1.00 0.00
0.90 3.32 -0.62 1.00 0.00
0.90 3.32 -0.45 1.00 0.00
0.90 3.32 -0.27 1.00 0.00
0.90 3.32 -0.10 1.00 0.00
0.90 3.32 0.08 1.00 0.00
0.90 3.32 0.25 1.00 0.00
0.90 3.32 0.43 1.00 0.00
0.90 3.32 0.60 1.00 0.00
0.90 3.32 0.77 1.00 0.00
0.90 3.32 0.95 1.00 0.00
0.90 3.32 1.12 1.00 0.00
0.90 3.32 1.30 1.00 0.00
0.90 3.32 1.47 1.00 0.00
0.90 3.32 1.65 1.00 0.00
1.10 3.32 -1.33 1.00 0.00
1.10 3.32 -1.16 1.00 0.00
1.10 3.32 -0.98 1.00 0.00
1.10 3.32 -0.81 1.00 0.00
1.10 3.32 -0.64 1.00 0.00
1.10 3.32 -0.46 1.00 0.00
1.10 3.32 -0.29 1.00 0.00
1.10 3.32 -0.11 1.00 0.00
1.10 3.32 0.06 1.00 0.00
1.10 3.32 0.24 1.00 0.00
1.10 3.32 0.41 1.00 0.00
1.10 3.32 0.59 1.00 0.00
1.10 3.32 0.76 1.00 0.00
1.10 3.32 0.94 1.00 0.00
1.10 3.32 1.11 1.00 0.00
1.10 3.32 1.28 1.00 0.00
1.10 3.32 1.46 1.00 0.00
1.10 3.32 1.63 1.00 0.00
0.30 3.49 -1.28 1.00 0.00
0.30 3.49 -1.11 1.00 0.00
0.30 3.49 -0.93 1.00 0.00
0.30 3.49 -0.76 1.00 0.00
0.30 3.49 -0.59 1.00 0.00
0.30 3.49 -0.41 1.00 0.00
0.30 3.49 -0.24 1.00 0.00
0.30 3.49 -0.06 1.00 0.00
0.30 3.49 0.11 1.00 0.00
0.30 3.49 0.29 1.00 0.00
0.30 3.49 0.46 1.00 0.00
0.30 3.49 0.64 1.00 0.00
0.30 3.49 0.81 1.00 0.00
0.30 3.49 0.98 1.00 0.00
0.30 3.49 1.16 1.00 0.00
0.30 3.49 1.33 1.00 0.00
0.30 3.49 1.51 1.00 0.00
0.30 3.49 1.68 1.00 0.00
0.50 3.49 -1.30 1.00 0.00
0.50 3.49 -1.13 1.00 0.00
0.50 3.49 -0.96 1.00 0.00
0.50 3.49 -0.78 1.00 0.00
0.50 3.49 -0.61 1.00 0.00
0.50 3.49 -0.43 1.00 0.00
0.50 3.49 -0.26 1.00 0.00
0.50 3.49 -0.08 1.00 0.00
0.50 3.49 0.09 1.00 0.00
0.50 3.49 0.27 1.00 0.00
0.50 3.49 0.44 1.00 0.00
0.50 3.49 0.62 1.00 0.00
0.50 3.49 0.79 1.00 0.00
0.50 3.49 0.96 1.00 0.00
0.50 3.49 1.14 1.00 0.00
0.50 3.49 1.31 1.00 0.00
0.50 3.49 1.49 1.00 0.00
0.50 3.49 1.66 1.00 0.00
0.70 3.49 -1.32 1.00 0.00
0.70 3.49 -1.15 1.00 0.00
0.70 3.49 -0.98 1.00 0.00
0.70 3.49 -0.80 1.00 0.00
0.70 3.49 -0.63 1.00 0.00
0.70 3.49 -0.45 1.00 0.00
0.70 3.49 -0.28 1.00 0.00
0.70 3.49 -0.10 1.00 0.00
0.70 3.49 0.07 1.00 0.00
0.70 3.49 0.25 1.00 0.00
0.70 3.49 0.42 1.00 0.00
0.70 3.49 0.60 1.00 0.00
0.70 3.49 0.77 1.00 0.00
0.70 3.49 0.94 1.00 0.00
0.70 3.49 1.12 1.00 0.00
0.70 3.49 1.29 1.00 0.00
0.70 3.49 1.47 1.00 0.00
0.70 3.49 1.64 1.00 0.00
0.90 3.49 -1.34 1.00 0.00
0.90 3.49 -1.17 1.00 0.00
0.90 3.49 -0.99 1.00 0.00
0.90 3.49 -0.82 1.00 0.00
0.90 3.49 -0.64 1.00 0.00
0.90 3.49 -0.47 1.00 0.00
0.90 3.49 -0.30 1.00 0.00
0.90 3.49 -0.12 1.00 0.00
0.90 3.49 0.05 1.00 0.00
0.90 3.49 0.23 1.00 0.00
0.90 3.49 0.40 1.00 0.00
0.90 3.49 0.58 1.00 0.00
0.90 3.49 0.75 1.00 0.00
0.90 3.49 0.93 1.00 0.00
0.90 3.49 1.10 1.00 0.00
0.90 3.49 1.28 1.00 0.00
0.90 3.49 1.45 1.00 0.00
0.90 3.49 1.62 1.00 0.00
1.10 3.49 -1.36 1.00 0.00
1.10 3.49 -1.19 1.00 0.00
1.10 3.49 -1.01 1.00 0.00
1.10 3.49 -0.84 1.00 0.00
1.10 3.49 -0.66 1.00 0.00
1.10 3.49 -0.49 1.00 0.00
1.10 3.49 -0.31 1.00 0.00
1.10 3.49 -0.14 1.00 0.00
1.10 3.49 0.04 1.00 0.00
1.10 3.49 0.21 1.00 0.00
1.10 3.49 0.39 1.00 0.00
1.10 3.49 0.56 1.00 0.00
1.10 3.49 0.73 1.00 0.00
1.10 3.49 0.91 1.00 0.00
1.10 3.49 1.08 1.00 0.00
1.10 3.49 1.26 1.00 0.00
1.10 3.49 1.43 1.00 0.00
1.10 3.49 1.61 1.00 0.00
0.30 3.67 -1.29 1.00 0.00
0.30 3.67 -1.12 1.00 0.00
0.30 3.67 -0.94 1.00 0.00
0.30 3.67 -0.77 1.00 0.00
0.30 3.67 -0.59 1.00 0.00
0.30 3.67 -0.42 1.00 0.00
0.30 3.67 -0.24 1.00 0.00
0.30 3.67 -0.07 1.00 0.00
0.30 3.67 0.11 1.00 0.00
0.30 3.67 0.28 1.00 0.00
0.30 3.67 0.45 1.00 0.00
0.30 3.67 0.63 1.00 0.00
0.30 3.67 0.80 1.00 0.00
0.30 3.67 0.98 1.00 0.00
0.30 3.67 1.15 1.00 0.00
0.30 3.67 1.33 1.00 0.00
0.30 3.67 1.50 1.00 0.00
0.30 3.67 1.68 1.00 0.00
0.50 3.67 -1.32 1.00 0.00
0.50 3.67 -1.14 1.00 0.00
0.50 3.67 -0.97 1.00 0.00
0.50 3.67 -0.79 1.00 0.00
0.50 3.67 -0.62 1.00 0.00
0.50 3.67 -0.44 1.00 0.00
0.50 3.67 -0.27 1.00 0.00
0.50 3.67 -0.09 1.00 0.00
0.50 3.67 0.08 1.00 0.00
0.50 3.67 0.25 1.00 0.00
0.50 3.67 0.43 1.00 0.00
0.50 3.67 0.60 1.00 0.00
0.50 3.67 0.78 1.00 0.00
0.50 3.67 0.95 1.00 0.00
0.50 3.67 1.13 1.00 0.00
0.50 3.67 1.30 1.00 0.00
0.50 3.67 1.48 1.00 0.00
0.50 3.67 1.65 1.00 0.00
0.70 3.67 -1.34 1.00 0.00
0.70 3.67 -1.17 1.00 0.00
0.70 3.67 -0.99 1.00 0.00
0.70 3.67 -0.82 1.00 0.00
0.70 3.67 -0.64 1.00 0.00
0.70 3.67 -0.47 1.00 0.00
0.70 3.67 -0.29 1.00 0.00
0.70 3.67 -0.12 1.00 0.00
0.70 3.67 0.06 1.00 0.00
0.70 3.67 0.23 1.00 0.00
0.70 3.67 0.40 1.00 0.00
0.70 3.67 0.58 1.00 0.00
0.70 3.67 0.75 1.00 0.00
0.70 3.67 0.93 1.00 0.00
0.70 3.67 1.10 1.00 0.00
0.70 3.67 1.28 1.00 0.00
0.70 3.67 1.45 1.00 0.00
0.70 3.67 1.63 1.00 0.00
0.90 3.67 -1.36 1.00 0.00
0.90 3.67 -1.19 1.00 0.00
0.90 3.67 -1.01 1.00 0.00
0.90 3.67 -0.84 1.00 0.00
0.90 3.67 -0.67 1.00 0.00
0.90 3.67 -0.49 1.00 0.00
0.90 3.67 -0.32 1.00 0.00
0.90 3.67 -0.14 1.00 0.00
0.90 3.67 0.03 1.00 0.00
0.90 3.67 0.21 1.00 0.00
0.90 3.67 0.38 1.00 0.00
0.90 3.67 0.56 1.00 0.00
0.90 3.67 0.73 1.00 0.00
0.90 3.67 0.91 1.00 0.00
0.90 3.67 1.08 1.00 0.00
0.90 3.67 1.25 1.00 0.00
0.90 3.67 1.43 1.00 0.00
0.90 3.67 1.60 1.00 0.00
1.10 3.67 -1.39 1.00 0.00
1.10 3.67 -1.21 1.00 0.00
1.10 3.67 -1.04 1.00 0.00
1.10 3.67 -0.86 1.00 0.00
1.10 3.67 -0.69 1.00 0.00
1.10 3.67 -0.51 1.00 0.00
1.10 3.67 -0.34 1.00 0.00
1.10 3.67 -0.16 1.00 0.00
1.10 3.67 0.01 1.00 0.00
1.10 3.67 0.19 1.00 0.00
1.10 3.67 0.36 1.00 0.00
1.10 3.67 0.53 1.00 0.00
1.10 3.67 0.71 1.00 0.00
1.10 3.67 0.88 1.00 0.00
1.10 3.67 1.06 1.00 0.00
1.10 3.67 1.23 1.00 0.00
1.10 3.67 1.41 1.00 0.00
1.10 3.67 1.58 1.00 0.00
0.30 3.84 -1.30 1.00 0.00
0.30 3.84 -1.12 1.00 0.00
0.30 3.84 -0.95 1.00 0.00
0.30 3.84 -0.77 1.00 0.00
0.30 3.84 -0.60 1.00 0.00
0.30 3.84 -0.42 1.00 0.00
0.30 3.84 -0.25 1.00 0.00
0.30 3.84 -0.08 1.00 0.00
0.30 3.84 0.10 1.00 0.00
0.30 3.84 0.27 1.00 0.00
0.30 3.84 0.45 1.00 0.00
0.30 3.84 0.62 1.00 0.00
0.30 3.84 0.80 1.00 0.00
0.30 3.84 0.97 1.00 0.00
0.30 3.84 1.15 1.00 0.00
0.30 3.84 1.32 1.00 0.00
0.30 3.84 1.50 1.00 0.00
0.30 3.84 1.67 1.00 0.00
0.50 3.84 -1.33 1.00 0.00
0.50 3.84 -1.15 1.00 0.00
0.50 3.84 -0.98 1.00 0.00
0.50 3.84 -0.80 1.00 0.00
0.50 3.84 -0.63 1.00 0.00
0.50 3.84 -0.45 1.00 0.00
0.50 3.84 -0.28 1.00 0.00
0.50 3.84 -0.10 1.00 0.00
0.50 3.84 0.07 1.00 0.00
0.50 3.84 0.24 1.00 0.00
0.50 3.84 0.42 1.00 0.00
0.50 3.84 0.59 1.00 0.00
0.50 3.84 0.77 1.00 0.00
0.50 3.84 0.94 1.00 0.00
0.50 3.84 1.12 1.00 0.00
0.50 3.84 1.29 1.00 0.00
0.50 3.84 1.47 1.00 0.00
0.50 3.84 1.64 1.00 0.00
0.70 3.84 -1.35 1.00 0.00
0.70 3.84 -1.18 1.00 0.00
0.70 3.84 -1.01 1.00 0.00
0.70 3.84 -0.83 1.00 0.00
0.70 3.84 -0.66 1.00 0.00
0.70 3.84 -0.48 1.00 0.00
0.70 3.84 -0.31 1.00 0.00
0.70 3.84 -0.13 1.00 0.00
0.70 3.84 0.04 1.00 0.00
0.70 3.84 0.22 1.00 0.00
0.70 3.84 0.39 1.00 0.00
0.70 3.84 0.57 1.00 0.00
0.70 3.84 0.74 1.00 0.00
0.70 3.84 0.91 1.00 0.00
0.70 3.84 1.09 1.00 0.00
0.70 3.84 1.26 1.00 0.00
0.70 3.84 1.44 1.00 0.00
0.70 3.84 1.61 1.00 0.00
0.90 3.84 -1.38 1.00 0.00
0.90 3.84 -1.21 1.00 0.00
0.90 3.84 -1.03 1.00 0.00
0.90 3.84 -0.86 1.00 0.00
0.90 3.84 -0.68 1.00 0.00
0.90 3.84 -0.51 1.00 0.00
0.90 3.84 -0.33 1.00 0.00
0.90 3.84 -0.16 1.00 0.00
0.90 3.84 0.01 1.00 0.00
0.90 3.84 0.19 1.00 0.00
0.90 3.84 0.36 1.00 0.00
0.90 3.84 0.54 1.00 0.00
0.90 3.84 0.71 1.00 0.00
0.90 3.84 0.89 1.00 0.00
0.90 3.84 1.06 1.00 0.00
0.90 3.84 1.24 1.00 0.00
0.90 3.84 1.41 1.00 0.00
0.90 3.84 1.59 1.00 0.00
1.10 3.84 -1.41 1.00 0.00
1.10 3.84 -1.23 1.00 0.00
1.10 3.84 -1.06 1.00 0.00
1.10 3.84 -0.88 1.00 0.00
1.10 3.84 -0.71 1.00 0.00
1.10 3.84 -0.53 1.00 0.00
1.10 3.84 -0.36 1.00 0.00
1.10 3.84 -0.19 1.00 0.00
1.10 3.84 -0.01 1.00 0.00
1.10 3.84 0.16 1.00 0.00
1.10 3.84 0.34 1.00 0.00
1.10 3.84 0.51 1.00 0.00
1.10 3.84 0.69 1.00 0.00
1.10 3.84 0.86 1.00 0.00
1.10 3.84 1.04 1.00 0.00
1.10 3.84 1.21 1.00 0.00
1.10 3.84 1.39 1.00 0.00
1.10 3.84 1.56 1.00 0.00
0.30 4.01 -1.30 1.00 0.00
0.30 4.01 -1.13 1.00 0.00
0.30 4.01 -0.95 1.00 0.00
0.30 4.01 -0.78 1.00 0.00
0.30 4.01 -0.60 1.00 0.00
0.30 4.01 -0.43 1.00 0.00
0.30 4.01 -0.25 1.00 0.00
0.30 4.01 -0.08 1.00 0.00
0.30 4.01 0.09 1.00 0.00
0.30 4.01 0.27 1.00 0.00
0.30 4.01 0.44 1.00 0.00
0.30 4.01 0.62 1.00 0.00
0.30 4.01 0.79 1.00 0.00
0.30 4.01 0.97 1.00 0.00
0.30 4.01 1.14 1.00 0.00
0.30 4.01 1.32 1.00 0.00
0.30 4.01 1.49 1.00 0.00
0.30 4.01 1.67 1.00 0.00
0.50 4.01 -1.33 1.00 0.00
0.50 4.01 -1.16 1.00 0.00
0.50 4.01 -0.99 1.00 0.00
0.50 4.01 -0.81 1.00 0.00
0.50 4.01 -0.64 1.00 0.00
0.50 4.01 -0.46 1.00 0.00
0.50 4.01 -0.29 1.00 0.00
0.50 4.01 -0.11 1.00 0.00
0.50 4.01 0.06 1.00 0.00
0.50 4.01 0.24 1.00 0.00
0.50 4.01 0.41 1.00 0.00
0.50 4.01 0.59 1.00 0.00
0.50 4.01 0.76 1.00 0.00
0.50 4.01 0.93 1.00 0.00
0.50 4.01 1.11 1.00 0.00
0.50 4.01 1.28 1.00 0.00
0.50 4.01 1.46 1.00 0.00
0.50 4.01 1.63 1.00 0.00
0.70 4.01 -1.37 1.00 0.00
0.70 4.01 -1.19 1.00 0.00
0.70 4.01 -1.02 1.00 0.00
0.70 4.01 -0.84 1.00 0.00
0.70 4.01 -0.67 1.00 0.00
0.70 4.01 -0.49 1.00 0.00
0.70 4.01 -0.32 1.00 0.00
0.70 4.01 -0.14 1.00 0.00
0.70 4.01 0.03 1.00 0.00
0.70 4.01 0.20 1.00 0.00
0.70 4.01 0.38 1.00 0.00
0.70 4.01 0.55 1.00 0.00
0.70 4.01 0.73 1.00 0.00
0.70 4.01 0.90 1.00 0.00
0.70 4.01 1.08 1.00 0.00
0.70 4.01 1.25 1.00 0.00
0.70 4.01 1.43 1.00 0.00
0.70 4.01 1.60 1.00 0.00
0.90 4.01 -1.40 1.00 0.00
0.90 4.01 -1.22 1.00 0.00
0.90 4.01 -1.05 1.00 0.00
0.90 4.01 -0.87 1.00 0.00
0.90 4.01 -0.70 1.00 0.00
0.90 4.01 -0.52 1.00 0.00
0.90 4.01 -0.35 1.00 0.00
0.90 4.01 -0.18 1.00 0.00
0.90 4.01 -0.00 1.00 0.00
0.90 4.01 0.17 1.00 0.00
0.90 4.01 0.35 1.00 0.00
0.90 4.01 0.52 1.00 0.00
0.90 4.01 0.70 1.00 0.00
0.90 4.01 0.87 1.00 0.00
0.90 4.01 1.05 1.00 0.00
0.90 4.01 1.22 1.00 0.00
0.90 4.01 1.40 1.00 0.00
0.90 4.01 1.57 1.00 0.00
1.10 4.01 -1.43 1.00 0.00
1.10 4.01 -1.25 1.00 0.00
1.10 4.01 -1.08 1.00 0.00
1.10 4.01 -0.90 1.00 0.00
1.10 4.01 -0.73 1.00 0.00
1.10 4.01 -0.55 1.00 0.00
1.10 4.01 -0.38 1.00 0.00
1.10 4.01 -0.20 1.00 0.00
1.10 4.01 -0.03 1.00 0.00
1.10 4.01 0.14 1.00 0.00
1.10 4.01 0.32 1.00 0.00
1.10 4.01 0.49 1.00 0.00
1.10 4.01 0.67 1.00 0.00
1.10 4.01 0.84 1.00 0.00
1.10 4.01 1.02 1.00 0.00
1.10 4.01 1.19 1.00 0.00
1.10 4.01 1.37 1.00 0.00
1.10 4.01 1.54 1.00 0.00
0.30 4.19 -1.30 1.00 0.00
0.30 4.19 -1.13 1.00 0.00
0.30 4.19 -0.96 1.00 0.00
0.30 4.19 -0.78 1.00 0.00
0.30 4.19 -0.61 1.00 0.00
0.30 4.19 -0.43 1.00 0.00
0.30 4.19 -0.26 1.00 0.00
0.30 4.19 -0.08 1.00 0.00
0.30 4.19 0.09 1.00 0.00
0.30 4.19 0.27 1.00 0.00
0.30 4.19 0.44 1.00 0.00
0.30 4.19 0.61 1.00 0.00
0.30 4.19 0.79 1.00 0.00
0.30 4.19 0.96 1.00 0.00
0.30 4.19 1.14 1.00 0.00
0.30 4.19 1.31 1.00 0.00
0.30 4.19 1.49 1.00 0.00
0.30 4.19 1.66 1.00 0.00
0.50 4.19 -1.34 1.00 0.00
0.50 4.19 -1.17 1.00 0.00
0.50 4.19 -0.99 1.00 0.00
0.50 4.19 -0.82 1.00 0.00
0.50 4.19 -0.64 1.00 0.00
0.50 4.19 -0.47 1.00 0.00
0.50 4.19 -0.29 1.00 0.00
0.50 4.19 -0.12 1.00 0.00
0.50 4.19 0.06 1.00 0.00
0.50 4.19 0.23 1.00 0.00
0.50 4.19 0.41 1.00 0.00
0.50 4.19 0.58 1.00 0.00
0.50 4.19 0.75 1.00 0.00
0.50 4.19 0.93 1.00 0.00
0.50 4.19 1.10 1.00 0.00
0.50 4.19 1.28 1.00 0.00
0.50 4.19 1.45 1.00 0.00
0.50 4.19 1.63 1.00 0.00
0.70 4.19 -1.37 1.00 0.00
0.70 4.19 -1.20 1.00 0.00
0.70 4.19 -1.03 1.00 0.00
0.70 4.19 -0.85 1.00 0.00
0.70 4.19 -0.68 1.00 0.00
0.70 4.19 -0.50 1.00 0.00
0.70 4.19 -0.33 1.00 0.00
0.70 4.19 -0.15 1.00 0.00
0.70 4.19 0.02 1.00 0.00
0.70 4.19 0.20 1.00 0.00
0.70 4.19 0.37 1.00 0.00
0.70 4.19 0.54 1.00 0.00
0.70 4.19 0.72 1.00 0.00
0.70 4.19 0.89 1.00 0.00
0.70 4.19 1.07 1.00 0.00
0.70 4.19 1.24 1.00 0.00
0.70 4.19 1.42 1.00 0.00
0.70 4.19 1.59 1.00 0.00
0.90 4.19 -1.41 1.00 0.00
0.90 4.19 -1.23 1.00 0.00
0.90 4.19 -1.06 1.00 0.00
0.90 4.19 -0.89 1.00 0.00
0.90 4.19 -0.71 1.00 0.00
0.90 4.19 -0.54 1.00 0.00
0.90 4.19 -0.36 1.00 0.00
0.90 4.19 -0.19 1.00 0.00
0.90 4.19 -0.01 1.00 0.00
0.90 4.19 0.16 1.00 0.00
0.90 4.19 0.34 1.00 0.00
0.90 4.19 0.51 1.00 0.00
0.90 4.19 0.69 1.00 0.00
0.90 4.19 0.86 1.00 0.00
0.90 4.19 1.03 1.00 0.00
0.90 4.19 1.21 1.00 0.00
0.90 4.19 1.38 1.00 0.00
0.90 4.19 1.56 1.00 0.00
1.10 4.19 -1.44 1.00 0.00
1.10 4.19 -1.27 1.00 0.00
1.10 4.19 -1.09 1.00 0.00
1.10 4.19 -0.92 1.00 0.00
1.10 4.19 -0.74 1.00 0.00
1.10 4.19 -0.57 1.00 0.00
1.10 4.19 -0.39 1.00 0.00
1.10 4.19 -0.22 1.00 0.00
1.10 4.19 -0.05 1.00 0.00
1.10 4.19 0.13 1.00 0.00
1.10 4.19 0.30 1.00 0.00
1.10 4.19 0.48 1.00 0.00
1.10 4.19 0.65 1.00 0.00
1.10 4.19 0.83 1.00 0.00
1.10 4.19 1.00 1.00 0.00
1.10 4.19 1.18 1.00 0.00
1.10 4.19 1.35 1.00 0.00
1.10 4.19 1.53 1.00 0.00
0.30 4.36 -1.31 1.00 0.00
0.30 4.36 -1.13 1.00 0.00
0.30 4.36 -0.96 1.00 0.00
0.30 4.36 -0.78 1.00 0.00
0.30 4.36 -0.61 1.00 0.00
0.30 4.36 -0.43 1.00 0.00
0.30 4.36 -0.26 1.00 0.00
0.30 4.36 -0.08 1.00 0.00
0.30 4.36 0.09 1.00 0.00
0.30 4.36 0.26 1.00 0.00
0.30 4.36 0.44 1.00 0.00
0.30 4.36 0.61 1.00 0.00
0.30 4.36 0.79 1.00 0.00
0.30 4.36 0.96 1.00 0.00
0.30 4.36 1.14 1.00 0.00
0.30 4.36 1.31 1.00 0.00
0.30 4.36 1.49 1.00 0.00
0.30 4.36 1.66 1.00 0.00
0.50 4.36 -1.34 1.00 0.00
0.50 4.36 -1.17 1.00 0.00
0.50 4.36 -0.99 1.00 0.00
0.50 4.36 -0.82 1.00 0.00
0.50 4.36 -0.65 1.00 0.00
0.50 4.36 -0.47 1.00 0.00
0.50 4.36 -0.30 1.00 0.00
0.50 4.36 -0.12 1.00 0.00
0.50 4.36 0.05 1.00 0.00
0.50 4.36 0.23 1.00 0.00
0.50 4.36 0.40 1.00 0.00
0.50 4.36 0.58 1.00 0.00
0.50 4.36 0.75 1.00 0.00
0.50 4.36 0.93 1.00 0.00
0.50 4.36 1.10 1.00 0.00
0.50 4.36 1.27 1.00 0.00
0.50 4.36 1.45 1.00 0.00
0.50 4.36 1.62 1.00 0.00
0.70 4.36 -1.38 1.00 0.00
0.70 4.36 -1.21 1.00 0.00
0.70 4.36 -1.03 1.00 0.00
0.70 4.36 -0.86 1.00 0.00
0.70 4.36 -0.68 1.00 0.00
0.70 4.36 -0.51 1.00 0.00
0.70 4.36 -0.33 1.00 0.00
0.70 4.36 -0.16 1.00 0.00
0.70 4.36 0.02 1.00 0.00
0.70 4.36 0.19 1.00 0.00
0.70 4.36 0.37 1.00 0.00
0.70 4.36 0.54 1.00 0.00
0.70 4.36 0.71 1.00 0.00
0.70 4.36 0.89 1.00 0.00
0.70 4.36 1.06 1.00 0.00
0.70 4.36 1.24 1.00 0.00
0.70 4.36 1.41 1.00 0.00
0.70 4.36 1.59 1.00 0.00
0.90 4.36 -1.42 1.00 0.00
0.90 4.36 -1.24 1.00 0.00
0.90 4.36 -1.07 1.00 0.00
0.90 4.36 -0.89 1.00 0.00
0.90 4.36 -0.72 1.00 0.00
0.90 4.36 -0.54 1.00 0.00
0.90 4.36 -0.37 1.00 0.00
0.90 4.36 -0.19 1.00 0.00
0.90 4.36 -0.02 1.00 0.00
0.90 4.36 0.15 1.00 0.00
0.90 4.36 0.33 1.00 0.00
0.90 4.36 0.50 1.00 0.00
0.90 4.36 0.68 1.00 0.00
0.90 4.36 0.85 1.00 0.00
0.90 4.36 1.03 1.00 0.00
0.90 4.36 1.20 1.00 0.00
0.90 4.36 1.38 1.00 0.00
0.90 4.36 1.55 1.00 0.00
1.10 4.36 -1.45 1.00 0.00
1.10 4.36 -1.28 1.00 0.00
1.10 4.36 -1.10 1.00 0.00
1.10 4.36 -0.93 1.00 0.00
1.10 4.36 -0.75 1.00 0.00
1.10 4.36 -0.58 1.00 0.00
1.10 4.36 -0.41 1.00 0.00
1.10 4.36 -0.23 1.00 0.00
1.10 4.36 -0.06 1.00 0.00
1.10 4.36 0.12 1.00 0.00
1.10 4.36 0.29 1.00 0.00
1.10 4.36 0.47 1.00 0.00
1.10 4.36 0.64 1.00 0.00
1.10 4.36 0.82 1.00 0.00
1.10 4.36 0.99 1.00 0.00
1.10 4.36 1.17 1.00 0.00
1.10 4.36 1.34 1.00 0.00
1.10 4.36 1.51 1.00 0.00
0.30 4.54 -1.31 1.00 0.00
0.30 4.54 -1.13 1.00 0.00
0.30 4.54 -0.96 1.00 0.00
0.30 4.54 -0.78 1.00 0.00
0.30 4.54 -0.61 1.00 0.00
0.30 4.54 -0.43 1.00 0.00
0.30 4.54 -0.26 1.00 0.00
0.30 4.54 -0.08 1.00 0.00
0.30 4.54 0.09 1.00 0.00
0.30 4.54 0.26 1.00 0.00
0.30 4.54 0.44 1.00 0.00
0.30 4.54 0.61 1.00 0.00
0.30 4.54 0.79 1.00 0.00
0.30 4.54 0.96 1.00 0.00
0.30 4.54 1.14 1.00 0.00
0.30 4.54 1.31 1.00 0.00
0.30 4.54 1.49 1.00 0.00
0.30 4.54 1.66 1.00 0.00
0.50 4.54 -1.34 1.00 0.00
0.50 4.54 -1.17 1.00 0.00
0.50 4.54 -1.00 1.00 0.00
0.50 4.54 -0.82 1.00 0.00
0.50 4.54 -0.65 1.00 0.00
0.50 4.54 -0.47 1.00 0.00
0.50 4.54 -0.30 1.00 0.00
0.50 4.54 -0.12 1.00 0.00
0.50 4.54 0.05 1.00 0.00
0.50 4.54 0.23 1.00 0.00
0.50 4.54 0.40 1.00 0.00
0.50 4.54 0.58 1.00 0.00
0.50 4.54 0.75 1.00 0.00
0.50 4.54 0.92 1.00 0.00
0.50 4.54 1.10 1.00 0.00
0.50 4.54 1.27 1.00 0.00
0.50 4.54 1.45 1.00 0.00
0.50 4.54 1.62 1.00 0.00
0.70 4.54 -1.38 1.00 0.00
0.70 4.54 -1.21 1.00 0.00
0.70 4.54 -1.03 1.00 0.00
0.70 4.54 -0.86 1.00 0.00
0.70 4.54 -0.68 1.00 0.00
0.70 4.54 -0.51 1.00 0.00
0.70 4.54 -0.33 1.00 0.00
0.70 4.54 -0.16 1.00 0.00
0.70 4.54 0.01 1.00 0.00
0.70 4.54 0.19 1.00 0.00
0.70 4.54 0.36 1.00 0.00
0.70 4.54 0.54 1.00 0.00
0.70 4.54 0.71 1.00 0.00
0.70 4.54 0.89 1.00 0.00
0.70 4.54 1.06 1.00 0.00
0.70 4.54 1.24 1.00 0.00
0.70 4.54 1.41 1.00 0.00
0.70 4.54 1.59 1.00 0.00
0.90 4.54 -1.42 1.00 0.00
0.90 4.54 -1.25 1.00 0.00
0.90 4.54 -1.07 1.00 0.00
0.90 4.54 -0.90 1.00 0.00
0.90 4.54 -0.72 1.00 0.00
0.90 4.54 -0.55 1.00 0.00
0.90 4.54 -0.37 1.00 0.00
0.90 4.54 -0.20 1.00 0.00
0.90 4.54 -0.02 1.00 0.00
0.90 4.54 0.15 1.00 0.00
0.90 4.54 0.33 1.00 0.00
0.90 4.54 0.50 1.00 0.00
0.90 4.54 0.67 1.00 0.00
0.90 4.54 0.85 1.00 0.00
0.90 4.54 1.02 1.00 0.00
0.90 4.54 1.20 1.00 0.00
0.90 4.54 1.37 1.00 0.00
0.90 4.54 1.55 1.00 0.00
1.10 4.54 -1.46 1.00 0.00
1.10 4.54 -1.28 1.00 0.00
1.10 4.54 -1.11 1.00 0.00
1.10 4.54 -0.93 1.00 0.00
1.10 4.54 -0.76 1.00 0.00
1.10 4.54 -0.58 1.00 0.00
1.10 4.54 -0.41 1.00 0.00
1.10 4.54 -0.24 1.00 0.00
1.10 4.54 -0.06 1.00 0.00
1.10 4.54 0.11 1.00 0.00
1.10 4.54 0.29 1.00 0.00
1.10 4.54 0.46 1.00 0.00
1.10 4.54 0.64 1.00 0.00
1.10 4.54 0.81 1.00 0.00
1.10 4.54 0.99 1.00 0.00
1.10 4.54 1.16 1.00 0.00
1.10 4.54 1.34 1.00 0.00
1.10 4.54 1.51 1.00 0.00
0.30 4.71 -1.30 1.00 0.00
0.30 4.71 -1.13 1.00 0.00
0.30 4.71 -0.96 1.00 0.00
0.30 4.71 -0.78 1.00 0.00
0.30 4.71 -0.61 1.00 0.00
0.30 4.71 -0.43 1.00 0.00
0.30 4.71 -0.26 1.00 0.00
0.30 4.71 -0.08 1.00 0.00
0.30 4.71 0.09 1.00 0.00
0.30 4.71 0.27 1.00 0.00
0.30 4.71 0.44 1.00 0.00
0.30 4.71 0.62 1.00 0.00
0.30 4.71 0.79 1.00 0.00
0.30 4.71 0.96 1.00 0.00
0.30 4.71 1.14 1.00 0.00
0.30 4.71 1.31 1.00 0.00
0.30 4.71 1.49 1.00 0.00
0.30 4.71 1.66 1.00 0.00
0.50 4.71 -1.34 1.00 0.00
0.50 4.71 -1.17 1.00 0.00
0.50 4.71 -0.99 1.00 0.00
0.50 4.71 -0.82 1.00 0.00
0.50 4.71 -0.64 1.00 0.00
0.50 4.71 -0.47 1.00 0.00
0.50 4.71 -0.29 1.00 0.00
0.50 4.71 -0.12 1.00 0.00
0.50 4.71 0.05 1.00 0.00
0.50 4.71 0.23 1.00 0.00
0.50 4.71 0.40 1.00 0.00
0.50 4.71 0.58 1.00 0.00
0.50 4.71 0.75 1.00 0.00
0.50 4.71 0.93 1.00 0.00
0.50 4.71 1.10 1.00 0.00
0.50 4.71 1.28 1.00 0.00
0.50 4.71 1.45 1.00 0.00
0.50 4.71 1.63 1.00 0.00
0.70 4.71 -1.38 1.00 0.00
0.70 4.71 -1.20 1.00 0.00
0.70 4.71 -1.03 1.00 0.00
0.70 4.71 -0.86 1.00 0.00
0.70 4.71 -0.68 1.00 0.00
0.70 4.71 -0.51 1.00 0.00
0.70 4.71 -0.33 1.00 0.00
0.70 4.71 -0.16 1.00 0.00
0.70 4.71 0.02 1.00 0.00
0.70 4.71 0.19 1.00 0.00
0.70 4.71 0.37 1.00 0.00
0.70 4.71 0.54 1.00 0.00
0.70 4.71 0.71 1.00 0.00
0.70 4.71 0.89 1.00 0.00
0.70 4.71 1.06 1.00 0.00
0.70 4.71 1.24 1.00 0.00
0.70 4.71 1.41 1.00 0.00
0.70 4.71 1.59 1.00 0.00
0.90 4.71 -1.42 1.00 0.00
0.90 4.71 -1.24 1.00 0.00
0.90 4.71 -1.07 1.00 0.00
0.90 4.71 -0.89 1.00 0.00
0.90 4.71 -0.72 1.00 0.00
0.90 4.71 -0.55 1.00 0.00
0.90 4.71 -0.37 1.00 0.00
0.90 4.71 -0.20 1.00 0.00
0.90 4.71 -0.02 1.00 0.00
0.90 4.71 0.15 1.00 0.00
0.90 4.71 0.33 1.00 0.00
0.90 4.71 0.50 1.00 0.00
0.90 4.71 0.68 1.00 0.00
0.90 4.71 0.85 1.00 0.00
0.90 4.71 1.03 1.00 0.00
0.90 4.71 1.20 1.00 0.00
0.90 4.71 1.37 1.00 0.00
0.90 4.71 1.55 1.00 0.00
1.10 4.71 -1.46 1.00 0.00
1.10 4.71 -1.28 1.00 0.00
1.10 4.71 -1.11 1.00 0.00
1.10 4.71 -0.93 1.00 0.00
1.10 4.71 -0.76 1.00 0.00
1.10 4.71 -0.58 1.00 0.00
1.10 4.71 -0.41 1.00 0.00
1.10 4.71 -0.23 1.00 0.00
1.10 4.71 -0.06 1.00 0.00
1.10 4.71 0.11 1.00 0.00
1.10 4.71 0.29 1.00 0.00
1.10 4.71 0.46 1.00 0.00
1.10 4.71 0.64 1.00 0.00
1.10 4.71 0.81 1.00 0.00
1.10 4.71 0.99 1.00 0.00
1.10 4.71 1.16 1.00 0.00
1.10 4.71 1.34 1.00 0.00
1.10 4.71 1.51 1.00 0.00
0.30 4.89 -1.30 1.00 0.00
0.30 4.89 -1.13 1.00 0.00
0.30 4.89 -0.95 1.00 0.00
0.30 4.89 -0.78 1.00 0.00
0.30 4.89 -0.60 1.00 0.00
0.30 4.89 -0.43 1.00 0.00
0.30 4.89 -0.25 1.00 0.00
0.30 4.89 -0.08 1.00 0.00
0.30 4.89 0.09 1.00 0.00
0.30 4.89 0.27 1.00 0.00
0.30 4.89 0.44 1.00 0.00
0.30 4.89 0.62 1.00 0.00
0.30 4.89 0.79 1.00 0.00
0.30 4.89 0.97 1.00 0.00
0.30 4.89 1.14 1.00 0.00
0.30 4.89 1.32 1.00 0.00
0.30 4.89 1.49 1.00 0.00
0.30 4.89 1.67 1.00 0.00
0.50 4.89 -1.34 1.00 0.00
0.50 4.89 -1.16 1.00 0.00
0.50 4.89 -0.99 1.00 0.00
0.50 4.89 -0.81 1.00 0.00
0.50 4.89 -0.64 1.00 0.00
0.50 4.89 -0.46 1.00 0.00
0.50 4.89 -0.29 1.00 0.00
0.50 4.89 -0.11 1.00 0.00
0.50 4.89 0.06 1.00 0.00
0.50 4.89 0.23 1.00 0.00
0.50 4.89 0.41 1.00 0.00
0.50 4.89 0.58 1.00 0.00
0.50 4.89 0.76 1.00 0.00
0.50 4.89 0.93 1.00 0.00
0.50 4.89 1.11 1.00 0.00
0.50 4.89 1.28 1.00 0.00
0.50 4.89 1.46 1.00 0.00
0.50 4.89 1.63 1.00 0.00
0.70 4.89 -1.37 1.00 0.00
0.70 4.89 -1.20 1.00 0.00
0.70 4.89 -1.02 1.00 0.00
0.70 4.89 -0.85 1.00 0.00
0.70 4.89 -0.67 1.00 0.00
0.70 4.89 -0.50 1.00 0.00
0.70 4.89 -0.33 1.00 0.00
0.70 4.89 -0.15 1.00 0.00
0.70 4.89 0.02 1.00 0.00
0.70 4.89 0.20 1.00 0.00
0.70 4.89 0.37 1.00 0.00
0.70 4.89 0.55 1.00 0.00
0.70 4.89 0.72 1.00 0.00
0.70 4.89 0.90 1.00 0.00
0.70 4.89 1.07 1.00 0.00
0.70 4.89 1.25 1.00 0.00
0.70 4.89 1.42 1.00 0.00
0.70 4.89 1.59 1.00 0.00
0.90 4.89 -1.41 1.00 0.00
0.90 4.89 -1.24 1.00 0.00
0.90 4.89 -1.06 1.00 0.00
0.90 4.89 -0.89 1.00 0.00
0.90 4.89 -0.71 1.00 0.00
0.90 4.89 -0.54 1.00 0.00
0.90 4.89 -0.36 1.00 0.00
0.90 4.89 -0.19 1.00 0.00
0.90 4.89 -0.01 1.00 0.00
0.90 4.89 0.16 1.00 0.00
0.90 4.89 0.34 1.00 0.00
0.90 4.89 0.51 1.00 0.00
0.90 4.89 0.68 1.00 0.00
0.90 4.89 0.86 1.00 0.00
0.90 4.89 1.03 1.00 0.00
0.90 4.89 1.21 1.00 0.00
0.90 4.89 1.38 1.00 0.00
0.90 4.89 1.56 1.00 0.00
1.10 4.89 -1.45 1.00 0.00
1.10 4.89 -1.27 1.00 0.00
1.10 4.89 -1.10 1.00 0.00
1.10 4.89 -0.93 1.00 0.00
1.10 4.89 -0.75 1.00 0.00
1.10 4.89 -0.58 1.00 0.00
1.10 4.89 -0.40 1.00 0.00
1.10 4.89 -0.23 1.00 0.00
1.10 4.89 -0.05 1.00 0.00
1.10 4.89 0.12 1.00 0.00
1.10 4.89 0.30 1.00 0.00
1.10 4.89 0.47 1.00 0.00
1.10 4.89 0.65 1.00 0.00
1.10 4.89 0.82 1.00 0.00
1.10 4.89 0.99 1.00 0.00
1.10 4.89 1.17 1.00 0.00
1.10 4.89 1.34 1.00 0.00
1.10 4.89 1.52 1.00 0.00
0.30 5.06 -1.30 1.00 0.00
0.30 5.06 -1.12 1.00 0.00
0.30 5.06 -0.95 1.00 0.00
0.30 5.06 -0.77 1.00 0.00
0.30 5.06 -0.60 1.00 0.00
0.30 5.06 -0.42 1.00 0.00
0.30 5.06 -0.25 1.00 0.00
0.30 5.06 -0.07 1.00 0.00
0.30 5.06 0.10 1.00 0.00
0.30 5.06 0.27 1.00 0.00
0.30 5.06 0.45 1.00 0.00
0.30 5.06 0.62 1.00 0.00
0.30 5.06 0.80 1.00 0.00
0.30 5.06 0.97 1.00 0.00
0.30 5.06 1.15 1.00 0.00
0.30 5.06 1.32 1.00 0.00
0.30 5.06 1.50 1.00 0.00
0.30 5.06 1.67 1.00 0.00
0.50 5.06 -1.33 1.00 0.00
0.50 5.06 -1.15 1.00 0.00
0.50 5.06 -0.98 1.00 0.00
0.50 5.06 -0.80 1.00 0.00
0.50 5.06 -0.63 1.00 0.00
0.50 5.06 -0.46 1.00 0.00
0.50 5.06 -0.28 1.00 0.00
0.50 5.06 -0.11 1.00 0.00
0.50 5.06 0.07 1.00 0.00
0.50 5.06 0.24 1.00 0.00
0.50 5.06 0.42 1.00 0.00
0.50 5.06 0.59 1.00 0.00
0.50 5.06 0.77 1.00 0.00
0.50 5.06 0.94 1.00 0.00
0.50 5.06 1.12 1.00 0.00
0.50 5.06 1.29 1.00 0.00
0.50 5.06 1.46 1.00 0.00
0.50 5.06 1.64 1.00 0.00
0.70 5.06 -1.36 1.00 0.00
0.70 5.06 -1.19 1.00 0.00
0.70 5.06 -1.01 1.00 0.00
0.70 5.06 -0.84 1.00 0.00
0.70 5.06 -0.66 1.00 0.00
0.70 5.06 -0.49 1.00 0.00
0.70 5.06 -0.31 1.00 0.00
0.70 5.06 -0.14 1.00 0.00
0.70 5.06 0.03 1.00 0.00
0.70 5.06 0.21 1.00 0.00
0.70 5.06 0.38 1.00 0.00
0.70 5.06 0.56 1.00 0.00
0.70 5.06 0.73 1.00 0.00
0.70 5.06 0.91 1.00 0.00
0.70 5.06 1.08 1.00 0.00
0.70 5.06 1.26 1.00 0.00
0.70 5.06 1.43 1.00 0.00
0.70 5.06 1.61 1.00 0.00
0.90 5.06 -1.40 1.00 0.00
0.90 5.06 -1.22 1.00 0.00
0.90 5.06 -1.05 1.00 0.00
0.90 5.06 -0.87 1.00 0.00
0.90 5.06 -0.70 1.00 0.00
0.90 5.06 -0.52 1.00 0.00
0.90 5.06 -0.35 1.00 0.00
0.90 5.06 -0.18 1.00 0.00
0.90 5.06 -0.00 1.00 0.00
0.90 5.06 0.17 1.00 0.00
0.90 5.06 0.35 1.00 0.00
0.90 5.06 0.52 1.00 0.00
0.90 5.06 0.70 1.00 0.00
0.90 5.06 0.87 1.00 0.00
0.90 5.06 1.05 1.00 0.00
0.90 5.06 1.22 1.00 0.00
0.90 5.06 1.40 1.00 0.00
0.90 5.06 1.57 1.00 0.00
1.10 5.06 -1.43 1.00 0.00
1.10 5.06 -1.26 1.00 0.00
1.10 5.06 -1.08 1.00 0.00
1.10 5.06 -0.91 1.00 0.00
1.10 5.06 -0.74 1.00 0.00
1.10 5.06 -0.56 1.00 0.00
1.10 5.06 -0.39 1.00 0.00
1.10 5.06 -0.21 1.00 0.00
1.10 5.06 -0.04 1.00 0.00
1.10 5.06 0.14 1.00 0.00
1.10 5.06 0.31 1.00 0.00
1.10 5.06 0.49 1.00 0.00
1.10 5.06 0.66 1.00 0.00
1.10 5.06 0.84 1.00 0.00
1.10 5.06 1.01 1.00 0.00
1.10 5.06 1.18 1.00 0.00
1.10 5.06 1.36 1.00 0.00
1.10 5.06 1.53 1.00 0.00
0.30 5.24 -1.29 1.00 0.00
0.30 5.24 -1.11 1.00 0.00
0.30 5.24 -0.94 1.00 0.00
0.30 5.24 -0.77 1.00 0.00
0.30 5.24 -0.59 1.00 0.00
0.30 5.24 -0.42 1.00 0.00
0.30 5.24 -0.24 1.00 0.00
0.30 5.24 -0.07 1.00 0.00
0.30 5.24 0.11 1.00 0.00
0.30 5.24 0.28 1.00 0.00
0.30 5.24 0.46 1.00 0.00
0.30 5.24 0.63 1.00 0.00
0.30 5.24 0.80 1.00 0.00
0.30 5.24 0.98 1.00 0.00
0.30 5.24 1.15 1.00 0.00
0.30 5.24 1.33 1.00 0.00
0.30 5.24 1.50 1.00 0.00
0.30 5.24 1.68 1.00 0.00
0.50 5.24 -1.32 1.00 0.00
0.50 5.24 -1.14 1.00 0.00
0.50 5.24 -0.97 1.00 0.00
0.50 5.24 -0.79 1.00 0.00
0.50 5.24 -0.62 1.00 0.00
0.50 5.24 -0.44 1.00 0.00
0.50 5.24 -0.27 1.00 0.00
0.50 5.24 -0.10 1.00 0.00
0.50 5.24 0.08 1.00 0.00
0.50 5.24 0.25 1.00 0.00
0.50 5.24 0.43 1.00 0.00
0.50 5.24 0.60 1.00 0.00
0.50 5.24 0.78 1.00 0.00
0.50 5.24 0.95 1.00 0.00
0.50 5.24 1.13 1.00 0.00
0.50 5.24 1.30 1.00 0.00
0.50 5.24 1.48 1.00 0.00
0.50 5.24 1.65 1.00 0.00
0.70 5.24 -1.35 1.00 0.00
0.70 5.24 -1.17 1.00 0.00
0.70 5.24 -1.00 1.00 0.00
0.70 5.24 -0.82 1.00 0.00
0.70 5.24 -0.65 1.00 0.00
0.70 5.24 -0.47 1.00 0.00
0.70 5.24 -0.30 1.00 0.00
0.70 5.24 -0.13 1.00 0.00
0.70 5.24 0.05 1.00 0.00
0.70 5.24 0.22 1.00 0.00
0.70 5.24 0.40 1.00 0.00
0.70 5.24 0.57 1.00 0.00
0.70 5.24 0.75 1.00 0.00
0.70 5.24 0.92 1.00 0.00
0.70 5.24 1.10 1.00 0.00
0.70 5.24 1.27 1.00 0.00
0.70 5.24 1.45 1.00 0.00
0.70 5.24 1.62 1.00 0.00
0.90 5.24 -1.38 1.00 0.00
0.90 5.24 -1.20 1.00 0.00
0.90 5.24 -1.03 1.00 0.00
0.90 5.24 -0.85 1.00 0.00
0.90 5.24 -0.68 1.00 0.00
0.90 5.24 -0.51 1.00 0.00
0.90 5.24 -0.33 1.00 0.00
0.90 5.24 -0.16 1.00 0.00
0.90 5.24 0.02 1.00 0.00
0.90 5.24 0.19 1.00 0.00
0.90 5.24 0.37 1.00 0.00
0.90 5.24 0.54 1.00 0.00
0.90 5.24 0.72 1.00 0.00
0.90 5.24 0.89 1.00 0.00
0.90 5.24 1.07 1.00 0.00
0.90 5.24 1.24 1.00 0.00
0.90 5.24 1.41 1.00 0.00
0.90 5.24 1.59 1.00 0.00
1.10 5.24 -1.41 1.00 0.00
1.10 5.24 -1.24 1.00 0.00
1.10 5.24 -1.06 1.00 0.00
1.10 5.24 -0.89 1.00 0.00
1.10 5.24 -0.71 1.00 0.00
1.10 5.24 -0.54 1.00 0.00
1.10 5.24 -0.36 1.00 0.00
1.10 5.24 -0.19 1.00 0.00
1.10 5.24 -0.01 1.00 0.00
1.10 5.24 0.16 1.00 0.00
1.10 5.24 0.33 1.00 0.00
1.10 5.24 0.51 1.00 0.00
1.10 5.24 0.68 1.00 0.00
1.10 5.24 0.86 1.00 0.00
1.10 5.24 1.03 1.00 0.00
1.10 5.24 1.21 1.00 0.00
1.10 5.24 1.38 1.00 0.00
1.10 5.24 1.56 1.00 0.00
0.30 5.41 -1.28 1.00 0.00
0.30 5.41 -1.11 1.00 0.00
0.30 5.41 -0.93 1.00 0.00
0.30 5.41 -0.76 1.00 0.00
0.30 5.41 -0.58 1.00 0.00
0.30 5.41 -0.41 1.00 0.00
0.30 5.41 -0.23 1.00 0.00
0.30 5.41 -0.06 1.00 0.00
0.30 5.41 0.11 1.00 0.00
0.30 5.41 0.29 1.00 0.00
0.30 5.41 0.46 1.00 0.00
0.30 5.41 0.64 1.00 0.00
0.30 5.41 0.81 1.00 0.00
0.30 5.41 0.99 1.00 0.00
0.30 5.41 1.16 1.00 0.00
0.30 5.41 1.34 1.00 0.00
0.30 5.41 1.51 1.00 0.00
0.30 5.41 1.69 1.00 0.00
0.50 5.41 -1.30 1.00 0.00
0.50 5.41 -1.13 1.00 0.00
0.50 5.41 -0.95 1.00 0.00
0.50 5.41 -0.78 1.00 0.00
0.50 5.41 -0.61 1.00 0.00
0.50 5.41 -0.43 1.00 0.00
0.50 5.41 -0.26 1.00 0.00
0.50 5.41 -0.08 1.00 0.00
0.50 5.41 0.09 1.00 0.00
0.50 5.41 0.27 1.00 0.00
0.50 5.41 0.44 1.00 0.00
0.50 5.41 0.62 1.00 0.00
0.50 5.41 0.79 1.00 0.00
0.50 5.41 0.97 1.00 0.00
0.50 5.41 1.14 1.00 0.00
0.50 5.41 1.31 1.00 0.00
0.50 5.41 1.49 1.00 0.00
0.50 5.41 1.66 1.00 0.00
0.70 5.41 -1.33 1.00 0.00
0.70 5.41 -1.15 1.00 0.00
0.70 5.41 -0.98 1.00 0.00
0.70 5.41 -0.80 1.00 0.00
0.70 5.41 -0.63 1.00 0.00
0.70 5.41 -0.46 1.00 0.00
0.70 5.41 -0.28 1.00 0.00
0.70 5.41 -0.11 1.00 0.00
0.70 5.41 0.07 1.00 0.00
0.70 5.41 0.24 1.00 0.00
0.70 5.41 0.42 1.00 0.00
0.70 5.41 0.59 1.00 0.00
0.70 5.41 0.77 1.00 0.00
0.70 5.41 0.94 1.00 0.00
0.70 5.41 1.12 1.00 0.00
0.70 5.41 1.29 1.00 0.00
0.70 5.41 1.46 1.00 0.00
0.70 5.41 1.64 1.00 0.00
0.90 5.41 -1.35 1.00 0.00
0.90 5.41 -1.18 1.00 0.00
0.90 5.41 -1.00 1.00 0.00
0.90 5.41 -0.83 1.00 0.00
0.90 5.41 -0.66 1.00 0.00
0.90 5.41 -0.48 1.00 0.00
0.90 5.41 -0.31 1.00 0.00
0.90 5.41 -0.13 1.00 0.00
0.90 5.41 0.04 1.00 0.00
0.90 5.41 0.22 1.00 0.00
0.90 5.41 0.39 1.00 0.00
0.90 5.41 0.57 1.00 0.00
0.90 5.41 0.74 1.00 0.00
0.90 5.41 0.92 1.00 0.00
0.90 5.41 1.09 1.00 0.00
0.90 5.41 1.26 1.00 0.00
0.90 5.41 1.44 1.00 0.00
0.90 5.41 1.61 1.00 0.00
1.10 5.41 -1.38 1.00 0.00
1.10 5.41 -1.21 1.00 0.00
1.10 5.41 -1.03 1.00 0.00
1.10 5.41 -0.86 1.00 0.00
1.10 5.41 -0.68 1.00 0.00
1.10 5.41 -0.51 1.00 0.00
1.10 5.41 -0.33 1.00 0.00
1.10 5.41 -0.16 1.00 0.00
1.10 5.41 0.02 1.00 0.00
1.10 5.41 0.19 1.00 0.00
1.10 5.41 0.36 1.00 0.00
1.10 5.41 0.54 1.00 0.00
1.10 5.41 0.71 1.00 0.00
1.10 5.41 0.89 1.00 0.00
1.10 5.41 1.06 1.00 0.00
1.10 5.41 1.24 1.00 0.00
1.10 5.41 1.41 1.00 0.00
1.10 5.41 1.59 1.00 0.00
0.30 5.59 -1.27 1.00 0.00
0.30 5.59 -1.10 1.00 0.00
0.30 5.59 -0.92 1.00 0.00
0.30 5.59 -0.75 1.00 0.00
0.30 5.59 -0.57 1.00 0.00
0.30 5.59 -0.40 1.00 0.00
0.30 5.59 -0.23 1.00 0.00
0.30 5.59 -0.05 1.00 0.00
0.30 5.59 0.12 1.00 0.00
0.30 5.59 0.30 1.00 0.00
0.30 5.59 0.47 1.00 0.00
0.30 5.59 0.65 1.00 0.00
0.30 5.59 0.82 1.00 0.00
0.30 5.59 1.00 1.00 0.00
0.30 5.59 1.17 1.00 0.00
0.30 5.59 1.35 1.00 0.00
0.30 5.59 1.52 1.00 0.00
0.30 5.59 1.69 1.00 0.00
0.50 5.59 -1.29 1.00 0.00
0.50 5.59 -1.11 1.00 0.00
0.50 5.59 -0.94 1.00 0.00
0.50 5.59 -0.76 1.00 0.00
0.50 5.59 -0.59 1.00 0.00
0.50 5.59 -0.42 1.00 0.00
0.50 5.59 -0.24 1.00 0.00
0.50 5.59 -0.07 1.00 0.00
0.50 5.59 0.11 1.00 0.00
0.50 5.59 0.28 1.00 0.00
0.50 5.59 0.46 1.00 0.00
0.50 5.59 0.63 1.00 0.00
0.50 5.59 0.81 1.00 0.00
0.50 5.59 0.98 1.00 0.00
0.50 5.59 1.16 1.00 0.00
0.50 5.59 1.33 1.00 0.00
0.50 5.59 1.50 1.00 0.00
0.50 5.59 1.68 1.00 0.00
0.70 5.59 -1.31 1.00 0.00
0.70 5.59 -1.13 1.00 0.00
0.70 5.59 -0.96 1.00 0.00
0.70 5.59 -0.78 1.00 0.00
0.70 5.59 -0.61 1.00 0.00
0.70 5.59 -0.43 1.00 0.00
0.70 5.59 -0.26 1.00 0.00
0.70 5.59 -0.08 1.00 0.00
0.70 5.59 0.09 1.00 0.00
0.70 5.59 0.27 1.00 0.00
0.70 5.59 0.44 1.00 0.00
0.70 5.59 0.61 1.00 0.00
0.70 5.59 0.79 1.00 0.00
0.70 5.59 0.96 1.00 0.00
0.70 5.59 1.14 1.00 0.00
0.70 5.59 1.31 1.00 0.00
0.70 5.59 1.49 1.00 0.00
0.70 5.59 1.66 1.00 0.00
0.90 5.59 -1.32 1.00 0.00
0.90 5.59 -1.15 1.00 0.00
0.90 5.59 -0.98 1.00 0.00
0.90 5.59 -0.80 1.00 0.00
0.90 5.59 -0.63 1.00 0.00
0.90 5.59 -0.45 1.00 0.00
0.90 5.59 -0.28 1.00 0.00
0.90 5.59 -0.10 1.00 0.00
0.90 5.59 0.07 1.00 0.00
0.90 5.59 0.25 1.00 0.00
0.90 5.59 0.42 1.00 0.00
0.90 5.59 0.60 1.00 0.00
0.90 5.59 0.77 1.00 0.00
0.90 5.59 0.94 1.00 0.00
0.90 5.59 1.12 1.00 0.00
0.90 5.59 1.29 1.00 0.00
0.90 5.59 1.47 1.00 0.00
0.90 5.59 1.64 1.00 0.00
1.10 5.59 -1.34 1.00 0.00
1.10 5.59 -1.17 1.00 0.00
1.10 5.59 -1.00 1.00 0.00
1.10 5.59 -0.82 1.00 0.00
1.10 5.59 -0.65 1.00 0.00
1.10 5.59 -0.47 1.00 0.00
1.10 5.59 -0.30 1.00 0.00
1.10 5.59 -0.12 1.00 0.00
1.10 5.59 0.05 1.00 0.00
1.10 5.59 0.23 1.00 0.00
1.10 5.59 0.40 1.00 0.00
1.10 5.59 0.58 1.00 0.00
1.10 5.59 0.75 1.00 0.00
1.10 5.59 0.92 1.00 0.00
1.10 5.59 1.10 1.00 0.00
1.10 5.59 1.27 1.00 0.00
1.10 5.59 1.45 1.00 0.00
1.10 5.59 1.62 1.00 0.00
0.30 5.76 -1.26 1.00 0.00
0.30 5.76 -1.09 1.00 0.00
0.30 5.76 -0.91 1.00 0.00
0.30 5.76 -0.74 1.00 0.00
0.30 5.76 -0.56 1.00 0.00
0.30 5.76 -0.39 1.00 0.00
0.30 5.76 -0.22 1.00 0.00
0.30 5.76 -0.04 1.00 0.00
0.30 5.76 0.13 1.00 0.00
0.30 5.76 0.31 1.00 0.00
0.30 5.76 0.48 1.00 0.00
0.30 5.76 0.66 1.00 0.00
0.30 5.76 0.83 1.00 0.00
0.30 5.76 1.01 1.00 0.00
0.30 5.76 1.18 1.00 0.00
0.30 5.76 1.36 1.00 0.00
0.30 5.76 1.53 1.00 0.00
0.30 5.76 1.70 1.00 0.00
0.50 5.76 -1.27 1.00 0.00
0.50 5.76 -1.10 1.00 0.00
0.50 5.76 -0.92 1.00 0.00
0.50 5.76 -0.75 1.00 0.00
0.50 5.76 -0.57 1.00 0.00
0.50 5.76 -0.40 1.00 0.00
0.50 5.76 -0.22 1.00 0.00
0.50 5.76 -0.05 1.00 0.00
0.50 5.76 0.12 1.00 0.00
0.50 5.76 0.30 1.00 0.00
0.50 5.76 0.47 1.00 0.00
0.50 5.76 0.65 1.00 0.00
0.50 5.76 0.82 1.00 0.00
0.50 5.76 1.00 1.00 0.00
0.50 5.76 1.17 1.00 0.00
0.50 5.76 1.35 1.00 0.00
0.50 5.76 1.52 1.00 0.00
0.50 5.76 1.70 1.00 0.00
0.70 5.76 -1.28 1.00 0.00
0.70 5.76 -1.11 1.00 0.00
0.70 5.76 -0.93 1.00 0.00
0.70 5.76 -0.76 1.00 0.00
0.70 5.76 -0.58 1.00 0.00
0.70 5.76 -0.41 1.00 0.00
0.70 5.76 -0.23 1.00 0.00
0.70 5.76 -0.06 1.00 0.00
0.70 5.76 0.12 1.00 0.00
0.70 5.76 0.29 1.00 0.00
0.70 5.76 0.46 1.00 0.00
0.70 5.76 0.64 1.00 0.00
0.70 5.76 0.81 1.00 0.00
0.70 5.76 0.99 1.00 0.00
0.70 5.76 1.16 1.00 0.00
0.70 5.76 1.34 1.00 0.00
0.70 5.76 1.51 1.00 0.00
0.70 5.76 1.69 1.00 0.00
0.90 5.76 -1.29 1.00 0.00
0.90 5.76 -1.12 1.00 0.00
0.90 5.76 -0.94 1.00 0.00
0.90 5.76 -0.77 1.00 0.00
0.90 5.76 -0.59 1.00 0.00
0.90 5.76 -0.42 1.00 0.00
0.90 5.76 -0.24 1.00 0.00
0.90 5.76 -0.07 1.00 0.00
0.90 5.76 0.10 1.00 0.00
0.90 5.76 0.28 1.00 0.00
0.90 5.76 0.45 1.00 0.00
0.90 5.76 0.63 1.00 0.00
0.90 5.76 0.80 1.00 0.00
0.90 5.76 0.98 1.00 0.00
0.90 5.76 1.15 1.00 0.00
0.90 5.76 1.33 1.00 0.00
0.90 5.76 1.50 1.00 0.00
0.90 5.76 1.68 1.00 0.00
1.10 5.76 -1.30 1.00 0.00
1.10 5.76 -1.13 1.00 0.00
1.10 5.76 -0.95 1.00 0.00
1.10 5.76 -0.78 1.00 0.00
1.10 5.76 -0.60 1.00 0.00
1.10 5.76 -0.43 1.00 0.00
1.10 5.76 -0.26 1.00 0.00
1.10 5.76 -0.08 1.00 0.00
1.10 5.76 0.09 1.00 0.00
1.10 5.76 0.27 1.00 0.00
1.10 5.76 0.44 1.00 0.00
1.10 5.76 0.62 1.00 0.00
1.10 5.76 0.79 1.00 0.00
1.10 5.76 0.97 1.00 0.00
1.10 5.76 1.14 1.00 0.00
1.10 5.76 1.32 1.00 0.00
1.10 5.76 1.49 1.00 0.00
1.10 5.76 1.66 1.00 0.00
0.30 5.93 -1.25 1.00 0.00
0.30 5.93 -1.08 1.00 0.00
0.30 5.93 -0.90 1.00 0.00
0.30 5.93 -0.73 1.00 0.00
0.30 5.93 -0.55 1.00 0.00
0.30 5.93 -0.38 1.00 0.00
0.30 5.93 -0.21 1.00 0.00
0.30 5.93 -0.03 1.00 0.00
0.30 5.93 0.14 1.00 0.00
0.30 5.93 0.32 1.00 0.00
0.30 5.93 0.49 1.00 0.00
0.30 5.93 0.67 1.00 0.00
0.30 5.93 0.84 1.00 0.00
0.30 5.93 1.02 1.00 0.00
0.30 5.93 1.19 1.00 0.00
0.30 5.93 1.37 1.00 0.00
0.30 5.93 1.54 1.00 0.00
0.30 5.93 1.71 1.00 0.00
0.50 5.93 -1.25 1.00 0.00
0.50 5.93 -1.08 1.00 0.00
0.50 5.93 -0.90 1.00 0.00
0.50 5.93 -0.73 1.00 0.00
0.50 5.93 -0.56 1.00 0.00
0.50 5.93 -0.38 1.00 0.00
0.50 5.93 -0.21 1.00 0.00
0.50 5.93 -0.03 1.00 0.00
0.50 5.93 0.14 1.00 0.00
0.50 5.93 0.32 1.00 0.00
0.50 5.93 0.49 1.00 0.00
0.50 5.93 0.67 1.00 0.00
0.50 5.93 0.84 1.00 0.00
0.50 5.93 1.02 1.00 0.00
0.50 5.93 1.19 1.00 0.00
0.50 5.93 1.36 1.00 0.00
0.50 5.93 1.54 1.00 0.00
0.50 5.93 1.71 1.00 0.00
0.70 5.93 -1.25 1.00 0.00
0.70 5.93 -1.08 1.00 0.00
0.70 5.93 -0.91 1.00 0.00
0.70 5.93 -0.73 1.00 0.00
0.70 5.93 -0.56 1.00 0.00
0.70 5.93 -0.38 1.00 0.00
0.70 5.93 -0.21 1.00 0.00
0.70 5.93 -0.03 1.00 0.00
0.70 5.93 0.14 1.00 0.00
0.70 5.93 0.32 1.00 0.00
0.70 5.93 0.49 1.00 0.00
0.70 5.93 0.66 1.00 0.00
0.70 5.93 0.84 1.00 0.00
0.70 5.93 1.01 1.00 0.00
0.70 5.93 1.19 1.00 0.00
0.70 5.93 1.36 1.00 0.00
0.70 5.93 1.54 1.00 0.00
0.70 5.93 1.71 1.00 0.00
0.90 5.93 -1.26 1.00 0.00
0.90 5.93 -1.08 1.00 0.00
0.90 5.93 -0.91 1.00 0.00
0.90 5.93 -0.73 1.00 0.00
0.90 5.93 -0.56 1.00 0.00
0.90 5.93 -0.38 1.00 0.00
0.90 5.93 -0.21 1.00 0.00
0.90 5.93 -0.03 1.00 0.00
0.90 5.93 0.14 1.00 0.00
0.90 5.93 0.31 1.00 0.00
0.90 5.93 0.49 1.00 0.00
0.90 5.93 0.66 1.00 0.00
0.90 5.93 0.84 1.00 0.00
0.90 5.93 1.01 1.00 0.00
0.90 5.93 1.19 1.00 0.00
0.90 5.93 1.36 1.00 0.00
0.90 5.93 1.54 1.00 0.00
0.90 5.93 1.71 1.00 0.00
1.10 5.93 -1.26 1.00 0.00
1.10 5.93 -1.08 1.00 0.00
1.10 5.93 -0.91 1.00 0.00
1.10 5.93 -0.73 1.00 0.00
1.10 5.93 -0.56 1.00 0.00
1.10 5.93 -0.39 1.00 0.00
1.10 5.93 -0.21 1.00 0.00
1.10 5.93 -0.04 1.00 0.00
1.10 5.93 0.14 1.00 0.00
1.10 5.93 0.31 1.00 0.00
1.10 5.93 0.49 1.00 0.00
1.10 5.93 0.66 1.00 0.00
1.10 5.93 0.84 1.00 0.00
1.10 5.93 1.01 1.00 0.00
1.10 5.93 1.19 1.00 0.00
1.10 5.93 1.36 1.00 0.00
1.10 5.93 1.53 1.00 0.00
1.10 5.93 1.71 1.00 0.00
0.30 6.11 -1.24 1.00 0.00
0.30 6.11 -1.07 1.00 0.00
0.30 6.11 -0.89 1.00 0.00
0.30 6.11 -0.72 1.00 0.00
0.30 6.11 -0.54 1.00 0.00
0.30 6.11 -0.37 1.00 0.00
0.30 6.11 -0.19 1.00 0.00
0.30 6.11 -0.02 1.00 0.00
0.30 6.11 0.15 1.00 0.00
0.30 6.11 0.33 1.00 0.00
0.30 6.11 0.50 1.00 0.00
0.30 6.11 0.68 1.00 0.00
0.30 6.11 0.85 1.00 0.00
0.30 6.11 1.03 1.00 0.00
0.30 6.11 1.20 1.00 0.00
0.30 6.11 1.38 1.00 0.00
0.30 6.11 1.55 1.00 0.00
0.30 6.11 1.73 1.00 0.00
0.50 6.11 -1.24 1.00 0.00
0.50 6.11 -1.06 1.00 0.00
0.50 6.11 -0.89 1.00 0.00
0.50 6.11 -0.71 1.00 0.00
0.50 6.11 -0.54 1.00 0.00
0.50 6.11 -0.36 1.00 0.00
0.50 6.11 -0.19 1.00 0.00
0.50 6.11 -0.01 1.00 0.00
0.50 6.11 0.16 1.00 0.00
0.50 6.11 0.34 1.00 0.00
0.50 6.11 0.51 1.00 0.00
0.50 6.11 0.68 1.00 0.00
0.50 6.11 0.86 1.00 0.00
0.50 6.11 1.03 1.00 0.00
0.50 6.11 1.21 1.00 0.00
0.50 6.11 1.38 1.00 0.00
0.50 6.11 1.56 1.00 0.00
0.50 6.11 1.73 1.00 0.00
0.70 6.11 -1.23 1.00 0.00
0.70 6.11 -1.05 1.00 0.00
0.70 6.11 -0.88 1.00 0.00
0.70 6.11 -0.71 1.00 0.00
0.70 6.11 -0.53 1.00 0.00
0.70 6.11 -0.36 1.00 0.00
0.70 6.11 -0.18 1.00 0.00
0.70 6.11 -0.01 1.00 0.00
0.70 6.11 0.17 1.00 0.00
0.70 6.11 0.34 1.00 0.00
0.70 6.11 0.52 1.00 0.00
0.70 6.11 0.69 1.00 0.00
0.70 6.11 0.87 1.00 0.00
0.70 6.11 1.04 1.00 0.00
0.70 6.11 1.21 1.00 0.00
0.70 6.11 1.39 1.00 0.00
0.70 6.11 1.56 1.00 0.00
0.70 6.11 1.74 1.00 0.00
0.90 6.11 -1.22 1.00 0.00
0.90 6.11 -1.05 1.00 0.00
0.90 6.11 -0.87 1.00 0.00
0.90 6.11 -0.70 1.00 0.00
0.90 6.11 -0.52 1.00 0.00
0.90 6.11 -0.35 1.00 0.00
0.90 6.11 -0.17 1.00 0.00
0.90 6.11 0.00 1.00 0.00
0.90 6.11 0.17 1.00 0.00
0.90 6.11 0.35 1.00 0.00
0.90 6.11 0.52 1.00 0.00
0.90 6.11 0.70 1.00 0.00
0.90 6.11 0.87 1.00 0.00
0.90 6.11 1.05 1.00 0.00
0.90 6.11 1.22 1.00 0.00
0.90 6.11 1.40 1.00 0.00
0.90 6.11 1.57 1.00 0.00
0.90 6.11 1.75 1.00 0.00
1.10 6.11 -1.21 1.00 0.00
1.10 6.11 -1.04 1.00 0.00
1.10 6.11 -0.86 1.00 0.00
1.10 6.11 -0.69 1.00 0.00
1.10 6.11 -0.52 1.00 0.00
1.10 6.11 -0.34 1.00 0.00
1.10 6.11 -0.17 1.00 0.00
1.10 6.11 0.01 1.00 0.00
1.10 6.11 0.18 1.00 0.00
1.10 6.11 0.36 1.00 0.00
1.10 6.11 0.53 1.00 0.00
1.10 6.11 0.71 1.00 0.00
1.10 6.11 0.88 1.00 0.00
1.10 6.11 1.06 1.00 0.00
1.10 6.11 1.23 1.00 0.00
1.10 6.11 1.40 1.00 0.00
1.10 6.11 1.58 1.00 0.00
1.10 6.11 1.75 1.00 0.00
