0.30 0.00 -1.28 1.00 0.00
0.30 0.00 -1.11 1.00 0.00
0.30 0.00 -0.94 1.00 0.00
0.30 0.00 -0.76 1.00 0.00
0.30 0.00 -0.59 1.00 0.00
0.30 0.00 -0.41 1.00 0.00
0.30 0.00 -0.24 1.00 0.00
0.30 0.00 -0.06 1.00 0.00
0.30 0.00 0.11 1.00 0.00
0.30 0.00 0.29 1.00 0.00
0.30 0.00 0.46 1.00 0.00
0.30 0.00 0.64 1.00 0.00
0.30 0.00 0.81 1.00 0.00
0.30 0.00 0.98 1.00 0.00
0.30 0.00 1.16 1.00 0.00
0.30 0.00 1.33 1.00 0.00
0.30 0.00 1.51 1.00 0.00
0.30 0.00 1.68 1.00 0.00
0.50 0.00 -1.27 1.00 0.00
0.50 0.00 -1.10 1.00 0.00
0.50 0.00 -0.92 1.00 0.00
0.50 0.00 -0.75 1.00 0.00
0.50 0.00 -0.58 1.00 0.00
0.50 0.00 -0.40 1.00 0.00
0.50 0.00 -0.23 1.00 0.00
0.50 0.00 -0.05 1.00 0.00
0.50 0.00 0.12 1.00 0.00
0.50 0.00 0.30 1.00 0.00
0.50 0.00 0.47 1.00 0.00
0.50 0.00 0.65 1.00 0.00
0.50 0.00 0.82 1.00 0.00
0.50 0.00 1.00 1.00 0.00
0.50 0.00 1.17 1.00 0.00
0.50 0.00 1.34 1.00 0.00
0.50 0.00 1.52 1.00 0.00
0.50 0.00 1.69 1.00 0.00
0.70 0.00 -1.26 1.00 0.00
0.70 0.00 -1.09 1.00 0.00
0.70 0.00 -0.91 1.00 0.00
0.70 0.00 -0.74 1.00 0.00
0.70 0.00 -0.56 1.00 0.00
0.70 0.00 -0.39 1.00 0.00
0.70 0.00 -0.21 1.00 0.00
0.70 0.00 -0.04 1.00 0.00
0.70 0.00 0.14 1.00 0.00
0.70 0.00 0.31 1.00 0.00
0.70 0.00 0.48 1.00 0.00
0.70 0.00 0.66 1.00 0.00
0.70 0.00 0.83 1.00 0.00
0.70 0.00 1.01 1.00 0.00
0.70 0.00 1.18 1.00 0.00
0.70 0.00 1.36 1.00 0.00
0.70 0.00 1.53 1.00 0.00
0.70 0.00 1.71 1.00 0.00
0.90 0.00 -1.25 1.00 0.00
0.90 0.00 -1.07 1.00 0.00
0.90 0.00 -0.90 1.00 0.00
0.90 0.00 -0.72 1.00 0.00
0.90 0.00 -0.55 1.00 0.00
0.90 0.00 -0.37 1.00 0.00
0.90 0.00 -0.20 1.00 0.00
0.90 0.00 -0.03 1.00 0.00
0.90 0.00 0.15 1.00 0.00
0.90 0.00 0.32 1.00 0.00
0.90 0.00 0.50 1.00 0.00
0.90 0.00 0.67 1.00 0.00
0.90 0.00 0.85 1.00 0.00
0.90 0.00 1.02 1.00 0.00
0.90 0.00 1.20 1.00 0.00
0.90 0.00 1.37 1.00 0.00
0.90 0.00 1.55 1.00 0.00
0.90 0.00 1.72 1.00 0.00
1.10 0.00 -1.23 1.00 0.00
1.10 0.00 -1.06 1.00 0.00
1.10 0.00 -0.88 1.00 0.00
1.10 0.00 -0.71 1.00 0.00
1.10 0.00 -0.53 1.00 0.00
1.10 0.00 -0.36 1.00 0.00
1.10 0.00 -0.19 1.00 0.00
1.10 0.00 -0.01 1.00 0.00
1.10 0.00 0.16 1.00 0.00
1.10 0.00 0.34 1.00 0.00
1.10 0.00 0.51 1.00 0.00
1.10 0.00 0.69 1.00 0.00
1.10 0.00 0.86 1.00 0.00
1.10 0.00 1.04 1.00 0.00
1.10 0.00 1.21 1.00 0.00
1.10 0.00 1.39 1.00 0.00
1.10 0.00 1.56 1.00 0.00
1.10 0.00 1.73 1.00 0.00
0.30 0.17 -1.28 1.00 0.00
0.30 0.17 -1.10 1.00 0.00
0.30 0.17 -0.93 1.00 0.00
0.30 0.17 -0.75 1.00 0.00
0.30 0.17 -0.58 1.00 0.00
0.30 0.17 -0.40 1.00 0.00
0.30 0.17 -0.23 1.00 0.00
0.30 0.17 -0.05 1.00 0.00
0.30 0.17 0.12 1.00 0.00
0.30 0.17 0.30 1.00 0.00
0.30 0.17 0.47 1.00 0.00
0.30 0.17 0.64 1.00 0.00
0.30 0.17 0.82 1.00 0.00
0.30 0.17 0.99 1.00 0.00
0.30 0.17 1.17 1.00 0.00
0.30 0.17 1.34 1.00 0.00
0.30 0.17 1.52 1.00 0.00
0.30 0.17 1.69 1.00 0.00
0.50 0.17 -1.26 1.00 0.00
0.50 0.17 -1.08 1.00 0.00
0.50 0.17 -0.91 1.00 0.00
0.50 0.17 -0.73 1.00 0.00
0.50 0.17 -0.56 1.00 0.00
0.50 0.17 -0.38 1.00 0.00
0.50 0.17 -0.21 1.00 0.00
0.50 0.17 -0.03 1.00 0.00
0.50 0.17 0.14 1.00 0.00
0.50 0.17 0.31 1.00 0.00
0.50 0.17 0.49 1.00 0.00
0.50 0.17 0.66 1.00 0.00
0.50 0.17 0.84 1.00 0.00
0.50 0.17 1.01 1.00 0.00
0.50 0.17 1.19 1.00 0.00
0.50 0.17 1.36 1.00 0.00
0.50 0.17 1.54 1.00 0.00
0.50 0.17 1.71 1.00 0.00
0.70 0.17 -1.24 1.00 0.00
0.70 0.17 -1.06 1.00 0.00
0.70 0.17 -0.89 1.00 0.00
0.70 0.17 -0.71 1.00 0.00
0.70 0.17 -0.54 1.00 0.00
0.70 0.17 -0.36 1.00 0.00
0.70 0.17 -0.19 1.00 0.00
0.70 0.17 -0.02 1.00 0.00
0.70 0.17 0.16 1.00 0.00
0.70 0.17 0.33 1.00 0.00
0.70 0.17 0.51 1.00 0.00
0.70 0.17 0.68 1.00 0.00
0.70 0.17 0.86 1.00 0.00
0.70 0.17 1.03 1.00 0.00
0.70 0.17 1.21 1.00 0.00
0.70 0.17 1.38 1.00 0.00
0.70 0.17 1.56 1.00 0.00
0.70 0.17 1.73 1.00 0.00
0.90 0.17 -1.22 1.00 0.00
0.90 0.17 -1.04 1.00 0.00
0.90 0.17 -0.87 1.00 0.00
0.90 0.17 -0.69 1.00 0.00
0.90 0.17 -0.52 1.00 0.00
0.90 0.17 -0.34 1.00 0.00
0.90 0.17 -0.17 1.00 0.00
0.90 0.17 0.01 1.00 0.00
0.90 0.17 0.18 1.00 0.00
0.90 0.17 0.36 1.00 0.00
0.90 0.17 0.53 1.00 0.00
0.90 0.17 0.70 1.00 0.00
0.90 0.17 0.88 1.00 0.00
0.90 0.17 1.05 1.00 0.00
0.90 0.17 1.23 1.00 0.00
0.90 0.17 1.40 1.00 0.00
0.90 0.17 1.58 1.00 0.00
0.90 0.17 1.75 1.00 0.00
1.10 0.17 -1.19 1.00 0.00
1.10 0.17 -1.02 1.00 0.00
1.10 0.17 -0.84 1.00 0.00
1.10 0.17 -0.67 1.00 0.00
1.10 0.17 -0.49 1.00 0.00
1.10 0.17 -0.32 1.00 0.00
1.10 0.17 -0.15 1.00 0.00
1.10 0.17 0.03 1.00 0.00
1.10 0.17 0.20 1.00 0.00
1.10 0.17 0.38 1.00 0.00
1.10 0.17 0.55 1.00 0.00
1.10 0.17 0.73 1.00 0.00
1.10 0.17 0.90 1.00 0.00
1.10 0.17 1.08 1.00 0.00
1.10 0.17 1.25 1.00 0.00
1.10 0.17 1.43 1.00 0.00
1.10 0.17 1.60 1.00 0.00
1.10 0.17 1.77 1.00 0.00
0.30 0.35 -1.27 1.00 0.00
0.30 0.35 -1.09 1.00 0.00
0.30 0.35 -0.92 1.00 0.00
0.30 0.35 -0.74 1.00 0.00
0.30 0.35 -0.57 1.00 0.00
0.30 0.35 -0.39 1.00 0.00
0.30 0.35 -0.22 1.00 0.00
0.30 0.35 -0.04 1.00 0.00
0.30 0.35 0.13 1.00 0.00
0.30 0.35 0.30 1.00 0.00
0.30 0.35 0.48 1.00 0.00
0.30 0.35 0.65 1.00 0.00
0.30 0.35 0.83 1.00 0.00
0.30 0.35 1.00 1.00 0.00
0.30 0.35 1.18 1.00 0.00
0.30 0.35 1.35 1.00 0.00
0.30 0.35 1.53 1.00 0.00
0.30 0.35 1.70 1.00 0.00
0.50 0.35 -1.24 1.00 0.00
0.50 0.35 -1.07 1.00 0.00
0.50 0.35 -0.89 1.00 0.00
0.50 0.35 -0.72 1.00 0.00
0.50 0.35 -0.54 1.00 0.00
0.50 0.35 -0.37 1.00 0.00
0.50 0.35 -0.19 1.00 0.00
0.50 0.35 -0.02 1.00 0.00
0.50 0.35 0.15 1.00 0.00
0.50 0.35 0.33 1.00 0.00
0.50 0.35 0.50 1.00 0.00
0.50 0.35 0.68 1.00 0.00
0.50 0.35 0.85 1.00 0.00
0.50 0.35 1.03 1.00 0.00
0.50 0.35 1.20 1.00 0.00
0.50 0.35 1.38 1.00 0.00
0.50 0.35 1.55 1.00 0.00
0.50 0.35 1.73 1.00 0.00
0.70 0.35 -1.22 1.00 0.00
0.70 0.35 -1.04 1.00 0.00
0.70 0.35 -0.87 1.00 0.00
0.70 0.35 -0.69 1.00 0.00
0.70 0.35 -0.52 1.00 0.00
0.70 0.35 -0.34 1.00 0.00
0.70 0.35 -0.17 1.00 0.00
0.70 0.35 0.01 1.00 0.00
0.70 0.35 0.18 1.00 0.00
0.70 0.35 0.36 1.00 0.00
0.70 0.35 0.53 1.00 0.00
0.70 0.35 0.70 1.00 0.00
0.70 0.35 0.88 1.00 0.00
0.70 0.35 1.05 1.00 0.00
0.70 0.35 1.23 1.00 0.00
0.70 0.35 1.40 1.00 0.00
0.70 0.35 1.58 1.00 0.00
0.70 0.35 1.75 1.00 0.00
0.90 0.35 -1.19 1.00 0.00
0.90 0.35 -1.01 1.00 0.00
0.90 0.35 -0.84 1.00 0.00
0.90 0.35 -0.66 1.00 0.00
0.90 0.35 -0.49 1.00 0.00
0.90 0.35 -0.32 1.00 0.00
0.90 0.35 -0.14 1.00 0.00
0.90 0.35 0.03 1.00 0.00
0.90 0.35 0.21 1.00 0.00
0.90 0.35 0.38 1.00 0.00
0.90 0.35 0.56 1.00 0.00
0.90 0.35 0.73 1.00 0.00
0.90 0.35 0.91 1.00 0.00
0.90 0.35 1.08 1.00 0.00
0.90 0.35 1.26 1.00 0.00
0.90 0.35 1.43 1.00 0.00
0.90 0.35 1.60 1.00 0.00
0.90 0.35 1.78 1.00 0.00
1.10 0.35 -1.16 1.00 0.00
1.10 0.35 -0.98 1.00 0.00
1.10 0.35 -0.81 1.00 0.00
1.10 0.35 -0.63 1.00 0.00
1.10 0.35 -0.46 1.00 0.00
1.10 0.35 -0.29 1.00 0.00
1.10 0.35 -0.11 1.00 0.00
1.10 0.35 0.06 1.00 0.00
1.10 0.35 0.24 1.00 0.00
1.10 0.35 0.41 1.00 0.00
1.10 0.35 0.59 1.00 0.00
1.10 0.35 0.76 1.00 0.00
1.10 0.35 0.94 1.00 0.00
1.10 0.35 1.11 1.00 0.00
1.10 0.35 1.29 1.00 0.00
1.10 0.35 1.46 1.00 0.00
1.10 0.35 1.63 1.00 0.00
1.10 0.35 1.81 1.00 0.00
0.30 0.52 -1.26 1.00 0.00
0.30 0.52 -1.08 1.00 0.00
0.30 0.52 -0.91 1.00 0.00
0.30 0.52 -0.74 1.00 0.00
0.30 0.52 -0.56 1.00 0.00
0.30 0.52 -0.39 1.00 0.00
0.30 0.52 -0.21 1.00 0.00
0.30 0.52 -0.04 1.00 0.00
0.30 0.52 0.14 1.00 0.00
0.30 0.52 0.31 1.00 0.00
0.30 0.52 0.49 1.00 0.00
0.30 0.52 0.66 1.00 0.00
0.30 0.52 0.84 1.00 0.00
0.30 0.52 1.01 1.00 0.00
0.30 0.52 1.18 1.00 0.00
0.30 0.52 1.36 1.00 0.00
0.30 0.52 1.53 1.00 0.00
0.30 0.52 1.71 1.00 0.00
0.50 0.52 -1.23 1.00 0.00
0.50 0.52 -1.05 1.00 0.00
0.50 0.52 -0.88 1.00 0.00
0.50 0.52 -0.71 1.00 0.00
0.50 0.52 -0.53 1.00 0.00
0.50 0.52 -0.36 1.00 0.00
0.50 0.52 -0.18 1.00 0.00
0.50 0.52 -0.01 1.00 0.00
0.50 0.52 0.17 1.00 0.00
0.50 0.52 0.34 1.00 0.00
0.50 0.52 0.52 1.00 0.00
0.50 0.52 0.69 1.00 0.00
0.50 0.52 0.87 1.00 0.00
0.50 0.52 1.04 1.00 0.00
0.50 0.52 1.21 1.00 0.00
0.50 0.52 1.39 1.00 0.00
0.50 0.52 1.56 1.00 0.00
0.50 0.52 1.74 1.00 0.00
0.70 0.52 -1.20 1.00 0.00
0.70 0.52 -1.02 1.00 0.00
0.70 0.52 -0.85 1.00 0.00
0.70 0.52 -0.67 1.00 0.00
0.70 0.52 -0.50 1.00 0.00
0.70 0.52 -0.33 1.00 0.00
0.70 0.52 -0.15 1.00 0.00
0.70 0.52 0.02 1.00 0.00
0.70 0.52 0.20 1.00 0.00
0.70 0.52 0.37 1.00 0.00
0.70 0.52 0.55 1.00 0.00
0.70 0.52 0.72 1.00 0.00
0.70 0.52 0.90 1.00 0.00
0.70 0.52 1.07 1.00 0.00
0.70 0.52 1.25 1.00 0.00
0.70 0.52 1.42 1.00 0.00
0.70 0.52 1.59 1.00 0.00
0.70 0.52 1.77 1.00 0.00
0.90 0.52 -1.17 1.00 0.00
0.90 0.52 -0.99 1.00 0.00
0.90 0.52 -0.82 1.00 0.00
0.90 0.52 -0.64 1.00 0.00
0.90 0.52 -0.47 1.00 0.00
0.90 0.52 -0.29 1.00 0.00
0.90 0.52 -0.12 1.00 0.00
0.90 0.52 0.06 1.00 0.00
0.90 0.52 0.23 1.00 0.00
0.90 0.52 0.41 1.00 0.00
0.90 0.52 0.58 1.00 0.00
0.90 0.52 0.75 1.00 0.00
0.90 0.52 0.93 1.00 0.00
0.90 0.52 1.10 1.00 0.00
0.90 0.52 1.28 1.00 0.00
0.90 0.52 1.45 1.00 0.00
0.90 0.52 1.63 1.00 0.00
0.90 0.52 1.80 1.00 0.00
1.10 0.52 -1.13 1.00 0.00
1.10 0.52 -0.96 1.00 0.00
1.10 0.52 -0.78 1.00 0.00
1.10 0.52 -0.61 1.00 0.00
1.10 0.52 -0.43 1.00 0.00
1.10 0.52 -0.26 1.00 0.00
1.10 0.52 -0.08 1.00 0.00
1.10 0.52 0.09 1.00 0.00
1.10 0.52 0.27 1.00 0.00
1.10 0.52 0.44 1.00 0.00
1.10 0.52 0.61 1.00 0.00
1.10 0.52 0.79 1.00 0.00
1.10 0.52 0.96 1.00 0.00
1.10 0.52 1.14 1.00 0.00
1.10 0.52 1.31 1.00 0.00
1.10 0.52 1.49 1.00 0.00
1.10 0.52 1.66 1.00 0.00
1.10 0.52 1.84 1.00 0.00
0.30 0.70 -1.25 1.00 0.00
0.30 0.70 -1.08 1.00 0.00
0.30 0.70 -0.90 1.00 0.00
0.30 0.70 -0.73 1.00 0.00
0.30 0.70 -0.55 1.00 0.00
0.30 0.70 -0.38 1.00 0.00
0.30 0.70 -0.21 1.00 0.00
0.30 0.70 -0.03 1.00 0.00
0.30 0.70 0.14 1.00 0.00
0.30 0.70 0.32 1.00 0.00
0.30 0.70 0.49 1.00 0.00
0.30 0.70 0.67 1.00 0.00
0.30 0.70 0.84 1.00 0.00
0.30 0.70 1.02 1.00 0.00
0.30 0.70 1.19 1.00 0.00
0.30 0.70 1.37 1.00 0.00
0.30 0.70 1.54 1.00 0.00
0.30 0.70 1.71 1.00 0.00
0.50 0.70 -1.22 1.00 0.00
0.50 0.70 -1.04 1.00 0.00
0.50 0.70 -0.87 1.00 0.00
0.50 0.70 -0.70 1.00 0.00
0.50 0.70 -0.52 1.00 0.00
0.50 0.70 -0.35 1.00 0.00
0.50 0.70 -0.17 1.00 0.00
0.50 0.70 0.00 1.00 0.00
0.50 0.70 0.18 1.00 0.00
0.50 0.70 0.35 1.00 0.00
0.50 0.70 0.53 1.00 0.00
0.50 0.70 0.70 1.00 0.00
0.50 0.70 0.87 1.00 0.00
0.50 0.70 1.05 1.00 0.00
0.50 0.70 1.22 1.00 0.00
0.50 0.70 1.40 1.00 0.00
0.50 0.70 1.57 1.00 0.00
0.50 0.70 1.75 1.00 0.00
0.70 0.70 -1.18 1.00 0.00
0.70 0.70 -1.01 1.00 0.00
0.70 0.70 -0.84 1.00 0.00
0.70 0.70 -0.66 1.00 0.00
0.70 0.70 -0.49 1.00 0.00
0.70 0.70 -0.31 1.00 0.00
0.70 0.70 -0.14 1.00 0.00
0.70 0.70 0.04 1.00 0.00
0.70 0.70 0.21 1.00 0.00
0.70 0.70 0.39 1.00 0.00
0.70 0.70 0.56 1.00 0.00
0.70 0.70 0.74 1.00 0.00
0.70 0.70 0.91 1.00 0.00
0.70 0.70 1.08 1.00 0.00
0.70 0.70 1.26 1.00 0.00
0.70 0.70 1.43 1.00 0.00
0.70 0.70 1.61 1.00 0.00
0.70 0.70 1.78 1.00 0.00
0.90 0.70 -1.15 1.00 0.00
0.90 0.70 -0.97 1.00 0.00
0.90 0.70 -0.80 1.00 0.00
0.90 0.70 -0.62 1.00 0.00
0.90 0.70 -0.45 1.00 0.00
0.90 0.70 -0.28 1.00 0.00
0.90 0.70 -0.10 1.00 0.00
0.90 0.70 0.07 1.00 0.00
0.90 0.70 0.25 1.00 0.00
0.90 0.70 0.42 1.00 0.00
0.90 0.70 0.60 1.00 0.00
0.90 0.70 0.77 1.00 0.00
0.90 0.70 0.95 1.00 0.00
0.90 0.70 1.12 1.00 0.00
0.90 0.70 1.29 1.00 0.00
0.90 0.70 1.47 1.00 0.00
0.90 0.70 1.64 1.00 0.00
0.90 0.70 1.82 1.00 0.00
1.10 0.70 -1.11 1.00 0.00
1.10 0.70 -0.94 1.00 0.00
1.10 0.70 -0.76 1.00 0.00
1.10 0.70 -0.59 1.00 0.00
1.10 0.70 -0.41 1.00 0.00
1.10 0.70 -0.24 1.00 0.00
1.10 0.70 -0.06 1.00 0.00
1.10 0.70 0.11 1.00 0.00
1.10 0.70 0.29 1.00 0.00
1.10 0.70 0.46 1.00 0.00
1.10 0.70 0.63 1.00 0.00
1.10 0.70 0.81 1.00 0.00
1.10 0.70 0.98 1.00 0.00
1.10 0.70 1.16 1.00 0.00
1.10 0.70 1.33 1.00 0.00
1.10 0.70 1.51 1.00 0.00
1.10 0.70 1.68 1.00 0.00
1.10 0.70 1.86 1.00 0.00
0.30 0.87 -1.25 1.00 0.00
0.30 0.87 -1.07 1.00 0.00
0.30 0.87 -0.90 1.00 0.00
0.30 0.87 -0.72 1.00 0.00
0.30 0.87 -0.55 1.00 0.00
0.30 0.87 -0.38 1.00 0.00
0.30 0.87 -0.20 1.00 0.00
0.30 0.87 -0.03 1.00 0.00
0.30 0.87 0.15 1.00 0.00
0.30 0.87 0.32 1.00 0.00
0.30 0.87 0.50 1.00 0.00
0.30 0.87 0.67 1.00 0.00
0.30 0.87 0.85 1.00 0.00
0.30 0.87 1.02 1.00 0.00
0.30 0.87 1.20 1.00 0.00
0.30 0.87 1.37 1.00 0.00
0.30 0.87 1.54 1.00 0.00
0.30 0.87 1.72 1.00 0.00
0.50 0.87 -1.21 1.00 0.00
0.50 0.87 -1.04 1.00 0.00
0.50 0.87 -0.86 1.00 0.00
0.50 0.87 -0.69 1.00 0.00
0.50 0.87 -0.51 1.00 0.00
0.50 0.87 -0.34 1.00 0.00
0.50 0.87 -0.17 1.00 0.00
0.50 0.87 0.01 1.00 0.00
0.50 0.87 0.18 1.00 0.00
0.50 0.87 0.36 1.00 0.00
0.50 0.87 0.53 1.00 0.00
0.50 0.87 0.71 1.00 0.00
0.50 0.87 0.88 1.00 0.00
0.50 0.87 1.06 1.00 0.00
0.50 0.87 1.23 1.00 0.00
0.50 0.87 1.41 1.00 0.00
0.50 0.87 1.58 1.00 0.00
0.50 0.87 1.75 1.00 0.00
0.70 0.87 -1.18 1.00 0.00
0.70 0.87 -1.00 1.00 0.00
0.70 0.87 -0.83 1.00 0.00
0.70 0.87 -0.65 1.00 0.00
0.70 0.87 -0.48 1.00 0.00
0.70 0.87 -0.30 1.00 0.00
0.70 0.87 -0.13 1.00 0.00
0.70 0.87 0.05 1.00 0.00
0.70 0.87 0.22 1.00 0.00
0.70 0.87 0.40 1.00 0.00
0.70 0.87 0.57 1.00 0.00
0.70 0.87 0.74 1.00 0.00
0.70 0.87 0.92 1.00 0.00
0.70 0.87 1.09 1.00 0.00
0.70 0.87 1.27 1.00 0.00
0.70 0.87 1.44 1.00 0.00
0.70 0.87 1.62 1.00 0.00
0.70 0.87 1.79 1.00 0.00
0.90 0.87 -1.14 1.00 0.00
0.90 0.87 -0.96 1.00 0.00
0.90 0.87 -0.79 1.00 0.00
0.90 0.87 -0.61 1.00 0.00
0.90 0.87 -0.44 1.00 0.00
0.90 0.87 -0.26 1.00 0.00
0.90 0.87 -0.09 1.00 0.00
0.90 0.87 0.08 1.00 0.00
0.90 0.87 0.26 1.00 0.00
0.90 0.87 0.43 1.00 0.00
0.90 0.87 0.61 1.00 0.00
0.90 0.87 0.78 1.00 0.00
0.90 0.87 0.96 1.00 0.00
0.90 0.87 1.13 1.00 0.00
0.90 0.87 1.31 1.00 0.00
0.90 0.87 1.48 1.00 0.00
0.90 0.87 1.66 1.00 0.00
0.90 0.87 1.83 1.00 0.00
1.10 0.87 -1.10 1.00 0.00
1.10 0.87 -0.92 1.00 0.00
1.10 0.87 -0.75 1.00 0.00
1.10 0.87 -0.58 1.00 0.00
1.10 0.87 -0.40 1.00 0.00
1.10 0.87 -0.23 1.00 0.00
1.10 0.87 -0.05 1.00 0.00
1.10 0.87 0.12 1.00 0.00
1.10 0.87 0.30 1.00 0.00
1.10 0.87 0.47 1.00 0.00
1.10 0.87 0.65 1.00 0.00
1.10 0.87 0.82 1.00 0.00
1.10 0.87 1.00 1.00 0.00
1.10 0.87 1.17 1.00 0.00
1.10 0.87 1.34 1.00 0.00
1.10 0.87 1.52 1.00 0.00
1.10 0.87 1.69 1.00 0.00
1.10 0.87 1.87 1.00 0.00
0.30 1.05 -1.25 1.00 0.00
0.30 1.05 -1.07 1.00 0.00
0.30 1.05 -0.90 1.00 0.00
0.30 1.05 -0.72 1.00 0.00
0.30 1.05 -0.55 1.00 0.00
0.30 1.05 -0.37 1.00 0.00
0.30 1.05 -0.20 1.00 0.00
0.30 1.05 -0.02 1.00 0.00
0.30 1.05 0.15 1.00 0.00
0.30 1.05 0.33 1.00 0.00
0.30 1.05 0.50 1.00 0.00
0.30 1.05 0.67 1.00 0.00
0.30 1.05 0.85 1.00 0.00
0.30 1.05 1.02 1.00 0.00
0.30 1.05 1.20 1.00 0.00
0.30 1.05 1.37 1.00 0.00
0.30 1.05 1.55 1.00 0.00
0.30 1.05 1.72 1.00 0.00
0.50 1.05 -1.21 1.00 0.00
0.50 1.05 -1.03 1.00 0.00
0.50 1.05 -0.86 1.00 0.00
0.50 1.05 -0.68 1.00 0.00
0.50 1.05 -0.51 1.00 0.00
0.50 1.05 -0.34 1.00 0.00
0.50 1.05 -0.16 1.00 0.00
0.50 1.05 0.01 1.00 0.00
0.50 1.05 0.19 1.00 0.00
0.50 1.05 0.36 1.00 0.00
0.50 1.05 0.54 1.00 0.00
0.50 1.05 0.71 1.00 0.00
0.50 1.05 0.89 1.00 0.00
0.50 1.05 1.06 1.00 0.00
0.50 1.05 1.24 1.00 0.00
0.50 1.05 1.41 1.00 0.00
0.50 1.05 1.58 1.00 0.00
0.50 1.05 1.76 1.00 0.00
0.70 1.05 -1.17 1.00 0.00
0.70 1.05 -1.00 1.00 0.00
0.70 1.05 -0.82 1.00 0.00
0.70 1.05 -0.65 1.00 0.00
0.70 1.05 -0.47 1.00 0.00
0.70 1.05 -0.30 1.00 0.00
0.70 1.05 -0.12 1.00 0.00
0.70 1.05 0.05 1.00 0.00
0.70 1.05 0.23 1.00 0.00
0.70 1.05 0.40 1.00 0.00
0.70 1.05 0.57 1.00 0.00
0.70 1.05 0.75 1.00 0.00
0.70 1.05 0.92 1.00 0.00
0.70 1.05 1.10 1.00 0.00
0.70 1.05 1.27 1.00 0.00
0.70 1.05 1.45 1.00 0.00
0.70 1.05 1.62 1.00 0.00
0.70 1.05 1.80 1.00 0.00
0.90 1.05 -1.13 1.00 0.00
0.90 1.05 -0.96 1.00 0.00
0.90 1.05 -0.78 1.00 0.00
0.90 1.05 -0.61 1.00 0.00
0.90 1.05 -0.43 1.00 0.00
0.90 1.05 -0.26 1.00 0.00
0.90 1.05 -0.08 1.00 0.00
0.90 1.05 0.09 1.00 0.00
0.90 1.05 0.26 1.00 0.00
0.90 1.05 0.44 1.00 0.00
0.90 1.05 0.61 1.00 0.00
0.90 1.05 0.79 1.00 0.00
0.90 1.05 0.96 1.00 0.00
0.90 1.05 1.14 1.00 0.00
0.90 1.05 1.31 1.00 0.00
0.90 1.05 1.49 1.00 0.00
0.90 1.05 1.66 1.00 0.00
0.90 1.05 1.83 1.00 0.00
1.10 1.05 -1.09 1.00 0.00
1.10 1.05 -0.92 1.00 0.00
1.10 1.05 -0.74 1.00 0.00
1.10 1.05 -0.57 1.00 0.00
1.10 1.05 -0.40 1.00 0.00
1.10 1.05 -0.22 1.00 0.00
1.10 1.05 -0.05 1.00 0.00
1.10 1.05 0.13 1.00 0.00
1.10 1.05 0.30 1.00 0.00
1.10 1.05 0.48 1.00 0.00
1.10 1.05 0.65 1.00 0.00
1.10 1.05 0.83 1.00 0.00
1.10 1.05 1.00 1.00 0.00
1.10 1.05 1.18 1.00 0.00
1.10 1.05 1.35 1.00 0.00
1.10 1.05 1.52 1.00 0.00
1.10 1.05 1.70 1.00 0.00
1.10 1.05 1.87 1.00 0.00
0.30 1.22 -1.24 1.00 0.00
0.30 1.22 -1.07 1.00 0.00
0.30 1.22 -0.90 1.00 0.00
0.30 1.22 -0.72 1.00 0.00
0.30 1.22 -0.55 1.00 0.00
0.30 1.22 -0.37 1.00 0.00
0.30 1.22 -0.20 1.00 0.00
0.30 1.22 -0.02 1.00 0.00
0.30 1.22 0.15 1.00 0.00
0.30 1.22 0.33 1.00 0.00
0.30 1.22 0.50 1.00 0.00
0.30 1.22 0.68 1.00 0.00
0.30 1.22 0.85 1.00 0.00
0.30 1.22 1.02 1.00 0.00
0.30 1.22 1.20 1.00 0.00
0.30 1.22 1.37 1.00 0.00
0.30 1.22 1.55 1.00 0.00
0.30 1.22 1.72 1.00 0.00
0.50 1.22 -1.21 1.00 0.00
0.50 1.22 -1.03 1.00 0.00
0.50 1.22 -0.86 1.00 0.00
0.50 1.22 -0.68 1.00 0.00
0.50 1.22 -0.51 1.00 0.00
0.50 1.22 -0.33 1.00 0.00
0.50 1.22 -0.16 1.00 0.00
0.50 1.22 0.01 1.00 0.00
0.50 1.22 0.19 1.00 0.00
0.50 1.22 0.36 1.00 0.00
0.50 1.22 0.54 1.00 0.00
0.50 1.22 0.71 1.00 0.00
0.50 1.22 0.89 1.00 0.00
0.50 1.22 1.06 1.00 0.00
0.50 1.22 1.24 1.00 0.00
0.50 1.22 1.41 1.00 0.00
0.50 1.22 1.59 1.00 0.00
0.50 1.22 1.76 1.00 0.00
0.70 1.22 -1.17 1.00 0.00
0.70 1.22 -0.99 1.00 0.00
0.70 1.22 -0.82 1.00 0.00
0.70 1.22 -0.65 1.00 0.00
0.70 1.22 -0.47 1.00 0.00
0.70 1.22 -0.30 1.00 0.00
0.70 1.22 -0.12 1.00 0.00
0.70 1.22 0.05 1.00 0.00
0.70 1.22 0.23 1.00 0.00
0.70 1.22 0.40 1.00 0.00
0.70 1.22 0.58 1.00 0.00
0.70 1.22 0.75 1.00 0.00
0.70 1.22 0.92 1.00 0.00
0.70 1.22 1.10 1.00 0.00
0.70 1.22 1.27 1.00 0.00
0.70 1.22 1.45 1.00 0.00
0.70 1.22 1.62 1.00 0.00
0.70 1.22 1.80 1.00 0.00
0.90 1.22 -1.13 1.00 0.00
0.90 1.22 -0.96 1.00 0.00
0.90 1.22 -0.78 1.00 0.00
0.90 1.22 -0.61 1.00 0.00
0.90 1.22 -0.43 1.00 0.00
0.90 1.22 -0.26 1.00 0.00
0.90 1.22 -0.08 1.00 0.00
0.90 1.22 0.09 1.00 0.00
0.90 1.22 0.26 1.00 0.00
0.90 1.22 0.44 1.00 0.00
0.90 1.22 0.61 1.00 0.00
0.90 1.22 0.79 1.00 0.00
0.90 1.22 0.96 1.00 0.00
0.90 1.22 1.14 1.00 0.00
0.90 1.22 1.31 1.00 0.00
0.90 1.22 1.49 1.00 0.00
0.90 1.22 1.66 1.00 0.00
0.90 1.22 1.83 1.00 0.00
1.10 1.22 -1.10 1.00 0.00
1.10 1.22 -0.92 1.00 0.00
1.10 1.22 -0.75 1.00 0.00
1.10 1.22 -0.57 1.00 0.00
1.10 1.22 -0.40 1.00 0.00
1.10 1.22 -0.22 1.00 0.00
1.10 1.22 -0.05 1.00 0.00
1.10 1.22 0.13 1.00 0.00
1.10 1.22 0.30 1.00 0.00
1.10 1.22 0.48 1.00 0.00
1.10 1.22 0.65 1.00 0.00
1.10 1.22 0.82 1.00 0.00
1.10 1.22 1.00 1.00 0.00
1.10 1.22 1.17 1.00 0.00
1.10 1.22 1.35 1.00 0.00
1.10 1.22 1.52 1.00 0.00
1.10 1.22 1.70 1.00 0.00
1.10 1.22 1.87 1.00 0.00
0.30 1.40 -1.25 1.00 0.00
0.30 1.40 -1.07 1.00 0.00
0.30 1.40 -0.90 1.00 0.00
0.30 1.40 -0.72 1.00 0.00
0.30 1.40 -0.55 1.00 0.00
0.30 1.40 -0.37 1.00 0.00
0.30 1.40 -0.20 1.00 0.00
0.30 1.40 -0.02 1.00 0.00
0.30 1.40 0.15 1.00 0.00
0.30 1.40 0.33 1.00 0.00
0.30 1.40 0.50 1.00 0.00
0.30 1.40 0.67 1.00 0.00
0.30 1.40 0.85 1.00 0.00
0.30 1.40 1.02 1.00 0.00
0.30 1.40 1.20 1.00 0.00
0.30 1.40 1.37 1.00 0.00
0.30 1.40 1.55 1.00 0.00
0.30 1.40 1.72 1.00 0.00
0.50 1.40 -1.21 1.00 0.00
0.50 1.40 -1.03 1.00 0.00
0.50 1.40 -0.86 1.00 0.00
0.50 1.40 -0.69 1.00 0.00
0.50 1.40 -0.51 1.00 0.00
0.50 1.40 -0.34 1.00 0.00
0.50 1.40 -0.16 1.00 0.00
0.50 1.40 0.01 1.00 0.00
0.50 1.40 0.19 1.00 0.00
0.50 1.40 0.36 1.00 0.00
0.50 1.40 0.54 1.00 0.00
0.50 1.40 0.71 1.00 0.00
0.50 1.40 0.89 1.00 0.00
0.50 1.40 1.06 1.00 0.00
0.50 1.40 1.23 1.00 0.00
0.50 1.40 1.41 1.00 0.00
0.50 1.40 1.58 1.00 0.00
0.50 1.40 1.76 1.00 0.00
0.70 1.40 -1.17 1.00 0.00
0.70 1.40 -1.00 1.00 0.00
0.70 1.40 -0.82 1.00 0.00
0.70 1.40 -0.65 1.00 0.00
0.70 1.40 -0.47 1.00 0.00
0.70 1.40 -0.30 1.00 0.00
0.70 1.40 -0.13 1.00 0.00
0.70 1.40 0.05 1.00 0.00
0.70 1.40 0.22 1.00 0.00
0.70 1.40 0.40 1.00 0.00
0.70 1.40 0.57 1.00 0.00
0.70 1.40 0.75 1.00 0.00
0.70 1.40 0.92 1.00 0.00
0.70 1.40 1.10 1.00 0.00
0.70 1.40 1.27 1.00 0.00
0.70 1.40 1.45 1.00 0.00
0.70 1.40 1.62 1.00 0.00
0.70 1.40 1.79 1.00 0.00
0.90 1.40 -1.14 1.00 0.00
0.90 1.40 -0.96 1.00 0.00
0.90 1.40 -0.79 1.00 0.00
0.90 1.40 -0.61 1.00 0.00
0.90 1.40 -0.44 1.00 0.00
0.90 1.40 -0.26 1.00 0.00
0.90 1.40 -0.09 1.00 0.00
0.90 1.40 0.08 1.00 0.00
0.90 1.40 0.26 1.00 0.00
0.90 1.40 0.43 1.00 0.00
0.90 1.40 0.61 1.00 0.00
0.90 1.40 0.78 1.00 0.00
0.90 1.40 0.96 1.00 0.00
0.90 1.40 1.13 1.00 0.00
0.90 1.40 1.31 1.00 0.00
0.90 1.40 1.48 1.00 0.00
0.90 1.40 1.66 1.00 0.00
0.90 1.40 1.83 1.00 0.00
1.10 1.40 -1.10 1.00 0.00
1.10 1.40 -0.93 1.00 0.00
1.10 1.40 -0.75 1.00 0.00
1.10 1.40 -0.58 1.00 0.00
1.10 1.40 -0.40 1.00 0.00
1.10 1.40 -0.23 1.00 0.00
1.10 1.40 -0.06 1.00 0.00
1.10 1.40 0.12 1.00 0.00
1.10 1.40 0.29 1.00 0.00
1.10 1.40 0.47 1.00 0.00
1.10 1.40 0.64 1.00 0.00
1.10 1.40 0.82 1.00 0.00
1.10 1.40 0.99 1.00 0.00
1.10 1.40 1.17 1.00 0.00
1.10 1.40 1.34 1.00 0.00
1.10 1.40 1.52 1.00 0.00
1.10 1.40 1.69 1.00 0.00
1.10 1.40 1.86 1.00 0.00
0.30 1.57 -1.25 1.00 0.00
0.30 1.57 -1.07 1.00 0.00
0.30 1.57 -0.90 1.00 0.00
0.30 1.57 -0.72 1.00 0.00
0.30 1.57 -0.55 1.00 0.00
0.30 1.57 -0.37 1.00 0.00
0.30 1.57 -0.20 1.00 0.00
0.30 1.57 -0.03 1.00 0.00
0.30 1.57 0.15 1.00 0.00
0.30 1.57 0.32 1.00 0.00
0.30 1.57 0.50 1.00 0.00
0.30 1.57 0.67 1.00 0.00
0.30 1.57 0.85 1.00 0.00
0.30 1.57 1.02 1.00 0.00
0.30 1.57 1.20 1.00 0.00
0.30 1.57 1.37 1.00 0.00
0.30 1.57 1.55 1.00 0.00
0.30 1.57 1.72 1.00 0.00
0.50 1.57 -1.21 1.00 0.00
0.50 1.57 -1.04 1.00 0.00
0.50 1.57 -0.86 1.00 0.00
0.50 1.57 -0.69 1.00 0.00
0.50 1.57 -0.51 1.00 0.00
0.50 1.57 -0.34 1.00 0.00
0.50 1.57 -0.17 1.00 0.00
0.50 1.57 0.01 1.00 0.00
0.50 1.57 0.18 1.00 0.00
0.50 1.57 0.36 1.00 0.00
0.50 1.57 0.53 1.00 0.00
0.50 1.57 0.71 1.00 0.00
0.50 1.57 0.88 1.00 0.00
0.50 1.57 1.06 1.00 0.00
0.50 1.57 1.23 1.00 0.00
0.50 1.57 1.41 1.00 0.00
0.50 1.57 1.58 1.00 0.00
0.50 1.57 1.75 1.00 0.00
0.70 1.57 -1.18 1.00 0.00
0.70 1.57 -1.00 1.00 0.00
0.70 1.57 -0.83 1.00 0.00
0.70 1.57 -0.66 1.00 0.00
0.70 1.57 -0.48 1.00 0.00
0.70 1.57 -0.31 1.00 0.00
0.70 1.57 -0.13 1.00 0.00
0.70 1.57 0.04 1.00 0.00
0.70 1.57 0.22 1.00 0.00
0.70 1.57 0.39 1.00 0.00
0.70 1.57 0.57 1.00 0.00
0.70 1.57 0.74 1.00 0.00
0.70 1.57 0.92 1.00 0.00
0.70 1.57 1.09 1.00 0.00
0.70 1.57 1.26 1.00 0.00
0.70 1.57 1.44 1.00 0.00
0.70 1.57 1.61 1.00 0.00
0.70 1.57 1.79 1.00 0.00
0.90 1.57 -1.15 1.00 0.00
0.90 1.57 -0.97 1.00 0.00
0.90 1.57 -0.80 1.00 0.00
0.90 1.57 -0.62 1.00 0.00
0.90 1.57 -0.45 1.00 0.00
0.90 1.57 -0.27 1.00 0.00
0.90 1.57 -0.10 1.00 0.00
0.90 1.57 0.08 1.00 0.00
0.90 1.57 0.25 1.00 0.00
0.90 1.57 0.42 1.00 0.00
0.90 1.57 0.60 1.00 0.00
0.90 1.57 0.77 1.00 0.00
0.90 1.57 0.95 1.00 0.00
0.90 1.57 1.12 1.00 0.00
0.90 1.57 1.30 1.00 0.00
0.90 1.57 1.47 1.00 0.00
0.90 1.57 1.65 1.00 0.00
0.90 1.57 1.82 1.00 0.00
1.10 1.57 -1.11 1.00 0.00
1.10 1.57 -0.94 1.00 0.00
1.10 1.57 -0.77 1.00 0.00
1.10 1.57 -0.59 1.00 0.00
1.10 1.57 -0.42 1.00 0.00
1.10 1.57 -0.24 1.00 0.00
1.10 1.57 -0.07 1.00 0.00
1.10 1.57 0.11 1.00 0.00
1.10 1.57 0.28 1.00 0.00
1.10 1.57 0.46 1.00 0.00
1.10 1.57 0.63 1.00 0.00
1.10 1.57 0.81 1.00 0.00
1.10 1.57 0.98 1.00 0.00
1.10 1.57 1.15 1.00 0.00
1.10 1.57 1.33 1.00 0.00
1.10 1.57 1.50 1.00 0.00
1.10 1.57 1.68 1.00 0.00
1.10 1.57 1.85 1.00 0.00
0.30 1.75 -1.25 1.00 0.00
0.30 1.75 -1.08 1.00 0.00
0.30 1.75 -0.90 1.00 0.00
0.30 1.75 -0.73 1.00 0.00
0.30 1.75 -0.55 1.00 0.00
0.30 1.75 -0.38 1.00 0.00
0.30 1.75 -0.20 1.00 0.00
0.30 1.75 -0.03 1.00 0.00
0.30 1.75 0.15 1.00 0.00
0.30 1.75 0.32 1.00 0.00
0.30 1.75 0.49 1.00 0.00
0.30 1.75 0.67 1.00 0.00
0.30 1.75 0.84 1.00 0.00
0.30 1.75 1.02 1.00 0.00
0.30 1.75 1.19 1.00 0.00
0.30 1.75 1.37 1.00 0.00
0.30 1.75 1.54 1.00 0.00
0.30 1.75 1.72 1.00 0.00
0.50 1.75 -1.22 1.00 0.00
0.50 1.75 -1.05 1.00 0.00
0.50 1.75 -0.87 1.00 0.00
0.50 1.75 -0.70 1.00 0.00
0.50 1.75 -0.52 1.00 0.00
0.50 1.75 -0.35 1.00 0.00
0.50 1.75 -0.17 1.00 0.00
0.50 1.75 0.00 1.00 0.00
0.50 1.75 0.18 1.00 0.00
0.50 1.75 0.35 1.00 0.00
0.50 1.75 0.53 1.00 0.00
0.50 1.75 0.70 1.00 0.00
0.50 1.75 0.87 1.00 0.00
0.50 1.75 1.05 1.00 0.00
0.50 1.75 1.22 1.00 0.00
0.50 1.75 1.40 1.00 0.00
0.50 1.75 1.57 1.00 0.00
0.50 1.75 1.75 1.00 0.00
0.70 1.75 -1.19 1.00 0.00
0.70 1.75 -1.01 1.00 0.00
0.70 1.75 -0.84 1.00 0.00
0.70 1.75 -0.67 1.00 0.00
0.70 1.75 -0.49 1.00 0.00
0.70 1.75 -0.32 1.00 0.00
0.70 1.75 -0.14 1.00 0.00
0.70 1.75 0.03 1.00 0.00
0.70 1.75 0.21 1.00 0.00
0.70 1.75 0.38 1.00 0.00
0.70 1.75 0.56 1.00 0.00
0.70 1.75 0.73 1.00 0.00
0.70 1.75 0.91 1.00 0.00
0.70 1.75 1.08 1.00 0.00
0.70 1.75 1.25 1.00 0.00
0.70 1.75 1.43 1.00 0.00
0.70 1.75 1.60 1.00 0.00
0.70 1.75 1.78 1.00 0.00
0.90 1.75 -1.16 1.00 0.00
0.90 1.75 -0.99 1.00 0.00
0.90 1.75 -0.81 1.00 0.00
0.90 1.75 -0.64 1.00 0.00
0.90 1.75 -0.46 1.00 0.00
0.90 1.75 -0.29 1.00 0.00
0.90 1.75 -0.11 1.00 0.00
0.90 1.75 0.06 1.00 0.00
0.90 1.75 0.24 1.00 0.00
0.90 1.75 0.41 1.00 0.00
0.90 1.75 0.59 1.00 0.00
0.90 1.75 0.76 1.00 0.00
0.90 1.75 0.93 1.00 0.00
0.90 1.75 1.11 1.00 0.00
0.90 1.75 1.28 1.00 0.00
0.90 1.75 1.46 1.00 0.00
0.90 1.75 1.63 1.00 0.00
0.90 1.75 1.81 1.00 0.00
1.10 1.75 -1.13 1.00 0.00
1.10 1.75 -0.96 1.00 0.00
1.10 1.75 -0.78 1.00 0.00
1.10 1.75 -0.61 1.00 0.00
1.10 1.75 -0.43 1.00 0.00
1.10 1.75 -0.26 1.00 0.00
1.10 1.75 -0.08 1.00 0.00
1.10 1.75 0.09 1.00 0.00
1.10 1.75 0.26 1.00 0.00
1.10 1.75 0.44 1.00 0.00
1.10 1.75 0.61 1.00 0.00
1.10 1.75 0.79 1.00 0.00
1.10 1.75 0.96 1.00 0.00
1.10 1.75 1.14 1.00 0.00
1.10 1.75 1.31 1.00 0.00
1.10 1.75 1.49 1.00 0.00
1.10 1.75 1.66 1.00 0.00
1.10 1.75 1.84 1.00 0.00
0.30 1.92 -1.26 1.00 0.00
0.30 1.92 -1.08 1.00 0.00
0.30 1.92 -0.91 1.00 0.00
0.30 1.92 -0.73 1.00 0.00
0.30 1.92 -0.56 1.00 0.00
0.30 1.92 -0.38 1.00 0.00
0.30 1.92 -0.21 1.00 0.00
0.30 1.92 -0.03 1.00 0.00
0.30 1.92 0.14 1.00 0.00
0.30 1.92 0.31 1.00 0.00
0.30 1.92 0.49 1.00 0.00
0.30 1.92 0.66 1.00 0.00
0.30 1.92 0.84 1.00 0.00
0.30 1.92 1.01 1.00 0.00
0.30 1.92 1.19 1.00 0.00
0.30 1.92 1.36 1.00 0.00
0.30 1.92 1.54 1.00 0.00
0.30 1.92 1.71 1.00 0.00
0.50 1.92 -1.23 1.00 0.00
0.50 1.92 -1.05 1.00 0.00
0.50 1.92 -0.88 1.00 0.00
0.50 1.92 -0.70 1.00 0.00
0.50 1.92 -0.53 1.00 0.00
0.50 1.92 -0.36 1.00 0.00
0.50 1.92 -0.18 1.00 0.00
0.50 1.92 -0.01 1.00 0.00
0.50 1.92 0.17 1.00 0.00
0.50 1.92 0.34 1.00 0.00
0.50 1.92 0.52 1.00 0.00
0.50 1.92 0.69 1.00 0.00
0.50 1.92 0.87 1.00 0.00
0.50 1.92 1.04 1.00 0.00
0.50 1.92 1.21 1.00 0.00
0.50 1.92 1.39 1.00 0.00
0.50 1.92 1.56 1.00 0.00
0.50 1.92 1.74 1.00 0.00
0.70 1.92 -1.20 1.00 0.00
0.70 1.92 -1.03 1.00 0.00
0.70 1.92 -0.85 1.00 0.00
0.70 1.92 -0.68 1.00 0.00
0.70 1.92 -0.50 1.00 0.00
0.70 1.92 -0.33 1.00 0.00
0.70 1.92 -0.15 1.00 0.00
0.70 1.92 0.02 1.00 0.00
0.70 1.92 0.19 1.00 0.00
0.70 1.92 0.37 1.00 0.00
0.70 1.92 0.54 1.00 0.00
0.70 1.92 0.72 1.00 0.00
0.70 1.92 0.89 1.00 0.00
0.70 1.92 1.07 1.00 0.00
0.70 1.92 1.24 1.00 0.00
0.70 1.92 1.42 1.00 0.00
0.70 1.92 1.59 1.00 0.00
0.70 1.92 1.77 1.00 0.00
0.90 1.92 -1.18 1.00 0.00
0.90 1.92 -1.00 1.00 0.00
0.90 1.92 -0.83 1.00 0.00
0.90 1.92 -0.65 1.00 0.00
0.90 1.92 -0.48 1.00 0.00
0.90 1.92 -0.30 1.00 0.00
0.90 1.92 -0.13 1.00 0.00
0.90 1.92 0.05 1.00 0.00
0.90 1.92 0.22 1.00 0.00
0.90 1.92 0.39 1.00 0.00
0.90 1.92 0.57 1.00 0.00
0.90 1.92 0.74 1.00 0.00
0.90 1.92 0.92 1.00 0.00
0.90 1.92 1.09 1.00 0.00
0.90 1.92 1.27 1.00 0.00
0.90 1.92 1.44 1.00 0.00
0.90 1.92 1.62 1.00 0.00
0.90 1.92 1.79 1.00 0.00
1.10 1.92 -1.15 1.00 0.00
1.10 1.92 -0.98 1.00 0.00
1.10 1.92 -0.80 1.00 0.00
1.10 1.92 -0.63 1.00 0.00
1.10 1.92 -0.45 1.00 0.00
1.10 1.92 -0.28 1.00 0.00
1.10 1.92 -0.10 1.00 0.00
1.10 1.92 0.07 1.00 0.00
1.10 1.92 0.24 1.00 0.00
1.10 1.92 0.42 1.00 0.00
1.10 1.92 0.59 1.00 0.00
1.10 1.92 0.77 1.00 0.00
1.10 1.92 0.94 1.00 0.00
1.10 1.92 1.12 1.00 0.00
1.10 1.92 1.29 1.00 0.00
1.10 1.92 1.47 1.00 0.00
1.10 1.92 1.64 1.00 0.00
1.10 1.92 1.81 1.00 0.00
0.30 2.09 -1.26 1.00 0.00
0.30 2.09 -1.09 1.00 0.00
0.30 2.09 -0.91 1.00 0.00
0.30 2.09 -0.74 1.00 0.00
0.30 2.09 -0.56 1.00 0.00
0.30 2.09 -0.39 1.00 0.00
0.30 2.09 -0.22 1.00 0.00
0.30 2.09 -0.04 1.00 0.00
0.30 2.09 0.13 1.00 0.00
0.30 2.09 0.31 1.00 0.00
0.30 2.09 0.48 1.00 0.00
0.30 2.09 0.66 1.00 0.00
0.30 2.09 0.83 1.00 0.00
0.30 2.09 1.01 1.00 0.00
0.30 2.09 1.18 1.00 0.00
0.30 2.09 1.36 1.00 0.00
0.30 2.09 1.53 1.00 0.00
0.30 2.09 1.70 1.00 0.00
0.50 2.09 -1.24 1.00 0.00
0.50 2.09 -1.06 1.00 0.00
0.50 2.09 -0.89 1.00 0.00
0.50 2.09 -0.72 1.00 0.00
0.50 2.09 -0.54 1.00 0.00
0.50 2.09 -0.37 1.00 0.00
0.50 2.09 -0.19 1.00 0.00
0.50 2.09 -0.02 1.00 0.00
0.50 2.09 0.16 1.00 0.00
0.50 2.09 0.33 1.00 0.00
0.50 2.09 0.51 1.00 0.00
0.50 2.09 0.68 1.00 0.00
0.50 2.09 0.86 1.00 0.00
0.50 2.09 1.03 1.00 0.00
0.50 2.09 1.20 1.00 0.00
0.50 2.09 1.38 1.00 0.00
0.50 2.09 1.55 1.00 0.00
0.50 2.09 1.73 1.00 0.00
0.70 2.09 -1.22 1.00 0.00
0.70 2.09 -1.04 1.00 0.00
0.70 2.09 -0.87 1.00 0.00
0.70 2.09 -0.69 1.00 0.00
0.70 2.09 -0.52 1.00 0.00
0.70 2.09 -0.34 1.00 0.00
0.70 2.09 -0.17 1.00 0.00
0.70 2.09 0.00 1.00 0.00
0.70 2.09 0.18 1.00 0.00
0.70 2.09 0.35 1.00 0.00
0.70 2.09 0.53 1.00 0.00
0.70 2.09 0.70 1.00 0.00
0.70 2.09 0.88 1.00 0.00
0.70 2.09 1.05 1.00 0.00
0.70 2.09 1.23 1.00 0.00
0.70 2.09 1.40 1.00 0.00
0.70 2.09 1.58 1.00 0.00
0.70 2.09 1.75 1.00 0.00
0.90 2.09 -1.20 1.00 0.00
0.90 2.09 -1.02 1.00 0.00
0.90 2.09 -0.85 1.00 0.00
0.90 2.09 -0.67 1.00 0.00
0.90 2.09 -0.50 1.00 0.00
0.90 2.09 -0.32 1.00 0.00
0.90 2.09 -0.15 1.00 0.00
0.90 2.09 0.03 1.00 0.00
0.90 2.09 0.20 1.00 0.00
0.90 2.09 0.38 1.00 0.00
0.90 2.09 0.55 1.00 0.00
0.90 2.09 0.72 1.00 0.00
0.90 2.09 0.90 1.00 0.00
0.90 2.09 1.07 1.00 0.00
0.90 2.09 1.25 1.00 0.00
0.90 2.09 1.42 1.00 0.00
0.90 2.09 1.60 1.00 0.00
0.90 2.09 1.77 1.00 0.00
1.10 2.09 -1.18 1.00 0.00
1.10 2.09 -1.00 1.00 0.00
1.10 2.09 -0.83 1.00 0.00
1.10 2.09 -0.65 1.00 0.00
1.10 2.09 -0.48 1.00 0.00
1.10 2.09 -0.30 1.00 0.00
1.10 2.09 -0.13 1.00 0.00
1.10 2.09 0.05 1.00 0.00
1.10 2.09 0.22 1.00 0.00
1.10 2.09 0.40 1.00 0.00
1.10 2.09 0.57 1.00 0.00
1.10 2.09 0.74 1.00 0.00
1.10 2.09 0.92 1.00 0.00
1.10 2.09 1.09 1.00 0.00
1.10 2.09 1.27 1.00 0.00
1.10 2.09 1.44 1.00 0.00
1.10 2.09 1.62 1.00 0.00
1.10 2.09 1.79 1.00 0.00
0.30 2.27 -1.27 1.00 0.00
0.30 2.27 -1.10 1.00 0.00
0.30 2.27 -0.92 1.00 0.00
0.30 2.27 -0.75 1.00 0.00
0.30 2.27 -0.57 1.00 0.00
0.30 2.27 -0.40 1.00 0.00
0.30 2.27 -0.22 1.00 0.00
0.30 2.27 -0.05 1.00 0.00
0.30 2.27 0.13 1.00 0.00
0.30 2.27 0.30 1.00 0.00
0.30 2.27 0.48 1.00 0.00
0.30 2.27 0.65 1.00 0.00
0.30 2.27 0.82 1.00 0.00
0.30 2.27 1.00 1.00 0.00
0.30 2.27 1.17 1.00 0.00
0.30 2.27 1.35 1.00 0.00
0.30 2.27 1.52 1.00 0.00
0.30 2.27 1.70 1.00 0.00
0.50 2.27 -1.25 1.00 0.00
0.50 2.27 -1.08 1.00 0.00
0.50 2.27 -0.90 1.00 0.00
0.50 2.27 -0.73 1.00 0.00
0.50 2.27 -0.55 1.00 0.00
0.50 2.27 -0.38 1.00 0.00
0.50 2.27 -0.20 1.00 0.00
0.50 2.27 -0.03 1.00 0.00
0.50 2.27 0.14 1.00 0.00
0.50 2.27 0.32 1.00 0.00
0.50 2.27 0.49 1.00 0.00
0.50 2.27 0.67 1.00 0.00
0.50 2.27 0.84 1.00 0.00
0.50 2.27 1.02 1.00 0.00
0.50 2.27 1.19 1.00 0.00
0.50 2.27 1.37 1.00 0.00
0.50 2.27 1.54 1.00 0.00
0.50 2.27 1.72 1.00 0.00
0.70 2.27 -1.23 1.00 0.00
0.70 2.27 -1.06 1.00 0.00
0.70 2.27 -0.88 1.00 0.00
0.70 2.27 -0.71 1.00 0.00
0.70 2.27 -0.54 1.00 0.00
0.70 2.27 -0.36 1.00 0.00
0.70 2.27 -0.19 1.00 0.00
0.70 2.27 -0.01 1.00 0.00
0.70 2.27 0.16 1.00 0.00
0.70 2.27 0.34 1.00 0.00
0.70 2.27 0.51 1.00 0.00
0.70 2.27 0.69 1.00 0.00
0.70 2.27 0.86 1.00 0.00
0.70 2.27 1.04 1.00 0.00
0.70 2.27 1.21 1.00 0.00
0.70 2.27 1.38 1.00 0.00
0.70 2.27 1.56 1.00 0.00
0.70 2.27 1.73 1.00 0.00
0.90 2.27 -1.22 1.00 0.00
0.90 2.27 -1.04 1.00 0.00
0.90 2.27 -0.87 1.00 0.00
0.90 2.27 -0.69 1.00 0.00
0.90 2.27 -0.52 1.00 0.00
0.90 2.27 -0.34 1.00 0.00
0.90 2.27 -0.17 1.00 0.00
0.90 2.27 0.00 1.00 0.00
0.90 2.27 0.18 1.00 0.00
0.90 2.27 0.35 1.00 0.00
0.90 2.27 0.53 1.00 0.00
0.90 2.27 0.70 1.00 0.00
0.90 2.27 0.88 1.00 0.00
0.90 2.27 1.05 1.00 0.00
0.90 2.27 1.23 1.00 0.00
0.90 2.27 1.40 1.00 0.00
0.90 2.27 1.58 1.00 0.00
0.90 2.27 1.75 1.00 0.00
1.10 2.27 -1.20 1.00 0.00
1.10 2.27 -1.03 1.00 0.00
1.10 2.27 -0.85 1.00 0.00
1.10 2.27 -0.68 1.00 0.00
1.10 2.27 -0.50 1.00 0.00
1.10 2.27 -0.33 1.00 0.00
1.10 2.27 -0.15 1.00 0.00
1.10 2.27 0.02 1.00 0.00
1.10 2.27 0.19 1.00 0.00
1.10 2.27 0.37 1.00 0.00
1.10 2.27 0.54 1.00 0.00
1.10 2.27 0.72 1.00 0.00
1.10 2.27 0.89 1.00 0.00
1.10 2.27 1.07 1.00 0.00
1.10 2.27 1.24 1.00 0.00
1.10 2.27 1.42 1.00 0.00
1.10 2.27 1.59 1.00 0.00
1.10 2.27 1.77 1.00 0.00
0.30 2.44 -1.28 1.00 0.00
0.30 2.44 -1.10 1.00 0.00
0.30 2.44 -0.93 1.00 0.00
0.30 2.44 -0.75 1.00 0.00
0.30 2.44 -0.58 1.00 0.00
0.30 2.44 -0.41 1.00 0.00
0.30 2.44 -0.23 1.00 0.00
0.30 2.44 -0.06 1.00 0.00
0.30 2.44 0.12 1.00 0.00
0.30 2.44 0.29 1.00 0.00
0.30 2.44 0.47 1.00 0.00
0.30 2.44 0.64 1.00 0.00
0.30 2.44 0.82 1.00 0.00
0.30 2.44 0.99 1.00 0.00
0.30 2.44 1.16 1.00 0.00
0.30 2.44 1.34 1.00 0.00
0.30 2.44 1.51 1.00 0.00
0.30 2.44 1.69 1.00 0.00
0.50 2.44 -1.26 1.00 0.00
0.50 2.44 -1.09 1.00 0.00
0.50 2.44 -0.92 1.00 0.00
0.50 2.44 -0.74 1.00 0.00
0.50 2.44 -0.57 1.00 0.00
0.50 2.44 -0.39 1.00 0.00
0.50 2.44 -0.22 1.00 0.00
0.50 2.44 -0.04 1.00 0.00
0.50 2.44 0.13 1.00 0.00
0.50 2.44 0.31 1.00 0.00
0.50 2.44 0.48 1.00 0.00
0.50 2.44 0.65 1.00 0.00
0.50 2.44 0.83 1.00 0.00
0.50 2.44 1.00 1.00 0.00
0.50 2.44 1.18 1.00 0.00
0.50 2.44 1.35 1.00 0.00
0.50 2.44 1.53 1.00 0.00
0.50 2.44 1.70 1.00 0.00
0.70 2.44 -1.25 1.00 0.00
0.70 2.44 -1.08 1.00 0.00
0.70 2.44 -0.90 1.00 0.00
0.70 2.44 -0.73 1.00 0.00
0.70 2.44 -0.55 1.00 0.00
0.70 2.44 -0.38 1.00 0.00
0.70 2.44 -0.20 1.00 0.00
0.70 2.44 -0.03 1.00 0.00
0.70 2.44 0.14 1.00 0.00
0.70 2.44 0.32 1.00 0.00
0.70 2.44 0.49 1.00 0.00
0.70 2.44 0.67 1.00 0.00
0.70 2.44 0.84 1.00 0.00
0.70 2.44 1.02 1.00 0.00
0.70 2.44 1.19 1.00 0.00
0.70 2.44 1.37 1.00 0.00
0.70 2.44 1.54 1.00 0.00
0.70 2.44 1.71 1.00 0.00
0.90 2.44 -1.24 1.00 0.00
0.90 2.44 -1.07 1.00 0.00
0.90 2.44 -0.89 1.00 0.00
0.90 2.44 -0.72 1.00 0.00
0.90 2.44 -0.54 1.00 0.00
0.90 2.44 -0.37 1.00 0.00
0.90 2.44 -0.19 1.00 0.00
0.90 2.44 -0.02 1.00 0.00
0.90 2.44 0.16 1.00 0.00
0.90 2.44 0.33 1.00 0.00
0.90 2.44 0.51 1.00 0.00
0.90 2.44 0.68 1.00 0.00
0.90 2.44 0.85 1.00 0.00
0.90 2.44 1.03 1.00 0.00
0.90 2.44 1.20 1.00 0.00
0.90 2.44 1.38 1.00 0.00
0.90 2.44 1.55 1.00 0.00
0.90 2.44 1.73 1.00 0.00
1.10 2.44 -1.23 1.00 0.00
1.10 2.44 -1.05 1.00 0.00
1.10 2.44 -0.88 1.00 0.00
1.10 2.44 -0.71 1.00 0.00
1.10 2.44 -0.53 1.00 0.00
1.10 2.44 -0.36 1.00 0.00
1.10 2.44 -0.18 1.00 0.00
1.10 2.44 -0.01 1.00 0.00
1.10 2.44 0.17 1.00 0.00
1.10 2.44 0.34 1.00 0.00
1.10 2.44 0.52 1.00 0.00
1.10 2.44 0.69 1.00 0.00
1.10 2.44 0.87 1.00 0.00
1.10 2.44 1.04 1.00 0.00
1.10 2.44 1.21 1.00 0.00
1.10 2.44 1.39 1.00 0.00
1.10 2.44 1.56 1.00 0.00
1.10 2.44 1.74 1.00 0.00
0.30 2.62 -1.29 1.00 0.00
0.30 2.62 -1.11 1.00 0.00
0.30 2.62 -0.94 1.00 0.00
0.30 2.62 -0.76 1.00 0.00
0.30 2.62 -0.59 1.00 0.00
0.30 2.62 -0.41 1.00 0.00
0.30 2.62 -0.24 1.00 0.00
0.30 2.62 -0.07 1.00 0.00
0.30 2.62 0.11 1.00 0.00
0.30 2.62 0.28 1.00 0.00
0.30 2.62 0.46 1.00 0.00
0.30 2.62 0.63 1.00 0.00
0.30 2.62 0.81 1.00 0.00
0.30 2.62 0.98 1.00 0.00
0.30 2.62 1.16 1.00 0.00
0.30 2.62 1.33 1.00 0.00
0.30 2.62 1.51 1.00 0.00
0.30 2.62 1.68 1.00 0.00
0.50 2.62 -1.28 1.00 0.00
0.50 2.62 -1.10 1.00 0.00
0.50 2.62 -0.93 1.00 0.00
0.50 2.62 -0.76 1.00 0.00
0.50 2.62 -0.58 1.00 0.00
0.50 2.62 -0.41 1.00 0.00
0.50 2.62 -0.23 1.00 0.00
0.50 2.62 -0.06 1.00 0.00
0.50 2.62 0.12 1.00 0.00
0.50 2.62 0.29 1.00 0.00
0.50 2.62 0.47 1.00 0.00
0.50 2.62 0.64 1.00 0.00
0.50 2.62 0.82 1.00 0.00
0.50 2.62 0.99 1.00 0.00
0.50 2.62 1.16 1.00 0.00
0.50 2.62 1.34 1.00 0.00
0.50 2.62 1.51 1.00 0.00
0.50 2.62 1.69 1.00 0.00
0.70 2.62 -1.27 1.00 0.00
0.70 2.62 -1.10 1.00 0.00
0.70 2.62 -0.92 1.00 0.00
0.70 2.62 -0.75 1.00 0.00
0.70 2.62 -0.57 1.00 0.00
0.70 2.62 -0.40 1.00 0.00
0.70 2.62 -0.22 1.00 0.00
0.70 2.62 -0.05 1.00 0.00
0.70 2.62 0.12 1.00 0.00
0.70 2.62 0.30 1.00 0.00
0.70 2.62 0.47 1.00 0.00
0.70 2.62 0.65 1.00 0.00
0.70 2.62 0.82 1.00 0.00
0.70 2.62 1.00 1.00 0.00
0.70 2.62 1.17 1.00 0.00
0.70 2.62 1.35 1.00 0.00
0.70 2.62 1.52 1.00 0.00
0.70 2.62 1.70 1.00 0.00
0.90 2.62 -1.26 1.00 0.00
0.90 2.62 -1.09 1.00 0.00
0.90 2.62 -0.92 1.00 0.00
0.90 2.62 -0.74 1.00 0.00
0.90 2.62 -0.57 1.00 0.00
0.90 2.62 -0.39 1.00 0.00
0.90 2.62 -0.22 1.00 0.00
0.90 2.62 -0.04 1.00 0.00
0.90 2.62 0.13 1.00 0.00
0.90 2.62 0.31 1.00 0.00
0.90 2.62 0.48 1.00 0.00
0.90 2.62 0.66 1.00 0.00
0.90 2.62 0.83 1.00 0.00
0.90 2.62 1.00 1.00 0.00
0.90 2.62 1.18 1.00 0.00
0.90 2.62 1.35 1.00 0.00
0.90 2.62 1.53 1.00 0.00
0.90 2.62 1.70 1.00 0.00
1.10 2.62 -1.26 1.00 0.00
1.10 2.62 -1.08 1.00 0.00
1.10 2.62 -0.91 1.00 0.00
1.10 2.62 -0.73 1.00 0.00
1.10 2.62 -0.56 1.00 0.00
1.10 2.62 -0.38 1.00 0.00
1.10 2.62 -0.21 1.00 0.00
1.10 2.62 -0.04 1.00 0.00
1.10 2.62 0.14 1.00 0.00
1.10 2.62 0.31 1.00 0.00
1.10 2.62 0.49 1.00 0.00
1.10 2.62 0.66 1.00 0.00
1.10 2.62 0.84 1.00 0.00
1.10 2.62 1.01 1.00 0.00
1.10 2.62 1.19 1.00 0.00
1.10 2.62 1.36 1.00 0.00
1.10 2.62 1.53 1.00 0.00
1.10 2.62 1.71 1.00 0.00
0.30 2.79 -1.30 1.00 0.00
0.30 2.79 -1.12 1.00 0.00
0.30 2.79 -0.95 1.00 0.00
0.30 2.79 -0.77 1.00 0.00
0.30 2.79 -0.60 1.00 0.00
0.30 2.79 -0.42 1.00 0.00
0.30 2.79 -0.25 1.00 0.00
0.30 2.79 -0.07 1.00 0.00
0.30 2.79 0.10 1.00 0.00
0.30 2.79 0.27 1.00 0.00
0.30 2.79 0.45 1.00 0.00
0.30 2.79 0.62 1.00 0.00
0.30 2.79 0.80 1.00 0.00
0.30 2.79 0.97 1.00 0.00
0.30 2.79 1.15 1.00 0.00
0.30 2.79 1.32 1.00 0.00
0.30 2.79 1.50 1.00 0.00
0.30 2.79 1.67 1.00 0.00
0.50 2.79 -1.29 1.00 0.00
0.50 2.79 -1.12 1.00 0.00
0.50 2.79 -0.94 1.00 0.00
0.50 2.79 -0.77 1.00 0.00
0.50 2.79 -0.60 1.00 0.00
0.50 2.79 -0.42 1.00 0.00
0.50 2.79 -0.25 1.00 0.00
0.50 2.79 -0.07 1.00 0.00
0.50 2.79 0.10 1.00 0.00
0.50 2.79 0.28 1.00 0.00
0.50 2.79 0.45 1.00 0.00
0.50 2.79 0.63 1.00 0.00
0.50 2.79 0.80 1.00 0.00
0.50 2.79 0.98 1.00 0.00
0.50 2.79 1.15 1.00 0.00
0.50 2.79 1.32 1.00 0.00
0.50 2.79 1.50 1.00 0.00
0.50 2.79 1.67 1.00 0.00
0.70 2.79 -1.29 1.00 0.00
0.70 2.79 -1.12 1.00 0.00
0.70 2.79 -0.94 1.00 0.00
0.70 2.79 -0.77 1.00 0.00
0.70 2.79 -0.59 1.00 0.00
0.70 2.79 -0.42 1.00 0.00
0.70 2.79 -0.24 1.00 0.00
0.70 2.79 -0.07 1.00 0.00
0.70 2.79 0.10 1.00 0.00
0.70 2.79 0.28 1.00 0.00
0.70 2.79 0.45 1.00 0.00
0.70 2.79 0.63 1.00 0.00
0.70 2.79 0.80 1.00 0.00
0.70 2.79 0.98 1.00 0.00
0.70 2.79 1.15 1.00 0.00
0.70 2.79 1.33 1.00 0.00
0.70 2.79 1.50 1.00 0.00
0.70 2.79 1.68 1.00 0.00
0.90 2.79 -1.29 1.00 0.00
0.90 2.79 -1.11 1.00 0.00
0.90 2.79 -0.94 1.00 0.00
0.90 2.79 -0.77 1.00 0.00
0.90 2.79 -0.59 1.00 0.00
0.90 2.79 -0.42 1.00 0.00
0.90 2.79 -0.24 1.00 0.00
0.90 2.79 -0.07 1.00 0.00
0.90 2.79 0.11 1.00 0.00
0.90 2.79 0.28 1.00 0.00
0.90 2.79 0.46 1.00 0.00
0.90 2.79 0.63 1.00 0.00
0.90 2.79 0.81 1.00 0.00
0.90 2.79 0.98 1.00 0.00
0.90 2.79 1.15 1.00 0.00
0.90 2.79 1.33 1.00 0.00
0.90 2.79 1.50 1.00 0.00
0.90 2.79 1.68 1.00 0.00
1.10 2.79 -1.29 1.00 0.00
1.10 2.79 -1.11 1.00 0.00
1.10 2.79 -0.94 1.00 0.00
1.10 2.79 -0.76 1.00 0.00
1.10 2.79 -0.59 1.00 0.00
1.10 2.79 -0.41 1.00 0.00
1.10 2.79 -0.24 1.00 0.00
1.10 2.79 -0.07 1.00 0.00
1.10 2.79 0.11 1.00 0.00
1.10 2.79 0.28 1.00 0.00
1.10 2.79 0.46 1.00 0.00
1.10 2.79 0.63 1.00 0.00
1.10 2.79 0.81 1.00 0.00
1.10 2.79 0.98 1.00 0.00
1.10 2.79 1.16 1.00 0.00
1.10 2.79 1.33 1.00 0.00
1.10 2.79 1.51 1.00 0.00
1.10 2.79 1.68 1.00 0.00
0.30 2.97 -1.31 1.00 0.00
0.30 2.97 -1.13 1.00 0.00
0.30 2.97 -0.96 1.00 0.00
0.30 2.97 -0.78 1.00 0.00
0.30 2.97 -0.61 1.00 0.00
0.30 2.97 -0.43 1.00 0.00
0.30 2.97 -0.26 1.00 0.00
0.30 2.97 -0.08 1.00 0.00
0.30 2.97 0.09 1.00 0.00
0.30 2.97 0.27 1.00 0.00
0.30 2.97 0.44 1.00 0.00
0.30 2.97 0.61 1.00 0.00
0.30 2.97 0.79 1.00 0.00
0.30 2.97 0.96 1.00 0.00
0.30 2.97 1.14 1.00 0.00
0.30 2.97 1.31 1.00 0.00
0.30 2.97 1.49 1.00 0.00
0.30 2.97 1.66 1.00 0.00
0.50 2.97 -1.31 1.00 0.00
0.50 2.97 -1.13 1.00 0.00
0.50 2.97 -0.96 1.00 0.00
0.50 2.97 -0.79 1.00 0.00
0.50 2.97 -0.61 1.00 0.00
0.50 2.97 -0.44 1.00 0.00
0.50 2.97 -0.26 1.00 0.00
0.50 2.97 -0.09 1.00 0.00
0.50 2.97 0.09 1.00 0.00
0.50 2.97 0.26 1.00 0.00
0.50 2.97 0.44 1.00 0.00
0.50 2.97 0.61 1.00 0.00
0.50 2.97 0.79 1.00 0.00
0.50 2.97 0.96 1.00 0.00
0.50 2.97 1.13 1.00 0.00
0.50 2.97 1.31 1.00 0.00
0.50 2.97 1.48 1.00 0.00
0.50 2.97 1.66 1.00 0.00
0.70 2.97 -1.31 1.00 0.00
0.70 2.97 -1.14 1.00 0.00
0.70 2.97 -0.96 1.00 0.00
0.70 2.97 -0.79 1.00 0.00
0.70 2.97 -0.61 1.00 0.00
0.70 2.97 -0.44 1.00 0.00
0.70 2.97 -0.26 1.00 0.00
0.70 2.97 -0.09 1.00 0.00
0.70 2.97 0.08 1.00 0.00
0.70 2.97 0.26 1.00 0.00
0.70 2.97 0.43 1.00 0.00
0.70 2.97 0.61 1.00 0.00
0.70 2.97 0.78 1.00 0.00
0.70 2.97 0.96 1.00 0.00
0.70 2.97 1.13 1.00 0.00
0.70 2.97 1.31 1.00 0.00
0.70 2.97 1.48 1.00 0.00
0.70 2.97 1.66 1.00 0.00
0.90 2.97 -1.31 1.00 0.00
0.90 2.97 -1.14 1.00 0.00
0.90 2.97 -0.97 1.00 0.00
0.90 2.97 -0.79 1.00 0.00
0.90 2.97 -0.62 1.00 0.00
0.90 2.97 -0.44 1.00 0.00
0.90 2.97 -0.27 1.00 0.00
0.90 2.97 -0.09 1.00 0.00
0.90 2.97 0.08 1.00 0.00
0.90 2.97 0.26 1.00 0.00
0.90 2.97 0.43 1.00 0.00
0.90 2.97 0.61 1.00 0.00
0.90 2.97 0.78 1.00 0.00
0.90 2.97 0.95 1.00 0.00
0.90 2.97 1.13 1.00 0.00
0.90 2.97 1.30 1.00 0.00
0.90 2.97 1.48 1.00 0.00
0.90 2.97 1.65 1.00 0.00
1.10 2.97 -1.32 1.00 0.00
1.10 2.97 -1.14 1.00 0.00
1.10 2.97 -0.97 1.00 0.00
1.10 2.97 -0.79 1.00 0.00
1.10 2.97 -0.62 1.00 0.00
1.10 2.97 -0.44 1.00 0.00
1.10 2.97 -0.27 1.00 0.00
1.10 2.97 -0.10 1.00 0.00
1.10 2.97 0.08 1.00 0.00
1.10 2.97 0.25 1.00 0.00
1.10 2.97 0.43 1.00 0.00
1.10 2.97 0.60 1.00 0.00
1.10 2.97 0.78 1.00 0.00
1.10 2.97 0.95 1.00 0.00
1.10 2.97 1.13 1.00 0.00
1.10 2.97 1.30 1.00 0.00
1.10 2.97 1.48 1.00 0.00
1.10 2.97 1.65 1.00 0.00
0.30 3.14 -1.31 1.00 0.00
0.30 3.14 -1.14 1.00 0.00
0.30 3.14 -0.97 1.00 0.00
0.30 3.14 -0.79 1.00 0.00
0.30 3.14 -0.62 1.00 0.00
0.30 3.14 -0.44 1.00 0.00
0.30 3.14 -0.27 1.00 0.00
0.30 3.14 -0.09 1.00 0.00
0.30 3.14 0.08 1.00 0.00
0.30 3.14 0.26 1.00 0.00
0.30 3.14 0.43 1.00 0.00
0.30 3.14 0.61 1.00 0.00
0.30 3.14 0.78 1.00 0.00
0.30 3.14 0.95 1.00 0.00
0.30 3.14 1.13 1.00 0.00
0.30 3.14 1.30 1.00 0.00
0.30 3.14 1.48 1.00 0.00
0.30 3.14 1.65 1.00 0.00
0.50 3.14 -1.32 1.00 0.00
0.50 3.14 -1.15 1.00 0.00
0.50 3.14 -0.97 1.00 0.00
0.50 3.14 -0.80 1.00 0.00
0.50 3.14 -0.63 1.00 0.00
0.50 3.14 -0.45 1.00 0.00
0.50 3.14 -0.28 1.00 0.00
0.50 3.14 -0.10 1.00 0.00
0.50 3.14 0.07 1.00 0.00
0.50 3.14 0.25 1.00 0.00
0.50 3.14 0.42 1.00 0.00
0.50 3.14 0.60 1.00 0.00
0.50 3.14 0.77 1.00 0.00
0.50 3.14 0.95 1.00 0.00
0.50 3.14 1.12 1.00 0.00
0.50 3.14 1.29 1.00 0.00
0.50 3.14 1.47 1.00 0.00
0.50 3.14 1.64 1.00 0.00
0.70 3.14 -1.33 1.00 0.00
0.70 3.14 -1.16 1.00 0.00
0.70 3.14 -0.98 1.00 0.00
0.70 3.14 -0.81 1.00 0.00
0.70 3.14 -0.63 1.00 0.00
0.70 3.14 -0.46 1.00 0.00
0.70 3.14 -0.28 1.00 0.00
0.70 3.14 -0.11 1.00 0.00
0.70 3.14 0.06 1.00 0.00
0.70 3.14 0.24 1.00 0.00
0.70 3.14 0.41 1.00 0.00
0.70 3.14 0.59 1.00 0.00
0.70 3.14 0.76 1.00 0.00
0.70 3.14 0.94 1.00 0.00
0.70 3.14 1.11 1.00 0.00
0.70 3.14 1.29 1.00 0.00
0.70 3.14 1.46 1.00 0.00
0.70 3.14 1.64 1.00 0.00
0.90 3.14 -1.34 1.00 0.00
0.90 3.14 -1.16 1.00 0.00
0.90 3.14 -0.99 1.00 0.00
0.90 3.14 -0.82 1.00 0.00
0.90 3.14 -0.64 1.00 0.00
0.90 3.14 -0.47 1.00 0.00
0.90 3.14 -0.29 1.00 0.00
0.90 3.14 -0.12 1.00 0.00
0.90 3.14 0.06 1.00 0.00
0.90 3.14 0.23 1.00 0.00
0.90 3.14 0.41 1.00 0.00
0.90 3.14 0.58 1.00 0.00
0.90 3.14 0.76 1.00 0.00
0.90 3.14 0.93 1.00 0.00
0.90 3.14 1.10 1.00 0.00
0.90 3.14 1.28 1.00 0.00
0.90 3.14 1.45 1.00 0.00
0.90 3.14 1.63 1.00 0.00
1.10 3.14 -1.35 1.00 0.00
1.10 3.14 -1.17 1.00 0.00
1.10 3.14 -1.00 1.00 0.00
1.10 3.14 -0.82 1.00 0.00
1.10 3.14 -0.65 1.00 0.00
1.10 3.14 -0.47 1.00 0.00
1.10 3.14 -0.30 1.00 0.00
1.10 3.14 -0.12 1.00 0.00
1.10 3.14 0.05 1.00 0.00
1.10 3.14 0.22 1.00 0.00
1.10 3.14 0.40 1.00 0.00
1.10 3.14 0.57 1.00 0.00
1.10 3.14 0.75 1.00 0.00
1.10 3.14 0.92 1.00 0.00
1.10 3.14 1.10 1.00 0.00
1.10 3.14 1.27 1.00 0.00
1.10 3.14 1.45 1.00 0.00
1.10 3.14 1.62 1.00 0.00
0.30 3.32 -1.32 1.00 0.00
0.30 3.32 -1.15 1.00 0.00
0.30 3.32 -0.97 1.00 0.00
0.30 3.32 -0.80 1.00 0.00
0.30 3.32 -0.63 1.00 0.00
0.30 3.32 -0.45 1.00 0.00
0.30 3.32 -0.28 1.00 0.00
0.30 3.32 -0.10 1.00 0.00
0.30 3.32 0.07 1.00 0.00
0.30 3.32 0.25 1.00 0.00
0.30 3.32 0.42 1.00 0.00
0.30 3.32 0.60 1.00 0.00
0.30 3.32 0.77 1.00 0.00
0.30 3.32 0.95 1.00 0.00
0.30 3.32 1.12 1.00 0.00
0.30 3.32 1.29 1.00 0.00
0.30 3.32 1.47 1.00 0.00
0.30 3.32 1.64 1.00 0.00
0.50 3.32 -1.34 1.00 0.00
0.50 3.32 -1.16 1.00 0.00
0.50 3.32 -0.99 1.00 0.00
0.50 3.32 -0.81 1.00 0.00
0.50 3.32 -0.64 1.00 0.00
0.50 3.32 -0.47 1.00 0.00
0.50 3.32 -0.29 1.00 0.00
0.50 3.32 -0.12 1.00 0.00
0.50 3.32 0.06 1.00 0.00
0.50 3.32 0.23 1.00 0.00
0.50 3.32 0.41 1.00 0.00
0.50 3.32 0.58 1.00 0.00
0.50 3.32 0.76 1.00 0.00
0.50 3.32 0.93 1.00 0.00
0.50 3.32 1.11 1.00 0.00
0.50 3.32 1.28 1.00 0.00
0.50 3.32 1.45 1.00 0.00
0.50 3.32 1.63 1.00 0.00
0.70 3.32 -1.35 1.00 0.00
0.70 3.32 -1.18 1.00 0.00
0.70 3.32 -1.00 1.00 0.00
0.70 3.32 -0.83 1.00 0.00
0.70 3.32 -0.65 1.00 0.00
0.70 3.32 -0.48 1.00 0.00
0.70 3.32 -0.30 1.00 0.00
0.70 3.32 -0.13 1.00 0.00
0.70 3.32 0.05 1.00 0.00
0.70 3.32 0.22 1.00 0.00
0.70 3.32 0.39 1.00 0.00
0.70 3.32 0.57 1.00 0.00
0.70 3.32 0.74 1.00 0.00
0.70 3.32 0.92 1.00 0.00
0.70 3.32 1.09 1.00 0.00
0.70 3.32 1.27 1.00 0.00
0.70 3.32 1.44 1.00 0.00
0.70 3.32 1.62 1.00 0.00
0.90 3.32 -1.36 1.00 0.00
0.90 3.32 -1.19 1.00 0.00
0.90 3.32 -1.01 1.00 0.00
0.90 3.32 -0.84 1.00 0.00
0.90 3.32 -0.67 1.00 0.00
0.90 3.32 -0.49 1.00 0.00
0.90 3.32 -0.32 1.00 0.00
0.90 3.32 -0.14 1.00 0.00
0.90 3.32 0.03 1.00 0.00
0.90 3.32 0.21 1.00 0.00
0.90 3.32 0.38 1.00 0.00
0.90 3.32 0.56 1.00 0.00
0.90 3.32 0.73 1.00 0.00
0.90 3.32 0.91 1.00 0.00
0.90 3.32 1.08 1.00 0.00
0.90 3.32 1.25 1.00 0.00
0.90 3.32 1.43 1.00 0.00
0.90 3.32 1.60 1.00 0.00
1.10 3.32 -1.38 1.00 0.00
1.10 3.32 -1.20 1.00 0.00
1.10 3.32 -1.03 1.00 0.00
1.10 3.32 -0.85 1.00 0.00
1.10 3.32 -0.68 1.00 0.00
1.10 3.32 -0.50 1.00 0.00
1.10 3.32 -0.33 1.00 0.00
1.10 3.32 -0.15 1.00 0.00
1.10 3.32 0.02 1.00 0.00
1.10 3.32 0.20 1.00 0.00
1.10 3.32 0.37 1.00 0.00
1.10 3.32 0.54 1.00 0.00
1.10 3.32 0.72 1.00 0.00
1.10 3.32 0.89 1.00 0.00
1.10 3.32 1.07 1.00 0.00
1.10 3.32 1.24 1.00 0.00
1.10 3.32 1.42 1.00 0.00
1.10 3.32 1.59 1.00 0.00
0.30 3.49 -1.33 1.00 0.00
0.30 3.49 -1.16 1.00 0.00
0.30 3.49 -0.98 1.00 0.00
0.30 3.49 -0.81 1.00 0.00
0.30 3.49 -0.63 1.00 0.00
0.30 3.49 -0.46 1.00 0.00
0.30 3.49 -0.28 1.00 0.00
0.30 3.49 -0.11 1.00 0.00
0.30 3.49 0.06 1.00 0.00
0.30 3.49 0.24 1.00 0.00
0.30 3.49 0.41 1.00 0.00
0.30 3.49 0.59 1.00 0.00
0.30 3.49 0.76 1.00 0.00
0.30 3.49 0.94 1.00 0.00
0.30 3.49 1.11 1.00 0.00
0.30 3.49 1.29 1.00 0.00
0.30 3.49 1.46 1.00 0.00
0.30 3.49 1.64 1.00 0.00
0.50 3.49 -1.35 1.00 0.00
0.50 3.49 -1.18 1.00 0.00
0.50 3.49 -1.00 1.00 0.00
0.50 3.49 -0.83 1.00 0.00
0.50 3.49 -0.65 1.00 0.00
0.50 3.49 -0.48 1.00 0.00
0.50 3.49 -0.30 1.00 0.00
0.50 3.49 -0.13 1.00 0.00
0.50 3.49 0.05 1.00 0.00
0.50 3.49 0.22 1.00 0.00
0.50 3.49 0.39 1.00 0.00
0.50 3.49 0.57 1.00 0.00
0.50 3.49 0.74 1.00 0.00
0.50 3.49 0.92 1.00 0.00
0.50 3.49 1.09 1.00 0.00
0.50 3.49 1.27 1.00 0.00
0.50 3.49 1.44 1.00 0.00
0.50 3.49 1.62 1.00 0.00
0.70 3.49 -1.37 1.00 0.00
0.70 3.49 -1.19 1.00 0.00
0.70 3.49 -1.02 1.00 0.00
0.70 3.49 -0.85 1.00 0.00
0.70 3.49 -0.67 1.00 0.00
0.70 3.49 -0.50 1.00 0.00
0.70 3.49 -0.32 1.00 0.00
0.70 3.49 -0.15 1.00 0.00
0.70 3.49 0.03 1.00 0.00
0.70 3.49 0.20 1.00 0.00
0.70 3.49 0.38 1.00 0.00
0.70 3.49 0.55 1.00 0.00
0.70 3.49 0.73 1.00 0.00
0.70 3.49 0.90 1.00 0.00
0.70 3.49 1.07 1.00 0.00
0.70 3.49 1.25 1.00 0.00
0.70 3.49 1.42 1.00 0.00
0.70 3.49 1.60 1.00 0.00
0.90 3.49 -1.39 1.00 0.00
0.90 3.49 -1.21 1.00 0.00
0.90 3.49 -1.04 1.00 0.00
0.90 3.49 -0.86 1.00 0.00
0.90 3.49 -0.69 1.00 0.00
0.90 3.49 -0.51 1.00 0.00
0.90 3.49 -0.34 1.00 0.00
0.90 3.49 -0.16 1.00 0.00
0.90 3.49 0.01 1.00 0.00
0.90 3.49 0.18 1.00 0.00
0.90 3.49 0.36 1.00 0.00
0.90 3.49 0.53 1.00 0.00
0.90 3.49 0.71 1.00 0.00
0.90 3.49 0.88 1.00 0.00
0.90 3.49 1.06 1.00 0.00
0.90 3.49 1.23 1.00 0.00
0.90 3.49 1.41 1.00 0.00
0.90 3.49 1.58 1.00 0.00
1.10 3.49 -1.40 1.00 0.00
1.10 3.49 -1.23 1.00 0.00
1.10 3.49 -1.05 1.00 0.00
1.10 3.49 -0.88 1.00 0.00
1.10 3.49 -0.70 1.00 0.00
1.10 3.49 -0.53 1.00 0.00
1.10 3.49 -0.36 1.00 0.00
1.10 3.49 -0.18 1.00 0.00
1.10 3.49 -0.01 1.00 0.00
1.10 3.49 0.17 1.00 0.00
1.10 3.49 0.34 1.00 0.00
1.10 3.49 0.52 1.00 0.00
1.10 3.49 0.69 1.00 0.00
1.10 3.49 0.87 1.00 0.00
1.10 3.49 1.04 1.00 0.00
1.10 3.49 1.22 1.00 0.00
1.10 3.49 1.39 1.00 0.00
1.10 3.49 1.56 1.00 0.00
0.30 3.67 -1.34 1.00 0.00
0.30 3.67 -1.16 1.00 0.00
0.30 3.67 -0.99 1.00 0.00
0.30 3.67 -0.82 1.00 0.00
0.30 3.67 -0.64 1.00 0.00
0.30 3.67 -0.47 1.00 0.00
0.30 3.67 -0.29 1.00 0.00
0.30 3.67 -0.12 1.00 0.00
0.30 3.67 0.06 1.00 0.00
0.30 3.67 0.23 1.00 0.00
0.30 3.67 0.41 1.00 0.00
0.30 3.67 0.58 1.00 0.00
0.30 3.67 0.76 1.00 0.00
0.30 3.67 0.93 1.00 0.00
0.30 3.67 1.10 1.00 0.00
0.30 3.67 1.28 1.00 0.00
0.30 3.67 1.45 1.00 0.00
0.30 3.67 1.63 1.00 0.00
0.50 3.67 -1.36 1.00 0.00
0.50 3.67 -1.19 1.00 0.00
0.50 3.67 -1.01 1.00 0.00
0.50 3.67 -0.84 1.00 0.00
0.50 3.67 -0.66 1.00 0.00
0.50 3.67 -0.49 1.00 0.00
0.50 3.67 -0.32 1.00 0.00
0.50 3.67 -0.14 1.00 0.00
0.50 3.67 0.03 1.00 0.00
0.50 3.67 0.21 1.00 0.00
0.50 3.67 0.38 1.00 0.00
0.50 3.67 0.56 1.00 0.00
0.50 3.67 0.73 1.00 0.00
0.50 3.67 0.91 1.00 0.00
0.50 3.67 1.08 1.00 0.00
0.50 3.67 1.25 1.00 0.00
0.50 3.67 1.43 1.00 0.00
0.50 3.67 1.60 1.00 0.00
0.70 3.67 -1.39 1.00 0.00
0.70 3.67 -1.21 1.00 0.00
0.70 3.67 -1.04 1.00 0.00
0.70 3.67 -0.86 1.00 0.00
0.70 3.67 -0.69 1.00 0.00
0.70 3.67 -0.51 1.00 0.00
0.70 3.67 -0.34 1.00 0.00
0.70 3.67 -0.16 1.00 0.00
0.70 3.67 0.01 1.00 0.00
0.70 3.67 0.18 1.00 0.00
0.70 3.67 0.36 1.00 0.00
0.70 3.67 0.53 1.00 0.00
0.70 3.67 0.71 1.00 0.00
0.70 3.67 0.88 1.00 0.00
0.70 3.67 1.06 1.00 0.00
0.70 3.67 1.23 1.00 0.00
0.70 3.67 1.41 1.00 0.00
0.70 3.67 1.58 1.00 0.00
0.90 3.67 -1.41 1.00 0.00
0.90 3.67 -1.23 1.00 0.00
0.90 3.67 -1.06 1.00 0.00
0.90 3.67 -0.88 1.00 0.00
0.90 3.67 -0.71 1.00 0.00
0.90 3.67 -0.53 1.00 0.00
0.90 3.67 -0.36 1.00 0.00
0.90 3.67 -0.19 1.00 0.00
0.90 3.67 -0.01 1.00 0.00
0.90 3.67 0.16 1.00 0.00
0.90 3.67 0.34 1.00 0.00
0.90 3.67 0.51 1.00 0.00
0.90 3.67 0.69 1.00 0.00
0.90 3.67 0.86 1.00 0.00
0.90 3.67 1.04 1.00 0.00
0.90 3.67 1.21 1.00 0.00
0.90 3.67 1.38 1.00 0.00
0.90 3.67 1.56 1.00 0.00
1.10 3.67 -1.43 1.00 0.00
1.10 3.67 -1.25 1.00 0.00
1.10 3.67 -1.08 1.00 0.00
1.10 3.67 -0.90 1.00 0.00
1.10 3.67 -0.73 1.00 0.00
1.10 3.67 -0.56 1.00 0.00
1.10 3.67 -0.38 1.00 0.00
1.10 3.67 -0.21 1.00 0.00
1.10 3.67 -0.03 1.00 0.00
1.10 3.67 0.14 1.00 0.00
1.10 3.67 0.32 1.00 0.00
1.10 3.67 0.49 1.00 0.00
1.10 3.67 0.67 1.00 0.00
1.10 3.67 0.84 1.00 0.00
1.10 3.67 1.02 1.00 0.00
1.10 3.67 1.19 1.00 0.00
1.10 3.67 1.36 1.00 0.00
1.10 3.67 1.54 1.00 0.00
0.30 3.84 -1.35 1.00 0.00
0.30 3.84 -1.17 1.00 0.00
0.30 3.84 -1.00 1.00 0.00
0.30 3.84 -0.82 1.00 0.00
0.30 3.84 -0.65 1.00 0.00
0.30 3.84 -0.47 1.00 0.00
0.30 3.84 -0.30 1.00 0.00
0.30 3.84 -0.12 1.00 0.00
0.30 3.84 0.05 1.00 0.00
0.30 3.84 0.23 1.00 0.00
0.30 3.84 0.40 1.00 0.00
0.30 3.84 0.57 1.00 0.00
0.30 3.84 0.75 1.00 0.00
0.30 3.84 0.92 1.00 0.00
0.30 3.84 1.10 1.00 0.00
0.30 3.84 1.27 1.00 0.00
0.30 3.84 1.45 1.00 0.00
0.30 3.84 1.62 1.00 0.00
0.50 3.84 -1.37 1.00 0.00
0.50 3.84 -1.20 1.00 0.00
0.50 3.84 -1.02 1.00 0.00
0.50 3.84 -0.85 1.00 0.00
0.50 3.84 -0.68 1.00 0.00
0.50 3.84 -0.50 1.00 0.00
0.50 3.84 -0.33 1.00 0.00
0.50 3.84 -0.15 1.00 0.00
0.50 3.84 0.02 1.00 0.00
0.50 3.84 0.20 1.00 0.00
0.50 3.84 0.37 1.00 0.00
0.50 3.84 0.55 1.00 0.00
0.50 3.84 0.72 1.00 0.00
0.50 3.84 0.90 1.00 0.00
0.50 3.84 1.07 1.00 0.00
0.50 3.84 1.24 1.00 0.00
0.50 3.84 1.42 1.00 0.00
0.50 3.84 1.59 1.00 0.00
0.70 3.84 -1.40 1.00 0.00
0.70 3.84 -1.23 1.00 0.00
0.70 3.84 -1.05 1.00 0.00
0.70 3.84 -0.88 1.00 0.00
0.70 3.84 -0.70 1.00 0.00
0.70 3.84 -0.53 1.00 0.00
0.70 3.84 -0.35 1.00 0.00
0.70 3.84 -0.18 1.00 0.00
0.70 3.84 -0.00 1.00 0.00
0.70 3.84 0.17 1.00 0.00
0.70 3.84 0.34 1.00 0.00
0.70 3.84 0.52 1.00 0.00
0.70 3.84 0.69 1.00 0.00
0.70 3.84 0.87 1.00 0.00
0.70 3.84 1.04 1.00 0.00
0.70 3.84 1.22 1.00 0.00
0.70 3.84 1.39 1.00 0.00
0.70 3.84 1.57 1.00 0.00
0.90 3.84 -1.43 1.00 0.00
0.90 3.84 -1.25 1.00 0.00
0.90 3.84 -1.08 1.00 0.00
0.90 3.84 -0.90 1.00 0.00
0.90 3.84 -0.73 1.00 0.00
0.90 3.84 -0.55 1.00 0.00
0.90 3.84 -0.38 1.00 0.00
0.90 3.84 -0.20 1.00 0.00
0.90 3.84 -0.03 1.00 0.00
0.90 3.84 0.14 1.00 0.00
0.90 3.84 0.32 1.00 0.00
0.90 3.84 0.49 1.00 0.00
0.90 3.84 0.67 1.00 0.00
0.90 3.84 0.84 1.00 0.00
0.90 3.84 1.02 1.00 0.00
0.90 3.84 1.19 1.00 0.00
0.90 3.84 1.37 1.00 0.00
0.90 3.84 1.54 1.00 0.00
1.10 3.84 -1.45 1.00 0.00
1.10 3.84 -1.28 1.00 0.00
1.10 3.84 -1.10 1.00 0.00
1.10 3.84 -0.93 1.00 0.00
1.10 3.84 -0.75 1.00 0.00
1.10 3.84 -0.58 1.00 0.00
1.10 3.84 -0.40 1.00 0.00
1.10 3.84 -0.23 1.00 0.00
1.10 3.84 -0.06 1.00 0.00
1.10 3.84 0.12 1.00 0.00
1.10 3.84 0.29 1.00 0.00
1.10 3.84 0.47 1.00 0.00
1.10 3.84 0.64 1.00 0.00
1.10 3.84 0.82 1.00 0.00
1.10 3.84 0.99 1.00 0.00
1.10 3.84 1.17 1.00 0.00
1.10 3.84 1.34 1.00 0.00
1.10 3.84 1.52 1.00 0.00
0.30 4.01 -1.35 1.00 0.00
0.30 4.01 -1.18 1.00 0.00
0.30 4.01 -1.00 1.00 0.00
0.30 4.01 -0.83 1.00 0.00
0.30 4.01 -0.65 1.00 0.00
0.30 4.01 -0.48 1.00 0.00
0.30 4.01 -0.30 1.00 0.00
0.30 4.01 -0.13 1.00 0.00
0.30 4.01 0.05 1.00 0.00
0.30 4.01 0.22 1.00 0.00
0.30 4.01 0.39 1.00 0.00
0.30 4.01 0.57 1.00 0.00
0.30 4.01 0.74 1.00 0.00
0.30 4.01 0.92 1.00 0.00
0.30 4.01 1.09 1.00 0.00
0.30 4.01 1.27 1.00 0.00
0.30 4.01 1.44 1.00 0.00
0.30 4.01 1.62 1.00 0.00
0.50 4.01 -1.38 1.00 0.00
0.50 4.01 -1.21 1.00 0.00
0.50 4.01 -1.03 1.00 0.00
0.50 4.01 -0.86 1.00 0.00
0.50 4.01 -0.68 1.00 0.00
0.50 4.01 -0.51 1.00 0.00
0.50 4.01 -0.34 1.00 0.00
0.50 4.01 -0.16 1.00 0.00
0.50 4.01 0.01 1.00 0.00
0.50 4.01 0.19 1.00 0.00
0.50 4.01 0.36 1.00 0.00
0.50 4.01 0.54 1.00 0.00
0.50 4.01 0.71 1.00 0.00
0.50 4.01 0.89 1.00 0.00
0.50 4.01 1.06 1.00 0.00
0.50 4.01 1.24 1.00 0.00
0.50 4.01 1.41 1.00 0.00
0.50 4.01 1.58 1.00 0.00
0.70 4.01 -1.41 1.00 0.00
0.70 4.01 -1.24 1.00 0.00
0.70 4.01 -1.06 1.00 0.00
0.70 4.01 -0.89 1.00 0.00
0.70 4.01 -0.71 1.00 0.00
0.70 4.01 -0.54 1.00 0.00
0.70 4.01 -0.37 1.00 0.00
0.70 4.01 -0.19 1.00 0.00
0.70 4.01 -0.02 1.00 0.00
0.70 4.01 0.16 1.00 0.00
0.70 4.01 0.33 1.00 0.00
0.70 4.01 0.51 1.00 0.00
0.70 4.01 0.68 1.00 0.00
0.70 4.01 0.86 1.00 0.00
0.70 4.01 1.03 1.00 0.00
0.70 4.01 1.20 1.00 0.00
0.70 4.01 1.38 1.00 0.00
0.70 4.01 1.55 1.00 0.00
0.90 4.01 -1.44 1.00 0.00
0.90 4.01 -1.27 1.00 0.00
0.90 4.01 -1.09 1.00 0.00
0.90 4.01 -0.92 1.00 0.00
0.90 4.01 -0.74 1.00 0.00
0.90 4.01 -0.57 1.00 0.00
0.90 4.01 -0.40 1.00 0.00
0.90 4.01 -0.22 1.00 0.00
0.90 4.01 -0.05 1.00 0.00
0.90 4.01 0.13 1.00 0.00
0.90 4.01 0.30 1.00 0.00
0.90 4.01 0.48 1.00 0.00
0.90 4.01 0.65 1.00 0.00
0.90 4.01 0.83 1.00 0.00
0.90 4.01 1.00 1.00 0.00
0.90 4.01 1.18 1.00 0.00
0.90 4.01 1.35 1.00 0.00
0.90 4.01 1.52 1.00 0.00
1.10 4.01 -1.47 1.00 0.00
1.10 4.01 -1.30 1.00 0.00
1.10 4.01 -1.12 1.00 0.00
1.10 4.01 -0.95 1.00 0.00
1.10 4.01 -0.77 1.00 0.00
1.10 4.01 -0.60 1.00 0.00
1.10 4.01 -0.42 1.00 0.00
1.10 4.01 -0.25 1.00 0.00
1.10 4.01 -0.08 1.00 0.00
1.10 4.01 0.10 1.00 0.00
1.10 4.01 0.27 1.00 0.00
1.10 4.01 0.45 1.00 0.00
1.10 4.01 0.62 1.00 0.00
1.10 4.01 0.80 1.00 0.00
1.10 4.01 0.97 1.00 0.00
1.10 4.01 1.15 1.00 0.00
1.10 4.01 1.32 1.00 0.00
1.10 4.01 1.50 1.00 0.00
0.30 4.19 -1.35 1.00 0.00
0.30 4.19 -1.18 1.00 0.00
0.30 4.19 -1.01 1.00 0.00
0.30 4.19 -0.83 1.00 0.00
0.30 4.19 -0.66 1.00 0.00
0.30 4.19 -0.48 1.00 0.00
0.30 4.19 -0.31 1.00 0.00
0.30 4.19 -0.13 1.00 0.00
0.30 4.19 0.04 1.00 0.00
0.30 4.19 0.22 1.00 0.00
0.30 4.19 0.39 1.00 0.00
0.30 4.19 0.57 1.00 0.00
0.30 4.19 0.74 1.00 0.00
0.30 4.19 0.91 1.00 0.00
0.30 4.19 1.09 1.00 0.00
0.30 4.19 1.26 1.00 0.00
0.30 4.19 1.44 1.00 0.00
0.30 4.19 1.61 1.00 0.00
0.50 4.19 -1.39 1.00 0.00
0.50 4.19 -1.21 1.00 0.00
0.50 4.19 -1.04 1.00 0.00
0.50 4.19 -0.87 1.00 0.00
0.50 4.19 -0.69 1.00 0.00
0.50 4.19 -0.52 1.00 0.00
0.50 4.19 -0.34 1.00 0.00
0.50 4.19 -0.17 1.00 0.00
0.50 4.19 0.01 1.00 0.00
0.50 4.19 0.18 1.00 0.00
0.50 4.19 0.36 1.00 0.00
0.50 4.19 0.53 1.00 0.00
0.50 4.19 0.71 1.00 0.00
0.50 4.19 0.88 1.00 0.00
0.50 4.19 1.05 1.00 0.00
0.50 4.19 1.23 1.00 0.00
0.50 4.19 1.40 1.00 0.00
0.50 4.19 1.58 1.00 0.00
0.70 4.19 -1.42 1.00 0.00
0.70 4.19 -1.25 1.00 0.00
0.70 4.19 -1.07 1.00 0.00
0.70 4.19 -0.90 1.00 0.00
0.70 4.19 -0.72 1.00 0.00
0.70 4.19 -0.55 1.00 0.00
0.70 4.19 -0.38 1.00 0.00
0.70 4.19 -0.20 1.00 0.00
0.70 4.19 -0.03 1.00 0.00
0.70 4.19 0.15 1.00 0.00
0.70 4.19 0.32 1.00 0.00
0.70 4.19 0.50 1.00 0.00
0.70 4.19 0.67 1.00 0.00
0.70 4.19 0.85 1.00 0.00
0.70 4.19 1.02 1.00 0.00
0.70 4.19 1.20 1.00 0.00
0.70 4.19 1.37 1.00 0.00
0.70 4.19 1.54 1.00 0.00
0.90 4.19 -1.46 1.00 0.00
0.90 4.19 -1.28 1.00 0.00
0.90 4.19 -1.11 1.00 0.00
0.90 4.19 -0.93 1.00 0.00
0.90 4.19 -0.76 1.00 0.00
0.90 4.19 -0.58 1.00 0.00
0.90 4.19 -0.41 1.00 0.00
0.90 4.19 -0.23 1.00 0.00
0.90 4.19 -0.06 1.00 0.00
0.90 4.19 0.12 1.00 0.00
0.90 4.19 0.29 1.00 0.00
0.90 4.19 0.46 1.00 0.00
0.90 4.19 0.64 1.00 0.00
0.90 4.19 0.81 1.00 0.00
0.90 4.19 0.99 1.00 0.00
0.90 4.19 1.16 1.00 0.00
0.90 4.19 1.34 1.00 0.00
0.90 4.19 1.51 1.00 0.00
1.10 4.19 -1.49 1.00 0.00
1.10 4.19 -1.31 1.00 0.00
1.10 4.19 -1.14 1.00 0.00
1.10 4.19 -0.96 1.00 0.00
1.10 4.19 -0.79 1.00 0.00
1.10 4.19 -0.62 1.00 0.00
1.10 4.19 -0.44 1.00 0.00
1.10 4.19 -0.27 1.00 0.00
1.10 4.19 -0.09 1.00 0.00
1.10 4.19 0.08 1.00 0.00
1.10 4.19 0.26 1.00 0.00
1.10 4.19 0.43 1.00 0.00
1.10 4.19 0.61 1.00 0.00
1.10 4.19 0.78 1.00 0.00
1.10 4.19 0.96 1.00 0.00
1.10 4.19 1.13 1.00 0.00
1.10 4.19 1.30 1.00 0.00
1.10 4.19 1.48 1.00 0.00
0.30 4.36 -1.36 1.00 0.00
0.30 4.36 -1.18 1.00 0.00
0.30 4.36 -1.01 1.00 0.00
0.30 4.36 -0.83 1.00 0.00
0.30 4.36 -0.66 1.00 0.00
0.30 4.36 -0.48 1.00 0.00
0.30 4.36 -0.31 1.00 0.00
0.30 4.36 -0.13 1.00 0.00
0.30 4.36 0.04 1.00 0.00
0.30 4.36 0.21 1.00 0.00
0.30 4.36 0.39 1.00 0.00
0.30 4.36 0.56 1.00 0.00
0.30 4.36 0.74 1.00 0.00
0.30 4.36 0.91 1.00 0.00
0.30 4.36 1.09 1.00 0.00
0.30 4.36 1.26 1.00 0.00
0.30 4.36 1.44 1.00 0.00
0.30 4.36 1.61 1.00 0.00
0.50 4.36 -1.39 1.00 0.00
0.50 4.36 -1.22 1.00 0.00
0.50 4.36 -1.04 1.00 0.00
0.50 4.36 -0.87 1.00 0.00
0.50 4.36 -0.69 1.00 0.00
0.50 4.36 -0.52 1.00 0.00
0.50 4.36 -0.35 1.00 0.00
0.50 4.36 -0.17 1.00 0.00
0.50 4.36 0.00 1.00 0.00
0.50 4.36 0.18 1.00 0.00
0.50 4.36 0.35 1.00 0.00
0.50 4.36 0.53 1.00 0.00
0.50 4.36 0.70 1.00 0.00
0.50 4.36 0.88 1.00 0.00
0.50 4.36 1.05 1.00 0.00
0.50 4.36 1.23 1.00 0.00
0.50 4.36 1.40 1.00 0.00
0.50 4.36 1.57 1.00 0.00
0.70 4.36 -1.43 1.00 0.00
0.70 4.36 -1.25 1.00 0.00
0.70 4.36 -1.08 1.00 0.00
0.70 4.36 -0.91 1.00 0.00
0.70 4.36 -0.73 1.00 0.00
0.70 4.36 -0.56 1.00 0.00
0.70 4.36 -0.38 1.00 0.00
0.70 4.36 -0.21 1.00 0.00
0.70 4.36 -0.03 1.00 0.00
0.70 4.36 0.14 1.00 0.00
0.70 4.36 0.32 1.00 0.00
0.70 4.36 0.49 1.00 0.00
0.70 4.36 0.67 1.00 0.00
0.70 4.36 0.84 1.00 0.00
0.70 4.36 1.01 1.00 0.00
0.70 4.36 1.19 1.00 0.00
0.70 4.36 1.36 1.00 0.00
0.70 4.36 1.54 1.00 0.00
0.90 4.36 -1.46 1.00 0.00
0.90 4.36 -1.29 1.00 0.00
0.90 4.36 -1.12 1.00 0.00
0.90 4.36 -0.94 1.00 0.00
0.90 4.36 -0.77 1.00 0.00
0.90 4.36 -0.59 1.00 0.00
0.90 4.36 -0.42 1.00 0.00
0.90 4.36 -0.24 1.00 0.00
0.90 4.36 -0.07 1.00 0.00
0.90 4.36 0.11 1.00 0.00
0.90 4.36 0.28 1.00 0.00
0.90 4.36 0.46 1.00 0.00
0.90 4.36 0.63 1.00 0.00
0.90 4.36 0.80 1.00 0.00
0.90 4.36 0.98 1.00 0.00
0.90 4.36 1.15 1.00 0.00
0.90 4.36 1.33 1.00 0.00
0.90 4.36 1.50 1.00 0.00
1.10 4.36 -1.50 1.00 0.00
1.10 4.36 -1.33 1.00 0.00
1.10 4.36 -1.15 1.00 0.00
1.10 4.36 -0.98 1.00 0.00
1.10 4.36 -0.80 1.00 0.00
1.10 4.36 -0.63 1.00 0.00
1.10 4.36 -0.45 1.00 0.00
1.10 4.36 -0.28 1.00 0.00
1.10 4.36 -0.10 1.00 0.00
1.10 4.36 0.07 1.00 0.00
1.10 4.36 0.25 1.00 0.00
1.10 4.36 0.42 1.00 0.00
1.10 4.36 0.59 1.00 0.00
1.10 4.36 0.77 1.00 0.00
1.10 4.36 0.94 1.00 0.00
1.10 4.36 1.12 1.00 0.00
1.10 4.36 1.29 1.00 0.00
1.10 4.36 1.47 1.00 0.00
0.30 4.54 -1.36 1.00 0.00
0.30 4.54 -1.18 1.00 0.00
0.30 4.54 -1.01 1.00 0.00
0.30 4.54 -0.83 1.00 0.00
0.30 4.54 -0.66 1.00 0.00
0.30 4.54 -0.48 1.00 0.00
0.30 4.54 -0.31 1.00 0.00
0.30 4.54 -0.13 1.00 0.00
0.30 4.54 0.04 1.00 0.00
0.30 4.54 0.21 1.00 0.00
0.30 4.54 0.39 1.00 0.00
0.30 4.54 0.56 1.00 0.00
0.30 4.54 0.74 1.00 0.00
0.30 4.54 0.91 1.00 0.00
0.30 4.54 1.09 1.00 0.00
0.30 4.54 1.26 1.00 0.00
0.30 4.54 1.44 1.00 0.00
0.30 4.54 1.61 1.00 0.00
0.50 4.54 -1.39 1.00 0.00
0.50 4.54 -1.22 1.00 0.00
0.50 4.54 -1.05 1.00 0.00
0.50 4.54 -0.87 1.00 0.00
0.50 4.54 -0.70 1.00 0.00
0.50 4.54 -0.52 1.00 0.00
0.50 4.54 -0.35 1.00 0.00
0.50 4.54 -0.17 1.00 0.00
0.50 4.54 0.00 1.00 0.00
0.50 4.54 0.18 1.00 0.00
0.50 4.54 0.35 1.00 0.00
0.50 4.54 0.53 1.00 0.00
0.50 4.54 0.70 1.00 0.00
0.50 4.54 0.87 1.00 0.00
0.50 4.54 1.05 1.00 0.00
0.50 4.54 1.22 1.00 0.00
0.50 4.54 1.40 1.00 0.00
0.50 4.54 1.57 1.00 0.00
0.70 4.54 -1.43 1.00 0.00
0.70 4.54 -1.26 1.00 0.00
0.70 4.54 -1.08 1.00 0.00
0.70 4.54 -0.91 1.00 0.00
0.70 4.54 -0.73 1.00 0.00
0.70 4.54 -0.56 1.00 0.00
0.70 4.54 -0.38 1.00 0.00
0.70 4.54 -0.21 1.00 0.00
0.70 4.54 -0.04 1.00 0.00
0.70 4.54 0.14 1.00 0.00
0.70 4.54 0.31 1.00 0.00
0.70 4.54 0.49 1.00 0.00
0.70 4.54 0.66 1.00 0.00
0.70 4.54 0.84 1.00 0.00
0.70 4.54 1.01 1.00 0.00
0.70 4.54 1.19 1.00 0.00
0.70 4.54 1.36 1.00 0.00
0.70 4.54 1.54 1.00 0.00
0.90 4.54 -1.47 1.00 0.00
0.90 4.54 -1.29 1.00 0.00
0.90 4.54 -1.12 1.00 0.00
0.90 4.54 -0.95 1.00 0.00
0.90 4.54 -0.77 1.00 0.00
0.90 4.54 -0.60 1.00 0.00
0.90 4.54 -0.42 1.00 0.00
0.90 4.54 -0.25 1.00 0.00
0.90 4.54 -0.07 1.00 0.00
0.90 4.54 0.10 1.00 0.00
0.90 4.54 0.28 1.00 0.00
0.90 4.54 0.45 1.00 0.00
0.90 4.54 0.63 1.00 0.00
0.90 4.54 0.80 1.00 0.00
0.90 4.54 0.97 1.00 0.00
0.90 4.54 1.15 1.00 0.00
0.90 4.54 1.32 1.00 0.00
0.90 4.54 1.50 1.00 0.00
1.10 4.54 -1.51 1.00 0.00
1.10 4.54 -1.33 1.00 0.00
1.10 4.54 -1.16 1.00 0.00
1.10 4.54 -0.98 1.00 0.00
1.10 4.54 -0.81 1.00 0.00
1.10 4.54 -0.63 1.00 0.00
1.10 4.54 -0.46 1.00 0.00
1.10 4.54 -0.28 1.00 0.00
1.10 4.54 -0.11 1.00 0.00
1.10 4.54 0.06 1.00 0.00
1.10 4.54 0.24 1.00 0.00
1.10 4.54 0.41 1.00 0.00
1.10 4.54 0.59 1.00 0.00
1.10 4.54 0.76 1.00 0.00
1.10 4.54 0.94 1.00 0.00
1.10 4.54 1.11 1.00 0.00
1.10 4.54 1.29 1.00 0.00
1.10 4.54 1.46 1.00 0.00
0.30 4.71 -1.36 1.00 0.00
0.30 4.71 -1.18 1.00 0.00
0.30 4.71 -1.01 1.00 0.00
0.30 4.71 -0.83 1.00 0.00
0.30 4.71 -0.66 1.00 0.00
0.30 4.71 -0.48 1.00 0.00
0.30 4.71 -0.31 1.00 0.00
0.30 4.71 -0.13 1.00 0.00
0.30 4.71 0.04 1.00 0.00
0.30 4.71 0.22 1.00 0.00
0.30 4.71 0.39 1.00 0.00
0.30 4.71 0.56 1.00 0.00
0.30 4.71 0.74 1.00 0.00
0.30 4.71 0.91 1.00 0.00
0.30 4.71 1.09 1.00 0.00
0.30 4.71 1.26 1.00 0.00
0.30 4.71 1.44 1.00 0.00
0.30 4.71 1.61 1.00 0.00
0.50 4.71 -1.39 1.00 0.00
0.50 4.71 -1.22 1.00 0.00
0.50 4.71 -1.04 1.00 0.00
0.50 4.71 -0.87 1.00 0.00
0.50 4.71 -0.69 1.00 0.00
0.50 4.71 -0.52 1.00 0.00
0.50 4.71 -0.35 1.00 0.00
0.50 4.71 -0.17 1.00 0.00
0.50 4.71 0.00 1.00 0.00
0.50 4.71 0.18 1.00 0.00
0.50 4.71 0.35 1.00 0.00
0.50 4.71 0.53 1.00 0.00
0.50 4.71 0.70 1.00 0.00
0.50 4.71 0.88 1.00 0.00
0.50 4.71 1.05 1.00 0.00
0.50 4.71 1.23 1.00 0.00
0.50 4.71 1.40 1.00 0.00
0.50 4.71 1.57 1.00 0.00
0.70 4.71 -1.43 1.00 0.00
0.70 4.71 -1.26 1.00 0.00
0.70 4.71 -1.08 1.00 0.00
0.70 4.71 -0.91 1.00 0.00
0.70 4.71 -0.73 1.00 0.00
0.70 4.71 -0.56 1.00 0.00
0.70 4.71 -0.38 1.00 0.00
0.70 4.71 -0.21 1.00 0.00
0.70 4.71 -0.03 1.00 0.00
0.70 4.71 0.14 1.00 0.00
0.70 4.71 0.31 1.00 0.00
0.70 4.71 0.49 1.00 0.00
0.70 4.71 0.66 1.00 0.00
0.70 4.71 0.84 1.00 0.00
0.70 4.71 1.01 1.00 0.00
0.70 4.71 1.19 1.00 0.00
0.70 4.71 1.36 1.00 0.00
0.70 4.71 1.54 1.00 0.00
0.90 4.71 -1.47 1.00 0.00
0.90 4.71 -1.29 1.00 0.00
0.90 4.71 -1.12 1.00 0.00
0.90 4.71 -0.95 1.00 0.00
0.90 4.71 -0.77 1.00 0.00
0.90 4.71 -0.60 1.00 0.00
0.90 4.71 -0.42 1.00 0.00
0.90 4.71 -0.25 1.00 0.00
0.90 4.71 -0.07 1.00 0.00
0.90 4.71 0.10 1.00 0.00
0.90 4.71 0.28 1.00 0.00
0.90 4.71 0.45 1.00 0.00
0.90 4.71 0.63 1.00 0.00
0.90 4.71 0.80 1.00 0.00
0.90 4.71 0.97 1.00 0.00
0.90 4.71 1.15 1.00 0.00
0.90 4.71 1.32 1.00 0.00
0.90 4.71 1.50 1.00 0.00
1.10 4.71 -1.51 1.00 0.00
1.10 4.71 -1.33 1.00 0.00
1.10 4.71 -1.16 1.00 0.00
1.10 4.71 -0.98 1.00 0.00
1.10 4.71 -0.81 1.00 0.00
1.10 4.71 -0.63 1.00 0.00
1.10 4.71 -0.46 1.00 0.00
1.10 4.71 -0.29 1.00 0.00
1.10 4.71 -0.11 1.00 0.00
1.10 4.71 0.06 1.00 0.00
1.10 4.71 0.24 1.00 0.00
1.10 4.71 0.41 1.00 0.00
1.10 4.71 0.59 1.00 0.00
1.10 4.71 0.76 1.00 0.00
1.10 4.71 0.94 1.00 0.00
1.10 4.71 1.11 1.00 0.00
1.10 4.71 1.29 1.00 0.00
1.10 4.71 1.46 1.00 0.00
0.30 4.89 -1.35 1.00 0.00
0.30 4.89 -1.18 1.00 0.00
0.30 4.89 -1.00 1.00 0.00
0.30 4.89 -0.83 1.00 0.00
0.30 4.89 -0.65 1.00 0.00
0.30 4.89 -0.48 1.00 0.00
0.30 4.89 -0.31 1.00 0.00
0.30 4.89 -0.13 1.00 0.00
0.30 4.89 0.04 1.00 0.00
0.30 4.89 0.22 1.00 0.00
0.30 4.89 0.39 1.00 0.00
0.30 4.89 0.57 1.00 0.00
0.30 4.89 0.74 1.00 0.00
0.30 4.89 0.92 1.00 0.00
0.30 4.89 1.09 1.00 0.00
0.30 4.89 1.27 1.00 0.00
0.30 4.89 1.44 1.00 0.00
0.30 4.89 1.61 1.00 0.00
0.50 4.89 -1.39 1.00 0.00
0.50 4.89 -1.21 1.00 0.00
0.50 4.89 -1.04 1.00 0.00
0.50 4.89 -0.86 1.00 0.00
0.50 4.89 -0.69 1.00 0.00
0.50 4.89 -0.52 1.00 0.00
0.50 4.89 -0.34 1.00 0.00
0.50 4.89 -0.17 1.00 0.00
0.50 4.89 0.01 1.00 0.00
0.50 4.89 0.18 1.00 0.00
0.50 4.89 0.36 1.00 0.00
0.50 4.89 0.53 1.00 0.00
0.50 4.89 0.71 1.00 0.00
0.50 4.89 0.88 1.00 0.00
0.50 4.89 1.06 1.00 0.00
0.50 4.89 1.23 1.00 0.00
0.50 4.89 1.40 1.00 0.00
0.50 4.89 1.58 1.00 0.00
0.70 4.89 -1.43 1.00 0.00
0.70 4.89 -1.25 1.00 0.00
0.70 4.89 -1.08 1.00 0.00
0.70 4.89 -0.90 1.00 0.00
0.70 4.89 -0.73 1.00 0.00
0.70 4.89 -0.55 1.00 0.00
0.70 4.89 -0.38 1.00 0.00
0.70 4.89 -0.20 1.00 0.00
0.70 4.89 -0.03 1.00 0.00
0.70 4.89 0.15 1.00 0.00
0.70 4.89 0.32 1.00 0.00
0.70 4.89 0.49 1.00 0.00
0.70 4.89 0.67 1.00 0.00
0.70 4.89 0.84 1.00 0.00
0.70 4.89 1.02 1.00 0.00
0.70 4.89 1.19 1.00 0.00
0.70 4.89 1.37 1.00 0.00
0.70 4.89 1.54 1.00 0.00
0.90 4.89 -1.46 1.00 0.00
0.90 4.89 -1.29 1.00 0.00
0.90 4.89 -1.11 1.00 0.00
0.90 4.89 -0.94 1.00 0.00
0.90 4.89 -0.76 1.00 0.00
0.90 4.89 -0.59 1.00 0.00
0.90 4.89 -0.42 1.00 0.00
0.90 4.89 -0.24 1.00 0.00
0.90 4.89 -0.07 1.00 0.00
0.90 4.89 0.11 1.00 0.00
0.90 4.89 0.28 1.00 0.00
0.90 4.89 0.46 1.00 0.00
0.90 4.89 0.63 1.00 0.00
0.90 4.89 0.81 1.00 0.00
0.90 4.89 0.98 1.00 0.00
0.90 4.89 1.15 1.00 0.00
0.90 4.89 1.33 1.00 0.00
0.90 4.89 1.50 1.00 0.00
1.10 4.89 -1.50 1.00 0.00
1.10 4.89 -1.33 1.00 0.00
1.10 4.89 -1.15 1.00 0.00
1.10 4.89 -0.98 1.00 0.00
1.10 4.89 -0.80 1.00 0.00
1.10 4.89 -0.63 1.00 0.00
1.10 4.89 -0.45 1.00 0.00
1.10 4.89 -0.28 1.00 0.00
1.10 4.89 -0.11 1.00 0.00
1.10 4.89 0.07 1.00 0.00
1.10 4.89 0.24 1.00 0.00
1.10 4.89 0.42 1.00 0.00
1.10 4.89 0.59 1.00 0.00
1.10 4.89 0.77 1.00 0.00
1.10 4.89 0.94 1.00 0.00
1.10 4.89 1.12 1.00 0.00
1.10 4.89 1.29 1.00 0.00
1.10 4.89 1.47 1.00 0.00
0.30 5.06 -1.35 1.00 0.00
0.30 5.06 -1.17 1.00 0.00
0.30 5.06 -1.00 1.00 0.00
0.30 5.06 -0.82 1.00 0.00
0.30 5.06 -0.65 1.00 0.00
0.30 5.06 -0.48 1.00 0.00
0.30 5.06 -0.30 1.00 0.00
0.30 5.06 -0.13 1.00 0.00
0.30 5.06 0.05 1.00 0.00
0.30 5.06 0.22 1.00 0.00
0.30 5.06 0.40 1.00 0.00
0.30 5.06 0.57 1.00 0.00
0.30 5.06 0.75 1.00 0.00
0.30 5.06 0.92 1.00 0.00
0.30 5.06 1.10 1.00 0.00
0.30 5.06 1.27 1.00 0.00
0.30 5.06 1.44 1.00 0.00
0.30 5.06 1.62 1.00 0.00
0.50 5.06 -1.38 1.00 0.00
0.50 5.06 -1.21 1.00 0.00
0.50 5.06 -1.03 1.00 0.00
0.50 5.06 -0.86 1.00 0.00
0.50 5.06 -0.68 1.00 0.00
0.50 5.06 -0.51 1.00 0.00
0.50 5.06 -0.33 1.00 0.00
0.50 5.06 -0.16 1.00 0.00
0.50 5.06 0.02 1.00 0.00
0.50 5.06 0.19 1.00 0.00
0.50 5.06 0.36 1.00 0.00
0.50 5.06 0.54 1.00 0.00
0.50 5.06 0.71 1.00 0.00
0.50 5.06 0.89 1.00 0.00
0.50 5.06 1.06 1.00 0.00
0.50 5.06 1.24 1.00 0.00
0.50 5.06 1.41 1.00 0.00
0.50 5.06 1.59 1.00 0.00
0.70 5.06 -1.42 1.00 0.00
0.70 5.06 -1.24 1.00 0.00
0.70 5.06 -1.07 1.00 0.00
0.70 5.06 -0.89 1.00 0.00
0.70 5.06 -0.72 1.00 0.00
0.70 5.06 -0.54 1.00 0.00
0.70 5.06 -0.37 1.00 0.00
0.70 5.06 -0.19 1.00 0.00
0.70 5.06 -0.02 1.00 0.00
0.70 5.06 0.16 1.00 0.00
0.70 5.06 0.33 1.00 0.00
0.70 5.06 0.50 1.00 0.00
0.70 5.06 0.68 1.00 0.00
0.70 5.06 0.85 1.00 0.00
0.70 5.06 1.03 1.00 0.00
0.70 5.06 1.20 1.00 0.00
0.70 5.06 1.38 1.00 0.00
0.70 5.06 1.55 1.00 0.00
0.90 5.06 -1.45 1.00 0.00
0.90 5.06 -1.28 1.00 0.00
0.90 5.06 -1.10 1.00 0.00
0.90 5.06 -0.93 1.00 0.00
0.90 5.06 -0.75 1.00 0.00
0.90 5.06 -0.58 1.00 0.00
0.90 5.06 -0.40 1.00 0.00
0.90 5.06 -0.23 1.00 0.00
0.90 5.06 -0.06 1.00 0.00
0.90 5.06 0.12 1.00 0.00
0.90 5.06 0.29 1.00 0.00
0.90 5.06 0.47 1.00 0.00
0.90 5.06 0.64 1.00 0.00
0.90 5.06 0.82 1.00 0.00
0.90 5.06 0.99 1.00 0.00
0.90 5.06 1.17 1.00 0.00
0.90 5.06 1.34 1.00 0.00
0.90 5.06 1.52 1.00 0.00
1.10 5.06 -1.49 1.00 0.00
1.10 5.06 -1.31 1.00 0.00
1.10 5.06 -1.14 1.00 0.00
1.10 5.06 -0.97 1.00 0.00
1.10 5.06 -0.79 1.00 0.00
1.10 5.06 -0.62 1.00 0.00
1.10 5.06 -0.44 1.00 0.00
1.10 5.06 -0.27 1.00 0.00
1.10 5.06 -0.09 1.00 0.00
1.10 5.06 0.08 1.00 0.00
1.10 5.06 0.26 1.00 0.00
1.10 5.06 0.43 1.00 0.00
1.10 5.06 0.61 1.00 0.00
1.10 5.06 0.78 1.00 0.00
1.10 5.06 0.95 1.00 0.00
1.10 5.06 1.13 1.00 0.00
1.10 5.06 1.30 1.00 0.00
1.10 5.06 1.48 1.00 0.00
0.30 5.24 -1.34 1.00 0.00
0.30 5.24 -1.17 1.00 0.00
0.30 5.24 -0.99 1.00 0.00
0.30 5.24 -0.82 1.00 0.00
0.30 5.24 -0.64 1.00 0.00
0.30 5.24 -0.47 1.00 0.00
0.30 5.24 -0.29 1.00 0.00
0.30 5.24 -0.12 1.00 0.00
0.30 5.24 0.05 1.00 0.00
0.30 5.24 0.23 1.00 0.00
0.30 5.24 0.40 1.00 0.00
0.30 5.24 0.58 1.00 0.00
0.30 5.24 0.75 1.00 0.00
0.30 5.24 0.93 1.00 0.00
0.30 5.24 1.10 1.00 0.00
0.30 5.24 1.28 1.00 0.00
0.30 5.24 1.45 1.00 0.00
0.30 5.24 1.63 1.00 0.00
0.50 5.24 -1.37 1.00 0.00
0.50 5.24 -1.20 1.00 0.00
0.50 5.24 -1.02 1.00 0.00
0.50 5.24 -0.85 1.00 0.00
0.50 5.24 -0.67 1.00 0.00
0.50 5.24 -0.50 1.00 0.00
0.50 5.24 -0.32 1.00 0.00
0.50 5.24 -0.15 1.00 0.00
0.50 5.24 0.03 1.00 0.00
0.50 5.24 0.20 1.00 0.00
0.50 5.24 0.37 1.00 0.00
0.50 5.24 0.55 1.00 0.00
0.50 5.24 0.72 1.00 0.00
0.50 5.24 0.90 1.00 0.00
0.50 5.24 1.07 1.00 0.00
0.50 5.24 1.25 1.00 0.00
0.50 5.24 1.42 1.00 0.00
0.50 5.24 1.60 1.00 0.00
0.70 5.24 -1.40 1.00 0.00
0.70 5.24 -1.23 1.00 0.00
0.70 5.24 -1.05 1.00 0.00
0.70 5.24 -0.88 1.00 0.00
0.70 5.24 -0.70 1.00 0.00
0.70 5.24 -0.53 1.00 0.00
0.70 5.24 -0.35 1.00 0.00
0.70 5.24 -0.18 1.00 0.00
0.70 5.24 -0.01 1.00 0.00
0.70 5.24 0.17 1.00 0.00
0.70 5.24 0.34 1.00 0.00
0.70 5.24 0.52 1.00 0.00
0.70 5.24 0.69 1.00 0.00
0.70 5.24 0.87 1.00 0.00
0.70 5.24 1.04 1.00 0.00
0.70 5.24 1.22 1.00 0.00
0.70 5.24 1.39 1.00 0.00
0.70 5.24 1.57 1.00 0.00
0.90 5.24 -1.43 1.00 0.00
0.90 5.24 -1.26 1.00 0.00
0.90 5.24 -1.08 1.00 0.00
0.90 5.24 -0.91 1.00 0.00
0.90 5.24 -0.74 1.00 0.00
0.90 5.24 -0.56 1.00 0.00
0.90 5.24 -0.39 1.00 0.00
0.90 5.24 -0.21 1.00 0.00
0.90 5.24 -0.04 1.00 0.00
0.90 5.24 0.14 1.00 0.00
0.90 5.24 0.31 1.00 0.00
0.90 5.24 0.49 1.00 0.00
0.90 5.24 0.66 1.00 0.00
0.90 5.24 0.83 1.00 0.00
0.90 5.24 1.01 1.00 0.00
0.90 5.24 1.18 1.00 0.00
0.90 5.24 1.36 1.00 0.00
0.90 5.24 1.53 1.00 0.00
1.10 5.24 -1.47 1.00 0.00
1.10 5.24 -1.29 1.00 0.00
1.10 5.24 -1.12 1.00 0.00
1.10 5.24 -0.94 1.00 0.00
1.10 5.24 -0.77 1.00 0.00
1.10 5.24 -0.60 1.00 0.00
1.10 5.24 -0.42 1.00 0.00
1.10 5.24 -0.25 1.00 0.00
1.10 5.24 -0.07 1.00 0.00
1.10 5.24 0.10 1.00 0.00
1.10 5.24 0.28 1.00 0.00
1.10 5.24 0.45 1.00 0.00
1.10 5.24 0.63 1.00 0.00
1.10 5.24 0.80 1.00 0.00
1.10 5.24 0.98 1.00 0.00
1.10 5.24 1.15 1.00 0.00
1.10 5.24 1.32 1.00 0.00
1.10 5.24 1.50 1.00 0.00
0.30 5.41 -1.33 1.00 0.00
0.30 5.41 -1.16 1.00 0.00
0.30 5.41 -0.98 1.00 0.00
0.30 5.41 -0.81 1.00 0.00
0.30 5.41 -0.64 1.00 0.00
0.30 5.41 -0.46 1.00 0.00
0.30 5.41 -0.29 1.00 0.00
0.30 5.41 -0.11 1.00 0.00
0.30 5.41 0.06 1.00 0.00
0.30 5.41 0.24 1.00 0.00
0.30 5.41 0.41 1.00 0.00
0.30 5.41 0.59 1.00 0.00
0.30 5.41 0.76 1.00 0.00
0.30 5.41 0.93 1.00 0.00
0.30 5.41 1.11 1.00 0.00
0.30 5.41 1.28 1.00 0.00
0.30 5.41 1.46 1.00 0.00
0.30 5.41 1.63 1.00 0.00
0.50 5.41 -1.36 1.00 0.00
0.50 5.41 -1.18 1.00 0.00
0.50 5.41 -1.01 1.00 0.00
0.50 5.41 -0.83 1.00 0.00
0.50 5.41 -0.66 1.00 0.00
0.50 5.41 -0.49 1.00 0.00
0.50 5.41 -0.31 1.00 0.00
0.50 5.41 -0.14 1.00 0.00
0.50 5.41 0.04 1.00 0.00
0.50 5.41 0.21 1.00 0.00
0.50 5.41 0.39 1.00 0.00
0.50 5.41 0.56 1.00 0.00
0.50 5.41 0.74 1.00 0.00
0.50 5.41 0.91 1.00 0.00
0.50 5.41 1.09 1.00 0.00
0.50 5.41 1.26 1.00 0.00
0.50 5.41 1.43 1.00 0.00
0.50 5.41 1.61 1.00 0.00
0.70 5.41 -1.38 1.00 0.00
0.70 5.41 -1.21 1.00 0.00
0.70 5.41 -1.03 1.00 0.00
0.70 5.41 -0.86 1.00 0.00
0.70 5.41 -0.69 1.00 0.00
0.70 5.41 -0.51 1.00 0.00
0.70 5.41 -0.34 1.00 0.00
0.70 5.41 -0.16 1.00 0.00
0.70 5.41 0.01 1.00 0.00
0.70 5.41 0.19 1.00 0.00
0.70 5.41 0.36 1.00 0.00
0.70 5.41 0.54 1.00 0.00
0.70 5.41 0.71 1.00 0.00
0.70 5.41 0.89 1.00 0.00
0.70 5.41 1.06 1.00 0.00
0.70 5.41 1.23 1.00 0.00
0.70 5.41 1.41 1.00 0.00
0.70 5.41 1.58 1.00 0.00
0.90 5.41 -1.41 1.00 0.00
0.90 5.41 -1.24 1.00 0.00
0.90 5.41 -1.06 1.00 0.00
0.90 5.41 -0.89 1.00 0.00
0.90 5.41 -0.71 1.00 0.00
0.90 5.41 -0.54 1.00 0.00
0.90 5.41 -0.36 1.00 0.00
0.90 5.41 -0.19 1.00 0.00
0.90 5.41 -0.01 1.00 0.00
0.90 5.41 0.16 1.00 0.00
0.90 5.41 0.33 1.00 0.00
0.90 5.41 0.51 1.00 0.00
0.90 5.41 0.68 1.00 0.00
0.90 5.41 0.86 1.00 0.00
0.90 5.41 1.03 1.00 0.00
0.90 5.41 1.21 1.00 0.00
0.90 5.41 1.38 1.00 0.00
0.90 5.41 1.56 1.00 0.00
1.10 5.41 -1.44 1.00 0.00
1.10 5.41 -1.27 1.00 0.00
1.10 5.41 -1.09 1.00 0.00
1.10 5.41 -0.92 1.00 0.00
1.10 5.41 -0.74 1.00 0.00
1.10 5.41 -0.57 1.00 0.00
1.10 5.41 -0.39 1.00 0.00
1.10 5.41 -0.22 1.00 0.00
1.10 5.41 -0.04 1.00 0.00
1.10 5.41 0.13 1.00 0.00
1.10 5.41 0.31 1.00 0.00
1.10 5.41 0.48 1.00 0.00
1.10 5.41 0.65 1.00 0.00
1.10 5.41 0.83 1.00 0.00
1.10 5.41 1.00 1.00 0.00
1.10 5.41 1.18 1.00 0.00
1.10 5.41 1.35 1.00 0.00
1.10 5.41 1.53 1.00 0.00
0.30 5.59 -1.33 1.00 0.00
0.30 5.59 -1.15 1.00 0.00
0.30 5.59 -0.98 1.00 0.00
0.30 5.59 -0.80 1.00 0.00
0.30 5.59 -0.63 1.00 0.00
0.30 5.59 -0.45 1.00 0.00
0.30 5.59 -0.28 1.00 0.00
0.30 5.59 -0.10 1.00 0.00
0.30 5.59 0.07 1.00 0.00
0.30 5.59 0.25 1.00 0.00
0.30 5.59 0.42 1.00 0.00
0.30 5.59 0.59 1.00 0.00
0.30 5.59 0.77 1.00 0.00
0.30 5.59 0.94 1.00 0.00
0.30 5.59 1.12 1.00 0.00
0.30 5.59 1.29 1.00 0.00
0.30 5.59 1.47 1.00 0.00
0.30 5.59 1.64 1.00 0.00
0.50 5.59 -1.34 1.00 0.00
0.50 5.59 -1.17 1.00 0.00
0.50 5.59 -0.99 1.00 0.00
0.50 5.59 -0.82 1.00 0.00
0.50 5.59 -0.64 1.00 0.00
0.50 5.59 -0.47 1.00 0.00
0.50 5.59 -0.30 1.00 0.00
0.50 5.59 -0.12 1.00 0.00
0.50 5.59 0.05 1.00 0.00
0.50 5.59 0.23 1.00 0.00
0.50 5.59 0.40 1.00 0.00
0.50 5.59 0.58 1.00 0.00
0.50 5.59 0.75 1.00 0.00
0.50 5.59 0.93 1.00 0.00
0.50 5.59 1.10 1.00 0.00
0.50 5.59 1.27 1.00 0.00
0.50 5.59 1.45 1.00 0.00
0.50 5.59 1.62 1.00 0.00
0.70 5.59 -1.36 1.00 0.00
0.70 5.59 -1.19 1.00 0.00
0.70 5.59 -1.01 1.00 0.00
0.70 5.59 -0.84 1.00 0.00
0.70 5.59 -0.66 1.00 0.00
0.70 5.59 -0.49 1.00 0.00
0.70 5.59 -0.32 1.00 0.00
0.70 5.59 -0.14 1.00 0.00
0.70 5.59 0.03 1.00 0.00
0.70 5.59 0.21 1.00 0.00
0.70 5.59 0.38 1.00 0.00
0.70 5.59 0.56 1.00 0.00
0.70 5.59 0.73 1.00 0.00
0.70 5.59 0.91 1.00 0.00
0.70 5.59 1.08 1.00 0.00
0.70 5.59 1.26 1.00 0.00
0.70 5.59 1.43 1.00 0.00
0.70 5.59 1.60 1.00 0.00
0.90 5.59 -1.38 1.00 0.00
0.90 5.59 -1.21 1.00 0.00
0.90 5.59 -1.03 1.00 0.00
0.90 5.59 -0.86 1.00 0.00
0.90 5.59 -0.68 1.00 0.00
0.90 5.59 -0.51 1.00 0.00
0.90 5.59 -0.34 1.00 0.00
0.90 5.59 -0.16 1.00 0.00
0.90 5.59 0.01 1.00 0.00
0.90 5.59 0.19 1.00 0.00
0.90 5.59 0.36 1.00 0.00
0.90 5.59 0.54 1.00 0.00
0.90 5.59 0.71 1.00 0.00
0.90 5.59 0.89 1.00 0.00
0.90 5.59 1.06 1.00 0.00
0.90 5.59 1.24 1.00 0.00
0.90 5.59 1.41 1.00 0.00
0.90 5.59 1.58 1.00 0.00
1.10 5.59 -1.41 1.00 0.00
1.10 5.59 -1.23 1.00 0.00
1.10 5.59 -1.06 1.00 0.00
1.10 5.59 -0.88 1.00 0.00
1.10 5.59 -0.71 1.00 0.00
1.10 5.59 -0.53 1.00 0.00
1.10 5.59 -0.36 1.00 0.00
1.10 5.59 -0.18 1.00 0.00
1.10 5.59 -0.01 1.00 0.00
1.10 5.59 0.17 1.00 0.00
1.10 5.59 0.34 1.00 0.00
1.10 5.59 0.51 1.00 0.00
1.10 5.59 0.69 1.00 0.00
1.10 5.59 0.86 1.00 0.00
1.10 5.59 1.04 1.00 0.00
1.10 5.59 1.21 1.00 0.00
1.10 5.59 1.39 1.00 0.00
1.10 5.59 1.56 1.00 0.00
0.30 5.76 -1.32 1.00 0.00
0.30 5.76 -1.14 1.00 0.00
0.30 5.76 -0.97 1.00 0.00
0.30 5.76 -0.79 1.00 0.00
0.30 5.76 -0.62 1.00 0.00
0.30 5.76 -0.44 1.00 0.00
0.30 5.76 -0.27 1.00 0.00
0.30 5.76 -0.09 1.00 0.00
0.30 5.76 0.08 1.00 0.00
0.30 5.76 0.26 1.00 0.00
0.30 5.76 0.43 1.00 0.00
0.30 5.76 0.60 1.00 0.00
0.30 5.76 0.78 1.00 0.00
0.30 5.76 0.95 1.00 0.00
0.30 5.76 1.13 1.00 0.00
0.30 5.76 1.30 1.00 0.00
0.30 5.76 1.48 1.00 0.00
0.30 5.76 1.65 1.00 0.00
0.50 5.76 -1.33 1.00 0.00
0.50 5.76 -1.15 1.00 0.00
0.50 5.76 -0.98 1.00 0.00
0.50 5.76 -0.80 1.00 0.00
0.50 5.76 -0.63 1.00 0.00
0.50 5.76 -0.45 1.00 0.00
0.50 5.76 -0.28 1.00 0.00
0.50 5.76 -0.10 1.00 0.00
0.50 5.76 0.07 1.00 0.00
0.50 5.76 0.24 1.00 0.00
0.50 5.76 0.42 1.00 0.00
0.50 5.76 0.59 1.00 0.00
0.50 5.76 0.77 1.00 0.00
0.50 5.76 0.94 1.00 0.00
0.50 5.76 1.12 1.00 0.00
0.50 5.76 1.29 1.00 0.00
0.50 5.76 1.47 1.00 0.00
0.50 5.76 1.64 1.00 0.00
0.70 5.76 -1.34 1.00 0.00
0.70 5.76 -1.16 1.00 0.00
0.70 5.76 -0.99 1.00 0.00
0.70 5.76 -0.81 1.00 0.00
0.70 5.76 -0.64 1.00 0.00
0.70 5.76 -0.47 1.00 0.00
0.70 5.76 -0.29 1.00 0.00
0.70 5.76 -0.12 1.00 0.00
0.70 5.76 0.06 1.00 0.00
0.70 5.76 0.23 1.00 0.00
0.70 5.76 0.41 1.00 0.00
0.70 5.76 0.58 1.00 0.00
0.70 5.76 0.76 1.00 0.00
0.70 5.76 0.93 1.00 0.00
0.70 5.76 1.11 1.00 0.00
0.70 5.76 1.28 1.00 0.00
0.70 5.76 1.45 1.00 0.00
0.70 5.76 1.63 1.00 0.00
0.90 5.76 -1.35 1.00 0.00
0.90 5.76 -1.18 1.00 0.00
0.90 5.76 -1.00 1.00 0.00
0.90 5.76 -0.83 1.00 0.00
0.90 5.76 -0.65 1.00 0.00
0.90 5.76 -0.48 1.00 0.00
0.90 5.76 -0.30 1.00 0.00
0.90 5.76 -0.13 1.00 0.00
0.90 5.76 0.05 1.00 0.00
0.90 5.76 0.22 1.00 0.00
0.90 5.76 0.39 1.00 0.00
0.90 5.76 0.57 1.00 0.00
0.90 5.76 0.74 1.00 0.00
0.90 5.76 0.92 1.00 0.00
0.90 5.76 1.09 1.00 0.00
0.90 5.76 1.27 1.00 0.00
0.90 5.76 1.44 1.00 0.00
0.90 5.76 1.62 1.00 0.00
1.10 5.76 -1.36 1.00 0.00
1.10 5.76 -1.19 1.00 0.00
1.10 5.76 -1.02 1.00 0.00
1.10 5.76 -0.84 1.00 0.00
1.10 5.76 -0.67 1.00 0.00
1.10 5.76 -0.49 1.00 0.00
1.10 5.76 -0.32 1.00 0.00
1.10 5.76 -0.14 1.00 0.00
1.10 5.76 0.03 1.00 0.00
1.10 5.76 0.21 1.00 0.00
1.10 5.76 0.38 1.00 0.00
1.10 5.76 0.55 1.00 0.00
1.10 5.76 0.73 1.00 0.00
1.10 5.76 0.90 1.00 0.00
1.10 5.76 1.08 1.00 0.00
1.10 5.76 1.25 1.00 0.00
1.10 5.76 1.43 1.00 0.00
1.10 5.76 1.60 1.00 0.00
0.30 5.93 -1.31 1.00 0.00
0.30 5.93 -1.13 1.00 0.00
0.30 5.93 -0.96 1.00 0.00
0.30 5.93 -0.78 1.00 0.00
0.30 5.93 -0.61 1.00 0.00
0.30 5.93 -0.43 1.00 0.00
0.30 5.93 -0.26 1.00 0.00
0.30 5.93 -0.08 1.00 0.00
0.30 5.93 0.09 1.00 0.00
0.30 5.93 0.27 1.00 0.00
0.30 5.93 0.44 1.00 0.00
0.30 5.93 0.61 1.00 0.00
0.30 5.93 0.79 1.00 0.00
0.30 5.93 0.96 1.00 0.00
0.30 5.93 1.14 1.00 0.00
0.30 5.93 1.31 1.00 0.00
0.30 5.93 1.49 1.00 0.00
0.30 5.93 1.66 1.00 0.00
0.50 5.93 -1.31 1.00 0.00
0.50 5.93 -1.13 1.00 0.00
0.50 5.93 -0.96 1.00 0.00
0.50 5.93 -0.79 1.00 0.00
0.50 5.93 -0.61 1.00 0.00
0.50 5.93 -0.44 1.00 0.00
0.50 5.93 -0.26 1.00 0.00
0.50 5.93 -0.09 1.00 0.00
0.50 5.93 0.09 1.00 0.00
0.50 5.93 0.26 1.00 0.00
0.50 5.93 0.44 1.00 0.00
0.50 5.93 0.61 1.00 0.00
0.50 5.93 0.79 1.00 0.00
0.50 5.93 0.96 1.00 0.00
0.50 5.93 1.13 1.00 0.00
0.50 5.93 1.31 1.00 0.00
0.50 5.93 1.48 1.00 0.00
0.50 5.93 1.66 1.00 0.00
0.70 5.93 -1.31 1.00 0.00
0.70 5.93 -1.14 1.00 0.00
0.70 5.93 -0.96 1.00 0.00
0.70 5.93 -0.79 1.00 0.00
0.70 5.93 -0.61 1.00 0.00
0.70 5.93 -0.44 1.00 0.00
0.70 5.93 -0.27 1.00 0.00
0.70 5.93 -0.09 1.00 0.00
0.70 5.93 0.08 1.00 0.00
0.70 5.93 0.26 1.00 0.00
0.70 5.93 0.43 1.00 0.00
0.70 5.93 0.61 1.00 0.00
0.70 5.93 0.78 1.00 0.00
0.70 5.93 0.96 1.00 0.00
0.70 5.93 1.13 1.00 0.00
0.70 5.93 1.31 1.00 0.00
0.70 5.93 1.48 1.00 0.00
0.70 5.93 1.65 1.00 0.00
0.90 5.93 -1.32 1.00 0.00
0.90 5.93 -1.14 1.00 0.00
0.90 5.93 -0.97 1.00 0.00
0.90 5.93 -0.79 1.00 0.00
0.90 5.93 -0.62 1.00 0.00
0.90 5.93 -0.44 1.00 0.00
0.90 5.93 -0.27 1.00 0.00
0.90 5.93 -0.09 1.00 0.00
0.90 5.93 0.08 1.00 0.00
0.90 5.93 0.25 1.00 0.00
0.90 5.93 0.43 1.00 0.00
0.90 5.93 0.60 1.00 0.00
0.90 5.93 0.78 1.00 0.00
0.90 5.93 0.95 1.00 0.00
0.90 5.93 1.13 1.00 0.00
0.90 5.93 1.30 1.00 0.00
0.90 5.93 1.48 1.00 0.00
0.90 5.93 1.65 1.00 0.00
1.10 5.93 -1.32 1.00 0.00
1.10 5.93 -1.15 1.00 0.00
1.10 5.93 -0.97 1.00 0.00
1.10 5.93 -0.80 1.00 0.00
1.10 5.93 -0.62 1.00 0.00
1.10 5.93 -0.45 1.00 0.00
1.10 5.93 -0.27 1.00 0.00
1.10 5.93 -0.10 1.00 0.00
1.10 5.93 0.08 1.00 0.00
1.10 5.93 0.25 1.00 0.00
1.10 5.93 0.42 1.00 0.00
1.10 5.93 0.60 1.00 0.00
1.10 5.93 0.77 1.00 0.00
1.10 5.93 0.95 1.00 0.00
1.10 5.93 1.12 1.00 0.00
1.10 5.93 1.30 1.00 0.00
1.10 5.93 1.47 1.00 0.00
1.10 5.93 1.65 1.00 0.00
0.30 6.11 -1.29 1.00 0.00
0.30 6.11 -1.12 1.00 0.00
0.30 6.11 -0.95 1.00 0.00
0.30 6.11 -0.77 1.00 0.00
0.30 6.11 -0.60 1.00 0.00
0.30 6.11 -0.42 1.00 0.00
0.30 6.11 -0.25 1.00 0.00
0.30 6.11 -0.07 1.00 0.00
0.30 6.11 0.10 1.00 0.00
0.30 6.11 0.28 1.00 0.00
0.30 6.11 0.45 1.00 0.00
0.30 6.11 0.62 1.00 0.00
0.30 6.11 0.80 1.00 0.00
0.30 6.11 0.97 1.00 0.00
0.30 6.11 1.15 1.00 0.00
0.30 6.11 1.32 1.00 0.00
0.30 6.11 1.50 1.00 0.00
0.30 6.11 1.67 1.00 0.00
0.50 6.11 -1.29 1.00 0.00
0.50 6.11 -1.12 1.00 0.00
0.50 6.11 -0.94 1.00 0.00
0.50 6.11 -0.77 1.00 0.00
0.50 6.11 -0.59 1.00 0.00
0.50 6.11 -0.42 1.00 0.00
0.50 6.11 -0.24 1.00 0.00
0.50 6.11 -0.07 1.00 0.00
0.50 6.11 0.11 1.00 0.00
0.50 6.11 0.28 1.00 0.00
0.50 6.11 0.45 1.00 0.00
0.50 6.11 0.63 1.00 0.00
0.50 6.11 0.80 1.00 0.00
0.50 6.11 0.98 1.00 0.00
0.50 6.11 1.15 1.00 0.00
0.50 6.11 1.33 1.00 0.00
0.50 6.11 1.50 1.00 0.00
0.50 6.11 1.68 1.00 0.00
0.70 6.11 -1.29 1.00 0.00
0.70 6.11 -1.11 1.00 0.00
0.70 6.11 -0.94 1.00 0.00
0.70 6.11 -0.76 1.00 0.00
0.70 6.11 -0.59 1.00 0.00
0.70 6.11 -0.41 1.00 0.00
0.70 6.11 -0.24 1.00 0.00
0.70 6.11 -0.06 1.00 0.00
0.70 6.11 0.11 1.00 0.00
0.70 6.11 0.28 1.00 0.00
0.70 6.11 0.46 1.00 0.00
0.70 6.11 0.63 1.00 0.00
0.70 6.11 0.81 1.00 0.00
0.70 6.11 0.98 1.00 0.00
0.70 6.11 1.16 1.00 0.00
0.70 6.11 1.33 1.00 0.00
0.70 6.11 1.51 1.00 0.00
0.70 6.11 1.68 1.00 0.00
0.90 6.11 -1.28 1.00 0.00
0.90 6.11 -1.11 1.00 0.00
0.90 6.11 -0.93 1.00 0.00
0.90 6.11 -0.76 1.00 0.00
0.90 6.11 -0.58 1.00 0.00
0.90 6.11 -0.41 1.00 0.00
0.90 6.11 -0.23 1.00 0.00
0.90 6.11 -0.06 1.00 0.00
0.90 6.11 0.11 1.00 0.00
0.90 6.11 0.29 1.00 0.00
0.90 6.11 0.46 1.00 0.00
0.90 6.11 0.64 1.00 0.00
0.90 6.11 0.81 1.00 0.00
0.90 6.11 0.99 1.00 0.00
0.90 6.11 1.16 1.00 0.00
0.90 6.11 1.34 1.00 0.00
0.90 6.11 1.51 1.00 0.00
0.90 6.11 1.69 1.00 0.00
1.10 6.11 -1.28 1.00 0.00
1.10 6.11 -1.10 1.00 0.00
1.10 6.11 -0.93 1.00 0.00
1.10 6.11 -0.75 1.00 0.00
1.10 6.11 -0.58 1.00 0.00
1.10 6.11 -0.40 1.00 0.00
1.10 6.11 -0.23 1.00 0.00
1.10 6.11 -0.05 1.00 0.00
1.10 6.11 0.12 1.00 0.00
1.10 6.11 0.29 1.00 0.00
1.10 6.11 0.47 1.00 0.00
1.10 6.11 0.64 1.00 0.00
1.10 6.11 0.82 1.00 0.00
1.10 6.11 0.99 1.00 0.00
1.10 6.11 1.17 1.00 0.00
1.10 6.11 1.34 1.00 0.00
1.10 6.11 1.52 1.00 0.00
1.10 6.11 1.69 1.00 0.00
