2.76 0.10 -0.05
2.56 0.10 -0.06
2.36 0.10 -0.07
2.16 0.10 -0.07
1.96 0.10 -0.08
2.76 0.10 -0.11
2.57 0.10 -0.15
2.37 0.10 -0.19
2.17 0.10 -0.23
1.98 0.10 -0.27
2.78 0.10 -0.16
2.59 0.10 -0.23
2.40 0.10 -0.30
2.22 0.10 -0.38
2.03 0.10 -0.45
2.80 0.10 -0.20
2.63 0.10 -0.31
2.46 0.10 -0.41
2.29 0.10 -0.52
2.12 0.10 -0.62
2.83 0.10 -0.24
2.68 0.10 -0.38
2.53 0.10 -0.51
2.38 0.10 -0.64
2.23 0.10 -0.78
2.87 0.10 -0.28
2.75 0.10 -0.44
2.62 0.10 -0.59
2.50 0.10 -0.75
2.37 0.10 -0.91
2.91 0.10 -0.31
2.82 0.10 -0.48
2.72 0.10 -0.66
2.63 0.10 -0.84
2.53 0.10 -1.01
2.96 0.10 -0.33
2.90 0.10 -0.52
2.84 0.10 -0.71
2.77 0.10 -0.90
2.71 0.10 -1.09
3.01 0.10 -0.34
2.98 0.10 -0.54
2.95 0.10 -0.74
2.93 0.10 -0.94
2.90 0.10 -1.13
3.06 0.10 -0.34
3.07 0.10 -0.54
3.08 0.10 -0.74
3.08 0.10 -0.94
3.09 0.10 -1.14
3.12 0.10 -0.34
3.16 0.10 -0.53
3.20 0.10 -0.73
3.24 0.10 -0.93
3.28 0.10 -1.12
3.17 0.10 -0.32
3.24 0.10 -0.51
3.31 0.10 -0.69
3.39 0.10 -0.88
3.46 0.10 -1.07
3.21 0.10 -0.30
3.32 0.10 -0.47
3.42 0.10 -0.64
3.53 0.10 -0.81
3.63 0.10 -0.98
3.25 0.10 -0.27
3.39 0.10 -0.42
3.52 0.10 -0.57
3.65 0.10 -0.72
3.79 0.10 -0.87
3.29 0.10 -0.23
3.45 0.10 -0.35
3.60 0.10 -0.48
3.76 0.10 -0.60
3.92 0.10 -0.73
3.32 0.10 -0.19
3.50 0.10 -0.28
3.67 0.10 -0.38
3.85 0.10 -0.47
4.02 0.10 -0.57
3.34 0.10 -0.14
3.53 0.10 -0.20
3.72 0.10 -0.26
3.91 0.10 -0.33
4.10 0.10 -0.39
3.35 0.10 -0.09
3.55 0.10 -0.12
3.75 0.10 -0.15
3.95 0.10 -0.17
4.14 0.10 -0.20
3.35 0.10 -0.04
3.55 0.10 -0.03
3.75 0.10 -0.02
3.95 0.10 -0.02
4.15 0.10 -0.01
3.35 0.10 0.02
3.54 0.10 0.06
3.74 0.10 0.10
3.94 0.10 0.14
4.13 0.10 0.18
3.33 0.10 0.07
3.52 0.10 0.14
3.71 0.10 0.21
3.89 0.10 0.29
4.08 0.10 0.36
3.31 0.10 0.11
3.48 0.10 0.22
3.65 0.10 0.32
3.82 0.10 0.43
3.99 0.10 0.53
3.28 0.10 0.16
3.43 0.10 0.29
3.58 0.10 0.42
3.73 0.10 0.55
3.88 0.10 0.69
3.24 0.10 0.19
3.36 0.10 0.35
3.49 0.10 0.50
3.61 0.10 0.66
3.74 0.10 0.82
3.20 0.10 0.22
3.29 0.10 0.40
3.39 0.10 0.57
3.48 0.10 0.75
3.58 0.10 0.92
3.15 0.10 0.24
3.21 0.10 0.43
3.27 0.10 0.62
3.34 0.10 0.81
3.40 0.10 1.00
3.10 0.10 0.25
3.13 0.10 0.45
3.16 0.10 0.65
3.18 0.10 0.85
3.21 0.10 1.04
3.05 0.10 0.26
3.04 0.10 0.46
3.03 0.10 0.66
3.03 0.10 0.86
3.02 0.10 1.05
2.99 0.10 0.25
2.95 0.10 0.45
2.91 0.10 0.64
2.87 0.10 0.84
2.83 0.10 1.03
2.94 0.10 0.23
2.87 0.10 0.42
2.80 0.10 0.61
2.72 0.10 0.79
2.65 0.10 0.98
2.90 0.10 0.21
2.79 0.10 0.38
2.69 0.10 0.55
2.58 0.10 0.72
2.48 0.10 0.89
2.86 0.10 0.18
2.72 0.10 0.33
2.59 0.10 0.48
2.46 0.10 0.63
2.32 0.10 0.78
2.82 0.10 0.14
2.66 0.10 0.27
2.51 0.10 0.39
2.35 0.10 0.51
2.19 0.10 0.64
2.79 0.10 0.10
2.61 0.10 0.19
2.44 0.10 0.29
2.26 0.10 0.38
2.09 0.10 0.48
2.77 0.10 0.05
2.58 0.10 0.11
2.39 0.10 0.18
2.20 0.10 0.24
2.01 0.10 0.30
2.76 0.10 -0.00
2.56 0.10 0.03
2.36 0.10 0.06
2.16 0.10 0.09
1.97 0.10 0.11
