0.30 0.00 4.60 1.00 0.00
0.30 0.00 4.78 1.00 0.00
0.30 0.00 4.95 1.00 0.00
0.30 0.00 5.12 1.00 0.00
0.30 0.00 5.30 1.00 0.00
0.30 0.00 5.47 1.00 0.00
0.30 0.00 5.65 1.00 0.00
0.30 0.00 5.82 1.00 0.00
0.30 0.00 6.00 1.00 0.00
0.30 0.00 6.17 1.00 0.00
0.30 0.00 6.35 1.00 0.00
0.30 0.00 6.52 1.00 0.00
0.30 0.00 6.70 1.00 0.00
0.30 0.00 6.87 1.00 0.00
0.30 0.00 7.04 1.00 0.00
0.30 0.00 7.22 1.00 0.00
0.30 0.00 7.39 1.00 0.00
0.30 0.00 7.57 1.00 0.00
0.50 0.00 4.59 1.00 0.00
0.50 0.00 4.76 1.00 0.00
0.50 0.00 4.94 1.00 0.00
0.50 0.00 5.11 1.00 0.00
0.50 0.00 5.29 1.00 0.00
0.50 0.00 5.46 1.00 0.00
0.50 0.00 5.64 1.00 0.00
0.50 0.00 5.81 1.00 0.00
0.50 0.00 5.99 1.00 0.00
0.50 0.00 6.16 1.00 0.00
0.50 0.00 6.34 1.00 0.00
0.50 0.00 6.51 1.00 0.00
0.50 0.00 6.68 1.00 0.00
0.50 0.00 6.86 1.00 0.00
0.50 0.00 7.03 1.00 0.00
0.50 0.00 7.21 1.00 0.00
0.50 0.00 7.38 1.00 0.00
0.50 0.00 7.56 1.00 0.00
0.70 0.00 4.58 1.00 0.00
0.70 0.00 4.75 1.00 0.00
0.70 0.00 4.93 1.00 0.00
0.70 0.00 5.10 1.00 0.00
0.70 0.00 5.28 1.00 0.00
0.70 0.00 5.45 1.00 0.00
0.70 0.00 5.63 1.00 0.00
0.70 0.00 5.80 1.00 0.00
0.70 0.00 5.97 1.00 0.00
0.70 0.00 6.15 1.00 0.00
0.70 0.00 6.32 1.00 0.00
0.70 0.00 6.50 1.00 0.00
0.70 0.00 6.67 1.00 0.00
0.70 0.00 6.85 1.00 0.00
0.70 0.00 7.02 1.00 0.00
0.70 0.00 7.20 1.00 0.00
0.70 0.00 7.37 1.00 0.00
0.70 0.00 7.55 1.00 0.00
0.90 0.00 4.56 1.00 0.00
0.90 0.00 4.74 1.00 0.00
0.90 0.00 4.91 1.00 0.00
0.90 0.00 5.09 1.00 0.00
0.90 0.00 5.26 1.00 0.00
0.90 0.00 5.44 1.00 0.00
0.90 0.00 5.61 1.00 0.00
0.90 0.00 5.78 1.00 0.00
0.90 0.00 5.96 1.00 0.00
0.90 0.00 6.13 1.00 0.00
0.90 0.00 6.31 1.00 0.00
0.90 0.00 6.48 1.00 0.00
0.90 0.00 6.66 1.00 0.00
0.90 0.00 6.83 1.00 0.00
0.90 0.00 7.01 1.00 0.00
0.90 0.00 7.18 1.00 0.00
0.90 0.00 7.36 1.00 0.00
0.90 0.00 7.53 1.00 0.00
1.10 0.00 4.54 1.00 0.00
1.10 0.00 4.72 1.00 0.00
1.10 0.00 4.89 1.00 0.00
1.10 0.00 5.07 1.00 0.00
1.10 0.00 5.24 1.00 0.00
1.10 0.00 5.42 1.00 0.00
1.10 0.00 5.59 1.00 0.00
1.10 0.00 5.77 1.00 0.00
1.10 0.00 5.94 1.00 0.00
1.10 0.00 6.12 1.00 0.00
1.10 0.00 6.29 1.00 0.00
1.10 0.00 6.46 1.00 0.00
1.10 0.00 6.64 1.00 0.00
1.10 0.00 6.81 1.00 0.00
1.10 0.00 6.99 1.00 0.00
1.10 0.00 7.16 1.00 0.00
1.10 0.00 7.34 1.00 0.00
1.10 0.00 7.51 1.00 0.00
0.30 0.17 4.62 1.00 0.00
0.30 0.17 4.80 1.00 0.00
0.30 0.17 4.97 1.00 0.00
0.30 0.17 5.15 1.00 0.00
0.30 0.17 5.32 1.00 0.00
0.30 0.17 5.50 1.00 0.00
0.30 0.17 5.67 1.00 0.00
0.30 0.17 5.84 1.00 0.00
0.30 0.17 6.02 1.00 0.00
0.30 0.17 6.19 1.00 0.00
0.30 0.17 6.37 1.00 0.00
0.30 0.17 6.54 1.00 0.00
0.30 0.17 6.72 1.00 0.00
0.30 0.17 6.89 1.00 0.00
0.30 0.17 7.07 1.00 0.00
0.30 0.17 7.24 1.00 0.00
0.30 0.17 7.42 1.00 0.00
0.30 0.17 7.59 1.00 0.00
0.50 0.17 4.63 1.00 0.00
0.50 0.17 4.80 1.00 0.00
0.50 0.17 4.98 1.00 0.00
0.50 0.17 5.15 1.00 0.00
0.50 0.17 5.33 1.00 0.00
0.50 0.17 5.50 1.00 0.00
0.50 0.17 5.68 1.00 0.00
0.50 0.17 5.85 1.00 0.00
0.50 0.17 6.03 1.00 0.00
0.50 0.17 6.20 1.00 0.00
0.50 0.17 6.38 1.00 0.00
0.50 0.17 6.55 1.00 0.00
0.50 0.17 6.72 1.00 0.00
0.50 0.17 6.90 1.00 0.00
0.50 0.17 7.07 1.00 0.00
0.50 0.17 7.25 1.00 0.00
0.50 0.17 7.42 1.00 0.00
0.50 0.17 7.60 1.00 0.00
0.70 0.17 4.64 1.00 0.00
0.70 0.17 4.81 1.00 0.00
0.70 0.17 4.99 1.00 0.00
0.70 0.17 5.16 1.00 0.00
0.70 0.17 5.34 1.00 0.00
0.70 0.17 5.51 1.00 0.00
0.70 0.17 5.69 1.00 0.00
0.70 0.17 5.86 1.00 0.00
0.70 0.17 6.04 1.00 0.00
0.70 0.17 6.21 1.00 0.00
0.70 0.17 6.38 1.00 0.00
0.70 0.17 6.56 1.00 0.00
0.70 0.17 6.73 1.00 0.00
0.70 0.17 6.91 1.00 0.00
0.70 0.17 7.08 1.00 0.00
0.70 0.17 7.26 1.00 0.00
0.70 0.17 7.43 1.00 0.00
0.70 0.17 7.61 1.00 0.00
0.90 0.17 4.65 1.00 0.00
0.90 0.17 4.83 1.00 0.00
0.90 0.17 5.00 1.00 0.00
0.90 0.17 5.17 1.00 0.00
0.90 0.17 5.35 1.00 0.00
0.90 0.17 5.52 1.00 0.00
0.90 0.17 5.70 1.00 0.00
0.90 0.17 5.87 1.00 0.00
0.90 0.17 6.05 1.00 0.00
0.90 0.17 6.22 1.00 0.00
0.90 0.17 6.40 1.00 0.00
0.90 0.17 6.57 1.00 0.00
0.90 0.17 6.75 1.00 0.00
0.90 0.17 6.92 1.00 0.00
0.90 0.17 7.09 1.00 0.00
0.90 0.17 7.27 1.00 0.00
0.90 0.17 7.44 1.00 0.00
0.90 0.17 7.62 1.00 0.00
1.10 0.17 4.67 1.00 0.00
1.10 0.17 4.84 1.00 0.00
1.10 0.17 5.01 1.00 0.00
1.10 0.17 5.19 1.00 0.00
1.10 0.17 5.36 1.00 0.00
1.10 0.17 5.54 1.00 0.00
1.10 0.17 5.71 1.00 0.00
1.10 0.17 5.89 1.00 0.00
1.10 0.17 6.06 1.00 0.00
1.10 0.17 6.24 1.00 0.00
1.10 0.17 6.41 1.00 0.00
1.10 0.17 6.59 1.00 0.00
1.10 0.17 6.76 1.00 0.00
1.10 0.17 6.93 1.00 0.00
1.10 0.17 7.11 1.00 0.00
1.10 0.17 7.28 1.00 0.00
1.10 0.17 7.46 1.00 0.00
1.10 0.17 7.63 1.00 0.00
0.30 0.35 4.64 1.00 0.00
0.30 0.35 4.82 1.00 0.00
0.30 0.35 4.99 1.00 0.00
0.30 0.35 5.17 1.00 0.00
0.30 0.35 5.34 1.00 0.00
0.30 0.35 5.52 1.00 0.00
0.30 0.35 5.69 1.00 0.00
0.30 0.35 5.87 1.00 0.00
0.30 0.35 6.04 1.00 0.00
0.30 0.35 6.21 1.00 0.00
0.30 0.35 6.39 1.00 0.00
0.30 0.35 6.56 1.00 0.00
0.30 0.35 6.74 1.00 0.00
0.30 0.35 6.91 1.00 0.00
0.30 0.35 7.09 1.00 0.00
0.30 0.35 7.26 1.00 0.00
0.30 0.35 7.44 1.00 0.00
0.30 0.35 7.61 1.00 0.00
0.50 0.35 4.67 1.00 0.00
0.50 0.35 4.84 1.00 0.00
0.50 0.35 5.02 1.00 0.00
0.50 0.35 5.19 1.00 0.00
0.50 0.35 5.37 1.00 0.00
0.50 0.35 5.54 1.00 0.00
0.50 0.35 5.72 1.00 0.00
0.50 0.35 5.89 1.00 0.00
0.50 0.35 6.07 1.00 0.00
0.50 0.35 6.24 1.00 0.00
0.50 0.35 6.41 1.00 0.00
0.50 0.35 6.59 1.00 0.00
0.50 0.35 6.76 1.00 0.00
0.50 0.35 6.94 1.00 0.00
0.50 0.35 7.11 1.00 0.00
0.50 0.35 7.29 1.00 0.00
0.50 0.35 7.46 1.00 0.00
0.50 0.35 7.64 1.00 0.00
0.70 0.35 4.70 1.00 0.00
0.70 0.35 4.87 1.00 0.00
0.70 0.35 5.05 1.00 0.00
0.70 0.35 5.22 1.00 0.00
0.70 0.35 5.40 1.00 0.00
0.70 0.35 5.57 1.00 0.00
0.70 0.35 5.75 1.00 0.00
0.70 0.35 5.92 1.00 0.00
0.70 0.35 6.10 1.00 0.00
0.70 0.35 6.27 1.00 0.00
0.70 0.35 6.44 1.00 0.00
0.70 0.35 6.62 1.00 0.00
0.70 0.35 6.79 1.00 0.00
0.70 0.35 6.97 1.00 0.00
0.70 0.35 7.14 1.00 0.00
0.70 0.35 7.32 1.00 0.00
0.70 0.35 7.49 1.00 0.00
0.70 0.35 7.67 1.00 0.00
0.90 0.35 -1.55 1.00 0.00
0.90 0.35 -1.37 1.00 0.00
0.90 0.35 -1.20 1.00 0.00
0.90 0.35 -1.02 1.00 0.00
0.90 0.35 -0.85 1.00 0.00
0.90 0.35 -0.68 1.00 0.00
0.90 0.35 -0.50 1.00 0.00
0.90 0.35 -0.33 1.00 0.00
0.90 0.35 -0.15 1.00 0.00
0.90 0.35 0.02 1.00 0.00
0.90 0.35 0.20 1.00 0.00
0.90 0.35 0.37 1.00 0.00
0.90 0.35 0.55 1.00 0.00
0.90 0.35 0.72 1.00 0.00
0.90 0.35 0.90 1.00 0.00
0.90 0.35 1.07 1.00 0.00
0.90 0.35 1.24 1.00 0.00
0.90 0.35 1.42 1.00 0.00
1.10 0.35 -1.50 1.00 0.00
1.10 0.35 -1.33 1.00 0.00
1.10 0.35 -1.15 1.00 0.00
1.10 0.35 -0.98 1.00 0.00
1.10 0.35 -0.81 1.00 0.00
1.10 0.35 -0.63 1.00 0.00
1.10 0.35 -0.46 1.00 0.00
1.10 0.35 -0.28 1.00 0.00
1.10 0.35 -0.11 1.00 0.00
1.10 0.35 0.07 1.00 0.00
1.10 0.35 0.24 1.00 0.00
1.10 0.35 0.42 1.00 0.00
1.10 0.35 0.59 1.00 0.00
1.10 0.35 0.77 1.00 0.00
1.10 0.35 0.94 1.00 0.00
1.10 0.35 1.11 1.00 0.00
1.10 0.35 1.29 1.00 0.00
1.10 0.35 1.46 1.00 0.00
0.30 0.52 4.66 1.00 0.00
0.30 0.52 4.84 1.00 0.00
0.30 0.52 5.01 1.00 0.00
0.30 0.52 5.19 1.00 0.00
0.30 0.52 5.36 1.00 0.00
0.30 0.52 5.54 1.00 0.00
0.30 0.52 5.71 1.00 0.00
0.30 0.52 5.89 1.00 0.00
0.30 0.52 6.06 1.00 0.00
0.30 0.52 6.24 1.00 0.00
0.30 0.52 6.41 1.00 0.00
0.30 0.52 6.58 1.00 0.00
0.30 0.52 6.76 1.00 0.00
0.30 0.52 6.93 1.00 0.00
0.30 0.52 7.11 1.00 0.00
0.30 0.52 7.28 1.00 0.00
0.30 0.52 7.46 1.00 0.00
0.30 0.52 7.63 1.00 0.00
0.50 0.52 4.71 1.00 0.00
0.50 0.52 4.88 1.00 0.00
0.50 0.52 5.05 1.00 0.00
0.50 0.52 5.23 1.00 0.00
0.50 0.52 5.40 1.00 0.00
0.50 0.52 5.58 1.00 0.00
0.50 0.52 5.75 1.00 0.00
0.50 0.52 5.93 1.00 0.00
0.50 0.52 6.10 1.00 0.00
0.50 0.52 6.28 1.00 0.00
0.50 0.52 6.45 1.00 0.00
0.50 0.52 6.63 1.00 0.00
0.50 0.52 6.80 1.00 0.00
0.50 0.52 6.97 1.00 0.00
0.50 0.52 7.15 1.00 0.00
0.50 0.52 7.32 1.00 0.00
0.50 0.52 7.50 1.00 0.00
0.50 0.52 7.67 1.00 0.00
0.70 0.52 -1.53 1.00 0.00
0.70 0.52 -1.36 1.00 0.00
0.70 0.52 -1.18 1.00 0.00
0.70 0.52 -1.01 1.00 0.00
0.70 0.52 -0.83 1.00 0.00
0.70 0.52 -0.66 1.00 0.00
0.70 0.52 -0.48 1.00 0.00
0.70 0.52 -0.31 1.00 0.00
0.70 0.52 -0.13 1.00 0.00
0.70 0.52 0.04 1.00 0.00
0.70 0.52 0.22 1.00 0.00
0.70 0.52 0.39 1.00 0.00
0.70 0.52 0.56 1.00 0.00
0.70 0.52 0.74 1.00 0.00
0.70 0.52 0.91 1.00 0.00
0.70 0.52 1.09 1.00 0.00
0.70 0.52 1.26 1.00 0.00
0.70 0.52 1.44 1.00 0.00
0.90 0.52 -1.47 1.00 0.00
0.90 0.52 -1.30 1.00 0.00
0.90 0.52 -1.12 1.00 0.00
0.90 0.52 -0.95 1.00 0.00
0.90 0.52 -0.78 1.00 0.00
0.90 0.52 -0.60 1.00 0.00
0.90 0.52 -0.43 1.00 0.00
0.90 0.52 -0.25 1.00 0.00
0.90 0.52 -0.08 1.00 0.00
0.90 0.52 0.10 1.00 0.00
0.90 0.52 0.27 1.00 0.00
0.90 0.52 0.45 1.00 0.00
0.90 0.52 0.62 1.00 0.00
0.90 0.52 0.80 1.00 0.00
0.90 0.52 0.97 1.00 0.00
0.90 0.52 1.14 1.00 0.00
0.90 0.52 1.32 1.00 0.00
0.90 0.52 1.49 1.00 0.00
1.10 0.52 -1.41 1.00 0.00
1.10 0.52 -1.23 1.00 0.00
1.10 0.52 -1.06 1.00 0.00
1.10 0.52 -0.88 1.00 0.00
1.10 0.52 -0.71 1.00 0.00
1.10 0.52 -0.53 1.00 0.00
1.10 0.52 -0.36 1.00 0.00
1.10 0.52 -0.18 1.00 0.00
1.10 0.52 -0.01 1.00 0.00
1.10 0.52 0.16 1.00 0.00
1.10 0.52 0.34 1.00 0.00
1.10 0.52 0.51 1.00 0.00
1.10 0.52 0.69 1.00 0.00
1.10 0.52 0.86 1.00 0.00
1.10 0.52 1.04 1.00 0.00
1.10 0.52 1.21 1.00 0.00
1.10 0.52 1.39 1.00 0.00
1.10 0.52 1.56 1.00 0.00
0.30 0.70 4.68 1.00 0.00
0.30 0.70 4.86 1.00 0.00
0.30 0.70 5.03 1.00 0.00
0.30 0.70 5.21 1.00 0.00
0.30 0.70 5.38 1.00 0.00
0.30 0.70 5.56 1.00 0.00
0.30 0.70 5.73 1.00 0.00
0.30 0.70 5.90 1.00 0.00
0.30 0.70 6.08 1.00 0.00
0.30 0.70 6.25 1.00 0.00
0.30 0.70 6.43 1.00 0.00
0.30 0.70 6.60 1.00 0.00
0.30 0.70 6.78 1.00 0.00
0.30 0.70 6.95 1.00 0.00
0.30 0.70 7.13 1.00 0.00
0.30 0.70 7.30 1.00 0.00
0.30 0.70 7.48 1.00 0.00
0.30 0.70 7.65 1.00 0.00
0.50 0.70 -1.55 1.00 0.00
0.50 0.70 -1.37 1.00 0.00
0.50 0.70 -1.20 1.00 0.00
0.50 0.70 -1.02 1.00 0.00
0.50 0.70 -0.85 1.00 0.00
0.50 0.70 -0.67 1.00 0.00
0.50 0.70 -0.50 1.00 0.00
0.50 0.70 -0.32 1.00 0.00
0.50 0.70 -0.15 1.00 0.00
0.50 0.70 0.02 1.00 0.00
0.50 0.70 0.20 1.00 0.00
0.50 0.70 0.37 1.00 0.00
0.50 0.70 0.55 1.00 0.00
0.50 0.70 0.72 1.00 0.00
0.50 0.70 0.90 1.00 0.00
0.50 0.70 1.07 1.00 0.00
0.50 0.70 1.25 1.00 0.00
0.50 0.70 1.42 1.00 0.00
0.70 0.70 -1.48 1.00 0.00
0.70 0.70 -1.31 1.00 0.00
0.70 0.70 -1.14 1.00 0.00
0.70 0.70 -0.96 1.00 0.00
0.70 0.70 -0.79 1.00 0.00
0.70 0.70 -0.61 1.00 0.00
0.70 0.70 -0.44 1.00 0.00
0.70 0.70 -0.26 1.00 0.00
0.70 0.70 -0.09 1.00 0.00
0.70 0.70 0.09 1.00 0.00
0.70 0.70 0.26 1.00 0.00
0.70 0.70 0.44 1.00 0.00
0.70 0.70 0.61 1.00 0.00
0.70 0.70 0.78 1.00 0.00
0.70 0.70 0.96 1.00 0.00
0.70 0.70 1.13 1.00 0.00
0.70 0.70 1.31 1.00 0.00
0.70 0.70 1.48 1.00 0.00
0.90 0.70 -1.41 1.00 0.00
0.90 0.70 -1.24 1.00 0.00
0.90 0.70 -1.06 1.00 0.00
0.90 0.70 -0.89 1.00 0.00
0.90 0.70 -0.72 1.00 0.00
0.90 0.70 -0.54 1.00 0.00
0.90 0.70 -0.37 1.00 0.00
0.90 0.70 -0.19 1.00 0.00
0.90 0.70 -0.02 1.00 0.00
0.90 0.70 0.16 1.00 0.00
0.90 0.70 0.33 1.00 0.00
0.90 0.70 0.51 1.00 0.00
0.90 0.70 0.68 1.00 0.00
0.90 0.70 0.85 1.00 0.00
0.90 0.70 1.03 1.00 0.00
0.90 0.70 1.20 1.00 0.00
0.90 0.70 1.38 1.00 0.00
0.90 0.70 1.55 1.00 0.00
1.10 0.70 -1.33 1.00 0.00
1.10 0.70 -1.16 1.00 0.00
1.10 0.70 -0.98 1.00 0.00
1.10 0.70 -0.81 1.00 0.00
1.10 0.70 -0.64 1.00 0.00
1.10 0.70 -0.46 1.00 0.00
1.10 0.70 -0.29 1.00 0.00
1.10 0.70 -0.11 1.00 0.00
1.10 0.70 0.06 1.00 0.00
1.10 0.70 0.24 1.00 0.00
1.10 0.70 0.41 1.00 0.00
1.10 0.70 0.59 1.00 0.00
1.10 0.70 0.76 1.00 0.00
1.10 0.70 0.94 1.00 0.00
1.10 0.70 1.11 1.00 0.00
1.10 0.70 1.28 1.00 0.00
1.10 0.70 1.46 1.00 0.00
1.10 0.70 1.63 1.00 0.00
0.30 0.87 4.70 1.00 0.00
0.30 0.87 4.87 1.00 0.00
0.30 0.87 5.05 1.00 0.00
0.30 0.87 5.22 1.00 0.00
0.30 0.87 5.40 1.00 0.00
0.30 0.87 5.57 1.00 0.00
0.30 0.87 5.75 1.00 0.00
0.30 0.87 5.92 1.00 0.00
0.30 0.87 6.09 1.00 0.00
0.30 0.87 6.27 1.00 0.00
0.30 0.87 6.44 1.00 0.00
0.30 0.87 6.62 1.00 0.00
0.30 0.87 6.79 1.00 0.00
0.30 0.87 6.97 1.00 0.00
0.30 0.87 7.14 1.00 0.00
0.30 0.87 7.32 1.00 0.00
0.30 0.87 7.49 1.00 0.00
0.30 0.87 7.66 1.00 0.00
0.50 0.87 -1.52 1.00 0.00
0.50 0.87 -1.35 1.00 0.00
0.50 0.87 -1.17 1.00 0.00
0.50 0.87 -1.00 1.00 0.00
0.50 0.87 -0.82 1.00 0.00
0.50 0.87 -0.65 1.00 0.00
0.50 0.87 -0.47 1.00 0.00
0.50 0.87 -0.30 1.00 0.00
0.50 0.87 -0.12 1.00 0.00
0.50 0.87 0.05 1.00 0.00
0.50 0.87 0.22 1.00 0.00
0.50 0.87 0.40 1.00 0.00
0.50 0.87 0.57 1.00 0.00
0.50 0.87 0.75 1.00 0.00
0.50 0.87 0.92 1.00 0.00
0.50 0.87 1.10 1.00 0.00
0.50 0.87 1.27 1.00 0.00
0.50 0.87 1.45 1.00 0.00
0.70 0.87 -1.45 1.00 0.00
0.70 0.87 -1.27 1.00 0.00
0.70 0.87 -1.10 1.00 0.00
0.70 0.87 -0.93 1.00 0.00
0.70 0.87 -0.75 1.00 0.00
0.70 0.87 -0.58 1.00 0.00
0.70 0.87 -0.40 1.00 0.00
0.70 0.87 -0.23 1.00 0.00
0.70 0.87 -0.05 1.00 0.00
0.70 0.87 0.12 1.00 0.00
0.70 0.87 0.30 1.00 0.00
0.70 0.87 0.47 1.00 0.00
0.70 0.87 0.64 1.00 0.00
0.70 0.87 0.82 1.00 0.00
0.70 0.87 0.99 1.00 0.00
0.70 0.87 1.17 1.00 0.00
0.70 0.87 1.34 1.00 0.00
0.70 0.87 1.52 1.00 0.00
0.90 0.87 -1.37 1.00 0.00
0.90 0.87 -1.20 1.00 0.00
0.90 0.87 -1.02 1.00 0.00
0.90 0.87 -0.85 1.00 0.00
0.90 0.87 -0.67 1.00 0.00
0.90 0.87 -0.50 1.00 0.00
0.90 0.87 -0.32 1.00 0.00
0.90 0.87 -0.15 1.00 0.00
0.90 0.87 0.03 1.00 0.00
0.90 0.87 0.20 1.00 0.00
0.90 0.87 0.37 1.00 0.00
0.90 0.87 0.55 1.00 0.00
0.90 0.87 0.72 1.00 0.00
0.90 0.87 0.90 1.00 0.00
0.90 0.87 1.07 1.00 0.00
0.90 0.87 1.25 1.00 0.00
0.90 0.87 1.42 1.00 0.00
0.90 0.87 1.60 1.00 0.00
1.10 0.87 -1.28 1.00 0.00
1.10 0.87 -1.11 1.00 0.00
1.10 0.87 -0.94 1.00 0.00
1.10 0.87 -0.76 1.00 0.00
1.10 0.87 -0.59 1.00 0.00
1.10 0.87 -0.41 1.00 0.00
1.10 0.87 -0.24 1.00 0.00
1.10 0.87 -0.06 1.00 0.00
1.10 0.87 0.11 1.00 0.00
1.10 0.87 0.29 1.00 0.00
1.10 0.87 0.46 1.00 0.00
1.10 0.87 0.64 1.00 0.00
1.10 0.87 0.81 1.00 0.00
1.10 0.87 0.98 1.00 0.00
1.10 0.87 1.16 1.00 0.00
1.10 0.87 1.33 1.00 0.00
1.10 0.87 1.51 1.00 0.00
1.10 0.87 1.68 1.00 0.00
0.30 1.05 4.71 1.00 0.00
0.30 1.05 4.88 1.00 0.00
0.30 1.05 5.06 1.00 0.00
0.30 1.05 5.23 1.00 0.00
0.30 1.05 5.41 1.00 0.00
0.30 1.05 5.58 1.00 0.00
0.30 1.05 5.76 1.00 0.00
0.30 1.05 5.93 1.00 0.00
0.30 1.05 6.11 1.00 0.00
0.30 1.05 6.28 1.00 0.00
0.30 1.05 6.46 1.00 0.00
0.30 1.05 6.63 1.00 0.00
0.30 1.05 6.80 1.00 0.00
0.30 1.05 6.98 1.00 0.00
0.30 1.05 7.15 1.00 0.00
0.30 1.05 7.33 1.00 0.00
0.30 1.05 7.50 1.00 0.00
0.30 1.05 7.68 1.00 0.00
0.50 1.05 -1.50 1.00 0.00
0.50 1.05 -1.33 1.00 0.00
0.50 1.05 -1.15 1.00 0.00
0.50 1.05 -0.98 1.00 0.00
0.50 1.05 -0.80 1.00 0.00
0.50 1.05 -0.63 1.00 0.00
0.50 1.05 -0.45 1.00 0.00
0.50 1.05 -0.28 1.00 0.00
0.50 1.05 -0.11 1.00 0.00
0.50 1.05 0.07 1.00 0.00
0.50 1.05 0.24 1.00 0.00
0.50 1.05 0.42 1.00 0.00
0.50 1.05 0.59 1.00 0.00
0.50 1.05 0.77 1.00 0.00
0.50 1.05 0.94 1.00 0.00
0.50 1.05 1.12 1.00 0.00
0.50 1.05 1.29 1.00 0.00
0.50 1.05 1.47 1.00 0.00
0.70 1.05 -1.42 1.00 0.00
0.70 1.05 -1.25 1.00 0.00
0.70 1.05 -1.08 1.00 0.00
0.70 1.05 -0.90 1.00 0.00
0.70 1.05 -0.73 1.00 0.00
0.70 1.05 -0.55 1.00 0.00
0.70 1.05 -0.38 1.00 0.00
0.70 1.05 -0.20 1.00 0.00
0.70 1.05 -0.03 1.00 0.00
0.70 1.05 0.15 1.00 0.00
0.70 1.05 0.32 1.00 0.00
0.70 1.05 0.49 1.00 0.00
0.70 1.05 0.67 1.00 0.00
0.70 1.05 0.84 1.00 0.00
0.70 1.05 1.02 1.00 0.00
0.70 1.05 1.19 1.00 0.00
0.70 1.05 1.37 1.00 0.00
0.70 1.05 1.54 1.00 0.00
0.90 1.05 -1.34 1.00 0.00
0.90 1.05 -1.17 1.00 0.00
0.90 1.05 -0.99 1.00 0.00
0.90 1.05 -0.82 1.00 0.00
0.90 1.05 -0.65 1.00 0.00
0.90 1.05 -0.47 1.00 0.00
0.90 1.05 -0.30 1.00 0.00
0.90 1.05 -0.12 1.00 0.00
0.90 1.05 0.05 1.00 0.00
0.90 1.05 0.23 1.00 0.00
0.90 1.05 0.40 1.00 0.00
0.90 1.05 0.58 1.00 0.00
0.90 1.05 0.75 1.00 0.00
0.90 1.05 0.93 1.00 0.00
0.90 1.05 1.10 1.00 0.00
0.90 1.05 1.27 1.00 0.00
0.90 1.05 1.45 1.00 0.00
0.90 1.05 1.62 1.00 0.00
1.10 1.05 -1.26 1.00 0.00
1.10 1.05 -1.08 1.00 0.00
1.10 1.05 -0.91 1.00 0.00
1.10 1.05 -0.73 1.00 0.00
1.10 1.05 -0.56 1.00 0.00
1.10 1.05 -0.38 1.00 0.00
1.10 1.05 -0.21 1.00 0.00
1.10 1.05 -0.04 1.00 0.00
1.10 1.05 0.14 1.00 0.00
1.10 1.05 0.31 1.00 0.00
1.10 1.05 0.49 1.00 0.00
1.10 1.05 0.66 1.00 0.00
1.10 1.05 0.84 1.00 0.00
1.10 1.05 1.01 1.00 0.00
1.10 1.05 1.19 1.00 0.00
1.10 1.05 1.36 1.00 0.00
1.10 1.05 1.54 1.00 0.00
1.10 1.05 1.71 1.00 0.00
0.30 1.22 -1.56 1.00 0.00
0.30 1.22 -1.39 1.00 0.00
0.30 1.22 -1.22 1.00 0.00
0.30 1.22 -1.04 1.00 0.00
0.30 1.22 -0.87 1.00 0.00
0.30 1.22 -0.69 1.00 0.00
0.30 1.22 -0.52 1.00 0.00
0.30 1.22 -0.34 1.00 0.00
0.30 1.22 -0.17 1.00 0.00
0.30 1.22 0.01 1.00 0.00
0.30 1.22 0.18 1.00 0.00
0.30 1.22 0.36 1.00 0.00
0.30 1.22 0.53 1.00 0.00
0.30 1.22 0.70 1.00 0.00
0.30 1.22 0.88 1.00 0.00
0.30 1.22 1.05 1.00 0.00
0.30 1.22 1.23 1.00 0.00
0.30 1.22 1.40 1.00 0.00
0.50 1.22 -1.49 1.00 0.00
0.50 1.22 -1.31 1.00 0.00
0.50 1.22 -1.14 1.00 0.00
0.50 1.22 -0.97 1.00 0.00
0.50 1.22 -0.79 1.00 0.00
0.50 1.22 -0.62 1.00 0.00
0.50 1.22 -0.44 1.00 0.00
0.50 1.22 -0.27 1.00 0.00
0.50 1.22 -0.09 1.00 0.00
0.50 1.22 0.08 1.00 0.00
0.50 1.22 0.26 1.00 0.00
0.50 1.22 0.43 1.00 0.00
0.50 1.22 0.61 1.00 0.00
0.50 1.22 0.78 1.00 0.00
0.50 1.22 0.95 1.00 0.00
0.50 1.22 1.13 1.00 0.00
0.50 1.22 1.30 1.00 0.00
0.50 1.22 1.48 1.00 0.00
0.70 1.22 -1.41 1.00 0.00
0.70 1.22 -1.24 1.00 0.00
0.70 1.22 -1.06 1.00 0.00
0.70 1.22 -0.89 1.00 0.00
0.70 1.22 -0.71 1.00 0.00
0.70 1.22 -0.54 1.00 0.00
0.70 1.22 -0.36 1.00 0.00
0.70 1.22 -0.19 1.00 0.00
0.70 1.22 -0.01 1.00 0.00
0.70 1.22 0.16 1.00 0.00
0.70 1.22 0.33 1.00 0.00
0.70 1.22 0.51 1.00 0.00
0.70 1.22 0.68 1.00 0.00
0.70 1.22 0.86 1.00 0.00
0.70 1.22 1.03 1.00 0.00
0.70 1.22 1.21 1.00 0.00
0.70 1.22 1.38 1.00 0.00
0.70 1.22 1.56 1.00 0.00
0.90 1.22 -1.33 1.00 0.00
0.90 1.22 -1.16 1.00 0.00
0.90 1.22 -0.98 1.00 0.00
0.90 1.22 -0.81 1.00 0.00
0.90 1.22 -0.63 1.00 0.00
0.90 1.22 -0.46 1.00 0.00
0.90 1.22 -0.28 1.00 0.00
0.90 1.22 -0.11 1.00 0.00
0.90 1.22 0.07 1.00 0.00
0.90 1.22 0.24 1.00 0.00
0.90 1.22 0.42 1.00 0.00
0.90 1.22 0.59 1.00 0.00
0.90 1.22 0.76 1.00 0.00
0.90 1.22 0.94 1.00 0.00
0.90 1.22 1.11 1.00 0.00
0.90 1.22 1.29 1.00 0.00
0.90 1.22 1.46 1.00 0.00
0.90 1.22 1.64 1.00 0.00
1.10 1.22 -1.25 1.00 0.00
1.10 1.22 -1.07 1.00 0.00
1.10 1.22 -0.90 1.00 0.00
1.10 1.22 -0.72 1.00 0.00
1.10 1.22 -0.55 1.00 0.00
1.10 1.22 -0.37 1.00 0.00
1.10 1.22 -0.20 1.00 0.00
1.10 1.22 -0.03 1.00 0.00
1.10 1.22 0.15 1.00 0.00
1.10 1.22 0.32 1.00 0.00
1.10 1.22 0.50 1.00 0.00
1.10 1.22 0.67 1.00 0.00
1.10 1.22 0.85 1.00 0.00
1.10 1.22 1.02 1.00 0.00
1.10 1.22 1.20 1.00 0.00
1.10 1.22 1.37 1.00 0.00
1.10 1.22 1.54 1.00 0.00
1.10 1.22 1.72 1.00 0.00
0.30 1.40 -1.56 1.00 0.00
0.30 1.40 -1.38 1.00 0.00
0.30 1.40 -1.21 1.00 0.00
0.30 1.40 -1.04 1.00 0.00
0.30 1.40 -0.86 1.00 0.00
0.30 1.40 -0.69 1.00 0.00
0.30 1.40 -0.51 1.00 0.00
0.30 1.40 -0.34 1.00 0.00
0.30 1.40 -0.16 1.00 0.00
0.30 1.40 0.01 1.00 0.00
0.30 1.40 0.19 1.00 0.00
0.30 1.40 0.36 1.00 0.00
0.30 1.40 0.53 1.00 0.00
0.30 1.40 0.71 1.00 0.00
0.30 1.40 0.88 1.00 0.00
0.30 1.40 1.06 1.00 0.00
0.30 1.40 1.23 1.00 0.00
0.30 1.40 1.41 1.00 0.00
0.50 1.40 -1.48 1.00 0.00
0.50 1.40 -1.31 1.00 0.00
0.50 1.40 -1.13 1.00 0.00
0.50 1.40 -0.96 1.00 0.00
0.50 1.40 -0.79 1.00 0.00
0.50 1.40 -0.61 1.00 0.00
0.50 1.40 -0.44 1.00 0.00
0.50 1.40 -0.26 1.00 0.00
0.50 1.40 -0.09 1.00 0.00
0.50 1.40 0.09 1.00 0.00
0.50 1.40 0.26 1.00 0.00
0.50 1.40 0.44 1.00 0.00
0.50 1.40 0.61 1.00 0.00
0.50 1.40 0.79 1.00 0.00
0.50 1.40 0.96 1.00 0.00
0.50 1.40 1.13 1.00 0.00
0.50 1.40 1.31 1.00 0.00
0.50 1.40 1.48 1.00 0.00
0.70 1.40 -1.41 1.00 0.00
0.70 1.40 -1.23 1.00 0.00
0.70 1.40 -1.06 1.00 0.00
0.70 1.40 -0.88 1.00 0.00
0.70 1.40 -0.71 1.00 0.00
0.70 1.40 -0.53 1.00 0.00
0.70 1.40 -0.36 1.00 0.00
0.70 1.40 -0.18 1.00 0.00
0.70 1.40 -0.01 1.00 0.00
0.70 1.40 0.16 1.00 0.00
0.70 1.40 0.34 1.00 0.00
0.70 1.40 0.51 1.00 0.00
0.70 1.40 0.69 1.00 0.00
0.70 1.40 0.86 1.00 0.00
0.70 1.40 1.04 1.00 0.00
0.70 1.40 1.21 1.00 0.00
0.70 1.40 1.39 1.00 0.00
0.70 1.40 1.56 1.00 0.00
0.90 1.40 -1.33 1.00 0.00
0.90 1.40 -1.15 1.00 0.00
0.90 1.40 -0.98 1.00 0.00
0.90 1.40 -0.81 1.00 0.00
0.90 1.40 -0.63 1.00 0.00
0.90 1.40 -0.46 1.00 0.00
0.90 1.40 -0.28 1.00 0.00
0.90 1.40 -0.11 1.00 0.00
0.90 1.40 0.07 1.00 0.00
0.90 1.40 0.24 1.00 0.00
0.90 1.40 0.42 1.00 0.00
0.90 1.40 0.59 1.00 0.00
0.90 1.40 0.77 1.00 0.00
0.90 1.40 0.94 1.00 0.00
0.90 1.40 1.11 1.00 0.00
0.90 1.40 1.29 1.00 0.00
0.90 1.40 1.46 1.00 0.00
0.90 1.40 1.64 1.00 0.00
1.10 1.40 -1.25 1.00 0.00
1.10 1.40 -1.08 1.00 0.00
1.10 1.40 -0.90 1.00 0.00
1.10 1.40 -0.73 1.00 0.00
1.10 1.40 -0.55 1.00 0.00
1.10 1.40 -0.38 1.00 0.00
1.10 1.40 -0.20 1.00 0.00
1.10 1.40 -0.03 1.00 0.00
1.10 1.40 0.14 1.00 0.00
1.10 1.40 0.32 1.00 0.00
1.10 1.40 0.49 1.00 0.00
1.10 1.40 0.67 1.00 0.00
1.10 1.40 0.84 1.00 0.00
1.10 1.40 1.02 1.00 0.00
1.10 1.40 1.19 1.00 0.00
1.10 1.40 1.37 1.00 0.00
1.10 1.40 1.54 1.00 0.00
1.10 1.40 1.72 1.00 0.00
0.30 1.57 -1.56 1.00 0.00
0.30 1.57 -1.38 1.00 0.00
0.30 1.57 -1.21 1.00 0.00
0.30 1.57 -1.03 1.00 0.00
0.30 1.57 -0.86 1.00 0.00
0.30 1.57 -0.69 1.00 0.00
0.30 1.57 -0.51 1.00 0.00
0.30 1.57 -0.34 1.00 0.00
0.30 1.57 -0.16 1.00 0.00
0.30 1.57 0.01 1.00 0.00
0.30 1.57 0.19 1.00 0.00
0.30 1.57 0.36 1.00 0.00
0.30 1.57 0.54 1.00 0.00
0.30 1.57 0.71 1.00 0.00
0.30 1.57 0.89 1.00 0.00
0.30 1.57 1.06 1.00 0.00
0.30 1.57 1.23 1.00 0.00
0.30 1.57 1.41 1.00 0.00
0.50 1.57 -1.48 1.00 0.00
0.50 1.57 -1.31 1.00 0.00
0.50 1.57 -1.13 1.00 0.00
0.50 1.57 -0.96 1.00 0.00
0.50 1.57 -0.79 1.00 0.00
0.50 1.57 -0.61 1.00 0.00
0.50 1.57 -0.44 1.00 0.00
0.50 1.57 -0.26 1.00 0.00
0.50 1.57 -0.09 1.00 0.00
0.50 1.57 0.09 1.00 0.00
0.50 1.57 0.26 1.00 0.00
0.50 1.57 0.44 1.00 0.00
0.50 1.57 0.61 1.00 0.00
0.50 1.57 0.79 1.00 0.00
0.50 1.57 0.96 1.00 0.00
0.50 1.57 1.13 1.00 0.00
0.50 1.57 1.31 1.00 0.00
0.50 1.57 1.48 1.00 0.00
0.70 1.57 -1.41 1.00 0.00
0.70 1.57 -1.23 1.00 0.00
0.70 1.57 -1.06 1.00 0.00
0.70 1.57 -0.89 1.00 0.00
0.70 1.57 -0.71 1.00 0.00
0.70 1.57 -0.54 1.00 0.00
0.70 1.57 -0.36 1.00 0.00
0.70 1.57 -0.19 1.00 0.00
0.70 1.57 -0.01 1.00 0.00
0.70 1.57 0.16 1.00 0.00
0.70 1.57 0.34 1.00 0.00
0.70 1.57 0.51 1.00 0.00
0.70 1.57 0.68 1.00 0.00
0.70 1.57 0.86 1.00 0.00
0.70 1.57 1.03 1.00 0.00
0.70 1.57 1.21 1.00 0.00
0.70 1.57 1.38 1.00 0.00
0.70 1.57 1.56 1.00 0.00
0.90 1.57 -1.34 1.00 0.00
0.90 1.57 -1.16 1.00 0.00
0.90 1.57 -0.99 1.00 0.00
0.90 1.57 -0.81 1.00 0.00
0.90 1.57 -0.64 1.00 0.00
0.90 1.57 -0.46 1.00 0.00
0.90 1.57 -0.29 1.00 0.00
0.90 1.57 -0.12 1.00 0.00
0.90 1.57 0.06 1.00 0.00
0.90 1.57 0.23 1.00 0.00
0.90 1.57 0.41 1.00 0.00
0.90 1.57 0.58 1.00 0.00
0.90 1.57 0.76 1.00 0.00
0.90 1.57 0.93 1.00 0.00
0.90 1.57 1.11 1.00 0.00
0.90 1.57 1.28 1.00 0.00
0.90 1.57 1.46 1.00 0.00
0.90 1.57 1.63 1.00 0.00
1.10 1.57 -1.27 1.00 0.00
1.10 1.57 -1.09 1.00 0.00
1.10 1.57 -0.92 1.00 0.00
1.10 1.57 -0.74 1.00 0.00
1.10 1.57 -0.57 1.00 0.00
1.10 1.57 -0.40 1.00 0.00
1.10 1.57 -0.22 1.00 0.00
1.10 1.57 -0.05 1.00 0.00
1.10 1.57 0.13 1.00 0.00
1.10 1.57 0.30 1.00 0.00
1.10 1.57 0.48 1.00 0.00
1.10 1.57 0.65 1.00 0.00
1.10 1.57 0.83 1.00 0.00
1.10 1.57 1.00 1.00 0.00
1.10 1.57 1.18 1.00 0.00
1.10 1.57 1.35 1.00 0.00
1.10 1.57 1.52 1.00 0.00
1.10 1.57 1.70 1.00 0.00
0.30 1.75 -1.56 1.00 0.00
0.30 1.75 -1.39 1.00 0.00
0.30 1.75 -1.21 1.00 0.00
0.30 1.75 -1.04 1.00 0.00
0.30 1.75 -0.86 1.00 0.00
0.30 1.75 -0.69 1.00 0.00
0.30 1.75 -0.51 1.00 0.00
0.30 1.75 -0.34 1.00 0.00
0.30 1.75 -0.16 1.00 0.00
0.30 1.75 0.01 1.00 0.00
0.30 1.75 0.19 1.00 0.00
0.30 1.75 0.36 1.00 0.00
0.30 1.75 0.53 1.00 0.00
0.30 1.75 0.71 1.00 0.00
0.30 1.75 0.88 1.00 0.00
0.30 1.75 1.06 1.00 0.00
0.30 1.75 1.23 1.00 0.00
0.30 1.75 1.41 1.00 0.00
0.50 1.75 -1.49 1.00 0.00
0.50 1.75 -1.31 1.00 0.00
0.50 1.75 -1.14 1.00 0.00
0.50 1.75 -0.97 1.00 0.00
0.50 1.75 -0.79 1.00 0.00
0.50 1.75 -0.62 1.00 0.00
0.50 1.75 -0.44 1.00 0.00
0.50 1.75 -0.27 1.00 0.00
0.50 1.75 -0.09 1.00 0.00
0.50 1.75 0.08 1.00 0.00
0.50 1.75 0.26 1.00 0.00
0.50 1.75 0.43 1.00 0.00
0.50 1.75 0.61 1.00 0.00
0.50 1.75 0.78 1.00 0.00
0.50 1.75 0.95 1.00 0.00
0.50 1.75 1.13 1.00 0.00
0.50 1.75 1.30 1.00 0.00
0.50 1.75 1.48 1.00 0.00
0.70 1.75 -1.42 1.00 0.00
0.70 1.75 -1.25 1.00 0.00
0.70 1.75 -1.07 1.00 0.00
0.70 1.75 -0.90 1.00 0.00
0.70 1.75 -0.72 1.00 0.00
0.70 1.75 -0.55 1.00 0.00
0.70 1.75 -0.37 1.00 0.00
0.70 1.75 -0.20 1.00 0.00
0.70 1.75 -0.02 1.00 0.00
0.70 1.75 0.15 1.00 0.00
0.70 1.75 0.33 1.00 0.00
0.70 1.75 0.50 1.00 0.00
0.70 1.75 0.67 1.00 0.00
0.70 1.75 0.85 1.00 0.00
0.70 1.75 1.02 1.00 0.00
0.70 1.75 1.20 1.00 0.00
0.70 1.75 1.37 1.00 0.00
0.70 1.75 1.55 1.00 0.00
0.90 1.75 -1.35 1.00 0.00
0.90 1.75 -1.18 1.00 0.00
0.90 1.75 -1.01 1.00 0.00
0.90 1.75 -0.83 1.00 0.00
0.90 1.75 -0.66 1.00 0.00
0.90 1.75 -0.48 1.00 0.00
0.90 1.75 -0.31 1.00 0.00
0.90 1.75 -0.13 1.00 0.00
0.90 1.75 0.04 1.00 0.00
0.90 1.75 0.22 1.00 0.00
0.90 1.75 0.39 1.00 0.00
0.90 1.75 0.57 1.00 0.00
0.90 1.75 0.74 1.00 0.00
0.90 1.75 0.91 1.00 0.00
0.90 1.75 1.09 1.00 0.00
0.90 1.75 1.26 1.00 0.00
0.90 1.75 1.44 1.00 0.00
0.90 1.75 1.61 1.00 0.00
1.10 1.75 -1.29 1.00 0.00
1.10 1.75 -1.12 1.00 0.00
1.10 1.75 -0.94 1.00 0.00
1.10 1.75 -0.77 1.00 0.00
1.10 1.75 -0.59 1.00 0.00
1.10 1.75 -0.42 1.00 0.00
1.10 1.75 -0.25 1.00 0.00
1.10 1.75 -0.07 1.00 0.00
1.10 1.75 0.10 1.00 0.00
1.10 1.75 0.28 1.00 0.00
1.10 1.75 0.45 1.00 0.00
1.10 1.75 0.63 1.00 0.00
1.10 1.75 0.80 1.00 0.00
1.10 1.75 0.98 1.00 0.00
1.10 1.75 1.15 1.00 0.00
1.10 1.75 1.33 1.00 0.00
1.10 1.75 1.50 1.00 0.00
1.10 1.75 1.67 1.00 0.00
0.30 1.92 -1.56 1.00 0.00
0.30 1.92 -1.39 1.00 0.00
0.30 1.92 -1.22 1.00 0.00
0.30 1.92 -1.04 1.00 0.00
0.30 1.92 -0.87 1.00 0.00
0.30 1.92 -0.69 1.00 0.00
0.30 1.92 -0.52 1.00 0.00
0.30 1.92 -0.34 1.00 0.00
0.30 1.92 -0.17 1.00 0.00
0.30 1.92 0.01 1.00 0.00
0.30 1.92 0.18 1.00 0.00
0.30 1.92 0.35 1.00 0.00
0.30 1.92 0.53 1.00 0.00
0.30 1.92 0.70 1.00 0.00
0.30 1.92 0.88 1.00 0.00
0.30 1.92 1.05 1.00 0.00
0.30 1.92 1.23 1.00 0.00
0.30 1.92 1.40 1.00 0.00
0.50 1.92 -1.50 1.00 0.00
0.50 1.92 -1.32 1.00 0.00
0.50 1.92 -1.15 1.00 0.00
0.50 1.92 -0.98 1.00 0.00
0.50 1.92 -0.80 1.00 0.00
0.50 1.92 -0.63 1.00 0.00
0.50 1.92 -0.45 1.00 0.00
0.50 1.92 -0.28 1.00 0.00
0.50 1.92 -0.10 1.00 0.00
0.50 1.92 0.07 1.00 0.00
0.50 1.92 0.25 1.00 0.00
0.50 1.92 0.42 1.00 0.00
0.50 1.92 0.60 1.00 0.00
0.50 1.92 0.77 1.00 0.00
0.50 1.92 0.94 1.00 0.00
0.50 1.92 1.12 1.00 0.00
0.50 1.92 1.29 1.00 0.00
0.50 1.92 1.47 1.00 0.00
0.70 1.92 -1.44 1.00 0.00
0.70 1.92 -1.26 1.00 0.00
0.70 1.92 -1.09 1.00 0.00
0.70 1.92 -0.91 1.00 0.00
0.70 1.92 -0.74 1.00 0.00
0.70 1.92 -0.56 1.00 0.00
0.70 1.92 -0.39 1.00 0.00
0.70 1.92 -0.22 1.00 0.00
0.70 1.92 -0.04 1.00 0.00
0.70 1.92 0.13 1.00 0.00
0.70 1.92 0.31 1.00 0.00
0.70 1.92 0.48 1.00 0.00
0.70 1.92 0.66 1.00 0.00
0.70 1.92 0.83 1.00 0.00
0.70 1.92 1.01 1.00 0.00
0.70 1.92 1.18 1.00 0.00
0.70 1.92 1.36 1.00 0.00
0.70 1.92 1.53 1.00 0.00
0.90 1.92 -1.38 1.00 0.00
0.90 1.92 -1.20 1.00 0.00
0.90 1.92 -1.03 1.00 0.00
0.90 1.92 -0.85 1.00 0.00
0.90 1.92 -0.68 1.00 0.00
0.90 1.92 -0.51 1.00 0.00
0.90 1.92 -0.33 1.00 0.00
0.90 1.92 -0.16 1.00 0.00
0.90 1.92 0.02 1.00 0.00
0.90 1.92 0.19 1.00 0.00
0.90 1.92 0.37 1.00 0.00
0.90 1.92 0.54 1.00 0.00
0.90 1.92 0.72 1.00 0.00
0.90 1.92 0.89 1.00 0.00
0.90 1.92 1.07 1.00 0.00
0.90 1.92 1.24 1.00 0.00
0.90 1.92 1.41 1.00 0.00
0.90 1.92 1.59 1.00 0.00
1.10 1.92 -1.32 1.00 0.00
1.10 1.92 -1.15 1.00 0.00
1.10 1.92 -0.97 1.00 0.00
1.10 1.92 -0.80 1.00 0.00
1.10 1.92 -0.63 1.00 0.00
1.10 1.92 -0.45 1.00 0.00
1.10 1.92 -0.28 1.00 0.00
1.10 1.92 -0.10 1.00 0.00
1.10 1.92 0.07 1.00 0.00
1.10 1.92 0.25 1.00 0.00
1.10 1.92 0.42 1.00 0.00
1.10 1.92 0.60 1.00 0.00
1.10 1.92 0.77 1.00 0.00
1.10 1.92 0.95 1.00 0.00
1.10 1.92 1.12 1.00 0.00
1.10 1.92 1.29 1.00 0.00
1.10 1.92 1.47 1.00 0.00
1.10 1.92 1.64 1.00 0.00
0.30 2.09 4.71 1.00 0.00
0.30 2.09 4.88 1.00 0.00
0.30 2.09 5.06 1.00 0.00
0.30 2.09 5.23 1.00 0.00
0.30 2.09 5.41 1.00 0.00
0.30 2.09 5.58 1.00 0.00
0.30 2.09 5.76 1.00 0.00
0.30 2.09 5.93 1.00 0.00
0.30 2.09 6.11 1.00 0.00
0.30 2.09 6.28 1.00 0.00
0.30 2.09 6.46 1.00 0.00
0.30 2.09 6.63 1.00 0.00
0.30 2.09 6.80 1.00 0.00
0.30 2.09 6.98 1.00 0.00
0.30 2.09 7.15 1.00 0.00
0.30 2.09 7.33 1.00 0.00
0.30 2.09 7.50 1.00 0.00
0.30 2.09 7.68 1.00 0.00
0.50 2.09 -1.51 1.00 0.00
0.50 2.09 -1.34 1.00 0.00
0.50 2.09 -1.16 1.00 0.00
0.50 2.09 -0.99 1.00 0.00
0.50 2.09 -0.82 1.00 0.00
0.50 2.09 -0.64 1.00 0.00
0.50 2.09 -0.47 1.00 0.00
0.50 2.09 -0.29 1.00 0.00
0.50 2.09 -0.12 1.00 0.00
0.50 2.09 0.06 1.00 0.00
0.50 2.09 0.23 1.00 0.00
0.50 2.09 0.41 1.00 0.00
0.50 2.09 0.58 1.00 0.00
0.50 2.09 0.76 1.00 0.00
0.50 2.09 0.93 1.00 0.00
0.50 2.09 1.10 1.00 0.00
0.50 2.09 1.28 1.00 0.00
0.50 2.09 1.45 1.00 0.00
0.70 2.09 -1.46 1.00 0.00
0.70 2.09 -1.28 1.00 0.00
0.70 2.09 -1.11 1.00 0.00
0.70 2.09 -0.93 1.00 0.00
0.70 2.09 -0.76 1.00 0.00
0.70 2.09 -0.59 1.00 0.00
0.70 2.09 -0.41 1.00 0.00
0.70 2.09 -0.24 1.00 0.00
0.70 2.09 -0.06 1.00 0.00
0.70 2.09 0.11 1.00 0.00
0.70 2.09 0.29 1.00 0.00
0.70 2.09 0.46 1.00 0.00
0.70 2.09 0.64 1.00 0.00
0.70 2.09 0.81 1.00 0.00
0.70 2.09 0.98 1.00 0.00
0.70 2.09 1.16 1.00 0.00
0.70 2.09 1.33 1.00 0.00
0.70 2.09 1.51 1.00 0.00
0.90 2.09 -1.41 1.00 0.00
0.90 2.09 -1.23 1.00 0.00
0.90 2.09 -1.06 1.00 0.00
0.90 2.09 -0.88 1.00 0.00
0.90 2.09 -0.71 1.00 0.00
0.90 2.09 -0.53 1.00 0.00
0.90 2.09 -0.36 1.00 0.00
0.90 2.09 -0.19 1.00 0.00
0.90 2.09 -0.01 1.00 0.00
0.90 2.09 0.16 1.00 0.00
0.90 2.09 0.34 1.00 0.00
0.90 2.09 0.51 1.00 0.00
0.90 2.09 0.69 1.00 0.00
0.90 2.09 0.86 1.00 0.00
0.90 2.09 1.04 1.00 0.00
0.90 2.09 1.21 1.00 0.00
0.90 2.09 1.38 1.00 0.00
0.90 2.09 1.56 1.00 0.00
1.10 2.09 -1.36 1.00 0.00
1.10 2.09 -1.19 1.00 0.00
1.10 2.09 -1.01 1.00 0.00
1.10 2.09 -0.84 1.00 0.00
1.10 2.09 -0.66 1.00 0.00
1.10 2.09 -0.49 1.00 0.00
1.10 2.09 -0.31 1.00 0.00
1.10 2.09 -0.14 1.00 0.00
1.10 2.09 0.04 1.00 0.00
1.10 2.09 0.21 1.00 0.00
1.10 2.09 0.38 1.00 0.00
1.10 2.09 0.56 1.00 0.00
1.10 2.09 0.73 1.00 0.00
1.10 2.09 0.91 1.00 0.00
1.10 2.09 1.08 1.00 0.00
1.10 2.09 1.26 1.00 0.00
1.10 2.09 1.43 1.00 0.00
1.10 2.09 1.61 1.00 0.00
0.30 2.27 4.70 1.00 0.00
0.30 2.27 4.87 1.00 0.00
0.30 2.27 5.05 1.00 0.00
0.30 2.27 5.22 1.00 0.00
0.30 2.27 5.40 1.00 0.00
0.30 2.27 5.57 1.00 0.00
0.30 2.27 5.75 1.00 0.00
0.30 2.27 5.92 1.00 0.00
0.30 2.27 6.10 1.00 0.00
0.30 2.27 6.27 1.00 0.00
0.30 2.27 6.45 1.00 0.00
0.30 2.27 6.62 1.00 0.00
0.30 2.27 6.79 1.00 0.00
0.30 2.27 6.97 1.00 0.00
0.30 2.27 7.14 1.00 0.00
0.30 2.27 7.32 1.00 0.00
0.30 2.27 7.49 1.00 0.00
0.30 2.27 7.67 1.00 0.00
0.50 2.27 -1.53 1.00 0.00
0.50 2.27 -1.36 1.00 0.00
0.50 2.27 -1.18 1.00 0.00
0.50 2.27 -1.01 1.00 0.00
0.50 2.27 -0.83 1.00 0.00
0.50 2.27 -0.66 1.00 0.00
0.50 2.27 -0.48 1.00 0.00
0.50 2.27 -0.31 1.00 0.00
0.50 2.27 -0.14 1.00 0.00
0.50 2.27 0.04 1.00 0.00
0.50 2.27 0.21 1.00 0.00
0.50 2.27 0.39 1.00 0.00
0.50 2.27 0.56 1.00 0.00
0.50 2.27 0.74 1.00 0.00
0.50 2.27 0.91 1.00 0.00
0.50 2.27 1.09 1.00 0.00
0.50 2.27 1.26 1.00 0.00
0.50 2.27 1.44 1.00 0.00
0.70 2.27 -1.48 1.00 0.00
0.70 2.27 -1.31 1.00 0.00
0.70 2.27 -1.14 1.00 0.00
0.70 2.27 -0.96 1.00 0.00
0.70 2.27 -0.79 1.00 0.00
0.70 2.27 -0.61 1.00 0.00
0.70 2.27 -0.44 1.00 0.00
0.70 2.27 -0.26 1.00 0.00
0.70 2.27 -0.09 1.00 0.00
0.70 2.27 0.09 1.00 0.00
0.70 2.27 0.26 1.00 0.00
0.70 2.27 0.44 1.00 0.00
0.70 2.27 0.61 1.00 0.00
0.70 2.27 0.78 1.00 0.00
0.70 2.27 0.96 1.00 0.00
0.70 2.27 1.13 1.00 0.00
0.70 2.27 1.31 1.00 0.00
0.70 2.27 1.48 1.00 0.00
0.90 2.27 -1.44 1.00 0.00
0.90 2.27 -1.27 1.00 0.00
0.90 2.27 -1.09 1.00 0.00
0.90 2.27 -0.92 1.00 0.00
0.90 2.27 -0.74 1.00 0.00
0.90 2.27 -0.57 1.00 0.00
0.90 2.27 -0.39 1.00 0.00
0.90 2.27 -0.22 1.00 0.00
0.90 2.27 -0.04 1.00 0.00
0.90 2.27 0.13 1.00 0.00
0.90 2.27 0.30 1.00 0.00
0.90 2.27 0.48 1.00 0.00
0.90 2.27 0.65 1.00 0.00
0.90 2.27 0.83 1.00 0.00
0.90 2.27 1.00 1.00 0.00
0.90 2.27 1.18 1.00 0.00
0.90 2.27 1.35 1.00 0.00
0.90 2.27 1.53 1.00 0.00
1.10 2.27 -1.40 1.00 0.00
1.10 2.27 -1.23 1.00 0.00
1.10 2.27 -1.05 1.00 0.00
1.10 2.27 -0.88 1.00 0.00
1.10 2.27 -0.70 1.00 0.00
1.10 2.27 -0.53 1.00 0.00
1.10 2.27 -0.35 1.00 0.00
1.10 2.27 -0.18 1.00 0.00
1.10 2.27 -0.01 1.00 0.00
1.10 2.27 0.17 1.00 0.00
1.10 2.27 0.34 1.00 0.00
1.10 2.27 0.52 1.00 0.00
1.10 2.27 0.69 1.00 0.00
1.10 2.27 0.87 1.00 0.00
1.10 2.27 1.04 1.00 0.00
1.10 2.27 1.22 1.00 0.00
1.10 2.27 1.39 1.00 0.00
1.10 2.27 1.57 1.00 0.00
0.30 2.44 4.69 1.00 0.00
0.30 2.44 4.86 1.00 0.00
0.30 2.44 5.04 1.00 0.00
0.30 2.44 5.21 1.00 0.00
0.30 2.44 5.39 1.00 0.00
0.30 2.44 5.56 1.00 0.00
0.30 2.44 5.73 1.00 0.00
0.30 2.44 5.91 1.00 0.00
0.30 2.44 6.08 1.00 0.00
0.30 2.44 6.26 1.00 0.00
0.30 2.44 6.43 1.00 0.00
0.30 2.44 6.61 1.00 0.00
0.30 2.44 6.78 1.00 0.00
0.30 2.44 6.96 1.00 0.00
0.30 2.44 7.13 1.00 0.00
0.30 2.44 7.31 1.00 0.00
0.30 2.44 7.48 1.00 0.00
0.30 2.44 7.65 1.00 0.00
0.50 2.44 -1.55 1.00 0.00
0.50 2.44 -1.38 1.00 0.00
0.50 2.44 -1.20 1.00 0.00
0.50 2.44 -1.03 1.00 0.00
0.50 2.44 -0.85 1.00 0.00
0.50 2.44 -0.68 1.00 0.00
0.50 2.44 -0.51 1.00 0.00
0.50 2.44 -0.33 1.00 0.00
0.50 2.44 -0.16 1.00 0.00
0.50 2.44 0.02 1.00 0.00
0.50 2.44 0.19 1.00 0.00
0.50 2.44 0.37 1.00 0.00
0.50 2.44 0.54 1.00 0.00
0.50 2.44 0.72 1.00 0.00
0.50 2.44 0.89 1.00 0.00
0.50 2.44 1.07 1.00 0.00
0.50 2.44 1.24 1.00 0.00
0.50 2.44 1.41 1.00 0.00
0.70 2.44 -1.51 1.00 0.00
0.70 2.44 -1.34 1.00 0.00
0.70 2.44 -1.16 1.00 0.00
0.70 2.44 -0.99 1.00 0.00
0.70 2.44 -0.82 1.00 0.00
0.70 2.44 -0.64 1.00 0.00
0.70 2.44 -0.47 1.00 0.00
0.70 2.44 -0.29 1.00 0.00
0.70 2.44 -0.12 1.00 0.00
0.70 2.44 0.06 1.00 0.00
0.70 2.44 0.23 1.00 0.00
0.70 2.44 0.41 1.00 0.00
0.70 2.44 0.58 1.00 0.00
0.70 2.44 0.76 1.00 0.00
0.70 2.44 0.93 1.00 0.00
0.70 2.44 1.10 1.00 0.00
0.70 2.44 1.28 1.00 0.00
0.70 2.44 1.45 1.00 0.00
0.90 2.44 -1.48 1.00 0.00
0.90 2.44 -1.30 1.00 0.00
0.90 2.44 -1.13 1.00 0.00
0.90 2.44 -0.95 1.00 0.00
0.90 2.44 -0.78 1.00 0.00
0.90 2.44 -0.61 1.00 0.00
0.90 2.44 -0.43 1.00 0.00
0.90 2.44 -0.26 1.00 0.00
0.90 2.44 -0.08 1.00 0.00
0.90 2.44 0.09 1.00 0.00
0.90 2.44 0.27 1.00 0.00
0.90 2.44 0.44 1.00 0.00
0.90 2.44 0.62 1.00 0.00
0.90 2.44 0.79 1.00 0.00
0.90 2.44 0.97 1.00 0.00
0.90 2.44 1.14 1.00 0.00
0.90 2.44 1.31 1.00 0.00
0.90 2.44 1.49 1.00 0.00
1.10 2.44 -1.45 1.00 0.00
1.10 2.44 -1.27 1.00 0.00
1.10 2.44 -1.10 1.00 0.00
1.10 2.44 -0.92 1.00 0.00
1.10 2.44 -0.75 1.00 0.00
1.10 2.44 -0.57 1.00 0.00
1.10 2.44 -0.40 1.00 0.00
1.10 2.44 -0.22 1.00 0.00
1.10 2.44 -0.05 1.00 0.00
1.10 2.44 0.13 1.00 0.00
1.10 2.44 0.30 1.00 0.00
1.10 2.44 0.47 1.00 0.00
1.10 2.44 0.65 1.00 0.00
1.10 2.44 0.82 1.00 0.00
1.10 2.44 1.00 1.00 0.00
1.10 2.44 1.17 1.00 0.00
1.10 2.44 1.35 1.00 0.00
1.10 2.44 1.52 1.00 0.00
0.30 2.62 4.67 1.00 0.00
0.30 2.62 4.85 1.00 0.00
0.30 2.62 5.02 1.00 0.00
0.30 2.62 5.20 1.00 0.00
0.30 2.62 5.37 1.00 0.00
0.30 2.62 5.55 1.00 0.00
0.30 2.62 5.72 1.00 0.00
0.30 2.62 5.89 1.00 0.00
0.30 2.62 6.07 1.00 0.00
0.30 2.62 6.24 1.00 0.00
0.30 2.62 6.42 1.00 0.00
0.30 2.62 6.59 1.00 0.00
0.30 2.62 6.77 1.00 0.00
0.30 2.62 6.94 1.00 0.00
0.30 2.62 7.12 1.00 0.00
0.30 2.62 7.29 1.00 0.00
0.30 2.62 7.47 1.00 0.00
0.30 2.62 7.64 1.00 0.00
0.50 2.62 4.71 1.00 0.00
0.50 2.62 4.88 1.00 0.00
0.50 2.62 5.06 1.00 0.00
0.50 2.62 5.23 1.00 0.00
0.50 2.62 5.41 1.00 0.00
0.50 2.62 5.58 1.00 0.00
0.50 2.62 5.75 1.00 0.00
0.50 2.62 5.93 1.00 0.00
0.50 2.62 6.10 1.00 0.00
0.50 2.62 6.28 1.00 0.00
0.50 2.62 6.45 1.00 0.00
0.50 2.62 6.63 1.00 0.00
0.50 2.62 6.80 1.00 0.00
0.50 2.62 6.98 1.00 0.00
0.50 2.62 7.15 1.00 0.00
0.50 2.62 7.33 1.00 0.00
0.50 2.62 7.50 1.00 0.00
0.50 2.62 7.67 1.00 0.00
0.70 2.62 -1.55 1.00 0.00
0.70 2.62 -1.37 1.00 0.00
0.70 2.62 -1.20 1.00 0.00
0.70 2.62 -1.02 1.00 0.00
0.70 2.62 -0.85 1.00 0.00
0.70 2.62 -0.67 1.00 0.00
0.70 2.62 -0.50 1.00 0.00
0.70 2.62 -0.32 1.00 0.00
0.70 2.62 -0.15 1.00 0.00
0.70 2.62 0.03 1.00 0.00
0.70 2.62 0.20 1.00 0.00
0.70 2.62 0.37 1.00 0.00
0.70 2.62 0.55 1.00 0.00
0.70 2.62 0.72 1.00 0.00
0.70 2.62 0.90 1.00 0.00
0.70 2.62 1.07 1.00 0.00
0.70 2.62 1.25 1.00 0.00
0.70 2.62 1.42 1.00 0.00
0.90 2.62 -1.52 1.00 0.00
0.90 2.62 -1.34 1.00 0.00
0.90 2.62 -1.17 1.00 0.00
0.90 2.62 -0.99 1.00 0.00
0.90 2.62 -0.82 1.00 0.00
0.90 2.62 -0.64 1.00 0.00
0.90 2.62 -0.47 1.00 0.00
0.90 2.62 -0.30 1.00 0.00
0.90 2.62 -0.12 1.00 0.00
0.90 2.62 0.05 1.00 0.00
0.90 2.62 0.23 1.00 0.00
0.90 2.62 0.40 1.00 0.00
0.90 2.62 0.58 1.00 0.00
0.90 2.62 0.75 1.00 0.00
0.90 2.62 0.93 1.00 0.00
0.90 2.62 1.10 1.00 0.00
0.90 2.62 1.28 1.00 0.00
0.90 2.62 1.45 1.00 0.00
1.10 2.62 -1.49 1.00 0.00
1.10 2.62 -1.32 1.00 0.00
1.10 2.62 -1.14 1.00 0.00
1.10 2.62 -0.97 1.00 0.00
1.10 2.62 -0.79 1.00 0.00
1.10 2.62 -0.62 1.00 0.00
1.10 2.62 -0.45 1.00 0.00
1.10 2.62 -0.27 1.00 0.00
1.10 2.62 -0.10 1.00 0.00
1.10 2.62 0.08 1.00 0.00
1.10 2.62 0.25 1.00 0.00
1.10 2.62 0.43 1.00 0.00
1.10 2.62 0.60 1.00 0.00
1.10 2.62 0.78 1.00 0.00
1.10 2.62 0.95 1.00 0.00
1.10 2.62 1.13 1.00 0.00
1.10 2.62 1.30 1.00 0.00
1.10 2.62 1.47 1.00 0.00
0.30 2.79 4.66 1.00 0.00
0.30 2.79 4.83 1.00 0.00
0.30 2.79 5.01 1.00 0.00
0.30 2.79 5.18 1.00 0.00
0.30 2.79 5.36 1.00 0.00
0.30 2.79 5.53 1.00 0.00
0.30 2.79 5.70 1.00 0.00
0.30 2.79 5.88 1.00 0.00
0.30 2.79 6.05 1.00 0.00
0.30 2.79 6.23 1.00 0.00
0.30 2.79 6.40 1.00 0.00
0.30 2.79 6.58 1.00 0.00
0.30 2.79 6.75 1.00 0.00
0.30 2.79 6.93 1.00 0.00
0.30 2.79 7.10 1.00 0.00
0.30 2.79 7.28 1.00 0.00
0.30 2.79 7.45 1.00 0.00
0.30 2.79 7.62 1.00 0.00
0.50 2.79 4.68 1.00 0.00
0.50 2.79 4.86 1.00 0.00
0.50 2.79 5.03 1.00 0.00
0.50 2.79 5.21 1.00 0.00
0.50 2.79 5.38 1.00 0.00
0.50 2.79 5.55 1.00 0.00
0.50 2.79 5.73 1.00 0.00
0.50 2.79 5.90 1.00 0.00
0.50 2.79 6.08 1.00 0.00
0.50 2.79 6.25 1.00 0.00
0.50 2.79 6.43 1.00 0.00
0.50 2.79 6.60 1.00 0.00
0.50 2.79 6.78 1.00 0.00
0.50 2.79 6.95 1.00 0.00
0.50 2.79 7.13 1.00 0.00
0.50 2.79 7.30 1.00 0.00
0.50 2.79 7.47 1.00 0.00
0.50 2.79 7.65 1.00 0.00
0.70 2.79 4.70 1.00 0.00
0.70 2.79 4.88 1.00 0.00
0.70 2.79 5.05 1.00 0.00
0.70 2.79 5.23 1.00 0.00
0.70 2.79 5.40 1.00 0.00
0.70 2.79 5.58 1.00 0.00
0.70 2.79 5.75 1.00 0.00
0.70 2.79 5.93 1.00 0.00
0.70 2.79 6.10 1.00 0.00
0.70 2.79 6.28 1.00 0.00
0.70 2.79 6.45 1.00 0.00
0.70 2.79 6.62 1.00 0.00
0.70 2.79 6.80 1.00 0.00
0.70 2.79 6.97 1.00 0.00
0.70 2.79 7.15 1.00 0.00
0.70 2.79 7.32 1.00 0.00
0.70 2.79 7.50 1.00 0.00
0.70 2.79 7.67 1.00 0.00
0.90 2.79 -1.56 1.00 0.00
0.90 2.79 -1.38 1.00 0.00
0.90 2.79 -1.21 1.00 0.00
0.90 2.79 -1.04 1.00 0.00
0.90 2.79 -0.86 1.00 0.00
0.90 2.79 -0.69 1.00 0.00
0.90 2.79 -0.51 1.00 0.00
0.90 2.79 -0.34 1.00 0.00
0.90 2.79 -0.16 1.00 0.00
0.90 2.79 0.01 1.00 0.00
0.90 2.79 0.19 1.00 0.00
0.90 2.79 0.36 1.00 0.00
0.90 2.79 0.54 1.00 0.00
0.90 2.79 0.71 1.00 0.00
0.90 2.79 0.88 1.00 0.00
0.90 2.79 1.06 1.00 0.00
0.90 2.79 1.23 1.00 0.00
0.90 2.79 1.41 1.00 0.00
1.10 2.79 -1.54 1.00 0.00
1.10 2.79 -1.37 1.00 0.00
1.10 2.79 -1.19 1.00 0.00
1.10 2.79 -1.02 1.00 0.00
1.10 2.79 -0.84 1.00 0.00
1.10 2.79 -0.67 1.00 0.00
1.10 2.79 -0.49 1.00 0.00
1.10 2.79 -0.32 1.00 0.00
1.10 2.79 -0.14 1.00 0.00
1.10 2.79 0.03 1.00 0.00
1.10 2.79 0.20 1.00 0.00
1.10 2.79 0.38 1.00 0.00
1.10 2.79 0.55 1.00 0.00
1.10 2.79 0.73 1.00 0.00
1.10 2.79 0.90 1.00 0.00
1.10 2.79 1.08 1.00 0.00
1.10 2.79 1.25 1.00 0.00
1.10 2.79 1.43 1.00 0.00
0.30 2.97 4.64 1.00 0.00
0.30 2.97 4.81 1.00 0.00
0.30 2.97 4.99 1.00 0.00
0.30 2.97 5.16 1.00 0.00
0.30 2.97 5.34 1.00 0.00
0.30 2.97 5.51 1.00 0.00
0.30 2.97 5.69 1.00 0.00
0.30 2.97 5.86 1.00 0.00
0.30 2.97 6.04 1.00 0.00
0.30 2.97 6.21 1.00 0.00
0.30 2.97 6.39 1.00 0.00
0.30 2.97 6.56 1.00 0.00
0.30 2.97 6.73 1.00 0.00
0.30 2.97 6.91 1.00 0.00
0.30 2.97 7.08 1.00 0.00
0.30 2.97 7.26 1.00 0.00
0.30 2.97 7.43 1.00 0.00
0.30 2.97 7.61 1.00 0.00
0.50 2.97 4.66 1.00 0.00
0.50 2.97 4.83 1.00 0.00
0.50 2.97 5.00 1.00 0.00
0.50 2.97 5.18 1.00 0.00
0.50 2.97 5.35 1.00 0.00
0.50 2.97 5.53 1.00 0.00
0.50 2.97 5.70 1.00 0.00
0.50 2.97 5.88 1.00 0.00
0.50 2.97 6.05 1.00 0.00
0.50 2.97 6.23 1.00 0.00
0.50 2.97 6.40 1.00 0.00
0.50 2.97 6.58 1.00 0.00
0.50 2.97 6.75 1.00 0.00
0.50 2.97 6.92 1.00 0.00
0.50 2.97 7.10 1.00 0.00
0.50 2.97 7.27 1.00 0.00
0.50 2.97 7.45 1.00 0.00
0.50 2.97 7.62 1.00 0.00
0.70 2.97 4.67 1.00 0.00
0.70 2.97 4.84 1.00 0.00
0.70 2.97 5.02 1.00 0.00
0.70 2.97 5.19 1.00 0.00
0.70 2.97 5.37 1.00 0.00
0.70 2.97 5.54 1.00 0.00
0.70 2.97 5.72 1.00 0.00
0.70 2.97 5.89 1.00 0.00
0.70 2.97 6.07 1.00 0.00
0.70 2.97 6.24 1.00 0.00
0.70 2.97 6.41 1.00 0.00
0.70 2.97 6.59 1.00 0.00
0.70 2.97 6.76 1.00 0.00
0.70 2.97 6.94 1.00 0.00
0.70 2.97 7.11 1.00 0.00
0.70 2.97 7.29 1.00 0.00
0.70 2.97 7.46 1.00 0.00
0.70 2.97 7.64 1.00 0.00
0.90 2.97 4.68 1.00 0.00
0.90 2.97 4.86 1.00 0.00
0.90 2.97 5.03 1.00 0.00
0.90 2.97 5.21 1.00 0.00
0.90 2.97 5.38 1.00 0.00
0.90 2.97 5.55 1.00 0.00
0.90 2.97 5.73 1.00 0.00
0.90 2.97 5.90 1.00 0.00
0.90 2.97 6.08 1.00 0.00
0.90 2.97 6.25 1.00 0.00
0.90 2.97 6.43 1.00 0.00
0.90 2.97 6.60 1.00 0.00
0.90 2.97 6.78 1.00 0.00
0.90 2.97 6.95 1.00 0.00
0.90 2.97 7.13 1.00 0.00
0.90 2.97 7.30 1.00 0.00
0.90 2.97 7.47 1.00 0.00
0.90 2.97 7.65 1.00 0.00
1.10 2.97 4.69 1.00 0.00
1.10 2.97 4.87 1.00 0.00
1.10 2.97 5.04 1.00 0.00
1.10 2.97 5.22 1.00 0.00
1.10 2.97 5.39 1.00 0.00
1.10 2.97 5.57 1.00 0.00
1.10 2.97 5.74 1.00 0.00
1.10 2.97 5.91 1.00 0.00
1.10 2.97 6.09 1.00 0.00
1.10 2.97 6.26 1.00 0.00
1.10 2.97 6.44 1.00 0.00
1.10 2.97 6.61 1.00 0.00
1.10 2.97 6.79 1.00 0.00
1.10 2.97 6.96 1.00 0.00
1.10 2.97 7.14 1.00 0.00
1.10 2.97 7.31 1.00 0.00
1.10 2.97 7.48 1.00 0.00
1.10 2.97 7.66 1.00 0.00
0.30 3.14 4.62 1.00 0.00
0.30 3.14 4.80 1.00 0.00
0.30 3.14 4.97 1.00 0.00
0.30 3.14 5.15 1.00 0.00
0.30 3.14 5.32 1.00 0.00
0.30 3.14 5.50 1.00 0.00
0.30 3.14 5.67 1.00 0.00
0.30 3.14 5.84 1.00 0.00
0.30 3.14 6.02 1.00 0.00
0.30 3.14 6.19 1.00 0.00
0.30 3.14 6.37 1.00 0.00
0.30 3.14 6.54 1.00 0.00
0.30 3.14 6.72 1.00 0.00
0.30 3.14 6.89 1.00 0.00
0.30 3.14 7.07 1.00 0.00
0.30 3.14 7.24 1.00 0.00
0.30 3.14 7.42 1.00 0.00
0.30 3.14 7.59 1.00 0.00
0.50 3.14 4.63 1.00 0.00
0.50 3.14 4.80 1.00 0.00
0.50 3.14 4.98 1.00 0.00
0.50 3.14 5.15 1.00 0.00
0.50 3.14 5.33 1.00 0.00
0.50 3.14 5.50 1.00 0.00
0.50 3.14 5.68 1.00 0.00
0.50 3.14 5.85 1.00 0.00
0.50 3.14 6.02 1.00 0.00
0.50 3.14 6.20 1.00 0.00
0.50 3.14 6.37 1.00 0.00
0.50 3.14 6.55 1.00 0.00
0.50 3.14 6.72 1.00 0.00
0.50 3.14 6.90 1.00 0.00
0.50 3.14 7.07 1.00 0.00
0.50 3.14 7.25 1.00 0.00
0.50 3.14 7.42 1.00 0.00
0.50 3.14 7.60 1.00 0.00
0.70 3.14 4.63 1.00 0.00
0.70 3.14 4.81 1.00 0.00
0.70 3.14 4.98 1.00 0.00
0.70 3.14 5.16 1.00 0.00
0.70 3.14 5.33 1.00 0.00
0.70 3.14 5.51 1.00 0.00
0.70 3.14 5.68 1.00 0.00
0.70 3.14 5.86 1.00 0.00
0.70 3.14 6.03 1.00 0.00
0.70 3.14 6.20 1.00 0.00
0.70 3.14 6.38 1.00 0.00
0.70 3.14 6.55 1.00 0.00
0.70 3.14 6.73 1.00 0.00
0.70 3.14 6.90 1.00 0.00
0.70 3.14 7.08 1.00 0.00
0.70 3.14 7.25 1.00 0.00
0.70 3.14 7.43 1.00 0.00
0.70 3.14 7.60 1.00 0.00
0.90 3.14 4.64 1.00 0.00
0.90 3.14 4.81 1.00 0.00
0.90 3.14 4.99 1.00 0.00
0.90 3.14 5.16 1.00 0.00
0.90 3.14 5.34 1.00 0.00
0.90 3.14 5.51 1.00 0.00
0.90 3.14 5.69 1.00 0.00
0.90 3.14 5.86 1.00 0.00
0.90 3.14 6.03 1.00 0.00
0.90 3.14 6.21 1.00 0.00
0.90 3.14 6.38 1.00 0.00
0.90 3.14 6.56 1.00 0.00
0.90 3.14 6.73 1.00 0.00
0.90 3.14 6.91 1.00 0.00
0.90 3.14 7.08 1.00 0.00
0.90 3.14 7.26 1.00 0.00
0.90 3.14 7.43 1.00 0.00
0.90 3.14 7.61 1.00 0.00
1.10 3.14 4.64 1.00 0.00
1.10 3.14 4.82 1.00 0.00
1.10 3.14 4.99 1.00 0.00
1.10 3.14 5.17 1.00 0.00
1.10 3.14 5.34 1.00 0.00
1.10 3.14 5.51 1.00 0.00
1.10 3.14 5.69 1.00 0.00
1.10 3.14 5.86 1.00 0.00
1.10 3.14 6.04 1.00 0.00
1.10 3.14 6.21 1.00 0.00
1.10 3.14 6.39 1.00 0.00
1.10 3.14 6.56 1.00 0.00
1.10 3.14 6.74 1.00 0.00
1.10 3.14 6.91 1.00 0.00
1.10 3.14 7.09 1.00 0.00
1.10 3.14 7.26 1.00 0.00
1.10 3.14 7.43 1.00 0.00
1.10 3.14 7.61 1.00 0.00
0.30 3.32 4.61 1.00 0.00
0.30 3.32 4.78 1.00 0.00
0.30 3.32 4.95 1.00 0.00
0.30 3.32 5.13 1.00 0.00
0.30 3.32 5.30 1.00 0.00
0.30 3.32 5.48 1.00 0.00
0.30 3.32 5.65 1.00 0.00
0.30 3.32 5.83 1.00 0.00
0.30 3.32 6.00 1.00 0.00
0.30 3.32 6.18 1.00 0.00
0.30 3.32 6.35 1.00 0.00
0.30 3.32 6.53 1.00 0.00
0.30 3.32 6.70 1.00 0.00
0.30 3.32 6.87 1.00 0.00
0.30 3.32 7.05 1.00 0.00
0.30 3.32 7.22 1.00 0.00
0.30 3.32 7.40 1.00 0.00
0.30 3.32 7.57 1.00 0.00
0.50 3.32 4.60 1.00 0.00
0.50 3.32 4.78 1.00 0.00
0.50 3.32 4.95 1.00 0.00
0.50 3.32 5.12 1.00 0.00
0.50 3.32 5.30 1.00 0.00
0.50 3.32 5.47 1.00 0.00
0.50 3.32 5.65 1.00 0.00
0.50 3.32 5.82 1.00 0.00
0.50 3.32 6.00 1.00 0.00
0.50 3.32 6.17 1.00 0.00
0.50 3.32 6.35 1.00 0.00
0.50 3.32 6.52 1.00 0.00
0.50 3.32 6.70 1.00 0.00
0.50 3.32 6.87 1.00 0.00
0.50 3.32 7.04 1.00 0.00
0.50 3.32 7.22 1.00 0.00
0.50 3.32 7.39 1.00 0.00
0.50 3.32 7.57 1.00 0.00
0.70 3.32 4.60 1.00 0.00
0.70 3.32 4.77 1.00 0.00
0.70 3.32 4.95 1.00 0.00
0.70 3.32 5.12 1.00 0.00
0.70 3.32 5.30 1.00 0.00
0.70 3.32 5.47 1.00 0.00
0.70 3.32 5.64 1.00 0.00
0.70 3.32 5.82 1.00 0.00
0.70 3.32 5.99 1.00 0.00
0.70 3.32 6.17 1.00 0.00
0.70 3.32 6.34 1.00 0.00
0.70 3.32 6.52 1.00 0.00
0.70 3.32 6.69 1.00 0.00
0.70 3.32 6.87 1.00 0.00
0.70 3.32 7.04 1.00 0.00
0.70 3.32 7.22 1.00 0.00
0.70 3.32 7.39 1.00 0.00
0.70 3.32 7.56 1.00 0.00
0.90 3.32 4.59 1.00 0.00
0.90 3.32 4.77 1.00 0.00
0.90 3.32 4.94 1.00 0.00
0.90 3.32 5.12 1.00 0.00
0.90 3.32 5.29 1.00 0.00
0.90 3.32 5.47 1.00 0.00
0.90 3.32 5.64 1.00 0.00
0.90 3.32 5.82 1.00 0.00
0.90 3.32 5.99 1.00 0.00
0.90 3.32 6.17 1.00 0.00
0.90 3.32 6.34 1.00 0.00
0.90 3.32 6.51 1.00 0.00
0.90 3.32 6.69 1.00 0.00
0.90 3.32 6.86 1.00 0.00
0.90 3.32 7.04 1.00 0.00
0.90 3.32 7.21 1.00 0.00
0.90 3.32 7.39 1.00 0.00
0.90 3.32 7.56 1.00 0.00
1.10 3.32 4.59 1.00 0.00
1.10 3.32 4.77 1.00 0.00
1.10 3.32 4.94 1.00 0.00
1.10 3.32 5.11 1.00 0.00
1.10 3.32 5.29 1.00 0.00
1.10 3.32 5.46 1.00 0.00
1.10 3.32 5.64 1.00 0.00
1.10 3.32 5.81 1.00 0.00
1.10 3.32 5.99 1.00 0.00
1.10 3.32 6.16 1.00 0.00
1.10 3.32 6.34 1.00 0.00
1.10 3.32 6.51 1.00 0.00
1.10 3.32 6.69 1.00 0.00
1.10 3.32 6.86 1.00 0.00
1.10 3.32 7.03 1.00 0.00
1.10 3.32 7.21 1.00 0.00
1.10 3.32 7.38 1.00 0.00
1.10 3.32 7.56 1.00 0.00
0.30 3.49 4.59 1.00 0.00
0.30 3.49 4.76 1.00 0.00
0.30 3.49 4.94 1.00 0.00
0.30 3.49 5.11 1.00 0.00
0.30 3.49 5.29 1.00 0.00
0.30 3.49 5.46 1.00 0.00
0.30 3.49 5.64 1.00 0.00
0.30 3.49 5.81 1.00 0.00
0.30 3.49 5.98 1.00 0.00
0.30 3.49 6.16 1.00 0.00
0.30 3.49 6.33 1.00 0.00
0.30 3.49 6.51 1.00 0.00
0.30 3.49 6.68 1.00 0.00
0.30 3.49 6.86 1.00 0.00
0.30 3.49 7.03 1.00 0.00
0.30 3.49 7.21 1.00 0.00
0.30 3.49 7.38 1.00 0.00
0.30 3.49 7.56 1.00 0.00
0.50 3.49 4.57 1.00 0.00
0.50 3.49 4.75 1.00 0.00
0.50 3.49 4.92 1.00 0.00
0.50 3.49 5.10 1.00 0.00
0.50 3.49 5.27 1.00 0.00
0.50 3.49 5.45 1.00 0.00
0.50 3.49 5.62 1.00 0.00
0.50 3.49 5.80 1.00 0.00
0.50 3.49 5.97 1.00 0.00
0.50 3.49 6.14 1.00 0.00
0.50 3.49 6.32 1.00 0.00
0.50 3.49 6.49 1.00 0.00
0.50 3.49 6.67 1.00 0.00
0.50 3.49 6.84 1.00 0.00
0.50 3.49 7.02 1.00 0.00
0.50 3.49 7.19 1.00 0.00
0.50 3.49 7.37 1.00 0.00
0.50 3.49 7.54 1.00 0.00
0.70 3.49 4.56 1.00 0.00
0.70 3.49 4.74 1.00 0.00
0.70 3.49 4.91 1.00 0.00
0.70 3.49 5.09 1.00 0.00
0.70 3.49 5.26 1.00 0.00
0.70 3.49 5.43 1.00 0.00
0.70 3.49 5.61 1.00 0.00
0.70 3.49 5.78 1.00 0.00
0.70 3.49 5.96 1.00 0.00
0.70 3.49 6.13 1.00 0.00
0.70 3.49 6.31 1.00 0.00
0.70 3.49 6.48 1.00 0.00
0.70 3.49 6.66 1.00 0.00
0.70 3.49 6.83 1.00 0.00
0.70 3.49 7.01 1.00 0.00
0.70 3.49 7.18 1.00 0.00
0.70 3.49 7.35 1.00 0.00
0.70 3.49 7.53 1.00 0.00
0.90 3.49 4.55 1.00 0.00
0.90 3.49 4.73 1.00 0.00
0.90 3.49 4.90 1.00 0.00
0.90 3.49 5.07 1.00 0.00
0.90 3.49 5.25 1.00 0.00
0.90 3.49 5.42 1.00 0.00
0.90 3.49 5.60 1.00 0.00
0.90 3.49 5.77 1.00 0.00
0.90 3.49 5.95 1.00 0.00
0.90 3.49 6.12 1.00 0.00
0.90 3.49 6.30 1.00 0.00
0.90 3.49 6.47 1.00 0.00
0.90 3.49 6.64 1.00 0.00
0.90 3.49 6.82 1.00 0.00
0.90 3.49 6.99 1.00 0.00
0.90 3.49 7.17 1.00 0.00
0.90 3.49 7.34 1.00 0.00
0.90 3.49 7.52 1.00 0.00
1.10 3.49 4.54 1.00 0.00
1.10 3.49 4.72 1.00 0.00
1.10 3.49 4.89 1.00 0.00
1.10 3.49 5.06 1.00 0.00
1.10 3.49 5.24 1.00 0.00
1.10 3.49 5.41 1.00 0.00
1.10 3.49 5.59 1.00 0.00
1.10 3.49 5.76 1.00 0.00
1.10 3.49 5.94 1.00 0.00
1.10 3.49 6.11 1.00 0.00
1.10 3.49 6.29 1.00 0.00
1.10 3.49 6.46 1.00 0.00
1.10 3.49 6.64 1.00 0.00
1.10 3.49 6.81 1.00 0.00
1.10 3.49 6.98 1.00 0.00
1.10 3.49 7.16 1.00 0.00
1.10 3.49 7.33 1.00 0.00
1.10 3.49 7.51 1.00 0.00
0.30 3.67 4.57 1.00 0.00
0.30 3.67 4.75 1.00 0.00
0.30 3.67 4.92 1.00 0.00
0.30 3.67 5.09 1.00 0.00
0.30 3.67 5.27 1.00 0.00
0.30 3.67 5.44 1.00 0.00
0.30 3.67 5.62 1.00 0.00
0.30 3.67 5.79 1.00 0.00
0.30 3.67 5.97 1.00 0.00
0.30 3.67 6.14 1.00 0.00
0.30 3.67 6.32 1.00 0.00
0.30 3.67 6.49 1.00 0.00
0.30 3.67 6.67 1.00 0.00
0.30 3.67 6.84 1.00 0.00
0.30 3.67 7.01 1.00 0.00
0.30 3.67 7.19 1.00 0.00
0.30 3.67 7.36 1.00 0.00
0.30 3.67 7.54 1.00 0.00
0.50 3.67 4.55 1.00 0.00
0.50 3.67 4.72 1.00 0.00
0.50 3.67 4.90 1.00 0.00
0.50 3.67 5.07 1.00 0.00
0.50 3.67 5.25 1.00 0.00
0.50 3.67 5.42 1.00 0.00
0.50 3.67 5.59 1.00 0.00
0.50 3.67 5.77 1.00 0.00
0.50 3.67 5.94 1.00 0.00
0.50 3.67 6.12 1.00 0.00
0.50 3.67 6.29 1.00 0.00
0.50 3.67 6.47 1.00 0.00
0.50 3.67 6.64 1.00 0.00
0.50 3.67 6.82 1.00 0.00
0.50 3.67 6.99 1.00 0.00
0.50 3.67 7.17 1.00 0.00
0.50 3.67 7.34 1.00 0.00
0.50 3.67 7.51 1.00 0.00
0.70 3.67 4.53 1.00 0.00
0.70 3.67 4.70 1.00 0.00
0.70 3.67 4.88 1.00 0.00
0.70 3.67 5.05 1.00 0.00
0.70 3.67 5.22 1.00 0.00
0.70 3.67 5.40 1.00 0.00
0.70 3.67 5.57 1.00 0.00
0.70 3.67 5.75 1.00 0.00
0.70 3.67 5.92 1.00 0.00
0.70 3.67 6.10 1.00 0.00
0.70 3.67 6.27 1.00 0.00
0.70 3.67 6.45 1.00 0.00
0.70 3.67 6.62 1.00 0.00
0.70 3.67 6.80 1.00 0.00
0.70 3.67 6.97 1.00 0.00
0.70 3.67 7.14 1.00 0.00
0.70 3.67 7.32 1.00 0.00
0.70 3.67 7.49 1.00 0.00
0.90 3.67 4.51 1.00 0.00
0.90 3.67 4.68 1.00 0.00
0.90 3.67 4.86 1.00 0.00
0.90 3.67 5.03 1.00 0.00
0.90 3.67 5.21 1.00 0.00
0.90 3.67 5.38 1.00 0.00
0.90 3.67 5.55 1.00 0.00
0.90 3.67 5.73 1.00 0.00
0.90 3.67 5.90 1.00 0.00
0.90 3.67 6.08 1.00 0.00
0.90 3.67 6.25 1.00 0.00
0.90 3.67 6.43 1.00 0.00
0.90 3.67 6.60 1.00 0.00
0.90 3.67 6.78 1.00 0.00
0.90 3.67 6.95 1.00 0.00
0.90 3.67 7.13 1.00 0.00
0.90 3.67 7.30 1.00 0.00
0.90 3.67 7.47 1.00 0.00
1.10 3.67 4.49 1.00 0.00
1.10 3.67 4.67 1.00 0.00
1.10 3.67 4.84 1.00 0.00
1.10 3.67 5.01 1.00 0.00
1.10 3.67 5.19 1.00 0.00
1.10 3.67 5.36 1.00 0.00
1.10 3.67 5.54 1.00 0.00
1.10 3.67 5.71 1.00 0.00
1.10 3.67 5.89 1.00 0.00
1.10 3.67 6.06 1.00 0.00
1.10 3.67 6.24 1.00 0.00
1.10 3.67 6.41 1.00 0.00
1.10 3.67 6.59 1.00 0.00
1.10 3.67 6.76 1.00 0.00
1.10 3.67 6.93 1.00 0.00
1.10 3.67 7.11 1.00 0.00
1.10 3.67 7.28 1.00 0.00
1.10 3.67 7.46 1.00 0.00
0.30 3.84 4.56 1.00 0.00
0.30 3.84 4.73 1.00 0.00
0.30 3.84 4.90 1.00 0.00
0.30 3.84 5.08 1.00 0.00
0.30 3.84 5.25 1.00 0.00
0.30 3.84 5.43 1.00 0.00
0.30 3.84 5.60 1.00 0.00
0.30 3.84 5.78 1.00 0.00
0.30 3.84 5.95 1.00 0.00
0.30 3.84 6.13 1.00 0.00
0.30 3.84 6.30 1.00 0.00
0.30 3.84 6.48 1.00 0.00
0.30 3.84 6.65 1.00 0.00
0.30 3.84 6.82 1.00 0.00
0.30 3.84 7.00 1.00 0.00
0.30 3.84 7.17 1.00 0.00
0.30 3.84 7.35 1.00 0.00
0.30 3.84 7.52 1.00 0.00
0.50 3.84 4.52 1.00 0.00
0.50 3.84 4.70 1.00 0.00
0.50 3.84 4.87 1.00 0.00
0.50 3.84 5.05 1.00 0.00
0.50 3.84 5.22 1.00 0.00
0.50 3.84 5.39 1.00 0.00
0.50 3.84 5.57 1.00 0.00
0.50 3.84 5.74 1.00 0.00
0.50 3.84 5.92 1.00 0.00
0.50 3.84 6.09 1.00 0.00
0.50 3.84 6.27 1.00 0.00
0.50 3.84 6.44 1.00 0.00
0.50 3.84 6.62 1.00 0.00
0.50 3.84 6.79 1.00 0.00
0.50 3.84 6.97 1.00 0.00
0.50 3.84 7.14 1.00 0.00
0.50 3.84 7.31 1.00 0.00
0.50 3.84 7.49 1.00 0.00
0.70 3.84 4.49 1.00 0.00
0.70 3.84 4.67 1.00 0.00
0.70 3.84 4.84 1.00 0.00
0.70 3.84 5.02 1.00 0.00
0.70 3.84 5.19 1.00 0.00
0.70 3.84 5.37 1.00 0.00
0.70 3.84 5.54 1.00 0.00
0.70 3.84 5.71 1.00 0.00
0.70 3.84 5.89 1.00 0.00
0.70 3.84 6.06 1.00 0.00
0.70 3.84 6.24 1.00 0.00
0.70 3.84 6.41 1.00 0.00
0.70 3.84 6.59 1.00 0.00
0.70 3.84 6.76 1.00 0.00
0.70 3.84 6.94 1.00 0.00
0.70 3.84 7.11 1.00 0.00
0.70 3.84 7.29 1.00 0.00
0.70 3.84 7.46 1.00 0.00
0.90 3.84 4.47 1.00 0.00
0.90 3.84 4.64 1.00 0.00
0.90 3.84 4.82 1.00 0.00
0.90 3.84 4.99 1.00 0.00
0.90 3.84 5.16 1.00 0.00
0.90 3.84 5.34 1.00 0.00
0.90 3.84 5.51 1.00 0.00
0.90 3.84 5.69 1.00 0.00
0.90 3.84 5.86 1.00 0.00
0.90 3.84 6.04 1.00 0.00
0.90 3.84 6.21 1.00 0.00
0.90 3.84 6.39 1.00 0.00
0.90 3.84 6.56 1.00 0.00
0.90 3.84 6.73 1.00 0.00
0.90 3.84 6.91 1.00 0.00
0.90 3.84 7.08 1.00 0.00
0.90 3.84 7.26 1.00 0.00
0.90 3.84 7.43 1.00 0.00
1.10 3.84 4.44 1.00 0.00
1.10 3.84 4.62 1.00 0.00
1.10 3.84 4.79 1.00 0.00
1.10 3.84 4.97 1.00 0.00
1.10 3.84 5.14 1.00 0.00
1.10 3.84 5.31 1.00 0.00
1.10 3.84 5.49 1.00 0.00
1.10 3.84 5.66 1.00 0.00
1.10 3.84 5.84 1.00 0.00
1.10 3.84 6.01 1.00 0.00
1.10 3.84 6.19 1.00 0.00
1.10 3.84 6.36 1.00 0.00
1.10 3.84 6.54 1.00 0.00
1.10 3.84 6.71 1.00 0.00
1.10 3.84 6.89 1.00 0.00
1.10 3.84 7.06 1.00 0.00
1.10 3.84 7.23 1.00 0.00
1.10 3.84 7.41 1.00 0.00
0.30 4.01 4.54 1.00 0.00
0.30 4.01 4.72 1.00 0.00
0.30 4.01 4.89 1.00 0.00
0.30 4.01 5.06 1.00 0.00
0.30 4.01 5.24 1.00 0.00
0.30 4.01 5.41 1.00 0.00
0.30 4.01 5.59 1.00 0.00
0.30 4.01 5.76 1.00 0.00
0.30 4.01 5.94 1.00 0.00
0.30 4.01 6.11 1.00 0.00
0.30 4.01 6.29 1.00 0.00
0.30 4.01 6.46 1.00 0.00
0.30 4.01 6.64 1.00 0.00
0.30 4.01 6.81 1.00 0.00
0.30 4.01 6.98 1.00 0.00
0.30 4.01 7.16 1.00 0.00
0.30 4.01 7.33 1.00 0.00
0.30 4.01 7.51 1.00 0.00
0.50 4.01 4.50 1.00 0.00
0.50 4.01 4.67 1.00 0.00
0.50 4.01 4.85 1.00 0.00
0.50 4.01 5.02 1.00 0.00
0.50 4.01 5.20 1.00 0.00
0.50 4.01 5.37 1.00 0.00
0.50 4.01 5.55 1.00 0.00
0.50 4.01 5.72 1.00 0.00
0.50 4.01 5.89 1.00 0.00
0.50 4.01 6.07 1.00 0.00
0.50 4.01 6.24 1.00 0.00
0.50 4.01 6.42 1.00 0.00
0.50 4.01 6.59 1.00 0.00
0.50 4.01 6.77 1.00 0.00
0.50 4.01 6.94 1.00 0.00
0.50 4.01 7.12 1.00 0.00
0.50 4.01 7.29 1.00 0.00
0.50 4.01 7.47 1.00 0.00
0.70 4.01 4.46 1.00 0.00
0.70 4.01 4.64 1.00 0.00
0.70 4.01 4.81 1.00 0.00
0.70 4.01 4.98 1.00 0.00
0.70 4.01 5.16 1.00 0.00
0.70 4.01 5.33 1.00 0.00
0.70 4.01 5.51 1.00 0.00
0.70 4.01 5.68 1.00 0.00
0.70 4.01 5.86 1.00 0.00
0.70 4.01 6.03 1.00 0.00
0.70 4.01 6.21 1.00 0.00
0.70 4.01 6.38 1.00 0.00
0.70 4.01 6.56 1.00 0.00
0.70 4.01 6.73 1.00 0.00
0.70 4.01 6.90 1.00 0.00
0.70 4.01 7.08 1.00 0.00
0.70 4.01 7.25 1.00 0.00
0.70 4.01 7.43 1.00 0.00
0.90 4.01 4.43 1.00 0.00
0.90 4.01 4.60 1.00 0.00
0.90 4.01 4.78 1.00 0.00
0.90 4.01 4.95 1.00 0.00
0.90 4.01 5.12 1.00 0.00
0.90 4.01 5.30 1.00 0.00
0.90 4.01 5.47 1.00 0.00
0.90 4.01 5.65 1.00 0.00
0.90 4.01 5.82 1.00 0.00
0.90 4.01 6.00 1.00 0.00
0.90 4.01 6.17 1.00 0.00
0.90 4.01 6.35 1.00 0.00
0.90 4.01 6.52 1.00 0.00
0.90 4.01 6.70 1.00 0.00
0.90 4.01 6.87 1.00 0.00
0.90 4.01 7.04 1.00 0.00
0.90 4.01 7.22 1.00 0.00
0.90 4.01 7.39 1.00 0.00
1.10 4.01 4.40 1.00 0.00
1.10 4.01 4.57 1.00 0.00
1.10 4.01 4.74 1.00 0.00
1.10 4.01 4.92 1.00 0.00
1.10 4.01 5.09 1.00 0.00
1.10 4.01 5.27 1.00 0.00
1.10 4.01 5.44 1.00 0.00
1.10 4.01 5.62 1.00 0.00
1.10 4.01 5.79 1.00 0.00
1.10 4.01 5.97 1.00 0.00
1.10 4.01 6.14 1.00 0.00
1.10 4.01 6.31 1.00 0.00
1.10 4.01 6.49 1.00 0.00
1.10 4.01 6.66 1.00 0.00
1.10 4.01 6.84 1.00 0.00
1.10 4.01 7.01 1.00 0.00
1.10 4.01 7.19 1.00 0.00
1.10 4.01 7.36 1.00 0.00
0.30 4.19 4.53 1.00 0.00
0.30 4.19 4.70 1.00 0.00
0.30 4.19 4.88 1.00 0.00
0.30 4.19 5.05 1.00 0.00
0.30 4.19 5.23 1.00 0.00
0.30 4.19 5.40 1.00 0.00
0.30 4.19 5.58 1.00 0.00
0.30 4.19 5.75 1.00 0.00
0.30 4.19 5.92 1.00 0.00
0.30 4.19 6.10 1.00 0.00
0.30 4.19 6.27 1.00 0.00
0.30 4.19 6.45 1.00 0.00
0.30 4.19 6.62 1.00 0.00
0.30 4.19 6.80 1.00 0.00
0.30 4.19 6.97 1.00 0.00
0.30 4.19 7.15 1.00 0.00
0.30 4.19 7.32 1.00 0.00
0.30 4.19 7.50 1.00 0.00
0.50 4.19 4.48 1.00 0.00
0.50 4.19 4.65 1.00 0.00
0.50 4.19 4.83 1.00 0.00
0.50 4.19 5.00 1.00 0.00
0.50 4.19 5.18 1.00 0.00
0.50 4.19 5.35 1.00 0.00
0.50 4.19 5.52 1.00 0.00
0.50 4.19 5.70 1.00 0.00
0.50 4.19 5.87 1.00 0.00
0.50 4.19 6.05 1.00 0.00
0.50 4.19 6.22 1.00 0.00
0.50 4.19 6.40 1.00 0.00
0.50 4.19 6.57 1.00 0.00
0.50 4.19 6.75 1.00 0.00
0.50 4.19 6.92 1.00 0.00
0.50 4.19 7.10 1.00 0.00
0.50 4.19 7.27 1.00 0.00
0.50 4.19 7.44 1.00 0.00
0.70 4.19 4.43 1.00 0.00
0.70 4.19 4.61 1.00 0.00
0.70 4.19 4.78 1.00 0.00
0.70 4.19 4.95 1.00 0.00
0.70 4.19 5.13 1.00 0.00
0.70 4.19 5.30 1.00 0.00
0.70 4.19 5.48 1.00 0.00
0.70 4.19 5.65 1.00 0.00
0.70 4.19 5.83 1.00 0.00
0.70 4.19 6.00 1.00 0.00
0.70 4.19 6.18 1.00 0.00
0.70 4.19 6.35 1.00 0.00
0.70 4.19 6.53 1.00 0.00
0.70 4.19 6.70 1.00 0.00
0.70 4.19 6.87 1.00 0.00
0.70 4.19 7.05 1.00 0.00
0.70 4.19 7.22 1.00 0.00
0.70 4.19 7.40 1.00 0.00
0.90 4.19 4.39 1.00 0.00
0.90 4.19 4.56 1.00 0.00
0.90 4.19 4.74 1.00 0.00
0.90 4.19 4.91 1.00 0.00
0.90 4.19 5.09 1.00 0.00
0.90 4.19 5.26 1.00 0.00
0.90 4.19 5.44 1.00 0.00
0.90 4.19 5.61 1.00 0.00
0.90 4.19 5.79 1.00 0.00
0.90 4.19 5.96 1.00 0.00
0.90 4.19 6.13 1.00 0.00
0.90 4.19 6.31 1.00 0.00
0.90 4.19 6.48 1.00 0.00
0.90 4.19 6.66 1.00 0.00
0.90 4.19 6.83 1.00 0.00
0.90 4.19 7.01 1.00 0.00
0.90 4.19 7.18 1.00 0.00
0.90 4.19 7.36 1.00 0.00
1.10 4.19 4.35 1.00 0.00
1.10 4.19 4.53 1.00 0.00
1.10 4.19 4.70 1.00 0.00
1.10 4.19 4.87 1.00 0.00
1.10 4.19 5.05 1.00 0.00
1.10 4.19 5.22 1.00 0.00
1.10 4.19 5.40 1.00 0.00
1.10 4.19 5.57 1.00 0.00
1.10 4.19 5.75 1.00 0.00
1.10 4.19 5.92 1.00 0.00
1.10 4.19 6.10 1.00 0.00
1.10 4.19 6.27 1.00 0.00
1.10 4.19 6.44 1.00 0.00
1.10 4.19 6.62 1.00 0.00
1.10 4.19 6.79 1.00 0.00
1.10 4.19 6.97 1.00 0.00
1.10 4.19 7.14 1.00 0.00
1.10 4.19 7.32 1.00 0.00
0.30 4.36 4.52 1.00 0.00
0.30 4.36 4.69 1.00 0.00
0.30 4.36 4.87 1.00 0.00
0.30 4.36 5.04 1.00 0.00
0.30 4.36 5.22 1.00 0.00
0.30 4.36 5.39 1.00 0.00
0.30 4.36 5.56 1.00 0.00
0.30 4.36 5.74 1.00 0.00
0.30 4.36 5.91 1.00 0.00
0.30 4.36 6.09 1.00 0.00
0.30 4.36 6.26 1.00 0.00
0.30 4.36 6.44 1.00 0.00
0.30 4.36 6.61 1.00 0.00
0.30 4.36 6.79 1.00 0.00
0.30 4.36 6.96 1.00 0.00
0.30 4.36 7.14 1.00 0.00
0.30 4.36 7.31 1.00 0.00
0.30 4.36 7.48 1.00 0.00
0.50 4.36 4.46 1.00 0.00
0.50 4.36 4.63 1.00 0.00
0.50 4.36 4.81 1.00 0.00
0.50 4.36 4.98 1.00 0.00
0.50 4.36 5.16 1.00 0.00
0.50 4.36 5.33 1.00 0.00
0.50 4.36 5.51 1.00 0.00
0.50 4.36 5.68 1.00 0.00
0.50 4.36 5.86 1.00 0.00
0.50 4.36 6.03 1.00 0.00
0.50 4.36 6.20 1.00 0.00
0.50 4.36 6.38 1.00 0.00
0.50 4.36 6.55 1.00 0.00
0.50 4.36 6.73 1.00 0.00
0.50 4.36 6.90 1.00 0.00
0.50 4.36 7.08 1.00 0.00
0.50 4.36 7.25 1.00 0.00
0.50 4.36 7.43 1.00 0.00
0.70 4.36 4.40 1.00 0.00
0.70 4.36 4.58 1.00 0.00
0.70 4.36 4.75 1.00 0.00
0.70 4.36 4.93 1.00 0.00
0.70 4.36 5.10 1.00 0.00
0.70 4.36 5.28 1.00 0.00
0.70 4.36 5.45 1.00 0.00
0.70 4.36 5.63 1.00 0.00
0.70 4.36 5.80 1.00 0.00
0.70 4.36 5.98 1.00 0.00
0.70 4.36 6.15 1.00 0.00
0.70 4.36 6.32 1.00 0.00
0.70 4.36 6.50 1.00 0.00
0.70 4.36 6.67 1.00 0.00
0.70 4.36 6.85 1.00 0.00
0.70 4.36 7.02 1.00 0.00
0.70 4.36 7.20 1.00 0.00
0.70 4.36 7.37 1.00 0.00
0.90 4.36 4.35 1.00 0.00
0.90 4.36 4.53 1.00 0.00
0.90 4.36 4.70 1.00 0.00
0.90 4.36 4.88 1.00 0.00
0.90 4.36 5.05 1.00 0.00
0.90 4.36 5.23 1.00 0.00
0.90 4.36 5.40 1.00 0.00
0.90 4.36 5.58 1.00 0.00
0.90 4.36 5.75 1.00 0.00
0.90 4.36 5.93 1.00 0.00
0.90 4.36 6.10 1.00 0.00
0.90 4.36 6.27 1.00 0.00
0.90 4.36 6.45 1.00 0.00
0.90 4.36 6.62 1.00 0.00
0.90 4.36 6.80 1.00 0.00
0.90 4.36 6.97 1.00 0.00
0.90 4.36 7.15 1.00 0.00
0.90 4.36 7.32 1.00 0.00
1.10 4.36 4.31 1.00 0.00
1.10 4.36 4.48 1.00 0.00
1.10 4.36 4.66 1.00 0.00
1.10 4.36 4.83 1.00 0.00
1.10 4.36 5.01 1.00 0.00
1.10 4.36 5.18 1.00 0.00
1.10 4.36 5.36 1.00 0.00
1.10 4.36 5.53 1.00 0.00
1.10 4.36 5.71 1.00 0.00
1.10 4.36 5.88 1.00 0.00
1.10 4.36 6.05 1.00 0.00
1.10 4.36 6.23 1.00 0.00
1.10 4.36 6.40 1.00 0.00
1.10 4.36 6.58 1.00 0.00
1.10 4.36 6.75 1.00 0.00
1.10 4.36 6.93 1.00 0.00
1.10 4.36 7.10 1.00 0.00
1.10 4.36 7.28 1.00 0.00
0.30 4.54 4.51 1.00 0.00
0.30 4.54 4.68 1.00 0.00
0.30 4.54 4.86 1.00 0.00
0.30 4.54 5.03 1.00 0.00
0.30 4.54 5.21 1.00 0.00
0.30 4.54 5.38 1.00 0.00
0.30 4.54 5.56 1.00 0.00
0.30 4.54 5.73 1.00 0.00
0.30 4.54 5.91 1.00 0.00
0.30 4.54 6.08 1.00 0.00
0.30 4.54 6.25 1.00 0.00
0.30 4.54 6.43 1.00 0.00
0.30 4.54 6.60 1.00 0.00
0.30 4.54 6.78 1.00 0.00
0.30 4.54 6.95 1.00 0.00
0.30 4.54 7.13 1.00 0.00
0.30 4.54 7.30 1.00 0.00
0.30 4.54 7.48 1.00 0.00
0.50 4.54 4.44 1.00 0.00
0.50 4.54 4.62 1.00 0.00
0.50 4.54 4.79 1.00 0.00
0.50 4.54 4.97 1.00 0.00
0.50 4.54 5.14 1.00 0.00
0.50 4.54 5.32 1.00 0.00
0.50 4.54 5.49 1.00 0.00
0.50 4.54 5.67 1.00 0.00
0.50 4.54 5.84 1.00 0.00
0.50 4.54 6.01 1.00 0.00
0.50 4.54 6.19 1.00 0.00
0.50 4.54 6.36 1.00 0.00
0.50 4.54 6.54 1.00 0.00
0.50 4.54 6.71 1.00 0.00
0.50 4.54 6.89 1.00 0.00
0.50 4.54 7.06 1.00 0.00
0.50 4.54 7.24 1.00 0.00
0.50 4.54 7.41 1.00 0.00
0.70 4.54 4.38 1.00 0.00
0.70 4.54 4.56 1.00 0.00
0.70 4.54 4.73 1.00 0.00
0.70 4.54 4.91 1.00 0.00
0.70 4.54 5.08 1.00 0.00
0.70 4.54 5.26 1.00 0.00
0.70 4.54 5.43 1.00 0.00
0.70 4.54 5.60 1.00 0.00
0.70 4.54 5.78 1.00 0.00
0.70 4.54 5.95 1.00 0.00
0.70 4.54 6.13 1.00 0.00
0.70 4.54 6.30 1.00 0.00
0.70 4.54 6.48 1.00 0.00
0.70 4.54 6.65 1.00 0.00
0.70 4.54 6.83 1.00 0.00
0.70 4.54 7.00 1.00 0.00
0.70 4.54 7.18 1.00 0.00
0.70 4.54 7.35 1.00 0.00
0.90 4.54 4.33 1.00 0.00
0.90 4.54 4.50 1.00 0.00
0.90 4.54 4.67 1.00 0.00
0.90 4.54 4.85 1.00 0.00
0.90 4.54 5.02 1.00 0.00
0.90 4.54 5.20 1.00 0.00
0.90 4.54 5.37 1.00 0.00
0.90 4.54 5.55 1.00 0.00
0.90 4.54 5.72 1.00 0.00
0.90 4.54 5.90 1.00 0.00
0.90 4.54 6.07 1.00 0.00
0.90 4.54 6.24 1.00 0.00
0.90 4.54 6.42 1.00 0.00
0.90 4.54 6.59 1.00 0.00
0.90 4.54 6.77 1.00 0.00
0.90 4.54 6.94 1.00 0.00
0.90 4.54 7.12 1.00 0.00
0.90 4.54 7.29 1.00 0.00
1.10 4.54 4.27 1.00 0.00
1.10 4.54 4.45 1.00 0.00
1.10 4.54 4.62 1.00 0.00
1.10 4.54 4.80 1.00 0.00
1.10 4.54 4.97 1.00 0.00
1.10 4.54 5.14 1.00 0.00
1.10 4.54 5.32 1.00 0.00
1.10 4.54 5.49 1.00 0.00
1.10 4.54 5.67 1.00 0.00
1.10 4.54 5.84 1.00 0.00
1.10 4.54 6.02 1.00 0.00
1.10 4.54 6.19 1.00 0.00
1.10 4.54 6.37 1.00 0.00
1.10 4.54 6.54 1.00 0.00
1.10 4.54 6.72 1.00 0.00
1.10 4.54 6.89 1.00 0.00
1.10 4.54 7.06 1.00 0.00
1.10 4.54 7.24 1.00 0.00
0.30 4.71 4.50 1.00 0.00
0.30 4.71 4.68 1.00 0.00
0.30 4.71 4.85 1.00 0.00
0.30 4.71 5.03 1.00 0.00
0.30 4.71 5.20 1.00 0.00
0.30 4.71 5.38 1.00 0.00
0.30 4.71 5.55 1.00 0.00
0.30 4.71 5.73 1.00 0.00
0.30 4.71 5.90 1.00 0.00
0.30 4.71 6.07 1.00 0.00
0.30 4.71 6.25 1.00 0.00
0.30 4.71 6.42 1.00 0.00
0.30 4.71 6.60 1.00 0.00
0.30 4.71 6.77 1.00 0.00
0.30 4.71 6.95 1.00 0.00
0.30 4.71 7.12 1.00 0.00
0.30 4.71 7.30 1.00 0.00
0.30 4.71 7.47 1.00 0.00
0.50 4.71 4.43 1.00 0.00
0.50 4.71 4.61 1.00 0.00
0.50 4.71 4.78 1.00 0.00
0.50 4.71 4.96 1.00 0.00
0.50 4.71 5.13 1.00 0.00
0.50 4.71 5.31 1.00 0.00
0.50 4.71 5.48 1.00 0.00
0.50 4.71 5.65 1.00 0.00
0.50 4.71 5.83 1.00 0.00
0.50 4.71 6.00 1.00 0.00
0.50 4.71 6.18 1.00 0.00
0.50 4.71 6.35 1.00 0.00
0.50 4.71 6.53 1.00 0.00
0.50 4.71 6.70 1.00 0.00
0.50 4.71 6.88 1.00 0.00
0.50 4.71 7.05 1.00 0.00
0.50 4.71 7.23 1.00 0.00
0.50 4.71 7.40 1.00 0.00
0.70 4.71 4.37 1.00 0.00
0.70 4.71 4.54 1.00 0.00
0.70 4.71 4.71 1.00 0.00
0.70 4.71 4.89 1.00 0.00
0.70 4.71 5.06 1.00 0.00
0.70 4.71 5.24 1.00 0.00
0.70 4.71 5.41 1.00 0.00
0.70 4.71 5.59 1.00 0.00
0.70 4.71 5.76 1.00 0.00
0.70 4.71 5.94 1.00 0.00
0.70 4.71 6.11 1.00 0.00
0.70 4.71 6.28 1.00 0.00
0.70 4.71 6.46 1.00 0.00
0.70 4.71 6.63 1.00 0.00
0.70 4.71 6.81 1.00 0.00
0.70 4.71 6.98 1.00 0.00
0.70 4.71 7.16 1.00 0.00
0.70 4.71 7.33 1.00 0.00
0.90 4.71 4.30 1.00 0.00
0.90 4.71 4.48 1.00 0.00
0.90 4.71 4.65 1.00 0.00
0.90 4.71 4.82 1.00 0.00
0.90 4.71 5.00 1.00 0.00
0.90 4.71 5.17 1.00 0.00
0.90 4.71 5.35 1.00 0.00
0.90 4.71 5.52 1.00 0.00
0.90 4.71 5.70 1.00 0.00
0.90 4.71 5.87 1.00 0.00
0.90 4.71 6.05 1.00 0.00
0.90 4.71 6.22 1.00 0.00
0.90 4.71 6.39 1.00 0.00
0.90 4.71 6.57 1.00 0.00
0.90 4.71 6.74 1.00 0.00
0.90 4.71 6.92 1.00 0.00
0.90 4.71 7.09 1.00 0.00
0.90 4.71 7.27 1.00 0.00
1.10 4.71 4.24 1.00 0.00
1.10 4.71 4.41 1.00 0.00
1.10 4.71 4.59 1.00 0.00
1.10 4.71 4.76 1.00 0.00
1.10 4.71 4.94 1.00 0.00
1.10 4.71 5.11 1.00 0.00
1.10 4.71 5.29 1.00 0.00
1.10 4.71 5.46 1.00 0.00
1.10 4.71 5.64 1.00 0.00
1.10 4.71 5.81 1.00 0.00
1.10 4.71 5.98 1.00 0.00
1.10 4.71 6.16 1.00 0.00
1.10 4.71 6.33 1.00 0.00
1.10 4.71 6.51 1.00 0.00
1.10 4.71 6.68 1.00 0.00
1.10 4.71 6.86 1.00 0.00
1.10 4.71 7.03 1.00 0.00
1.10 4.71 7.21 1.00 0.00
0.30 4.89 4.50 1.00 0.00
0.30 4.89 4.68 1.00 0.00
0.30 4.89 4.85 1.00 0.00
0.30 4.89 5.02 1.00 0.00
0.30 4.89 5.20 1.00 0.00
0.30 4.89 5.37 1.00 0.00
0.30 4.89 5.55 1.00 0.00
0.30 4.89 5.72 1.00 0.00
0.30 4.89 5.90 1.00 0.00
0.30 4.89 6.07 1.00 0.00
0.30 4.89 6.25 1.00 0.00
0.30 4.89 6.42 1.00 0.00
0.30 4.89 6.60 1.00 0.00
0.30 4.89 6.77 1.00 0.00
0.30 4.89 6.94 1.00 0.00
0.30 4.89 7.12 1.00 0.00
0.30 4.89 7.29 1.00 0.00
0.30 4.89 7.47 1.00 0.00
0.50 4.89 4.43 1.00 0.00
0.50 4.89 4.60 1.00 0.00
0.50 4.89 4.78 1.00 0.00
0.50 4.89 4.95 1.00 0.00
0.50 4.89 5.12 1.00 0.00
0.50 4.89 5.30 1.00 0.00
0.50 4.89 5.47 1.00 0.00
0.50 4.89 5.65 1.00 0.00
0.50 4.89 5.82 1.00 0.00
0.50 4.89 6.00 1.00 0.00
0.50 4.89 6.17 1.00 0.00
0.50 4.89 6.35 1.00 0.00
0.50 4.89 6.52 1.00 0.00
0.50 4.89 6.70 1.00 0.00
0.50 4.89 6.87 1.00 0.00
0.50 4.89 7.04 1.00 0.00
0.50 4.89 7.22 1.00 0.00
0.50 4.89 7.39 1.00 0.00
0.70 4.89 4.35 1.00 0.00
0.70 4.89 4.53 1.00 0.00
0.70 4.89 4.70 1.00 0.00
0.70 4.89 4.88 1.00 0.00
0.70 4.89 5.05 1.00 0.00
0.70 4.89 5.23 1.00 0.00
0.70 4.89 5.40 1.00 0.00
0.70 4.89 5.58 1.00 0.00
0.70 4.89 5.75 1.00 0.00
0.70 4.89 5.92 1.00 0.00
0.70 4.89 6.10 1.00 0.00
0.70 4.89 6.27 1.00 0.00
0.70 4.89 6.45 1.00 0.00
0.70 4.89 6.62 1.00 0.00
0.70 4.89 6.80 1.00 0.00
0.70 4.89 6.97 1.00 0.00
0.70 4.89 7.15 1.00 0.00
0.70 4.89 7.32 1.00 0.00
0.90 4.89 4.28 1.00 0.00
0.90 4.89 4.46 1.00 0.00
0.90 4.89 4.63 1.00 0.00
0.90 4.89 4.81 1.00 0.00
0.90 4.89 4.98 1.00 0.00
0.90 4.89 5.16 1.00 0.00
0.90 4.89 5.33 1.00 0.00
0.90 4.89 5.50 1.00 0.00
0.90 4.89 5.68 1.00 0.00
0.90 4.89 5.85 1.00 0.00
0.90 4.89 6.03 1.00 0.00
0.90 4.89 6.20 1.00 0.00
0.90 4.89 6.38 1.00 0.00
0.90 4.89 6.55 1.00 0.00
0.90 4.89 6.73 1.00 0.00
0.90 4.89 6.90 1.00 0.00
0.90 4.89 7.07 1.00 0.00
0.90 4.89 7.25 1.00 0.00
1.10 4.89 4.21 1.00 0.00
1.10 4.89 4.39 1.00 0.00
1.10 4.89 4.56 1.00 0.00
1.10 4.89 4.74 1.00 0.00
1.10 4.89 4.91 1.00 0.00
1.10 4.89 5.09 1.00 0.00
1.10 4.89 5.26 1.00 0.00
1.10 4.89 5.44 1.00 0.00
1.10 4.89 5.61 1.00 0.00
1.10 4.89 5.78 1.00 0.00
1.10 4.89 5.96 1.00 0.00
1.10 4.89 6.13 1.00 0.00
1.10 4.89 6.31 1.00 0.00
1.10 4.89 6.48 1.00 0.00
1.10 4.89 6.66 1.00 0.00
1.10 4.89 6.83 1.00 0.00
1.10 4.89 7.01 1.00 0.00
1.10 4.89 7.18 1.00 0.00
0.30 5.06 4.50 1.00 0.00
0.30 5.06 4.68 1.00 0.00
0.30 5.06 4.85 1.00 0.00
0.30 5.06 5.03 1.00 0.00
0.30 5.06 5.20 1.00 0.00
0.30 5.06 5.37 1.00 0.00
0.30 5.06 5.55 1.00 0.00
0.30 5.06 5.72 1.00 0.00
0.30 5.06 5.90 1.00 0.00
0.30 5.06 6.07 1.00 0.00
0.30 5.06 6.25 1.00 0.00
0.30 5.06 6.42 1.00 0.00
0.30 5.06 6.60 1.00 0.00
0.30 5.06 6.77 1.00 0.00
0.30 5.06 6.95 1.00 0.00
0.30 5.06 7.12 1.00 0.00
0.30 5.06 7.29 1.00 0.00
0.30 5.06 7.47 1.00 0.00
0.50 5.06 4.43 1.00 0.00
0.50 5.06 4.60 1.00 0.00
0.50 5.06 4.77 1.00 0.00
0.50 5.06 4.95 1.00 0.00
0.50 5.06 5.12 1.00 0.00
0.50 5.06 5.30 1.00 0.00
0.50 5.06 5.47 1.00 0.00
0.50 5.06 5.65 1.00 0.00
0.50 5.06 5.82 1.00 0.00
0.50 5.06 6.00 1.00 0.00
0.50 5.06 6.17 1.00 0.00
0.50 5.06 6.35 1.00 0.00
0.50 5.06 6.52 1.00 0.00
0.50 5.06 6.69 1.00 0.00
0.50 5.06 6.87 1.00 0.00
0.50 5.06 7.04 1.00 0.00
0.50 5.06 7.22 1.00 0.00
0.50 5.06 7.39 1.00 0.00
0.70 5.06 4.35 1.00 0.00
0.70 5.06 4.52 1.00 0.00
0.70 5.06 4.70 1.00 0.00
0.70 5.06 4.87 1.00 0.00
0.70 5.06 5.05 1.00 0.00
0.70 5.06 5.22 1.00 0.00
0.70 5.06 5.40 1.00 0.00
0.70 5.06 5.57 1.00 0.00
0.70 5.06 5.75 1.00 0.00
0.70 5.06 5.92 1.00 0.00
0.70 5.06 6.09 1.00 0.00
0.70 5.06 6.27 1.00 0.00
0.70 5.06 6.44 1.00 0.00
0.70 5.06 6.62 1.00 0.00
0.70 5.06 6.79 1.00 0.00
0.70 5.06 6.97 1.00 0.00
0.70 5.06 7.14 1.00 0.00
0.70 5.06 7.32 1.00 0.00
0.90 5.06 4.27 1.00 0.00
0.90 5.06 4.45 1.00 0.00
0.90 5.06 4.62 1.00 0.00
0.90 5.06 4.80 1.00 0.00
0.90 5.06 4.97 1.00 0.00
0.90 5.06 5.14 1.00 0.00
0.90 5.06 5.32 1.00 0.00
0.90 5.06 5.49 1.00 0.00
0.90 5.06 5.67 1.00 0.00
0.90 5.06 5.84 1.00 0.00
0.90 5.06 6.02 1.00 0.00
0.90 5.06 6.19 1.00 0.00
0.90 5.06 6.37 1.00 0.00
0.90 5.06 6.54 1.00 0.00
0.90 5.06 6.72 1.00 0.00
0.90 5.06 6.89 1.00 0.00
0.90 5.06 7.06 1.00 0.00
0.90 5.06 7.24 1.00 0.00
1.10 5.06 4.20 1.00 0.00
1.10 5.06 4.37 1.00 0.00
1.10 5.06 4.55 1.00 0.00
1.10 5.06 4.72 1.00 0.00
1.10 5.06 4.89 1.00 0.00
1.10 5.06 5.07 1.00 0.00
1.10 5.06 5.24 1.00 0.00
1.10 5.06 5.42 1.00 0.00
1.10 5.06 5.59 1.00 0.00
1.10 5.06 5.77 1.00 0.00
1.10 5.06 5.94 1.00 0.00
1.10 5.06 6.12 1.00 0.00
1.10 5.06 6.29 1.00 0.00
1.10 5.06 6.47 1.00 0.00
1.10 5.06 6.64 1.00 0.00
1.10 5.06 6.81 1.00 0.00
1.10 5.06 6.99 1.00 0.00
1.10 5.06 7.16 1.00 0.00
0.30 5.24 4.51 1.00 0.00
0.30 5.24 4.68 1.00 0.00
0.30 5.24 4.86 1.00 0.00
0.30 5.24 5.03 1.00 0.00
0.30 5.24 5.20 1.00 0.00
0.30 5.24 5.38 1.00 0.00
0.30 5.24 5.55 1.00 0.00
0.30 5.24 5.73 1.00 0.00
0.30 5.24 5.90 1.00 0.00
0.30 5.24 6.08 1.00 0.00
0.30 5.24 6.25 1.00 0.00
0.30 5.24 6.43 1.00 0.00
0.30 5.24 6.60 1.00 0.00
0.30 5.24 6.78 1.00 0.00
0.30 5.24 6.95 1.00 0.00
0.30 5.24 7.12 1.00 0.00
0.30 5.24 7.30 1.00 0.00
0.30 5.24 7.47 1.00 0.00
0.50 5.24 4.43 1.00 0.00
0.50 5.24 4.61 1.00 0.00
0.50 5.24 4.78 1.00 0.00
0.50 5.24 4.95 1.00 0.00
0.50 5.24 5.13 1.00 0.00
0.50 5.24 5.30 1.00 0.00
0.50 5.24 5.48 1.00 0.00
0.50 5.24 5.65 1.00 0.00
0.50 5.24 5.83 1.00 0.00
0.50 5.24 6.00 1.00 0.00
0.50 5.24 6.18 1.00 0.00
0.50 5.24 6.35 1.00 0.00
0.50 5.24 6.53 1.00 0.00
0.50 5.24 6.70 1.00 0.00
0.50 5.24 6.87 1.00 0.00
0.50 5.24 7.05 1.00 0.00
0.50 5.24 7.22 1.00 0.00
0.50 5.24 7.40 1.00 0.00
0.70 5.24 4.35 1.00 0.00
0.70 5.24 4.53 1.00 0.00
0.70 5.24 4.70 1.00 0.00
0.70 5.24 4.88 1.00 0.00
0.70 5.24 5.05 1.00 0.00
0.70 5.24 5.23 1.00 0.00
0.70 5.24 5.40 1.00 0.00
0.70 5.24 5.57 1.00 0.00
0.70 5.24 5.75 1.00 0.00
0.70 5.24 5.92 1.00 0.00
0.70 5.24 6.10 1.00 0.00
0.70 5.24 6.27 1.00 0.00
0.70 5.24 6.45 1.00 0.00
0.70 5.24 6.62 1.00 0.00
0.70 5.24 6.80 1.00 0.00
0.70 5.24 6.97 1.00 0.00
0.70 5.24 7.15 1.00 0.00
0.70 5.24 7.32 1.00 0.00
0.90 5.24 4.27 1.00 0.00
0.90 5.24 4.45 1.00 0.00
0.90 5.24 4.62 1.00 0.00
0.90 5.24 4.80 1.00 0.00
0.90 5.24 4.97 1.00 0.00
0.90 5.24 5.14 1.00 0.00
0.90 5.24 5.32 1.00 0.00
0.90 5.24 5.49 1.00 0.00
0.90 5.24 5.67 1.00 0.00
0.90 5.24 5.84 1.00 0.00
0.90 5.24 6.02 1.00 0.00
0.90 5.24 6.19 1.00 0.00
0.90 5.24 6.37 1.00 0.00
0.90 5.24 6.54 1.00 0.00
0.90 5.24 6.72 1.00 0.00
0.90 5.24 6.89 1.00 0.00
0.90 5.24 7.06 1.00 0.00
0.90 5.24 7.24 1.00 0.00
1.10 5.24 4.19 1.00 0.00
1.10 5.24 4.36 1.00 0.00
1.10 5.24 4.54 1.00 0.00
1.10 5.24 4.71 1.00 0.00
1.10 5.24 4.89 1.00 0.00
1.10 5.24 5.06 1.00 0.00
1.10 5.24 5.24 1.00 0.00
1.10 5.24 5.41 1.00 0.00
1.10 5.24 5.59 1.00 0.00
1.10 5.24 5.76 1.00 0.00
1.10 5.24 5.94 1.00 0.00
1.10 5.24 6.11 1.00 0.00
1.10 5.24 6.28 1.00 0.00
1.10 5.24 6.46 1.00 0.00
1.10 5.24 6.63 1.00 0.00
1.10 5.24 6.81 1.00 0.00
1.10 5.24 6.98 1.00 0.00
1.10 5.24 7.16 1.00 0.00
0.30 5.41 4.51 1.00 0.00
0.30 5.41 4.69 1.00 0.00
0.30 5.41 4.86 1.00 0.00
0.30 5.41 5.04 1.00 0.00
0.30 5.41 5.21 1.00 0.00
0.30 5.41 5.39 1.00 0.00
0.30 5.41 5.56 1.00 0.00
0.30 5.41 5.74 1.00 0.00
0.30 5.41 5.91 1.00 0.00
0.30 5.41 6.09 1.00 0.00
0.30 5.41 6.26 1.00 0.00
0.30 5.41 6.43 1.00 0.00
0.30 5.41 6.61 1.00 0.00
0.30 5.41 6.78 1.00 0.00
0.30 5.41 6.96 1.00 0.00
0.30 5.41 7.13 1.00 0.00
0.30 5.41 7.31 1.00 0.00
0.30 5.41 7.48 1.00 0.00
0.50 5.41 4.44 1.00 0.00
0.50 5.41 4.62 1.00 0.00
0.50 5.41 4.79 1.00 0.00
0.50 5.41 4.97 1.00 0.00
0.50 5.41 5.14 1.00 0.00
0.50 5.41 5.32 1.00 0.00
0.50 5.41 5.49 1.00 0.00
0.50 5.41 5.66 1.00 0.00
0.50 5.41 5.84 1.00 0.00
0.50 5.41 6.01 1.00 0.00
0.50 5.41 6.19 1.00 0.00
0.50 5.41 6.36 1.00 0.00
0.50 5.41 6.54 1.00 0.00
0.50 5.41 6.71 1.00 0.00
0.50 5.41 6.89 1.00 0.00
0.50 5.41 7.06 1.00 0.00
0.50 5.41 7.24 1.00 0.00
0.50 5.41 7.41 1.00 0.00
0.70 5.41 4.37 1.00 0.00
0.70 5.41 4.54 1.00 0.00
0.70 5.41 4.71 1.00 0.00
0.70 5.41 4.89 1.00 0.00
0.70 5.41 5.06 1.00 0.00
0.70 5.41 5.24 1.00 0.00
0.70 5.41 5.41 1.00 0.00
0.70 5.41 5.59 1.00 0.00
0.70 5.41 5.76 1.00 0.00
0.70 5.41 5.94 1.00 0.00
0.70 5.41 6.11 1.00 0.00
0.70 5.41 6.29 1.00 0.00
0.70 5.41 6.46 1.00 0.00
0.70 5.41 6.63 1.00 0.00
0.70 5.41 6.81 1.00 0.00
0.70 5.41 6.98 1.00 0.00
0.70 5.41 7.16 1.00 0.00
0.70 5.41 7.33 1.00 0.00
0.90 5.41 4.28 1.00 0.00
0.90 5.41 4.46 1.00 0.00
0.90 5.41 4.63 1.00 0.00
0.90 5.41 4.81 1.00 0.00
0.90 5.41 4.98 1.00 0.00
0.90 5.41 5.16 1.00 0.00
0.90 5.41 5.33 1.00 0.00
0.90 5.41 5.51 1.00 0.00
0.90 5.41 5.68 1.00 0.00
0.90 5.41 5.85 1.00 0.00
0.90 5.41 6.03 1.00 0.00
0.90 5.41 6.20 1.00 0.00
0.90 5.41 6.38 1.00 0.00
0.90 5.41 6.55 1.00 0.00
0.90 5.41 6.73 1.00 0.00
0.90 5.41 6.90 1.00 0.00
0.90 5.41 7.08 1.00 0.00
0.90 5.41 7.25 1.00 0.00
1.10 5.41 4.20 1.00 0.00
1.10 5.41 4.37 1.00 0.00
1.10 5.41 4.55 1.00 0.00
1.10 5.41 4.72 1.00 0.00
1.10 5.41 4.90 1.00 0.00
1.10 5.41 5.07 1.00 0.00
1.10 5.41 5.25 1.00 0.00
1.10 5.41 5.42 1.00 0.00
1.10 5.41 5.59 1.00 0.00
1.10 5.41 5.77 1.00 0.00
1.10 5.41 5.94 1.00 0.00
1.10 5.41 6.12 1.00 0.00
1.10 5.41 6.29 1.00 0.00
1.10 5.41 6.47 1.00 0.00
1.10 5.41 6.64 1.00 0.00
1.10 5.41 6.82 1.00 0.00
1.10 5.41 6.99 1.00 0.00
1.10 5.41 7.17 1.00 0.00
0.30 5.59 4.53 1.00 0.00
0.30 5.59 4.70 1.00 0.00
0.30 5.59 4.88 1.00 0.00
0.30 5.59 5.05 1.00 0.00
0.30 5.59 5.22 1.00 0.00
0.30 5.59 5.40 1.00 0.00
0.30 5.59 5.57 1.00 0.00
0.30 5.59 5.75 1.00 0.00
0.30 5.59 5.92 1.00 0.00
0.30 5.59 6.10 1.00 0.00
0.30 5.59 6.27 1.00 0.00
0.30 5.59 6.45 1.00 0.00
0.30 5.59 6.62 1.00 0.00
0.30 5.59 6.80 1.00 0.00
0.30 5.59 6.97 1.00 0.00
0.30 5.59 7.14 1.00 0.00
0.30 5.59 7.32 1.00 0.00
0.30 5.59 7.49 1.00 0.00
0.50 5.59 4.46 1.00 0.00
0.50 5.59 4.64 1.00 0.00
0.50 5.59 4.81 1.00 0.00
0.50 5.59 4.98 1.00 0.00
0.50 5.59 5.16 1.00 0.00
0.50 5.59 5.33 1.00 0.00
0.50 5.59 5.51 1.00 0.00
0.50 5.59 5.68 1.00 0.00
0.50 5.59 5.86 1.00 0.00
0.50 5.59 6.03 1.00 0.00
0.50 5.59 6.21 1.00 0.00
0.50 5.59 6.38 1.00 0.00
0.50 5.59 6.56 1.00 0.00
0.50 5.59 6.73 1.00 0.00
0.50 5.59 6.90 1.00 0.00
0.50 5.59 7.08 1.00 0.00
0.50 5.59 7.25 1.00 0.00
0.50 5.59 7.43 1.00 0.00
0.70 5.59 4.39 1.00 0.00
0.70 5.59 4.56 1.00 0.00
0.70 5.59 4.74 1.00 0.00
0.70 5.59 4.91 1.00 0.00
0.70 5.59 5.09 1.00 0.00
0.70 5.59 5.26 1.00 0.00
0.70 5.59 5.44 1.00 0.00
0.70 5.59 5.61 1.00 0.00
0.70 5.59 5.78 1.00 0.00
0.70 5.59 5.96 1.00 0.00
0.70 5.59 6.13 1.00 0.00
0.70 5.59 6.31 1.00 0.00
0.70 5.59 6.48 1.00 0.00
0.70 5.59 6.66 1.00 0.00
0.70 5.59 6.83 1.00 0.00
0.70 5.59 7.01 1.00 0.00
0.70 5.59 7.18 1.00 0.00
0.70 5.59 7.36 1.00 0.00
0.90 5.59 4.31 1.00 0.00
0.90 5.59 4.48 1.00 0.00
0.90 5.59 4.66 1.00 0.00
0.90 5.59 4.83 1.00 0.00
0.90 5.59 5.01 1.00 0.00
0.90 5.59 5.18 1.00 0.00
0.90 5.59 5.36 1.00 0.00
0.90 5.59 5.53 1.00 0.00
0.90 5.59 5.71 1.00 0.00
0.90 5.59 5.88 1.00 0.00
0.90 5.59 6.05 1.00 0.00
0.90 5.59 6.23 1.00 0.00
0.90 5.59 6.40 1.00 0.00
0.90 5.59 6.58 1.00 0.00
0.90 5.59 6.75 1.00 0.00
0.90 5.59 6.93 1.00 0.00
0.90 5.59 7.10 1.00 0.00
0.90 5.59 7.28 1.00 0.00
1.10 5.59 4.22 1.00 0.00
1.10 5.59 4.40 1.00 0.00
1.10 5.59 4.57 1.00 0.00
1.10 5.59 4.75 1.00 0.00
1.10 5.59 4.92 1.00 0.00
1.10 5.59 5.10 1.00 0.00
1.10 5.59 5.27 1.00 0.00
1.10 5.59 5.44 1.00 0.00
1.10 5.59 5.62 1.00 0.00
1.10 5.59 5.79 1.00 0.00
1.10 5.59 5.97 1.00 0.00
1.10 5.59 6.14 1.00 0.00
1.10 5.59 6.32 1.00 0.00
1.10 5.59 6.49 1.00 0.00
1.10 5.59 6.67 1.00 0.00
1.10 5.59 6.84 1.00 0.00
1.10 5.59 7.02 1.00 0.00
1.10 5.59 7.19 1.00 0.00
0.30 5.76 4.54 1.00 0.00
0.30 5.76 4.72 1.00 0.00
0.30 5.76 4.89 1.00 0.00
0.30 5.76 5.07 1.00 0.00
0.30 5.76 5.24 1.00 0.00
0.30 5.76 5.41 1.00 0.00
0.30 5.76 5.59 1.00 0.00
0.30 5.76 5.76 1.00 0.00
0.30 5.76 5.94 1.00 0.00
0.30 5.76 6.11 1.00 0.00
0.30 5.76 6.29 1.00 0.00
0.30 5.76 6.46 1.00 0.00
0.30 5.76 6.64 1.00 0.00
0.30 5.76 6.81 1.00 0.00
0.30 5.76 6.98 1.00 0.00
0.30 5.76 7.16 1.00 0.00
0.30 5.76 7.33 1.00 0.00
0.30 5.76 7.51 1.00 0.00
0.50 5.76 4.49 1.00 0.00
0.50 5.76 4.66 1.00 0.00
0.50 5.76 4.83 1.00 0.00
0.50 5.76 5.01 1.00 0.00
0.50 5.76 5.18 1.00 0.00
0.50 5.76 5.36 1.00 0.00
0.50 5.76 5.53 1.00 0.00
0.50 5.76 5.71 1.00 0.00
0.50 5.76 5.88 1.00 0.00
0.50 5.76 6.06 1.00 0.00
0.50 5.76 6.23 1.00 0.00
0.50 5.76 6.41 1.00 0.00
0.50 5.76 6.58 1.00 0.00
0.50 5.76 6.75 1.00 0.00
0.50 5.76 6.93 1.00 0.00
0.50 5.76 7.10 1.00 0.00
0.50 5.76 7.28 1.00 0.00
0.50 5.76 7.45 1.00 0.00
0.70 5.76 4.42 1.00 0.00
0.70 5.76 4.60 1.00 0.00
0.70 5.76 4.77 1.00 0.00
0.70 5.76 4.95 1.00 0.00
0.70 5.76 5.12 1.00 0.00
0.70 5.76 5.29 1.00 0.00
0.70 5.76 5.47 1.00 0.00
0.70 5.76 5.64 1.00 0.00
0.70 5.76 5.82 1.00 0.00
0.70 5.76 5.99 1.00 0.00
0.70 5.76 6.17 1.00 0.00
0.70 5.76 6.34 1.00 0.00
0.70 5.76 6.52 1.00 0.00
0.70 5.76 6.69 1.00 0.00
0.70 5.76 6.87 1.00 0.00
0.70 5.76 7.04 1.00 0.00
0.70 5.76 7.21 1.00 0.00
0.70 5.76 7.39 1.00 0.00
0.90 5.76 4.35 1.00 0.00
0.90 5.76 4.52 1.00 0.00
0.90 5.76 4.70 1.00 0.00
0.90 5.76 4.87 1.00 0.00
0.90 5.76 5.05 1.00 0.00
0.90 5.76 5.22 1.00 0.00
0.90 5.76 5.40 1.00 0.00
0.90 5.76 5.57 1.00 0.00
0.90 5.76 5.75 1.00 0.00
0.90 5.76 5.92 1.00 0.00
0.90 5.76 6.10 1.00 0.00
0.90 5.76 6.27 1.00 0.00
0.90 5.76 6.44 1.00 0.00
0.90 5.76 6.62 1.00 0.00
0.90 5.76 6.79 1.00 0.00
0.90 5.76 6.97 1.00 0.00
0.90 5.76 7.14 1.00 0.00
0.90 5.76 7.32 1.00 0.00
1.10 5.76 4.27 1.00 0.00
1.10 5.76 4.44 1.00 0.00
1.10 5.76 4.62 1.00 0.00
1.10 5.76 4.79 1.00 0.00
1.10 5.76 4.97 1.00 0.00
1.10 5.76 5.14 1.00 0.00
1.10 5.76 5.32 1.00 0.00
1.10 5.76 5.49 1.00 0.00
1.10 5.76 5.66 1.00 0.00
1.10 5.76 5.84 1.00 0.00
1.10 5.76 6.01 1.00 0.00
1.10 5.76 6.19 1.00 0.00
1.10 5.76 6.36 1.00 0.00
1.10 5.76 6.54 1.00 0.00
1.10 5.76 6.71 1.00 0.00
1.10 5.76 6.89 1.00 0.00
1.10 5.76 7.06 1.00 0.00
1.10 5.76 7.24 1.00 0.00
0.30 5.93 4.56 1.00 0.00
0.30 5.93 4.73 1.00 0.00
0.30 5.93 4.91 1.00 0.00
0.30 5.93 5.08 1.00 0.00
0.30 5.93 5.26 1.00 0.00
0.30 5.93 5.43 1.00 0.00
0.30 5.93 5.61 1.00 0.00
0.30 5.93 5.78 1.00 0.00
0.30 5.93 5.96 1.00 0.00
0.30 5.93 6.13 1.00 0.00
0.30 5.93 6.30 1.00 0.00
0.30 5.93 6.48 1.00 0.00
0.30 5.93 6.65 1.00 0.00
0.30 5.93 6.83 1.00 0.00
0.30 5.93 7.00 1.00 0.00
0.30 5.93 7.18 1.00 0.00
0.30 5.93 7.35 1.00 0.00
0.30 5.93 7.53 1.00 0.00
0.50 5.93 4.52 1.00 0.00
0.50 5.93 4.69 1.00 0.00
0.50 5.93 4.87 1.00 0.00
0.50 5.93 5.04 1.00 0.00
0.50 5.93 5.21 1.00 0.00
0.50 5.93 5.39 1.00 0.00
0.50 5.93 5.56 1.00 0.00
0.50 5.93 5.74 1.00 0.00
0.50 5.93 5.91 1.00 0.00
0.50 5.93 6.09 1.00 0.00
0.50 5.93 6.26 1.00 0.00
0.50 5.93 6.44 1.00 0.00
0.50 5.93 6.61 1.00 0.00
0.50 5.93 6.79 1.00 0.00
0.50 5.93 6.96 1.00 0.00
0.50 5.93 7.13 1.00 0.00
0.50 5.93 7.31 1.00 0.00
0.50 5.93 7.48 1.00 0.00
0.70 5.93 4.47 1.00 0.00
0.70 5.93 4.64 1.00 0.00
0.70 5.93 4.82 1.00 0.00
0.70 5.93 4.99 1.00 0.00
0.70 5.93 5.16 1.00 0.00
0.70 5.93 5.34 1.00 0.00
0.70 5.93 5.51 1.00 0.00
0.70 5.93 5.69 1.00 0.00
0.70 5.93 5.86 1.00 0.00
0.70 5.93 6.04 1.00 0.00
0.70 5.93 6.21 1.00 0.00
0.70 5.93 6.39 1.00 0.00
0.70 5.93 6.56 1.00 0.00
0.70 5.93 6.74 1.00 0.00
0.70 5.93 6.91 1.00 0.00
0.70 5.93 7.08 1.00 0.00
0.70 5.93 7.26 1.00 0.00
0.70 5.93 7.43 1.00 0.00
0.90 5.93 4.41 1.00 0.00
0.90 5.93 4.58 1.00 0.00
0.90 5.93 4.76 1.00 0.00
0.90 5.93 4.93 1.00 0.00
0.90 5.93 5.11 1.00 0.00
0.90 5.93 5.28 1.00 0.00
0.90 5.93 5.45 1.00 0.00
0.90 5.93 5.63 1.00 0.00
0.90 5.93 5.80 1.00 0.00
0.90 5.93 5.98 1.00 0.00
0.90 5.93 6.15 1.00 0.00
0.90 5.93 6.33 1.00 0.00
0.90 5.93 6.50 1.00 0.00
0.90 5.93 6.68 1.00 0.00
0.90 5.93 6.85 1.00 0.00
0.90 5.93 7.03 1.00 0.00
0.90 5.93 7.20 1.00 0.00
0.90 5.93 7.37 1.00 0.00
1.10 5.93 4.34 1.00 0.00
1.10 5.93 4.51 1.00 0.00
1.10 5.93 4.69 1.00 0.00
1.10 5.93 4.86 1.00 0.00
1.10 5.93 5.04 1.00 0.00
1.10 5.93 5.21 1.00 0.00
1.10 5.93 5.39 1.00 0.00
1.10 5.93 5.56 1.00 0.00
1.10 5.93 5.73 1.00 0.00
1.10 5.93 5.91 1.00 0.00
1.10 5.93 6.08 1.00 0.00
1.10 5.93 6.26 1.00 0.00
1.10 5.93 6.43 1.00 0.00
1.10 5.93 6.61 1.00 0.00
1.10 5.93 6.78 1.00 0.00
1.10 5.93 6.96 1.00 0.00
1.10 5.93 7.13 1.00 0.00
1.10 5.93 7.31 1.00 0.00
0.30 6.11 4.58 1.00 0.00
0.30 6.11 4.75 1.00 0.00
0.30 6.11 4.93 1.00 0.00
0.30 6.11 5.10 1.00 0.00
0.30 6.11 5.28 1.00 0.00
0.30 6.11 5.45 1.00 0.00
0.30 6.11 5.63 1.00 0.00
0.30 6.11 5.80 1.00 0.00
0.30 6.11 5.98 1.00 0.00
0.30 6.11 6.15 1.00 0.00
0.30 6.11 6.32 1.00 0.00
0.30 6.11 6.50 1.00 0.00
0.30 6.11 6.67 1.00 0.00
0.30 6.11 6.85 1.00 0.00
0.30 6.11 7.02 1.00 0.00
0.30 6.11 7.20 1.00 0.00
0.30 6.11 7.37 1.00 0.00
0.30 6.11 7.55 1.00 0.00
0.50 6.11 4.55 1.00 0.00
0.50 6.11 4.73 1.00 0.00
0.50 6.11 4.90 1.00 0.00
0.50 6.11 5.08 1.00 0.00
0.50 6.11 5.25 1.00 0.00
0.50 6.11 5.42 1.00 0.00
0.50 6.11 5.60 1.00 0.00
0.50 6.11 5.77 1.00 0.00
0.50 6.11 5.95 1.00 0.00
0.50 6.11 6.12 1.00 0.00
0.50 6.11 6.30 1.00 0.00
0.50 6.11 6.47 1.00 0.00
0.50 6.11 6.65 1.00 0.00
0.50 6.11 6.82 1.00 0.00
0.50 6.11 7.00 1.00 0.00
0.50 6.11 7.17 1.00 0.00
0.50 6.11 7.34 1.00 0.00
0.50 6.11 7.52 1.00 0.00
0.70 6.11 4.52 1.00 0.00
0.70 6.11 4.69 1.00 0.00
0.70 6.11 4.87 1.00 0.00
0.70 6.11 5.04 1.00 0.00
0.70 6.11 5.22 1.00 0.00
0.70 6.11 5.39 1.00 0.00
0.70 6.11 5.57 1.00 0.00
0.70 6.11 5.74 1.00 0.00
0.70 6.11 5.92 1.00 0.00
0.70 6.11 6.09 1.00 0.00
0.70 6.11 6.26 1.00 0.00
0.70 6.11 6.44 1.00 0.00
0.70 6.11 6.61 1.00 0.00
0.70 6.11 6.79 1.00 0.00
0.70 6.11 6.96 1.00 0.00
0.70 6.11 7.14 1.00 0.00
0.70 6.11 7.31 1.00 0.00
0.70 6.11 7.49 1.00 0.00
0.90 6.11 4.48 1.00 0.00
0.90 6.11 4.65 1.00 0.00
0.90 6.11 4.83 1.00 0.00
0.90 6.11 5.00 1.00 0.00
0.90 6.11 5.18 1.00 0.00
0.90 6.11 5.35 1.00 0.00
0.90 6.11 5.53 1.00 0.00
0.90 6.11 5.70 1.00 0.00
0.90 6.11 5.88 1.00 0.00
0.90 6.11 6.05 1.00 0.00
0.90 6.11 6.23 1.00 0.00
0.90 6.11 6.40 1.00 0.00
0.90 6.11 6.57 1.00 0.00
0.90 6.11 6.75 1.00 0.00
0.90 6.11 6.92 1.00 0.00
0.90 6.11 7.10 1.00 0.00
0.90 6.11 7.27 1.00 0.00
0.90 6.11 7.45 1.00 0.00
1.10 6.11 4.43 1.00 0.00
1.10 6.11 4.61 1.00 0.00
1.10 6.11 4.78 1.00 0.00
1.10 6.11 4.96 1.00 0.00
1.10 6.11 5.13 1.00 0.00
1.10 6.11 5.30 1.00 0.00
1.10 6.11 5.48 1.00 0.00
1.10 6.11 5.65 1.00 0.00
1.10 6.11 5.83 1.00 0.00
1.10 6.11 6.00 1.00 0.00
1.10 6.11 6.18 1.00 0.00
1.10 6.11 6.35 1.00 0.00
1.10 6.11 6.53 1.00 0.00
1.10 6.11 6.70 1.00 0.00
1.10 6.11 6.88 1.00 0.00
1.10 6.11 7.05 1.00 0.00
1.10 6.11 7.22 1.00 0.00
1.10 6.11 7.40 1.00 0.00
