0.30 0.00 4.95 1.00 0.00
0.30 0.00 5.12 1.00 0.00
0.30 0.00 5.29 1.00 0.00
0.30 0.00 5.47 1.00 0.00
0.30 0.00 5.64 1.00 0.00
0.30 0.00 5.82 1.00 0.00
0.30 0.00 5.99 1.00 0.00
0.30 0.00 6.17 1.00 0.00
0.30 0.00 6.34 1.00 0.00
0.30 0.00 6.52 1.00 0.00
0.30 0.00 6.69 1.00 0.00
0.30 0.00 6.87 1.00 0.00
0.30 0.00 7.04 1.00 0.00
0.30 0.00 7.21 1.00 0.00
0.30 0.00 7.39 1.00 0.00
0.30 0.00 7.56 1.00 0.00
0.30 0.00 7.74 1.00 0.00
0.30 0.00 7.91 1.00 0.00
0.50 0.00 4.96 1.00 0.00
0.50 0.00 5.13 1.00 0.00
0.50 0.00 5.30 1.00 0.00
0.50 0.00 5.48 1.00 0.00
0.50 0.00 5.65 1.00 0.00
0.50 0.00 5.83 1.00 0.00
0.50 0.00 6.00 1.00 0.00
0.50 0.00 6.18 1.00 0.00
0.50 0.00 6.35 1.00 0.00
0.50 0.00 6.53 1.00 0.00
0.50 0.00 6.70 1.00 0.00
0.50 0.00 6.87 1.00 0.00
0.50 0.00 7.05 1.00 0.00
0.50 0.00 7.22 1.00 0.00
0.50 0.00 7.40 1.00 0.00
0.50 0.00 7.57 1.00 0.00
0.50 0.00 7.75 1.00 0.00
0.50 0.00 7.92 1.00 0.00
0.70 0.00 4.97 1.00 0.00
0.70 0.00 5.14 1.00 0.00
0.70 0.00 5.31 1.00 0.00
0.70 0.00 5.49 1.00 0.00
0.70 0.00 5.66 1.00 0.00
0.70 0.00 5.84 1.00 0.00
0.70 0.00 6.01 1.00 0.00
0.70 0.00 6.19 1.00 0.00
0.70 0.00 6.36 1.00 0.00
0.70 0.00 6.54 1.00 0.00
0.70 0.00 6.71 1.00 0.00
0.70 0.00 6.89 1.00 0.00
0.70 0.00 7.06 1.00 0.00
0.70 0.00 7.23 1.00 0.00
0.70 0.00 7.41 1.00 0.00
0.70 0.00 7.58 1.00 0.00
0.70 0.00 7.76 1.00 0.00
0.70 0.00 7.93 1.00 0.00
0.90 0.00 4.98 1.00 0.00
0.90 0.00 5.15 1.00 0.00
0.90 0.00 5.33 1.00 0.00
0.90 0.00 5.50 1.00 0.00
0.90 0.00 5.67 1.00 0.00
0.90 0.00 5.85 1.00 0.00
0.90 0.00 6.02 1.00 0.00
0.90 0.00 6.20 1.00 0.00
0.90 0.00 6.37 1.00 0.00
0.90 0.00 6.55 1.00 0.00
0.90 0.00 6.72 1.00 0.00
0.90 0.00 6.90 1.00 0.00
0.90 0.00 7.07 1.00 0.00
0.90 0.00 7.25 1.00 0.00
0.90 0.00 7.42 1.00 0.00
0.90 0.00 7.59 1.00 0.00
0.90 0.00 7.77 1.00 0.00
0.90 0.00 7.94 1.00 0.00
1.10 0.00 4.99 1.00 0.00
1.10 0.00 5.16 1.00 0.00
1.10 0.00 5.34 1.00 0.00
1.10 0.00 5.51 1.00 0.00
1.10 0.00 5.69 1.00 0.00
1.10 0.00 5.86 1.00 0.00
1.10 0.00 6.04 1.00 0.00
1.10 0.00 6.21 1.00 0.00
1.10 0.00 6.38 1.00 0.00
1.10 0.00 6.56 1.00 0.00
1.10 0.00 6.73 1.00 0.00
1.10 0.00 6.91 1.00 0.00
1.10 0.00 7.08 1.00 0.00
1.10 0.00 7.26 1.00 0.00
1.10 0.00 7.43 1.00 0.00
1.10 0.00 7.61 1.00 0.00
1.10 0.00 7.78 1.00 0.00
1.10 0.00 7.96 1.00 0.00
0.30 0.17 4.96 1.00 0.00
0.30 0.17 5.13 1.00 0.00
0.30 0.17 5.30 1.00 0.00
0.30 0.17 5.48 1.00 0.00
0.30 0.17 5.65 1.00 0.00
0.30 0.17 5.83 1.00 0.00
0.30 0.17 6.00 1.00 0.00
0.30 0.17 6.18 1.00 0.00
0.30 0.17 6.35 1.00 0.00
0.30 0.17 6.53 1.00 0.00
0.30 0.17 6.70 1.00 0.00
0.30 0.17 6.88 1.00 0.00
0.30 0.17 7.05 1.00 0.00
0.30 0.17 7.22 1.00 0.00
0.30 0.17 7.40 1.00 0.00
0.30 0.17 7.57 1.00 0.00
0.30 0.17 7.75 1.00 0.00
0.30 0.17 7.92 1.00 0.00
0.50 0.17 4.97 1.00 0.00
0.50 0.17 5.15 1.00 0.00
0.50 0.17 5.32 1.00 0.00
0.50 0.17 5.50 1.00 0.00
0.50 0.17 5.67 1.00 0.00
0.50 0.17 5.84 1.00 0.00
0.50 0.17 6.02 1.00 0.00
0.50 0.17 6.19 1.00 0.00
0.50 0.17 6.37 1.00 0.00
0.50 0.17 6.54 1.00 0.00
0.50 0.17 6.72 1.00 0.00
0.50 0.17 6.89 1.00 0.00
0.50 0.17 7.07 1.00 0.00
0.50 0.17 7.24 1.00 0.00
0.50 0.17 7.42 1.00 0.00
0.50 0.17 7.59 1.00 0.00
0.50 0.17 7.76 1.00 0.00
0.50 0.17 7.94 1.00 0.00
0.70 0.17 4.99 1.00 0.00
0.70 0.17 5.16 1.00 0.00
0.70 0.17 5.34 1.00 0.00
0.70 0.17 5.51 1.00 0.00
0.70 0.17 5.69 1.00 0.00
0.70 0.17 5.86 1.00 0.00
0.70 0.17 6.04 1.00 0.00
0.70 0.17 6.21 1.00 0.00
0.70 0.17 6.39 1.00 0.00
0.70 0.17 6.56 1.00 0.00
0.70 0.17 6.74 1.00 0.00
0.70 0.17 6.91 1.00 0.00
0.70 0.17 7.08 1.00 0.00
0.70 0.17 7.26 1.00 0.00
0.70 0.17 7.43 1.00 0.00
0.70 0.17 7.61 1.00 0.00
0.70 0.17 7.78 1.00 0.00
0.70 0.17 7.96 1.00 0.00
0.90 0.17 5.01 1.00 0.00
0.90 0.17 5.18 1.00 0.00
0.90 0.17 5.36 1.00 0.00
0.90 0.17 5.53 1.00 0.00
0.90 0.17 5.71 1.00 0.00
0.90 0.17 5.88 1.00 0.00
0.90 0.17 6.06 1.00 0.00
0.90 0.17 6.23 1.00 0.00
0.90 0.17 6.41 1.00 0.00
0.90 0.17 6.58 1.00 0.00
0.90 0.17 6.75 1.00 0.00
0.90 0.17 6.93 1.00 0.00
0.90 0.17 7.10 1.00 0.00
0.90 0.17 7.28 1.00 0.00
0.90 0.17 7.45 1.00 0.00
0.90 0.17 7.63 1.00 0.00
0.90 0.17 7.80 1.00 0.00
0.90 0.17 7.98 1.00 0.00
1.10 0.17 5.03 1.00 0.00
1.10 0.17 5.20 1.00 0.00
1.10 0.17 5.38 1.00 0.00
1.10 0.17 5.55 1.00 0.00
1.10 0.17 5.73 1.00 0.00
1.10 0.17 5.90 1.00 0.00
1.10 0.17 6.08 1.00 0.00
1.10 0.17 6.25 1.00 0.00
1.10 0.17 6.43 1.00 0.00
1.10 0.17 6.60 1.00 0.00
1.10 0.17 6.78 1.00 0.00
1.10 0.17 6.95 1.00 0.00
1.10 0.17 7.12 1.00 0.00
1.10 0.17 7.30 1.00 0.00
1.10 0.17 7.47 1.00 0.00
1.10 0.17 7.65 1.00 0.00
1.10 0.17 7.82 1.00 0.00
1.10 0.17 8.00 1.00 0.00
0.30 0.35 4.96 1.00 0.00
0.30 0.35 5.14 1.00 0.00
0.30 0.35 5.31 1.00 0.00
0.30 0.35 5.49 1.00 0.00
0.30 0.35 5.66 1.00 0.00
0.30 0.35 5.84 1.00 0.00
0.30 0.35 6.01 1.00 0.00
0.30 0.35 6.19 1.00 0.00
0.30 0.35 6.36 1.00 0.00
0.30 0.35 6.54 1.00 0.00
0.30 0.35 6.71 1.00 0.00
0.30 0.35 6.88 1.00 0.00
0.30 0.35 7.06 1.00 0.00
0.30 0.35 7.23 1.00 0.00
0.30 0.35 7.41 1.00 0.00
0.30 0.35 7.58 1.00 0.00
0.30 0.35 7.76 1.00 0.00
0.30 0.35 7.93 1.00 0.00
0.50 0.35 4.99 1.00 0.00
0.50 0.35 5.16 1.00 0.00
0.50 0.35 5.34 1.00 0.00
0.50 0.35 5.51 1.00 0.00
0.50 0.35 5.69 1.00 0.00
0.50 0.35 5.86 1.00 0.00
0.50 0.35 6.03 1.00 0.00
0.50 0.35 6.21 1.00 0.00
0.50 0.35 6.38 1.00 0.00
0.50 0.35 6.56 1.00 0.00
0.50 0.35 6.73 1.00 0.00
0.50 0.35 6.91 1.00 0.00
0.50 0.35 7.08 1.00 0.00
0.50 0.35 7.26 1.00 0.00
0.50 0.35 7.43 1.00 0.00
0.50 0.35 7.61 1.00 0.00
0.50 0.35 7.78 1.00 0.00
0.50 0.35 7.95 1.00 0.00
0.70 0.35 5.01 1.00 0.00
0.70 0.35 5.19 1.00 0.00
0.70 0.35 5.36 1.00 0.00
0.70 0.35 5.54 1.00 0.00
0.70 0.35 5.71 1.00 0.00
0.70 0.35 5.88 1.00 0.00
0.70 0.35 6.06 1.00 0.00
0.70 0.35 6.23 1.00 0.00
0.70 0.35 6.41 1.00 0.00
0.70 0.35 6.58 1.00 0.00
0.70 0.35 6.76 1.00 0.00
0.70 0.35 6.93 1.00 0.00
0.70 0.35 7.11 1.00 0.00
0.70 0.35 7.28 1.00 0.00
0.70 0.35 7.46 1.00 0.00
0.70 0.35 7.63 1.00 0.00
0.70 0.35 7.80 1.00 0.00
0.70 0.35 7.98 1.00 0.00
0.90 0.35 5.04 1.00 0.00
0.90 0.35 5.21 1.00 0.00
0.90 0.35 5.39 1.00 0.00
0.90 0.35 5.56 1.00 0.00
0.90 0.35 5.74 1.00 0.00
0.90 0.35 5.91 1.00 0.00
0.90 0.35 6.09 1.00 0.00
0.90 0.35 6.26 1.00 0.00
0.90 0.35 6.43 1.00 0.00
0.90 0.35 6.61 1.00 0.00
0.90 0.35 6.78 1.00 0.00
0.90 0.35 6.96 1.00 0.00
0.90 0.35 7.13 1.00 0.00
0.90 0.35 7.31 1.00 0.00
0.90 0.35 7.48 1.00 0.00
0.90 0.35 7.66 1.00 0.00
0.90 0.35 7.83 1.00 0.00
0.90 0.35 8.00 1.00 0.00
1.10 0.35 5.07 1.00 0.00
1.10 0.35 5.24 1.00 0.00
1.10 0.35 5.41 1.00 0.00
1.10 0.35 5.59 1.00 0.00
1.10 0.35 5.76 1.00 0.00
1.10 0.35 5.94 1.00 0.00
1.10 0.35 6.11 1.00 0.00
1.10 0.35 6.29 1.00 0.00
1.10 0.35 6.46 1.00 0.00
1.10 0.35 6.64 1.00 0.00
1.10 0.35 6.81 1.00 0.00
1.10 0.35 6.99 1.00 0.00
1.10 0.35 7.16 1.00 0.00
1.10 0.35 7.33 1.00 0.00
1.10 0.35 7.51 1.00 0.00
1.10 0.35 7.68 1.00 0.00
1.10 0.35 7.86 1.00 0.00
1.10 0.35 8.03 1.00 0.00
0.30 0.52 4.97 1.00 0.00
0.30 0.52 5.15 1.00 0.00
0.30 0.52 5.32 1.00 0.00
0.30 0.52 5.50 1.00 0.00
0.30 0.52 5.67 1.00 0.00
0.30 0.52 5.84 1.00 0.00
0.30 0.52 6.02 1.00 0.00
0.30 0.52 6.19 1.00 0.00
0.30 0.52 6.37 1.00 0.00
0.30 0.52 6.54 1.00 0.00
0.30 0.52 6.72 1.00 0.00
0.30 0.52 6.89 1.00 0.00
0.30 0.52 7.07 1.00 0.00
0.30 0.52 7.24 1.00 0.00
0.30 0.52 7.42 1.00 0.00
0.30 0.52 7.59 1.00 0.00
0.30 0.52 7.76 1.00 0.00
0.30 0.52 7.94 1.00 0.00
0.50 0.52 5.00 1.00 0.00
0.50 0.52 5.17 1.00 0.00
0.50 0.52 5.35 1.00 0.00
0.50 0.52 5.52 1.00 0.00
0.50 0.52 5.70 1.00 0.00
0.50 0.52 5.87 1.00 0.00
0.50 0.52 6.05 1.00 0.00
0.50 0.52 6.22 1.00 0.00
0.50 0.52 6.40 1.00 0.00
0.50 0.52 6.57 1.00 0.00
0.50 0.52 6.75 1.00 0.00
0.50 0.52 6.92 1.00 0.00
0.50 0.52 7.09 1.00 0.00
0.50 0.52 7.27 1.00 0.00
0.50 0.52 7.44 1.00 0.00
0.50 0.52 7.62 1.00 0.00
0.50 0.52 7.79 1.00 0.00
0.50 0.52 7.97 1.00 0.00
0.70 0.52 5.03 1.00 0.00
0.70 0.52 5.20 1.00 0.00
0.70 0.52 5.38 1.00 0.00
0.70 0.52 5.55 1.00 0.00
0.70 0.52 5.73 1.00 0.00
0.70 0.52 5.90 1.00 0.00
0.70 0.52 6.08 1.00 0.00
0.70 0.52 6.25 1.00 0.00
0.70 0.52 6.43 1.00 0.00
0.70 0.52 6.60 1.00 0.00
0.70 0.52 6.78 1.00 0.00
0.70 0.52 6.95 1.00 0.00
0.70 0.52 7.12 1.00 0.00
0.70 0.52 7.30 1.00 0.00
0.70 0.52 7.47 1.00 0.00
0.70 0.52 7.65 1.00 0.00
0.70 0.52 7.82 1.00 0.00
0.70 0.52 8.00 1.00 0.00
0.90 0.52 5.06 1.00 0.00
0.90 0.52 5.24 1.00 0.00
0.90 0.52 5.41 1.00 0.00
0.90 0.52 5.59 1.00 0.00
0.90 0.52 5.76 1.00 0.00
0.90 0.52 5.93 1.00 0.00
0.90 0.52 6.11 1.00 0.00
0.90 0.52 6.28 1.00 0.00
0.90 0.52 6.46 1.00 0.00
0.90 0.52 6.63 1.00 0.00
0.90 0.52 6.81 1.00 0.00
0.90 0.52 6.98 1.00 0.00
0.90 0.52 7.16 1.00 0.00
0.90 0.52 7.33 1.00 0.00
0.90 0.52 7.51 1.00 0.00
0.90 0.52 7.68 1.00 0.00
0.90 0.52 7.85 1.00 0.00
0.90 0.52 8.03 1.00 0.00
1.10 0.52 5.10 1.00 0.00
1.10 0.52 5.27 1.00 0.00
1.10 0.52 5.44 1.00 0.00
1.10 0.52 5.62 1.00 0.00
1.10 0.52 5.79 1.00 0.00
1.10 0.52 5.97 1.00 0.00
1.10 0.52 6.14 1.00 0.00
1.10 0.52 6.32 1.00 0.00
1.10 0.52 6.49 1.00 0.00
1.10 0.52 6.67 1.00 0.00
1.10 0.52 6.84 1.00 0.00
1.10 0.52 7.02 1.00 0.00
1.10 0.52 7.19 1.00 0.00
1.10 0.52 7.36 1.00 0.00
1.10 0.52 7.54 1.00 0.00
1.10 0.52 7.71 1.00 0.00
1.10 0.52 7.89 1.00 0.00
1.10 0.52 8.06 1.00 0.00
0.30 0.70 4.98 1.00 0.00
0.30 0.70 5.15 1.00 0.00
0.30 0.70 5.33 1.00 0.00
0.30 0.70 5.50 1.00 0.00
0.30 0.70 5.68 1.00 0.00
0.30 0.70 5.85 1.00 0.00
0.30 0.70 6.03 1.00 0.00
0.30 0.70 6.20 1.00 0.00
0.30 0.70 6.37 1.00 0.00
0.30 0.70 6.55 1.00 0.00
0.30 0.70 6.72 1.00 0.00
0.30 0.70 6.90 1.00 0.00
0.30 0.70 7.07 1.00 0.00
0.30 0.70 7.25 1.00 0.00
0.30 0.70 7.42 1.00 0.00
0.30 0.70 7.60 1.00 0.00
0.30 0.70 7.77 1.00 0.00
0.30 0.70 7.95 1.00 0.00
0.50 0.70 5.01 1.00 0.00
0.50 0.70 5.19 1.00 0.00
0.50 0.70 5.36 1.00 0.00
0.50 0.70 5.53 1.00 0.00
0.50 0.70 5.71 1.00 0.00
0.50 0.70 5.88 1.00 0.00
0.50 0.70 6.06 1.00 0.00
0.50 0.70 6.23 1.00 0.00
0.50 0.70 6.41 1.00 0.00
0.50 0.70 6.58 1.00 0.00
0.50 0.70 6.76 1.00 0.00
0.50 0.70 6.93 1.00 0.00
0.50 0.70 7.11 1.00 0.00
0.50 0.70 7.28 1.00 0.00
0.50 0.70 7.45 1.00 0.00
0.50 0.70 7.63 1.00 0.00
0.50 0.70 7.80 1.00 0.00
0.50 0.70 7.98 1.00 0.00
0.70 0.70 5.05 1.00 0.00
0.70 0.70 5.22 1.00 0.00
0.70 0.70 5.39 1.00 0.00
0.70 0.70 5.57 1.00 0.00
0.70 0.70 5.74 1.00 0.00
0.70 0.70 5.92 1.00 0.00
0.70 0.70 6.09 1.00 0.00
0.70 0.70 6.27 1.00 0.00
0.70 0.70 6.44 1.00 0.00
0.70 0.70 6.62 1.00 0.00
0.70 0.70 6.79 1.00 0.00
0.70 0.70 6.96 1.00 0.00
0.70 0.70 7.14 1.00 0.00
0.70 0.70 7.31 1.00 0.00
0.70 0.70 7.49 1.00 0.00
0.70 0.70 7.66 1.00 0.00
0.70 0.70 7.84 1.00 0.00
0.70 0.70 8.01 1.00 0.00
0.90 0.70 5.08 1.00 0.00
0.90 0.70 5.25 1.00 0.00
0.90 0.70 5.43 1.00 0.00
0.90 0.70 5.60 1.00 0.00
0.90 0.70 5.78 1.00 0.00
0.90 0.70 5.95 1.00 0.00
0.90 0.70 6.13 1.00 0.00
0.90 0.70 6.30 1.00 0.00
0.90 0.70 6.48 1.00 0.00
0.90 0.70 6.65 1.00 0.00
0.90 0.70 6.83 1.00 0.00
0.90 0.70 7.00 1.00 0.00
0.90 0.70 7.17 1.00 0.00
0.90 0.70 7.35 1.00 0.00
0.90 0.70 7.52 1.00 0.00
0.90 0.70 7.70 1.00 0.00
0.90 0.70 7.87 1.00 0.00
0.90 0.70 8.05 1.00 0.00
1.10 0.70 5.12 1.00 0.00
1.10 0.70 5.29 1.00 0.00
1.10 0.70 5.47 1.00 0.00
1.10 0.70 5.64 1.00 0.00
1.10 0.70 5.82 1.00 0.00
1.10 0.70 5.99 1.00 0.00
1.10 0.70 6.16 1.00 0.00
1.10 0.70 6.34 1.00 0.00
1.10 0.70 6.51 1.00 0.00
1.10 0.70 6.69 1.00 0.00
1.10 0.70 6.86 1.00 0.00
1.10 0.70 7.04 1.00 0.00
1.10 0.70 7.21 1.00 0.00
1.10 0.70 7.39 1.00 0.00
1.10 0.70 7.56 1.00 0.00
1.10 0.70 7.74 1.00 0.00
1.10 0.70 7.91 1.00 0.00
1.10 0.70 8.08 1.00 0.00
0.30 0.87 4.98 1.00 0.00
0.30 0.87 5.16 1.00 0.00
0.30 0.87 5.33 1.00 0.00
0.30 0.87 5.51 1.00 0.00
0.30 0.87 5.68 1.00 0.00
0.30 0.87 5.86 1.00 0.00
0.30 0.87 6.03 1.00 0.00
0.30 0.87 6.21 1.00 0.00
0.30 0.87 6.38 1.00 0.00
0.30 0.87 6.55 1.00 0.00
0.30 0.87 6.73 1.00 0.00
0.30 0.87 6.90 1.00 0.00
0.30 0.87 7.08 1.00 0.00
0.30 0.87 7.25 1.00 0.00
0.30 0.87 7.43 1.00 0.00
0.30 0.87 7.60 1.00 0.00
0.30 0.87 7.78 1.00 0.00
0.30 0.87 7.95 1.00 0.00
0.50 0.87 5.02 1.00 0.00
0.50 0.87 5.19 1.00 0.00
0.50 0.87 5.37 1.00 0.00
0.50 0.87 5.54 1.00 0.00
0.50 0.87 5.72 1.00 0.00
0.50 0.87 5.89 1.00 0.00
0.50 0.87 6.07 1.00 0.00
0.50 0.87 6.24 1.00 0.00
0.50 0.87 6.42 1.00 0.00
0.50 0.87 6.59 1.00 0.00
0.50 0.87 6.76 1.00 0.00
0.50 0.87 6.94 1.00 0.00
0.50 0.87 7.11 1.00 0.00
0.50 0.87 7.29 1.00 0.00
0.50 0.87 7.46 1.00 0.00
0.50 0.87 7.64 1.00 0.00
0.50 0.87 7.81 1.00 0.00
0.50 0.87 7.99 1.00 0.00
0.70 0.87 5.06 1.00 0.00
0.70 0.87 5.23 1.00 0.00
0.70 0.87 5.40 1.00 0.00
0.70 0.87 5.58 1.00 0.00
0.70 0.87 5.75 1.00 0.00
0.70 0.87 5.93 1.00 0.00
0.70 0.87 6.10 1.00 0.00
0.70 0.87 6.28 1.00 0.00
0.70 0.87 6.45 1.00 0.00
0.70 0.87 6.63 1.00 0.00
0.70 0.87 6.80 1.00 0.00
0.70 0.87 6.98 1.00 0.00
0.70 0.87 7.15 1.00 0.00
0.70 0.87 7.32 1.00 0.00
0.70 0.87 7.50 1.00 0.00
0.70 0.87 7.67 1.00 0.00
0.70 0.87 7.85 1.00 0.00
0.70 0.87 8.02 1.00 0.00
0.90 0.87 5.09 1.00 0.00
0.90 0.87 5.27 1.00 0.00
0.90 0.87 5.44 1.00 0.00
0.90 0.87 5.62 1.00 0.00
0.90 0.87 5.79 1.00 0.00
0.90 0.87 5.97 1.00 0.00
0.90 0.87 6.14 1.00 0.00
0.90 0.87 6.31 1.00 0.00
0.90 0.87 6.49 1.00 0.00
0.90 0.87 6.66 1.00 0.00
0.90 0.87 6.84 1.00 0.00
0.90 0.87 7.01 1.00 0.00
0.90 0.87 7.19 1.00 0.00
0.90 0.87 7.36 1.00 0.00
0.90 0.87 7.54 1.00 0.00
0.90 0.87 7.71 1.00 0.00
0.90 0.87 7.89 1.00 0.00
0.90 0.87 8.06 1.00 0.00
1.10 0.87 5.13 1.00 0.00
1.10 0.87 5.31 1.00 0.00
1.10 0.87 5.48 1.00 0.00
1.10 0.87 5.66 1.00 0.00
1.10 0.87 5.83 1.00 0.00
1.10 0.87 6.00 1.00 0.00
1.10 0.87 6.18 1.00 0.00
1.10 0.87 6.35 1.00 0.00
1.10 0.87 6.53 1.00 0.00
1.10 0.87 6.70 1.00 0.00
1.10 0.87 6.88 1.00 0.00
1.10 0.87 7.05 1.00 0.00
1.10 0.87 7.23 1.00 0.00
1.10 0.87 7.40 1.00 0.00
1.10 0.87 7.58 1.00 0.00
1.10 0.87 7.75 1.00 0.00
1.10 0.87 7.92 1.00 0.00
1.10 0.87 8.10 1.00 0.00
0.30 1.05 4.99 1.00 0.00
0.30 1.05 5.16 1.00 0.00
0.30 1.05 5.34 1.00 0.00
0.30 1.05 5.51 1.00 0.00
0.30 1.05 5.69 1.00 0.00
0.30 1.05 5.86 1.00 0.00
0.30 1.05 6.03 1.00 0.00
0.30 1.05 6.21 1.00 0.00
0.30 1.05 6.38 1.00 0.00
0.30 1.05 6.56 1.00 0.00
0.30 1.05 6.73 1.00 0.00
0.30 1.05 6.91 1.00 0.00
0.30 1.05 7.08 1.00 0.00
0.30 1.05 7.26 1.00 0.00
0.30 1.05 7.43 1.00 0.00
0.30 1.05 7.60 1.00 0.00
0.30 1.05 7.78 1.00 0.00
0.30 1.05 7.95 1.00 0.00
0.50 1.05 5.02 1.00 0.00
0.50 1.05 5.20 1.00 0.00
0.50 1.05 5.37 1.00 0.00
0.50 1.05 5.55 1.00 0.00
0.50 1.05 5.72 1.00 0.00
0.50 1.05 5.90 1.00 0.00
0.50 1.05 6.07 1.00 0.00
0.50 1.05 6.25 1.00 0.00
0.50 1.05 6.42 1.00 0.00
0.50 1.05 6.59 1.00 0.00
0.50 1.05 6.77 1.00 0.00
0.50 1.05 6.94 1.00 0.00
0.50 1.05 7.12 1.00 0.00
0.50 1.05 7.29 1.00 0.00
0.50 1.05 7.47 1.00 0.00
0.50 1.05 7.64 1.00 0.00
0.50 1.05 7.82 1.00 0.00
0.50 1.05 7.99 1.00 0.00
0.70 1.05 5.06 1.00 0.00
0.70 1.05 5.24 1.00 0.00
0.70 1.05 5.41 1.00 0.00
0.70 1.05 5.59 1.00 0.00
0.70 1.05 5.76 1.00 0.00
0.70 1.05 5.93 1.00 0.00
0.70 1.05 6.11 1.00 0.00
0.70 1.05 6.28 1.00 0.00
0.70 1.05 6.46 1.00 0.00
0.70 1.05 6.63 1.00 0.00
0.70 1.05 6.81 1.00 0.00
0.70 1.05 6.98 1.00 0.00
0.70 1.05 7.16 1.00 0.00
0.70 1.05 7.33 1.00 0.00
0.70 1.05 7.51 1.00 0.00
0.70 1.05 7.68 1.00 0.00
0.70 1.05 7.85 1.00 0.00
0.70 1.05 8.03 1.00 0.00
0.90 1.05 5.10 1.00 0.00
0.90 1.05 5.27 1.00 0.00
0.90 1.05 5.45 1.00 0.00
0.90 1.05 5.62 1.00 0.00
0.90 1.05 5.80 1.00 0.00
0.90 1.05 5.97 1.00 0.00
0.90 1.05 6.15 1.00 0.00
0.90 1.05 6.32 1.00 0.00
0.90 1.05 6.50 1.00 0.00
0.90 1.05 6.67 1.00 0.00
0.90 1.05 6.85 1.00 0.00
0.90 1.05 7.02 1.00 0.00
0.90 1.05 7.19 1.00 0.00
0.90 1.05 7.37 1.00 0.00
0.90 1.05 7.54 1.00 0.00
0.90 1.05 7.72 1.00 0.00
0.90 1.05 7.89 1.00 0.00
0.90 1.05 8.07 1.00 0.00
1.10 1.05 5.14 1.00 0.00
1.10 1.05 5.31 1.00 0.00
1.10 1.05 5.49 1.00 0.00
1.10 1.05 5.66 1.00 0.00
1.10 1.05 5.84 1.00 0.00
1.10 1.05 6.01 1.00 0.00
1.10 1.05 6.19 1.00 0.00
1.10 1.05 6.36 1.00 0.00
1.10 1.05 6.54 1.00 0.00
1.10 1.05 6.71 1.00 0.00
1.10 1.05 6.88 1.00 0.00
1.10 1.05 7.06 1.00 0.00
1.10 1.05 7.23 1.00 0.00
1.10 1.05 7.41 1.00 0.00
1.10 1.05 7.58 1.00 0.00
1.10 1.05 7.76 1.00 0.00
1.10 1.05 7.93 1.00 0.00
1.10 1.05 8.11 1.00 0.00
0.30 1.22 4.99 1.00 0.00
0.30 1.22 5.16 1.00 0.00
0.30 1.22 5.34 1.00 0.00
0.30 1.22 5.51 1.00 0.00
0.30 1.22 5.69 1.00 0.00
0.30 1.22 5.86 1.00 0.00
0.30 1.22 6.04 1.00 0.00
0.30 1.22 6.21 1.00 0.00
0.30 1.22 6.38 1.00 0.00
0.30 1.22 6.56 1.00 0.00
0.30 1.22 6.73 1.00 0.00
0.30 1.22 6.91 1.00 0.00
0.30 1.22 7.08 1.00 0.00
0.30 1.22 7.26 1.00 0.00
0.30 1.22 7.43 1.00 0.00
0.30 1.22 7.61 1.00 0.00
0.30 1.22 7.78 1.00 0.00
0.30 1.22 7.96 1.00 0.00
0.50 1.22 5.03 1.00 0.00
0.50 1.22 5.20 1.00 0.00
0.50 1.22 5.38 1.00 0.00
0.50 1.22 5.55 1.00 0.00
0.50 1.22 5.72 1.00 0.00
0.50 1.22 5.90 1.00 0.00
0.50 1.22 6.07 1.00 0.00
0.50 1.22 6.25 1.00 0.00
0.50 1.22 6.42 1.00 0.00
0.50 1.22 6.60 1.00 0.00
0.50 1.22 6.77 1.00 0.00
0.50 1.22 6.95 1.00 0.00
0.50 1.22 7.12 1.00 0.00
0.50 1.22 7.30 1.00 0.00
0.50 1.22 7.47 1.00 0.00
0.50 1.22 7.64 1.00 0.00
0.50 1.22 7.82 1.00 0.00
0.50 1.22 7.99 1.00 0.00
0.70 1.22 5.06 1.00 0.00
0.70 1.22 5.24 1.00 0.00
0.70 1.22 5.41 1.00 0.00
0.70 1.22 5.59 1.00 0.00
0.70 1.22 5.76 1.00 0.00
0.70 1.22 5.94 1.00 0.00
0.70 1.22 6.11 1.00 0.00
0.70 1.22 6.29 1.00 0.00
0.70 1.22 6.46 1.00 0.00
0.70 1.22 6.63 1.00 0.00
0.70 1.22 6.81 1.00 0.00
0.70 1.22 6.98 1.00 0.00
0.70 1.22 7.16 1.00 0.00
0.70 1.22 7.33 1.00 0.00
0.70 1.22 7.51 1.00 0.00
0.70 1.22 7.68 1.00 0.00
0.70 1.22 7.86 1.00 0.00
0.70 1.22 8.03 1.00 0.00
0.90 1.22 5.10 1.00 0.00
0.90 1.22 5.28 1.00 0.00
0.90 1.22 5.45 1.00 0.00
0.90 1.22 5.63 1.00 0.00
0.90 1.22 5.80 1.00 0.00
0.90 1.22 5.97 1.00 0.00
0.90 1.22 6.15 1.00 0.00
0.90 1.22 6.32 1.00 0.00
0.90 1.22 6.50 1.00 0.00
0.90 1.22 6.67 1.00 0.00
0.90 1.22 6.85 1.00 0.00
0.90 1.22 7.02 1.00 0.00
0.90 1.22 7.20 1.00 0.00
0.90 1.22 7.37 1.00 0.00
0.90 1.22 7.55 1.00 0.00
0.90 1.22 7.72 1.00 0.00
0.90 1.22 7.89 1.00 0.00
0.90 1.22 8.07 1.00 0.00
1.10 1.22 5.14 1.00 0.00
1.10 1.22 5.31 1.00 0.00
1.10 1.22 5.49 1.00 0.00
1.10 1.22 5.66 1.00 0.00
1.10 1.22 5.84 1.00 0.00
1.10 1.22 6.01 1.00 0.00
1.10 1.22 6.19 1.00 0.00
1.10 1.22 6.36 1.00 0.00
1.10 1.22 6.54 1.00 0.00
1.10 1.22 6.71 1.00 0.00
1.10 1.22 6.88 1.00 0.00
1.10 1.22 7.06 1.00 0.00
1.10 1.22 7.23 1.00 0.00
1.10 1.22 7.41 1.00 0.00
1.10 1.22 7.58 1.00 0.00
1.10 1.22 7.76 1.00 0.00
1.10 1.22 7.93 1.00 0.00
1.10 1.22 8.11 1.00 0.00
0.30 1.40 4.99 1.00 0.00
0.30 1.40 5.16 1.00 0.00
0.30 1.40 5.34 1.00 0.00
0.30 1.40 5.51 1.00 0.00
0.30 1.40 5.69 1.00 0.00
0.30 1.40 5.86 1.00 0.00
0.30 1.40 6.04 1.00 0.00
0.30 1.40 6.21 1.00 0.00
0.30 1.40 6.38 1.00 0.00
0.30 1.40 6.56 1.00 0.00
0.30 1.40 6.73 1.00 0.00
0.30 1.40 6.91 1.00 0.00
0.30 1.40 7.08 1.00 0.00
0.30 1.40 7.26 1.00 0.00
0.30 1.40 7.43 1.00 0.00
0.30 1.40 7.61 1.00 0.00
0.30 1.40 7.78 1.00 0.00
0.30 1.40 7.96 1.00 0.00
0.50 1.40 5.03 1.00 0.00
0.50 1.40 5.20 1.00 0.00
0.50 1.40 5.37 1.00 0.00
0.50 1.40 5.55 1.00 0.00
0.50 1.40 5.72 1.00 0.00
0.50 1.40 5.90 1.00 0.00
0.50 1.40 6.07 1.00 0.00
0.50 1.40 6.25 1.00 0.00
0.50 1.40 6.42 1.00 0.00
0.50 1.40 6.60 1.00 0.00
0.50 1.40 6.77 1.00 0.00
0.50 1.40 6.95 1.00 0.00
0.50 1.40 7.12 1.00 0.00
0.50 1.40 7.29 1.00 0.00
0.50 1.40 7.47 1.00 0.00
0.50 1.40 7.64 1.00 0.00
0.50 1.40 7.82 1.00 0.00
0.50 1.40 7.99 1.00 0.00
0.70 1.40 5.06 1.00 0.00
0.70 1.40 5.24 1.00 0.00
0.70 1.40 5.41 1.00 0.00
0.70 1.40 5.59 1.00 0.00
0.70 1.40 5.76 1.00 0.00
0.70 1.40 5.93 1.00 0.00
0.70 1.40 6.11 1.00 0.00
0.70 1.40 6.28 1.00 0.00
0.70 1.40 6.46 1.00 0.00
0.70 1.40 6.63 1.00 0.00
0.70 1.40 6.81 1.00 0.00
0.70 1.40 6.98 1.00 0.00
0.70 1.40 7.16 1.00 0.00
0.70 1.40 7.33 1.00 0.00
0.70 1.40 7.51 1.00 0.00
0.70 1.40 7.68 1.00 0.00
0.70 1.40 7.85 1.00 0.00
0.70 1.40 8.03 1.00 0.00
0.90 1.40 5.10 1.00 0.00
0.90 1.40 5.27 1.00 0.00
0.90 1.40 5.45 1.00 0.00
0.90 1.40 5.62 1.00 0.00
0.90 1.40 5.80 1.00 0.00
0.90 1.40 5.97 1.00 0.00
0.90 1.40 6.15 1.00 0.00
0.90 1.40 6.32 1.00 0.00
0.90 1.40 6.49 1.00 0.00
0.90 1.40 6.67 1.00 0.00
0.90 1.40 6.84 1.00 0.00
0.90 1.40 7.02 1.00 0.00
0.90 1.40 7.19 1.00 0.00
0.90 1.40 7.37 1.00 0.00
0.90 1.40 7.54 1.00 0.00
0.90 1.40 7.72 1.00 0.00
0.90 1.40 7.89 1.00 0.00
0.90 1.40 8.06 1.00 0.00
1.10 1.40 5.13 1.00 0.00
1.10 1.40 5.31 1.00 0.00
1.10 1.40 5.48 1.00 0.00
1.10 1.40 5.66 1.00 0.00
1.10 1.40 5.83 1.00 0.00
1.10 1.40 6.01 1.00 0.00
1.10 1.40 6.18 1.00 0.00
1.10 1.40 6.36 1.00 0.00
1.10 1.40 6.53 1.00 0.00
1.10 1.40 6.70 1.00 0.00
1.10 1.40 6.88 1.00 0.00
1.10 1.40 7.05 1.00 0.00
1.10 1.40 7.23 1.00 0.00
1.10 1.40 7.40 1.00 0.00
1.10 1.40 7.58 1.00 0.00
1.10 1.40 7.75 1.00 0.00
1.10 1.40 7.93 1.00 0.00
1.10 1.40 8.10 1.00 0.00
0.30 1.57 4.99 1.00 0.00
0.30 1.57 5.16 1.00 0.00
0.30 1.57 5.34 1.00 0.00
0.30 1.57 5.51 1.00 0.00
0.30 1.57 5.68 1.00 0.00
0.30 1.57 5.86 1.00 0.00
0.30 1.57 6.03 1.00 0.00
0.30 1.57 6.21 1.00 0.00
0.30 1.57 6.38 1.00 0.00
0.30 1.57 6.56 1.00 0.00
0.30 1.57 6.73 1.00 0.00
0.30 1.57 6.91 1.00 0.00
0.30 1.57 7.08 1.00 0.00
0.30 1.57 7.26 1.00 0.00
0.30 1.57 7.43 1.00 0.00
0.30 1.57 7.60 1.00 0.00
0.30 1.57 7.78 1.00 0.00
0.30 1.57 7.95 1.00 0.00
0.50 1.57 5.02 1.00 0.00
0.50 1.57 5.20 1.00 0.00
0.50 1.57 5.37 1.00 0.00
0.50 1.57 5.55 1.00 0.00
0.50 1.57 5.72 1.00 0.00
0.50 1.57 5.89 1.00 0.00
0.50 1.57 6.07 1.00 0.00
0.50 1.57 6.24 1.00 0.00
0.50 1.57 6.42 1.00 0.00
0.50 1.57 6.59 1.00 0.00
0.50 1.57 6.77 1.00 0.00
0.50 1.57 6.94 1.00 0.00
0.50 1.57 7.12 1.00 0.00
0.50 1.57 7.29 1.00 0.00
0.50 1.57 7.47 1.00 0.00
0.50 1.57 7.64 1.00 0.00
0.50 1.57 7.81 1.00 0.00
0.50 1.57 7.99 1.00 0.00
0.70 1.57 5.06 1.00 0.00
0.70 1.57 5.23 1.00 0.00
0.70 1.57 5.41 1.00 0.00
0.70 1.57 5.58 1.00 0.00
0.70 1.57 5.75 1.00 0.00
0.70 1.57 5.93 1.00 0.00
0.70 1.57 6.10 1.00 0.00
0.70 1.57 6.28 1.00 0.00
0.70 1.57 6.45 1.00 0.00
0.70 1.57 6.63 1.00 0.00
0.70 1.57 6.80 1.00 0.00
0.70 1.57 6.98 1.00 0.00
0.70 1.57 7.15 1.00 0.00
0.70 1.57 7.33 1.00 0.00
0.70 1.57 7.50 1.00 0.00
0.70 1.57 7.67 1.00 0.00
0.70 1.57 7.85 1.00 0.00
0.70 1.57 8.02 1.00 0.00
0.90 1.57 5.09 1.00 0.00
0.90 1.57 5.26 1.00 0.00
0.90 1.57 5.44 1.00 0.00
0.90 1.57 5.61 1.00 0.00
0.90 1.57 5.79 1.00 0.00
0.90 1.57 5.96 1.00 0.00
0.90 1.57 6.14 1.00 0.00
0.90 1.57 6.31 1.00 0.00
0.90 1.57 6.49 1.00 0.00
0.90 1.57 6.66 1.00 0.00
0.90 1.57 6.84 1.00 0.00
0.90 1.57 7.01 1.00 0.00
0.90 1.57 7.18 1.00 0.00
0.90 1.57 7.36 1.00 0.00
0.90 1.57 7.53 1.00 0.00
0.90 1.57 7.71 1.00 0.00
0.90 1.57 7.88 1.00 0.00
0.90 1.57 8.06 1.00 0.00
1.10 1.57 5.12 1.00 0.00
1.10 1.57 5.30 1.00 0.00
1.10 1.57 5.47 1.00 0.00
1.10 1.57 5.65 1.00 0.00
1.10 1.57 5.82 1.00 0.00
1.10 1.57 6.00 1.00 0.00
1.10 1.57 6.17 1.00 0.00
1.10 1.57 6.34 1.00 0.00
1.10 1.57 6.52 1.00 0.00
1.10 1.57 6.69 1.00 0.00
1.10 1.57 6.87 1.00 0.00
1.10 1.57 7.04 1.00 0.00
1.10 1.57 7.22 1.00 0.00
1.10 1.57 7.39 1.00 0.00
1.10 1.57 7.57 1.00 0.00
1.10 1.57 7.74 1.00 0.00
1.10 1.57 7.91 1.00 0.00
1.10 1.57 8.09 1.00 0.00
0.30 1.75 4.98 1.00 0.00
0.30 1.75 5.16 1.00 0.00
0.30 1.75 5.33 1.00 0.00
0.30 1.75 5.51 1.00 0.00
0.30 1.75 5.68 1.00 0.00
0.30 1.75 5.86 1.00 0.00
0.30 1.75 6.03 1.00 0.00
0.30 1.75 6.20 1.00 0.00
0.30 1.75 6.38 1.00 0.00
0.30 1.75 6.55 1.00 0.00
0.30 1.75 6.73 1.00 0.00
0.30 1.75 6.90 1.00 0.00
0.30 1.75 7.08 1.00 0.00
0.30 1.75 7.25 1.00 0.00
0.30 1.75 7.43 1.00 0.00
0.30 1.75 7.60 1.00 0.00
0.30 1.75 7.78 1.00 0.00
0.30 1.75 7.95 1.00 0.00
0.50 1.75 5.02 1.00 0.00
0.50 1.75 5.19 1.00 0.00
0.50 1.75 5.36 1.00 0.00
0.50 1.75 5.54 1.00 0.00
0.50 1.75 5.71 1.00 0.00
0.50 1.75 5.89 1.00 0.00
0.50 1.75 6.06 1.00 0.00
0.50 1.75 6.24 1.00 0.00
0.50 1.75 6.41 1.00 0.00
0.50 1.75 6.59 1.00 0.00
0.50 1.75 6.76 1.00 0.00
0.50 1.75 6.94 1.00 0.00
0.50 1.75 7.11 1.00 0.00
0.50 1.75 7.28 1.00 0.00
0.50 1.75 7.46 1.00 0.00
0.50 1.75 7.63 1.00 0.00
0.50 1.75 7.81 1.00 0.00
0.50 1.75 7.98 1.00 0.00
0.70 1.75 5.05 1.00 0.00
0.70 1.75 5.22 1.00 0.00
0.70 1.75 5.40 1.00 0.00
0.70 1.75 5.57 1.00 0.00
0.70 1.75 5.75 1.00 0.00
0.70 1.75 5.92 1.00 0.00
0.70 1.75 6.09 1.00 0.00
0.70 1.75 6.27 1.00 0.00
0.70 1.75 6.44 1.00 0.00
0.70 1.75 6.62 1.00 0.00
0.70 1.75 6.79 1.00 0.00
0.70 1.75 6.97 1.00 0.00
0.70 1.75 7.14 1.00 0.00
0.70 1.75 7.32 1.00 0.00
0.70 1.75 7.49 1.00 0.00
0.70 1.75 7.67 1.00 0.00
0.70 1.75 7.84 1.00 0.00
0.70 1.75 8.01 1.00 0.00
0.90 1.75 5.08 1.00 0.00
0.90 1.75 5.25 1.00 0.00
0.90 1.75 5.43 1.00 0.00
0.90 1.75 5.60 1.00 0.00
0.90 1.75 5.78 1.00 0.00
0.90 1.75 5.95 1.00 0.00
0.90 1.75 6.12 1.00 0.00
0.90 1.75 6.30 1.00 0.00
0.90 1.75 6.47 1.00 0.00
0.90 1.75 6.65 1.00 0.00
0.90 1.75 6.82 1.00 0.00
0.90 1.75 7.00 1.00 0.00
0.90 1.75 7.17 1.00 0.00
0.90 1.75 7.35 1.00 0.00
0.90 1.75 7.52 1.00 0.00
0.90 1.75 7.70 1.00 0.00
0.90 1.75 7.87 1.00 0.00
0.90 1.75 8.04 1.00 0.00
1.10 1.75 5.11 1.00 0.00
1.10 1.75 5.28 1.00 0.00
1.10 1.75 5.46 1.00 0.00
1.10 1.75 5.63 1.00 0.00
1.10 1.75 5.80 1.00 0.00
1.10 1.75 5.98 1.00 0.00
1.10 1.75 6.15 1.00 0.00
1.10 1.75 6.33 1.00 0.00
1.10 1.75 6.50 1.00 0.00
1.10 1.75 6.68 1.00 0.00
1.10 1.75 6.85 1.00 0.00
1.10 1.75 7.03 1.00 0.00
1.10 1.75 7.20 1.00 0.00
1.10 1.75 7.38 1.00 0.00
1.10 1.75 7.55 1.00 0.00
1.10 1.75 7.72 1.00 0.00
1.10 1.75 7.90 1.00 0.00
1.10 1.75 8.07 1.00 0.00
0.30 1.92 4.98 1.00 0.00
0.30 1.92 5.15 1.00 0.00
0.30 1.92 5.33 1.00 0.00
0.30 1.92 5.50 1.00 0.00
0.30 1.92 5.68 1.00 0.00
0.30 1.92 5.85 1.00 0.00
0.30 1.92 6.03 1.00 0.00
0.30 1.92 6.20 1.00 0.00
0.30 1.92 6.37 1.00 0.00
0.30 1.92 6.55 1.00 0.00
0.30 1.92 6.72 1.00 0.00
0.30 1.92 6.90 1.00 0.00
0.30 1.92 7.07 1.00 0.00
0.30 1.92 7.25 1.00 0.00
0.30 1.92 7.42 1.00 0.00
0.30 1.92 7.60 1.00 0.00
0.30 1.92 7.77 1.00 0.00
0.30 1.92 7.95 1.00 0.00
0.50 1.92 5.01 1.00 0.00
0.50 1.92 5.18 1.00 0.00
0.50 1.92 5.36 1.00 0.00
0.50 1.92 5.53 1.00 0.00
0.50 1.92 5.71 1.00 0.00
0.50 1.92 5.88 1.00 0.00
0.50 1.92 6.05 1.00 0.00
0.50 1.92 6.23 1.00 0.00
0.50 1.92 6.40 1.00 0.00
0.50 1.92 6.58 1.00 0.00
0.50 1.92 6.75 1.00 0.00
0.50 1.92 6.93 1.00 0.00
0.50 1.92 7.10 1.00 0.00
0.50 1.92 7.28 1.00 0.00
0.50 1.92 7.45 1.00 0.00
0.50 1.92 7.63 1.00 0.00
0.50 1.92 7.80 1.00 0.00
0.50 1.92 7.97 1.00 0.00
0.70 1.92 5.04 1.00 0.00
0.70 1.92 5.21 1.00 0.00
0.70 1.92 5.38 1.00 0.00
0.70 1.92 5.56 1.00 0.00
0.70 1.92 5.73 1.00 0.00
0.70 1.92 5.91 1.00 0.00
0.70 1.92 6.08 1.00 0.00
0.70 1.92 6.26 1.00 0.00
0.70 1.92 6.43 1.00 0.00
0.70 1.92 6.61 1.00 0.00
0.70 1.92 6.78 1.00 0.00
0.70 1.92 6.96 1.00 0.00
0.70 1.92 7.13 1.00 0.00
0.70 1.92 7.30 1.00 0.00
0.70 1.92 7.48 1.00 0.00
0.70 1.92 7.65 1.00 0.00
0.70 1.92 7.83 1.00 0.00
0.70 1.92 8.00 1.00 0.00
0.90 1.92 5.06 1.00 0.00
0.90 1.92 5.24 1.00 0.00
0.90 1.92 5.41 1.00 0.00
0.90 1.92 5.59 1.00 0.00
0.90 1.92 5.76 1.00 0.00
0.90 1.92 5.93 1.00 0.00
0.90 1.92 6.11 1.00 0.00
0.90 1.92 6.28 1.00 0.00
0.90 1.92 6.46 1.00 0.00
0.90 1.92 6.63 1.00 0.00
0.90 1.92 6.81 1.00 0.00
0.90 1.92 6.98 1.00 0.00
0.90 1.92 7.16 1.00 0.00
0.90 1.92 7.33 1.00 0.00
0.90 1.92 7.51 1.00 0.00
0.90 1.92 7.68 1.00 0.00
0.90 1.92 7.85 1.00 0.00
0.90 1.92 8.03 1.00 0.00
1.10 1.92 5.09 1.00 0.00
1.10 1.92 5.26 1.00 0.00
1.10 1.92 5.44 1.00 0.00
1.10 1.92 5.61 1.00 0.00
1.10 1.92 5.79 1.00 0.00
1.10 1.92 5.96 1.00 0.00
1.10 1.92 6.13 1.00 0.00
1.10 1.92 6.31 1.00 0.00
1.10 1.92 6.48 1.00 0.00
1.10 1.92 6.66 1.00 0.00
1.10 1.92 6.83 1.00 0.00
1.10 1.92 7.01 1.00 0.00
1.10 1.92 7.18 1.00 0.00
1.10 1.92 7.36 1.00 0.00
1.10 1.92 7.53 1.00 0.00
1.10 1.92 7.71 1.00 0.00
1.10 1.92 7.88 1.00 0.00
1.10 1.92 8.05 1.00 0.00
0.30 2.09 4.97 1.00 0.00
0.30 2.09 5.15 1.00 0.00
0.30 2.09 5.32 1.00 0.00
0.30 2.09 5.50 1.00 0.00
0.30 2.09 5.67 1.00 0.00
0.30 2.09 5.84 1.00 0.00
0.30 2.09 6.02 1.00 0.00
0.30 2.09 6.19 1.00 0.00
0.30 2.09 6.37 1.00 0.00
0.30 2.09 6.54 1.00 0.00
0.30 2.09 6.72 1.00 0.00
0.30 2.09 6.89 1.00 0.00
0.30 2.09 7.07 1.00 0.00
0.30 2.09 7.24 1.00 0.00
0.30 2.09 7.42 1.00 0.00
0.30 2.09 7.59 1.00 0.00
0.30 2.09 7.76 1.00 0.00
0.30 2.09 7.94 1.00 0.00
0.50 2.09 5.00 1.00 0.00
0.50 2.09 5.17 1.00 0.00
0.50 2.09 5.35 1.00 0.00
0.50 2.09 5.52 1.00 0.00
0.50 2.09 5.70 1.00 0.00
0.50 2.09 5.87 1.00 0.00
0.50 2.09 6.04 1.00 0.00
0.50 2.09 6.22 1.00 0.00
0.50 2.09 6.39 1.00 0.00
0.50 2.09 6.57 1.00 0.00
0.50 2.09 6.74 1.00 0.00
0.50 2.09 6.92 1.00 0.00
0.50 2.09 7.09 1.00 0.00
0.50 2.09 7.27 1.00 0.00
0.50 2.09 7.44 1.00 0.00
0.50 2.09 7.62 1.00 0.00
0.50 2.09 7.79 1.00 0.00
0.50 2.09 7.96 1.00 0.00
0.70 2.09 5.02 1.00 0.00
0.70 2.09 5.20 1.00 0.00
0.70 2.09 5.37 1.00 0.00
0.70 2.09 5.54 1.00 0.00
0.70 2.09 5.72 1.00 0.00
0.70 2.09 5.89 1.00 0.00
0.70 2.09 6.07 1.00 0.00
0.70 2.09 6.24 1.00 0.00
0.70 2.09 6.42 1.00 0.00
0.70 2.09 6.59 1.00 0.00
0.70 2.09 6.77 1.00 0.00
0.70 2.09 6.94 1.00 0.00
0.70 2.09 7.12 1.00 0.00
0.70 2.09 7.29 1.00 0.00
0.70 2.09 7.46 1.00 0.00
0.70 2.09 7.64 1.00 0.00
0.70 2.09 7.81 1.00 0.00
0.70 2.09 7.99 1.00 0.00
0.90 2.09 5.04 1.00 0.00
0.90 2.09 5.22 1.00 0.00
0.90 2.09 5.39 1.00 0.00
0.90 2.09 5.57 1.00 0.00
0.90 2.09 5.74 1.00 0.00
0.90 2.09 5.92 1.00 0.00
0.90 2.09 6.09 1.00 0.00
0.90 2.09 6.27 1.00 0.00
0.90 2.09 6.44 1.00 0.00
0.90 2.09 6.61 1.00 0.00
0.90 2.09 6.79 1.00 0.00
0.90 2.09 6.96 1.00 0.00
0.90 2.09 7.14 1.00 0.00
0.90 2.09 7.31 1.00 0.00
0.90 2.09 7.49 1.00 0.00
0.90 2.09 7.66 1.00 0.00
0.90 2.09 7.84 1.00 0.00
0.90 2.09 8.01 1.00 0.00
1.10 2.09 5.06 1.00 0.00
1.10 2.09 5.24 1.00 0.00
1.10 2.09 5.41 1.00 0.00
1.10 2.09 5.59 1.00 0.00
1.10 2.09 5.76 1.00 0.00
1.10 2.09 5.94 1.00 0.00
1.10 2.09 6.11 1.00 0.00
1.10 2.09 6.29 1.00 0.00
1.10 2.09 6.46 1.00 0.00
1.10 2.09 6.64 1.00 0.00
1.10 2.09 6.81 1.00 0.00
1.10 2.09 6.98 1.00 0.00
1.10 2.09 7.16 1.00 0.00
1.10 2.09 7.33 1.00 0.00
1.10 2.09 7.51 1.00 0.00
1.10 2.09 7.68 1.00 0.00
1.10 2.09 7.86 1.00 0.00
1.10 2.09 8.03 1.00 0.00
0.30 2.27 4.97 1.00 0.00
0.30 2.27 5.14 1.00 0.00
0.30 2.27 5.31 1.00 0.00
0.30 2.27 5.49 1.00 0.00
0.30 2.27 5.66 1.00 0.00
0.30 2.27 5.84 1.00 0.00
0.30 2.27 6.01 1.00 0.00
0.30 2.27 6.19 1.00 0.00
0.30 2.27 6.36 1.00 0.00
0.30 2.27 6.54 1.00 0.00
0.30 2.27 6.71 1.00 0.00
0.30 2.27 6.89 1.00 0.00
0.30 2.27 7.06 1.00 0.00
0.30 2.27 7.23 1.00 0.00
0.30 2.27 7.41 1.00 0.00
0.30 2.27 7.58 1.00 0.00
0.30 2.27 7.76 1.00 0.00
0.30 2.27 7.93 1.00 0.00
0.50 2.27 4.99 1.00 0.00
0.50 2.27 5.16 1.00 0.00
0.50 2.27 5.33 1.00 0.00
0.50 2.27 5.51 1.00 0.00
0.50 2.27 5.68 1.00 0.00
0.50 2.27 5.86 1.00 0.00
0.50 2.27 6.03 1.00 0.00
0.50 2.27 6.21 1.00 0.00
0.50 2.27 6.38 1.00 0.00
0.50 2.27 6.56 1.00 0.00
0.50 2.27 6.73 1.00 0.00
0.50 2.27 6.91 1.00 0.00
0.50 2.27 7.08 1.00 0.00
0.50 2.27 7.25 1.00 0.00
0.50 2.27 7.43 1.00 0.00
0.50 2.27 7.60 1.00 0.00
0.50 2.27 7.78 1.00 0.00
0.50 2.27 7.95 1.00 0.00
0.70 2.27 5.00 1.00 0.00
0.70 2.27 5.18 1.00 0.00
0.70 2.27 5.35 1.00 0.00
0.70 2.27 5.53 1.00 0.00
0.70 2.27 5.70 1.00 0.00
0.70 2.27 5.88 1.00 0.00
0.70 2.27 6.05 1.00 0.00
0.70 2.27 6.23 1.00 0.00
0.70 2.27 6.40 1.00 0.00
0.70 2.27 6.58 1.00 0.00
0.70 2.27 6.75 1.00 0.00
0.70 2.27 6.92 1.00 0.00
0.70 2.27 7.10 1.00 0.00
0.70 2.27 7.27 1.00 0.00
0.70 2.27 7.45 1.00 0.00
0.70 2.27 7.62 1.00 0.00
0.70 2.27 7.80 1.00 0.00
0.70 2.27 7.97 1.00 0.00
0.90 2.27 5.02 1.00 0.00
0.90 2.27 5.20 1.00 0.00
0.90 2.27 5.37 1.00 0.00
0.90 2.27 5.55 1.00 0.00
0.90 2.27 5.72 1.00 0.00
0.90 2.27 5.90 1.00 0.00
0.90 2.27 6.07 1.00 0.00
0.90 2.27 6.24 1.00 0.00
0.90 2.27 6.42 1.00 0.00
0.90 2.27 6.59 1.00 0.00
0.90 2.27 6.77 1.00 0.00
0.90 2.27 6.94 1.00 0.00
0.90 2.27 7.12 1.00 0.00
0.90 2.27 7.29 1.00 0.00
0.90 2.27 7.47 1.00 0.00
0.90 2.27 7.64 1.00 0.00
0.90 2.27 7.81 1.00 0.00
0.90 2.27 7.99 1.00 0.00
1.10 2.27 5.04 1.00 0.00
1.10 2.27 5.21 1.00 0.00
1.10 2.27 5.39 1.00 0.00
1.10 2.27 5.56 1.00 0.00
1.10 2.27 5.74 1.00 0.00
1.10 2.27 5.91 1.00 0.00
1.10 2.27 6.09 1.00 0.00
1.10 2.27 6.26 1.00 0.00
1.10 2.27 6.44 1.00 0.00
1.10 2.27 6.61 1.00 0.00
1.10 2.27 6.78 1.00 0.00
1.10 2.27 6.96 1.00 0.00
1.10 2.27 7.13 1.00 0.00
1.10 2.27 7.31 1.00 0.00
1.10 2.27 7.48 1.00 0.00
1.10 2.27 7.66 1.00 0.00
1.10 2.27 7.83 1.00 0.00
1.10 2.27 8.01 1.00 0.00
0.30 2.44 4.96 1.00 0.00
0.30 2.44 5.13 1.00 0.00
0.30 2.44 5.31 1.00 0.00
0.30 2.44 5.48 1.00 0.00
0.30 2.44 5.66 1.00 0.00
0.30 2.44 5.83 1.00 0.00
0.30 2.44 6.00 1.00 0.00
0.30 2.44 6.18 1.00 0.00
0.30 2.44 6.35 1.00 0.00
0.30 2.44 6.53 1.00 0.00
0.30 2.44 6.70 1.00 0.00
0.30 2.44 6.88 1.00 0.00
0.30 2.44 7.05 1.00 0.00
0.30 2.44 7.23 1.00 0.00
0.30 2.44 7.40 1.00 0.00
0.30 2.44 7.58 1.00 0.00
0.30 2.44 7.75 1.00 0.00
0.30 2.44 7.92 1.00 0.00
0.50 2.44 4.97 1.00 0.00
0.50 2.44 5.15 1.00 0.00
0.50 2.44 5.32 1.00 0.00
0.50 2.44 5.50 1.00 0.00
0.50 2.44 5.67 1.00 0.00
0.50 2.44 5.84 1.00 0.00
0.50 2.44 6.02 1.00 0.00
0.50 2.44 6.19 1.00 0.00
0.50 2.44 6.37 1.00 0.00
0.50 2.44 6.54 1.00 0.00
0.50 2.44 6.72 1.00 0.00
0.50 2.44 6.89 1.00 0.00
0.50 2.44 7.07 1.00 0.00
0.50 2.44 7.24 1.00 0.00
0.50 2.44 7.42 1.00 0.00
0.50 2.44 7.59 1.00 0.00
0.50 2.44 7.76 1.00 0.00
0.50 2.44 7.94 1.00 0.00
0.70 2.44 4.99 1.00 0.00
0.70 2.44 5.16 1.00 0.00
0.70 2.44 5.34 1.00 0.00
0.70 2.44 5.51 1.00 0.00
0.70 2.44 5.68 1.00 0.00
0.70 2.44 5.86 1.00 0.00
0.70 2.44 6.03 1.00 0.00
0.70 2.44 6.21 1.00 0.00
0.70 2.44 6.38 1.00 0.00
0.70 2.44 6.56 1.00 0.00
0.70 2.44 6.73 1.00 0.00
0.70 2.44 6.91 1.00 0.00
0.70 2.44 7.08 1.00 0.00
0.70 2.44 7.26 1.00 0.00
0.70 2.44 7.43 1.00 0.00
0.70 2.44 7.60 1.00 0.00
0.70 2.44 7.78 1.00 0.00
0.70 2.44 7.95 1.00 0.00
0.90 2.44 5.00 1.00 0.00
0.90 2.44 5.17 1.00 0.00
0.90 2.44 5.35 1.00 0.00
0.90 2.44 5.52 1.00 0.00
0.90 2.44 5.70 1.00 0.00
0.90 2.44 5.87 1.00 0.00
0.90 2.44 6.05 1.00 0.00
0.90 2.44 6.22 1.00 0.00
0.90 2.44 6.40 1.00 0.00
0.90 2.44 6.57 1.00 0.00
0.90 2.44 6.75 1.00 0.00
0.90 2.44 6.92 1.00 0.00
0.90 2.44 7.09 1.00 0.00
0.90 2.44 7.27 1.00 0.00
0.90 2.44 7.44 1.00 0.00
0.90 2.44 7.62 1.00 0.00
0.90 2.44 7.79 1.00 0.00
0.90 2.44 7.97 1.00 0.00
1.10 2.44 5.01 1.00 0.00
1.10 2.44 5.19 1.00 0.00
1.10 2.44 5.36 1.00 0.00
1.10 2.44 5.54 1.00 0.00
1.10 2.44 5.71 1.00 0.00
1.10 2.44 5.89 1.00 0.00
1.10 2.44 6.06 1.00 0.00
1.10 2.44 6.23 1.00 0.00
1.10 2.44 6.41 1.00 0.00
1.10 2.44 6.58 1.00 0.00
1.10 2.44 6.76 1.00 0.00
1.10 2.44 6.93 1.00 0.00
1.10 2.44 7.11 1.00 0.00
1.10 2.44 7.28 1.00 0.00
1.10 2.44 7.46 1.00 0.00
1.10 2.44 7.63 1.00 0.00
1.10 2.44 7.80 1.00 0.00
1.10 2.44 7.98 1.00 0.00
0.30 2.62 4.95 1.00 0.00
0.30 2.62 5.12 1.00 0.00
0.30 2.62 5.30 1.00 0.00
0.30 2.62 5.47 1.00 0.00
0.30 2.62 5.65 1.00 0.00
0.30 2.62 5.82 1.00 0.00
0.30 2.62 6.00 1.00 0.00
0.30 2.62 6.17 1.00 0.00
0.30 2.62 6.34 1.00 0.00
0.30 2.62 6.52 1.00 0.00
0.30 2.62 6.69 1.00 0.00
0.30 2.62 6.87 1.00 0.00
0.30 2.62 7.04 1.00 0.00
0.30 2.62 7.22 1.00 0.00
0.30 2.62 7.39 1.00 0.00
0.30 2.62 7.57 1.00 0.00
0.30 2.62 7.74 1.00 0.00
0.30 2.62 7.92 1.00 0.00
0.50 2.62 4.96 1.00 0.00
0.50 2.62 5.13 1.00 0.00
0.50 2.62 5.31 1.00 0.00
0.50 2.62 5.48 1.00 0.00
0.50 2.62 5.66 1.00 0.00
0.50 2.62 5.83 1.00 0.00
0.50 2.62 6.01 1.00 0.00
0.50 2.62 6.18 1.00 0.00
0.50 2.62 6.35 1.00 0.00
0.50 2.62 6.53 1.00 0.00
0.50 2.62 6.70 1.00 0.00
0.50 2.62 6.88 1.00 0.00
0.50 2.62 7.05 1.00 0.00
0.50 2.62 7.23 1.00 0.00
0.50 2.62 7.40 1.00 0.00
0.50 2.62 7.58 1.00 0.00
0.50 2.62 7.75 1.00 0.00
0.50 2.62 7.93 1.00 0.00
0.70 2.62 4.97 1.00 0.00
0.70 2.62 5.14 1.00 0.00
0.70 2.62 5.32 1.00 0.00
0.70 2.62 5.49 1.00 0.00
0.70 2.62 5.67 1.00 0.00
0.70 2.62 5.84 1.00 0.00
0.70 2.62 6.01 1.00 0.00
0.70 2.62 6.19 1.00 0.00
0.70 2.62 6.36 1.00 0.00
0.70 2.62 6.54 1.00 0.00
0.70 2.62 6.71 1.00 0.00
0.70 2.62 6.89 1.00 0.00
0.70 2.62 7.06 1.00 0.00
0.70 2.62 7.24 1.00 0.00
0.70 2.62 7.41 1.00 0.00
0.70 2.62 7.59 1.00 0.00
0.70 2.62 7.76 1.00 0.00
0.70 2.62 7.93 1.00 0.00
0.90 2.62 4.98 1.00 0.00
0.90 2.62 5.15 1.00 0.00
0.90 2.62 5.32 1.00 0.00
0.90 2.62 5.50 1.00 0.00
0.90 2.62 5.67 1.00 0.00
0.90 2.62 5.85 1.00 0.00
0.90 2.62 6.02 1.00 0.00
0.90 2.62 6.20 1.00 0.00
0.90 2.62 6.37 1.00 0.00
0.90 2.62 6.55 1.00 0.00
0.90 2.62 6.72 1.00 0.00
0.90 2.62 6.90 1.00 0.00
0.90 2.62 7.07 1.00 0.00
0.90 2.62 7.24 1.00 0.00
0.90 2.62 7.42 1.00 0.00
0.90 2.62 7.59 1.00 0.00
0.90 2.62 7.77 1.00 0.00
0.90 2.62 7.94 1.00 0.00
1.10 2.62 4.98 1.00 0.00
1.10 2.62 5.16 1.00 0.00
1.10 2.62 5.33 1.00 0.00
1.10 2.62 5.51 1.00 0.00
1.10 2.62 5.68 1.00 0.00
1.10 2.62 5.86 1.00 0.00
1.10 2.62 6.03 1.00 0.00
1.10 2.62 6.21 1.00 0.00
1.10 2.62 6.38 1.00 0.00
1.10 2.62 6.55 1.00 0.00
1.10 2.62 6.73 1.00 0.00
1.10 2.62 6.90 1.00 0.00
1.10 2.62 7.08 1.00 0.00
1.10 2.62 7.25 1.00 0.00
1.10 2.62 7.43 1.00 0.00
1.10 2.62 7.60 1.00 0.00
1.10 2.62 7.78 1.00 0.00
1.10 2.62 7.95 1.00 0.00
0.30 2.79 4.94 1.00 0.00
0.30 2.79 5.11 1.00 0.00
0.30 2.79 5.29 1.00 0.00
0.30 2.79 5.46 1.00 0.00
0.30 2.79 5.64 1.00 0.00
0.30 2.79 5.81 1.00 0.00
0.30 2.79 5.99 1.00 0.00
0.30 2.79 6.16 1.00 0.00
0.30 2.79 6.34 1.00 0.00
0.30 2.79 6.51 1.00 0.00
0.30 2.79 6.68 1.00 0.00
0.30 2.79 6.86 1.00 0.00
0.30 2.79 7.03 1.00 0.00
0.30 2.79 7.21 1.00 0.00
0.30 2.79 7.38 1.00 0.00
0.30 2.79 7.56 1.00 0.00
0.30 2.79 7.73 1.00 0.00
0.30 2.79 7.91 1.00 0.00
0.50 2.79 4.94 1.00 0.00
0.50 2.79 5.12 1.00 0.00
0.50 2.79 5.29 1.00 0.00
0.50 2.79 5.47 1.00 0.00
0.50 2.79 5.64 1.00 0.00
0.50 2.79 5.82 1.00 0.00
0.50 2.79 5.99 1.00 0.00
0.50 2.79 6.17 1.00 0.00
0.50 2.79 6.34 1.00 0.00
0.50 2.79 6.51 1.00 0.00
0.50 2.79 6.69 1.00 0.00
0.50 2.79 6.86 1.00 0.00
0.50 2.79 7.04 1.00 0.00
0.50 2.79 7.21 1.00 0.00
0.50 2.79 7.39 1.00 0.00
0.50 2.79 7.56 1.00 0.00
0.50 2.79 7.74 1.00 0.00
0.50 2.79 7.91 1.00 0.00
0.70 2.79 4.95 1.00 0.00
0.70 2.79 5.12 1.00 0.00
0.70 2.79 5.30 1.00 0.00
0.70 2.79 5.47 1.00 0.00
0.70 2.79 5.65 1.00 0.00
0.70 2.79 5.82 1.00 0.00
0.70 2.79 5.99 1.00 0.00
0.70 2.79 6.17 1.00 0.00
0.70 2.79 6.34 1.00 0.00
0.70 2.79 6.52 1.00 0.00
0.70 2.79 6.69 1.00 0.00
0.70 2.79 6.87 1.00 0.00
0.70 2.79 7.04 1.00 0.00
0.70 2.79 7.22 1.00 0.00
0.70 2.79 7.39 1.00 0.00
0.70 2.79 7.57 1.00 0.00
0.70 2.79 7.74 1.00 0.00
0.70 2.79 7.91 1.00 0.00
0.90 2.79 4.95 1.00 0.00
0.90 2.79 5.13 1.00 0.00
0.90 2.79 5.30 1.00 0.00
0.90 2.79 5.47 1.00 0.00
0.90 2.79 5.65 1.00 0.00
0.90 2.79 5.82 1.00 0.00
0.90 2.79 6.00 1.00 0.00
0.90 2.79 6.17 1.00 0.00
0.90 2.79 6.35 1.00 0.00
0.90 2.79 6.52 1.00 0.00
0.90 2.79 6.70 1.00 0.00
0.90 2.79 6.87 1.00 0.00
0.90 2.79 7.05 1.00 0.00
0.90 2.79 7.22 1.00 0.00
0.90 2.79 7.39 1.00 0.00
0.90 2.79 7.57 1.00 0.00
0.90 2.79 7.74 1.00 0.00
0.90 2.79 7.92 1.00 0.00
1.10 2.79 4.95 1.00 0.00
1.10 2.79 5.13 1.00 0.00
1.10 2.79 5.30 1.00 0.00
1.10 2.79 5.48 1.00 0.00
1.10 2.79 5.65 1.00 0.00
1.10 2.79 5.83 1.00 0.00
1.10 2.79 6.00 1.00 0.00
1.10 2.79 6.18 1.00 0.00
1.10 2.79 6.35 1.00 0.00
1.10 2.79 6.53 1.00 0.00
1.10 2.79 6.70 1.00 0.00
1.10 2.79 6.87 1.00 0.00
1.10 2.79 7.05 1.00 0.00
1.10 2.79 7.22 1.00 0.00
1.10 2.79 7.40 1.00 0.00
1.10 2.79 7.57 1.00 0.00
1.10 2.79 7.75 1.00 0.00
1.10 2.79 7.92 1.00 0.00
0.30 2.97 4.93 1.00 0.00
0.30 2.97 5.10 1.00 0.00
0.30 2.97 5.28 1.00 0.00
0.30 2.97 5.45 1.00 0.00
0.30 2.97 5.63 1.00 0.00
0.30 2.97 5.80 1.00 0.00
0.30 2.97 5.98 1.00 0.00
0.30 2.97 6.15 1.00 0.00
0.30 2.97 6.33 1.00 0.00
0.30 2.97 6.50 1.00 0.00
0.30 2.97 6.68 1.00 0.00
0.30 2.97 6.85 1.00 0.00
0.30 2.97 7.02 1.00 0.00
0.30 2.97 7.20 1.00 0.00
0.30 2.97 7.37 1.00 0.00
0.30 2.97 7.55 1.00 0.00
0.30 2.97 7.72 1.00 0.00
0.30 2.97 7.90 1.00 0.00
0.50 2.97 4.93 1.00 0.00
0.50 2.97 5.10 1.00 0.00
0.50 2.97 5.28 1.00 0.00
0.50 2.97 5.45 1.00 0.00
0.50 2.97 5.63 1.00 0.00
0.50 2.97 5.80 1.00 0.00
0.50 2.97 5.98 1.00 0.00
0.50 2.97 6.15 1.00 0.00
0.50 2.97 6.32 1.00 0.00
0.50 2.97 6.50 1.00 0.00
0.50 2.97 6.67 1.00 0.00
0.50 2.97 6.85 1.00 0.00
0.50 2.97 7.02 1.00 0.00
0.50 2.97 7.20 1.00 0.00
0.50 2.97 7.37 1.00 0.00
0.50 2.97 7.55 1.00 0.00
0.50 2.97 7.72 1.00 0.00
0.50 2.97 7.90 1.00 0.00
0.70 2.97 4.93 1.00 0.00
0.70 2.97 5.10 1.00 0.00
0.70 2.97 5.28 1.00 0.00
0.70 2.97 5.45 1.00 0.00
0.70 2.97 5.63 1.00 0.00
0.70 2.97 5.80 1.00 0.00
0.70 2.97 5.97 1.00 0.00
0.70 2.97 6.15 1.00 0.00
0.70 2.97 6.32 1.00 0.00
0.70 2.97 6.50 1.00 0.00
0.70 2.97 6.67 1.00 0.00
0.70 2.97 6.85 1.00 0.00
0.70 2.97 7.02 1.00 0.00
0.70 2.97 7.20 1.00 0.00
0.70 2.97 7.37 1.00 0.00
0.70 2.97 7.55 1.00 0.00
0.70 2.97 7.72 1.00 0.00
0.70 2.97 7.89 1.00 0.00
0.90 2.97 4.93 1.00 0.00
0.90 2.97 5.10 1.00 0.00
0.90 2.97 5.28 1.00 0.00
0.90 2.97 5.45 1.00 0.00
0.90 2.97 5.62 1.00 0.00
0.90 2.97 5.80 1.00 0.00
0.90 2.97 5.97 1.00 0.00
0.90 2.97 6.15 1.00 0.00
0.90 2.97 6.32 1.00 0.00
0.90 2.97 6.50 1.00 0.00
0.90 2.97 6.67 1.00 0.00
0.90 2.97 6.85 1.00 0.00
0.90 2.97 7.02 1.00 0.00
0.90 2.97 7.19 1.00 0.00
0.90 2.97 7.37 1.00 0.00
0.90 2.97 7.54 1.00 0.00
0.90 2.97 7.72 1.00 0.00
0.90 2.97 7.89 1.00 0.00
1.10 2.97 4.92 1.00 0.00
1.10 2.97 5.10 1.00 0.00
1.10 2.97 5.27 1.00 0.00
1.10 2.97 5.45 1.00 0.00
1.10 2.97 5.62 1.00 0.00
1.10 2.97 5.80 1.00 0.00
1.10 2.97 5.97 1.00 0.00
1.10 2.97 6.15 1.00 0.00
1.10 2.97 6.32 1.00 0.00
1.10 2.97 6.50 1.00 0.00
1.10 2.97 6.67 1.00 0.00
1.10 2.97 6.84 1.00 0.00
1.10 2.97 7.02 1.00 0.00
1.10 2.97 7.19 1.00 0.00
1.10 2.97 7.37 1.00 0.00
1.10 2.97 7.54 1.00 0.00
1.10 2.97 7.72 1.00 0.00
1.10 2.97 7.89 1.00 0.00
0.30 3.14 4.92 1.00 0.00
0.30 3.14 5.10 1.00 0.00
0.30 3.14 5.27 1.00 0.00
0.30 3.14 5.44 1.00 0.00
0.30 3.14 5.62 1.00 0.00
0.30 3.14 5.79 1.00 0.00
0.30 3.14 5.97 1.00 0.00
0.30 3.14 6.14 1.00 0.00
0.30 3.14 6.32 1.00 0.00
0.30 3.14 6.49 1.00 0.00
0.30 3.14 6.67 1.00 0.00
0.30 3.14 6.84 1.00 0.00
0.30 3.14 7.02 1.00 0.00
0.30 3.14 7.19 1.00 0.00
0.30 3.14 7.36 1.00 0.00
0.30 3.14 7.54 1.00 0.00
0.30 3.14 7.71 1.00 0.00
0.30 3.14 7.89 1.00 0.00
0.50 3.14 4.91 1.00 0.00
0.50 3.14 5.09 1.00 0.00
0.50 3.14 5.26 1.00 0.00
0.50 3.14 5.44 1.00 0.00
0.50 3.14 5.61 1.00 0.00
0.50 3.14 5.79 1.00 0.00
0.50 3.14 5.96 1.00 0.00
0.50 3.14 6.14 1.00 0.00
0.50 3.14 6.31 1.00 0.00
0.50 3.14 6.48 1.00 0.00
0.50 3.14 6.66 1.00 0.00
0.50 3.14 6.83 1.00 0.00
0.50 3.14 7.01 1.00 0.00
0.50 3.14 7.18 1.00 0.00
0.50 3.14 7.36 1.00 0.00
0.50 3.14 7.53 1.00 0.00
0.50 3.14 7.71 1.00 0.00
0.50 3.14 7.88 1.00 0.00
0.70 3.14 4.91 1.00 0.00
0.70 3.14 5.08 1.00 0.00
0.70 3.14 5.26 1.00 0.00
0.70 3.14 5.43 1.00 0.00
0.70 3.14 5.61 1.00 0.00
0.70 3.14 5.78 1.00 0.00
0.70 3.14 5.95 1.00 0.00
0.70 3.14 6.13 1.00 0.00
0.70 3.14 6.30 1.00 0.00
0.70 3.14 6.48 1.00 0.00
0.70 3.14 6.65 1.00 0.00
0.70 3.14 6.83 1.00 0.00
0.70 3.14 7.00 1.00 0.00
0.70 3.14 7.18 1.00 0.00
0.70 3.14 7.35 1.00 0.00
0.70 3.14 7.53 1.00 0.00
0.70 3.14 7.70 1.00 0.00
0.70 3.14 7.87 1.00 0.00
0.90 3.14 4.90 1.00 0.00
0.90 3.14 5.08 1.00 0.00
0.90 3.14 5.25 1.00 0.00
0.90 3.14 5.42 1.00 0.00
0.90 3.14 5.60 1.00 0.00
0.90 3.14 5.77 1.00 0.00
0.90 3.14 5.95 1.00 0.00
0.90 3.14 6.12 1.00 0.00
0.90 3.14 6.30 1.00 0.00
0.90 3.14 6.47 1.00 0.00
0.90 3.14 6.65 1.00 0.00
0.90 3.14 6.82 1.00 0.00
0.90 3.14 7.00 1.00 0.00
0.90 3.14 7.17 1.00 0.00
0.90 3.14 7.34 1.00 0.00
0.90 3.14 7.52 1.00 0.00
0.90 3.14 7.69 1.00 0.00
0.90 3.14 7.87 1.00 0.00
1.10 3.14 4.90 1.00 0.00
1.10 3.14 5.07 1.00 0.00
1.10 3.14 5.24 1.00 0.00
1.10 3.14 5.42 1.00 0.00
1.10 3.14 5.59 1.00 0.00
1.10 3.14 5.77 1.00 0.00
1.10 3.14 5.94 1.00 0.00
1.10 3.14 6.12 1.00 0.00
1.10 3.14 6.29 1.00 0.00
1.10 3.14 6.47 1.00 0.00
1.10 3.14 6.64 1.00 0.00
1.10 3.14 6.82 1.00 0.00
1.10 3.14 6.99 1.00 0.00
1.10 3.14 7.16 1.00 0.00
1.10 3.14 7.34 1.00 0.00
1.10 3.14 7.51 1.00 0.00
1.10 3.14 7.69 1.00 0.00
1.10 3.14 7.86 1.00 0.00
0.30 3.32 4.91 1.00 0.00
0.30 3.32 5.09 1.00 0.00
0.30 3.32 5.26 1.00 0.00
0.30 3.32 5.44 1.00 0.00
0.30 3.32 5.61 1.00 0.00
0.30 3.32 5.78 1.00 0.00
0.30 3.32 5.96 1.00 0.00
0.30 3.32 6.13 1.00 0.00
0.30 3.32 6.31 1.00 0.00
0.30 3.32 6.48 1.00 0.00
0.30 3.32 6.66 1.00 0.00
0.30 3.32 6.83 1.00 0.00
0.30 3.32 7.01 1.00 0.00
0.30 3.32 7.18 1.00 0.00
0.30 3.32 7.36 1.00 0.00
0.30 3.32 7.53 1.00 0.00
0.30 3.32 7.70 1.00 0.00
0.30 3.32 7.88 1.00 0.00
0.50 3.32 4.90 1.00 0.00
0.50 3.32 5.07 1.00 0.00
0.50 3.32 5.25 1.00 0.00
0.50 3.32 5.42 1.00 0.00
0.50 3.32 5.60 1.00 0.00
0.50 3.32 5.77 1.00 0.00
0.50 3.32 5.95 1.00 0.00
0.50 3.32 6.12 1.00 0.00
0.50 3.32 6.30 1.00 0.00
0.50 3.32 6.47 1.00 0.00
0.50 3.32 6.64 1.00 0.00
0.50 3.32 6.82 1.00 0.00
0.50 3.32 6.99 1.00 0.00
0.50 3.32 7.17 1.00 0.00
0.50 3.32 7.34 1.00 0.00
0.50 3.32 7.52 1.00 0.00
0.50 3.32 7.69 1.00 0.00
0.50 3.32 7.87 1.00 0.00
0.70 3.32 4.89 1.00 0.00
0.70 3.32 5.06 1.00 0.00
0.70 3.32 5.24 1.00 0.00
0.70 3.32 5.41 1.00 0.00
0.70 3.32 5.59 1.00 0.00
0.70 3.32 5.76 1.00 0.00
0.70 3.32 5.93 1.00 0.00
0.70 3.32 6.11 1.00 0.00
0.70 3.32 6.28 1.00 0.00
0.70 3.32 6.46 1.00 0.00
0.70 3.32 6.63 1.00 0.00
0.70 3.32 6.81 1.00 0.00
0.70 3.32 6.98 1.00 0.00
0.70 3.32 7.16 1.00 0.00
0.70 3.32 7.33 1.00 0.00
0.70 3.32 7.51 1.00 0.00
0.70 3.32 7.68 1.00 0.00
0.70 3.32 7.85 1.00 0.00
0.90 3.32 4.88 1.00 0.00
0.90 3.32 5.05 1.00 0.00
0.90 3.32 5.23 1.00 0.00
0.90 3.32 5.40 1.00 0.00
0.90 3.32 5.57 1.00 0.00
0.90 3.32 5.75 1.00 0.00
0.90 3.32 5.92 1.00 0.00
0.90 3.32 6.10 1.00 0.00
0.90 3.32 6.27 1.00 0.00
0.90 3.32 6.45 1.00 0.00
0.90 3.32 6.62 1.00 0.00
0.90 3.32 6.80 1.00 0.00
0.90 3.32 6.97 1.00 0.00
0.90 3.32 7.15 1.00 0.00
0.90 3.32 7.32 1.00 0.00
0.90 3.32 7.49 1.00 0.00
0.90 3.32 7.67 1.00 0.00
0.90 3.32 7.84 1.00 0.00
1.10 3.32 4.87 1.00 0.00
1.10 3.32 5.04 1.00 0.00
1.10 3.32 5.22 1.00 0.00
1.10 3.32 5.39 1.00 0.00
1.10 3.32 5.56 1.00 0.00
1.10 3.32 5.74 1.00 0.00
1.10 3.32 5.91 1.00 0.00
1.10 3.32 6.09 1.00 0.00
1.10 3.32 6.26 1.00 0.00
1.10 3.32 6.44 1.00 0.00
1.10 3.32 6.61 1.00 0.00
1.10 3.32 6.79 1.00 0.00
1.10 3.32 6.96 1.00 0.00
1.10 3.32 7.14 1.00 0.00
1.10 3.32 7.31 1.00 0.00
1.10 3.32 7.48 1.00 0.00
1.10 3.32 7.66 1.00 0.00
1.10 3.32 7.83 1.00 0.00
0.30 3.49 4.90 1.00 0.00
0.30 3.49 5.08 1.00 0.00
0.30 3.49 5.25 1.00 0.00
0.30 3.49 5.43 1.00 0.00
0.30 3.49 5.60 1.00 0.00
0.30 3.49 5.78 1.00 0.00
0.30 3.49 5.95 1.00 0.00
0.30 3.49 6.13 1.00 0.00
0.30 3.49 6.30 1.00 0.00
0.30 3.49 6.47 1.00 0.00
0.30 3.49 6.65 1.00 0.00
0.30 3.49 6.82 1.00 0.00
0.30 3.49 7.00 1.00 0.00
0.30 3.49 7.17 1.00 0.00
0.30 3.49 7.35 1.00 0.00
0.30 3.49 7.52 1.00 0.00
0.30 3.49 7.70 1.00 0.00
0.30 3.49 7.87 1.00 0.00
0.50 3.49 4.89 1.00 0.00
0.50 3.49 5.06 1.00 0.00
0.50 3.49 5.23 1.00 0.00
0.50 3.49 5.41 1.00 0.00
0.50 3.49 5.58 1.00 0.00
0.50 3.49 5.76 1.00 0.00
0.50 3.49 5.93 1.00 0.00
0.50 3.49 6.11 1.00 0.00
0.50 3.49 6.28 1.00 0.00
0.50 3.49 6.46 1.00 0.00
0.50 3.49 6.63 1.00 0.00
0.50 3.49 6.81 1.00 0.00
0.50 3.49 6.98 1.00 0.00
0.50 3.49 7.15 1.00 0.00
0.50 3.49 7.33 1.00 0.00
0.50 3.49 7.50 1.00 0.00
0.50 3.49 7.68 1.00 0.00
0.50 3.49 7.85 1.00 0.00
0.70 3.49 4.87 1.00 0.00
0.70 3.49 5.04 1.00 0.00
0.70 3.49 5.22 1.00 0.00
0.70 3.49 5.39 1.00 0.00
0.70 3.49 5.57 1.00 0.00
0.70 3.49 5.74 1.00 0.00
0.70 3.49 5.92 1.00 0.00
0.70 3.49 6.09 1.00 0.00
0.70 3.49 6.27 1.00 0.00
0.70 3.49 6.44 1.00 0.00
0.70 3.49 6.61 1.00 0.00
0.70 3.49 6.79 1.00 0.00
0.70 3.49 6.96 1.00 0.00
0.70 3.49 7.14 1.00 0.00
0.70 3.49 7.31 1.00 0.00
0.70 3.49 7.49 1.00 0.00
0.70 3.49 7.66 1.00 0.00
0.70 3.49 7.84 1.00 0.00
0.90 3.49 4.85 1.00 0.00
0.90 3.49 5.03 1.00 0.00
0.90 3.49 5.20 1.00 0.00
0.90 3.49 5.38 1.00 0.00
0.90 3.49 5.55 1.00 0.00
0.90 3.49 5.73 1.00 0.00
0.90 3.49 5.90 1.00 0.00
0.90 3.49 6.07 1.00 0.00
0.90 3.49 6.25 1.00 0.00
0.90 3.49 6.42 1.00 0.00
0.90 3.49 6.60 1.00 0.00
0.90 3.49 6.77 1.00 0.00
0.90 3.49 6.95 1.00 0.00
0.90 3.49 7.12 1.00 0.00
0.90 3.49 7.30 1.00 0.00
0.90 3.49 7.47 1.00 0.00
0.90 3.49 7.65 1.00 0.00
0.90 3.49 7.82 1.00 0.00
1.10 3.49 4.84 1.00 0.00
1.10 3.49 5.01 1.00 0.00
1.10 3.49 5.19 1.00 0.00
1.10 3.49 5.36 1.00 0.00
1.10 3.49 5.54 1.00 0.00
1.10 3.49 5.71 1.00 0.00
1.10 3.49 5.89 1.00 0.00
1.10 3.49 6.06 1.00 0.00
1.10 3.49 6.23 1.00 0.00
1.10 3.49 6.41 1.00 0.00
1.10 3.49 6.58 1.00 0.00
1.10 3.49 6.76 1.00 0.00
1.10 3.49 6.93 1.00 0.00
1.10 3.49 7.11 1.00 0.00
1.10 3.49 7.28 1.00 0.00
1.10 3.49 7.46 1.00 0.00
1.10 3.49 7.63 1.00 0.00
1.10 3.49 7.81 1.00 0.00
0.30 3.67 4.90 1.00 0.00
0.30 3.67 5.07 1.00 0.00
0.30 3.67 5.25 1.00 0.00
0.30 3.67 5.42 1.00 0.00
0.30 3.67 5.59 1.00 0.00
0.30 3.67 5.77 1.00 0.00
0.30 3.67 5.94 1.00 0.00
0.30 3.67 6.12 1.00 0.00
0.30 3.67 6.29 1.00 0.00
0.30 3.67 6.47 1.00 0.00
0.30 3.67 6.64 1.00 0.00
0.30 3.67 6.82 1.00 0.00
0.30 3.67 6.99 1.00 0.00
0.30 3.67 7.17 1.00 0.00
0.30 3.67 7.34 1.00 0.00
0.30 3.67 7.51 1.00 0.00
0.30 3.67 7.69 1.00 0.00
0.30 3.67 7.86 1.00 0.00
0.50 3.67 4.87 1.00 0.00
0.50 3.67 5.05 1.00 0.00
0.50 3.67 5.22 1.00 0.00
0.50 3.67 5.40 1.00 0.00
0.50 3.67 5.57 1.00 0.00
0.50 3.67 5.75 1.00 0.00
0.50 3.67 5.92 1.00 0.00
0.50 3.67 6.10 1.00 0.00
0.50 3.67 6.27 1.00 0.00
0.50 3.67 6.44 1.00 0.00
0.50 3.67 6.62 1.00 0.00
0.50 3.67 6.79 1.00 0.00
0.50 3.67 6.97 1.00 0.00
0.50 3.67 7.14 1.00 0.00
0.50 3.67 7.32 1.00 0.00
0.50 3.67 7.49 1.00 0.00
0.50 3.67 7.67 1.00 0.00
0.50 3.67 7.84 1.00 0.00
0.70 3.67 4.85 1.00 0.00
0.70 3.67 5.03 1.00 0.00
0.70 3.67 5.20 1.00 0.00
0.70 3.67 5.38 1.00 0.00
0.70 3.67 5.55 1.00 0.00
0.70 3.67 5.72 1.00 0.00
0.70 3.67 5.90 1.00 0.00
0.70 3.67 6.07 1.00 0.00
0.70 3.67 6.25 1.00 0.00
0.70 3.67 6.42 1.00 0.00
0.70 3.67 6.60 1.00 0.00
0.70 3.67 6.77 1.00 0.00
0.70 3.67 6.95 1.00 0.00
0.70 3.67 7.12 1.00 0.00
0.70 3.67 7.30 1.00 0.00
0.70 3.67 7.47 1.00 0.00
0.70 3.67 7.64 1.00 0.00
0.70 3.67 7.82 1.00 0.00
0.90 3.67 4.83 1.00 0.00
0.90 3.67 5.01 1.00 0.00
0.90 3.67 5.18 1.00 0.00
0.90 3.67 5.36 1.00 0.00
0.90 3.67 5.53 1.00 0.00
0.90 3.67 5.70 1.00 0.00
0.90 3.67 5.88 1.00 0.00
0.90 3.67 6.05 1.00 0.00
0.90 3.67 6.23 1.00 0.00
0.90 3.67 6.40 1.00 0.00
0.90 3.67 6.58 1.00 0.00
0.90 3.67 6.75 1.00 0.00
0.90 3.67 6.93 1.00 0.00
0.90 3.67 7.10 1.00 0.00
0.90 3.67 7.27 1.00 0.00
0.90 3.67 7.45 1.00 0.00
0.90 3.67 7.62 1.00 0.00
0.90 3.67 7.80 1.00 0.00
1.10 3.67 4.81 1.00 0.00
1.10 3.67 4.99 1.00 0.00
1.10 3.67 5.16 1.00 0.00
1.10 3.67 5.34 1.00 0.00
1.10 3.67 5.51 1.00 0.00
1.10 3.67 5.68 1.00 0.00
1.10 3.67 5.86 1.00 0.00
1.10 3.67 6.03 1.00 0.00
1.10 3.67 6.21 1.00 0.00
1.10 3.67 6.38 1.00 0.00
1.10 3.67 6.56 1.00 0.00
1.10 3.67 6.73 1.00 0.00
1.10 3.67 6.91 1.00 0.00
1.10 3.67 7.08 1.00 0.00
1.10 3.67 7.26 1.00 0.00
1.10 3.67 7.43 1.00 0.00
1.10 3.67 7.60 1.00 0.00
1.10 3.67 7.78 1.00 0.00
0.30 3.84 4.89 1.00 0.00
0.30 3.84 5.06 1.00 0.00
0.30 3.84 5.24 1.00 0.00
0.30 3.84 5.41 1.00 0.00
0.30 3.84 5.59 1.00 0.00
0.30 3.84 5.76 1.00 0.00
0.30 3.84 5.94 1.00 0.00
0.30 3.84 6.11 1.00 0.00
0.30 3.84 6.29 1.00 0.00
0.30 3.84 6.46 1.00 0.00
0.30 3.84 6.63 1.00 0.00
0.30 3.84 6.81 1.00 0.00
0.30 3.84 6.98 1.00 0.00
0.30 3.84 7.16 1.00 0.00
0.30 3.84 7.33 1.00 0.00
0.30 3.84 7.51 1.00 0.00
0.30 3.84 7.68 1.00 0.00
0.30 3.84 7.86 1.00 0.00
0.50 3.84 4.86 1.00 0.00
0.50 3.84 5.04 1.00 0.00
0.50 3.84 5.21 1.00 0.00
0.50 3.84 5.39 1.00 0.00
0.50 3.84 5.56 1.00 0.00
0.50 3.84 5.74 1.00 0.00
0.50 3.84 5.91 1.00 0.00
0.50 3.84 6.08 1.00 0.00
0.50 3.84 6.26 1.00 0.00
0.50 3.84 6.43 1.00 0.00
0.50 3.84 6.61 1.00 0.00
0.50 3.84 6.78 1.00 0.00
0.50 3.84 6.96 1.00 0.00
0.50 3.84 7.13 1.00 0.00
0.50 3.84 7.31 1.00 0.00
0.50 3.84 7.48 1.00 0.00
0.50 3.84 7.65 1.00 0.00
0.50 3.84 7.83 1.00 0.00
0.70 3.84 4.84 1.00 0.00
0.70 3.84 5.01 1.00 0.00
0.70 3.84 5.19 1.00 0.00
0.70 3.84 5.36 1.00 0.00
0.70 3.84 5.53 1.00 0.00
0.70 3.84 5.71 1.00 0.00
0.70 3.84 5.88 1.00 0.00
0.70 3.84 6.06 1.00 0.00
0.70 3.84 6.23 1.00 0.00
0.70 3.84 6.41 1.00 0.00
0.70 3.84 6.58 1.00 0.00
0.70 3.84 6.76 1.00 0.00
0.70 3.84 6.93 1.00 0.00
0.70 3.84 7.11 1.00 0.00
0.70 3.84 7.28 1.00 0.00
0.70 3.84 7.45 1.00 0.00
0.70 3.84 7.63 1.00 0.00
0.70 3.84 7.80 1.00 0.00
0.90 3.84 4.81 1.00 0.00
0.90 3.84 4.99 1.00 0.00
0.90 3.84 5.16 1.00 0.00
0.90 3.84 5.34 1.00 0.00
0.90 3.84 5.51 1.00 0.00
0.90 3.84 5.68 1.00 0.00
0.90 3.84 5.86 1.00 0.00
0.90 3.84 6.03 1.00 0.00
0.90 3.84 6.21 1.00 0.00
0.90 3.84 6.38 1.00 0.00
0.90 3.84 6.56 1.00 0.00
0.90 3.84 6.73 1.00 0.00
0.90 3.84 6.91 1.00 0.00
0.90 3.84 7.08 1.00 0.00
0.90 3.84 7.26 1.00 0.00
0.90 3.84 7.43 1.00 0.00
0.90 3.84 7.60 1.00 0.00
0.90 3.84 7.78 1.00 0.00
1.10 3.84 4.79 1.00 0.00
1.10 3.84 4.96 1.00 0.00
1.10 3.84 5.14 1.00 0.00
1.10 3.84 5.31 1.00 0.00
1.10 3.84 5.49 1.00 0.00
1.10 3.84 5.66 1.00 0.00
1.10 3.84 5.84 1.00 0.00
1.10 3.84 6.01 1.00 0.00
1.10 3.84 6.18 1.00 0.00
1.10 3.84 6.36 1.00 0.00
1.10 3.84 6.53 1.00 0.00
1.10 3.84 6.71 1.00 0.00
1.10 3.84 6.88 1.00 0.00
1.10 3.84 7.06 1.00 0.00
1.10 3.84 7.23 1.00 0.00
1.10 3.84 7.41 1.00 0.00
1.10 3.84 7.58 1.00 0.00
1.10 3.84 7.76 1.00 0.00
0.30 4.01 4.88 1.00 0.00
0.30 4.01 5.06 1.00 0.00
0.30 4.01 5.23 1.00 0.00
0.30 4.01 5.41 1.00 0.00
0.30 4.01 5.58 1.00 0.00
0.30 4.01 5.76 1.00 0.00
0.30 4.01 5.93 1.00 0.00
0.30 4.01 6.11 1.00 0.00
0.30 4.01 6.28 1.00 0.00
0.30 4.01 6.45 1.00 0.00
0.30 4.01 6.63 1.00 0.00
0.30 4.01 6.80 1.00 0.00
0.30 4.01 6.98 1.00 0.00
0.30 4.01 7.15 1.00 0.00
0.30 4.01 7.33 1.00 0.00
0.30 4.01 7.50 1.00 0.00
0.30 4.01 7.68 1.00 0.00
0.30 4.01 7.85 1.00 0.00
0.50 4.01 4.85 1.00 0.00
0.50 4.01 5.03 1.00 0.00
0.50 4.01 5.20 1.00 0.00
0.50 4.01 5.38 1.00 0.00
0.50 4.01 5.55 1.00 0.00
0.50 4.01 5.73 1.00 0.00
0.50 4.01 5.90 1.00 0.00
0.50 4.01 6.07 1.00 0.00
0.50 4.01 6.25 1.00 0.00
0.50 4.01 6.42 1.00 0.00
0.50 4.01 6.60 1.00 0.00
0.50 4.01 6.77 1.00 0.00
0.50 4.01 6.95 1.00 0.00
0.50 4.01 7.12 1.00 0.00
0.50 4.01 7.30 1.00 0.00
0.50 4.01 7.47 1.00 0.00
0.50 4.01 7.65 1.00 0.00
0.50 4.01 7.82 1.00 0.00
0.70 4.01 4.82 1.00 0.00
0.70 4.01 5.00 1.00 0.00
0.70 4.01 5.17 1.00 0.00
0.70 4.01 5.35 1.00 0.00
0.70 4.01 5.52 1.00 0.00
0.70 4.01 5.70 1.00 0.00
0.70 4.01 5.87 1.00 0.00
0.70 4.01 6.05 1.00 0.00
0.70 4.01 6.22 1.00 0.00
0.70 4.01 6.39 1.00 0.00
0.70 4.01 6.57 1.00 0.00
0.70 4.01 6.74 1.00 0.00
0.70 4.01 6.92 1.00 0.00
0.70 4.01 7.09 1.00 0.00
0.70 4.01 7.27 1.00 0.00
0.70 4.01 7.44 1.00 0.00
0.70 4.01 7.62 1.00 0.00
0.70 4.01 7.79 1.00 0.00
0.90 4.01 4.79 1.00 0.00
0.90 4.01 4.97 1.00 0.00
0.90 4.01 5.14 1.00 0.00
0.90 4.01 5.32 1.00 0.00
0.90 4.01 5.49 1.00 0.00
0.90 4.01 5.67 1.00 0.00
0.90 4.01 5.84 1.00 0.00
0.90 4.01 6.02 1.00 0.00
0.90 4.01 6.19 1.00 0.00
0.90 4.01 6.37 1.00 0.00
0.90 4.01 6.54 1.00 0.00
0.90 4.01 6.71 1.00 0.00
0.90 4.01 6.89 1.00 0.00
0.90 4.01 7.06 1.00 0.00
0.90 4.01 7.24 1.00 0.00
0.90 4.01 7.41 1.00 0.00
0.90 4.01 7.59 1.00 0.00
0.90 4.01 7.76 1.00 0.00
1.10 4.01 4.77 1.00 0.00
1.10 4.01 4.94 1.00 0.00
1.10 4.01 5.12 1.00 0.00
1.10 4.01 5.29 1.00 0.00
1.10 4.01 5.47 1.00 0.00
1.10 4.01 5.64 1.00 0.00
1.10 4.01 5.81 1.00 0.00
1.10 4.01 5.99 1.00 0.00
1.10 4.01 6.16 1.00 0.00
1.10 4.01 6.34 1.00 0.00
1.10 4.01 6.51 1.00 0.00
1.10 4.01 6.69 1.00 0.00
1.10 4.01 6.86 1.00 0.00
1.10 4.01 7.04 1.00 0.00
1.10 4.01 7.21 1.00 0.00
1.10 4.01 7.39 1.00 0.00
1.10 4.01 7.56 1.00 0.00
1.10 4.01 7.73 1.00 0.00
0.30 4.19 4.88 1.00 0.00
0.30 4.19 5.05 1.00 0.00
0.30 4.19 5.23 1.00 0.00
0.30 4.19 5.40 1.00 0.00
0.30 4.19 5.58 1.00 0.00
0.30 4.19 5.75 1.00 0.00
0.30 4.19 5.93 1.00 0.00
0.30 4.19 6.10 1.00 0.00
0.30 4.19 6.28 1.00 0.00
0.30 4.19 6.45 1.00 0.00
0.30 4.19 6.63 1.00 0.00
0.30 4.19 6.80 1.00 0.00
0.30 4.19 6.97 1.00 0.00
0.30 4.19 7.15 1.00 0.00
0.30 4.19 7.32 1.00 0.00
0.30 4.19 7.50 1.00 0.00
0.30 4.19 7.67 1.00 0.00
0.30 4.19 7.85 1.00 0.00
0.50 4.19 4.85 1.00 0.00
0.50 4.19 5.02 1.00 0.00
0.50 4.19 5.20 1.00 0.00
0.50 4.19 5.37 1.00 0.00
0.50 4.19 5.54 1.00 0.00
0.50 4.19 5.72 1.00 0.00
0.50 4.19 5.89 1.00 0.00
0.50 4.19 6.07 1.00 0.00
0.50 4.19 6.24 1.00 0.00
0.50 4.19 6.42 1.00 0.00
0.50 4.19 6.59 1.00 0.00
0.50 4.19 6.77 1.00 0.00
0.50 4.19 6.94 1.00 0.00
0.50 4.19 7.11 1.00 0.00
0.50 4.19 7.29 1.00 0.00
0.50 4.19 7.46 1.00 0.00
0.50 4.19 7.64 1.00 0.00
0.50 4.19 7.81 1.00 0.00
0.70 4.19 4.81 1.00 0.00
0.70 4.19 4.99 1.00 0.00
0.70 4.19 5.16 1.00 0.00
0.70 4.19 5.34 1.00 0.00
0.70 4.19 5.51 1.00 0.00
0.70 4.19 5.69 1.00 0.00
0.70 4.19 5.86 1.00 0.00
0.70 4.19 6.03 1.00 0.00
0.70 4.19 6.21 1.00 0.00
0.70 4.19 6.38 1.00 0.00
0.70 4.19 6.56 1.00 0.00
0.70 4.19 6.73 1.00 0.00
0.70 4.19 6.91 1.00 0.00
0.70 4.19 7.08 1.00 0.00
0.70 4.19 7.26 1.00 0.00
0.70 4.19 7.43 1.00 0.00
0.70 4.19 7.61 1.00 0.00
0.70 4.19 7.78 1.00 0.00
0.90 4.19 4.78 1.00 0.00
0.90 4.19 4.96 1.00 0.00
0.90 4.19 5.13 1.00 0.00
0.90 4.19 5.30 1.00 0.00
0.90 4.19 5.48 1.00 0.00
0.90 4.19 5.65 1.00 0.00
0.90 4.19 5.83 1.00 0.00
0.90 4.19 6.00 1.00 0.00
0.90 4.19 6.18 1.00 0.00
0.90 4.19 6.35 1.00 0.00
0.90 4.19 6.53 1.00 0.00
0.90 4.19 6.70 1.00 0.00
0.90 4.19 6.88 1.00 0.00
0.90 4.19 7.05 1.00 0.00
0.90 4.19 7.22 1.00 0.00
0.90 4.19 7.40 1.00 0.00
0.90 4.19 7.57 1.00 0.00
0.90 4.19 7.75 1.00 0.00
1.10 4.19 4.75 1.00 0.00
1.10 4.19 4.92 1.00 0.00
1.10 4.19 5.10 1.00 0.00
1.10 4.19 5.27 1.00 0.00
1.10 4.19 5.45 1.00 0.00
1.10 4.19 5.62 1.00 0.00
1.10 4.19 5.80 1.00 0.00
1.10 4.19 5.97 1.00 0.00
1.10 4.19 6.15 1.00 0.00
1.10 4.19 6.32 1.00 0.00
1.10 4.19 6.49 1.00 0.00
1.10 4.19 6.67 1.00 0.00
1.10 4.19 6.84 1.00 0.00
1.10 4.19 7.02 1.00 0.00
1.10 4.19 7.19 1.00 0.00
1.10 4.19 7.37 1.00 0.00
1.10 4.19 7.54 1.00 0.00
1.10 4.19 7.72 1.00 0.00
0.30 4.36 4.88 1.00 0.00
0.30 4.36 5.05 1.00 0.00
0.30 4.36 5.23 1.00 0.00
0.30 4.36 5.40 1.00 0.00
0.30 4.36 5.58 1.00 0.00
0.30 4.36 5.75 1.00 0.00
0.30 4.36 5.92 1.00 0.00
0.30 4.36 6.10 1.00 0.00
0.30 4.36 6.27 1.00 0.00
0.30 4.36 6.45 1.00 0.00
0.30 4.36 6.62 1.00 0.00
0.30 4.36 6.80 1.00 0.00
0.30 4.36 6.97 1.00 0.00
0.30 4.36 7.15 1.00 0.00
0.30 4.36 7.32 1.00 0.00
0.30 4.36 7.50 1.00 0.00
0.30 4.36 7.67 1.00 0.00
0.30 4.36 7.84 1.00 0.00
0.50 4.36 4.84 1.00 0.00
0.50 4.36 5.02 1.00 0.00
0.50 4.36 5.19 1.00 0.00
0.50 4.36 5.36 1.00 0.00
0.50 4.36 5.54 1.00 0.00
0.50 4.36 5.71 1.00 0.00
0.50 4.36 5.89 1.00 0.00
0.50 4.36 6.06 1.00 0.00
0.50 4.36 6.24 1.00 0.00
0.50 4.36 6.41 1.00 0.00
0.50 4.36 6.59 1.00 0.00
0.50 4.36 6.76 1.00 0.00
0.50 4.36 6.94 1.00 0.00
0.50 4.36 7.11 1.00 0.00
0.50 4.36 7.28 1.00 0.00
0.50 4.36 7.46 1.00 0.00
0.50 4.36 7.63 1.00 0.00
0.50 4.36 7.81 1.00 0.00
0.70 4.36 4.81 1.00 0.00
0.70 4.36 4.98 1.00 0.00
0.70 4.36 5.15 1.00 0.00
0.70 4.36 5.33 1.00 0.00
0.70 4.36 5.50 1.00 0.00
0.70 4.36 5.68 1.00 0.00
0.70 4.36 5.85 1.00 0.00
0.70 4.36 6.03 1.00 0.00
0.70 4.36 6.20 1.00 0.00
0.70 4.36 6.38 1.00 0.00
0.70 4.36 6.55 1.00 0.00
0.70 4.36 6.73 1.00 0.00
0.70 4.36 6.90 1.00 0.00
0.70 4.36 7.07 1.00 0.00
0.70 4.36 7.25 1.00 0.00
0.70 4.36 7.42 1.00 0.00
0.70 4.36 7.60 1.00 0.00
0.70 4.36 7.77 1.00 0.00
0.90 4.36 4.77 1.00 0.00
0.90 4.36 4.95 1.00 0.00
0.90 4.36 5.12 1.00 0.00
0.90 4.36 5.29 1.00 0.00
0.90 4.36 5.47 1.00 0.00
0.90 4.36 5.64 1.00 0.00
0.90 4.36 5.82 1.00 0.00
0.90 4.36 5.99 1.00 0.00
0.90 4.36 6.17 1.00 0.00
0.90 4.36 6.34 1.00 0.00
0.90 4.36 6.52 1.00 0.00
0.90 4.36 6.69 1.00 0.00
0.90 4.36 6.86 1.00 0.00
0.90 4.36 7.04 1.00 0.00
0.90 4.36 7.21 1.00 0.00
0.90 4.36 7.39 1.00 0.00
0.90 4.36 7.56 1.00 0.00
0.90 4.36 7.74 1.00 0.00
1.10 4.36 4.74 1.00 0.00
1.10 4.36 4.91 1.00 0.00
1.10 4.36 5.09 1.00 0.00
1.10 4.36 5.26 1.00 0.00
1.10 4.36 5.43 1.00 0.00
1.10 4.36 5.61 1.00 0.00
1.10 4.36 5.78 1.00 0.00
1.10 4.36 5.96 1.00 0.00
1.10 4.36 6.13 1.00 0.00
1.10 4.36 6.31 1.00 0.00
1.10 4.36 6.48 1.00 0.00
1.10 4.36 6.66 1.00 0.00
1.10 4.36 6.83 1.00 0.00
1.10 4.36 7.01 1.00 0.00
1.10 4.36 7.18 1.00 0.00
1.10 4.36 7.35 1.00 0.00
1.10 4.36 7.53 1.00 0.00
1.10 4.36 7.70 1.00 0.00
0.30 4.54 4.88 1.00 0.00
0.30 4.54 5.05 1.00 0.00
0.30 4.54 5.23 1.00 0.00
0.30 4.54 5.40 1.00 0.00
0.30 4.54 5.57 1.00 0.00
0.30 4.54 5.75 1.00 0.00
0.30 4.54 5.92 1.00 0.00
0.30 4.54 6.10 1.00 0.00
0.30 4.54 6.27 1.00 0.00
0.30 4.54 6.45 1.00 0.00
0.30 4.54 6.62 1.00 0.00
0.30 4.54 6.80 1.00 0.00
0.30 4.54 6.97 1.00 0.00
0.30 4.54 7.15 1.00 0.00
0.30 4.54 7.32 1.00 0.00
0.30 4.54 7.49 1.00 0.00
0.30 4.54 7.67 1.00 0.00
0.30 4.54 7.84 1.00 0.00
0.50 4.54 4.84 1.00 0.00
0.50 4.54 5.01 1.00 0.00
0.50 4.54 5.19 1.00 0.00
0.50 4.54 5.36 1.00 0.00
0.50 4.54 5.54 1.00 0.00
0.50 4.54 5.71 1.00 0.00
0.50 4.54 5.89 1.00 0.00
0.50 4.54 6.06 1.00 0.00
0.50 4.54 6.24 1.00 0.00
0.50 4.54 6.41 1.00 0.00
0.50 4.54 6.58 1.00 0.00
0.50 4.54 6.76 1.00 0.00
0.50 4.54 6.93 1.00 0.00
0.50 4.54 7.11 1.00 0.00
0.50 4.54 7.28 1.00 0.00
0.50 4.54 7.46 1.00 0.00
0.50 4.54 7.63 1.00 0.00
0.50 4.54 7.81 1.00 0.00
0.70 4.54 4.80 1.00 0.00
0.70 4.54 4.98 1.00 0.00
0.70 4.54 5.15 1.00 0.00
0.70 4.54 5.33 1.00 0.00
0.70 4.54 5.50 1.00 0.00
0.70 4.54 5.67 1.00 0.00
0.70 4.54 5.85 1.00 0.00
0.70 4.54 6.02 1.00 0.00
0.70 4.54 6.20 1.00 0.00
0.70 4.54 6.37 1.00 0.00
0.70 4.54 6.55 1.00 0.00
0.70 4.54 6.72 1.00 0.00
0.70 4.54 6.90 1.00 0.00
0.70 4.54 7.07 1.00 0.00
0.70 4.54 7.25 1.00 0.00
0.70 4.54 7.42 1.00 0.00
0.70 4.54 7.59 1.00 0.00
0.70 4.54 7.77 1.00 0.00
0.90 4.54 4.76 1.00 0.00
0.90 4.54 4.94 1.00 0.00
0.90 4.54 5.11 1.00 0.00
0.90 4.54 5.29 1.00 0.00
0.90 4.54 5.46 1.00 0.00
0.90 4.54 5.64 1.00 0.00
0.90 4.54 5.81 1.00 0.00
0.90 4.54 5.99 1.00 0.00
0.90 4.54 6.16 1.00 0.00
0.90 4.54 6.34 1.00 0.00
0.90 4.54 6.51 1.00 0.00
0.90 4.54 6.68 1.00 0.00
0.90 4.54 6.86 1.00 0.00
0.90 4.54 7.03 1.00 0.00
0.90 4.54 7.21 1.00 0.00
0.90 4.54 7.38 1.00 0.00
0.90 4.54 7.56 1.00 0.00
0.90 4.54 7.73 1.00 0.00
1.10 4.54 4.73 1.00 0.00
1.10 4.54 4.90 1.00 0.00
1.10 4.54 5.08 1.00 0.00
1.10 4.54 5.25 1.00 0.00
1.10 4.54 5.43 1.00 0.00
1.10 4.54 5.60 1.00 0.00
1.10 4.54 5.78 1.00 0.00
1.10 4.54 5.95 1.00 0.00
1.10 4.54 6.12 1.00 0.00
1.10 4.54 6.30 1.00 0.00
1.10 4.54 6.47 1.00 0.00
1.10 4.54 6.65 1.00 0.00
1.10 4.54 6.82 1.00 0.00
1.10 4.54 7.00 1.00 0.00
1.10 4.54 7.17 1.00 0.00
1.10 4.54 7.35 1.00 0.00
1.10 4.54 7.52 1.00 0.00
1.10 4.54 7.70 1.00 0.00
0.30 4.71 4.88 1.00 0.00
0.30 4.71 5.05 1.00 0.00
0.30 4.71 5.23 1.00 0.00
0.30 4.71 5.40 1.00 0.00
0.30 4.71 5.58 1.00 0.00
0.30 4.71 5.75 1.00 0.00
0.30 4.71 5.92 1.00 0.00
0.30 4.71 6.10 1.00 0.00
0.30 4.71 6.27 1.00 0.00
0.30 4.71 6.45 1.00 0.00
0.30 4.71 6.62 1.00 0.00
0.30 4.71 6.80 1.00 0.00
0.30 4.71 6.97 1.00 0.00
0.30 4.71 7.15 1.00 0.00
0.30 4.71 7.32 1.00 0.00
0.30 4.71 7.50 1.00 0.00
0.30 4.71 7.67 1.00 0.00
0.30 4.71 7.84 1.00 0.00
0.50 4.71 4.84 1.00 0.00
0.50 4.71 5.01 1.00 0.00
0.50 4.71 5.19 1.00 0.00
0.50 4.71 5.36 1.00 0.00
0.50 4.71 5.54 1.00 0.00
0.50 4.71 5.71 1.00 0.00
0.50 4.71 5.89 1.00 0.00
0.50 4.71 6.06 1.00 0.00
0.50 4.71 6.24 1.00 0.00
0.50 4.71 6.41 1.00 0.00
0.50 4.71 6.58 1.00 0.00
0.50 4.71 6.76 1.00 0.00
0.50 4.71 6.93 1.00 0.00
0.50 4.71 7.11 1.00 0.00
0.50 4.71 7.28 1.00 0.00
0.50 4.71 7.46 1.00 0.00
0.50 4.71 7.63 1.00 0.00
0.50 4.71 7.81 1.00 0.00
0.70 4.71 4.80 1.00 0.00
0.70 4.71 4.98 1.00 0.00
0.70 4.71 5.15 1.00 0.00
0.70 4.71 5.33 1.00 0.00
0.70 4.71 5.50 1.00 0.00
0.70 4.71 5.67 1.00 0.00
0.70 4.71 5.85 1.00 0.00
0.70 4.71 6.02 1.00 0.00
0.70 4.71 6.20 1.00 0.00
0.70 4.71 6.37 1.00 0.00
0.70 4.71 6.55 1.00 0.00
0.70 4.71 6.72 1.00 0.00
0.70 4.71 6.90 1.00 0.00
0.70 4.71 7.07 1.00 0.00
0.70 4.71 7.25 1.00 0.00
0.70 4.71 7.42 1.00 0.00
0.70 4.71 7.59 1.00 0.00
0.70 4.71 7.77 1.00 0.00
0.90 4.71 4.76 1.00 0.00
0.90 4.71 4.94 1.00 0.00
0.90 4.71 5.11 1.00 0.00
0.90 4.71 5.29 1.00 0.00
0.90 4.71 5.46 1.00 0.00
0.90 4.71 5.64 1.00 0.00
0.90 4.71 5.81 1.00 0.00
0.90 4.71 5.99 1.00 0.00
0.90 4.71 6.16 1.00 0.00
0.90 4.71 6.33 1.00 0.00
0.90 4.71 6.51 1.00 0.00
0.90 4.71 6.68 1.00 0.00
0.90 4.71 6.86 1.00 0.00
0.90 4.71 7.03 1.00 0.00
0.90 4.71 7.21 1.00 0.00
0.90 4.71 7.38 1.00 0.00
0.90 4.71 7.56 1.00 0.00
0.90 4.71 7.73 1.00 0.00
1.10 4.71 4.73 1.00 0.00
1.10 4.71 4.90 1.00 0.00
1.10 4.71 5.07 1.00 0.00
1.10 4.71 5.25 1.00 0.00
1.10 4.71 5.42 1.00 0.00
1.10 4.71 5.60 1.00 0.00
1.10 4.71 5.77 1.00 0.00
1.10 4.71 5.95 1.00 0.00
1.10 4.71 6.12 1.00 0.00
1.10 4.71 6.30 1.00 0.00
1.10 4.71 6.47 1.00 0.00
1.10 4.71 6.65 1.00 0.00
1.10 4.71 6.82 1.00 0.00
1.10 4.71 6.99 1.00 0.00
1.10 4.71 7.17 1.00 0.00
1.10 4.71 7.34 1.00 0.00
1.10 4.71 7.52 1.00 0.00
1.10 4.71 7.69 1.00 0.00
0.30 4.89 4.88 1.00 0.00
0.30 4.89 5.05 1.00 0.00
0.30 4.89 5.23 1.00 0.00
0.30 4.89 5.40 1.00 0.00
0.30 4.89 5.58 1.00 0.00
0.30 4.89 5.75 1.00 0.00
0.30 4.89 5.93 1.00 0.00
0.30 4.89 6.10 1.00 0.00
0.30 4.89 6.28 1.00 0.00
0.30 4.89 6.45 1.00 0.00
0.30 4.89 6.63 1.00 0.00
0.30 4.89 6.80 1.00 0.00
0.30 4.89 6.97 1.00 0.00
0.30 4.89 7.15 1.00 0.00
0.30 4.89 7.32 1.00 0.00
0.30 4.89 7.50 1.00 0.00
0.30 4.89 7.67 1.00 0.00
0.30 4.89 7.85 1.00 0.00
0.50 4.89 4.84 1.00 0.00
0.50 4.89 5.02 1.00 0.00
0.50 4.89 5.19 1.00 0.00
0.50 4.89 5.37 1.00 0.00
0.50 4.89 5.54 1.00 0.00
0.50 4.89 5.72 1.00 0.00
0.50 4.89 5.89 1.00 0.00
0.50 4.89 6.06 1.00 0.00
0.50 4.89 6.24 1.00 0.00
0.50 4.89 6.41 1.00 0.00
0.50 4.89 6.59 1.00 0.00
0.50 4.89 6.76 1.00 0.00
0.50 4.89 6.94 1.00 0.00
0.50 4.89 7.11 1.00 0.00
0.50 4.89 7.29 1.00 0.00
0.50 4.89 7.46 1.00 0.00
0.50 4.89 7.64 1.00 0.00
0.50 4.89 7.81 1.00 0.00
0.70 4.89 4.81 1.00 0.00
0.70 4.89 4.98 1.00 0.00
0.70 4.89 5.16 1.00 0.00
0.70 4.89 5.33 1.00 0.00
0.70 4.89 5.50 1.00 0.00
0.70 4.89 5.68 1.00 0.00
0.70 4.89 5.85 1.00 0.00
0.70 4.89 6.03 1.00 0.00
0.70 4.89 6.20 1.00 0.00
0.70 4.89 6.38 1.00 0.00
0.70 4.89 6.55 1.00 0.00
0.70 4.89 6.73 1.00 0.00
0.70 4.89 6.90 1.00 0.00
0.70 4.89 7.07 1.00 0.00
0.70 4.89 7.25 1.00 0.00
0.70 4.89 7.42 1.00 0.00
0.70 4.89 7.60 1.00 0.00
0.70 4.89 7.77 1.00 0.00
0.90 4.89 4.77 1.00 0.00
0.90 4.89 4.94 1.00 0.00
0.90 4.89 5.12 1.00 0.00
0.90 4.89 5.29 1.00 0.00
0.90 4.89 5.47 1.00 0.00
0.90 4.89 5.64 1.00 0.00
0.90 4.89 5.82 1.00 0.00
0.90 4.89 5.99 1.00 0.00
0.90 4.89 6.16 1.00 0.00
0.90 4.89 6.34 1.00 0.00
0.90 4.89 6.51 1.00 0.00
0.90 4.89 6.69 1.00 0.00
0.90 4.89 6.86 1.00 0.00
0.90 4.89 7.04 1.00 0.00
0.90 4.89 7.21 1.00 0.00
0.90 4.89 7.39 1.00 0.00
0.90 4.89 7.56 1.00 0.00
0.90 4.89 7.73 1.00 0.00
1.10 4.89 4.73 1.00 0.00
1.10 4.89 4.90 1.00 0.00
1.10 4.89 5.08 1.00 0.00
1.10 4.89 5.25 1.00 0.00
1.10 4.89 5.43 1.00 0.00
1.10 4.89 5.60 1.00 0.00
1.10 4.89 5.78 1.00 0.00
1.10 4.89 5.95 1.00 0.00
1.10 4.89 6.13 1.00 0.00
1.10 4.89 6.30 1.00 0.00
1.10 4.89 6.47 1.00 0.00
1.10 4.89 6.65 1.00 0.00
1.10 4.89 6.82 1.00 0.00
1.10 4.89 7.00 1.00 0.00
1.10 4.89 7.17 1.00 0.00
1.10 4.89 7.35 1.00 0.00
1.10 4.89 7.52 1.00 0.00
1.10 4.89 7.70 1.00 0.00
0.30 5.06 4.88 1.00 0.00
0.30 5.06 5.06 1.00 0.00
0.30 5.06 5.23 1.00 0.00
0.30 5.06 5.41 1.00 0.00
0.30 5.06 5.58 1.00 0.00
0.30 5.06 5.76 1.00 0.00
0.30 5.06 5.93 1.00 0.00
0.30 5.06 6.11 1.00 0.00
0.30 5.06 6.28 1.00 0.00
0.30 5.06 6.45 1.00 0.00
0.30 5.06 6.63 1.00 0.00
0.30 5.06 6.80 1.00 0.00
0.30 5.06 6.98 1.00 0.00
0.30 5.06 7.15 1.00 0.00
0.30 5.06 7.33 1.00 0.00
0.30 5.06 7.50 1.00 0.00
0.30 5.06 7.68 1.00 0.00
0.30 5.06 7.85 1.00 0.00
0.50 5.06 4.85 1.00 0.00
0.50 5.06 5.02 1.00 0.00
0.50 5.06 5.20 1.00 0.00
0.50 5.06 5.37 1.00 0.00
0.50 5.06 5.55 1.00 0.00
0.50 5.06 5.72 1.00 0.00
0.50 5.06 5.90 1.00 0.00
0.50 5.06 6.07 1.00 0.00
0.50 5.06 6.25 1.00 0.00
0.50 5.06 6.42 1.00 0.00
0.50 5.06 6.60 1.00 0.00
0.50 5.06 6.77 1.00 0.00
0.50 5.06 6.94 1.00 0.00
0.50 5.06 7.12 1.00 0.00
0.50 5.06 7.29 1.00 0.00
0.50 5.06 7.47 1.00 0.00
0.50 5.06 7.64 1.00 0.00
0.50 5.06 7.82 1.00 0.00
0.70 5.06 4.81 1.00 0.00
0.70 5.06 4.99 1.00 0.00
0.70 5.06 5.16 1.00 0.00
0.70 5.06 5.34 1.00 0.00
0.70 5.06 5.51 1.00 0.00
0.70 5.06 5.69 1.00 0.00
0.70 5.06 5.86 1.00 0.00
0.70 5.06 6.04 1.00 0.00
0.70 5.06 6.21 1.00 0.00
0.70 5.06 6.39 1.00 0.00
0.70 5.06 6.56 1.00 0.00
0.70 5.06 6.73 1.00 0.00
0.70 5.06 6.91 1.00 0.00
0.70 5.06 7.08 1.00 0.00
0.70 5.06 7.26 1.00 0.00
0.70 5.06 7.43 1.00 0.00
0.70 5.06 7.61 1.00 0.00
0.70 5.06 7.78 1.00 0.00
0.90 5.06 4.78 1.00 0.00
0.90 5.06 4.95 1.00 0.00
0.90 5.06 5.13 1.00 0.00
0.90 5.06 5.30 1.00 0.00
0.90 5.06 5.48 1.00 0.00
0.90 5.06 5.65 1.00 0.00
0.90 5.06 5.83 1.00 0.00
0.90 5.06 6.00 1.00 0.00
0.90 5.06 6.17 1.00 0.00
0.90 5.06 6.35 1.00 0.00
0.90 5.06 6.52 1.00 0.00
0.90 5.06 6.70 1.00 0.00
0.90 5.06 6.87 1.00 0.00
0.90 5.06 7.05 1.00 0.00
0.90 5.06 7.22 1.00 0.00
0.90 5.06 7.40 1.00 0.00
0.90 5.06 7.57 1.00 0.00
0.90 5.06 7.74 1.00 0.00
1.10 5.06 4.74 1.00 0.00
1.10 5.06 4.91 1.00 0.00
1.10 5.06 5.09 1.00 0.00
1.10 5.06 5.26 1.00 0.00
1.10 5.06 5.44 1.00 0.00
1.10 5.06 5.61 1.00 0.00
1.10 5.06 5.79 1.00 0.00
1.10 5.06 5.96 1.00 0.00
1.10 5.06 6.14 1.00 0.00
1.10 5.06 6.31 1.00 0.00
1.10 5.06 6.49 1.00 0.00
1.10 5.06 6.66 1.00 0.00
1.10 5.06 6.83 1.00 0.00
1.10 5.06 7.01 1.00 0.00
1.10 5.06 7.18 1.00 0.00
1.10 5.06 7.36 1.00 0.00
1.10 5.06 7.53 1.00 0.00
1.10 5.06 7.71 1.00 0.00
0.30 5.24 4.89 1.00 0.00
0.30 5.24 5.06 1.00 0.00
0.30 5.24 5.24 1.00 0.00
0.30 5.24 5.41 1.00 0.00
0.30 5.24 5.59 1.00 0.00
0.30 5.24 5.76 1.00 0.00
0.30 5.24 5.94 1.00 0.00
0.30 5.24 6.11 1.00 0.00
0.30 5.24 6.29 1.00 0.00
0.30 5.24 6.46 1.00 0.00
0.30 5.24 6.63 1.00 0.00
0.30 5.24 6.81 1.00 0.00
0.30 5.24 6.98 1.00 0.00
0.30 5.24 7.16 1.00 0.00
0.30 5.24 7.33 1.00 0.00
0.30 5.24 7.51 1.00 0.00
0.30 5.24 7.68 1.00 0.00
0.30 5.24 7.86 1.00 0.00
0.50 5.24 4.86 1.00 0.00
0.50 5.24 5.03 1.00 0.00
0.50 5.24 5.21 1.00 0.00
0.50 5.24 5.38 1.00 0.00
0.50 5.24 5.56 1.00 0.00
0.50 5.24 5.73 1.00 0.00
0.50 5.24 5.91 1.00 0.00
0.50 5.24 6.08 1.00 0.00
0.50 5.24 6.26 1.00 0.00
0.50 5.24 6.43 1.00 0.00
0.50 5.24 6.60 1.00 0.00
0.50 5.24 6.78 1.00 0.00
0.50 5.24 6.95 1.00 0.00
0.50 5.24 7.13 1.00 0.00
0.50 5.24 7.30 1.00 0.00
0.50 5.24 7.48 1.00 0.00
0.50 5.24 7.65 1.00 0.00
0.50 5.24 7.83 1.00 0.00
0.70 5.24 4.83 1.00 0.00
0.70 5.24 5.00 1.00 0.00
0.70 5.24 5.18 1.00 0.00
0.70 5.24 5.35 1.00 0.00
0.70 5.24 5.53 1.00 0.00
0.70 5.24 5.70 1.00 0.00
0.70 5.24 5.87 1.00 0.00
0.70 5.24 6.05 1.00 0.00
0.70 5.24 6.22 1.00 0.00
0.70 5.24 6.40 1.00 0.00
0.70 5.24 6.57 1.00 0.00
0.70 5.24 6.75 1.00 0.00
0.70 5.24 6.92 1.00 0.00
0.70 5.24 7.10 1.00 0.00
0.70 5.24 7.27 1.00 0.00
0.70 5.24 7.45 1.00 0.00
0.70 5.24 7.62 1.00 0.00
0.70 5.24 7.79 1.00 0.00
0.90 5.24 4.79 1.00 0.00
0.90 5.24 4.97 1.00 0.00
0.90 5.24 5.14 1.00 0.00
0.90 5.24 5.32 1.00 0.00
0.90 5.24 5.49 1.00 0.00
0.90 5.24 5.67 1.00 0.00
0.90 5.24 5.84 1.00 0.00
0.90 5.24 6.02 1.00 0.00
0.90 5.24 6.19 1.00 0.00
0.90 5.24 6.36 1.00 0.00
0.90 5.24 6.54 1.00 0.00
0.90 5.24 6.71 1.00 0.00
0.90 5.24 6.89 1.00 0.00
0.90 5.24 7.06 1.00 0.00
0.90 5.24 7.24 1.00 0.00
0.90 5.24 7.41 1.00 0.00
0.90 5.24 7.59 1.00 0.00
0.90 5.24 7.76 1.00 0.00
1.10 5.24 4.76 1.00 0.00
1.10 5.24 4.93 1.00 0.00
1.10 5.24 5.11 1.00 0.00
1.10 5.24 5.28 1.00 0.00
1.10 5.24 5.46 1.00 0.00
1.10 5.24 5.63 1.00 0.00
1.10 5.24 5.81 1.00 0.00
1.10 5.24 5.98 1.00 0.00
1.10 5.24 6.15 1.00 0.00
1.10 5.24 6.33 1.00 0.00
1.10 5.24 6.50 1.00 0.00
1.10 5.24 6.68 1.00 0.00
1.10 5.24 6.85 1.00 0.00
1.10 5.24 7.03 1.00 0.00
1.10 5.24 7.20 1.00 0.00
1.10 5.24 7.38 1.00 0.00
1.10 5.24 7.55 1.00 0.00
1.10 5.24 7.73 1.00 0.00
0.30 5.41 4.90 1.00 0.00
0.30 5.41 5.07 1.00 0.00
0.30 5.41 5.25 1.00 0.00
0.30 5.41 5.42 1.00 0.00
0.30 5.41 5.60 1.00 0.00
0.30 5.41 5.77 1.00 0.00
0.30 5.41 5.94 1.00 0.00
0.30 5.41 6.12 1.00 0.00
0.30 5.41 6.29 1.00 0.00
0.30 5.41 6.47 1.00 0.00
0.30 5.41 6.64 1.00 0.00
0.30 5.41 6.82 1.00 0.00
0.30 5.41 6.99 1.00 0.00
0.30 5.41 7.17 1.00 0.00
0.30 5.41 7.34 1.00 0.00
0.30 5.41 7.51 1.00 0.00
0.30 5.41 7.69 1.00 0.00
0.30 5.41 7.86 1.00 0.00
0.50 5.41 4.87 1.00 0.00
0.50 5.41 5.05 1.00 0.00
0.50 5.41 5.22 1.00 0.00
0.50 5.41 5.39 1.00 0.00
0.50 5.41 5.57 1.00 0.00
0.50 5.41 5.74 1.00 0.00
0.50 5.41 5.92 1.00 0.00
0.50 5.41 6.09 1.00 0.00
0.50 5.41 6.27 1.00 0.00
0.50 5.41 6.44 1.00 0.00
0.50 5.41 6.62 1.00 0.00
0.50 5.41 6.79 1.00 0.00
0.50 5.41 6.97 1.00 0.00
0.50 5.41 7.14 1.00 0.00
0.50 5.41 7.31 1.00 0.00
0.50 5.41 7.49 1.00 0.00
0.50 5.41 7.66 1.00 0.00
0.50 5.41 7.84 1.00 0.00
0.70 5.41 4.84 1.00 0.00
0.70 5.41 5.02 1.00 0.00
0.70 5.41 5.19 1.00 0.00
0.70 5.41 5.37 1.00 0.00
0.70 5.41 5.54 1.00 0.00
0.70 5.41 5.72 1.00 0.00
0.70 5.41 5.89 1.00 0.00
0.70 5.41 6.07 1.00 0.00
0.70 5.41 6.24 1.00 0.00
0.70 5.41 6.41 1.00 0.00
0.70 5.41 6.59 1.00 0.00
0.70 5.41 6.76 1.00 0.00
0.70 5.41 6.94 1.00 0.00
0.70 5.41 7.11 1.00 0.00
0.70 5.41 7.29 1.00 0.00
0.70 5.41 7.46 1.00 0.00
0.70 5.41 7.64 1.00 0.00
0.70 5.41 7.81 1.00 0.00
0.90 5.41 4.82 1.00 0.00
0.90 5.41 4.99 1.00 0.00
0.90 5.41 5.16 1.00 0.00
0.90 5.41 5.34 1.00 0.00
0.90 5.41 5.51 1.00 0.00
0.90 5.41 5.69 1.00 0.00
0.90 5.41 5.86 1.00 0.00
0.90 5.41 6.04 1.00 0.00
0.90 5.41 6.21 1.00 0.00
0.90 5.41 6.39 1.00 0.00
0.90 5.41 6.56 1.00 0.00
0.90 5.41 6.73 1.00 0.00
0.90 5.41 6.91 1.00 0.00
0.90 5.41 7.08 1.00 0.00
0.90 5.41 7.26 1.00 0.00
0.90 5.41 7.43 1.00 0.00
0.90 5.41 7.61 1.00 0.00
0.90 5.41 7.78 1.00 0.00
1.10 5.41 4.78 1.00 0.00
1.10 5.41 4.96 1.00 0.00
1.10 5.41 5.13 1.00 0.00
1.10 5.41 5.31 1.00 0.00
1.10 5.41 5.48 1.00 0.00
1.10 5.41 5.66 1.00 0.00
1.10 5.41 5.83 1.00 0.00
1.10 5.41 6.01 1.00 0.00
1.10 5.41 6.18 1.00 0.00
1.10 5.41 6.36 1.00 0.00
1.10 5.41 6.53 1.00 0.00
1.10 5.41 6.70 1.00 0.00
1.10 5.41 6.88 1.00 0.00
1.10 5.41 7.05 1.00 0.00
1.10 5.41 7.23 1.00 0.00
1.10 5.41 7.40 1.00 0.00
1.10 5.41 7.58 1.00 0.00
1.10 5.41 7.75 1.00 0.00
0.30 5.59 4.91 1.00 0.00
0.30 5.59 5.08 1.00 0.00
0.30 5.59 5.25 1.00 0.00
0.30 5.59 5.43 1.00 0.00
0.30 5.59 5.60 1.00 0.00
0.30 5.59 5.78 1.00 0.00
0.30 5.59 5.95 1.00 0.00
0.30 5.59 6.13 1.00 0.00
0.30 5.59 6.30 1.00 0.00
0.30 5.59 6.48 1.00 0.00
0.30 5.59 6.65 1.00 0.00
0.30 5.59 6.83 1.00 0.00
0.30 5.59 7.00 1.00 0.00
0.30 5.59 7.17 1.00 0.00
0.30 5.59 7.35 1.00 0.00
0.30 5.59 7.52 1.00 0.00
0.30 5.59 7.70 1.00 0.00
0.30 5.59 7.87 1.00 0.00
0.50 5.59 4.89 1.00 0.00
0.50 5.59 5.06 1.00 0.00
0.50 5.59 5.23 1.00 0.00
0.50 5.59 5.41 1.00 0.00
0.50 5.59 5.58 1.00 0.00
0.50 5.59 5.76 1.00 0.00
0.50 5.59 5.93 1.00 0.00
0.50 5.59 6.11 1.00 0.00
0.50 5.59 6.28 1.00 0.00
0.50 5.59 6.46 1.00 0.00
0.50 5.59 6.63 1.00 0.00
0.50 5.59 6.81 1.00 0.00
0.50 5.59 6.98 1.00 0.00
0.50 5.59 7.15 1.00 0.00
0.50 5.59 7.33 1.00 0.00
0.50 5.59 7.50 1.00 0.00
0.50 5.59 7.68 1.00 0.00
0.50 5.59 7.85 1.00 0.00
0.70 5.59 4.86 1.00 0.00
0.70 5.59 5.04 1.00 0.00
0.70 5.59 5.21 1.00 0.00
0.70 5.59 5.39 1.00 0.00
0.70 5.59 5.56 1.00 0.00
0.70 5.59 5.74 1.00 0.00
0.70 5.59 5.91 1.00 0.00
0.70 5.59 6.09 1.00 0.00
0.70 5.59 6.26 1.00 0.00
0.70 5.59 6.44 1.00 0.00
0.70 5.59 6.61 1.00 0.00
0.70 5.59 6.78 1.00 0.00
0.70 5.59 6.96 1.00 0.00
0.70 5.59 7.13 1.00 0.00
0.70 5.59 7.31 1.00 0.00
0.70 5.59 7.48 1.00 0.00
0.70 5.59 7.66 1.00 0.00
0.70 5.59 7.83 1.00 0.00
0.90 5.59 4.84 1.00 0.00
0.90 5.59 5.02 1.00 0.00
0.90 5.59 5.19 1.00 0.00
0.90 5.59 5.37 1.00 0.00
0.90 5.59 5.54 1.00 0.00
0.90 5.59 5.71 1.00 0.00
0.90 5.59 5.89 1.00 0.00
0.90 5.59 6.06 1.00 0.00
0.90 5.59 6.24 1.00 0.00
0.90 5.59 6.41 1.00 0.00
0.90 5.59 6.59 1.00 0.00
0.90 5.59 6.76 1.00 0.00
0.90 5.59 6.94 1.00 0.00
0.90 5.59 7.11 1.00 0.00
0.90 5.59 7.29 1.00 0.00
0.90 5.59 7.46 1.00 0.00
0.90 5.59 7.63 1.00 0.00
0.90 5.59 7.81 1.00 0.00
1.10 5.59 4.82 1.00 0.00
1.10 5.59 4.99 1.00 0.00
1.10 5.59 5.17 1.00 0.00
1.10 5.59 5.34 1.00 0.00
1.10 5.59 5.52 1.00 0.00
1.10 5.59 5.69 1.00 0.00
1.10 5.59 5.86 1.00 0.00
1.10 5.59 6.04 1.00 0.00
1.10 5.59 6.21 1.00 0.00
1.10 5.59 6.39 1.00 0.00
1.10 5.59 6.56 1.00 0.00
1.10 5.59 6.74 1.00 0.00
1.10 5.59 6.91 1.00 0.00
1.10 5.59 7.09 1.00 0.00
1.10 5.59 7.26 1.00 0.00
1.10 5.59 7.44 1.00 0.00
1.10 5.59 7.61 1.00 0.00
1.10 5.59 7.78 1.00 0.00
0.30 5.76 4.91 1.00 0.00
0.30 5.76 5.09 1.00 0.00
0.30 5.76 5.26 1.00 0.00
0.30 5.76 5.44 1.00 0.00
0.30 5.76 5.61 1.00 0.00
0.30 5.76 5.79 1.00 0.00
0.30 5.76 5.96 1.00 0.00
0.30 5.76 6.14 1.00 0.00
0.30 5.76 6.31 1.00 0.00
0.30 5.76 6.49 1.00 0.00
0.30 5.76 6.66 1.00 0.00
0.30 5.76 6.83 1.00 0.00
0.30 5.76 7.01 1.00 0.00
0.30 5.76 7.18 1.00 0.00
0.30 5.76 7.36 1.00 0.00
0.30 5.76 7.53 1.00 0.00
0.30 5.76 7.71 1.00 0.00
0.30 5.76 7.88 1.00 0.00
0.50 5.76 4.90 1.00 0.00
0.50 5.76 5.08 1.00 0.00
0.50 5.76 5.25 1.00 0.00
0.50 5.76 5.43 1.00 0.00
0.50 5.76 5.60 1.00 0.00
0.50 5.76 5.77 1.00 0.00
0.50 5.76 5.95 1.00 0.00
0.50 5.76 6.12 1.00 0.00
0.50 5.76 6.30 1.00 0.00
0.50 5.76 6.47 1.00 0.00
0.50 5.76 6.65 1.00 0.00
0.50 5.76 6.82 1.00 0.00
0.50 5.76 7.00 1.00 0.00
0.50 5.76 7.17 1.00 0.00
0.50 5.76 7.35 1.00 0.00
0.50 5.76 7.52 1.00 0.00
0.50 5.76 7.69 1.00 0.00
0.50 5.76 7.87 1.00 0.00
0.70 5.76 4.89 1.00 0.00
0.70 5.76 5.06 1.00 0.00
0.70 5.76 5.24 1.00 0.00
0.70 5.76 5.41 1.00 0.00
0.70 5.76 5.59 1.00 0.00
0.70 5.76 5.76 1.00 0.00
0.70 5.76 5.94 1.00 0.00
0.70 5.76 6.11 1.00 0.00
0.70 5.76 6.28 1.00 0.00
0.70 5.76 6.46 1.00 0.00
0.70 5.76 6.63 1.00 0.00
0.70 5.76 6.81 1.00 0.00
0.70 5.76 6.98 1.00 0.00
0.70 5.76 7.16 1.00 0.00
0.70 5.76 7.33 1.00 0.00
0.70 5.76 7.51 1.00 0.00
0.70 5.76 7.68 1.00 0.00
0.70 5.76 7.85 1.00 0.00
0.90 5.76 4.87 1.00 0.00
0.90 5.76 5.05 1.00 0.00
0.90 5.76 5.22 1.00 0.00
0.90 5.76 5.40 1.00 0.00
0.90 5.76 5.57 1.00 0.00
0.90 5.76 5.75 1.00 0.00
0.90 5.76 5.92 1.00 0.00
0.90 5.76 6.09 1.00 0.00
0.90 5.76 6.27 1.00 0.00
0.90 5.76 6.44 1.00 0.00
0.90 5.76 6.62 1.00 0.00
0.90 5.76 6.79 1.00 0.00
0.90 5.76 6.97 1.00 0.00
0.90 5.76 7.14 1.00 0.00
0.90 5.76 7.32 1.00 0.00
0.90 5.76 7.49 1.00 0.00
0.90 5.76 7.67 1.00 0.00
0.90 5.76 7.84 1.00 0.00
1.10 5.76 4.86 1.00 0.00
1.10 5.76 5.03 1.00 0.00
1.10 5.76 5.21 1.00 0.00
1.10 5.76 5.38 1.00 0.00
1.10 5.76 5.55 1.00 0.00
1.10 5.76 5.73 1.00 0.00
1.10 5.76 5.90 1.00 0.00
1.10 5.76 6.08 1.00 0.00
1.10 5.76 6.25 1.00 0.00
1.10 5.76 6.43 1.00 0.00
1.10 5.76 6.60 1.00 0.00
1.10 5.76 6.78 1.00 0.00
1.10 5.76 6.95 1.00 0.00
1.10 5.76 7.13 1.00 0.00
1.10 5.76 7.30 1.00 0.00
1.10 5.76 7.47 1.00 0.00
1.10 5.76 7.65 1.00 0.00
1.10 5.76 7.82 1.00 0.00
0.30 5.93 4.92 1.00 0.00
0.30 5.93 5.10 1.00 0.00
0.30 5.93 5.27 1.00 0.00
0.30 5.93 5.45 1.00 0.00
0.30 5.93 5.62 1.00 0.00
0.30 5.93 5.80 1.00 0.00
0.30 5.93 5.97 1.00 0.00
0.30 5.93 6.15 1.00 0.00
0.30 5.93 6.32 1.00 0.00
0.30 5.93 6.50 1.00 0.00
0.30 5.93 6.67 1.00 0.00
0.30 5.93 6.84 1.00 0.00
0.30 5.93 7.02 1.00 0.00
0.30 5.93 7.19 1.00 0.00
0.30 5.93 7.37 1.00 0.00
0.30 5.93 7.54 1.00 0.00
0.30 5.93 7.72 1.00 0.00
0.30 5.93 7.89 1.00 0.00
0.50 5.93 4.92 1.00 0.00
0.50 5.93 5.09 1.00 0.00
0.50 5.93 5.27 1.00 0.00
0.50 5.93 5.44 1.00 0.00
0.50 5.93 5.62 1.00 0.00
0.50 5.93 5.79 1.00 0.00
0.50 5.93 5.97 1.00 0.00
0.50 5.93 6.14 1.00 0.00
0.50 5.93 6.32 1.00 0.00
0.50 5.93 6.49 1.00 0.00
0.50 5.93 6.66 1.00 0.00
0.50 5.93 6.84 1.00 0.00
0.50 5.93 7.01 1.00 0.00
0.50 5.93 7.19 1.00 0.00
0.50 5.93 7.36 1.00 0.00
0.50 5.93 7.54 1.00 0.00
0.50 5.93 7.71 1.00 0.00
0.50 5.93 7.89 1.00 0.00
0.70 5.93 4.91 1.00 0.00
0.70 5.93 5.09 1.00 0.00
0.70 5.93 5.26 1.00 0.00
0.70 5.93 5.44 1.00 0.00
0.70 5.93 5.61 1.00 0.00
0.70 5.93 5.79 1.00 0.00
0.70 5.93 5.96 1.00 0.00
0.70 5.93 6.13 1.00 0.00
0.70 5.93 6.31 1.00 0.00
0.70 5.93 6.48 1.00 0.00
0.70 5.93 6.66 1.00 0.00
0.70 5.93 6.83 1.00 0.00
0.70 5.93 7.01 1.00 0.00
0.70 5.93 7.18 1.00 0.00
0.70 5.93 7.36 1.00 0.00
0.70 5.93 7.53 1.00 0.00
0.70 5.93 7.71 1.00 0.00
0.70 5.93 7.88 1.00 0.00
0.90 5.93 4.91 1.00 0.00
0.90 5.93 5.08 1.00 0.00
0.90 5.93 5.26 1.00 0.00
0.90 5.93 5.43 1.00 0.00
0.90 5.93 5.60 1.00 0.00
0.90 5.93 5.78 1.00 0.00
0.90 5.93 5.95 1.00 0.00
0.90 5.93 6.13 1.00 0.00
0.90 5.93 6.30 1.00 0.00
0.90 5.93 6.48 1.00 0.00
0.90 5.93 6.65 1.00 0.00
0.90 5.93 6.83 1.00 0.00
0.90 5.93 7.00 1.00 0.00
0.90 5.93 7.18 1.00 0.00
0.90 5.93 7.35 1.00 0.00
0.90 5.93 7.52 1.00 0.00
0.90 5.93 7.70 1.00 0.00
0.90 5.93 7.87 1.00 0.00
1.10 5.93 4.90 1.00 0.00
1.10 5.93 5.07 1.00 0.00
1.10 5.93 5.25 1.00 0.00
1.10 5.93 5.42 1.00 0.00
1.10 5.93 5.60 1.00 0.00
1.10 5.93 5.77 1.00 0.00
1.10 5.93 5.95 1.00 0.00
1.10 5.93 6.12 1.00 0.00
1.10 5.93 6.30 1.00 0.00
1.10 5.93 6.47 1.00 0.00
1.10 5.93 6.64 1.00 0.00
1.10 5.93 6.82 1.00 0.00
1.10 5.93 6.99 1.00 0.00
1.10 5.93 7.17 1.00 0.00
1.10 5.93 7.34 1.00 0.00
1.10 5.93 7.52 1.00 0.00
1.10 5.93 7.69 1.00 0.00
1.10 5.93 7.87 1.00 0.00
0.30 6.11 4.94 1.00 0.00
0.30 6.11 5.11 1.00 0.00
0.30 6.11 5.28 1.00 0.00
0.30 6.11 5.46 1.00 0.00
0.30 6.11 5.63 1.00 0.00
0.30 6.11 5.81 1.00 0.00
0.30 6.11 5.98 1.00 0.00
0.30 6.11 6.16 1.00 0.00
0.30 6.11 6.33 1.00 0.00
0.30 6.11 6.51 1.00 0.00
0.30 6.11 6.68 1.00 0.00
0.30 6.11 6.86 1.00 0.00
0.30 6.11 7.03 1.00 0.00
0.30 6.11 7.20 1.00 0.00
0.30 6.11 7.38 1.00 0.00
0.30 6.11 7.55 1.00 0.00
0.30 6.11 7.73 1.00 0.00
0.30 6.11 7.90 1.00 0.00
0.50 6.11 4.94 1.00 0.00
0.50 6.11 5.11 1.00 0.00
0.50 6.11 5.29 1.00 0.00
0.50 6.11 5.46 1.00 0.00
0.50 6.11 5.64 1.00 0.00
0.50 6.11 5.81 1.00 0.00
0.50 6.11 5.98 1.00 0.00
0.50 6.11 6.16 1.00 0.00
0.50 6.11 6.33 1.00 0.00
0.50 6.11 6.51 1.00 0.00
0.50 6.11 6.68 1.00 0.00
0.50 6.11 6.86 1.00 0.00
0.50 6.11 7.03 1.00 0.00
0.50 6.11 7.21 1.00 0.00
0.50 6.11 7.38 1.00 0.00
0.50 6.11 7.56 1.00 0.00
0.50 6.11 7.73 1.00 0.00
0.50 6.11 7.90 1.00 0.00
0.70 6.11 4.94 1.00 0.00
0.70 6.11 5.11 1.00 0.00
0.70 6.11 5.29 1.00 0.00
0.70 6.11 5.46 1.00 0.00
0.70 6.11 5.64 1.00 0.00
0.70 6.11 5.81 1.00 0.00
0.70 6.11 5.99 1.00 0.00
0.70 6.11 6.16 1.00 0.00
0.70 6.11 6.34 1.00 0.00
0.70 6.11 6.51 1.00 0.00
0.70 6.11 6.68 1.00 0.00
0.70 6.11 6.86 1.00 0.00
0.70 6.11 7.03 1.00 0.00
0.70 6.11 7.21 1.00 0.00
0.70 6.11 7.38 1.00 0.00
0.70 6.11 7.56 1.00 0.00
0.70 6.11 7.73 1.00 0.00
0.70 6.11 7.91 1.00 0.00
0.90 6.11 4.94 1.00 0.00
0.90 6.11 5.12 1.00 0.00
0.90 6.11 5.29 1.00 0.00
0.90 6.11 5.47 1.00 0.00
0.90 6.11 5.64 1.00 0.00
0.90 6.11 5.81 1.00 0.00
0.90 6.11 5.99 1.00 0.00
0.90 6.11 6.16 1.00 0.00
0.90 6.11 6.34 1.00 0.00
0.90 6.11 6.51 1.00 0.00
0.90 6.11 6.69 1.00 0.00
0.90 6.11 6.86 1.00 0.00
0.90 6.11 7.04 1.00 0.00
0.90 6.11 7.21 1.00 0.00
0.90 6.11 7.39 1.00 0.00
0.90 6.11 7.56 1.00 0.00
0.90 6.11 7.73 1.00 0.00
0.90 6.11 7.91 1.00 0.00
1.10 6.11 4.94 1.00 0.00
1.10 6.11 5.12 1.00 0.00
1.10 6.11 5.29 1.00 0.00
1.10 6.11 5.47 1.00 0.00
1.10 6.11 5.64 1.00 0.00
1.10 6.11 5.82 1.00 0.00
1.10 6.11 5.99 1.00 0.00
1.10 6.11 6.17 1.00 0.00
1.10 6.11 6.34 1.00 0.00
1.10 6.11 6.52 1.00 0.00
1.10 6.11 6.69 1.00 0.00
1.10 6.11 6.86 1.00 0.00
1.10 6.11 7.04 1.00 0.00
1.10 6.11 7.21 1.00 0.00
1.10 6.11 7.39 1.00 0.00
1.10 6.11 7.56 1.00 0.00
1.10 6.11 7.74 1.00 0.00
1.10 6.11 7.91 1.00 0.00
