0.30 0.00 4.89 1.00 0.00
0.30 0.00 5.07 1.00 0.00
0.30 0.00 5.24 1.00 0.00
0.30 0.00 5.42 1.00 0.00
0.30 0.00 5.59 1.00 0.00
0.30 0.00 5.77 1.00 0.00
0.30 0.00 5.94 1.00 0.00
0.30 0.00 6.11 1.00 0.00
0.30 0.00 6.29 1.00 0.00
0.30 0.00 6.46 1.00 0.00
0.30 0.00 6.64 1.00 0.00
0.30 0.00 6.81 1.00 0.00
0.30 0.00 6.99 1.00 0.00
0.30 0.00 7.16 1.00 0.00
0.30 0.00 7.34 1.00 0.00
0.30 0.00 7.51 1.00 0.00
0.30 0.00 7.69 1.00 0.00
0.30 0.00 7.86 1.00 0.00
0.50 0.00 4.90 1.00 0.00
0.50 0.00 5.07 1.00 0.00
0.50 0.00 5.25 1.00 0.00
0.50 0.00 5.42 1.00 0.00
0.50 0.00 5.60 1.00 0.00
0.50 0.00 5.77 1.00 0.00
0.50 0.00 5.95 1.00 0.00
0.50 0.00 6.12 1.00 0.00
0.50 0.00 6.30 1.00 0.00
0.50 0.00 6.47 1.00 0.00
0.50 0.00 6.65 1.00 0.00
0.50 0.00 6.82 1.00 0.00
0.50 0.00 6.99 1.00 0.00
0.50 0.00 7.17 1.00 0.00
0.50 0.00 7.34 1.00 0.00
0.50 0.00 7.52 1.00 0.00
0.50 0.00 7.69 1.00 0.00
0.50 0.00 7.87 1.00 0.00
0.70 0.00 4.91 1.00 0.00
0.70 0.00 5.08 1.00 0.00
0.70 0.00 5.26 1.00 0.00
0.70 0.00 5.43 1.00 0.00
0.70 0.00 5.61 1.00 0.00
0.70 0.00 5.78 1.00 0.00
0.70 0.00 5.96 1.00 0.00
0.70 0.00 6.13 1.00 0.00
0.70 0.00 6.30 1.00 0.00
0.70 0.00 6.48 1.00 0.00
0.70 0.00 6.65 1.00 0.00
0.70 0.00 6.83 1.00 0.00
0.70 0.00 7.00 1.00 0.00
0.70 0.00 7.18 1.00 0.00
0.70 0.00 7.35 1.00 0.00
0.70 0.00 7.53 1.00 0.00
0.70 0.00 7.70 1.00 0.00
0.70 0.00 7.88 1.00 0.00
0.90 0.00 4.92 1.00 0.00
0.90 0.00 5.09 1.00 0.00
0.90 0.00 5.27 1.00 0.00
0.90 0.00 5.44 1.00 0.00
0.90 0.00 5.61 1.00 0.00
0.90 0.00 5.79 1.00 0.00
0.90 0.00 5.96 1.00 0.00
0.90 0.00 6.14 1.00 0.00
0.90 0.00 6.31 1.00 0.00
0.90 0.00 6.49 1.00 0.00
0.90 0.00 6.66 1.00 0.00
0.90 0.00 6.84 1.00 0.00
0.90 0.00 7.01 1.00 0.00
0.90 0.00 7.19 1.00 0.00
0.90 0.00 7.36 1.00 0.00
0.90 0.00 7.53 1.00 0.00
0.90 0.00 7.71 1.00 0.00
0.90 0.00 7.88 1.00 0.00
1.10 0.00 4.93 1.00 0.00
1.10 0.00 5.10 1.00 0.00
1.10 0.00 5.28 1.00 0.00
1.10 0.00 5.45 1.00 0.00
1.10 0.00 5.62 1.00 0.00
1.10 0.00 5.80 1.00 0.00
1.10 0.00 5.97 1.00 0.00
1.10 0.00 6.15 1.00 0.00
1.10 0.00 6.32 1.00 0.00
1.10 0.00 6.50 1.00 0.00
1.10 0.00 6.67 1.00 0.00
1.10 0.00 6.85 1.00 0.00
1.10 0.00 7.02 1.00 0.00
1.10 0.00 7.20 1.00 0.00
1.10 0.00 7.37 1.00 0.00
1.10 0.00 7.54 1.00 0.00
1.10 0.00 7.72 1.00 0.00
1.10 0.00 7.89 1.00 0.00
0.30 0.17 4.90 1.00 0.00
0.30 0.17 5.08 1.00 0.00
0.30 0.17 5.25 1.00 0.00
0.30 0.17 5.43 1.00 0.00
0.30 0.17 5.60 1.00 0.00
0.30 0.17 5.78 1.00 0.00
0.30 0.17 5.95 1.00 0.00
0.30 0.17 6.12 1.00 0.00
0.30 0.17 6.30 1.00 0.00
0.30 0.17 6.47 1.00 0.00
0.30 0.17 6.65 1.00 0.00
0.30 0.17 6.82 1.00 0.00
0.30 0.17 7.00 1.00 0.00
0.30 0.17 7.17 1.00 0.00
0.30 0.17 7.35 1.00 0.00
0.30 0.17 7.52 1.00 0.00
0.30 0.17 7.70 1.00 0.00
0.30 0.17 7.87 1.00 0.00
0.50 0.17 4.92 1.00 0.00
0.50 0.17 5.09 1.00 0.00
0.50 0.17 5.27 1.00 0.00
0.50 0.17 5.44 1.00 0.00
0.50 0.17 5.62 1.00 0.00
0.50 0.17 5.79 1.00 0.00
0.50 0.17 5.96 1.00 0.00
0.50 0.17 6.14 1.00 0.00
0.50 0.17 6.31 1.00 0.00
0.50 0.17 6.49 1.00 0.00
0.50 0.17 6.66 1.00 0.00
0.50 0.17 6.84 1.00 0.00
0.50 0.17 7.01 1.00 0.00
0.50 0.17 7.19 1.00 0.00
0.50 0.17 7.36 1.00 0.00
0.50 0.17 7.54 1.00 0.00
0.50 0.17 7.71 1.00 0.00
0.50 0.17 7.88 1.00 0.00
0.70 0.17 4.93 1.00 0.00
0.70 0.17 5.11 1.00 0.00
0.70 0.17 5.28 1.00 0.00
0.70 0.17 5.46 1.00 0.00
0.70 0.17 5.63 1.00 0.00
0.70 0.17 5.81 1.00 0.00
0.70 0.17 5.98 1.00 0.00
0.70 0.17 6.15 1.00 0.00
0.70 0.17 6.33 1.00 0.00
0.70 0.17 6.50 1.00 0.00
0.70 0.17 6.68 1.00 0.00
0.70 0.17 6.85 1.00 0.00
0.70 0.17 7.03 1.00 0.00
0.70 0.17 7.20 1.00 0.00
0.70 0.17 7.38 1.00 0.00
0.70 0.17 7.55 1.00 0.00
0.70 0.17 7.73 1.00 0.00
0.70 0.17 7.90 1.00 0.00
0.90 0.17 4.95 1.00 0.00
0.90 0.17 5.12 1.00 0.00
0.90 0.17 5.30 1.00 0.00
0.90 0.17 5.47 1.00 0.00
0.90 0.17 5.65 1.00 0.00
0.90 0.17 5.82 1.00 0.00
0.90 0.17 6.00 1.00 0.00
0.90 0.17 6.17 1.00 0.00
0.90 0.17 6.35 1.00 0.00
0.90 0.17 6.52 1.00 0.00
0.90 0.17 6.70 1.00 0.00
0.90 0.17 6.87 1.00 0.00
0.90 0.17 7.04 1.00 0.00
0.90 0.17 7.22 1.00 0.00
0.90 0.17 7.39 1.00 0.00
0.90 0.17 7.57 1.00 0.00
0.90 0.17 7.74 1.00 0.00
0.90 0.17 7.92 1.00 0.00
1.10 0.17 4.97 1.00 0.00
1.10 0.17 5.14 1.00 0.00
1.10 0.17 5.32 1.00 0.00
1.10 0.17 5.49 1.00 0.00
1.10 0.17 5.67 1.00 0.00
1.10 0.17 5.84 1.00 0.00
1.10 0.17 6.02 1.00 0.00
1.10 0.17 6.19 1.00 0.00
1.10 0.17 6.36 1.00 0.00
1.10 0.17 6.54 1.00 0.00
1.10 0.17 6.71 1.00 0.00
1.10 0.17 6.89 1.00 0.00
1.10 0.17 7.06 1.00 0.00
1.10 0.17 7.24 1.00 0.00
1.10 0.17 7.41 1.00 0.00
1.10 0.17 7.59 1.00 0.00
1.10 0.17 7.76 1.00 0.00
1.10 0.17 7.94 1.00 0.00
0.30 0.35 4.91 1.00 0.00
0.30 0.35 5.09 1.00 0.00
0.30 0.35 5.26 1.00 0.00
0.30 0.35 5.44 1.00 0.00
0.30 0.35 5.61 1.00 0.00
0.30 0.35 5.78 1.00 0.00
0.30 0.35 5.96 1.00 0.00
0.30 0.35 6.13 1.00 0.00
0.30 0.35 6.31 1.00 0.00
0.30 0.35 6.48 1.00 0.00
0.30 0.35 6.66 1.00 0.00
0.30 0.35 6.83 1.00 0.00
0.30 0.35 7.01 1.00 0.00
0.30 0.35 7.18 1.00 0.00
0.30 0.35 7.36 1.00 0.00
0.30 0.35 7.53 1.00 0.00
0.30 0.35 7.70 1.00 0.00
0.30 0.35 7.88 1.00 0.00
0.50 0.35 4.93 1.00 0.00
0.50 0.35 5.11 1.00 0.00
0.50 0.35 5.28 1.00 0.00
0.50 0.35 5.46 1.00 0.00
0.50 0.35 5.63 1.00 0.00
0.50 0.35 5.81 1.00 0.00
0.50 0.35 5.98 1.00 0.00
0.50 0.35 6.15 1.00 0.00
0.50 0.35 6.33 1.00 0.00
0.50 0.35 6.50 1.00 0.00
0.50 0.35 6.68 1.00 0.00
0.50 0.35 6.85 1.00 0.00
0.50 0.35 7.03 1.00 0.00
0.50 0.35 7.20 1.00 0.00
0.50 0.35 7.38 1.00 0.00
0.50 0.35 7.55 1.00 0.00
0.50 0.35 7.73 1.00 0.00
0.50 0.35 7.90 1.00 0.00
0.70 0.35 4.96 1.00 0.00
0.70 0.35 5.13 1.00 0.00
0.70 0.35 5.30 1.00 0.00
0.70 0.35 5.48 1.00 0.00
0.70 0.35 5.65 1.00 0.00
0.70 0.35 5.83 1.00 0.00
0.70 0.35 6.00 1.00 0.00
0.70 0.35 6.18 1.00 0.00
0.70 0.35 6.35 1.00 0.00
0.70 0.35 6.53 1.00 0.00
0.70 0.35 6.70 1.00 0.00
0.70 0.35 6.88 1.00 0.00
0.70 0.35 7.05 1.00 0.00
0.70 0.35 7.22 1.00 0.00
0.70 0.35 7.40 1.00 0.00
0.70 0.35 7.57 1.00 0.00
0.70 0.35 7.75 1.00 0.00
0.70 0.35 7.92 1.00 0.00
0.90 0.35 4.98 1.00 0.00
0.90 0.35 5.15 1.00 0.00
0.90 0.35 5.33 1.00 0.00
0.90 0.35 5.50 1.00 0.00
0.90 0.35 5.68 1.00 0.00
0.90 0.35 5.85 1.00 0.00
0.90 0.35 6.03 1.00 0.00
0.90 0.35 6.20 1.00 0.00
0.90 0.35 6.38 1.00 0.00
0.90 0.35 6.55 1.00 0.00
0.90 0.35 6.73 1.00 0.00
0.90 0.35 6.90 1.00 0.00
0.90 0.35 7.07 1.00 0.00
0.90 0.35 7.25 1.00 0.00
0.90 0.35 7.42 1.00 0.00
0.90 0.35 7.60 1.00 0.00
0.90 0.35 7.77 1.00 0.00
0.90 0.35 7.95 1.00 0.00
1.10 0.35 5.01 1.00 0.00
1.10 0.35 5.18 1.00 0.00
1.10 0.35 5.36 1.00 0.00
1.10 0.35 5.53 1.00 0.00
1.10 0.35 5.70 1.00 0.00
1.10 0.35 5.88 1.00 0.00
1.10 0.35 6.05 1.00 0.00
1.10 0.35 6.23 1.00 0.00
1.10 0.35 6.40 1.00 0.00
1.10 0.35 6.58 1.00 0.00
1.10 0.35 6.75 1.00 0.00
1.10 0.35 6.93 1.00 0.00
1.10 0.35 7.10 1.00 0.00
1.10 0.35 7.28 1.00 0.00
1.10 0.35 7.45 1.00 0.00
1.10 0.35 7.62 1.00 0.00
1.10 0.35 7.80 1.00 0.00
1.10 0.35 7.97 1.00 0.00
0.30 0.52 4.92 1.00 0.00
0.30 0.52 5.09 1.00 0.00
0.30 0.52 5.27 1.00 0.00
0.30 0.52 5.44 1.00 0.00
0.30 0.52 5.62 1.00 0.00
0.30 0.52 5.79 1.00 0.00
0.30 0.52 5.97 1.00 0.00
0.30 0.52 6.14 1.00 0.00
0.30 0.52 6.32 1.00 0.00
0.30 0.52 6.49 1.00 0.00
0.30 0.52 6.67 1.00 0.00
0.30 0.52 6.84 1.00 0.00
0.30 0.52 7.01 1.00 0.00
0.30 0.52 7.19 1.00 0.00
0.30 0.52 7.36 1.00 0.00
0.30 0.52 7.54 1.00 0.00
0.30 0.52 7.71 1.00 0.00
0.30 0.52 7.89 1.00 0.00
0.50 0.52 4.95 1.00 0.00
0.50 0.52 5.12 1.00 0.00
0.50 0.52 5.30 1.00 0.00
0.50 0.52 5.47 1.00 0.00
0.50 0.52 5.65 1.00 0.00
0.50 0.52 5.82 1.00 0.00
0.50 0.52 5.99 1.00 0.00
0.50 0.52 6.17 1.00 0.00
0.50 0.52 6.34 1.00 0.00
0.50 0.52 6.52 1.00 0.00
0.50 0.52 6.69 1.00 0.00
0.50 0.52 6.87 1.00 0.00
0.50 0.52 7.04 1.00 0.00
0.50 0.52 7.22 1.00 0.00
0.50 0.52 7.39 1.00 0.00
0.50 0.52 7.56 1.00 0.00
0.50 0.52 7.74 1.00 0.00
0.50 0.52 7.91 1.00 0.00
0.70 0.52 4.98 1.00 0.00
0.70 0.52 5.15 1.00 0.00
0.70 0.52 5.32 1.00 0.00
0.70 0.52 5.50 1.00 0.00
0.70 0.52 5.67 1.00 0.00
0.70 0.52 5.85 1.00 0.00
0.70 0.52 6.02 1.00 0.00
0.70 0.52 6.20 1.00 0.00
0.70 0.52 6.37 1.00 0.00
0.70 0.52 6.55 1.00 0.00
0.70 0.52 6.72 1.00 0.00
0.70 0.52 6.90 1.00 0.00
0.70 0.52 7.07 1.00 0.00
0.70 0.52 7.24 1.00 0.00
0.70 0.52 7.42 1.00 0.00
0.70 0.52 7.59 1.00 0.00
0.70 0.52 7.77 1.00 0.00
0.70 0.52 7.94 1.00 0.00
0.90 0.52 5.01 1.00 0.00
0.90 0.52 5.18 1.00 0.00
0.90 0.52 5.35 1.00 0.00
0.90 0.52 5.53 1.00 0.00
0.90 0.52 5.70 1.00 0.00
0.90 0.52 5.88 1.00 0.00
0.90 0.52 6.05 1.00 0.00
0.90 0.52 6.23 1.00 0.00
0.90 0.52 6.40 1.00 0.00
0.90 0.52 6.58 1.00 0.00
0.90 0.52 6.75 1.00 0.00
0.90 0.52 6.93 1.00 0.00
0.90 0.52 7.10 1.00 0.00
0.90 0.52 7.27 1.00 0.00
0.90 0.52 7.45 1.00 0.00
0.90 0.52 7.62 1.00 0.00
0.90 0.52 7.80 1.00 0.00
0.90 0.52 7.97 1.00 0.00
1.10 0.52 5.04 1.00 0.00
1.10 0.52 5.21 1.00 0.00
1.10 0.52 5.39 1.00 0.00
1.10 0.52 5.56 1.00 0.00
1.10 0.52 5.74 1.00 0.00
1.10 0.52 5.91 1.00 0.00
1.10 0.52 6.08 1.00 0.00
1.10 0.52 6.26 1.00 0.00
1.10 0.52 6.43 1.00 0.00
1.10 0.52 6.61 1.00 0.00
1.10 0.52 6.78 1.00 0.00
1.10 0.52 6.96 1.00 0.00
1.10 0.52 7.13 1.00 0.00
1.10 0.52 7.31 1.00 0.00
1.10 0.52 7.48 1.00 0.00
1.10 0.52 7.66 1.00 0.00
1.10 0.52 7.83 1.00 0.00
1.10 0.52 8.00 1.00 0.00
0.30 0.70 4.93 1.00 0.00
0.30 0.70 5.10 1.00 0.00
0.30 0.70 5.28 1.00 0.00
0.30 0.70 5.45 1.00 0.00
0.30 0.70 5.63 1.00 0.00
0.30 0.70 5.80 1.00 0.00
0.30 0.70 5.97 1.00 0.00
0.30 0.70 6.15 1.00 0.00
0.30 0.70 6.32 1.00 0.00
0.30 0.70 6.50 1.00 0.00
0.30 0.70 6.67 1.00 0.00
0.30 0.70 6.85 1.00 0.00
0.30 0.70 7.02 1.00 0.00
0.30 0.70 7.20 1.00 0.00
0.30 0.70 7.37 1.00 0.00
0.30 0.70 7.54 1.00 0.00
0.30 0.70 7.72 1.00 0.00
0.30 0.70 7.89 1.00 0.00
0.50 0.70 4.96 1.00 0.00
0.50 0.70 5.13 1.00 0.00
0.50 0.70 5.31 1.00 0.00
0.50 0.70 5.48 1.00 0.00
0.50 0.70 5.66 1.00 0.00
0.50 0.70 5.83 1.00 0.00
0.50 0.70 6.01 1.00 0.00
0.50 0.70 6.18 1.00 0.00
0.50 0.70 6.35 1.00 0.00
0.50 0.70 6.53 1.00 0.00
0.50 0.70 6.70 1.00 0.00
0.50 0.70 6.88 1.00 0.00
0.50 0.70 7.05 1.00 0.00
0.50 0.70 7.23 1.00 0.00
0.50 0.70 7.40 1.00 0.00
0.50 0.70 7.58 1.00 0.00
0.50 0.70 7.75 1.00 0.00
0.50 0.70 7.93 1.00 0.00
0.70 0.70 4.99 1.00 0.00
0.70 0.70 5.17 1.00 0.00
0.70 0.70 5.34 1.00 0.00
0.70 0.70 5.51 1.00 0.00
0.70 0.70 5.69 1.00 0.00
0.70 0.70 5.86 1.00 0.00
0.70 0.70 6.04 1.00 0.00
0.70 0.70 6.21 1.00 0.00
0.70 0.70 6.39 1.00 0.00
0.70 0.70 6.56 1.00 0.00
0.70 0.70 6.74 1.00 0.00
0.70 0.70 6.91 1.00 0.00
0.70 0.70 7.09 1.00 0.00
0.70 0.70 7.26 1.00 0.00
0.70 0.70 7.43 1.00 0.00
0.70 0.70 7.61 1.00 0.00
0.70 0.70 7.78 1.00 0.00
0.70 0.70 7.96 1.00 0.00
0.90 0.70 5.03 1.00 0.00
0.90 0.70 5.20 1.00 0.00
0.90 0.70 5.37 1.00 0.00
0.90 0.70 5.55 1.00 0.00
0.90 0.70 5.72 1.00 0.00
0.90 0.70 5.90 1.00 0.00
0.90 0.70 6.07 1.00 0.00
0.90 0.70 6.25 1.00 0.00
0.90 0.70 6.42 1.00 0.00
0.90 0.70 6.60 1.00 0.00
0.90 0.70 6.77 1.00 0.00
0.90 0.70 6.95 1.00 0.00
0.90 0.70 7.12 1.00 0.00
0.90 0.70 7.29 1.00 0.00
0.90 0.70 7.47 1.00 0.00
0.90 0.70 7.64 1.00 0.00
0.90 0.70 7.82 1.00 0.00
0.90 0.70 7.99 1.00 0.00
1.10 0.70 5.06 1.00 0.00
1.10 0.70 5.24 1.00 0.00
1.10 0.70 5.41 1.00 0.00
1.10 0.70 5.59 1.00 0.00
1.10 0.70 5.76 1.00 0.00
1.10 0.70 5.93 1.00 0.00
1.10 0.70 6.11 1.00 0.00
1.10 0.70 6.28 1.00 0.00
1.10 0.70 6.46 1.00 0.00
1.10 0.70 6.63 1.00 0.00
1.10 0.70 6.81 1.00 0.00
1.10 0.70 6.98 1.00 0.00
1.10 0.70 7.16 1.00 0.00
1.10 0.70 7.33 1.00 0.00
1.10 0.70 7.51 1.00 0.00
1.10 0.70 7.68 1.00 0.00
1.10 0.70 7.85 1.00 0.00
1.10 0.70 8.03 1.00 0.00
0.30 0.87 4.93 1.00 0.00
0.30 0.87 5.11 1.00 0.00
0.30 0.87 5.28 1.00 0.00
0.30 0.87 5.46 1.00 0.00
0.30 0.87 5.63 1.00 0.00
0.30 0.87 5.81 1.00 0.00
0.30 0.87 5.98 1.00 0.00
0.30 0.87 6.15 1.00 0.00
0.30 0.87 6.33 1.00 0.00
0.30 0.87 6.50 1.00 0.00
0.30 0.87 6.68 1.00 0.00
0.30 0.87 6.85 1.00 0.00
0.30 0.87 7.03 1.00 0.00
0.30 0.87 7.20 1.00 0.00
0.30 0.87 7.38 1.00 0.00
0.30 0.87 7.55 1.00 0.00
0.30 0.87 7.72 1.00 0.00
0.30 0.87 7.90 1.00 0.00
0.50 0.87 4.97 1.00 0.00
0.50 0.87 5.14 1.00 0.00
0.50 0.87 5.32 1.00 0.00
0.50 0.87 5.49 1.00 0.00
0.50 0.87 5.67 1.00 0.00
0.50 0.87 5.84 1.00 0.00
0.50 0.87 6.01 1.00 0.00
0.50 0.87 6.19 1.00 0.00
0.50 0.87 6.36 1.00 0.00
0.50 0.87 6.54 1.00 0.00
0.50 0.87 6.71 1.00 0.00
0.50 0.87 6.89 1.00 0.00
0.50 0.87 7.06 1.00 0.00
0.50 0.87 7.24 1.00 0.00
0.50 0.87 7.41 1.00 0.00
0.50 0.87 7.59 1.00 0.00
0.50 0.87 7.76 1.00 0.00
0.50 0.87 7.93 1.00 0.00
0.70 0.87 5.00 1.00 0.00
0.70 0.87 5.18 1.00 0.00
0.70 0.87 5.35 1.00 0.00
0.70 0.87 5.53 1.00 0.00
0.70 0.87 5.70 1.00 0.00
0.70 0.87 5.88 1.00 0.00
0.70 0.87 6.05 1.00 0.00
0.70 0.87 6.22 1.00 0.00
0.70 0.87 6.40 1.00 0.00
0.70 0.87 6.57 1.00 0.00
0.70 0.87 6.75 1.00 0.00
0.70 0.87 6.92 1.00 0.00
0.70 0.87 7.10 1.00 0.00
0.70 0.87 7.27 1.00 0.00
0.70 0.87 7.45 1.00 0.00
0.70 0.87 7.62 1.00 0.00
0.70 0.87 7.80 1.00 0.00
0.70 0.87 7.97 1.00 0.00
0.90 0.87 5.04 1.00 0.00
0.90 0.87 5.21 1.00 0.00
0.90 0.87 5.39 1.00 0.00
0.90 0.87 5.56 1.00 0.00
0.90 0.87 5.74 1.00 0.00
0.90 0.87 5.91 1.00 0.00
0.90 0.87 6.09 1.00 0.00
0.90 0.87 6.26 1.00 0.00
0.90 0.87 6.44 1.00 0.00
0.90 0.87 6.61 1.00 0.00
0.90 0.87 6.79 1.00 0.00
0.90 0.87 6.96 1.00 0.00
0.90 0.87 7.13 1.00 0.00
0.90 0.87 7.31 1.00 0.00
0.90 0.87 7.48 1.00 0.00
0.90 0.87 7.66 1.00 0.00
0.90 0.87 7.83 1.00 0.00
0.90 0.87 8.01 1.00 0.00
1.10 0.87 5.08 1.00 0.00
1.10 0.87 5.25 1.00 0.00
1.10 0.87 5.43 1.00 0.00
1.10 0.87 5.60 1.00 0.00
1.10 0.87 5.78 1.00 0.00
1.10 0.87 5.95 1.00 0.00
1.10 0.87 6.13 1.00 0.00
1.10 0.87 6.30 1.00 0.00
1.10 0.87 6.47 1.00 0.00
1.10 0.87 6.65 1.00 0.00
1.10 0.87 6.82 1.00 0.00
1.10 0.87 7.00 1.00 0.00
1.10 0.87 7.17 1.00 0.00
1.10 0.87 7.35 1.00 0.00
1.10 0.87 7.52 1.00 0.00
1.10 0.87 7.70 1.00 0.00
1.10 0.87 7.87 1.00 0.00
1.10 0.87 8.05 1.00 0.00
0.30 1.05 4.94 1.00 0.00
0.30 1.05 5.11 1.00 0.00
0.30 1.05 5.29 1.00 0.00
0.30 1.05 5.46 1.00 0.00
0.30 1.05 5.63 1.00 0.00
0.30 1.05 5.81 1.00 0.00
0.30 1.05 5.98 1.00 0.00
0.30 1.05 6.16 1.00 0.00
0.30 1.05 6.33 1.00 0.00
0.30 1.05 6.51 1.00 0.00
0.30 1.05 6.68 1.00 0.00
0.30 1.05 6.86 1.00 0.00
0.30 1.05 7.03 1.00 0.00
0.30 1.05 7.21 1.00 0.00
0.30 1.05 7.38 1.00 0.00
0.30 1.05 7.55 1.00 0.00
0.30 1.05 7.73 1.00 0.00
0.30 1.05 7.90 1.00 0.00
0.50 1.05 4.97 1.00 0.00
0.50 1.05 5.15 1.00 0.00
0.50 1.05 5.32 1.00 0.00
0.50 1.05 5.50 1.00 0.00
0.50 1.05 5.67 1.00 0.00
0.50 1.05 5.85 1.00 0.00
0.50 1.05 6.02 1.00 0.00
0.50 1.05 6.19 1.00 0.00
0.50 1.05 6.37 1.00 0.00
0.50 1.05 6.54 1.00 0.00
0.50 1.05 6.72 1.00 0.00
0.50 1.05 6.89 1.00 0.00
0.50 1.05 7.07 1.00 0.00
0.50 1.05 7.24 1.00 0.00
0.50 1.05 7.42 1.00 0.00
0.50 1.05 7.59 1.00 0.00
0.50 1.05 7.77 1.00 0.00
0.50 1.05 7.94 1.00 0.00
0.70 1.05 5.01 1.00 0.00
0.70 1.05 5.19 1.00 0.00
0.70 1.05 5.36 1.00 0.00
0.70 1.05 5.53 1.00 0.00
0.70 1.05 5.71 1.00 0.00
0.70 1.05 5.88 1.00 0.00
0.70 1.05 6.06 1.00 0.00
0.70 1.05 6.23 1.00 0.00
0.70 1.05 6.41 1.00 0.00
0.70 1.05 6.58 1.00 0.00
0.70 1.05 6.76 1.00 0.00
0.70 1.05 6.93 1.00 0.00
0.70 1.05 7.10 1.00 0.00
0.70 1.05 7.28 1.00 0.00
0.70 1.05 7.45 1.00 0.00
0.70 1.05 7.63 1.00 0.00
0.70 1.05 7.80 1.00 0.00
0.70 1.05 7.98 1.00 0.00
0.90 1.05 5.05 1.00 0.00
0.90 1.05 5.22 1.00 0.00
0.90 1.05 5.40 1.00 0.00
0.90 1.05 5.57 1.00 0.00
0.90 1.05 5.75 1.00 0.00
0.90 1.05 5.92 1.00 0.00
0.90 1.05 6.10 1.00 0.00
0.90 1.05 6.27 1.00 0.00
0.90 1.05 6.44 1.00 0.00
0.90 1.05 6.62 1.00 0.00
0.90 1.05 6.79 1.00 0.00
0.90 1.05 6.97 1.00 0.00
0.90 1.05 7.14 1.00 0.00
0.90 1.05 7.32 1.00 0.00
0.90 1.05 7.49 1.00 0.00
0.90 1.05 7.67 1.00 0.00
0.90 1.05 7.84 1.00 0.00
0.90 1.05 8.02 1.00 0.00
1.10 1.05 5.09 1.00 0.00
1.10 1.05 5.26 1.00 0.00
1.10 1.05 5.44 1.00 0.00
1.10 1.05 5.61 1.00 0.00
1.10 1.05 5.79 1.00 0.00
1.10 1.05 5.96 1.00 0.00
1.10 1.05 6.13 1.00 0.00
1.10 1.05 6.31 1.00 0.00
1.10 1.05 6.48 1.00 0.00
1.10 1.05 6.66 1.00 0.00
1.10 1.05 6.83 1.00 0.00
1.10 1.05 7.01 1.00 0.00
1.10 1.05 7.18 1.00 0.00
1.10 1.05 7.36 1.00 0.00
1.10 1.05 7.53 1.00 0.00
1.10 1.05 7.71 1.00 0.00
1.10 1.05 7.88 1.00 0.00
1.10 1.05 8.05 1.00 0.00
0.30 1.22 4.94 1.00 0.00
0.30 1.22 5.11 1.00 0.00
0.30 1.22 5.29 1.00 0.00
0.30 1.22 5.46 1.00 0.00
0.30 1.22 5.64 1.00 0.00
0.30 1.22 5.81 1.00 0.00
0.30 1.22 5.99 1.00 0.00
0.30 1.22 6.16 1.00 0.00
0.30 1.22 6.33 1.00 0.00
0.30 1.22 6.51 1.00 0.00
0.30 1.22 6.68 1.00 0.00
0.30 1.22 6.86 1.00 0.00
0.30 1.22 7.03 1.00 0.00
0.30 1.22 7.21 1.00 0.00
0.30 1.22 7.38 1.00 0.00
0.30 1.22 7.56 1.00 0.00
0.30 1.22 7.73 1.00 0.00
0.30 1.22 7.91 1.00 0.00
0.50 1.22 4.98 1.00 0.00
0.50 1.22 5.15 1.00 0.00
0.50 1.22 5.32 1.00 0.00
0.50 1.22 5.50 1.00 0.00
0.50 1.22 5.67 1.00 0.00
0.50 1.22 5.85 1.00 0.00
0.50 1.22 6.02 1.00 0.00
0.50 1.22 6.20 1.00 0.00
0.50 1.22 6.37 1.00 0.00
0.50 1.22 6.55 1.00 0.00
0.50 1.22 6.72 1.00 0.00
0.50 1.22 6.90 1.00 0.00
0.50 1.22 7.07 1.00 0.00
0.50 1.22 7.24 1.00 0.00
0.50 1.22 7.42 1.00 0.00
0.50 1.22 7.59 1.00 0.00
0.50 1.22 7.77 1.00 0.00
0.50 1.22 7.94 1.00 0.00
0.70 1.22 5.01 1.00 0.00
0.70 1.22 5.19 1.00 0.00
0.70 1.22 5.36 1.00 0.00
0.70 1.22 5.54 1.00 0.00
0.70 1.22 5.71 1.00 0.00
0.70 1.22 5.89 1.00 0.00
0.70 1.22 6.06 1.00 0.00
0.70 1.22 6.24 1.00 0.00
0.70 1.22 6.41 1.00 0.00
0.70 1.22 6.58 1.00 0.00
0.70 1.22 6.76 1.00 0.00
0.70 1.22 6.93 1.00 0.00
0.70 1.22 7.11 1.00 0.00
0.70 1.22 7.28 1.00 0.00
0.70 1.22 7.46 1.00 0.00
0.70 1.22 7.63 1.00 0.00
0.70 1.22 7.81 1.00 0.00
0.70 1.22 7.98 1.00 0.00
0.90 1.22 5.05 1.00 0.00
0.90 1.22 5.23 1.00 0.00
0.90 1.22 5.40 1.00 0.00
0.90 1.22 5.58 1.00 0.00
0.90 1.22 5.75 1.00 0.00
0.90 1.22 5.92 1.00 0.00
0.90 1.22 6.10 1.00 0.00
0.90 1.22 6.27 1.00 0.00
0.90 1.22 6.45 1.00 0.00
0.90 1.22 6.62 1.00 0.00
0.90 1.22 6.80 1.00 0.00
0.90 1.22 6.97 1.00 0.00
0.90 1.22 7.15 1.00 0.00
0.90 1.22 7.32 1.00 0.00
0.90 1.22 7.50 1.00 0.00
0.90 1.22 7.67 1.00 0.00
0.90 1.22 7.84 1.00 0.00
0.90 1.22 8.02 1.00 0.00
1.10 1.22 5.09 1.00 0.00
1.10 1.22 5.26 1.00 0.00
1.10 1.22 5.44 1.00 0.00
1.10 1.22 5.61 1.00 0.00
1.10 1.22 5.79 1.00 0.00
1.10 1.22 5.96 1.00 0.00
1.10 1.22 6.14 1.00 0.00
1.10 1.22 6.31 1.00 0.00
1.10 1.22 6.49 1.00 0.00
1.10 1.22 6.66 1.00 0.00
1.10 1.22 6.84 1.00 0.00
1.10 1.22 7.01 1.00 0.00
1.10 1.22 7.18 1.00 0.00
1.10 1.22 7.36 1.00 0.00
1.10 1.22 7.53 1.00 0.00
1.10 1.22 7.71 1.00 0.00
1.10 1.22 7.88 1.00 0.00
1.10 1.22 8.06 1.00 0.00
0.30 1.40 4.94 1.00 0.00
0.30 1.40 5.11 1.00 0.00
0.30 1.40 5.29 1.00 0.00
0.30 1.40 5.46 1.00 0.00
0.30 1.40 5.64 1.00 0.00
0.30 1.40 5.81 1.00 0.00
0.30 1.40 5.99 1.00 0.00
0.30 1.40 6.16 1.00 0.00
0.30 1.40 6.33 1.00 0.00
0.30 1.40 6.51 1.00 0.00
0.30 1.40 6.68 1.00 0.00
0.30 1.40 6.86 1.00 0.00
0.30 1.40 7.03 1.00 0.00
0.30 1.40 7.21 1.00 0.00
0.30 1.40 7.38 1.00 0.00
0.30 1.40 7.56 1.00 0.00
0.30 1.40 7.73 1.00 0.00
0.30 1.40 7.91 1.00 0.00
0.50 1.40 4.98 1.00 0.00
0.50 1.40 5.15 1.00 0.00
0.50 1.40 5.32 1.00 0.00
0.50 1.40 5.50 1.00 0.00
0.50 1.40 5.67 1.00 0.00
0.50 1.40 5.85 1.00 0.00
0.50 1.40 6.02 1.00 0.00
0.50 1.40 6.20 1.00 0.00
0.50 1.40 6.37 1.00 0.00
0.50 1.40 6.55 1.00 0.00
0.50 1.40 6.72 1.00 0.00
0.50 1.40 6.90 1.00 0.00
0.50 1.40 7.07 1.00 0.00
0.50 1.40 7.24 1.00 0.00
0.50 1.40 7.42 1.00 0.00
0.50 1.40 7.59 1.00 0.00
0.50 1.40 7.77 1.00 0.00
0.50 1.40 7.94 1.00 0.00
0.70 1.40 5.01 1.00 0.00
0.70 1.40 5.19 1.00 0.00
0.70 1.40 5.36 1.00 0.00
0.70 1.40 5.54 1.00 0.00
0.70 1.40 5.71 1.00 0.00
0.70 1.40 5.89 1.00 0.00
0.70 1.40 6.06 1.00 0.00
0.70 1.40 6.23 1.00 0.00
0.70 1.40 6.41 1.00 0.00
0.70 1.40 6.58 1.00 0.00
0.70 1.40 6.76 1.00 0.00
0.70 1.40 6.93 1.00 0.00
0.70 1.40 7.11 1.00 0.00
0.70 1.40 7.28 1.00 0.00
0.70 1.40 7.46 1.00 0.00
0.70 1.40 7.63 1.00 0.00
0.70 1.40 7.81 1.00 0.00
0.70 1.40 7.98 1.00 0.00
0.90 1.40 5.05 1.00 0.00
0.90 1.40 5.22 1.00 0.00
0.90 1.40 5.40 1.00 0.00
0.90 1.40 5.57 1.00 0.00
0.90 1.40 5.75 1.00 0.00
0.90 1.40 5.92 1.00 0.00
0.90 1.40 6.10 1.00 0.00
0.90 1.40 6.27 1.00 0.00
0.90 1.40 6.45 1.00 0.00
0.90 1.40 6.62 1.00 0.00
0.90 1.40 6.79 1.00 0.00
0.90 1.40 6.97 1.00 0.00
0.90 1.40 7.14 1.00 0.00
0.90 1.40 7.32 1.00 0.00
0.90 1.40 7.49 1.00 0.00
0.90 1.40 7.67 1.00 0.00
0.90 1.40 7.84 1.00 0.00
0.90 1.40 8.02 1.00 0.00
1.10 1.40 5.09 1.00 0.00
1.10 1.40 5.26 1.00 0.00
1.10 1.40 5.43 1.00 0.00
1.10 1.40 5.61 1.00 0.00
1.10 1.40 5.78 1.00 0.00
1.10 1.40 5.96 1.00 0.00
1.10 1.40 6.13 1.00 0.00
1.10 1.40 6.31 1.00 0.00
1.10 1.40 6.48 1.00 0.00
1.10 1.40 6.66 1.00 0.00
1.10 1.40 6.83 1.00 0.00
1.10 1.40 7.01 1.00 0.00
1.10 1.40 7.18 1.00 0.00
1.10 1.40 7.35 1.00 0.00
1.10 1.40 7.53 1.00 0.00
1.10 1.40 7.70 1.00 0.00
1.10 1.40 7.88 1.00 0.00
1.10 1.40 8.05 1.00 0.00
0.30 1.57 4.94 1.00 0.00
0.30 1.57 5.11 1.00 0.00
0.30 1.57 5.29 1.00 0.00
0.30 1.57 5.46 1.00 0.00
0.30 1.57 5.64 1.00 0.00
0.30 1.57 5.81 1.00 0.00
0.30 1.57 5.98 1.00 0.00
0.30 1.57 6.16 1.00 0.00
0.30 1.57 6.33 1.00 0.00
0.30 1.57 6.51 1.00 0.00
0.30 1.57 6.68 1.00 0.00
0.30 1.57 6.86 1.00 0.00
0.30 1.57 7.03 1.00 0.00
0.30 1.57 7.21 1.00 0.00
0.30 1.57 7.38 1.00 0.00
0.30 1.57 7.56 1.00 0.00
0.30 1.57 7.73 1.00 0.00
0.30 1.57 7.90 1.00 0.00
0.50 1.57 4.97 1.00 0.00
0.50 1.57 5.15 1.00 0.00
0.50 1.57 5.32 1.00 0.00
0.50 1.57 5.50 1.00 0.00
0.50 1.57 5.67 1.00 0.00
0.50 1.57 5.85 1.00 0.00
0.50 1.57 6.02 1.00 0.00
0.50 1.57 6.19 1.00 0.00
0.50 1.57 6.37 1.00 0.00
0.50 1.57 6.54 1.00 0.00
0.50 1.57 6.72 1.00 0.00
0.50 1.57 6.89 1.00 0.00
0.50 1.57 7.07 1.00 0.00
0.50 1.57 7.24 1.00 0.00
0.50 1.57 7.42 1.00 0.00
0.50 1.57 7.59 1.00 0.00
0.50 1.57 7.77 1.00 0.00
0.50 1.57 7.94 1.00 0.00
0.70 1.57 5.01 1.00 0.00
0.70 1.57 5.18 1.00 0.00
0.70 1.57 5.36 1.00 0.00
0.70 1.57 5.53 1.00 0.00
0.70 1.57 5.71 1.00 0.00
0.70 1.57 5.88 1.00 0.00
0.70 1.57 6.06 1.00 0.00
0.70 1.57 6.23 1.00 0.00
0.70 1.57 6.40 1.00 0.00
0.70 1.57 6.58 1.00 0.00
0.70 1.57 6.75 1.00 0.00
0.70 1.57 6.93 1.00 0.00
0.70 1.57 7.10 1.00 0.00
0.70 1.57 7.28 1.00 0.00
0.70 1.57 7.45 1.00 0.00
0.70 1.57 7.63 1.00 0.00
0.70 1.57 7.80 1.00 0.00
0.70 1.57 7.98 1.00 0.00
0.90 1.57 5.04 1.00 0.00
0.90 1.57 5.22 1.00 0.00
0.90 1.57 5.39 1.00 0.00
0.90 1.57 5.57 1.00 0.00
0.90 1.57 5.74 1.00 0.00
0.90 1.57 5.92 1.00 0.00
0.90 1.57 6.09 1.00 0.00
0.90 1.57 6.26 1.00 0.00
0.90 1.57 6.44 1.00 0.00
0.90 1.57 6.61 1.00 0.00
0.90 1.57 6.79 1.00 0.00
0.90 1.57 6.96 1.00 0.00
0.90 1.57 7.14 1.00 0.00
0.90 1.57 7.31 1.00 0.00
0.90 1.57 7.49 1.00 0.00
0.90 1.57 7.66 1.00 0.00
0.90 1.57 7.84 1.00 0.00
0.90 1.57 8.01 1.00 0.00
1.10 1.57 5.08 1.00 0.00
1.10 1.57 5.25 1.00 0.00
1.10 1.57 5.43 1.00 0.00
1.10 1.57 5.60 1.00 0.00
1.10 1.57 5.77 1.00 0.00
1.10 1.57 5.95 1.00 0.00
1.10 1.57 6.12 1.00 0.00
1.10 1.57 6.30 1.00 0.00
1.10 1.57 6.47 1.00 0.00
1.10 1.57 6.65 1.00 0.00
1.10 1.57 6.82 1.00 0.00
1.10 1.57 7.00 1.00 0.00
1.10 1.57 7.17 1.00 0.00
1.10 1.57 7.34 1.00 0.00
1.10 1.57 7.52 1.00 0.00
1.10 1.57 7.69 1.00 0.00
1.10 1.57 7.87 1.00 0.00
1.10 1.57 8.04 1.00 0.00
0.30 1.75 4.93 1.00 0.00
0.30 1.75 5.11 1.00 0.00
0.30 1.75 5.28 1.00 0.00
0.30 1.75 5.46 1.00 0.00
0.30 1.75 5.63 1.00 0.00
0.30 1.75 5.81 1.00 0.00
0.30 1.75 5.98 1.00 0.00
0.30 1.75 6.16 1.00 0.00
0.30 1.75 6.33 1.00 0.00
0.30 1.75 6.51 1.00 0.00
0.30 1.75 6.68 1.00 0.00
0.30 1.75 6.85 1.00 0.00
0.30 1.75 7.03 1.00 0.00
0.30 1.75 7.20 1.00 0.00
0.30 1.75 7.38 1.00 0.00
0.30 1.75 7.55 1.00 0.00
0.30 1.75 7.73 1.00 0.00
0.30 1.75 7.90 1.00 0.00
0.50 1.75 4.97 1.00 0.00
0.50 1.75 5.14 1.00 0.00
0.50 1.75 5.32 1.00 0.00
0.50 1.75 5.49 1.00 0.00
0.50 1.75 5.67 1.00 0.00
0.50 1.75 5.84 1.00 0.00
0.50 1.75 6.01 1.00 0.00
0.50 1.75 6.19 1.00 0.00
0.50 1.75 6.36 1.00 0.00
0.50 1.75 6.54 1.00 0.00
0.50 1.75 6.71 1.00 0.00
0.50 1.75 6.89 1.00 0.00
0.50 1.75 7.06 1.00 0.00
0.50 1.75 7.24 1.00 0.00
0.50 1.75 7.41 1.00 0.00
0.50 1.75 7.59 1.00 0.00
0.50 1.75 7.76 1.00 0.00
0.50 1.75 7.93 1.00 0.00
0.70 1.75 5.00 1.00 0.00
0.70 1.75 5.17 1.00 0.00
0.70 1.75 5.35 1.00 0.00
0.70 1.75 5.52 1.00 0.00
0.70 1.75 5.70 1.00 0.00
0.70 1.75 5.87 1.00 0.00
0.70 1.75 6.05 1.00 0.00
0.70 1.75 6.22 1.00 0.00
0.70 1.75 6.40 1.00 0.00
0.70 1.75 6.57 1.00 0.00
0.70 1.75 6.75 1.00 0.00
0.70 1.75 6.92 1.00 0.00
0.70 1.75 7.09 1.00 0.00
0.70 1.75 7.27 1.00 0.00
0.70 1.75 7.44 1.00 0.00
0.70 1.75 7.62 1.00 0.00
0.70 1.75 7.79 1.00 0.00
0.70 1.75 7.97 1.00 0.00
0.90 1.75 5.03 1.00 0.00
0.90 1.75 5.21 1.00 0.00
0.90 1.75 5.38 1.00 0.00
0.90 1.75 5.55 1.00 0.00
0.90 1.75 5.73 1.00 0.00
0.90 1.75 5.90 1.00 0.00
0.90 1.75 6.08 1.00 0.00
0.90 1.75 6.25 1.00 0.00
0.90 1.75 6.43 1.00 0.00
0.90 1.75 6.60 1.00 0.00
0.90 1.75 6.78 1.00 0.00
0.90 1.75 6.95 1.00 0.00
0.90 1.75 7.13 1.00 0.00
0.90 1.75 7.30 1.00 0.00
0.90 1.75 7.47 1.00 0.00
0.90 1.75 7.65 1.00 0.00
0.90 1.75 7.82 1.00 0.00
0.90 1.75 8.00 1.00 0.00
1.10 1.75 5.06 1.00 0.00
1.10 1.75 5.24 1.00 0.00
1.10 1.75 5.41 1.00 0.00
1.10 1.75 5.59 1.00 0.00
1.10 1.75 5.76 1.00 0.00
1.10 1.75 5.93 1.00 0.00
1.10 1.75 6.11 1.00 0.00
1.10 1.75 6.28 1.00 0.00
1.10 1.75 6.46 1.00 0.00
1.10 1.75 6.63 1.00 0.00
1.10 1.75 6.81 1.00 0.00
1.10 1.75 6.98 1.00 0.00
1.10 1.75 7.16 1.00 0.00
1.10 1.75 7.33 1.00 0.00
1.10 1.75 7.51 1.00 0.00
1.10 1.75 7.68 1.00 0.00
1.10 1.75 7.85 1.00 0.00
1.10 1.75 8.03 1.00 0.00
0.30 1.92 4.93 1.00 0.00
0.30 1.92 5.10 1.00 0.00
0.30 1.92 5.28 1.00 0.00
0.30 1.92 5.45 1.00 0.00
0.30 1.92 5.63 1.00 0.00
0.30 1.92 5.80 1.00 0.00
0.30 1.92 5.98 1.00 0.00
0.30 1.92 6.15 1.00 0.00
0.30 1.92 6.33 1.00 0.00
0.30 1.92 6.50 1.00 0.00
0.30 1.92 6.68 1.00 0.00
0.30 1.92 6.85 1.00 0.00
0.30 1.92 7.02 1.00 0.00
0.30 1.92 7.20 1.00 0.00
0.30 1.92 7.37 1.00 0.00
0.30 1.92 7.55 1.00 0.00
0.30 1.92 7.72 1.00 0.00
0.30 1.92 7.90 1.00 0.00
0.50 1.92 4.96 1.00 0.00
0.50 1.92 5.13 1.00 0.00
0.50 1.92 5.31 1.00 0.00
0.50 1.92 5.48 1.00 0.00
0.50 1.92 5.66 1.00 0.00
0.50 1.92 5.83 1.00 0.00
0.50 1.92 6.01 1.00 0.00
0.50 1.92 6.18 1.00 0.00
0.50 1.92 6.36 1.00 0.00
0.50 1.92 6.53 1.00 0.00
0.50 1.92 6.71 1.00 0.00
0.50 1.92 6.88 1.00 0.00
0.50 1.92 7.05 1.00 0.00
0.50 1.92 7.23 1.00 0.00
0.50 1.92 7.40 1.00 0.00
0.50 1.92 7.58 1.00 0.00
0.50 1.92 7.75 1.00 0.00
0.50 1.92 7.93 1.00 0.00
0.70 1.92 4.99 1.00 0.00
0.70 1.92 5.16 1.00 0.00
0.70 1.92 5.34 1.00 0.00
0.70 1.92 5.51 1.00 0.00
0.70 1.92 5.69 1.00 0.00
0.70 1.92 5.86 1.00 0.00
0.70 1.92 6.04 1.00 0.00
0.70 1.92 6.21 1.00 0.00
0.70 1.92 6.39 1.00 0.00
0.70 1.92 6.56 1.00 0.00
0.70 1.92 6.73 1.00 0.00
0.70 1.92 6.91 1.00 0.00
0.70 1.92 7.08 1.00 0.00
0.70 1.92 7.26 1.00 0.00
0.70 1.92 7.43 1.00 0.00
0.70 1.92 7.61 1.00 0.00
0.70 1.92 7.78 1.00 0.00
0.70 1.92 7.96 1.00 0.00
0.90 1.92 5.02 1.00 0.00
0.90 1.92 5.19 1.00 0.00
0.90 1.92 5.37 1.00 0.00
0.90 1.92 5.54 1.00 0.00
0.90 1.92 5.71 1.00 0.00
0.90 1.92 5.89 1.00 0.00
0.90 1.92 6.06 1.00 0.00
0.90 1.92 6.24 1.00 0.00
0.90 1.92 6.41 1.00 0.00
0.90 1.92 6.59 1.00 0.00
0.90 1.92 6.76 1.00 0.00
0.90 1.92 6.94 1.00 0.00
0.90 1.92 7.11 1.00 0.00
0.90 1.92 7.29 1.00 0.00
0.90 1.92 7.46 1.00 0.00
0.90 1.92 7.63 1.00 0.00
0.90 1.92 7.81 1.00 0.00
0.90 1.92 7.98 1.00 0.00
1.10 1.92 5.04 1.00 0.00
1.10 1.92 5.22 1.00 0.00
1.10 1.92 5.39 1.00 0.00
1.10 1.92 5.57 1.00 0.00
1.10 1.92 5.74 1.00 0.00
1.10 1.92 5.92 1.00 0.00
1.10 1.92 6.09 1.00 0.00
1.10 1.92 6.26 1.00 0.00
1.10 1.92 6.44 1.00 0.00
1.10 1.92 6.61 1.00 0.00
1.10 1.92 6.79 1.00 0.00
1.10 1.92 6.96 1.00 0.00
1.10 1.92 7.14 1.00 0.00
1.10 1.92 7.31 1.00 0.00
1.10 1.92 7.49 1.00 0.00
1.10 1.92 7.66 1.00 0.00
1.10 1.92 7.84 1.00 0.00
1.10 1.92 8.01 1.00 0.00
0.30 2.09 4.92 1.00 0.00
0.30 2.09 5.10 1.00 0.00
0.30 2.09 5.27 1.00 0.00
0.30 2.09 5.45 1.00 0.00
0.30 2.09 5.62 1.00 0.00
0.30 2.09 5.80 1.00 0.00
0.30 2.09 5.97 1.00 0.00
0.30 2.09 6.15 1.00 0.00
0.30 2.09 6.32 1.00 0.00
0.30 2.09 6.49 1.00 0.00
0.30 2.09 6.67 1.00 0.00
0.30 2.09 6.84 1.00 0.00
0.30 2.09 7.02 1.00 0.00
0.30 2.09 7.19 1.00 0.00
0.30 2.09 7.37 1.00 0.00
0.30 2.09 7.54 1.00 0.00
0.30 2.09 7.72 1.00 0.00
0.30 2.09 7.89 1.00 0.00
0.50 2.09 4.95 1.00 0.00
0.50 2.09 5.12 1.00 0.00
0.50 2.09 5.30 1.00 0.00
0.50 2.09 5.47 1.00 0.00
0.50 2.09 5.65 1.00 0.00
0.50 2.09 5.82 1.00 0.00
0.50 2.09 6.00 1.00 0.00
0.50 2.09 6.17 1.00 0.00
0.50 2.09 6.35 1.00 0.00
0.50 2.09 6.52 1.00 0.00
0.50 2.09 6.70 1.00 0.00
0.50 2.09 6.87 1.00 0.00
0.50 2.09 7.04 1.00 0.00
0.50 2.09 7.22 1.00 0.00
0.50 2.09 7.39 1.00 0.00
0.50 2.09 7.57 1.00 0.00
0.50 2.09 7.74 1.00 0.00
0.50 2.09 7.92 1.00 0.00
0.70 2.09 4.98 1.00 0.00
0.70 2.09 5.15 1.00 0.00
0.70 2.09 5.32 1.00 0.00
0.70 2.09 5.50 1.00 0.00
0.70 2.09 5.67 1.00 0.00
0.70 2.09 5.85 1.00 0.00
0.70 2.09 6.02 1.00 0.00
0.70 2.09 6.20 1.00 0.00
0.70 2.09 6.37 1.00 0.00
0.70 2.09 6.55 1.00 0.00
0.70 2.09 6.72 1.00 0.00
0.70 2.09 6.90 1.00 0.00
0.70 2.09 7.07 1.00 0.00
0.70 2.09 7.24 1.00 0.00
0.70 2.09 7.42 1.00 0.00
0.70 2.09 7.59 1.00 0.00
0.70 2.09 7.77 1.00 0.00
0.70 2.09 7.94 1.00 0.00
0.90 2.09 5.00 1.00 0.00
0.90 2.09 5.17 1.00 0.00
0.90 2.09 5.35 1.00 0.00
0.90 2.09 5.52 1.00 0.00
0.90 2.09 5.70 1.00 0.00
0.90 2.09 5.87 1.00 0.00
0.90 2.09 6.05 1.00 0.00
0.90 2.09 6.22 1.00 0.00
0.90 2.09 6.40 1.00 0.00
0.90 2.09 6.57 1.00 0.00
0.90 2.09 6.74 1.00 0.00
0.90 2.09 6.92 1.00 0.00
0.90 2.09 7.09 1.00 0.00
0.90 2.09 7.27 1.00 0.00
0.90 2.09 7.44 1.00 0.00
0.90 2.09 7.62 1.00 0.00
0.90 2.09 7.79 1.00 0.00
0.90 2.09 7.97 1.00 0.00
1.10 2.09 5.02 1.00 0.00
1.10 2.09 5.20 1.00 0.00
1.10 2.09 5.37 1.00 0.00
1.10 2.09 5.55 1.00 0.00
1.10 2.09 5.72 1.00 0.00
1.10 2.09 5.89 1.00 0.00
1.10 2.09 6.07 1.00 0.00
1.10 2.09 6.24 1.00 0.00
1.10 2.09 6.42 1.00 0.00
1.10 2.09 6.59 1.00 0.00
1.10 2.09 6.77 1.00 0.00
1.10 2.09 6.94 1.00 0.00
1.10 2.09 7.12 1.00 0.00
1.10 2.09 7.29 1.00 0.00
1.10 2.09 7.46 1.00 0.00
1.10 2.09 7.64 1.00 0.00
1.10 2.09 7.81 1.00 0.00
1.10 2.09 7.99 1.00 0.00
0.30 2.27 4.92 1.00 0.00
0.30 2.27 5.09 1.00 0.00
0.30 2.27 5.27 1.00 0.00
0.30 2.27 5.44 1.00 0.00
0.30 2.27 5.62 1.00 0.00
0.30 2.27 5.79 1.00 0.00
0.30 2.27 5.96 1.00 0.00
0.30 2.27 6.14 1.00 0.00
0.30 2.27 6.31 1.00 0.00
0.30 2.27 6.49 1.00 0.00
0.30 2.27 6.66 1.00 0.00
0.30 2.27 6.84 1.00 0.00
0.30 2.27 7.01 1.00 0.00
0.30 2.27 7.19 1.00 0.00
0.30 2.27 7.36 1.00 0.00
0.30 2.27 7.54 1.00 0.00
0.30 2.27 7.71 1.00 0.00
0.30 2.27 7.88 1.00 0.00
0.50 2.27 4.94 1.00 0.00
0.50 2.27 5.11 1.00 0.00
0.50 2.27 5.29 1.00 0.00
0.50 2.27 5.46 1.00 0.00
0.50 2.27 5.64 1.00 0.00
0.50 2.27 5.81 1.00 0.00
0.50 2.27 5.99 1.00 0.00
0.50 2.27 6.16 1.00 0.00
0.50 2.27 6.34 1.00 0.00
0.50 2.27 6.51 1.00 0.00
0.50 2.27 6.68 1.00 0.00
0.50 2.27 6.86 1.00 0.00
0.50 2.27 7.03 1.00 0.00
0.50 2.27 7.21 1.00 0.00
0.50 2.27 7.38 1.00 0.00
0.50 2.27 7.56 1.00 0.00
0.50 2.27 7.73 1.00 0.00
0.50 2.27 7.91 1.00 0.00
0.70 2.27 4.96 1.00 0.00
0.70 2.27 5.13 1.00 0.00
0.70 2.27 5.31 1.00 0.00
0.70 2.27 5.48 1.00 0.00
0.70 2.27 5.66 1.00 0.00
0.70 2.27 5.83 1.00 0.00
0.70 2.27 6.01 1.00 0.00
0.70 2.27 6.18 1.00 0.00
0.70 2.27 6.36 1.00 0.00
0.70 2.27 6.53 1.00 0.00
0.70 2.27 6.70 1.00 0.00
0.70 2.27 6.88 1.00 0.00
0.70 2.27 7.05 1.00 0.00
0.70 2.27 7.23 1.00 0.00
0.70 2.27 7.40 1.00 0.00
0.70 2.27 7.58 1.00 0.00
0.70 2.27 7.75 1.00 0.00
0.70 2.27 7.93 1.00 0.00
0.90 2.27 4.98 1.00 0.00
0.90 2.27 5.15 1.00 0.00
0.90 2.27 5.33 1.00 0.00
0.90 2.27 5.50 1.00 0.00
0.90 2.27 5.68 1.00 0.00
0.90 2.27 5.85 1.00 0.00
0.90 2.27 6.03 1.00 0.00
0.90 2.27 6.20 1.00 0.00
0.90 2.27 6.37 1.00 0.00
0.90 2.27 6.55 1.00 0.00
0.90 2.27 6.72 1.00 0.00
0.90 2.27 6.90 1.00 0.00
0.90 2.27 7.07 1.00 0.00
0.90 2.27 7.25 1.00 0.00
0.90 2.27 7.42 1.00 0.00
0.90 2.27 7.60 1.00 0.00
0.90 2.27 7.77 1.00 0.00
0.90 2.27 7.95 1.00 0.00
1.10 2.27 5.00 1.00 0.00
1.10 2.27 5.17 1.00 0.00
1.10 2.27 5.35 1.00 0.00
1.10 2.27 5.52 1.00 0.00
1.10 2.27 5.70 1.00 0.00
1.10 2.27 5.87 1.00 0.00
1.10 2.27 6.04 1.00 0.00
1.10 2.27 6.22 1.00 0.00
1.10 2.27 6.39 1.00 0.00
1.10 2.27 6.57 1.00 0.00
1.10 2.27 6.74 1.00 0.00
1.10 2.27 6.92 1.00 0.00
1.10 2.27 7.09 1.00 0.00
1.10 2.27 7.27 1.00 0.00
1.10 2.27 7.44 1.00 0.00
1.10 2.27 7.61 1.00 0.00
1.10 2.27 7.79 1.00 0.00
1.10 2.27 7.96 1.00 0.00
0.30 2.44 4.91 1.00 0.00
0.30 2.44 5.08 1.00 0.00
0.30 2.44 5.26 1.00 0.00
0.30 2.44 5.43 1.00 0.00
0.30 2.44 5.61 1.00 0.00
0.30 2.44 5.78 1.00 0.00
0.30 2.44 5.96 1.00 0.00
0.30 2.44 6.13 1.00 0.00
0.30 2.44 6.31 1.00 0.00
0.30 2.44 6.48 1.00 0.00
0.30 2.44 6.65 1.00 0.00
0.30 2.44 6.83 1.00 0.00
0.30 2.44 7.00 1.00 0.00
0.30 2.44 7.18 1.00 0.00
0.30 2.44 7.35 1.00 0.00
0.30 2.44 7.53 1.00 0.00
0.30 2.44 7.70 1.00 0.00
0.30 2.44 7.88 1.00 0.00
0.50 2.44 4.93 1.00 0.00
0.50 2.44 5.10 1.00 0.00
0.50 2.44 5.28 1.00 0.00
0.50 2.44 5.45 1.00 0.00
0.50 2.44 5.62 1.00 0.00
0.50 2.44 5.80 1.00 0.00
0.50 2.44 5.97 1.00 0.00
0.50 2.44 6.15 1.00 0.00
0.50 2.44 6.32 1.00 0.00
0.50 2.44 6.50 1.00 0.00
0.50 2.44 6.67 1.00 0.00
0.50 2.44 6.85 1.00 0.00
0.50 2.44 7.02 1.00 0.00
0.50 2.44 7.20 1.00 0.00
0.50 2.44 7.37 1.00 0.00
0.50 2.44 7.54 1.00 0.00
0.50 2.44 7.72 1.00 0.00
0.50 2.44 7.89 1.00 0.00
0.70 2.44 4.94 1.00 0.00
0.70 2.44 5.12 1.00 0.00
0.70 2.44 5.29 1.00 0.00
0.70 2.44 5.47 1.00 0.00
0.70 2.44 5.64 1.00 0.00
0.70 2.44 5.81 1.00 0.00
0.70 2.44 5.99 1.00 0.00
0.70 2.44 6.16 1.00 0.00
0.70 2.44 6.34 1.00 0.00
0.70 2.44 6.51 1.00 0.00
0.70 2.44 6.69 1.00 0.00
0.70 2.44 6.86 1.00 0.00
0.70 2.44 7.04 1.00 0.00
0.70 2.44 7.21 1.00 0.00
0.70 2.44 7.39 1.00 0.00
0.70 2.44 7.56 1.00 0.00
0.70 2.44 7.73 1.00 0.00
0.70 2.44 7.91 1.00 0.00
0.90 2.44 4.96 1.00 0.00
0.90 2.44 5.13 1.00 0.00
0.90 2.44 5.31 1.00 0.00
0.90 2.44 5.48 1.00 0.00
0.90 2.44 5.65 1.00 0.00
0.90 2.44 5.83 1.00 0.00
0.90 2.44 6.00 1.00 0.00
0.90 2.44 6.18 1.00 0.00
0.90 2.44 6.35 1.00 0.00
0.90 2.44 6.53 1.00 0.00
0.90 2.44 6.70 1.00 0.00
0.90 2.44 6.88 1.00 0.00
0.90 2.44 7.05 1.00 0.00
0.90 2.44 7.23 1.00 0.00
0.90 2.44 7.40 1.00 0.00
0.90 2.44 7.57 1.00 0.00
0.90 2.44 7.75 1.00 0.00
0.90 2.44 7.92 1.00 0.00
1.10 2.44 4.97 1.00 0.00
1.10 2.44 5.14 1.00 0.00
1.10 2.44 5.32 1.00 0.00
1.10 2.44 5.49 1.00 0.00
1.10 2.44 5.67 1.00 0.00
1.10 2.44 5.84 1.00 0.00
1.10 2.44 6.02 1.00 0.00
1.10 2.44 6.19 1.00 0.00
1.10 2.44 6.37 1.00 0.00
1.10 2.44 6.54 1.00 0.00
1.10 2.44 6.72 1.00 0.00
1.10 2.44 6.89 1.00 0.00
1.10 2.44 7.06 1.00 0.00
1.10 2.44 7.24 1.00 0.00
1.10 2.44 7.41 1.00 0.00
1.10 2.44 7.59 1.00 0.00
1.10 2.44 7.76 1.00 0.00
1.10 2.44 7.94 1.00 0.00
0.30 2.62 4.90 1.00 0.00
0.30 2.62 5.08 1.00 0.00
0.30 2.62 5.25 1.00 0.00
0.30 2.62 5.42 1.00 0.00
0.30 2.62 5.60 1.00 0.00
0.30 2.62 5.77 1.00 0.00
0.30 2.62 5.95 1.00 0.00
0.30 2.62 6.12 1.00 0.00
0.30 2.62 6.30 1.00 0.00
0.30 2.62 6.47 1.00 0.00
0.30 2.62 6.65 1.00 0.00
0.30 2.62 6.82 1.00 0.00
0.30 2.62 7.00 1.00 0.00
0.30 2.62 7.17 1.00 0.00
0.30 2.62 7.34 1.00 0.00
0.30 2.62 7.52 1.00 0.00
0.30 2.62 7.69 1.00 0.00
0.30 2.62 7.87 1.00 0.00
0.50 2.62 4.91 1.00 0.00
0.50 2.62 5.09 1.00 0.00
0.50 2.62 5.26 1.00 0.00
0.50 2.62 5.44 1.00 0.00
0.50 2.62 5.61 1.00 0.00
0.50 2.62 5.78 1.00 0.00
0.50 2.62 5.96 1.00 0.00
0.50 2.62 6.13 1.00 0.00
0.50 2.62 6.31 1.00 0.00
0.50 2.62 6.48 1.00 0.00
0.50 2.62 6.66 1.00 0.00
0.50 2.62 6.83 1.00 0.00
0.50 2.62 7.01 1.00 0.00
0.50 2.62 7.18 1.00 0.00
0.50 2.62 7.36 1.00 0.00
0.50 2.62 7.53 1.00 0.00
0.50 2.62 7.70 1.00 0.00
0.50 2.62 7.88 1.00 0.00
0.70 2.62 4.92 1.00 0.00
0.70 2.62 5.10 1.00 0.00
0.70 2.62 5.27 1.00 0.00
0.70 2.62 5.45 1.00 0.00
0.70 2.62 5.62 1.00 0.00
0.70 2.62 5.80 1.00 0.00
0.70 2.62 5.97 1.00 0.00
0.70 2.62 6.14 1.00 0.00
0.70 2.62 6.32 1.00 0.00
0.70 2.62 6.49 1.00 0.00
0.70 2.62 6.67 1.00 0.00
0.70 2.62 6.84 1.00 0.00
0.70 2.62 7.02 1.00 0.00
0.70 2.62 7.19 1.00 0.00
0.70 2.62 7.37 1.00 0.00
0.70 2.62 7.54 1.00 0.00
0.70 2.62 7.72 1.00 0.00
0.70 2.62 7.89 1.00 0.00
0.90 2.62 4.93 1.00 0.00
0.90 2.62 5.11 1.00 0.00
0.90 2.62 5.28 1.00 0.00
0.90 2.62 5.46 1.00 0.00
0.90 2.62 5.63 1.00 0.00
0.90 2.62 5.81 1.00 0.00
0.90 2.62 5.98 1.00 0.00
0.90 2.62 6.15 1.00 0.00
0.90 2.62 6.33 1.00 0.00
0.90 2.62 6.50 1.00 0.00
0.90 2.62 6.68 1.00 0.00
0.90 2.62 6.85 1.00 0.00
0.90 2.62 7.03 1.00 0.00
0.90 2.62 7.20 1.00 0.00
0.90 2.62 7.38 1.00 0.00
0.90 2.62 7.55 1.00 0.00
0.90 2.62 7.73 1.00 0.00
0.90 2.62 7.90 1.00 0.00
1.10 2.62 4.94 1.00 0.00
1.10 2.62 5.12 1.00 0.00
1.10 2.62 5.29 1.00 0.00
1.10 2.62 5.47 1.00 0.00
1.10 2.62 5.64 1.00 0.00
1.10 2.62 5.81 1.00 0.00
1.10 2.62 5.99 1.00 0.00
1.10 2.62 6.16 1.00 0.00
1.10 2.62 6.34 1.00 0.00
1.10 2.62 6.51 1.00 0.00
1.10 2.62 6.69 1.00 0.00
1.10 2.62 6.86 1.00 0.00
1.10 2.62 7.04 1.00 0.00
1.10 2.62 7.21 1.00 0.00
1.10 2.62 7.39 1.00 0.00
1.10 2.62 7.56 1.00 0.00
1.10 2.62 7.73 1.00 0.00
1.10 2.62 7.91 1.00 0.00
0.30 2.79 4.89 1.00 0.00
0.30 2.79 5.07 1.00 0.00
0.30 2.79 5.24 1.00 0.00
0.30 2.79 5.42 1.00 0.00
0.30 2.79 5.59 1.00 0.00
0.30 2.79 5.76 1.00 0.00
0.30 2.79 5.94 1.00 0.00
0.30 2.79 6.11 1.00 0.00
0.30 2.79 6.29 1.00 0.00
0.30 2.79 6.46 1.00 0.00
0.30 2.79 6.64 1.00 0.00
0.30 2.79 6.81 1.00 0.00
0.30 2.79 6.99 1.00 0.00
0.30 2.79 7.16 1.00 0.00
0.30 2.79 7.34 1.00 0.00
0.30 2.79 7.51 1.00 0.00
0.30 2.79 7.68 1.00 0.00
0.30 2.79 7.86 1.00 0.00
0.50 2.79 4.90 1.00 0.00
0.50 2.79 5.07 1.00 0.00
0.50 2.79 5.25 1.00 0.00
0.50 2.79 5.42 1.00 0.00
0.50 2.79 5.60 1.00 0.00
0.50 2.79 5.77 1.00 0.00
0.50 2.79 5.94 1.00 0.00
0.50 2.79 6.12 1.00 0.00
0.50 2.79 6.29 1.00 0.00
0.50 2.79 6.47 1.00 0.00
0.50 2.79 6.64 1.00 0.00
0.50 2.79 6.82 1.00 0.00
0.50 2.79 6.99 1.00 0.00
0.50 2.79 7.17 1.00 0.00
0.50 2.79 7.34 1.00 0.00
0.50 2.79 7.52 1.00 0.00
0.50 2.79 7.69 1.00 0.00
0.50 2.79 7.86 1.00 0.00
0.70 2.79 4.90 1.00 0.00
0.70 2.79 5.08 1.00 0.00
0.70 2.79 5.25 1.00 0.00
0.70 2.79 5.43 1.00 0.00
0.70 2.79 5.60 1.00 0.00
0.70 2.79 5.78 1.00 0.00
0.70 2.79 5.95 1.00 0.00
0.70 2.79 6.12 1.00 0.00
0.70 2.79 6.30 1.00 0.00
0.70 2.79 6.47 1.00 0.00
0.70 2.79 6.65 1.00 0.00
0.70 2.79 6.82 1.00 0.00
0.70 2.79 7.00 1.00 0.00
0.70 2.79 7.17 1.00 0.00
0.70 2.79 7.35 1.00 0.00
0.70 2.79 7.52 1.00 0.00
0.70 2.79 7.70 1.00 0.00
0.70 2.79 7.87 1.00 0.00
0.90 2.79 4.91 1.00 0.00
0.90 2.79 5.08 1.00 0.00
0.90 2.79 5.26 1.00 0.00
0.90 2.79 5.43 1.00 0.00
0.90 2.79 5.61 1.00 0.00
0.90 2.79 5.78 1.00 0.00
0.90 2.79 5.96 1.00 0.00
0.90 2.79 6.13 1.00 0.00
0.90 2.79 6.30 1.00 0.00
0.90 2.79 6.48 1.00 0.00
0.90 2.79 6.65 1.00 0.00
0.90 2.79 6.83 1.00 0.00
0.90 2.79 7.00 1.00 0.00
0.90 2.79 7.18 1.00 0.00
0.90 2.79 7.35 1.00 0.00
0.90 2.79 7.53 1.00 0.00
0.90 2.79 7.70 1.00 0.00
0.90 2.79 7.88 1.00 0.00
1.10 2.79 4.91 1.00 0.00
1.10 2.79 5.09 1.00 0.00
1.10 2.79 5.26 1.00 0.00
1.10 2.79 5.44 1.00 0.00
1.10 2.79 5.61 1.00 0.00
1.10 2.79 5.79 1.00 0.00
1.10 2.79 5.96 1.00 0.00
1.10 2.79 6.13 1.00 0.00
1.10 2.79 6.31 1.00 0.00
1.10 2.79 6.48 1.00 0.00
1.10 2.79 6.66 1.00 0.00
1.10 2.79 6.83 1.00 0.00
1.10 2.79 7.01 1.00 0.00
1.10 2.79 7.18 1.00 0.00
1.10 2.79 7.36 1.00 0.00
1.10 2.79 7.53 1.00 0.00
1.10 2.79 7.71 1.00 0.00
1.10 2.79 7.88 1.00 0.00
0.30 2.97 4.88 1.00 0.00
0.30 2.97 5.06 1.00 0.00
0.30 2.97 5.23 1.00 0.00
0.30 2.97 5.41 1.00 0.00
0.30 2.97 5.58 1.00 0.00
0.30 2.97 5.76 1.00 0.00
0.30 2.97 5.93 1.00 0.00
0.30 2.97 6.10 1.00 0.00
0.30 2.97 6.28 1.00 0.00
0.30 2.97 6.45 1.00 0.00
0.30 2.97 6.63 1.00 0.00
0.30 2.97 6.80 1.00 0.00
0.30 2.97 6.98 1.00 0.00
0.30 2.97 7.15 1.00 0.00
0.30 2.97 7.33 1.00 0.00
0.30 2.97 7.50 1.00 0.00
0.30 2.97 7.68 1.00 0.00
0.30 2.97 7.85 1.00 0.00
0.50 2.97 4.88 1.00 0.00
0.50 2.97 5.06 1.00 0.00
0.50 2.97 5.23 1.00 0.00
0.50 2.97 5.41 1.00 0.00
0.50 2.97 5.58 1.00 0.00
0.50 2.97 5.76 1.00 0.00
0.50 2.97 5.93 1.00 0.00
0.50 2.97 6.10 1.00 0.00
0.50 2.97 6.28 1.00 0.00
0.50 2.97 6.45 1.00 0.00
0.50 2.97 6.63 1.00 0.00
0.50 2.97 6.80 1.00 0.00
0.50 2.97 6.98 1.00 0.00
0.50 2.97 7.15 1.00 0.00
0.50 2.97 7.33 1.00 0.00
0.50 2.97 7.50 1.00 0.00
0.50 2.97 7.68 1.00 0.00
0.50 2.97 7.85 1.00 0.00
0.70 2.97 4.88 1.00 0.00
0.70 2.97 5.06 1.00 0.00
0.70 2.97 5.23 1.00 0.00
0.70 2.97 5.41 1.00 0.00
0.70 2.97 5.58 1.00 0.00
0.70 2.97 5.76 1.00 0.00
0.70 2.97 5.93 1.00 0.00
0.70 2.97 6.10 1.00 0.00
0.70 2.97 6.28 1.00 0.00
0.70 2.97 6.45 1.00 0.00
0.70 2.97 6.63 1.00 0.00
0.70 2.97 6.80 1.00 0.00
0.70 2.97 6.98 1.00 0.00
0.70 2.97 7.15 1.00 0.00
0.70 2.97 7.33 1.00 0.00
0.70 2.97 7.50 1.00 0.00
0.70 2.97 7.68 1.00 0.00
0.70 2.97 7.85 1.00 0.00
0.90 2.97 4.88 1.00 0.00
0.90 2.97 5.06 1.00 0.00
0.90 2.97 5.23 1.00 0.00
0.90 2.97 5.41 1.00 0.00
0.90 2.97 5.58 1.00 0.00
0.90 2.97 5.76 1.00 0.00
0.90 2.97 5.93 1.00 0.00
0.90 2.97 6.10 1.00 0.00
0.90 2.97 6.28 1.00 0.00
0.90 2.97 6.45 1.00 0.00
0.90 2.97 6.63 1.00 0.00
0.90 2.97 6.80 1.00 0.00
0.90 2.97 6.98 1.00 0.00
0.90 2.97 7.15 1.00 0.00
0.90 2.97 7.33 1.00 0.00
0.90 2.97 7.50 1.00 0.00
0.90 2.97 7.68 1.00 0.00
0.90 2.97 7.85 1.00 0.00
1.10 2.97 4.88 1.00 0.00
1.10 2.97 5.06 1.00 0.00
1.10 2.97 5.23 1.00 0.00
1.10 2.97 5.41 1.00 0.00
1.10 2.97 5.58 1.00 0.00
1.10 2.97 5.76 1.00 0.00
1.10 2.97 5.93 1.00 0.00
1.10 2.97 6.11 1.00 0.00
1.10 2.97 6.28 1.00 0.00
1.10 2.97 6.45 1.00 0.00
1.10 2.97 6.63 1.00 0.00
1.10 2.97 6.80 1.00 0.00
1.10 2.97 6.98 1.00 0.00
1.10 2.97 7.15 1.00 0.00
1.10 2.97 7.33 1.00 0.00
1.10 2.97 7.50 1.00 0.00
1.10 2.97 7.68 1.00 0.00
1.10 2.97 7.85 1.00 0.00
0.30 3.14 4.87 1.00 0.00
0.30 3.14 5.05 1.00 0.00
0.30 3.14 5.22 1.00 0.00
0.30 3.14 5.40 1.00 0.00
0.30 3.14 5.57 1.00 0.00
0.30 3.14 5.75 1.00 0.00
0.30 3.14 5.92 1.00 0.00
0.30 3.14 6.10 1.00 0.00
0.30 3.14 6.27 1.00 0.00
0.30 3.14 6.44 1.00 0.00
0.30 3.14 6.62 1.00 0.00
0.30 3.14 6.79 1.00 0.00
0.30 3.14 6.97 1.00 0.00
0.30 3.14 7.14 1.00 0.00
0.30 3.14 7.32 1.00 0.00
0.30 3.14 7.49 1.00 0.00
0.30 3.14 7.67 1.00 0.00
0.30 3.14 7.84 1.00 0.00
0.50 3.14 4.87 1.00 0.00
0.50 3.14 5.04 1.00 0.00
0.50 3.14 5.22 1.00 0.00
0.50 3.14 5.39 1.00 0.00
0.50 3.14 5.57 1.00 0.00
0.50 3.14 5.74 1.00 0.00
0.50 3.14 5.92 1.00 0.00
0.50 3.14 6.09 1.00 0.00
0.50 3.14 6.26 1.00 0.00
0.50 3.14 6.44 1.00 0.00
0.50 3.14 6.61 1.00 0.00
0.50 3.14 6.79 1.00 0.00
0.50 3.14 6.96 1.00 0.00
0.50 3.14 7.14 1.00 0.00
0.50 3.14 7.31 1.00 0.00
0.50 3.14 7.49 1.00 0.00
0.50 3.14 7.66 1.00 0.00
0.50 3.14 7.84 1.00 0.00
0.70 3.14 4.86 1.00 0.00
0.70 3.14 5.04 1.00 0.00
0.70 3.14 5.21 1.00 0.00
0.70 3.14 5.39 1.00 0.00
0.70 3.14 5.56 1.00 0.00
0.70 3.14 5.74 1.00 0.00
0.70 3.14 5.91 1.00 0.00
0.70 3.14 6.08 1.00 0.00
0.70 3.14 6.26 1.00 0.00
0.70 3.14 6.43 1.00 0.00
0.70 3.14 6.61 1.00 0.00
0.70 3.14 6.78 1.00 0.00
0.70 3.14 6.96 1.00 0.00
0.70 3.14 7.13 1.00 0.00
0.70 3.14 7.31 1.00 0.00
0.70 3.14 7.48 1.00 0.00
0.70 3.14 7.66 1.00 0.00
0.70 3.14 7.83 1.00 0.00
0.90 3.14 4.86 1.00 0.00
0.90 3.14 5.03 1.00 0.00
0.90 3.14 5.21 1.00 0.00
0.90 3.14 5.38 1.00 0.00
0.90 3.14 5.56 1.00 0.00
0.90 3.14 5.73 1.00 0.00
0.90 3.14 5.91 1.00 0.00
0.90 3.14 6.08 1.00 0.00
0.90 3.14 6.25 1.00 0.00
0.90 3.14 6.43 1.00 0.00
0.90 3.14 6.60 1.00 0.00
0.90 3.14 6.78 1.00 0.00
0.90 3.14 6.95 1.00 0.00
0.90 3.14 7.13 1.00 0.00
0.90 3.14 7.30 1.00 0.00
0.90 3.14 7.48 1.00 0.00
0.90 3.14 7.65 1.00 0.00
0.90 3.14 7.83 1.00 0.00
1.10 3.14 4.85 1.00 0.00
1.10 3.14 5.03 1.00 0.00
1.10 3.14 5.20 1.00 0.00
1.10 3.14 5.38 1.00 0.00
1.10 3.14 5.55 1.00 0.00
1.10 3.14 5.73 1.00 0.00
1.10 3.14 5.90 1.00 0.00
1.10 3.14 6.08 1.00 0.00
1.10 3.14 6.25 1.00 0.00
1.10 3.14 6.42 1.00 0.00
1.10 3.14 6.60 1.00 0.00
1.10 3.14 6.77 1.00 0.00
1.10 3.14 6.95 1.00 0.00
1.10 3.14 7.12 1.00 0.00
1.10 3.14 7.30 1.00 0.00
1.10 3.14 7.47 1.00 0.00
1.10 3.14 7.65 1.00 0.00
1.10 3.14 7.82 1.00 0.00
0.30 3.32 4.86 1.00 0.00
0.30 3.32 5.04 1.00 0.00
0.30 3.32 5.21 1.00 0.00
0.30 3.32 5.39 1.00 0.00
0.30 3.32 5.56 1.00 0.00
0.30 3.32 5.74 1.00 0.00
0.30 3.32 5.91 1.00 0.00
0.30 3.32 6.09 1.00 0.00
0.30 3.32 6.26 1.00 0.00
0.30 3.32 6.44 1.00 0.00
0.30 3.32 6.61 1.00 0.00
0.30 3.32 6.78 1.00 0.00
0.30 3.32 6.96 1.00 0.00
0.30 3.32 7.13 1.00 0.00
0.30 3.32 7.31 1.00 0.00
0.30 3.32 7.48 1.00 0.00
0.30 3.32 7.66 1.00 0.00
0.30 3.32 7.83 1.00 0.00
0.50 3.32 4.85 1.00 0.00
0.50 3.32 5.03 1.00 0.00
0.50 3.32 5.20 1.00 0.00
0.50 3.32 5.38 1.00 0.00
0.50 3.32 5.55 1.00 0.00
0.50 3.32 5.73 1.00 0.00
0.50 3.32 5.90 1.00 0.00
0.50 3.32 6.08 1.00 0.00
0.50 3.32 6.25 1.00 0.00
0.50 3.32 6.42 1.00 0.00
0.50 3.32 6.60 1.00 0.00
0.50 3.32 6.77 1.00 0.00
0.50 3.32 6.95 1.00 0.00
0.50 3.32 7.12 1.00 0.00
0.50 3.32 7.30 1.00 0.00
0.50 3.32 7.47 1.00 0.00
0.50 3.32 7.65 1.00 0.00
0.50 3.32 7.82 1.00 0.00
0.70 3.32 4.84 1.00 0.00
0.70 3.32 5.02 1.00 0.00
0.70 3.32 5.19 1.00 0.00
0.70 3.32 5.37 1.00 0.00
0.70 3.32 5.54 1.00 0.00
0.70 3.32 5.72 1.00 0.00
0.70 3.32 5.89 1.00 0.00
0.70 3.32 6.06 1.00 0.00
0.70 3.32 6.24 1.00 0.00
0.70 3.32 6.41 1.00 0.00
0.70 3.32 6.59 1.00 0.00
0.70 3.32 6.76 1.00 0.00
0.70 3.32 6.94 1.00 0.00
0.70 3.32 7.11 1.00 0.00
0.70 3.32 7.29 1.00 0.00
0.70 3.32 7.46 1.00 0.00
0.70 3.32 7.64 1.00 0.00
0.70 3.32 7.81 1.00 0.00
0.90 3.32 4.83 1.00 0.00
0.90 3.32 5.01 1.00 0.00
0.90 3.32 5.18 1.00 0.00
0.90 3.32 5.36 1.00 0.00
0.90 3.32 5.53 1.00 0.00
0.90 3.32 5.71 1.00 0.00
0.90 3.32 5.88 1.00 0.00
0.90 3.32 6.06 1.00 0.00
0.90 3.32 6.23 1.00 0.00
0.90 3.32 6.40 1.00 0.00
0.90 3.32 6.58 1.00 0.00
0.90 3.32 6.75 1.00 0.00
0.90 3.32 6.93 1.00 0.00
0.90 3.32 7.10 1.00 0.00
0.90 3.32 7.28 1.00 0.00
0.90 3.32 7.45 1.00 0.00
0.90 3.32 7.63 1.00 0.00
0.90 3.32 7.80 1.00 0.00
1.10 3.32 4.82 1.00 0.00
1.10 3.32 5.00 1.00 0.00
1.10 3.32 5.17 1.00 0.00
1.10 3.32 5.35 1.00 0.00
1.10 3.32 5.52 1.00 0.00
1.10 3.32 5.70 1.00 0.00
1.10 3.32 5.87 1.00 0.00
1.10 3.32 6.05 1.00 0.00
1.10 3.32 6.22 1.00 0.00
1.10 3.32 6.40 1.00 0.00
1.10 3.32 6.57 1.00 0.00
1.10 3.32 6.74 1.00 0.00
1.10 3.32 6.92 1.00 0.00
1.10 3.32 7.09 1.00 0.00
1.10 3.32 7.27 1.00 0.00
1.10 3.32 7.44 1.00 0.00
1.10 3.32 7.62 1.00 0.00
1.10 3.32 7.79 1.00 0.00
0.30 3.49 4.86 1.00 0.00
0.30 3.49 5.03 1.00 0.00
0.30 3.49 5.21 1.00 0.00
0.30 3.49 5.38 1.00 0.00
0.30 3.49 5.55 1.00 0.00
0.30 3.49 5.73 1.00 0.00
0.30 3.49 5.90 1.00 0.00
0.30 3.49 6.08 1.00 0.00
0.30 3.49 6.25 1.00 0.00
0.30 3.49 6.43 1.00 0.00
0.30 3.49 6.60 1.00 0.00
0.30 3.49 6.78 1.00 0.00
0.30 3.49 6.95 1.00 0.00
0.30 3.49 7.12 1.00 0.00
0.30 3.49 7.30 1.00 0.00
0.30 3.49 7.47 1.00 0.00
0.30 3.49 7.65 1.00 0.00
0.30 3.49 7.82 1.00 0.00
0.50 3.49 4.84 1.00 0.00
0.50 3.49 5.01 1.00 0.00
0.50 3.49 5.19 1.00 0.00
0.50 3.49 5.36 1.00 0.00
0.50 3.49 5.54 1.00 0.00
0.50 3.49 5.71 1.00 0.00
0.50 3.49 5.89 1.00 0.00
0.50 3.49 6.06 1.00 0.00
0.50 3.49 6.24 1.00 0.00
0.50 3.49 6.41 1.00 0.00
0.50 3.49 6.58 1.00 0.00
0.50 3.49 6.76 1.00 0.00
0.50 3.49 6.93 1.00 0.00
0.50 3.49 7.11 1.00 0.00
0.50 3.49 7.28 1.00 0.00
0.50 3.49 7.46 1.00 0.00
0.50 3.49 7.63 1.00 0.00
0.50 3.49 7.81 1.00 0.00
0.70 3.49 4.82 1.00 0.00
0.70 3.49 5.00 1.00 0.00
0.70 3.49 5.17 1.00 0.00
0.70 3.49 5.35 1.00 0.00
0.70 3.49 5.52 1.00 0.00
0.70 3.49 5.70 1.00 0.00
0.70 3.49 5.87 1.00 0.00
0.70 3.49 6.05 1.00 0.00
0.70 3.49 6.22 1.00 0.00
0.70 3.49 6.40 1.00 0.00
0.70 3.49 6.57 1.00 0.00
0.70 3.49 6.74 1.00 0.00
0.70 3.49 6.92 1.00 0.00
0.70 3.49 7.09 1.00 0.00
0.70 3.49 7.27 1.00 0.00
0.70 3.49 7.44 1.00 0.00
0.70 3.49 7.62 1.00 0.00
0.70 3.49 7.79 1.00 0.00
0.90 3.49 4.81 1.00 0.00
0.90 3.49 4.98 1.00 0.00
0.90 3.49 5.16 1.00 0.00
0.90 3.49 5.33 1.00 0.00
0.90 3.49 5.51 1.00 0.00
0.90 3.49 5.68 1.00 0.00
0.90 3.49 5.86 1.00 0.00
0.90 3.49 6.03 1.00 0.00
0.90 3.49 6.21 1.00 0.00
0.90 3.49 6.38 1.00 0.00
0.90 3.49 6.56 1.00 0.00
0.90 3.49 6.73 1.00 0.00
0.90 3.49 6.90 1.00 0.00
0.90 3.49 7.08 1.00 0.00
0.90 3.49 7.25 1.00 0.00
0.90 3.49 7.43 1.00 0.00
0.90 3.49 7.60 1.00 0.00
0.90 3.49 7.78 1.00 0.00
1.10 3.49 4.80 1.00 0.00
1.10 3.49 4.97 1.00 0.00
1.10 3.49 5.15 1.00 0.00
1.10 3.49 5.32 1.00 0.00
1.10 3.49 5.49 1.00 0.00
1.10 3.49 5.67 1.00 0.00
1.10 3.49 5.84 1.00 0.00
1.10 3.49 6.02 1.00 0.00
1.10 3.49 6.19 1.00 0.00
1.10 3.49 6.37 1.00 0.00
1.10 3.49 6.54 1.00 0.00
1.10 3.49 6.72 1.00 0.00
1.10 3.49 6.89 1.00 0.00
1.10 3.49 7.07 1.00 0.00
1.10 3.49 7.24 1.00 0.00
1.10 3.49 7.41 1.00 0.00
1.10 3.49 7.59 1.00 0.00
1.10 3.49 7.76 1.00 0.00
0.30 3.67 4.85 1.00 0.00
0.30 3.67 5.02 1.00 0.00
0.30 3.67 5.20 1.00 0.00
0.30 3.67 5.37 1.00 0.00
0.30 3.67 5.55 1.00 0.00
0.30 3.67 5.72 1.00 0.00
0.30 3.67 5.90 1.00 0.00
0.30 3.67 6.07 1.00 0.00
0.30 3.67 6.24 1.00 0.00
0.30 3.67 6.42 1.00 0.00
0.30 3.67 6.59 1.00 0.00
0.30 3.67 6.77 1.00 0.00
0.30 3.67 6.94 1.00 0.00
0.30 3.67 7.12 1.00 0.00
0.30 3.67 7.29 1.00 0.00
0.30 3.67 7.47 1.00 0.00
0.30 3.67 7.64 1.00 0.00
0.30 3.67 7.82 1.00 0.00
0.50 3.67 4.83 1.00 0.00
0.50 3.67 5.00 1.00 0.00
0.50 3.67 5.18 1.00 0.00
0.50 3.67 5.35 1.00 0.00
0.50 3.67 5.52 1.00 0.00
0.50 3.67 5.70 1.00 0.00
0.50 3.67 5.87 1.00 0.00
0.50 3.67 6.05 1.00 0.00
0.50 3.67 6.22 1.00 0.00
0.50 3.67 6.40 1.00 0.00
0.50 3.67 6.57 1.00 0.00
0.50 3.67 6.75 1.00 0.00
0.50 3.67 6.92 1.00 0.00
0.50 3.67 7.10 1.00 0.00
0.50 3.67 7.27 1.00 0.00
0.50 3.67 7.44 1.00 0.00
0.50 3.67 7.62 1.00 0.00
0.50 3.67 7.79 1.00 0.00
0.70 3.67 4.81 1.00 0.00
0.70 3.67 4.98 1.00 0.00
0.70 3.67 5.16 1.00 0.00
0.70 3.67 5.33 1.00 0.00
0.70 3.67 5.50 1.00 0.00
0.70 3.67 5.68 1.00 0.00
0.70 3.67 5.85 1.00 0.00
0.70 3.67 6.03 1.00 0.00
0.70 3.67 6.20 1.00 0.00
0.70 3.67 6.38 1.00 0.00
0.70 3.67 6.55 1.00 0.00
0.70 3.67 6.73 1.00 0.00
0.70 3.67 6.90 1.00 0.00
0.70 3.67 7.08 1.00 0.00
0.70 3.67 7.25 1.00 0.00
0.70 3.67 7.42 1.00 0.00
0.70 3.67 7.60 1.00 0.00
0.70 3.67 7.77 1.00 0.00
0.90 3.67 4.79 1.00 0.00
0.90 3.67 4.96 1.00 0.00
0.90 3.67 5.14 1.00 0.00
0.90 3.67 5.31 1.00 0.00
0.90 3.67 5.49 1.00 0.00
0.90 3.67 5.66 1.00 0.00
0.90 3.67 5.83 1.00 0.00
0.90 3.67 6.01 1.00 0.00
0.90 3.67 6.18 1.00 0.00
0.90 3.67 6.36 1.00 0.00
0.90 3.67 6.53 1.00 0.00
0.90 3.67 6.71 1.00 0.00
0.90 3.67 6.88 1.00 0.00
0.90 3.67 7.06 1.00 0.00
0.90 3.67 7.23 1.00 0.00
0.90 3.67 7.41 1.00 0.00
0.90 3.67 7.58 1.00 0.00
0.90 3.67 7.75 1.00 0.00
1.10 3.67 4.77 1.00 0.00
1.10 3.67 4.94 1.00 0.00
1.10 3.67 5.12 1.00 0.00
1.10 3.67 5.29 1.00 0.00
1.10 3.67 5.47 1.00 0.00
1.10 3.67 5.64 1.00 0.00
1.10 3.67 5.82 1.00 0.00
1.10 3.67 5.99 1.00 0.00
1.10 3.67 6.17 1.00 0.00
1.10 3.67 6.34 1.00 0.00
1.10 3.67 6.51 1.00 0.00
1.10 3.67 6.69 1.00 0.00
1.10 3.67 6.86 1.00 0.00
1.10 3.67 7.04 1.00 0.00
1.10 3.67 7.21 1.00 0.00
1.10 3.67 7.39 1.00 0.00
1.10 3.67 7.56 1.00 0.00
1.10 3.67 7.74 1.00 0.00
0.30 3.84 4.84 1.00 0.00
0.30 3.84 5.02 1.00 0.00
0.30 3.84 5.19 1.00 0.00
0.30 3.84 5.36 1.00 0.00
0.30 3.84 5.54 1.00 0.00
0.30 3.84 5.71 1.00 0.00
0.30 3.84 5.89 1.00 0.00
0.30 3.84 6.06 1.00 0.00
0.30 3.84 6.24 1.00 0.00
0.30 3.84 6.41 1.00 0.00
0.30 3.84 6.59 1.00 0.00
0.30 3.84 6.76 1.00 0.00
0.30 3.84 6.94 1.00 0.00
0.30 3.84 7.11 1.00 0.00
0.30 3.84 7.28 1.00 0.00
0.30 3.84 7.46 1.00 0.00
0.30 3.84 7.63 1.00 0.00
0.30 3.84 7.81 1.00 0.00
0.50 3.84 4.82 1.00 0.00
0.50 3.84 4.99 1.00 0.00
0.50 3.84 5.16 1.00 0.00
0.50 3.84 5.34 1.00 0.00
0.50 3.84 5.51 1.00 0.00
0.50 3.84 5.69 1.00 0.00
0.50 3.84 5.86 1.00 0.00
0.50 3.84 6.04 1.00 0.00
0.50 3.84 6.21 1.00 0.00
0.50 3.84 6.39 1.00 0.00
0.50 3.84 6.56 1.00 0.00
0.50 3.84 6.74 1.00 0.00
0.50 3.84 6.91 1.00 0.00
0.50 3.84 7.08 1.00 0.00
0.50 3.84 7.26 1.00 0.00
0.50 3.84 7.43 1.00 0.00
0.50 3.84 7.61 1.00 0.00
0.50 3.84 7.78 1.00 0.00
0.70 3.84 4.79 1.00 0.00
0.70 3.84 4.97 1.00 0.00
0.70 3.84 5.14 1.00 0.00
0.70 3.84 5.31 1.00 0.00
0.70 3.84 5.49 1.00 0.00
0.70 3.84 5.66 1.00 0.00
0.70 3.84 5.84 1.00 0.00
0.70 3.84 6.01 1.00 0.00
0.70 3.84 6.19 1.00 0.00
0.70 3.84 6.36 1.00 0.00
0.70 3.84 6.54 1.00 0.00
0.70 3.84 6.71 1.00 0.00
0.70 3.84 6.89 1.00 0.00
0.70 3.84 7.06 1.00 0.00
0.70 3.84 7.23 1.00 0.00
0.70 3.84 7.41 1.00 0.00
0.70 3.84 7.58 1.00 0.00
0.70 3.84 7.76 1.00 0.00
0.90 3.84 4.77 1.00 0.00
0.90 3.84 4.94 1.00 0.00
0.90 3.84 5.12 1.00 0.00
0.90 3.84 5.29 1.00 0.00
0.90 3.84 5.47 1.00 0.00
0.90 3.84 5.64 1.00 0.00
0.90 3.84 5.81 1.00 0.00
0.90 3.84 5.99 1.00 0.00
0.90 3.84 6.16 1.00 0.00
0.90 3.84 6.34 1.00 0.00
0.90 3.84 6.51 1.00 0.00
0.90 3.84 6.69 1.00 0.00
0.90 3.84 6.86 1.00 0.00
0.90 3.84 7.04 1.00 0.00
0.90 3.84 7.21 1.00 0.00
0.90 3.84 7.39 1.00 0.00
0.90 3.84 7.56 1.00 0.00
0.90 3.84 7.73 1.00 0.00
1.10 3.84 4.74 1.00 0.00
1.10 3.84 4.92 1.00 0.00
1.10 3.84 5.09 1.00 0.00
1.10 3.84 5.27 1.00 0.00
1.10 3.84 5.44 1.00 0.00
1.10 3.84 5.62 1.00 0.00
1.10 3.84 5.79 1.00 0.00
1.10 3.84 5.97 1.00 0.00
1.10 3.84 6.14 1.00 0.00
1.10 3.84 6.32 1.00 0.00
1.10 3.84 6.49 1.00 0.00
1.10 3.84 6.66 1.00 0.00
1.10 3.84 6.84 1.00 0.00
1.10 3.84 7.01 1.00 0.00
1.10 3.84 7.19 1.00 0.00
1.10 3.84 7.36 1.00 0.00
1.10 3.84 7.54 1.00 0.00
1.10 3.84 7.71 1.00 0.00
0.30 4.01 4.84 1.00 0.00
0.30 4.01 5.01 1.00 0.00
0.30 4.01 5.18 1.00 0.00
0.30 4.01 5.36 1.00 0.00
0.30 4.01 5.53 1.00 0.00
0.30 4.01 5.71 1.00 0.00
0.30 4.01 5.88 1.00 0.00
0.30 4.01 6.06 1.00 0.00
0.30 4.01 6.23 1.00 0.00
0.30 4.01 6.41 1.00 0.00
0.30 4.01 6.58 1.00 0.00
0.30 4.01 6.76 1.00 0.00
0.30 4.01 6.93 1.00 0.00
0.30 4.01 7.10 1.00 0.00
0.30 4.01 7.28 1.00 0.00
0.30 4.01 7.45 1.00 0.00
0.30 4.01 7.63 1.00 0.00
0.30 4.01 7.80 1.00 0.00
0.50 4.01 4.81 1.00 0.00
0.50 4.01 4.98 1.00 0.00
0.50 4.01 5.15 1.00 0.00
0.50 4.01 5.33 1.00 0.00
0.50 4.01 5.50 1.00 0.00
0.50 4.01 5.68 1.00 0.00
0.50 4.01 5.85 1.00 0.00
0.50 4.01 6.03 1.00 0.00
0.50 4.01 6.20 1.00 0.00
0.50 4.01 6.38 1.00 0.00
0.50 4.01 6.55 1.00 0.00
0.50 4.01 6.73 1.00 0.00
0.50 4.01 6.90 1.00 0.00
0.50 4.01 7.07 1.00 0.00
0.50 4.01 7.25 1.00 0.00
0.50 4.01 7.42 1.00 0.00
0.50 4.01 7.60 1.00 0.00
0.50 4.01 7.77 1.00 0.00
0.70 4.01 4.78 1.00 0.00
0.70 4.01 4.95 1.00 0.00
0.70 4.01 5.13 1.00 0.00
0.70 4.01 5.30 1.00 0.00
0.70 4.01 5.47 1.00 0.00
0.70 4.01 5.65 1.00 0.00
0.70 4.01 5.82 1.00 0.00
0.70 4.01 6.00 1.00 0.00
0.70 4.01 6.17 1.00 0.00
0.70 4.01 6.35 1.00 0.00
0.70 4.01 6.52 1.00 0.00
0.70 4.01 6.70 1.00 0.00
0.70 4.01 6.87 1.00 0.00
0.70 4.01 7.05 1.00 0.00
0.70 4.01 7.22 1.00 0.00
0.70 4.01 7.39 1.00 0.00
0.70 4.01 7.57 1.00 0.00
0.70 4.01 7.74 1.00 0.00
0.90 4.01 4.75 1.00 0.00
0.90 4.01 4.92 1.00 0.00
0.90 4.01 5.10 1.00 0.00
0.90 4.01 5.27 1.00 0.00
0.90 4.01 5.45 1.00 0.00
0.90 4.01 5.62 1.00 0.00
0.90 4.01 5.80 1.00 0.00
0.90 4.01 5.97 1.00 0.00
0.90 4.01 6.15 1.00 0.00
0.90 4.01 6.32 1.00 0.00
0.90 4.01 6.49 1.00 0.00
0.90 4.01 6.67 1.00 0.00
0.90 4.01 6.84 1.00 0.00
0.90 4.01 7.02 1.00 0.00
0.90 4.01 7.19 1.00 0.00
0.90 4.01 7.37 1.00 0.00
0.90 4.01 7.54 1.00 0.00
0.90 4.01 7.72 1.00 0.00
1.10 4.01 4.72 1.00 0.00
1.10 4.01 4.90 1.00 0.00
1.10 4.01 5.07 1.00 0.00
1.10 4.01 5.25 1.00 0.00
1.10 4.01 5.42 1.00 0.00
1.10 4.01 5.60 1.00 0.00
1.10 4.01 5.77 1.00 0.00
1.10 4.01 5.94 1.00 0.00
1.10 4.01 6.12 1.00 0.00
1.10 4.01 6.29 1.00 0.00
1.10 4.01 6.47 1.00 0.00
1.10 4.01 6.64 1.00 0.00
1.10 4.01 6.82 1.00 0.00
1.10 4.01 6.99 1.00 0.00
1.10 4.01 7.17 1.00 0.00
1.10 4.01 7.34 1.00 0.00
1.10 4.01 7.52 1.00 0.00
1.10 4.01 7.69 1.00 0.00
0.30 4.19 4.83 1.00 0.00
0.30 4.19 5.01 1.00 0.00
0.30 4.19 5.18 1.00 0.00
0.30 4.19 5.35 1.00 0.00
0.30 4.19 5.53 1.00 0.00
0.30 4.19 5.70 1.00 0.00
0.30 4.19 5.88 1.00 0.00
0.30 4.19 6.05 1.00 0.00
0.30 4.19 6.23 1.00 0.00
0.30 4.19 6.40 1.00 0.00
0.30 4.19 6.58 1.00 0.00
0.30 4.19 6.75 1.00 0.00
0.30 4.19 6.93 1.00 0.00
0.30 4.19 7.10 1.00 0.00
0.30 4.19 7.27 1.00 0.00
0.30 4.19 7.45 1.00 0.00
0.30 4.19 7.62 1.00 0.00
0.30 4.19 7.80 1.00 0.00
0.50 4.19 4.80 1.00 0.00
0.50 4.19 4.97 1.00 0.00
0.50 4.19 5.15 1.00 0.00
0.50 4.19 5.32 1.00 0.00
0.50 4.19 5.50 1.00 0.00
0.50 4.19 5.67 1.00 0.00
0.50 4.19 5.84 1.00 0.00
0.50 4.19 6.02 1.00 0.00
0.50 4.19 6.19 1.00 0.00
0.50 4.19 6.37 1.00 0.00
0.50 4.19 6.54 1.00 0.00
0.50 4.19 6.72 1.00 0.00
0.50 4.19 6.89 1.00 0.00
0.50 4.19 7.07 1.00 0.00
0.50 4.19 7.24 1.00 0.00
0.50 4.19 7.42 1.00 0.00
0.50 4.19 7.59 1.00 0.00
0.50 4.19 7.76 1.00 0.00
0.70 4.19 4.77 1.00 0.00
0.70 4.19 4.94 1.00 0.00
0.70 4.19 5.11 1.00 0.00
0.70 4.19 5.29 1.00 0.00
0.70 4.19 5.46 1.00 0.00
0.70 4.19 5.64 1.00 0.00
0.70 4.19 5.81 1.00 0.00
0.70 4.19 5.99 1.00 0.00
0.70 4.19 6.16 1.00 0.00
0.70 4.19 6.34 1.00 0.00
0.70 4.19 6.51 1.00 0.00
0.70 4.19 6.69 1.00 0.00
0.70 4.19 6.86 1.00 0.00
0.70 4.19 7.03 1.00 0.00
0.70 4.19 7.21 1.00 0.00
0.70 4.19 7.38 1.00 0.00
0.70 4.19 7.56 1.00 0.00
0.70 4.19 7.73 1.00 0.00
0.90 4.19 4.73 1.00 0.00
0.90 4.19 4.91 1.00 0.00
0.90 4.19 5.08 1.00 0.00
0.90 4.19 5.26 1.00 0.00
0.90 4.19 5.43 1.00 0.00
0.90 4.19 5.61 1.00 0.00
0.90 4.19 5.78 1.00 0.00
0.90 4.19 5.96 1.00 0.00
0.90 4.19 6.13 1.00 0.00
0.90 4.19 6.31 1.00 0.00
0.90 4.19 6.48 1.00 0.00
0.90 4.19 6.65 1.00 0.00
0.90 4.19 6.83 1.00 0.00
0.90 4.19 7.00 1.00 0.00
0.90 4.19 7.18 1.00 0.00
0.90 4.19 7.35 1.00 0.00
0.90 4.19 7.53 1.00 0.00
0.90 4.19 7.70 1.00 0.00
1.10 4.19 4.70 1.00 0.00
1.10 4.19 4.88 1.00 0.00
1.10 4.19 5.05 1.00 0.00
1.10 4.19 5.23 1.00 0.00
1.10 4.19 5.40 1.00 0.00
1.10 4.19 5.58 1.00 0.00
1.10 4.19 5.75 1.00 0.00
1.10 4.19 5.93 1.00 0.00
1.10 4.19 6.10 1.00 0.00
1.10 4.19 6.28 1.00 0.00
1.10 4.19 6.45 1.00 0.00
1.10 4.19 6.62 1.00 0.00
1.10 4.19 6.80 1.00 0.00
1.10 4.19 6.97 1.00 0.00
1.10 4.19 7.15 1.00 0.00
1.10 4.19 7.32 1.00 0.00
1.10 4.19 7.50 1.00 0.00
1.10 4.19 7.67 1.00 0.00
0.30 4.36 4.83 1.00 0.00
0.30 4.36 5.00 1.00 0.00
0.30 4.36 5.18 1.00 0.00
0.30 4.36 5.35 1.00 0.00
0.30 4.36 5.53 1.00 0.00
0.30 4.36 5.70 1.00 0.00
0.30 4.36 5.88 1.00 0.00
0.30 4.36 6.05 1.00 0.00
0.30 4.36 6.22 1.00 0.00
0.30 4.36 6.40 1.00 0.00
0.30 4.36 6.57 1.00 0.00
0.30 4.36 6.75 1.00 0.00
0.30 4.36 6.92 1.00 0.00
0.30 4.36 7.10 1.00 0.00
0.30 4.36 7.27 1.00 0.00
0.30 4.36 7.45 1.00 0.00
0.30 4.36 7.62 1.00 0.00
0.30 4.36 7.80 1.00 0.00
0.50 4.36 4.79 1.00 0.00
0.50 4.36 4.97 1.00 0.00
0.50 4.36 5.14 1.00 0.00
0.50 4.36 5.32 1.00 0.00
0.50 4.36 5.49 1.00 0.00
0.50 4.36 5.66 1.00 0.00
0.50 4.36 5.84 1.00 0.00
0.50 4.36 6.01 1.00 0.00
0.50 4.36 6.19 1.00 0.00
0.50 4.36 6.36 1.00 0.00
0.50 4.36 6.54 1.00 0.00
0.50 4.36 6.71 1.00 0.00
0.50 4.36 6.89 1.00 0.00
0.50 4.36 7.06 1.00 0.00
0.50 4.36 7.24 1.00 0.00
0.50 4.36 7.41 1.00 0.00
0.50 4.36 7.58 1.00 0.00
0.50 4.36 7.76 1.00 0.00
0.70 4.36 4.76 1.00 0.00
0.70 4.36 4.93 1.00 0.00
0.70 4.36 5.11 1.00 0.00
0.70 4.36 5.28 1.00 0.00
0.70 4.36 5.46 1.00 0.00
0.70 4.36 5.63 1.00 0.00
0.70 4.36 5.80 1.00 0.00
0.70 4.36 5.98 1.00 0.00
0.70 4.36 6.15 1.00 0.00
0.70 4.36 6.33 1.00 0.00
0.70 4.36 6.50 1.00 0.00
0.70 4.36 6.68 1.00 0.00
0.70 4.36 6.85 1.00 0.00
0.70 4.36 7.03 1.00 0.00
0.70 4.36 7.20 1.00 0.00
0.70 4.36 7.38 1.00 0.00
0.70 4.36 7.55 1.00 0.00
0.70 4.36 7.72 1.00 0.00
0.90 4.36 4.72 1.00 0.00
0.90 4.36 4.90 1.00 0.00
0.90 4.36 5.07 1.00 0.00
0.90 4.36 5.25 1.00 0.00
0.90 4.36 5.42 1.00 0.00
0.90 4.36 5.60 1.00 0.00
0.90 4.36 5.77 1.00 0.00
0.90 4.36 5.94 1.00 0.00
0.90 4.36 6.12 1.00 0.00
0.90 4.36 6.29 1.00 0.00
0.90 4.36 6.47 1.00 0.00
0.90 4.36 6.64 1.00 0.00
0.90 4.36 6.82 1.00 0.00
0.90 4.36 6.99 1.00 0.00
0.90 4.36 7.17 1.00 0.00
0.90 4.36 7.34 1.00 0.00
0.90 4.36 7.52 1.00 0.00
0.90 4.36 7.69 1.00 0.00
1.10 4.36 4.69 1.00 0.00
1.10 4.36 4.86 1.00 0.00
1.10 4.36 5.04 1.00 0.00
1.10 4.36 5.21 1.00 0.00
1.10 4.36 5.39 1.00 0.00
1.10 4.36 5.56 1.00 0.00
1.10 4.36 5.74 1.00 0.00
1.10 4.36 5.91 1.00 0.00
1.10 4.36 6.09 1.00 0.00
1.10 4.36 6.26 1.00 0.00
1.10 4.36 6.44 1.00 0.00
1.10 4.36 6.61 1.00 0.00
1.10 4.36 6.78 1.00 0.00
1.10 4.36 6.96 1.00 0.00
1.10 4.36 7.13 1.00 0.00
1.10 4.36 7.31 1.00 0.00
1.10 4.36 7.48 1.00 0.00
1.10 4.36 7.66 1.00 0.00
0.30 4.54 4.83 1.00 0.00
0.30 4.54 5.00 1.00 0.00
0.30 4.54 5.18 1.00 0.00
0.30 4.54 5.35 1.00 0.00
0.30 4.54 5.52 1.00 0.00
0.30 4.54 5.70 1.00 0.00
0.30 4.54 5.87 1.00 0.00
0.30 4.54 6.05 1.00 0.00
0.30 4.54 6.22 1.00 0.00
0.30 4.54 6.40 1.00 0.00
0.30 4.54 6.57 1.00 0.00
0.30 4.54 6.75 1.00 0.00
0.30 4.54 6.92 1.00 0.00
0.30 4.54 7.10 1.00 0.00
0.30 4.54 7.27 1.00 0.00
0.30 4.54 7.44 1.00 0.00
0.30 4.54 7.62 1.00 0.00
0.30 4.54 7.79 1.00 0.00
0.50 4.54 4.79 1.00 0.00
0.50 4.54 4.96 1.00 0.00
0.50 4.54 5.14 1.00 0.00
0.50 4.54 5.31 1.00 0.00
0.50 4.54 5.49 1.00 0.00
0.50 4.54 5.66 1.00 0.00
0.50 4.54 5.84 1.00 0.00
0.50 4.54 6.01 1.00 0.00
0.50 4.54 6.19 1.00 0.00
0.50 4.54 6.36 1.00 0.00
0.50 4.54 6.53 1.00 0.00
0.50 4.54 6.71 1.00 0.00
0.50 4.54 6.88 1.00 0.00
0.50 4.54 7.06 1.00 0.00
0.50 4.54 7.23 1.00 0.00
0.50 4.54 7.41 1.00 0.00
0.50 4.54 7.58 1.00 0.00
0.50 4.54 7.76 1.00 0.00
0.70 4.54 4.75 1.00 0.00
0.70 4.54 4.93 1.00 0.00
0.70 4.54 5.10 1.00 0.00
0.70 4.54 5.28 1.00 0.00
0.70 4.54 5.45 1.00 0.00
0.70 4.54 5.63 1.00 0.00
0.70 4.54 5.80 1.00 0.00
0.70 4.54 5.97 1.00 0.00
0.70 4.54 6.15 1.00 0.00
0.70 4.54 6.32 1.00 0.00
0.70 4.54 6.50 1.00 0.00
0.70 4.54 6.67 1.00 0.00
0.70 4.54 6.85 1.00 0.00
0.70 4.54 7.02 1.00 0.00
0.70 4.54 7.20 1.00 0.00
0.70 4.54 7.37 1.00 0.00
0.70 4.54 7.54 1.00 0.00
0.70 4.54 7.72 1.00 0.00
0.90 4.54 4.72 1.00 0.00
0.90 4.54 4.89 1.00 0.00
0.90 4.54 5.06 1.00 0.00
0.90 4.54 5.24 1.00 0.00
0.90 4.54 5.41 1.00 0.00
0.90 4.54 5.59 1.00 0.00
0.90 4.54 5.76 1.00 0.00
0.90 4.54 5.94 1.00 0.00
0.90 4.54 6.11 1.00 0.00
0.90 4.54 6.29 1.00 0.00
0.90 4.54 6.46 1.00 0.00
0.90 4.54 6.64 1.00 0.00
0.90 4.54 6.81 1.00 0.00
0.90 4.54 6.98 1.00 0.00
0.90 4.54 7.16 1.00 0.00
0.90 4.54 7.33 1.00 0.00
0.90 4.54 7.51 1.00 0.00
0.90 4.54 7.68 1.00 0.00
1.10 4.54 4.68 1.00 0.00
1.10 4.54 4.85 1.00 0.00
1.10 4.54 5.03 1.00 0.00
1.10 4.54 5.20 1.00 0.00
1.10 4.54 5.38 1.00 0.00
1.10 4.54 5.55 1.00 0.00
1.10 4.54 5.73 1.00 0.00
1.10 4.54 5.90 1.00 0.00
1.10 4.54 6.08 1.00 0.00
1.10 4.54 6.25 1.00 0.00
1.10 4.54 6.43 1.00 0.00
1.10 4.54 6.60 1.00 0.00
1.10 4.54 6.77 1.00 0.00
1.10 4.54 6.95 1.00 0.00
1.10 4.54 7.12 1.00 0.00
1.10 4.54 7.30 1.00 0.00
1.10 4.54 7.47 1.00 0.00
1.10 4.54 7.65 1.00 0.00
0.30 4.71 4.83 1.00 0.00
0.30 4.71 5.00 1.00 0.00
0.30 4.71 5.18 1.00 0.00
0.30 4.71 5.35 1.00 0.00
0.30 4.71 5.52 1.00 0.00
0.30 4.71 5.70 1.00 0.00
0.30 4.71 5.87 1.00 0.00
0.30 4.71 6.05 1.00 0.00
0.30 4.71 6.22 1.00 0.00
0.30 4.71 6.40 1.00 0.00
0.30 4.71 6.57 1.00 0.00
0.30 4.71 6.75 1.00 0.00
0.30 4.71 6.92 1.00 0.00
0.30 4.71 7.10 1.00 0.00
0.30 4.71 7.27 1.00 0.00
0.30 4.71 7.44 1.00 0.00
0.30 4.71 7.62 1.00 0.00
0.30 4.71 7.79 1.00 0.00
0.50 4.71 4.79 1.00 0.00
0.50 4.71 4.96 1.00 0.00
0.50 4.71 5.14 1.00 0.00
0.50 4.71 5.31 1.00 0.00
0.50 4.71 5.49 1.00 0.00
0.50 4.71 5.66 1.00 0.00
0.50 4.71 5.84 1.00 0.00
0.50 4.71 6.01 1.00 0.00
0.50 4.71 6.19 1.00 0.00
0.50 4.71 6.36 1.00 0.00
0.50 4.71 6.53 1.00 0.00
0.50 4.71 6.71 1.00 0.00
0.50 4.71 6.88 1.00 0.00
0.50 4.71 7.06 1.00 0.00
0.50 4.71 7.23 1.00 0.00
0.50 4.71 7.41 1.00 0.00
0.50 4.71 7.58 1.00 0.00
0.50 4.71 7.76 1.00 0.00
0.70 4.71 4.75 1.00 0.00
0.70 4.71 4.93 1.00 0.00
0.70 4.71 5.10 1.00 0.00
0.70 4.71 5.27 1.00 0.00
0.70 4.71 5.45 1.00 0.00
0.70 4.71 5.62 1.00 0.00
0.70 4.71 5.80 1.00 0.00
0.70 4.71 5.97 1.00 0.00
0.70 4.71 6.15 1.00 0.00
0.70 4.71 6.32 1.00 0.00
0.70 4.71 6.50 1.00 0.00
0.70 4.71 6.67 1.00 0.00
0.70 4.71 6.85 1.00 0.00
0.70 4.71 7.02 1.00 0.00
0.70 4.71 7.19 1.00 0.00
0.70 4.71 7.37 1.00 0.00
0.70 4.71 7.54 1.00 0.00
0.70 4.71 7.72 1.00 0.00
0.90 4.71 4.71 1.00 0.00
0.90 4.71 4.89 1.00 0.00
0.90 4.71 5.06 1.00 0.00
0.90 4.71 5.24 1.00 0.00
0.90 4.71 5.41 1.00 0.00
0.90 4.71 5.59 1.00 0.00
0.90 4.71 5.76 1.00 0.00
0.90 4.71 5.94 1.00 0.00
0.90 4.71 6.11 1.00 0.00
0.90 4.71 6.28 1.00 0.00
0.90 4.71 6.46 1.00 0.00
0.90 4.71 6.63 1.00 0.00
0.90 4.71 6.81 1.00 0.00
0.90 4.71 6.98 1.00 0.00
0.90 4.71 7.16 1.00 0.00
0.90 4.71 7.33 1.00 0.00
0.90 4.71 7.51 1.00 0.00
0.90 4.71 7.68 1.00 0.00
1.10 4.71 4.68 1.00 0.00
1.10 4.71 4.85 1.00 0.00
1.10 4.71 5.02 1.00 0.00
1.10 4.71 5.20 1.00 0.00
1.10 4.71 5.37 1.00 0.00
1.10 4.71 5.55 1.00 0.00
1.10 4.71 5.72 1.00 0.00
1.10 4.71 5.90 1.00 0.00
1.10 4.71 6.07 1.00 0.00
1.10 4.71 6.25 1.00 0.00
1.10 4.71 6.42 1.00 0.00
1.10 4.71 6.60 1.00 0.00
1.10 4.71 6.77 1.00 0.00
1.10 4.71 6.94 1.00 0.00
1.10 4.71 7.12 1.00 0.00
1.10 4.71 7.29 1.00 0.00
1.10 4.71 7.47 1.00 0.00
1.10 4.71 7.64 1.00 0.00
0.30 4.89 4.83 1.00 0.00
0.30 4.89 5.00 1.00 0.00
0.30 4.89 5.18 1.00 0.00
0.30 4.89 5.35 1.00 0.00
0.30 4.89 5.53 1.00 0.00
0.30 4.89 5.70 1.00 0.00
0.30 4.89 5.88 1.00 0.00
0.30 4.89 6.05 1.00 0.00
0.30 4.89 6.23 1.00 0.00
0.30 4.89 6.40 1.00 0.00
0.30 4.89 6.57 1.00 0.00
0.30 4.89 6.75 1.00 0.00
0.30 4.89 6.92 1.00 0.00
0.30 4.89 7.10 1.00 0.00
0.30 4.89 7.27 1.00 0.00
0.30 4.89 7.45 1.00 0.00
0.30 4.89 7.62 1.00 0.00
0.30 4.89 7.80 1.00 0.00
0.50 4.89 4.79 1.00 0.00
0.50 4.89 4.97 1.00 0.00
0.50 4.89 5.14 1.00 0.00
0.50 4.89 5.32 1.00 0.00
0.50 4.89 5.49 1.00 0.00
0.50 4.89 5.66 1.00 0.00
0.50 4.89 5.84 1.00 0.00
0.50 4.89 6.01 1.00 0.00
0.50 4.89 6.19 1.00 0.00
0.50 4.89 6.36 1.00 0.00
0.50 4.89 6.54 1.00 0.00
0.50 4.89 6.71 1.00 0.00
0.50 4.89 6.89 1.00 0.00
0.50 4.89 7.06 1.00 0.00
0.50 4.89 7.24 1.00 0.00
0.50 4.89 7.41 1.00 0.00
0.50 4.89 7.58 1.00 0.00
0.50 4.89 7.76 1.00 0.00
0.70 4.89 4.75 1.00 0.00
0.70 4.89 4.93 1.00 0.00
0.70 4.89 5.10 1.00 0.00
0.70 4.89 5.28 1.00 0.00
0.70 4.89 5.45 1.00 0.00
0.70 4.89 5.63 1.00 0.00
0.70 4.89 5.80 1.00 0.00
0.70 4.89 5.98 1.00 0.00
0.70 4.89 6.15 1.00 0.00
0.70 4.89 6.33 1.00 0.00
0.70 4.89 6.50 1.00 0.00
0.70 4.89 6.67 1.00 0.00
0.70 4.89 6.85 1.00 0.00
0.70 4.89 7.02 1.00 0.00
0.70 4.89 7.20 1.00 0.00
0.70 4.89 7.37 1.00 0.00
0.70 4.89 7.55 1.00 0.00
0.70 4.89 7.72 1.00 0.00
0.90 4.89 4.72 1.00 0.00
0.90 4.89 4.89 1.00 0.00
0.90 4.89 5.07 1.00 0.00
0.90 4.89 5.24 1.00 0.00
0.90 4.89 5.41 1.00 0.00
0.90 4.89 5.59 1.00 0.00
0.90 4.89 5.76 1.00 0.00
0.90 4.89 5.94 1.00 0.00
0.90 4.89 6.11 1.00 0.00
0.90 4.89 6.29 1.00 0.00
0.90 4.89 6.46 1.00 0.00
0.90 4.89 6.64 1.00 0.00
0.90 4.89 6.81 1.00 0.00
0.90 4.89 6.99 1.00 0.00
0.90 4.89 7.16 1.00 0.00
0.90 4.89 7.33 1.00 0.00
0.90 4.89 7.51 1.00 0.00
0.90 4.89 7.68 1.00 0.00
1.10 4.89 4.68 1.00 0.00
1.10 4.89 4.85 1.00 0.00
1.10 4.89 5.03 1.00 0.00
1.10 4.89 5.20 1.00 0.00
1.10 4.89 5.38 1.00 0.00
1.10 4.89 5.55 1.00 0.00
1.10 4.89 5.72 1.00 0.00
1.10 4.89 5.90 1.00 0.00
1.10 4.89 6.07 1.00 0.00
1.10 4.89 6.25 1.00 0.00
1.10 4.89 6.42 1.00 0.00
1.10 4.89 6.60 1.00 0.00
1.10 4.89 6.77 1.00 0.00
1.10 4.89 6.95 1.00 0.00
1.10 4.89 7.12 1.00 0.00
1.10 4.89 7.30 1.00 0.00
1.10 4.89 7.47 1.00 0.00
1.10 4.89 7.64 1.00 0.00
0.30 5.06 4.83 1.00 0.00
0.30 5.06 5.01 1.00 0.00
0.30 5.06 5.18 1.00 0.00
0.30 5.06 5.36 1.00 0.00
0.30 5.06 5.53 1.00 0.00
0.30 5.06 5.71 1.00 0.00
0.30 5.06 5.88 1.00 0.00
0.30 5.06 6.05 1.00 0.00
0.30 5.06 6.23 1.00 0.00
0.30 5.06 6.40 1.00 0.00
0.30 5.06 6.58 1.00 0.00
0.30 5.06 6.75 1.00 0.00
0.30 5.06 6.93 1.00 0.00
0.30 5.06 7.10 1.00 0.00
0.30 5.06 7.28 1.00 0.00
0.30 5.06 7.45 1.00 0.00
0.30 5.06 7.63 1.00 0.00
0.30 5.06 7.80 1.00 0.00
0.50 5.06 4.80 1.00 0.00
0.50 5.06 4.97 1.00 0.00
0.50 5.06 5.15 1.00 0.00
0.50 5.06 5.32 1.00 0.00
0.50 5.06 5.50 1.00 0.00
0.50 5.06 5.67 1.00 0.00
0.50 5.06 5.84 1.00 0.00
0.50 5.06 6.02 1.00 0.00
0.50 5.06 6.19 1.00 0.00
0.50 5.06 6.37 1.00 0.00
0.50 5.06 6.54 1.00 0.00
0.50 5.06 6.72 1.00 0.00
0.50 5.06 6.89 1.00 0.00
0.50 5.06 7.07 1.00 0.00
0.50 5.06 7.24 1.00 0.00
0.50 5.06 7.42 1.00 0.00
0.50 5.06 7.59 1.00 0.00
0.50 5.06 7.76 1.00 0.00
0.70 5.06 4.76 1.00 0.00
0.70 5.06 4.94 1.00 0.00
0.70 5.06 5.11 1.00 0.00
0.70 5.06 5.29 1.00 0.00
0.70 5.06 5.46 1.00 0.00
0.70 5.06 5.63 1.00 0.00
0.70 5.06 5.81 1.00 0.00
0.70 5.06 5.98 1.00 0.00
0.70 5.06 6.16 1.00 0.00
0.70 5.06 6.33 1.00 0.00
0.70 5.06 6.51 1.00 0.00
0.70 5.06 6.68 1.00 0.00
0.70 5.06 6.86 1.00 0.00
0.70 5.06 7.03 1.00 0.00
0.70 5.06 7.21 1.00 0.00
0.70 5.06 7.38 1.00 0.00
0.70 5.06 7.55 1.00 0.00
0.70 5.06 7.73 1.00 0.00
0.90 5.06 4.72 1.00 0.00
0.90 5.06 4.90 1.00 0.00
0.90 5.06 5.07 1.00 0.00
0.90 5.06 5.25 1.00 0.00
0.90 5.06 5.42 1.00 0.00
0.90 5.06 5.60 1.00 0.00
0.90 5.06 5.77 1.00 0.00
0.90 5.06 5.95 1.00 0.00
0.90 5.06 6.12 1.00 0.00
0.90 5.06 6.30 1.00 0.00
0.90 5.06 6.47 1.00 0.00
0.90 5.06 6.64 1.00 0.00
0.90 5.06 6.82 1.00 0.00
0.90 5.06 6.99 1.00 0.00
0.90 5.06 7.17 1.00 0.00
0.90 5.06 7.34 1.00 0.00
0.90 5.06 7.52 1.00 0.00
0.90 5.06 7.69 1.00 0.00
1.10 5.06 4.69 1.00 0.00
1.10 5.06 4.86 1.00 0.00
1.10 5.06 5.04 1.00 0.00
1.10 5.06 5.21 1.00 0.00
1.10 5.06 5.38 1.00 0.00
1.10 5.06 5.56 1.00 0.00
1.10 5.06 5.73 1.00 0.00
1.10 5.06 5.91 1.00 0.00
1.10 5.06 6.08 1.00 0.00
1.10 5.06 6.26 1.00 0.00
1.10 5.06 6.43 1.00 0.00
1.10 5.06 6.61 1.00 0.00
1.10 5.06 6.78 1.00 0.00
1.10 5.06 6.96 1.00 0.00
1.10 5.06 7.13 1.00 0.00
1.10 5.06 7.30 1.00 0.00
1.10 5.06 7.48 1.00 0.00
1.10 5.06 7.65 1.00 0.00
0.30 5.24 4.84 1.00 0.00
0.30 5.24 5.01 1.00 0.00
0.30 5.24 5.19 1.00 0.00
0.30 5.24 5.36 1.00 0.00
0.30 5.24 5.54 1.00 0.00
0.30 5.24 5.71 1.00 0.00
0.30 5.24 5.89 1.00 0.00
0.30 5.24 6.06 1.00 0.00
0.30 5.24 6.23 1.00 0.00
0.30 5.24 6.41 1.00 0.00
0.30 5.24 6.58 1.00 0.00
0.30 5.24 6.76 1.00 0.00
0.30 5.24 6.93 1.00 0.00
0.30 5.24 7.11 1.00 0.00
0.30 5.24 7.28 1.00 0.00
0.30 5.24 7.46 1.00 0.00
0.30 5.24 7.63 1.00 0.00
0.30 5.24 7.80 1.00 0.00
0.50 5.24 4.81 1.00 0.00
0.50 5.24 4.98 1.00 0.00
0.50 5.24 5.16 1.00 0.00
0.50 5.24 5.33 1.00 0.00
0.50 5.24 5.50 1.00 0.00
0.50 5.24 5.68 1.00 0.00
0.50 5.24 5.85 1.00 0.00
0.50 5.24 6.03 1.00 0.00
0.50 5.24 6.20 1.00 0.00
0.50 5.24 6.38 1.00 0.00
0.50 5.24 6.55 1.00 0.00
0.50 5.24 6.73 1.00 0.00
0.50 5.24 6.90 1.00 0.00
0.50 5.24 7.08 1.00 0.00
0.50 5.24 7.25 1.00 0.00
0.50 5.24 7.42 1.00 0.00
0.50 5.24 7.60 1.00 0.00
0.50 5.24 7.77 1.00 0.00
0.70 5.24 4.77 1.00 0.00
0.70 5.24 4.95 1.00 0.00
0.70 5.24 5.12 1.00 0.00
0.70 5.24 5.30 1.00 0.00
0.70 5.24 5.47 1.00 0.00
0.70 5.24 5.65 1.00 0.00
0.70 5.24 5.82 1.00 0.00
0.70 5.24 5.99 1.00 0.00
0.70 5.24 6.17 1.00 0.00
0.70 5.24 6.34 1.00 0.00
0.70 5.24 6.52 1.00 0.00
0.70 5.24 6.69 1.00 0.00
0.70 5.24 6.87 1.00 0.00
0.70 5.24 7.04 1.00 0.00
0.70 5.24 7.22 1.00 0.00
0.70 5.24 7.39 1.00 0.00
0.70 5.24 7.57 1.00 0.00
0.70 5.24 7.74 1.00 0.00
0.90 5.24 4.74 1.00 0.00
0.90 5.24 4.91 1.00 0.00
0.90 5.24 5.09 1.00 0.00
0.90 5.24 5.26 1.00 0.00
0.90 5.24 5.44 1.00 0.00
0.90 5.24 5.61 1.00 0.00
0.90 5.24 5.79 1.00 0.00
0.90 5.24 5.96 1.00 0.00
0.90 5.24 6.13 1.00 0.00
0.90 5.24 6.31 1.00 0.00
0.90 5.24 6.48 1.00 0.00
0.90 5.24 6.66 1.00 0.00
0.90 5.24 6.83 1.00 0.00
0.90 5.24 7.01 1.00 0.00
0.90 5.24 7.18 1.00 0.00
0.90 5.24 7.36 1.00 0.00
0.90 5.24 7.53 1.00 0.00
0.90 5.24 7.71 1.00 0.00
1.10 5.24 4.70 1.00 0.00
1.10 5.24 4.88 1.00 0.00
1.10 5.24 5.05 1.00 0.00
1.10 5.24 5.23 1.00 0.00
1.10 5.24 5.40 1.00 0.00
1.10 5.24 5.58 1.00 0.00
1.10 5.24 5.75 1.00 0.00
1.10 5.24 5.92 1.00 0.00
1.10 5.24 6.10 1.00 0.00
1.10 5.24 6.27 1.00 0.00
1.10 5.24 6.45 1.00 0.00
1.10 5.24 6.62 1.00 0.00
1.10 5.24 6.80 1.00 0.00
1.10 5.24 6.97 1.00 0.00
1.10 5.24 7.15 1.00 0.00
1.10 5.24 7.32 1.00 0.00
1.10 5.24 7.49 1.00 0.00
1.10 5.24 7.67 1.00 0.00
0.30 5.41 4.84 1.00 0.00
0.30 5.41 5.02 1.00 0.00
0.30 5.41 5.19 1.00 0.00
0.30 5.41 5.37 1.00 0.00
0.30 5.41 5.54 1.00 0.00
0.30 5.41 5.72 1.00 0.00
0.30 5.41 5.89 1.00 0.00
0.30 5.41 6.07 1.00 0.00
0.30 5.41 6.24 1.00 0.00
0.30 5.41 6.42 1.00 0.00
0.30 5.41 6.59 1.00 0.00
0.30 5.41 6.76 1.00 0.00
0.30 5.41 6.94 1.00 0.00
0.30 5.41 7.11 1.00 0.00
0.30 5.41 7.29 1.00 0.00
0.30 5.41 7.46 1.00 0.00
0.30 5.41 7.64 1.00 0.00
0.30 5.41 7.81 1.00 0.00
0.50 5.41 4.82 1.00 0.00
0.50 5.41 4.99 1.00 0.00
0.50 5.41 5.17 1.00 0.00
0.50 5.41 5.34 1.00 0.00
0.50 5.41 5.52 1.00 0.00
0.50 5.41 5.69 1.00 0.00
0.50 5.41 5.86 1.00 0.00
0.50 5.41 6.04 1.00 0.00
0.50 5.41 6.21 1.00 0.00
0.50 5.41 6.39 1.00 0.00
0.50 5.41 6.56 1.00 0.00
0.50 5.41 6.74 1.00 0.00
0.50 5.41 6.91 1.00 0.00
0.50 5.41 7.09 1.00 0.00
0.50 5.41 7.26 1.00 0.00
0.50 5.41 7.44 1.00 0.00
0.50 5.41 7.61 1.00 0.00
0.50 5.41 7.78 1.00 0.00
0.70 5.41 4.79 1.00 0.00
0.70 5.41 4.96 1.00 0.00
0.70 5.41 5.14 1.00 0.00
0.70 5.41 5.31 1.00 0.00
0.70 5.41 5.49 1.00 0.00
0.70 5.41 5.66 1.00 0.00
0.70 5.41 5.84 1.00 0.00
0.70 5.41 6.01 1.00 0.00
0.70 5.41 6.19 1.00 0.00
0.70 5.41 6.36 1.00 0.00
0.70 5.41 6.53 1.00 0.00
0.70 5.41 6.71 1.00 0.00
0.70 5.41 6.88 1.00 0.00
0.70 5.41 7.06 1.00 0.00
0.70 5.41 7.23 1.00 0.00
0.70 5.41 7.41 1.00 0.00
0.70 5.41 7.58 1.00 0.00
0.70 5.41 7.76 1.00 0.00
0.90 5.41 4.76 1.00 0.00
0.90 5.41 4.93 1.00 0.00
0.90 5.41 5.11 1.00 0.00
0.90 5.41 5.28 1.00 0.00
0.90 5.41 5.46 1.00 0.00
0.90 5.41 5.63 1.00 0.00
0.90 5.41 5.81 1.00 0.00
0.90 5.41 5.98 1.00 0.00
0.90 5.41 6.15 1.00 0.00
0.90 5.41 6.33 1.00 0.00
0.90 5.41 6.50 1.00 0.00
0.90 5.41 6.68 1.00 0.00
0.90 5.41 6.85 1.00 0.00
0.90 5.41 7.03 1.00 0.00
0.90 5.41 7.20 1.00 0.00
0.90 5.41 7.38 1.00 0.00
0.90 5.41 7.55 1.00 0.00
0.90 5.41 7.73 1.00 0.00
1.10 5.41 4.73 1.00 0.00
1.10 5.41 4.90 1.00 0.00
1.10 5.41 5.08 1.00 0.00
1.10 5.41 5.25 1.00 0.00
1.10 5.41 5.42 1.00 0.00
1.10 5.41 5.60 1.00 0.00
1.10 5.41 5.77 1.00 0.00
1.10 5.41 5.95 1.00 0.00
1.10 5.41 6.12 1.00 0.00
1.10 5.41 6.30 1.00 0.00
1.10 5.41 6.47 1.00 0.00
1.10 5.41 6.65 1.00 0.00
1.10 5.41 6.82 1.00 0.00
1.10 5.41 7.00 1.00 0.00
1.10 5.41 7.17 1.00 0.00
1.10 5.41 7.34 1.00 0.00
1.10 5.41 7.52 1.00 0.00
1.10 5.41 7.69 1.00 0.00
0.30 5.59 4.85 1.00 0.00
0.30 5.59 5.03 1.00 0.00
0.30 5.59 5.20 1.00 0.00
0.30 5.59 5.38 1.00 0.00
0.30 5.59 5.55 1.00 0.00
0.30 5.59 5.73 1.00 0.00
0.30 5.59 5.90 1.00 0.00
0.30 5.59 6.07 1.00 0.00
0.30 5.59 6.25 1.00 0.00
0.30 5.59 6.42 1.00 0.00
0.30 5.59 6.60 1.00 0.00
0.30 5.59 6.77 1.00 0.00
0.30 5.59 6.95 1.00 0.00
0.30 5.59 7.12 1.00 0.00
0.30 5.59 7.30 1.00 0.00
0.30 5.59 7.47 1.00 0.00
0.30 5.59 7.65 1.00 0.00
0.30 5.59 7.82 1.00 0.00
0.50 5.59 4.83 1.00 0.00
0.50 5.59 5.01 1.00 0.00
0.50 5.59 5.18 1.00 0.00
0.50 5.59 5.35 1.00 0.00
0.50 5.59 5.53 1.00 0.00
0.50 5.59 5.70 1.00 0.00
0.50 5.59 5.88 1.00 0.00
0.50 5.59 6.05 1.00 0.00
0.50 5.59 6.23 1.00 0.00
0.50 5.59 6.40 1.00 0.00
0.50 5.59 6.58 1.00 0.00
0.50 5.59 6.75 1.00 0.00
0.50 5.59 6.93 1.00 0.00
0.50 5.59 7.10 1.00 0.00
0.50 5.59 7.27 1.00 0.00
0.50 5.59 7.45 1.00 0.00
0.50 5.59 7.62 1.00 0.00
0.50 5.59 7.80 1.00 0.00
0.70 5.59 4.81 1.00 0.00
0.70 5.59 4.98 1.00 0.00
0.70 5.59 5.16 1.00 0.00
0.70 5.59 5.33 1.00 0.00
0.70 5.59 5.51 1.00 0.00
0.70 5.59 5.68 1.00 0.00
0.70 5.59 5.86 1.00 0.00
0.70 5.59 6.03 1.00 0.00
0.70 5.59 6.20 1.00 0.00
0.70 5.59 6.38 1.00 0.00
0.70 5.59 6.55 1.00 0.00
0.70 5.59 6.73 1.00 0.00
0.70 5.59 6.90 1.00 0.00
0.70 5.59 7.08 1.00 0.00
0.70 5.59 7.25 1.00 0.00
0.70 5.59 7.43 1.00 0.00
0.70 5.59 7.60 1.00 0.00
0.70 5.59 7.78 1.00 0.00
0.90 5.59 4.78 1.00 0.00
0.90 5.59 4.96 1.00 0.00
0.90 5.59 5.13 1.00 0.00
0.90 5.59 5.31 1.00 0.00
0.90 5.59 5.48 1.00 0.00
0.90 5.59 5.66 1.00 0.00
0.90 5.59 5.83 1.00 0.00
0.90 5.59 6.01 1.00 0.00
0.90 5.59 6.18 1.00 0.00
0.90 5.59 6.35 1.00 0.00
0.90 5.59 6.53 1.00 0.00
0.90 5.59 6.70 1.00 0.00
0.90 5.59 6.88 1.00 0.00
0.90 5.59 7.05 1.00 0.00
0.90 5.59 7.23 1.00 0.00
0.90 5.59 7.40 1.00 0.00
0.90 5.59 7.58 1.00 0.00
0.90 5.59 7.75 1.00 0.00
1.10 5.59 4.76 1.00 0.00
1.10 5.59 4.93 1.00 0.00
1.10 5.59 5.11 1.00 0.00
1.10 5.59 5.28 1.00 0.00
1.10 5.59 5.46 1.00 0.00
1.10 5.59 5.63 1.00 0.00
1.10 5.59 5.80 1.00 0.00
1.10 5.59 5.98 1.00 0.00
1.10 5.59 6.15 1.00 0.00
1.10 5.59 6.33 1.00 0.00
1.10 5.59 6.50 1.00 0.00
1.10 5.59 6.68 1.00 0.00
1.10 5.59 6.85 1.00 0.00
1.10 5.59 7.03 1.00 0.00
1.10 5.59 7.20 1.00 0.00
1.10 5.59 7.38 1.00 0.00
1.10 5.59 7.55 1.00 0.00
1.10 5.59 7.72 1.00 0.00
0.30 5.76 4.86 1.00 0.00
0.30 5.76 5.04 1.00 0.00
0.30 5.76 5.21 1.00 0.00
0.30 5.76 5.39 1.00 0.00
0.30 5.76 5.56 1.00 0.00
0.30 5.76 5.73 1.00 0.00
0.30 5.76 5.91 1.00 0.00
0.30 5.76 6.08 1.00 0.00
0.30 5.76 6.26 1.00 0.00
0.30 5.76 6.43 1.00 0.00
0.30 5.76 6.61 1.00 0.00
0.30 5.76 6.78 1.00 0.00
0.30 5.76 6.96 1.00 0.00
0.30 5.76 7.13 1.00 0.00
0.30 5.76 7.31 1.00 0.00
0.30 5.76 7.48 1.00 0.00
0.30 5.76 7.65 1.00 0.00
0.30 5.76 7.83 1.00 0.00
0.50 5.76 4.85 1.00 0.00
0.50 5.76 5.02 1.00 0.00
0.50 5.76 5.20 1.00 0.00
0.50 5.76 5.37 1.00 0.00
0.50 5.76 5.55 1.00 0.00
0.50 5.76 5.72 1.00 0.00
0.50 5.76 5.89 1.00 0.00
0.50 5.76 6.07 1.00 0.00
0.50 5.76 6.24 1.00 0.00
0.50 5.76 6.42 1.00 0.00
0.50 5.76 6.59 1.00 0.00
0.50 5.76 6.77 1.00 0.00
0.50 5.76 6.94 1.00 0.00
0.50 5.76 7.12 1.00 0.00
0.50 5.76 7.29 1.00 0.00
0.50 5.76 7.47 1.00 0.00
0.50 5.76 7.64 1.00 0.00
0.50 5.76 7.81 1.00 0.00
0.70 5.76 4.83 1.00 0.00
0.70 5.76 5.01 1.00 0.00
0.70 5.76 5.18 1.00 0.00
0.70 5.76 5.35 1.00 0.00
0.70 5.76 5.53 1.00 0.00
0.70 5.76 5.70 1.00 0.00
0.70 5.76 5.88 1.00 0.00
0.70 5.76 6.05 1.00 0.00
0.70 5.76 6.23 1.00 0.00
0.70 5.76 6.40 1.00 0.00
0.70 5.76 6.58 1.00 0.00
0.70 5.76 6.75 1.00 0.00
0.70 5.76 6.93 1.00 0.00
0.70 5.76 7.10 1.00 0.00
0.70 5.76 7.27 1.00 0.00
0.70 5.76 7.45 1.00 0.00
0.70 5.76 7.62 1.00 0.00
0.70 5.76 7.80 1.00 0.00
0.90 5.76 4.81 1.00 0.00
0.90 5.76 4.99 1.00 0.00
0.90 5.76 5.16 1.00 0.00
0.90 5.76 5.34 1.00 0.00
0.90 5.76 5.51 1.00 0.00
0.90 5.76 5.69 1.00 0.00
0.90 5.76 5.86 1.00 0.00
0.90 5.76 6.04 1.00 0.00
0.90 5.76 6.21 1.00 0.00
0.90 5.76 6.38 1.00 0.00
0.90 5.76 6.56 1.00 0.00
0.90 5.76 6.73 1.00 0.00
0.90 5.76 6.91 1.00 0.00
0.90 5.76 7.08 1.00 0.00
0.90 5.76 7.26 1.00 0.00
0.90 5.76 7.43 1.00 0.00
0.90 5.76 7.61 1.00 0.00
0.90 5.76 7.78 1.00 0.00
1.10 5.76 4.79 1.00 0.00
1.10 5.76 4.97 1.00 0.00
1.10 5.76 5.14 1.00 0.00
1.10 5.76 5.32 1.00 0.00
1.10 5.76 5.49 1.00 0.00
1.10 5.76 5.67 1.00 0.00
1.10 5.76 5.84 1.00 0.00
1.10 5.76 6.02 1.00 0.00
1.10 5.76 6.19 1.00 0.00
1.10 5.76 6.37 1.00 0.00
1.10 5.76 6.54 1.00 0.00
1.10 5.76 6.71 1.00 0.00
1.10 5.76 6.89 1.00 0.00
1.10 5.76 7.06 1.00 0.00
1.10 5.76 7.24 1.00 0.00
1.10 5.76 7.41 1.00 0.00
1.10 5.76 7.59 1.00 0.00
1.10 5.76 7.76 1.00 0.00
0.30 5.93 4.87 1.00 0.00
0.30 5.93 5.05 1.00 0.00
0.30 5.93 5.22 1.00 0.00
0.30 5.93 5.40 1.00 0.00
0.30 5.93 5.57 1.00 0.00
0.30 5.93 5.74 1.00 0.00
0.30 5.93 5.92 1.00 0.00
0.30 5.93 6.09 1.00 0.00
0.30 5.93 6.27 1.00 0.00
0.30 5.93 6.44 1.00 0.00
0.30 5.93 6.62 1.00 0.00
0.30 5.93 6.79 1.00 0.00
0.30 5.93 6.97 1.00 0.00
0.30 5.93 7.14 1.00 0.00
0.30 5.93 7.32 1.00 0.00
0.30 5.93 7.49 1.00 0.00
0.30 5.93 7.66 1.00 0.00
0.30 5.93 7.84 1.00 0.00
0.50 5.93 4.86 1.00 0.00
0.50 5.93 5.04 1.00 0.00
0.50 5.93 5.21 1.00 0.00
0.50 5.93 5.39 1.00 0.00
0.50 5.93 5.56 1.00 0.00
0.50 5.93 5.74 1.00 0.00
0.50 5.93 5.91 1.00 0.00
0.50 5.93 6.09 1.00 0.00
0.50 5.93 6.26 1.00 0.00
0.50 5.93 6.44 1.00 0.00
0.50 5.93 6.61 1.00 0.00
0.50 5.93 6.78 1.00 0.00
0.50 5.93 6.96 1.00 0.00
0.50 5.93 7.13 1.00 0.00
0.50 5.93 7.31 1.00 0.00
0.50 5.93 7.48 1.00 0.00
0.50 5.93 7.66 1.00 0.00
0.50 5.93 7.83 1.00 0.00
0.70 5.93 4.86 1.00 0.00
0.70 5.93 5.03 1.00 0.00
0.70 5.93 5.20 1.00 0.00
0.70 5.93 5.38 1.00 0.00
0.70 5.93 5.55 1.00 0.00
0.70 5.93 5.73 1.00 0.00
0.70 5.93 5.90 1.00 0.00
0.70 5.93 6.08 1.00 0.00
0.70 5.93 6.25 1.00 0.00
0.70 5.93 6.43 1.00 0.00
0.70 5.93 6.60 1.00 0.00
0.70 5.93 6.78 1.00 0.00
0.70 5.93 6.95 1.00 0.00
0.70 5.93 7.12 1.00 0.00
0.70 5.93 7.30 1.00 0.00
0.70 5.93 7.47 1.00 0.00
0.70 5.93 7.65 1.00 0.00
0.70 5.93 7.82 1.00 0.00
0.90 5.93 4.85 1.00 0.00
0.90 5.93 5.02 1.00 0.00
0.90 5.93 5.20 1.00 0.00
0.90 5.93 5.37 1.00 0.00
0.90 5.93 5.54 1.00 0.00
0.90 5.93 5.72 1.00 0.00
0.90 5.93 5.89 1.00 0.00
0.90 5.93 6.07 1.00 0.00
0.90 5.93 6.24 1.00 0.00
0.90 5.93 6.42 1.00 0.00
0.90 5.93 6.59 1.00 0.00
0.90 5.93 6.77 1.00 0.00
0.90 5.93 6.94 1.00 0.00
0.90 5.93 7.12 1.00 0.00
0.90 5.93 7.29 1.00 0.00
0.90 5.93 7.46 1.00 0.00
0.90 5.93 7.64 1.00 0.00
0.90 5.93 7.81 1.00 0.00
1.10 5.93 4.84 1.00 0.00
1.10 5.93 5.01 1.00 0.00
1.10 5.93 5.19 1.00 0.00
1.10 5.93 5.36 1.00 0.00
1.10 5.93 5.53 1.00 0.00
1.10 5.93 5.71 1.00 0.00
1.10 5.93 5.88 1.00 0.00
1.10 5.93 6.06 1.00 0.00
1.10 5.93 6.23 1.00 0.00
1.10 5.93 6.41 1.00 0.00
1.10 5.93 6.58 1.00 0.00
1.10 5.93 6.76 1.00 0.00
1.10 5.93 6.93 1.00 0.00
1.10 5.93 7.11 1.00 0.00
1.10 5.93 7.28 1.00 0.00
1.10 5.93 7.45 1.00 0.00
1.10 5.93 7.63 1.00 0.00
1.10 5.93 7.80 1.00 0.00
0.30 6.11 4.88 1.00 0.00
0.30 6.11 5.06 1.00 0.00
0.30 6.11 5.23 1.00 0.00
0.30 6.11 5.41 1.00 0.00
0.30 6.11 5.58 1.00 0.00
0.30 6.11 5.75 1.00 0.00
0.30 6.11 5.93 1.00 0.00
0.30 6.11 6.10 1.00 0.00
0.30 6.11 6.28 1.00 0.00
0.30 6.11 6.45 1.00 0.00
0.30 6.11 6.63 1.00 0.00
0.30 6.11 6.80 1.00 0.00
0.30 6.11 6.98 1.00 0.00
0.30 6.11 7.15 1.00 0.00
0.30 6.11 7.33 1.00 0.00
0.30 6.11 7.50 1.00 0.00
0.30 6.11 7.67 1.00 0.00
0.30 6.11 7.85 1.00 0.00
0.50 6.11 4.88 1.00 0.00
0.50 6.11 5.06 1.00 0.00
0.50 6.11 5.23 1.00 0.00
0.50 6.11 5.41 1.00 0.00
0.50 6.11 5.58 1.00 0.00
0.50 6.11 5.75 1.00 0.00
0.50 6.11 5.93 1.00 0.00
0.50 6.11 6.10 1.00 0.00
0.50 6.11 6.28 1.00 0.00
0.50 6.11 6.45 1.00 0.00
0.50 6.11 6.63 1.00 0.00
0.50 6.11 6.80 1.00 0.00
0.50 6.11 6.98 1.00 0.00
0.50 6.11 7.15 1.00 0.00
0.50 6.11 7.33 1.00 0.00
0.50 6.11 7.50 1.00 0.00
0.50 6.11 7.67 1.00 0.00
0.50 6.11 7.85 1.00 0.00
0.70 6.11 4.88 1.00 0.00
0.70 6.11 5.06 1.00 0.00
0.70 6.11 5.23 1.00 0.00
0.70 6.11 5.41 1.00 0.00
0.70 6.11 5.58 1.00 0.00
0.70 6.11 5.75 1.00 0.00
0.70 6.11 5.93 1.00 0.00
0.70 6.11 6.10 1.00 0.00
0.70 6.11 6.28 1.00 0.00
0.70 6.11 6.45 1.00 0.00
0.70 6.11 6.63 1.00 0.00
0.70 6.11 6.80 1.00 0.00
0.70 6.11 6.98 1.00 0.00
0.70 6.11 7.15 1.00 0.00
0.70 6.11 7.33 1.00 0.00
0.70 6.11 7.50 1.00 0.00
0.70 6.11 7.67 1.00 0.00
0.70 6.11 7.85 1.00 0.00
0.90 6.11 4.88 1.00 0.00
0.90 6.11 5.06 1.00 0.00
0.90 6.11 5.23 1.00 0.00
0.90 6.11 5.41 1.00 0.00
0.90 6.11 5.58 1.00 0.00
0.90 6.11 5.75 1.00 0.00
0.90 6.11 5.93 1.00 0.00
0.90 6.11 6.10 1.00 0.00
0.90 6.11 6.28 1.00 0.00
0.90 6.11 6.45 1.00 0.00
0.90 6.11 6.63 1.00 0.00
0.90 6.11 6.80 1.00 0.00
0.90 6.11 6.98 1.00 0.00
0.90 6.11 7.15 1.00 0.00
0.90 6.11 7.33 1.00 0.00
0.90 6.11 7.50 1.00 0.00
0.90 6.11 7.67 1.00 0.00
0.90 6.11 7.85 1.00 0.00
1.10 6.11 4.88 1.00 0.00
1.10 6.11 5.06 1.00 0.00
1.10 6.11 5.23 1.00 0.00
1.10 6.11 5.41 1.00 0.00
1.10 6.11 5.58 1.00 0.00
1.10 6.11 5.75 1.00 0.00
1.10 6.11 5.93 1.00 0.00
1.10 6.11 6.10 1.00 0.00
1.10 6.11 6.28 1.00 0.00
1.10 6.11 6.45 1.00 0.00
1.10 6.11 6.63 1.00 0.00
1.10 6.11 6.80 1.00 0.00
1.10 6.11 6.98 1.00 0.00
1.10 6.11 7.15 1.00 0.00
1.10 6.11 7.32 1.00 0.00
1.10 6.11 7.50 1.00 0.00
1.10 6.11 7.67 1.00 0.00
1.10 6.11 7.85 1.00 0.00
