2.76 0.10 -0.01
2.56 0.10 0.02
2.36 0.10 0.04
2.16 0.10 0.06
1.96 0.10 0.09
2.76 0.10 -0.06
2.56 0.10 -0.07
2.36 0.10 -0.08
2.16 0.10 -0.09
1.96 0.10 -0.10
2.76 0.10 -0.11
2.57 0.10 -0.16
2.37 0.10 -0.20
2.18 0.10 -0.25
1.98 0.10 -0.29
2.78 0.10 -0.16
2.60 0.10 -0.24
2.41 0.10 -0.32
2.23 0.10 -0.40
2.04 0.10 -0.48
2.80 0.10 -0.21
2.64 0.10 -0.32
2.47 0.10 -0.43
2.30 0.10 -0.54
2.13 0.10 -0.65
2.84 0.10 -0.25
2.69 0.10 -0.39
2.54 0.10 -0.52
2.40 0.10 -0.66
2.25 0.10 -0.80
2.87 0.10 -0.28
2.75 0.10 -0.44
2.63 0.10 -0.60
2.51 0.10 -0.76
2.39 0.10 -0.92
2.92 0.10 -0.31
2.83 0.10 -0.49
2.74 0.10 -0.67
2.65 0.10 -0.85
2.56 0.10 -1.03
2.97 0.10 -0.33
2.91 0.10 -0.52
2.85 0.10 -0.71
2.79 0.10 -0.91
2.74 0.10 -1.10
3.02 0.10 -0.34
3.00 0.10 -0.54
2.97 0.10 -0.74
2.95 0.10 -0.94
2.92 0.10 -1.14
3.07 0.10 -0.34
3.08 0.10 -0.54
3.09 0.10 -0.74
3.10 0.10 -0.94
3.11 0.10 -1.14
3.12 0.10 -0.34
3.17 0.10 -0.53
3.21 0.10 -0.73
3.26 0.10 -0.92
3.30 0.10 -1.12
3.17 0.10 -0.32
3.25 0.10 -0.50
3.33 0.10 -0.69
3.41 0.10 -0.87
3.49 0.10 -1.06
3.22 0.10 -0.30
3.33 0.10 -0.46
3.44 0.10 -0.63
3.55 0.10 -0.80
3.66 0.10 -0.97
3.26 0.10 -0.26
3.40 0.10 -0.41
3.53 0.10 -0.56
3.67 0.10 -0.70
3.81 0.10 -0.85
3.29 0.10 -0.22
3.45 0.10 -0.34
3.61 0.10 -0.46
3.77 0.10 -0.58
3.93 0.10 -0.70
3.32 0.10 -0.18
3.50 0.10 -0.27
3.68 0.10 -0.36
3.86 0.10 -0.45
4.04 0.10 -0.54
3.34 0.10 -0.13
3.53 0.10 -0.19
3.72 0.10 -0.25
3.92 0.10 -0.31
4.11 0.10 -0.36
3.35 0.10 -0.08
3.55 0.10 -0.10
3.75 0.10 -0.13
3.95 0.10 -0.15
4.15 0.10 -0.18
3.35 0.10 -0.03
3.55 0.10 -0.02
3.75 0.10 -0.01
3.95 0.10 0.00
4.15 0.10 0.02
3.35 0.10 0.02
3.54 0.10 0.07
3.74 0.10 0.11
3.93 0.10 0.16
4.13 0.10 0.20
3.33 0.10 0.07
3.51 0.10 0.15
3.70 0.10 0.23
3.88 0.10 0.31
4.07 0.10 0.39
3.31 0.10 0.12
3.47 0.10 0.23
3.64 0.10 0.34
3.81 0.10 0.45
3.98 0.10 0.56
3.27 0.10 0.16
3.42 0.10 0.30
3.57 0.10 0.43
3.71 0.10 0.57
3.86 0.10 0.71
3.24 0.10 0.20
3.36 0.10 0.36
3.48 0.10 0.52
3.60 0.10 0.68
3.72 0.10 0.84
3.19 0.10 0.22
3.28 0.10 0.40
3.37 0.10 0.58
3.46 0.10 0.76
3.55 0.10 0.94
3.14 0.10 0.24
3.20 0.10 0.43
3.26 0.10 0.63
3.32 0.10 0.82
3.37 0.10 1.01
3.09 0.10 0.25
3.12 0.10 0.45
3.14 0.10 0.65
3.16 0.10 0.85
3.19 0.10 1.05
3.04 0.10 0.26
3.03 0.10 0.45
3.02 0.10 0.65
3.01 0.10 0.85
3.00 0.10 1.05
2.99 0.10 0.25
2.94 0.10 0.44
2.90 0.10 0.64
2.85 0.10 0.83
2.81 0.10 1.03
2.94 0.10 0.23
2.86 0.10 0.42
2.78 0.10 0.60
2.70 0.10 0.78
2.62 0.10 0.97
2.89 0.10 0.21
2.78 0.10 0.37
2.67 0.10 0.54
2.56 0.10 0.71
2.45 0.10 0.88
2.85 0.10 0.17
2.71 0.10 0.32
2.58 0.10 0.47
2.44 0.10 0.61
2.30 0.10 0.76
2.82 0.10 0.14
2.66 0.10 0.26
2.50 0.10 0.38
2.34 0.10 0.50
2.18 0.10 0.62
2.79 0.10 0.09
2.61 0.10 0.18
2.43 0.10 0.27
2.25 0.10 0.36
2.07 0.10 0.45
2.77 0.10 0.04
2.58 0.10 0.10
2.39 0.10 0.16
2.19 0.10 0.22
2.00 0.10 0.28
