0.30 0.00 4.84 1.00 0.00
0.30 0.00 5.01 1.00 0.00
0.30 0.00 5.19 1.00 0.00
0.30 0.00 5.36 1.00 0.00
0.30 0.00 5.54 1.00 0.00
0.30 0.00 5.71 1.00 0.00
0.30 0.00 5.89 1.00 0.00
0.30 0.00 6.06 1.00 0.00
0.30 0.00 6.24 1.00 0.00
0.30 0.00 6.41 1.00 0.00
0.30 0.00 6.59 1.00 0.00
0.30 0.00 6.76 1.00 0.00
0.30 0.00 6.93 1.00 0.00
0.30 0.00 7.11 1.00 0.00
0.30 0.00 7.28 1.00 0.00
0.30 0.00 7.46 1.00 0.00
0.30 0.00 7.63 1.00 0.00
0.30 0.00 7.81 1.00 0.00
0.50 0.00 4.84 1.00 0.00
0.50 0.00 5.02 1.00 0.00
0.50 0.00 5.19 1.00 0.00
0.50 0.00 5.37 1.00 0.00
0.50 0.00 5.54 1.00 0.00
0.50 0.00 5.72 1.00 0.00
0.50 0.00 5.89 1.00 0.00
0.50 0.00 6.07 1.00 0.00
0.50 0.00 6.24 1.00 0.00
0.50 0.00 6.42 1.00 0.00
0.50 0.00 6.59 1.00 0.00
0.50 0.00 6.76 1.00 0.00
0.50 0.00 6.94 1.00 0.00
0.50 0.00 7.11 1.00 0.00
0.50 0.00 7.29 1.00 0.00
0.50 0.00 7.46 1.00 0.00
0.50 0.00 7.64 1.00 0.00
0.50 0.00 7.81 1.00 0.00
0.70 0.00 4.85 1.00 0.00
0.70 0.00 5.03 1.00 0.00
0.70 0.00 5.20 1.00 0.00
0.70 0.00 5.37 1.00 0.00
0.70 0.00 5.55 1.00 0.00
0.70 0.00 5.72 1.00 0.00
0.70 0.00 5.90 1.00 0.00
0.70 0.00 6.07 1.00 0.00
0.70 0.00 6.25 1.00 0.00
0.70 0.00 6.42 1.00 0.00
0.70 0.00 6.60 1.00 0.00
0.70 0.00 6.77 1.00 0.00
0.70 0.00 6.94 1.00 0.00
0.70 0.00 7.12 1.00 0.00
0.70 0.00 7.29 1.00 0.00
0.70 0.00 7.47 1.00 0.00
0.70 0.00 7.64 1.00 0.00
0.70 0.00 7.82 1.00 0.00
0.90 0.00 4.86 1.00 0.00
0.90 0.00 5.03 1.00 0.00
0.90 0.00 5.21 1.00 0.00
0.90 0.00 5.38 1.00 0.00
0.90 0.00 5.55 1.00 0.00
0.90 0.00 5.73 1.00 0.00
0.90 0.00 5.90 1.00 0.00
0.90 0.00 6.08 1.00 0.00
0.90 0.00 6.25 1.00 0.00
0.90 0.00 6.43 1.00 0.00
0.90 0.00 6.60 1.00 0.00
0.90 0.00 6.78 1.00 0.00
0.90 0.00 6.95 1.00 0.00
0.90 0.00 7.13 1.00 0.00
0.90 0.00 7.30 1.00 0.00
0.90 0.00 7.47 1.00 0.00
0.90 0.00 7.65 1.00 0.00
0.90 0.00 7.82 1.00 0.00
1.10 0.00 4.86 1.00 0.00
1.10 0.00 5.04 1.00 0.00
1.10 0.00 5.21 1.00 0.00
1.10 0.00 5.39 1.00 0.00
1.10 0.00 5.56 1.00 0.00
1.10 0.00 5.74 1.00 0.00
1.10 0.00 5.91 1.00 0.00
1.10 0.00 6.09 1.00 0.00
1.10 0.00 6.26 1.00 0.00
1.10 0.00 6.43 1.00 0.00
1.10 0.00 6.61 1.00 0.00
1.10 0.00 6.78 1.00 0.00
1.10 0.00 6.96 1.00 0.00
1.10 0.00 7.13 1.00 0.00
1.10 0.00 7.31 1.00 0.00
1.10 0.00 7.48 1.00 0.00
1.10 0.00 7.66 1.00 0.00
1.10 0.00 7.83 1.00 0.00
0.30 0.17 4.85 1.00 0.00
0.30 0.17 5.02 1.00 0.00
0.30 0.17 5.20 1.00 0.00
0.30 0.17 5.37 1.00 0.00
0.30 0.17 5.55 1.00 0.00
0.30 0.17 5.72 1.00 0.00
0.30 0.17 5.90 1.00 0.00
0.30 0.17 6.07 1.00 0.00
0.30 0.17 6.25 1.00 0.00
0.30 0.17 6.42 1.00 0.00
0.30 0.17 6.60 1.00 0.00
0.30 0.17 6.77 1.00 0.00
0.30 0.17 6.94 1.00 0.00
0.30 0.17 7.12 1.00 0.00
0.30 0.17 7.29 1.00 0.00
0.30 0.17 7.47 1.00 0.00
0.30 0.17 7.64 1.00 0.00
0.30 0.17 7.82 1.00 0.00
0.50 0.17 4.86 1.00 0.00
0.50 0.17 5.04 1.00 0.00
0.50 0.17 5.21 1.00 0.00
0.50 0.17 5.39 1.00 0.00
0.50 0.17 5.56 1.00 0.00
0.50 0.17 5.74 1.00 0.00
0.50 0.17 5.91 1.00 0.00
0.50 0.17 6.08 1.00 0.00
0.50 0.17 6.26 1.00 0.00
0.50 0.17 6.43 1.00 0.00
0.50 0.17 6.61 1.00 0.00
0.50 0.17 6.78 1.00 0.00
0.50 0.17 6.96 1.00 0.00
0.50 0.17 7.13 1.00 0.00
0.50 0.17 7.31 1.00 0.00
0.50 0.17 7.48 1.00 0.00
0.50 0.17 7.65 1.00 0.00
0.50 0.17 7.83 1.00 0.00
0.70 0.17 4.88 1.00 0.00
0.70 0.17 5.05 1.00 0.00
0.70 0.17 5.23 1.00 0.00
0.70 0.17 5.40 1.00 0.00
0.70 0.17 5.57 1.00 0.00
0.70 0.17 5.75 1.00 0.00
0.70 0.17 5.92 1.00 0.00
0.70 0.17 6.10 1.00 0.00
0.70 0.17 6.27 1.00 0.00
0.70 0.17 6.45 1.00 0.00
0.70 0.17 6.62 1.00 0.00
0.70 0.17 6.80 1.00 0.00
0.70 0.17 6.97 1.00 0.00
0.70 0.17 7.14 1.00 0.00
0.70 0.17 7.32 1.00 0.00
0.70 0.17 7.49 1.00 0.00
0.70 0.17 7.67 1.00 0.00
0.70 0.17 7.84 1.00 0.00
0.90 0.17 4.89 1.00 0.00
0.90 0.17 5.07 1.00 0.00
0.90 0.17 5.24 1.00 0.00
0.90 0.17 5.41 1.00 0.00
0.90 0.17 5.59 1.00 0.00
0.90 0.17 5.76 1.00 0.00
0.90 0.17 5.94 1.00 0.00
0.90 0.17 6.11 1.00 0.00
0.90 0.17 6.29 1.00 0.00
0.90 0.17 6.46 1.00 0.00
0.90 0.17 6.64 1.00 0.00
0.90 0.17 6.81 1.00 0.00
0.90 0.17 6.99 1.00 0.00
0.90 0.17 7.16 1.00 0.00
0.90 0.17 7.33 1.00 0.00
0.90 0.17 7.51 1.00 0.00
0.90 0.17 7.68 1.00 0.00
0.90 0.17 7.86 1.00 0.00
1.10 0.17 4.91 1.00 0.00
1.10 0.17 5.08 1.00 0.00
1.10 0.17 5.26 1.00 0.00
1.10 0.17 5.43 1.00 0.00
1.10 0.17 5.60 1.00 0.00
1.10 0.17 5.78 1.00 0.00
1.10 0.17 5.95 1.00 0.00
1.10 0.17 6.13 1.00 0.00
1.10 0.17 6.30 1.00 0.00
1.10 0.17 6.48 1.00 0.00
1.10 0.17 6.65 1.00 0.00
1.10 0.17 6.83 1.00 0.00
1.10 0.17 7.00 1.00 0.00
1.10 0.17 7.18 1.00 0.00
1.10 0.17 7.35 1.00 0.00
1.10 0.17 7.52 1.00 0.00
1.10 0.17 7.70 1.00 0.00
1.10 0.17 7.87 1.00 0.00
0.30 0.35 4.86 1.00 0.00
0.30 0.35 5.03 1.00 0.00
0.30 0.35 5.21 1.00 0.00
0.30 0.35 5.38 1.00 0.00
0.30 0.35 5.56 1.00 0.00
0.30 0.35 5.73 1.00 0.00
0.30 0.35 5.91 1.00 0.00
0.30 0.35 6.08 1.00 0.00
0.30 0.35 6.26 1.00 0.00
0.30 0.35 6.43 1.00 0.00
0.30 0.35 6.60 1.00 0.00
0.30 0.35 6.78 1.00 0.00
0.30 0.35 6.95 1.00 0.00
0.30 0.35 7.13 1.00 0.00
0.30 0.35 7.30 1.00 0.00
0.30 0.35 7.48 1.00 0.00
0.30 0.35 7.65 1.00 0.00
0.30 0.35 7.83 1.00 0.00
0.50 0.35 4.88 1.00 0.00
0.50 0.35 5.05 1.00 0.00
0.50 0.35 5.23 1.00 0.00
0.50 0.35 5.40 1.00 0.00
0.50 0.35 5.58 1.00 0.00
0.50 0.35 5.75 1.00 0.00
0.50 0.35 5.93 1.00 0.00
0.50 0.35 6.10 1.00 0.00
0.50 0.35 6.27 1.00 0.00
0.50 0.35 6.45 1.00 0.00
0.50 0.35 6.62 1.00 0.00
0.50 0.35 6.80 1.00 0.00
0.50 0.35 6.97 1.00 0.00
0.50 0.35 7.15 1.00 0.00
0.50 0.35 7.32 1.00 0.00
0.50 0.35 7.50 1.00 0.00
0.50 0.35 7.67 1.00 0.00
0.50 0.35 7.85 1.00 0.00
0.70 0.35 4.90 1.00 0.00
0.70 0.35 5.07 1.00 0.00
0.70 0.35 5.25 1.00 0.00
0.70 0.35 5.42 1.00 0.00
0.70 0.35 5.60 1.00 0.00
0.70 0.35 5.77 1.00 0.00
0.70 0.35 5.95 1.00 0.00
0.70 0.35 6.12 1.00 0.00
0.70 0.35 6.30 1.00 0.00
0.70 0.35 6.47 1.00 0.00
0.70 0.35 6.64 1.00 0.00
0.70 0.35 6.82 1.00 0.00
0.70 0.35 6.99 1.00 0.00
0.70 0.35 7.17 1.00 0.00
0.70 0.35 7.34 1.00 0.00
0.70 0.35 7.52 1.00 0.00
0.70 0.35 7.69 1.00 0.00
0.70 0.35 7.87 1.00 0.00
0.90 0.35 4.92 1.00 0.00
0.90 0.35 5.10 1.00 0.00
0.90 0.35 5.27 1.00 0.00
0.90 0.35 5.45 1.00 0.00
0.90 0.35 5.62 1.00 0.00
0.90 0.35 5.79 1.00 0.00
0.90 0.35 5.97 1.00 0.00
0.90 0.35 6.14 1.00 0.00
0.90 0.35 6.32 1.00 0.00
0.90 0.35 6.49 1.00 0.00
0.90 0.35 6.67 1.00 0.00
0.90 0.35 6.84 1.00 0.00
0.90 0.35 7.02 1.00 0.00
0.90 0.35 7.19 1.00 0.00
0.90 0.35 7.37 1.00 0.00
0.90 0.35 7.54 1.00 0.00
0.90 0.35 7.71 1.00 0.00
0.90 0.35 7.89 1.00 0.00
1.10 0.35 4.95 1.00 0.00
1.10 0.35 5.12 1.00 0.00
1.10 0.35 5.30 1.00 0.00
1.10 0.35 5.47 1.00 0.00
1.10 0.35 5.64 1.00 0.00
1.10 0.35 5.82 1.00 0.00
1.10 0.35 5.99 1.00 0.00
1.10 0.35 6.17 1.00 0.00
1.10 0.35 6.34 1.00 0.00
1.10 0.35 6.52 1.00 0.00
1.10 0.35 6.69 1.00 0.00
1.10 0.35 6.87 1.00 0.00
1.10 0.35 7.04 1.00 0.00
1.10 0.35 7.21 1.00 0.00
1.10 0.35 7.39 1.00 0.00
1.10 0.35 7.56 1.00 0.00
1.10 0.35 7.74 1.00 0.00
1.10 0.35 7.91 1.00 0.00
0.30 0.52 4.87 1.00 0.00
0.30 0.52 5.04 1.00 0.00
0.30 0.52 5.22 1.00 0.00
0.30 0.52 5.39 1.00 0.00
0.30 0.52 5.57 1.00 0.00
0.30 0.52 5.74 1.00 0.00
0.30 0.52 5.92 1.00 0.00
0.30 0.52 6.09 1.00 0.00
0.30 0.52 6.26 1.00 0.00
0.30 0.52 6.44 1.00 0.00
0.30 0.52 6.61 1.00 0.00
0.30 0.52 6.79 1.00 0.00
0.30 0.52 6.96 1.00 0.00
0.30 0.52 7.14 1.00 0.00
0.30 0.52 7.31 1.00 0.00
0.30 0.52 7.49 1.00 0.00
0.30 0.52 7.66 1.00 0.00
0.30 0.52 7.83 1.00 0.00
0.50 0.52 4.89 1.00 0.00
0.50 0.52 5.07 1.00 0.00
0.50 0.52 5.24 1.00 0.00
0.50 0.52 5.42 1.00 0.00
0.50 0.52 5.59 1.00 0.00
0.50 0.52 5.77 1.00 0.00
0.50 0.52 5.94 1.00 0.00
0.50 0.52 6.11 1.00 0.00
0.50 0.52 6.29 1.00 0.00
0.50 0.52 6.46 1.00 0.00
0.50 0.52 6.64 1.00 0.00
0.50 0.52 6.81 1.00 0.00
0.50 0.52 6.99 1.00 0.00
0.50 0.52 7.16 1.00 0.00
0.50 0.52 7.34 1.00 0.00
0.50 0.52 7.51 1.00 0.00
0.50 0.52 7.69 1.00 0.00
0.50 0.52 7.86 1.00 0.00
0.70 0.52 4.92 1.00 0.00
0.70 0.52 5.09 1.00 0.00
0.70 0.52 5.27 1.00 0.00
0.70 0.52 5.44 1.00 0.00
0.70 0.52 5.62 1.00 0.00
0.70 0.52 5.79 1.00 0.00
0.70 0.52 5.97 1.00 0.00
0.70 0.52 6.14 1.00 0.00
0.70 0.52 6.32 1.00 0.00
0.70 0.52 6.49 1.00 0.00
0.70 0.52 6.67 1.00 0.00
0.70 0.52 6.84 1.00 0.00
0.70 0.52 7.01 1.00 0.00
0.70 0.52 7.19 1.00 0.00
0.70 0.52 7.36 1.00 0.00
0.70 0.52 7.54 1.00 0.00
0.70 0.52 7.71 1.00 0.00
0.70 0.52 7.89 1.00 0.00
0.90 0.52 4.95 1.00 0.00
0.90 0.52 5.12 1.00 0.00
0.90 0.52 5.30 1.00 0.00
0.90 0.52 5.47 1.00 0.00
0.90 0.52 5.65 1.00 0.00
0.90 0.52 5.82 1.00 0.00
0.90 0.52 6.00 1.00 0.00
0.90 0.52 6.17 1.00 0.00
0.90 0.52 6.35 1.00 0.00
0.90 0.52 6.52 1.00 0.00
0.90 0.52 6.69 1.00 0.00
0.90 0.52 6.87 1.00 0.00
0.90 0.52 7.04 1.00 0.00
0.90 0.52 7.22 1.00 0.00
0.90 0.52 7.39 1.00 0.00
0.90 0.52 7.57 1.00 0.00
0.90 0.52 7.74 1.00 0.00
0.90 0.52 7.92 1.00 0.00
1.10 0.52 4.98 1.00 0.00
1.10 0.52 5.15 1.00 0.00
1.10 0.52 5.33 1.00 0.00
1.10 0.52 5.50 1.00 0.00
1.10 0.52 5.68 1.00 0.00
1.10 0.52 5.85 1.00 0.00
1.10 0.52 6.03 1.00 0.00
1.10 0.52 6.20 1.00 0.00
1.10 0.52 6.38 1.00 0.00
1.10 0.52 6.55 1.00 0.00
1.10 0.52 6.72 1.00 0.00
1.10 0.52 6.90 1.00 0.00
1.10 0.52 7.07 1.00 0.00
1.10 0.52 7.25 1.00 0.00
1.10 0.52 7.42 1.00 0.00
1.10 0.52 7.60 1.00 0.00
1.10 0.52 7.77 1.00 0.00
1.10 0.52 7.95 1.00 0.00
0.30 0.70 4.88 1.00 0.00
0.30 0.70 5.05 1.00 0.00
0.30 0.70 5.22 1.00 0.00
0.30 0.70 5.40 1.00 0.00
0.30 0.70 5.57 1.00 0.00
0.30 0.70 5.75 1.00 0.00
0.30 0.70 5.92 1.00 0.00
0.30 0.70 6.10 1.00 0.00
0.30 0.70 6.27 1.00 0.00
0.30 0.70 6.45 1.00 0.00
0.30 0.70 6.62 1.00 0.00
0.30 0.70 6.79 1.00 0.00
0.30 0.70 6.97 1.00 0.00
0.30 0.70 7.14 1.00 0.00
0.30 0.70 7.32 1.00 0.00
0.30 0.70 7.49 1.00 0.00
0.30 0.70 7.67 1.00 0.00
0.30 0.70 7.84 1.00 0.00
0.50 0.70 4.91 1.00 0.00
0.50 0.70 5.08 1.00 0.00
0.50 0.70 5.25 1.00 0.00
0.50 0.70 5.43 1.00 0.00
0.50 0.70 5.60 1.00 0.00
0.50 0.70 5.78 1.00 0.00
0.50 0.70 5.95 1.00 0.00
0.50 0.70 6.13 1.00 0.00
0.50 0.70 6.30 1.00 0.00
0.50 0.70 6.48 1.00 0.00
0.50 0.70 6.65 1.00 0.00
0.50 0.70 6.83 1.00 0.00
0.50 0.70 7.00 1.00 0.00
0.50 0.70 7.17 1.00 0.00
0.50 0.70 7.35 1.00 0.00
0.50 0.70 7.52 1.00 0.00
0.50 0.70 7.70 1.00 0.00
0.50 0.70 7.87 1.00 0.00
0.70 0.70 4.94 1.00 0.00
0.70 0.70 5.11 1.00 0.00
0.70 0.70 5.29 1.00 0.00
0.70 0.70 5.46 1.00 0.00
0.70 0.70 5.64 1.00 0.00
0.70 0.70 5.81 1.00 0.00
0.70 0.70 5.98 1.00 0.00
0.70 0.70 6.16 1.00 0.00
0.70 0.70 6.33 1.00 0.00
0.70 0.70 6.51 1.00 0.00
0.70 0.70 6.68 1.00 0.00
0.70 0.70 6.86 1.00 0.00
0.70 0.70 7.03 1.00 0.00
0.70 0.70 7.21 1.00 0.00
0.70 0.70 7.38 1.00 0.00
0.70 0.70 7.56 1.00 0.00
0.70 0.70 7.73 1.00 0.00
0.70 0.70 7.90 1.00 0.00
0.90 0.70 4.97 1.00 0.00
0.90 0.70 5.15 1.00 0.00
0.90 0.70 5.32 1.00 0.00
0.90 0.70 5.49 1.00 0.00
0.90 0.70 5.67 1.00 0.00
0.90 0.70 5.84 1.00 0.00
0.90 0.70 6.02 1.00 0.00
0.90 0.70 6.19 1.00 0.00
0.90 0.70 6.37 1.00 0.00
0.90 0.70 6.54 1.00 0.00
0.90 0.70 6.72 1.00 0.00
0.90 0.70 6.89 1.00 0.00
0.90 0.70 7.06 1.00 0.00
0.90 0.70 7.24 1.00 0.00
0.90 0.70 7.41 1.00 0.00
0.90 0.70 7.59 1.00 0.00
0.90 0.70 7.76 1.00 0.00
0.90 0.70 7.94 1.00 0.00
1.10 0.70 5.01 1.00 0.00
1.10 0.70 5.18 1.00 0.00
1.10 0.70 5.35 1.00 0.00
1.10 0.70 5.53 1.00 0.00
1.10 0.70 5.70 1.00 0.00
1.10 0.70 5.88 1.00 0.00
1.10 0.70 6.05 1.00 0.00
1.10 0.70 6.23 1.00 0.00
1.10 0.70 6.40 1.00 0.00
1.10 0.70 6.58 1.00 0.00
1.10 0.70 6.75 1.00 0.00
1.10 0.70 6.93 1.00 0.00
1.10 0.70 7.10 1.00 0.00
1.10 0.70 7.27 1.00 0.00
1.10 0.70 7.45 1.00 0.00
1.10 0.70 7.62 1.00 0.00
1.10 0.70 7.80 1.00 0.00
1.10 0.70 7.97 1.00 0.00
0.30 0.87 4.88 1.00 0.00
0.30 0.87 5.06 1.00 0.00
0.30 0.87 5.23 1.00 0.00
0.30 0.87 5.40 1.00 0.00
0.30 0.87 5.58 1.00 0.00
0.30 0.87 5.75 1.00 0.00
0.30 0.87 5.93 1.00 0.00
0.30 0.87 6.10 1.00 0.00
0.30 0.87 6.28 1.00 0.00
0.30 0.87 6.45 1.00 0.00
0.30 0.87 6.63 1.00 0.00
0.30 0.87 6.80 1.00 0.00
0.30 0.87 6.98 1.00 0.00
0.30 0.87 7.15 1.00 0.00
0.30 0.87 7.32 1.00 0.00
0.30 0.87 7.50 1.00 0.00
0.30 0.87 7.67 1.00 0.00
0.30 0.87 7.85 1.00 0.00
0.50 0.87 4.91 1.00 0.00
0.50 0.87 5.09 1.00 0.00
0.50 0.87 5.26 1.00 0.00
0.50 0.87 5.44 1.00 0.00
0.50 0.87 5.61 1.00 0.00
0.50 0.87 5.79 1.00 0.00
0.50 0.87 5.96 1.00 0.00
0.50 0.87 6.14 1.00 0.00
0.50 0.87 6.31 1.00 0.00
0.50 0.87 6.49 1.00 0.00
0.50 0.87 6.66 1.00 0.00
0.50 0.87 6.83 1.00 0.00
0.50 0.87 7.01 1.00 0.00
0.50 0.87 7.18 1.00 0.00
0.50 0.87 7.36 1.00 0.00
0.50 0.87 7.53 1.00 0.00
0.50 0.87 7.71 1.00 0.00
0.50 0.87 7.88 1.00 0.00
0.70 0.87 4.95 1.00 0.00
0.70 0.87 5.12 1.00 0.00
0.70 0.87 5.30 1.00 0.00
0.70 0.87 5.47 1.00 0.00
0.70 0.87 5.65 1.00 0.00
0.70 0.87 5.82 1.00 0.00
0.70 0.87 6.00 1.00 0.00
0.70 0.87 6.17 1.00 0.00
0.70 0.87 6.35 1.00 0.00
0.70 0.87 6.52 1.00 0.00
0.70 0.87 6.70 1.00 0.00
0.70 0.87 6.87 1.00 0.00
0.70 0.87 7.04 1.00 0.00
0.70 0.87 7.22 1.00 0.00
0.70 0.87 7.39 1.00 0.00
0.70 0.87 7.57 1.00 0.00
0.70 0.87 7.74 1.00 0.00
0.70 0.87 7.92 1.00 0.00
0.90 0.87 4.99 1.00 0.00
0.90 0.87 5.16 1.00 0.00
0.90 0.87 5.34 1.00 0.00
0.90 0.87 5.51 1.00 0.00
0.90 0.87 5.68 1.00 0.00
0.90 0.87 5.86 1.00 0.00
0.90 0.87 6.03 1.00 0.00
0.90 0.87 6.21 1.00 0.00
0.90 0.87 6.38 1.00 0.00
0.90 0.87 6.56 1.00 0.00
0.90 0.87 6.73 1.00 0.00
0.90 0.87 6.91 1.00 0.00
0.90 0.87 7.08 1.00 0.00
0.90 0.87 7.26 1.00 0.00
0.90 0.87 7.43 1.00 0.00
0.90 0.87 7.60 1.00 0.00
0.90 0.87 7.78 1.00 0.00
0.90 0.87 7.95 1.00 0.00
1.10 0.87 5.02 1.00 0.00
1.10 0.87 5.20 1.00 0.00
1.10 0.87 5.37 1.00 0.00
1.10 0.87 5.55 1.00 0.00
1.10 0.87 5.72 1.00 0.00
1.10 0.87 5.90 1.00 0.00
1.10 0.87 6.07 1.00 0.00
1.10 0.87 6.25 1.00 0.00
1.10 0.87 6.42 1.00 0.00
1.10 0.87 6.60 1.00 0.00
1.10 0.87 6.77 1.00 0.00
1.10 0.87 6.94 1.00 0.00
1.10 0.87 7.12 1.00 0.00
1.10 0.87 7.29 1.00 0.00
1.10 0.87 7.47 1.00 0.00
1.10 0.87 7.64 1.00 0.00
1.10 0.87 7.82 1.00 0.00
1.10 0.87 7.99 1.00 0.00
0.30 1.05 4.89 1.00 0.00
0.30 1.05 5.06 1.00 0.00
0.30 1.05 5.23 1.00 0.00
0.30 1.05 5.41 1.00 0.00
0.30 1.05 5.58 1.00 0.00
0.30 1.05 5.76 1.00 0.00
0.30 1.05 5.93 1.00 0.00
0.30 1.05 6.11 1.00 0.00
0.30 1.05 6.28 1.00 0.00
0.30 1.05 6.46 1.00 0.00
0.30 1.05 6.63 1.00 0.00
0.30 1.05 6.81 1.00 0.00
0.30 1.05 6.98 1.00 0.00
0.30 1.05 7.15 1.00 0.00
0.30 1.05 7.33 1.00 0.00
0.30 1.05 7.50 1.00 0.00
0.30 1.05 7.68 1.00 0.00
0.30 1.05 7.85 1.00 0.00
0.50 1.05 4.92 1.00 0.00
0.50 1.05 5.10 1.00 0.00
0.50 1.05 5.27 1.00 0.00
0.50 1.05 5.45 1.00 0.00
0.50 1.05 5.62 1.00 0.00
0.50 1.05 5.79 1.00 0.00
0.50 1.05 5.97 1.00 0.00
0.50 1.05 6.14 1.00 0.00
0.50 1.05 6.32 1.00 0.00
0.50 1.05 6.49 1.00 0.00
0.50 1.05 6.67 1.00 0.00
0.50 1.05 6.84 1.00 0.00
0.50 1.05 7.02 1.00 0.00
0.50 1.05 7.19 1.00 0.00
0.50 1.05 7.37 1.00 0.00
0.50 1.05 7.54 1.00 0.00
0.50 1.05 7.71 1.00 0.00
0.50 1.05 7.89 1.00 0.00
0.70 1.05 4.96 1.00 0.00
0.70 1.05 5.13 1.00 0.00
0.70 1.05 5.31 1.00 0.00
0.70 1.05 5.48 1.00 0.00
0.70 1.05 5.66 1.00 0.00
0.70 1.05 5.83 1.00 0.00
0.70 1.05 6.01 1.00 0.00
0.70 1.05 6.18 1.00 0.00
0.70 1.05 6.36 1.00 0.00
0.70 1.05 6.53 1.00 0.00
0.70 1.05 6.70 1.00 0.00
0.70 1.05 6.88 1.00 0.00
0.70 1.05 7.05 1.00 0.00
0.70 1.05 7.23 1.00 0.00
0.70 1.05 7.40 1.00 0.00
0.70 1.05 7.58 1.00 0.00
0.70 1.05 7.75 1.00 0.00
0.70 1.05 7.93 1.00 0.00
0.90 1.05 5.00 1.00 0.00
0.90 1.05 5.17 1.00 0.00
0.90 1.05 5.35 1.00 0.00
0.90 1.05 5.52 1.00 0.00
0.90 1.05 5.69 1.00 0.00
0.90 1.05 5.87 1.00 0.00
0.90 1.05 6.04 1.00 0.00
0.90 1.05 6.22 1.00 0.00
0.90 1.05 6.39 1.00 0.00
0.90 1.05 6.57 1.00 0.00
0.90 1.05 6.74 1.00 0.00
0.90 1.05 6.92 1.00 0.00
0.90 1.05 7.09 1.00 0.00
0.90 1.05 7.27 1.00 0.00
0.90 1.05 7.44 1.00 0.00
0.90 1.05 7.61 1.00 0.00
0.90 1.05 7.79 1.00 0.00
0.90 1.05 7.96 1.00 0.00
1.10 1.05 5.04 1.00 0.00
1.10 1.05 5.21 1.00 0.00
1.10 1.05 5.38 1.00 0.00
1.10 1.05 5.56 1.00 0.00
1.10 1.05 5.73 1.00 0.00
1.10 1.05 5.91 1.00 0.00
1.10 1.05 6.08 1.00 0.00
1.10 1.05 6.26 1.00 0.00
1.10 1.05 6.43 1.00 0.00
1.10 1.05 6.61 1.00 0.00
1.10 1.05 6.78 1.00 0.00
1.10 1.05 6.96 1.00 0.00
1.10 1.05 7.13 1.00 0.00
1.10 1.05 7.30 1.00 0.00
1.10 1.05 7.48 1.00 0.00
1.10 1.05 7.65 1.00 0.00
1.10 1.05 7.83 1.00 0.00
1.10 1.05 8.00 1.00 0.00
0.30 1.22 4.89 1.00 0.00
0.30 1.22 5.06 1.00 0.00
0.30 1.22 5.24 1.00 0.00
0.30 1.22 5.41 1.00 0.00
0.30 1.22 5.59 1.00 0.00
0.30 1.22 5.76 1.00 0.00
0.30 1.22 5.94 1.00 0.00
0.30 1.22 6.11 1.00 0.00
0.30 1.22 6.28 1.00 0.00
0.30 1.22 6.46 1.00 0.00
0.30 1.22 6.63 1.00 0.00
0.30 1.22 6.81 1.00 0.00
0.30 1.22 6.98 1.00 0.00
0.30 1.22 7.16 1.00 0.00
0.30 1.22 7.33 1.00 0.00
0.30 1.22 7.51 1.00 0.00
0.30 1.22 7.68 1.00 0.00
0.30 1.22 7.85 1.00 0.00
0.50 1.22 4.93 1.00 0.00
0.50 1.22 5.10 1.00 0.00
0.50 1.22 5.27 1.00 0.00
0.50 1.22 5.45 1.00 0.00
0.50 1.22 5.62 1.00 0.00
0.50 1.22 5.80 1.00 0.00
0.50 1.22 5.97 1.00 0.00
0.50 1.22 6.15 1.00 0.00
0.50 1.22 6.32 1.00 0.00
0.50 1.22 6.50 1.00 0.00
0.50 1.22 6.67 1.00 0.00
0.50 1.22 6.85 1.00 0.00
0.50 1.22 7.02 1.00 0.00
0.50 1.22 7.19 1.00 0.00
0.50 1.22 7.37 1.00 0.00
0.50 1.22 7.54 1.00 0.00
0.50 1.22 7.72 1.00 0.00
0.50 1.22 7.89 1.00 0.00
0.70 1.22 4.96 1.00 0.00
0.70 1.22 5.14 1.00 0.00
0.70 1.22 5.31 1.00 0.00
0.70 1.22 5.49 1.00 0.00
0.70 1.22 5.66 1.00 0.00
0.70 1.22 5.84 1.00 0.00
0.70 1.22 6.01 1.00 0.00
0.70 1.22 6.18 1.00 0.00
0.70 1.22 6.36 1.00 0.00
0.70 1.22 6.53 1.00 0.00
0.70 1.22 6.71 1.00 0.00
0.70 1.22 6.88 1.00 0.00
0.70 1.22 7.06 1.00 0.00
0.70 1.22 7.23 1.00 0.00
0.70 1.22 7.41 1.00 0.00
0.70 1.22 7.58 1.00 0.00
0.70 1.22 7.76 1.00 0.00
0.70 1.22 7.93 1.00 0.00
0.90 1.22 5.00 1.00 0.00
0.90 1.22 5.18 1.00 0.00
0.90 1.22 5.35 1.00 0.00
0.90 1.22 5.52 1.00 0.00
0.90 1.22 5.70 1.00 0.00
0.90 1.22 5.87 1.00 0.00
0.90 1.22 6.05 1.00 0.00
0.90 1.22 6.22 1.00 0.00
0.90 1.22 6.40 1.00 0.00
0.90 1.22 6.57 1.00 0.00
0.90 1.22 6.75 1.00 0.00
0.90 1.22 6.92 1.00 0.00
0.90 1.22 7.10 1.00 0.00
0.90 1.22 7.27 1.00 0.00
0.90 1.22 7.44 1.00 0.00
0.90 1.22 7.62 1.00 0.00
0.90 1.22 7.79 1.00 0.00
0.90 1.22 7.97 1.00 0.00
1.10 1.22 5.04 1.00 0.00
1.10 1.22 5.21 1.00 0.00
1.10 1.22 5.39 1.00 0.00
1.10 1.22 5.56 1.00 0.00
1.10 1.22 5.74 1.00 0.00
1.10 1.22 5.91 1.00 0.00
1.10 1.22 6.09 1.00 0.00
1.10 1.22 6.26 1.00 0.00
1.10 1.22 6.44 1.00 0.00
1.10 1.22 6.61 1.00 0.00
1.10 1.22 6.79 1.00 0.00
1.10 1.22 6.96 1.00 0.00
1.10 1.22 7.13 1.00 0.00
1.10 1.22 7.31 1.00 0.00
1.10 1.22 7.48 1.00 0.00
1.10 1.22 7.66 1.00 0.00
1.10 1.22 7.83 1.00 0.00
1.10 1.22 8.01 1.00 0.00
0.30 1.40 4.89 1.00 0.00
0.30 1.40 5.06 1.00 0.00
0.30 1.40 5.24 1.00 0.00
0.30 1.40 5.41 1.00 0.00
0.30 1.40 5.59 1.00 0.00
0.30 1.40 5.76 1.00 0.00
0.30 1.40 5.94 1.00 0.00
0.30 1.40 6.11 1.00 0.00
0.30 1.40 6.28 1.00 0.00
0.30 1.40 6.46 1.00 0.00
0.30 1.40 6.63 1.00 0.00
0.30 1.40 6.81 1.00 0.00
0.30 1.40 6.98 1.00 0.00
0.30 1.40 7.16 1.00 0.00
0.30 1.40 7.33 1.00 0.00
0.30 1.40 7.51 1.00 0.00
0.30 1.40 7.68 1.00 0.00
0.30 1.40 7.86 1.00 0.00
0.50 1.40 4.93 1.00 0.00
0.50 1.40 5.10 1.00 0.00
0.50 1.40 5.28 1.00 0.00
0.50 1.40 5.45 1.00 0.00
0.50 1.40 5.62 1.00 0.00
0.50 1.40 5.80 1.00 0.00
0.50 1.40 5.97 1.00 0.00
0.50 1.40 6.15 1.00 0.00
0.50 1.40 6.32 1.00 0.00
0.50 1.40 6.50 1.00 0.00
0.50 1.40 6.67 1.00 0.00
0.50 1.40 6.85 1.00 0.00
0.50 1.40 7.02 1.00 0.00
0.50 1.40 7.20 1.00 0.00
0.50 1.40 7.37 1.00 0.00
0.50 1.40 7.54 1.00 0.00
0.50 1.40 7.72 1.00 0.00
0.50 1.40 7.89 1.00 0.00
0.70 1.40 4.96 1.00 0.00
0.70 1.40 5.14 1.00 0.00
0.70 1.40 5.31 1.00 0.00
0.70 1.40 5.49 1.00 0.00
0.70 1.40 5.66 1.00 0.00
0.70 1.40 5.84 1.00 0.00
0.70 1.40 6.01 1.00 0.00
0.70 1.40 6.19 1.00 0.00
0.70 1.40 6.36 1.00 0.00
0.70 1.40 6.53 1.00 0.00
0.70 1.40 6.71 1.00 0.00
0.70 1.40 6.88 1.00 0.00
0.70 1.40 7.06 1.00 0.00
0.70 1.40 7.23 1.00 0.00
0.70 1.40 7.41 1.00 0.00
0.70 1.40 7.58 1.00 0.00
0.70 1.40 7.76 1.00 0.00
0.70 1.40 7.93 1.00 0.00
0.90 1.40 5.00 1.00 0.00
0.90 1.40 5.18 1.00 0.00
0.90 1.40 5.35 1.00 0.00
0.90 1.40 5.52 1.00 0.00
0.90 1.40 5.70 1.00 0.00
0.90 1.40 5.87 1.00 0.00
0.90 1.40 6.05 1.00 0.00
0.90 1.40 6.22 1.00 0.00
0.90 1.40 6.40 1.00 0.00
0.90 1.40 6.57 1.00 0.00
0.90 1.40 6.75 1.00 0.00
0.90 1.40 6.92 1.00 0.00
0.90 1.40 7.09 1.00 0.00
0.90 1.40 7.27 1.00 0.00
0.90 1.40 7.44 1.00 0.00
0.90 1.40 7.62 1.00 0.00
0.90 1.40 7.79 1.00 0.00
0.90 1.40 7.97 1.00 0.00
1.10 1.40 5.04 1.00 0.00
1.10 1.40 5.21 1.00 0.00
1.10 1.40 5.39 1.00 0.00
1.10 1.40 5.56 1.00 0.00
1.10 1.40 5.74 1.00 0.00
1.10 1.40 5.91 1.00 0.00
1.10 1.40 6.08 1.00 0.00
1.10 1.40 6.26 1.00 0.00
1.10 1.40 6.43 1.00 0.00
1.10 1.40 6.61 1.00 0.00
1.10 1.40 6.78 1.00 0.00
1.10 1.40 6.96 1.00 0.00
1.10 1.40 7.13 1.00 0.00
1.10 1.40 7.31 1.00 0.00
1.10 1.40 7.48 1.00 0.00
1.10 1.40 7.66 1.00 0.00
1.10 1.40 7.83 1.00 0.00
1.10 1.40 8.00 1.00 0.00
0.30 1.57 4.89 1.00 0.00
0.30 1.57 5.06 1.00 0.00
0.30 1.57 5.24 1.00 0.00
0.30 1.57 5.41 1.00 0.00
0.30 1.57 5.59 1.00 0.00
0.30 1.57 5.76 1.00 0.00
0.30 1.57 5.94 1.00 0.00
0.30 1.57 6.11 1.00 0.00
0.30 1.57 6.28 1.00 0.00
0.30 1.57 6.46 1.00 0.00
0.30 1.57 6.63 1.00 0.00
0.30 1.57 6.81 1.00 0.00
0.30 1.57 6.98 1.00 0.00
0.30 1.57 7.16 1.00 0.00
0.30 1.57 7.33 1.00 0.00
0.30 1.57 7.51 1.00 0.00
0.30 1.57 7.68 1.00 0.00
0.30 1.57 7.85 1.00 0.00
0.50 1.57 4.92 1.00 0.00
0.50 1.57 5.10 1.00 0.00
0.50 1.57 5.27 1.00 0.00
0.50 1.57 5.45 1.00 0.00
0.50 1.57 5.62 1.00 0.00
0.50 1.57 5.80 1.00 0.00
0.50 1.57 5.97 1.00 0.00
0.50 1.57 6.15 1.00 0.00
0.50 1.57 6.32 1.00 0.00
0.50 1.57 6.49 1.00 0.00
0.50 1.57 6.67 1.00 0.00
0.50 1.57 6.84 1.00 0.00
0.50 1.57 7.02 1.00 0.00
0.50 1.57 7.19 1.00 0.00
0.50 1.57 7.37 1.00 0.00
0.50 1.57 7.54 1.00 0.00
0.50 1.57 7.72 1.00 0.00
0.50 1.57 7.89 1.00 0.00
0.70 1.57 4.96 1.00 0.00
0.70 1.57 5.13 1.00 0.00
0.70 1.57 5.31 1.00 0.00
0.70 1.57 5.48 1.00 0.00
0.70 1.57 5.66 1.00 0.00
0.70 1.57 5.83 1.00 0.00
0.70 1.57 6.01 1.00 0.00
0.70 1.57 6.18 1.00 0.00
0.70 1.57 6.36 1.00 0.00
0.70 1.57 6.53 1.00 0.00
0.70 1.57 6.71 1.00 0.00
0.70 1.57 6.88 1.00 0.00
0.70 1.57 7.05 1.00 0.00
0.70 1.57 7.23 1.00 0.00
0.70 1.57 7.40 1.00 0.00
0.70 1.57 7.58 1.00 0.00
0.70 1.57 7.75 1.00 0.00
0.70 1.57 7.93 1.00 0.00
0.90 1.57 4.99 1.00 0.00
0.90 1.57 5.17 1.00 0.00
0.90 1.57 5.34 1.00 0.00
0.90 1.57 5.52 1.00 0.00
0.90 1.57 5.69 1.00 0.00
0.90 1.57 5.87 1.00 0.00
0.90 1.57 6.04 1.00 0.00
0.90 1.57 6.22 1.00 0.00
0.90 1.57 6.39 1.00 0.00
0.90 1.57 6.57 1.00 0.00
0.90 1.57 6.74 1.00 0.00
0.90 1.57 6.91 1.00 0.00
0.90 1.57 7.09 1.00 0.00
0.90 1.57 7.26 1.00 0.00
0.90 1.57 7.44 1.00 0.00
0.90 1.57 7.61 1.00 0.00
0.90 1.57 7.79 1.00 0.00
0.90 1.57 7.96 1.00 0.00
1.10 1.57 5.03 1.00 0.00
1.10 1.57 5.20 1.00 0.00
1.10 1.57 5.38 1.00 0.00
1.10 1.57 5.55 1.00 0.00
1.10 1.57 5.73 1.00 0.00
1.10 1.57 5.90 1.00 0.00
1.10 1.57 6.08 1.00 0.00
1.10 1.57 6.25 1.00 0.00
1.10 1.57 6.43 1.00 0.00
1.10 1.57 6.60 1.00 0.00
1.10 1.57 6.77 1.00 0.00
1.10 1.57 6.95 1.00 0.00
1.10 1.57 7.12 1.00 0.00
1.10 1.57 7.30 1.00 0.00
1.10 1.57 7.47 1.00 0.00
1.10 1.57 7.65 1.00 0.00
1.10 1.57 7.82 1.00 0.00
1.10 1.57 8.00 1.00 0.00
0.30 1.75 4.89 1.00 0.00
0.30 1.75 5.06 1.00 0.00
0.30 1.75 5.23 1.00 0.00
0.30 1.75 5.41 1.00 0.00
0.30 1.75 5.58 1.00 0.00
0.30 1.75 5.76 1.00 0.00
0.30 1.75 5.93 1.00 0.00
0.30 1.75 6.11 1.00 0.00
0.30 1.75 6.28 1.00 0.00
0.30 1.75 6.46 1.00 0.00
0.30 1.75 6.63 1.00 0.00
0.30 1.75 6.81 1.00 0.00
0.30 1.75 6.98 1.00 0.00
0.30 1.75 7.15 1.00 0.00
0.30 1.75 7.33 1.00 0.00
0.30 1.75 7.50 1.00 0.00
0.30 1.75 7.68 1.00 0.00
0.30 1.75 7.85 1.00 0.00
0.50 1.75 4.92 1.00 0.00
0.50 1.75 5.09 1.00 0.00
0.50 1.75 5.27 1.00 0.00
0.50 1.75 5.44 1.00 0.00
0.50 1.75 5.62 1.00 0.00
0.50 1.75 5.79 1.00 0.00
0.50 1.75 5.97 1.00 0.00
0.50 1.75 6.14 1.00 0.00
0.50 1.75 6.32 1.00 0.00
0.50 1.75 6.49 1.00 0.00
0.50 1.75 6.66 1.00 0.00
0.50 1.75 6.84 1.00 0.00
0.50 1.75 7.01 1.00 0.00
0.50 1.75 7.19 1.00 0.00
0.50 1.75 7.36 1.00 0.00
0.50 1.75 7.54 1.00 0.00
0.50 1.75 7.71 1.00 0.00
0.50 1.75 7.89 1.00 0.00
0.70 1.75 4.95 1.00 0.00
0.70 1.75 5.13 1.00 0.00
0.70 1.75 5.30 1.00 0.00
0.70 1.75 5.48 1.00 0.00
0.70 1.75 5.65 1.00 0.00
0.70 1.75 5.83 1.00 0.00
0.70 1.75 6.00 1.00 0.00
0.70 1.75 6.17 1.00 0.00
0.70 1.75 6.35 1.00 0.00
0.70 1.75 6.52 1.00 0.00
0.70 1.75 6.70 1.00 0.00
0.70 1.75 6.87 1.00 0.00
0.70 1.75 7.05 1.00 0.00
0.70 1.75 7.22 1.00 0.00
0.70 1.75 7.40 1.00 0.00
0.70 1.75 7.57 1.00 0.00
0.70 1.75 7.75 1.00 0.00
0.70 1.75 7.92 1.00 0.00
0.90 1.75 4.98 1.00 0.00
0.90 1.75 5.16 1.00 0.00
0.90 1.75 5.33 1.00 0.00
0.90 1.75 5.51 1.00 0.00
0.90 1.75 5.68 1.00 0.00
0.90 1.75 5.86 1.00 0.00
0.90 1.75 6.03 1.00 0.00
0.90 1.75 6.21 1.00 0.00
0.90 1.75 6.38 1.00 0.00
0.90 1.75 6.56 1.00 0.00
0.90 1.75 6.73 1.00 0.00
0.90 1.75 6.90 1.00 0.00
0.90 1.75 7.08 1.00 0.00
0.90 1.75 7.25 1.00 0.00
0.90 1.75 7.43 1.00 0.00
0.90 1.75 7.60 1.00 0.00
0.90 1.75 7.78 1.00 0.00
0.90 1.75 7.95 1.00 0.00
1.10 1.75 5.02 1.00 0.00
1.10 1.75 5.19 1.00 0.00
1.10 1.75 5.37 1.00 0.00
1.10 1.75 5.54 1.00 0.00
1.10 1.75 5.71 1.00 0.00
1.10 1.75 5.89 1.00 0.00
1.10 1.75 6.06 1.00 0.00
1.10 1.75 6.24 1.00 0.00
1.10 1.75 6.41 1.00 0.00
1.10 1.75 6.59 1.00 0.00
1.10 1.75 6.76 1.00 0.00
1.10 1.75 6.94 1.00 0.00
1.10 1.75 7.11 1.00 0.00
1.10 1.75 7.29 1.00 0.00
1.10 1.75 7.46 1.00 0.00
1.10 1.75 7.63 1.00 0.00
1.10 1.75 7.81 1.00 0.00
1.10 1.75 7.98 1.00 0.00
0.30 1.92 4.88 1.00 0.00
0.30 1.92 5.06 1.00 0.00
0.30 1.92 5.23 1.00 0.00
0.30 1.92 5.40 1.00 0.00
0.30 1.92 5.58 1.00 0.00
0.30 1.92 5.75 1.00 0.00
0.30 1.92 5.93 1.00 0.00
0.30 1.92 6.10 1.00 0.00
0.30 1.92 6.28 1.00 0.00
0.30 1.92 6.45 1.00 0.00
0.30 1.92 6.63 1.00 0.00
0.30 1.92 6.80 1.00 0.00
0.30 1.92 6.98 1.00 0.00
0.30 1.92 7.15 1.00 0.00
0.30 1.92 7.32 1.00 0.00
0.30 1.92 7.50 1.00 0.00
0.30 1.92 7.67 1.00 0.00
0.30 1.92 7.85 1.00 0.00
0.50 1.92 4.91 1.00 0.00
0.50 1.92 5.09 1.00 0.00
0.50 1.92 5.26 1.00 0.00
0.50 1.92 5.44 1.00 0.00
0.50 1.92 5.61 1.00 0.00
0.50 1.92 5.79 1.00 0.00
0.50 1.92 5.96 1.00 0.00
0.50 1.92 6.13 1.00 0.00
0.50 1.92 6.31 1.00 0.00
0.50 1.92 6.48 1.00 0.00
0.50 1.92 6.66 1.00 0.00
0.50 1.92 6.83 1.00 0.00
0.50 1.92 7.01 1.00 0.00
0.50 1.92 7.18 1.00 0.00
0.50 1.92 7.36 1.00 0.00
0.50 1.92 7.53 1.00 0.00
0.50 1.92 7.70 1.00 0.00
0.50 1.92 7.88 1.00 0.00
0.70 1.92 4.94 1.00 0.00
0.70 1.92 5.12 1.00 0.00
0.70 1.92 5.29 1.00 0.00
0.70 1.92 5.47 1.00 0.00
0.70 1.92 5.64 1.00 0.00
0.70 1.92 5.82 1.00 0.00
0.70 1.92 5.99 1.00 0.00
0.70 1.92 6.16 1.00 0.00
0.70 1.92 6.34 1.00 0.00
0.70 1.92 6.51 1.00 0.00
0.70 1.92 6.69 1.00 0.00
0.70 1.92 6.86 1.00 0.00
0.70 1.92 7.04 1.00 0.00
0.70 1.92 7.21 1.00 0.00
0.70 1.92 7.39 1.00 0.00
0.70 1.92 7.56 1.00 0.00
0.70 1.92 7.73 1.00 0.00
0.70 1.92 7.91 1.00 0.00
0.90 1.92 4.97 1.00 0.00
0.90 1.92 5.15 1.00 0.00
0.90 1.92 5.32 1.00 0.00
0.90 1.92 5.49 1.00 0.00
0.90 1.92 5.67 1.00 0.00
0.90 1.92 5.84 1.00 0.00
0.90 1.92 6.02 1.00 0.00
0.90 1.92 6.19 1.00 0.00
0.90 1.92 6.37 1.00 0.00
0.90 1.92 6.54 1.00 0.00
0.90 1.92 6.72 1.00 0.00
0.90 1.92 6.89 1.00 0.00
0.90 1.92 7.07 1.00 0.00
0.90 1.92 7.24 1.00 0.00
0.90 1.92 7.41 1.00 0.00
0.90 1.92 7.59 1.00 0.00
0.90 1.92 7.76 1.00 0.00
0.90 1.92 7.94 1.00 0.00
1.10 1.92 5.00 1.00 0.00
1.10 1.92 5.17 1.00 0.00
1.10 1.92 5.35 1.00 0.00
1.10 1.92 5.52 1.00 0.00
1.10 1.92 5.70 1.00 0.00
1.10 1.92 5.87 1.00 0.00
1.10 1.92 6.05 1.00 0.00
1.10 1.92 6.22 1.00 0.00
1.10 1.92 6.40 1.00 0.00
1.10 1.92 6.57 1.00 0.00
1.10 1.92 6.74 1.00 0.00
1.10 1.92 6.92 1.00 0.00
1.10 1.92 7.09 1.00 0.00
1.10 1.92 7.27 1.00 0.00
1.10 1.92 7.44 1.00 0.00
1.10 1.92 7.62 1.00 0.00
1.10 1.92 7.79 1.00 0.00
1.10 1.92 7.97 1.00 0.00
0.30 2.09 4.88 1.00 0.00
0.30 2.09 5.05 1.00 0.00
0.30 2.09 5.23 1.00 0.00
0.30 2.09 5.40 1.00 0.00
0.30 2.09 5.57 1.00 0.00
0.30 2.09 5.75 1.00 0.00
0.30 2.09 5.92 1.00 0.00
0.30 2.09 6.10 1.00 0.00
0.30 2.09 6.27 1.00 0.00
0.30 2.09 6.45 1.00 0.00
0.30 2.09 6.62 1.00 0.00
0.30 2.09 6.80 1.00 0.00
0.30 2.09 6.97 1.00 0.00
0.30 2.09 7.14 1.00 0.00
0.30 2.09 7.32 1.00 0.00
0.30 2.09 7.49 1.00 0.00
0.30 2.09 7.67 1.00 0.00
0.30 2.09 7.84 1.00 0.00
0.50 2.09 4.90 1.00 0.00
0.50 2.09 5.08 1.00 0.00
0.50 2.09 5.25 1.00 0.00
0.50 2.09 5.43 1.00 0.00
0.50 2.09 5.60 1.00 0.00
0.50 2.09 5.78 1.00 0.00
0.50 2.09 5.95 1.00 0.00
0.50 2.09 6.12 1.00 0.00
0.50 2.09 6.30 1.00 0.00
0.50 2.09 6.47 1.00 0.00
0.50 2.09 6.65 1.00 0.00
0.50 2.09 6.82 1.00 0.00
0.50 2.09 7.00 1.00 0.00
0.50 2.09 7.17 1.00 0.00
0.50 2.09 7.35 1.00 0.00
0.50 2.09 7.52 1.00 0.00
0.50 2.09 7.70 1.00 0.00
0.50 2.09 7.87 1.00 0.00
0.70 2.09 4.93 1.00 0.00
0.70 2.09 5.10 1.00 0.00
0.70 2.09 5.28 1.00 0.00
0.70 2.09 5.45 1.00 0.00
0.70 2.09 5.63 1.00 0.00
0.70 2.09 5.80 1.00 0.00
0.70 2.09 5.98 1.00 0.00
0.70 2.09 6.15 1.00 0.00
0.70 2.09 6.33 1.00 0.00
0.70 2.09 6.50 1.00 0.00
0.70 2.09 6.67 1.00 0.00
0.70 2.09 6.85 1.00 0.00
0.70 2.09 7.02 1.00 0.00
0.70 2.09 7.20 1.00 0.00
0.70 2.09 7.37 1.00 0.00
0.70 2.09 7.55 1.00 0.00
0.70 2.09 7.72 1.00 0.00
0.70 2.09 7.90 1.00 0.00
0.90 2.09 4.95 1.00 0.00
0.90 2.09 5.13 1.00 0.00
0.90 2.09 5.30 1.00 0.00
0.90 2.09 5.48 1.00 0.00
0.90 2.09 5.65 1.00 0.00
0.90 2.09 5.83 1.00 0.00
0.90 2.09 6.00 1.00 0.00
0.90 2.09 6.18 1.00 0.00
0.90 2.09 6.35 1.00 0.00
0.90 2.09 6.53 1.00 0.00
0.90 2.09 6.70 1.00 0.00
0.90 2.09 6.87 1.00 0.00
0.90 2.09 7.05 1.00 0.00
0.90 2.09 7.22 1.00 0.00
0.90 2.09 7.40 1.00 0.00
0.90 2.09 7.57 1.00 0.00
0.90 2.09 7.75 1.00 0.00
0.90 2.09 7.92 1.00 0.00
1.10 2.09 4.98 1.00 0.00
1.10 2.09 5.15 1.00 0.00
1.10 2.09 5.33 1.00 0.00
1.10 2.09 5.50 1.00 0.00
1.10 2.09 5.68 1.00 0.00
1.10 2.09 5.85 1.00 0.00
1.10 2.09 6.03 1.00 0.00
1.10 2.09 6.20 1.00 0.00
1.10 2.09 6.37 1.00 0.00
1.10 2.09 6.55 1.00 0.00
1.10 2.09 6.72 1.00 0.00
1.10 2.09 6.90 1.00 0.00
1.10 2.09 7.07 1.00 0.00
1.10 2.09 7.25 1.00 0.00
1.10 2.09 7.42 1.00 0.00
1.10 2.09 7.60 1.00 0.00
1.10 2.09 7.77 1.00 0.00
1.10 2.09 7.95 1.00 0.00
0.30 2.27 4.87 1.00 0.00
0.30 2.27 5.04 1.00 0.00
0.30 2.27 5.22 1.00 0.00
0.30 2.27 5.39 1.00 0.00
0.30 2.27 5.57 1.00 0.00
0.30 2.27 5.74 1.00 0.00
0.30 2.27 5.92 1.00 0.00
0.30 2.27 6.09 1.00 0.00
0.30 2.27 6.27 1.00 0.00
0.30 2.27 6.44 1.00 0.00
0.30 2.27 6.61 1.00 0.00
0.30 2.27 6.79 1.00 0.00
0.30 2.27 6.96 1.00 0.00
0.30 2.27 7.14 1.00 0.00
0.30 2.27 7.31 1.00 0.00
0.30 2.27 7.49 1.00 0.00
0.30 2.27 7.66 1.00 0.00
0.30 2.27 7.84 1.00 0.00
0.50 2.27 4.89 1.00 0.00
0.50 2.27 5.07 1.00 0.00
0.50 2.27 5.24 1.00 0.00
0.50 2.27 5.42 1.00 0.00
0.50 2.27 5.59 1.00 0.00
0.50 2.27 5.76 1.00 0.00
0.50 2.27 5.94 1.00 0.00
0.50 2.27 6.11 1.00 0.00
0.50 2.27 6.29 1.00 0.00
0.50 2.27 6.46 1.00 0.00
0.50 2.27 6.64 1.00 0.00
0.50 2.27 6.81 1.00 0.00
0.50 2.27 6.99 1.00 0.00
0.50 2.27 7.16 1.00 0.00
0.50 2.27 7.34 1.00 0.00
0.50 2.27 7.51 1.00 0.00
0.50 2.27 7.68 1.00 0.00
0.50 2.27 7.86 1.00 0.00
0.70 2.27 4.91 1.00 0.00
0.70 2.27 5.09 1.00 0.00
0.70 2.27 5.26 1.00 0.00
0.70 2.27 5.44 1.00 0.00
0.70 2.27 5.61 1.00 0.00
0.70 2.27 5.79 1.00 0.00
0.70 2.27 5.96 1.00 0.00
0.70 2.27 6.14 1.00 0.00
0.70 2.27 6.31 1.00 0.00
0.70 2.27 6.48 1.00 0.00
0.70 2.27 6.66 1.00 0.00
0.70 2.27 6.83 1.00 0.00
0.70 2.27 7.01 1.00 0.00
0.70 2.27 7.18 1.00 0.00
0.70 2.27 7.36 1.00 0.00
0.70 2.27 7.53 1.00 0.00
0.70 2.27 7.71 1.00 0.00
0.70 2.27 7.88 1.00 0.00
0.90 2.27 4.93 1.00 0.00
0.90 2.27 5.11 1.00 0.00
0.90 2.27 5.28 1.00 0.00
0.90 2.27 5.46 1.00 0.00
0.90 2.27 5.63 1.00 0.00
0.90 2.27 5.81 1.00 0.00
0.90 2.27 5.98 1.00 0.00
0.90 2.27 6.16 1.00 0.00
0.90 2.27 6.33 1.00 0.00
0.90 2.27 6.51 1.00 0.00
0.90 2.27 6.68 1.00 0.00
0.90 2.27 6.85 1.00 0.00
0.90 2.27 7.03 1.00 0.00
0.90 2.27 7.20 1.00 0.00
0.90 2.27 7.38 1.00 0.00
0.90 2.27 7.55 1.00 0.00
0.90 2.27 7.73 1.00 0.00
0.90 2.27 7.90 1.00 0.00
1.10 2.27 4.95 1.00 0.00
1.10 2.27 5.13 1.00 0.00
1.10 2.27 5.30 1.00 0.00
1.10 2.27 5.48 1.00 0.00
1.10 2.27 5.65 1.00 0.00
1.10 2.27 5.83 1.00 0.00
1.10 2.27 6.00 1.00 0.00
1.10 2.27 6.18 1.00 0.00
1.10 2.27 6.35 1.00 0.00
1.10 2.27 6.53 1.00 0.00
1.10 2.27 6.70 1.00 0.00
1.10 2.27 6.87 1.00 0.00
1.10 2.27 7.05 1.00 0.00
1.10 2.27 7.22 1.00 0.00
1.10 2.27 7.40 1.00 0.00
1.10 2.27 7.57 1.00 0.00
1.10 2.27 7.75 1.00 0.00
1.10 2.27 7.92 1.00 0.00
0.30 2.44 4.86 1.00 0.00
0.30 2.44 5.04 1.00 0.00
0.30 2.44 5.21 1.00 0.00
0.30 2.44 5.39 1.00 0.00
0.30 2.44 5.56 1.00 0.00
0.30 2.44 5.73 1.00 0.00
0.30 2.44 5.91 1.00 0.00
0.30 2.44 6.08 1.00 0.00
0.30 2.44 6.26 1.00 0.00
0.30 2.44 6.43 1.00 0.00
0.30 2.44 6.61 1.00 0.00
0.30 2.44 6.78 1.00 0.00
0.30 2.44 6.96 1.00 0.00
0.30 2.44 7.13 1.00 0.00
0.30 2.44 7.31 1.00 0.00
0.30 2.44 7.48 1.00 0.00
0.30 2.44 7.65 1.00 0.00
0.30 2.44 7.83 1.00 0.00
0.50 2.44 4.88 1.00 0.00
0.50 2.44 5.05 1.00 0.00
0.50 2.44 5.23 1.00 0.00
0.50 2.44 5.40 1.00 0.00
0.50 2.44 5.58 1.00 0.00
0.50 2.44 5.75 1.00 0.00
0.50 2.44 5.93 1.00 0.00
0.50 2.44 6.10 1.00 0.00
0.50 2.44 6.28 1.00 0.00
0.50 2.44 6.45 1.00 0.00
0.50 2.44 6.63 1.00 0.00
0.50 2.44 6.80 1.00 0.00
0.50 2.44 6.97 1.00 0.00
0.50 2.44 7.15 1.00 0.00
0.50 2.44 7.32 1.00 0.00
0.50 2.44 7.50 1.00 0.00
0.50 2.44 7.67 1.00 0.00
0.50 2.44 7.85 1.00 0.00
0.70 2.44 4.90 1.00 0.00
0.70 2.44 5.07 1.00 0.00
0.70 2.44 5.25 1.00 0.00
0.70 2.44 5.42 1.00 0.00
0.70 2.44 5.60 1.00 0.00
0.70 2.44 5.77 1.00 0.00
0.70 2.44 5.94 1.00 0.00
0.70 2.44 6.12 1.00 0.00
0.70 2.44 6.29 1.00 0.00
0.70 2.44 6.47 1.00 0.00
0.70 2.44 6.64 1.00 0.00
0.70 2.44 6.82 1.00 0.00
0.70 2.44 6.99 1.00 0.00
0.70 2.44 7.17 1.00 0.00
0.70 2.44 7.34 1.00 0.00
0.70 2.44 7.51 1.00 0.00
0.70 2.44 7.69 1.00 0.00
0.70 2.44 7.86 1.00 0.00
0.90 2.44 4.91 1.00 0.00
0.90 2.44 5.09 1.00 0.00
0.90 2.44 5.26 1.00 0.00
0.90 2.44 5.44 1.00 0.00
0.90 2.44 5.61 1.00 0.00
0.90 2.44 5.79 1.00 0.00
0.90 2.44 5.96 1.00 0.00
0.90 2.44 6.13 1.00 0.00
0.90 2.44 6.31 1.00 0.00
0.90 2.44 6.48 1.00 0.00
0.90 2.44 6.66 1.00 0.00
0.90 2.44 6.83 1.00 0.00
0.90 2.44 7.01 1.00 0.00
0.90 2.44 7.18 1.00 0.00
0.90 2.44 7.36 1.00 0.00
0.90 2.44 7.53 1.00 0.00
0.90 2.44 7.71 1.00 0.00
0.90 2.44 7.88 1.00 0.00
1.10 2.44 4.93 1.00 0.00
1.10 2.44 5.10 1.00 0.00
1.10 2.44 5.28 1.00 0.00
1.10 2.44 5.45 1.00 0.00
1.10 2.44 5.63 1.00 0.00
1.10 2.44 5.80 1.00 0.00
1.10 2.44 5.98 1.00 0.00
1.10 2.44 6.15 1.00 0.00
1.10 2.44 6.32 1.00 0.00
1.10 2.44 6.50 1.00 0.00
1.10 2.44 6.67 1.00 0.00
1.10 2.44 6.85 1.00 0.00
1.10 2.44 7.02 1.00 0.00
1.10 2.44 7.20 1.00 0.00
1.10 2.44 7.37 1.00 0.00
1.10 2.44 7.55 1.00 0.00
1.10 2.44 7.72 1.00 0.00
1.10 2.44 7.90 1.00 0.00
0.30 2.62 4.85 1.00 0.00
0.30 2.62 5.03 1.00 0.00
0.30 2.62 5.20 1.00 0.00
0.30 2.62 5.38 1.00 0.00
0.30 2.62 5.55 1.00 0.00
0.30 2.62 5.73 1.00 0.00
0.30 2.62 5.90 1.00 0.00
0.30 2.62 6.08 1.00 0.00
0.30 2.62 6.25 1.00 0.00
0.30 2.62 6.42 1.00 0.00
0.30 2.62 6.60 1.00 0.00
0.30 2.62 6.77 1.00 0.00
0.30 2.62 6.95 1.00 0.00
0.30 2.62 7.12 1.00 0.00
0.30 2.62 7.30 1.00 0.00
0.30 2.62 7.47 1.00 0.00
0.30 2.62 7.65 1.00 0.00
0.30 2.62 7.82 1.00 0.00
0.50 2.62 4.87 1.00 0.00
0.50 2.62 5.04 1.00 0.00
0.50 2.62 5.22 1.00 0.00
0.50 2.62 5.39 1.00 0.00
0.50 2.62 5.56 1.00 0.00
0.50 2.62 5.74 1.00 0.00
0.50 2.62 5.91 1.00 0.00
0.50 2.62 6.09 1.00 0.00
0.50 2.62 6.26 1.00 0.00
0.50 2.62 6.44 1.00 0.00
0.50 2.62 6.61 1.00 0.00
0.50 2.62 6.79 1.00 0.00
0.50 2.62 6.96 1.00 0.00
0.50 2.62 7.14 1.00 0.00
0.50 2.62 7.31 1.00 0.00
0.50 2.62 7.48 1.00 0.00
0.50 2.62 7.66 1.00 0.00
0.50 2.62 7.83 1.00 0.00
0.70 2.62 4.88 1.00 0.00
0.70 2.62 5.05 1.00 0.00
0.70 2.62 5.23 1.00 0.00
0.70 2.62 5.40 1.00 0.00
0.70 2.62 5.58 1.00 0.00
0.70 2.62 5.75 1.00 0.00
0.70 2.62 5.93 1.00 0.00
0.70 2.62 6.10 1.00 0.00
0.70 2.62 6.27 1.00 0.00
0.70 2.62 6.45 1.00 0.00
0.70 2.62 6.62 1.00 0.00
0.70 2.62 6.80 1.00 0.00
0.70 2.62 6.97 1.00 0.00
0.70 2.62 7.15 1.00 0.00
0.70 2.62 7.32 1.00 0.00
0.70 2.62 7.50 1.00 0.00
0.70 2.62 7.67 1.00 0.00
0.70 2.62 7.85 1.00 0.00
0.90 2.62 4.89 1.00 0.00
0.90 2.62 5.06 1.00 0.00
0.90 2.62 5.24 1.00 0.00
0.90 2.62 5.41 1.00 0.00
0.90 2.62 5.59 1.00 0.00
0.90 2.62 5.76 1.00 0.00
0.90 2.62 5.94 1.00 0.00
0.90 2.62 6.11 1.00 0.00
0.90 2.62 6.29 1.00 0.00
0.90 2.62 6.46 1.00 0.00
0.90 2.62 6.64 1.00 0.00
0.90 2.62 6.81 1.00 0.00
0.90 2.62 6.98 1.00 0.00
0.90 2.62 7.16 1.00 0.00
0.90 2.62 7.33 1.00 0.00
0.90 2.62 7.51 1.00 0.00
0.90 2.62 7.68 1.00 0.00
0.90 2.62 7.86 1.00 0.00
1.10 2.62 4.90 1.00 0.00
1.10 2.62 5.07 1.00 0.00
1.10 2.62 5.25 1.00 0.00
1.10 2.62 5.42 1.00 0.00
1.10 2.62 5.60 1.00 0.00
1.10 2.62 5.77 1.00 0.00
1.10 2.62 5.95 1.00 0.00
1.10 2.62 6.12 1.00 0.00
1.10 2.62 6.30 1.00 0.00
1.10 2.62 6.47 1.00 0.00
1.10 2.62 6.65 1.00 0.00
1.10 2.62 6.82 1.00 0.00
1.10 2.62 6.99 1.00 0.00
1.10 2.62 7.17 1.00 0.00
1.10 2.62 7.34 1.00 0.00
1.10 2.62 7.52 1.00 0.00
1.10 2.62 7.69 1.00 0.00
1.10 2.62 7.87 1.00 0.00
0.30 2.79 4.84 1.00 0.00
0.30 2.79 5.02 1.00 0.00
0.30 2.79 5.19 1.00 0.00
0.30 2.79 5.37 1.00 0.00
0.30 2.79 5.54 1.00 0.00
0.30 2.79 5.72 1.00 0.00
0.30 2.79 5.89 1.00 0.00
0.30 2.79 6.07 1.00 0.00
0.30 2.79 6.24 1.00 0.00
0.30 2.79 6.42 1.00 0.00
0.30 2.79 6.59 1.00 0.00
0.30 2.79 6.76 1.00 0.00
0.30 2.79 6.94 1.00 0.00
0.30 2.79 7.11 1.00 0.00
0.30 2.79 7.29 1.00 0.00
0.30 2.79 7.46 1.00 0.00
0.30 2.79 7.64 1.00 0.00
0.30 2.79 7.81 1.00 0.00
0.50 2.79 4.85 1.00 0.00
0.50 2.79 5.03 1.00 0.00
0.50 2.79 5.20 1.00 0.00
0.50 2.79 5.38 1.00 0.00
0.50 2.79 5.55 1.00 0.00
0.50 2.79 5.72 1.00 0.00
0.50 2.79 5.90 1.00 0.00
0.50 2.79 6.07 1.00 0.00
0.50 2.79 6.25 1.00 0.00
0.50 2.79 6.42 1.00 0.00
0.50 2.79 6.60 1.00 0.00
0.50 2.79 6.77 1.00 0.00
0.50 2.79 6.95 1.00 0.00
0.50 2.79 7.12 1.00 0.00
0.50 2.79 7.30 1.00 0.00
0.50 2.79 7.47 1.00 0.00
0.50 2.79 7.64 1.00 0.00
0.50 2.79 7.82 1.00 0.00
0.70 2.79 4.86 1.00 0.00
0.70 2.79 5.03 1.00 0.00
0.70 2.79 5.21 1.00 0.00
0.70 2.79 5.38 1.00 0.00
0.70 2.79 5.56 1.00 0.00
0.70 2.79 5.73 1.00 0.00
0.70 2.79 5.91 1.00 0.00
0.70 2.79 6.08 1.00 0.00
0.70 2.79 6.26 1.00 0.00
0.70 2.79 6.43 1.00 0.00
0.70 2.79 6.60 1.00 0.00
0.70 2.79 6.78 1.00 0.00
0.70 2.79 6.95 1.00 0.00
0.70 2.79 7.13 1.00 0.00
0.70 2.79 7.30 1.00 0.00
0.70 2.79 7.48 1.00 0.00
0.70 2.79 7.65 1.00 0.00
0.70 2.79 7.83 1.00 0.00
0.90 2.79 4.87 1.00 0.00
0.90 2.79 5.04 1.00 0.00
0.90 2.79 5.21 1.00 0.00
0.90 2.79 5.39 1.00 0.00
0.90 2.79 5.56 1.00 0.00
0.90 2.79 5.74 1.00 0.00
0.90 2.79 5.91 1.00 0.00
0.90 2.79 6.09 1.00 0.00
0.90 2.79 6.26 1.00 0.00
0.90 2.79 6.44 1.00 0.00
0.90 2.79 6.61 1.00 0.00
0.90 2.79 6.79 1.00 0.00
0.90 2.79 6.96 1.00 0.00
0.90 2.79 7.13 1.00 0.00
0.90 2.79 7.31 1.00 0.00
0.90 2.79 7.48 1.00 0.00
0.90 2.79 7.66 1.00 0.00
0.90 2.79 7.83 1.00 0.00
1.10 2.79 4.87 1.00 0.00
1.10 2.79 5.05 1.00 0.00
1.10 2.79 5.22 1.00 0.00
1.10 2.79 5.40 1.00 0.00
1.10 2.79 5.57 1.00 0.00
1.10 2.79 5.74 1.00 0.00
1.10 2.79 5.92 1.00 0.00
1.10 2.79 6.09 1.00 0.00
1.10 2.79 6.27 1.00 0.00
1.10 2.79 6.44 1.00 0.00
1.10 2.79 6.62 1.00 0.00
1.10 2.79 6.79 1.00 0.00
1.10 2.79 6.97 1.00 0.00
1.10 2.79 7.14 1.00 0.00
1.10 2.79 7.31 1.00 0.00
1.10 2.79 7.49 1.00 0.00
1.10 2.79 7.66 1.00 0.00
1.10 2.79 7.84 1.00 0.00
0.30 2.97 4.84 1.00 0.00
0.30 2.97 5.01 1.00 0.00
0.30 2.97 5.18 1.00 0.00
0.30 2.97 5.36 1.00 0.00
0.30 2.97 5.53 1.00 0.00
0.30 2.97 5.71 1.00 0.00
0.30 2.97 5.88 1.00 0.00
0.30 2.97 6.06 1.00 0.00
0.30 2.97 6.23 1.00 0.00
0.30 2.97 6.41 1.00 0.00
0.30 2.97 6.58 1.00 0.00
0.30 2.97 6.76 1.00 0.00
0.30 2.97 6.93 1.00 0.00
0.30 2.97 7.10 1.00 0.00
0.30 2.97 7.28 1.00 0.00
0.30 2.97 7.45 1.00 0.00
0.30 2.97 7.63 1.00 0.00
0.30 2.97 7.80 1.00 0.00
0.50 2.97 4.84 1.00 0.00
0.50 2.97 5.01 1.00 0.00
0.50 2.97 5.19 1.00 0.00
0.50 2.97 5.36 1.00 0.00
0.50 2.97 5.54 1.00 0.00
0.50 2.97 5.71 1.00 0.00
0.50 2.97 5.88 1.00 0.00
0.50 2.97 6.06 1.00 0.00
0.50 2.97 6.23 1.00 0.00
0.50 2.97 6.41 1.00 0.00
0.50 2.97 6.58 1.00 0.00
0.50 2.97 6.76 1.00 0.00
0.50 2.97 6.93 1.00 0.00
0.50 2.97 7.11 1.00 0.00
0.50 2.97 7.28 1.00 0.00
0.50 2.97 7.46 1.00 0.00
0.50 2.97 7.63 1.00 0.00
0.50 2.97 7.80 1.00 0.00
0.70 2.97 4.84 1.00 0.00
0.70 2.97 5.01 1.00 0.00
0.70 2.97 5.19 1.00 0.00
0.70 2.97 5.36 1.00 0.00
0.70 2.97 5.54 1.00 0.00
0.70 2.97 5.71 1.00 0.00
0.70 2.97 5.89 1.00 0.00
0.70 2.97 6.06 1.00 0.00
0.70 2.97 6.24 1.00 0.00
0.70 2.97 6.41 1.00 0.00
0.70 2.97 6.58 1.00 0.00
0.70 2.97 6.76 1.00 0.00
0.70 2.97 6.93 1.00 0.00
0.70 2.97 7.11 1.00 0.00
0.70 2.97 7.28 1.00 0.00
0.70 2.97 7.46 1.00 0.00
0.70 2.97 7.63 1.00 0.00
0.70 2.97 7.81 1.00 0.00
0.90 2.97 4.84 1.00 0.00
0.90 2.97 5.01 1.00 0.00
0.90 2.97 5.19 1.00 0.00
0.90 2.97 5.36 1.00 0.00
0.90 2.97 5.54 1.00 0.00
0.90 2.97 5.71 1.00 0.00
0.90 2.97 5.89 1.00 0.00
0.90 2.97 6.06 1.00 0.00
0.90 2.97 6.24 1.00 0.00
0.90 2.97 6.41 1.00 0.00
0.90 2.97 6.59 1.00 0.00
0.90 2.97 6.76 1.00 0.00
0.90 2.97 6.93 1.00 0.00
0.90 2.97 7.11 1.00 0.00
0.90 2.97 7.28 1.00 0.00
0.90 2.97 7.46 1.00 0.00
0.90 2.97 7.63 1.00 0.00
0.90 2.97 7.81 1.00 0.00
1.10 2.97 4.84 1.00 0.00
1.10 2.97 5.02 1.00 0.00
1.10 2.97 5.19 1.00 0.00
1.10 2.97 5.37 1.00 0.00
1.10 2.97 5.54 1.00 0.00
1.10 2.97 5.71 1.00 0.00
1.10 2.97 5.89 1.00 0.00
1.10 2.97 6.06 1.00 0.00
1.10 2.97 6.24 1.00 0.00
1.10 2.97 6.41 1.00 0.00
1.10 2.97 6.59 1.00 0.00
1.10 2.97 6.76 1.00 0.00
1.10 2.97 6.94 1.00 0.00
1.10 2.97 7.11 1.00 0.00
1.10 2.97 7.29 1.00 0.00
1.10 2.97 7.46 1.00 0.00
1.10 2.97 7.63 1.00 0.00
1.10 2.97 7.81 1.00 0.00
0.30 3.14 4.83 1.00 0.00
0.30 3.14 5.00 1.00 0.00
0.30 3.14 5.18 1.00 0.00
0.30 3.14 5.35 1.00 0.00
0.30 3.14 5.52 1.00 0.00
0.30 3.14 5.70 1.00 0.00
0.30 3.14 5.87 1.00 0.00
0.30 3.14 6.05 1.00 0.00
0.30 3.14 6.22 1.00 0.00
0.30 3.14 6.40 1.00 0.00
0.30 3.14 6.57 1.00 0.00
0.30 3.14 6.75 1.00 0.00
0.30 3.14 6.92 1.00 0.00
0.30 3.14 7.10 1.00 0.00
0.30 3.14 7.27 1.00 0.00
0.30 3.14 7.44 1.00 0.00
0.30 3.14 7.62 1.00 0.00
0.30 3.14 7.79 1.00 0.00
0.50 3.14 4.82 1.00 0.00
0.50 3.14 5.00 1.00 0.00
0.50 3.14 5.17 1.00 0.00
0.50 3.14 5.35 1.00 0.00
0.50 3.14 5.52 1.00 0.00
0.50 3.14 5.69 1.00 0.00
0.50 3.14 5.87 1.00 0.00
0.50 3.14 6.04 1.00 0.00
0.50 3.14 6.22 1.00 0.00
0.50 3.14 6.39 1.00 0.00
0.50 3.14 6.57 1.00 0.00
0.50 3.14 6.74 1.00 0.00
0.50 3.14 6.92 1.00 0.00
0.50 3.14 7.09 1.00 0.00
0.50 3.14 7.27 1.00 0.00
0.50 3.14 7.44 1.00 0.00
0.50 3.14 7.61 1.00 0.00
0.50 3.14 7.79 1.00 0.00
0.70 3.14 4.82 1.00 0.00
0.70 3.14 4.99 1.00 0.00
0.70 3.14 5.17 1.00 0.00
0.70 3.14 5.34 1.00 0.00
0.70 3.14 5.52 1.00 0.00
0.70 3.14 5.69 1.00 0.00
0.70 3.14 5.87 1.00 0.00
0.70 3.14 6.04 1.00 0.00
0.70 3.14 6.21 1.00 0.00
0.70 3.14 6.39 1.00 0.00
0.70 3.14 6.56 1.00 0.00
0.70 3.14 6.74 1.00 0.00
0.70 3.14 6.91 1.00 0.00
0.70 3.14 7.09 1.00 0.00
0.70 3.14 7.26 1.00 0.00
0.70 3.14 7.44 1.00 0.00
0.70 3.14 7.61 1.00 0.00
0.70 3.14 7.79 1.00 0.00
0.90 3.14 4.82 1.00 0.00
0.90 3.14 4.99 1.00 0.00
0.90 3.14 5.16 1.00 0.00
0.90 3.14 5.34 1.00 0.00
0.90 3.14 5.51 1.00 0.00
0.90 3.14 5.69 1.00 0.00
0.90 3.14 5.86 1.00 0.00
0.90 3.14 6.04 1.00 0.00
0.90 3.14 6.21 1.00 0.00
0.90 3.14 6.39 1.00 0.00
0.90 3.14 6.56 1.00 0.00
0.90 3.14 6.74 1.00 0.00
0.90 3.14 6.91 1.00 0.00
0.90 3.14 7.08 1.00 0.00
0.90 3.14 7.26 1.00 0.00
0.90 3.14 7.43 1.00 0.00
0.90 3.14 7.61 1.00 0.00
0.90 3.14 7.78 1.00 0.00
1.10 3.14 4.81 1.00 0.00
1.10 3.14 4.99 1.00 0.00
1.10 3.14 5.16 1.00 0.00
1.10 3.14 5.34 1.00 0.00
1.10 3.14 5.51 1.00 0.00
1.10 3.14 5.68 1.00 0.00
1.10 3.14 5.86 1.00 0.00
1.10 3.14 6.03 1.00 0.00
1.10 3.14 6.21 1.00 0.00
1.10 3.14 6.38 1.00 0.00
1.10 3.14 6.56 1.00 0.00
1.10 3.14 6.73 1.00 0.00
1.10 3.14 6.91 1.00 0.00
1.10 3.14 7.08 1.00 0.00
1.10 3.14 7.26 1.00 0.00
1.10 3.14 7.43 1.00 0.00
1.10 3.14 7.60 1.00 0.00
1.10 3.14 7.78 1.00 0.00
0.30 3.32 4.82 1.00 0.00
0.30 3.32 4.99 1.00 0.00
0.30 3.32 5.17 1.00 0.00
0.30 3.32 5.34 1.00 0.00
0.30 3.32 5.52 1.00 0.00
0.30 3.32 5.69 1.00 0.00
0.30 3.32 5.86 1.00 0.00
0.30 3.32 6.04 1.00 0.00
0.30 3.32 6.21 1.00 0.00
0.30 3.32 6.39 1.00 0.00
0.30 3.32 6.56 1.00 0.00
0.30 3.32 6.74 1.00 0.00
0.30 3.32 6.91 1.00 0.00
0.30 3.32 7.09 1.00 0.00
0.30 3.32 7.26 1.00 0.00
0.30 3.32 7.44 1.00 0.00
0.30 3.32 7.61 1.00 0.00
0.30 3.32 7.78 1.00 0.00
0.50 3.32 4.81 1.00 0.00
0.50 3.32 4.98 1.00 0.00
0.50 3.32 5.16 1.00 0.00
0.50 3.32 5.33 1.00 0.00
0.50 3.32 5.51 1.00 0.00
0.50 3.32 5.68 1.00 0.00
0.50 3.32 5.85 1.00 0.00
0.50 3.32 6.03 1.00 0.00
0.50 3.32 6.20 1.00 0.00
0.50 3.32 6.38 1.00 0.00
0.50 3.32 6.55 1.00 0.00
0.50 3.32 6.73 1.00 0.00
0.50 3.32 6.90 1.00 0.00
0.50 3.32 7.08 1.00 0.00
0.50 3.32 7.25 1.00 0.00
0.50 3.32 7.43 1.00 0.00
0.50 3.32 7.60 1.00 0.00
0.50 3.32 7.77 1.00 0.00
0.70 3.32 4.80 1.00 0.00
0.70 3.32 4.97 1.00 0.00
0.70 3.32 5.15 1.00 0.00
0.70 3.32 5.32 1.00 0.00
0.70 3.32 5.50 1.00 0.00
0.70 3.32 5.67 1.00 0.00
0.70 3.32 5.85 1.00 0.00
0.70 3.32 6.02 1.00 0.00
0.70 3.32 6.20 1.00 0.00
0.70 3.32 6.37 1.00 0.00
0.70 3.32 6.54 1.00 0.00
0.70 3.32 6.72 1.00 0.00
0.70 3.32 6.89 1.00 0.00
0.70 3.32 7.07 1.00 0.00
0.70 3.32 7.24 1.00 0.00
0.70 3.32 7.42 1.00 0.00
0.70 3.32 7.59 1.00 0.00
0.70 3.32 7.77 1.00 0.00
0.90 3.32 4.79 1.00 0.00
0.90 3.32 4.97 1.00 0.00
0.90 3.32 5.14 1.00 0.00
0.90 3.32 5.31 1.00 0.00
0.90 3.32 5.49 1.00 0.00
0.90 3.32 5.66 1.00 0.00
0.90 3.32 5.84 1.00 0.00
0.90 3.32 6.01 1.00 0.00
0.90 3.32 6.19 1.00 0.00
0.90 3.32 6.36 1.00 0.00
0.90 3.32 6.54 1.00 0.00
0.90 3.32 6.71 1.00 0.00
0.90 3.32 6.88 1.00 0.00
0.90 3.32 7.06 1.00 0.00
0.90 3.32 7.23 1.00 0.00
0.90 3.32 7.41 1.00 0.00
0.90 3.32 7.58 1.00 0.00
0.90 3.32 7.76 1.00 0.00
1.10 3.32 4.78 1.00 0.00
1.10 3.32 4.96 1.00 0.00
1.10 3.32 5.13 1.00 0.00
1.10 3.32 5.31 1.00 0.00
1.10 3.32 5.48 1.00 0.00
1.10 3.32 5.66 1.00 0.00
1.10 3.32 5.83 1.00 0.00
1.10 3.32 6.00 1.00 0.00
1.10 3.32 6.18 1.00 0.00
1.10 3.32 6.35 1.00 0.00
1.10 3.32 6.53 1.00 0.00
1.10 3.32 6.70 1.00 0.00
1.10 3.32 6.88 1.00 0.00
1.10 3.32 7.05 1.00 0.00
1.10 3.32 7.23 1.00 0.00
1.10 3.32 7.40 1.00 0.00
1.10 3.32 7.58 1.00 0.00
1.10 3.32 7.75 1.00 0.00
0.30 3.49 4.81 1.00 0.00
0.30 3.49 4.98 1.00 0.00
0.30 3.49 5.16 1.00 0.00
0.30 3.49 5.33 1.00 0.00
0.30 3.49 5.51 1.00 0.00
0.30 3.49 5.68 1.00 0.00
0.30 3.49 5.86 1.00 0.00
0.30 3.49 6.03 1.00 0.00
0.30 3.49 6.20 1.00 0.00
0.30 3.49 6.38 1.00 0.00
0.30 3.49 6.55 1.00 0.00
0.30 3.49 6.73 1.00 0.00
0.30 3.49 6.90 1.00 0.00
0.30 3.49 7.08 1.00 0.00
0.30 3.49 7.25 1.00 0.00
0.30 3.49 7.43 1.00 0.00
0.30 3.49 7.60 1.00 0.00
0.30 3.49 7.78 1.00 0.00
0.50 3.49 4.79 1.00 0.00
0.50 3.49 4.97 1.00 0.00
0.50 3.49 5.14 1.00 0.00
0.50 3.49 5.32 1.00 0.00
0.50 3.49 5.49 1.00 0.00
0.50 3.49 5.67 1.00 0.00
0.50 3.49 5.84 1.00 0.00
0.50 3.49 6.02 1.00 0.00
0.50 3.49 6.19 1.00 0.00
0.50 3.49 6.36 1.00 0.00
0.50 3.49 6.54 1.00 0.00
0.50 3.49 6.71 1.00 0.00
0.50 3.49 6.89 1.00 0.00
0.50 3.49 7.06 1.00 0.00
0.50 3.49 7.24 1.00 0.00
0.50 3.49 7.41 1.00 0.00
0.50 3.49 7.59 1.00 0.00
0.50 3.49 7.76 1.00 0.00
0.70 3.49 4.78 1.00 0.00
0.70 3.49 4.95 1.00 0.00
0.70 3.49 5.13 1.00 0.00
0.70 3.49 5.30 1.00 0.00
0.70 3.49 5.48 1.00 0.00
0.70 3.49 5.65 1.00 0.00
0.70 3.49 5.83 1.00 0.00
0.70 3.49 6.00 1.00 0.00
0.70 3.49 6.18 1.00 0.00
0.70 3.49 6.35 1.00 0.00
0.70 3.49 6.52 1.00 0.00
0.70 3.49 6.70 1.00 0.00
0.70 3.49 6.87 1.00 0.00
0.70 3.49 7.05 1.00 0.00
0.70 3.49 7.22 1.00 0.00
0.70 3.49 7.40 1.00 0.00
0.70 3.49 7.57 1.00 0.00
0.70 3.49 7.75 1.00 0.00
0.90 3.49 4.77 1.00 0.00
0.90 3.49 4.94 1.00 0.00
0.90 3.49 5.12 1.00 0.00
0.90 3.49 5.29 1.00 0.00
0.90 3.49 5.46 1.00 0.00
0.90 3.49 5.64 1.00 0.00
0.90 3.49 5.81 1.00 0.00
0.90 3.49 5.99 1.00 0.00
0.90 3.49 6.16 1.00 0.00
0.90 3.49 6.34 1.00 0.00
0.90 3.49 6.51 1.00 0.00
0.90 3.49 6.69 1.00 0.00
0.90 3.49 6.86 1.00 0.00
0.90 3.49 7.04 1.00 0.00
0.90 3.49 7.21 1.00 0.00
0.90 3.49 7.38 1.00 0.00
0.90 3.49 7.56 1.00 0.00
0.90 3.49 7.73 1.00 0.00
1.10 3.49 4.75 1.00 0.00
1.10 3.49 4.93 1.00 0.00
1.10 3.49 5.10 1.00 0.00
1.10 3.49 5.28 1.00 0.00
1.10 3.49 5.45 1.00 0.00
1.10 3.49 5.63 1.00 0.00
1.10 3.49 5.80 1.00 0.00
1.10 3.49 5.98 1.00 0.00
1.10 3.49 6.15 1.00 0.00
1.10 3.49 6.32 1.00 0.00
1.10 3.49 6.50 1.00 0.00
1.10 3.49 6.67 1.00 0.00
1.10 3.49 6.85 1.00 0.00
1.10 3.49 7.02 1.00 0.00
1.10 3.49 7.20 1.00 0.00
1.10 3.49 7.37 1.00 0.00
1.10 3.49 7.55 1.00 0.00
1.10 3.49 7.72 1.00 0.00
0.30 3.67 4.80 1.00 0.00
0.30 3.67 4.97 1.00 0.00
0.30 3.67 5.15 1.00 0.00
0.30 3.67 5.32 1.00 0.00
0.30 3.67 5.50 1.00 0.00
0.30 3.67 5.67 1.00 0.00
0.30 3.67 5.85 1.00 0.00
0.30 3.67 6.02 1.00 0.00
0.30 3.67 6.20 1.00 0.00
0.30 3.67 6.37 1.00 0.00
0.30 3.67 6.55 1.00 0.00
0.30 3.67 6.72 1.00 0.00
0.30 3.67 6.89 1.00 0.00
0.30 3.67 7.07 1.00 0.00
0.30 3.67 7.24 1.00 0.00
0.30 3.67 7.42 1.00 0.00
0.30 3.67 7.59 1.00 0.00
0.30 3.67 7.77 1.00 0.00
0.50 3.67 4.78 1.00 0.00
0.50 3.67 4.95 1.00 0.00
0.50 3.67 5.13 1.00 0.00
0.50 3.67 5.30 1.00 0.00
0.50 3.67 5.48 1.00 0.00
0.50 3.67 5.65 1.00 0.00
0.50 3.67 5.83 1.00 0.00
0.50 3.67 6.00 1.00 0.00
0.50 3.67 6.18 1.00 0.00
0.50 3.67 6.35 1.00 0.00
0.50 3.67 6.53 1.00 0.00
0.50 3.67 6.70 1.00 0.00
0.50 3.67 6.87 1.00 0.00
0.50 3.67 7.05 1.00 0.00
0.50 3.67 7.22 1.00 0.00
0.50 3.67 7.40 1.00 0.00
0.50 3.67 7.57 1.00 0.00
0.50 3.67 7.75 1.00 0.00
0.70 3.67 4.76 1.00 0.00
0.70 3.67 4.94 1.00 0.00
0.70 3.67 5.11 1.00 0.00
0.70 3.67 5.29 1.00 0.00
0.70 3.67 5.46 1.00 0.00
0.70 3.67 5.63 1.00 0.00
0.70 3.67 5.81 1.00 0.00
0.70 3.67 5.98 1.00 0.00
0.70 3.67 6.16 1.00 0.00
0.70 3.67 6.33 1.00 0.00
0.70 3.67 6.51 1.00 0.00
0.70 3.67 6.68 1.00 0.00
0.70 3.67 6.86 1.00 0.00
0.70 3.67 7.03 1.00 0.00
0.70 3.67 7.21 1.00 0.00
0.70 3.67 7.38 1.00 0.00
0.70 3.67 7.55 1.00 0.00
0.70 3.67 7.73 1.00 0.00
0.90 3.67 4.74 1.00 0.00
0.90 3.67 4.92 1.00 0.00
0.90 3.67 5.09 1.00 0.00
0.90 3.67 5.27 1.00 0.00
0.90 3.67 5.44 1.00 0.00
0.90 3.67 5.62 1.00 0.00
0.90 3.67 5.79 1.00 0.00
0.90 3.67 5.97 1.00 0.00
0.90 3.67 6.14 1.00 0.00
0.90 3.67 6.31 1.00 0.00
0.90 3.67 6.49 1.00 0.00
0.90 3.67 6.66 1.00 0.00
0.90 3.67 6.84 1.00 0.00
0.90 3.67 7.01 1.00 0.00
0.90 3.67 7.19 1.00 0.00
0.90 3.67 7.36 1.00 0.00
0.90 3.67 7.54 1.00 0.00
0.90 3.67 7.71 1.00 0.00
1.10 3.67 4.73 1.00 0.00
1.10 3.67 4.90 1.00 0.00
1.10 3.67 5.08 1.00 0.00
1.10 3.67 5.25 1.00 0.00
1.10 3.67 5.43 1.00 0.00
1.10 3.67 5.60 1.00 0.00
1.10 3.67 5.77 1.00 0.00
1.10 3.67 5.95 1.00 0.00
1.10 3.67 6.12 1.00 0.00
1.10 3.67 6.30 1.00 0.00
1.10 3.67 6.47 1.00 0.00
1.10 3.67 6.65 1.00 0.00
1.10 3.67 6.82 1.00 0.00
1.10 3.67 7.00 1.00 0.00
1.10 3.67 7.17 1.00 0.00
1.10 3.67 7.34 1.00 0.00
1.10 3.67 7.52 1.00 0.00
1.10 3.67 7.69 1.00 0.00
0.30 3.84 4.79 1.00 0.00
0.30 3.84 4.97 1.00 0.00
0.30 3.84 5.14 1.00 0.00
0.30 3.84 5.32 1.00 0.00
0.30 3.84 5.49 1.00 0.00
0.30 3.84 5.67 1.00 0.00
0.30 3.84 5.84 1.00 0.00
0.30 3.84 6.01 1.00 0.00
0.30 3.84 6.19 1.00 0.00
0.30 3.84 6.36 1.00 0.00
0.30 3.84 6.54 1.00 0.00
0.30 3.84 6.71 1.00 0.00
0.30 3.84 6.89 1.00 0.00
0.30 3.84 7.06 1.00 0.00
0.30 3.84 7.24 1.00 0.00
0.30 3.84 7.41 1.00 0.00
0.30 3.84 7.59 1.00 0.00
0.30 3.84 7.76 1.00 0.00
0.50 3.84 4.77 1.00 0.00
0.50 3.84 4.94 1.00 0.00
0.50 3.84 5.12 1.00 0.00
0.50 3.84 5.29 1.00 0.00
0.50 3.84 5.47 1.00 0.00
0.50 3.84 5.64 1.00 0.00
0.50 3.84 5.82 1.00 0.00
0.50 3.84 5.99 1.00 0.00
0.50 3.84 6.16 1.00 0.00
0.50 3.84 6.34 1.00 0.00
0.50 3.84 6.51 1.00 0.00
0.50 3.84 6.69 1.00 0.00
0.50 3.84 6.86 1.00 0.00
0.50 3.84 7.04 1.00 0.00
0.50 3.84 7.21 1.00 0.00
0.50 3.84 7.39 1.00 0.00
0.50 3.84 7.56 1.00 0.00
0.50 3.84 7.74 1.00 0.00
0.70 3.84 4.75 1.00 0.00
0.70 3.84 4.92 1.00 0.00
0.70 3.84 5.09 1.00 0.00
0.70 3.84 5.27 1.00 0.00
0.70 3.84 5.44 1.00 0.00
0.70 3.84 5.62 1.00 0.00
0.70 3.84 5.79 1.00 0.00
0.70 3.84 5.97 1.00 0.00
0.70 3.84 6.14 1.00 0.00
0.70 3.84 6.32 1.00 0.00
0.70 3.84 6.49 1.00 0.00
0.70 3.84 6.66 1.00 0.00
0.70 3.84 6.84 1.00 0.00
0.70 3.84 7.01 1.00 0.00
0.70 3.84 7.19 1.00 0.00
0.70 3.84 7.36 1.00 0.00
0.70 3.84 7.54 1.00 0.00
0.70 3.84 7.71 1.00 0.00
0.90 3.84 4.72 1.00 0.00
0.90 3.84 4.90 1.00 0.00
0.90 3.84 5.07 1.00 0.00
0.90 3.84 5.25 1.00 0.00
0.90 3.84 5.42 1.00 0.00
0.90 3.84 5.60 1.00 0.00
0.90 3.84 5.77 1.00 0.00
0.90 3.84 5.94 1.00 0.00
0.90 3.84 6.12 1.00 0.00
0.90 3.84 6.29 1.00 0.00
0.90 3.84 6.47 1.00 0.00
0.90 3.84 6.64 1.00 0.00
0.90 3.84 6.82 1.00 0.00
0.90 3.84 6.99 1.00 0.00
0.90 3.84 7.17 1.00 0.00
0.90 3.84 7.34 1.00 0.00
0.90 3.84 7.52 1.00 0.00
0.90 3.84 7.69 1.00 0.00
1.10 3.84 4.70 1.00 0.00
1.10 3.84 4.88 1.00 0.00
1.10 3.84 5.05 1.00 0.00
1.10 3.84 5.23 1.00 0.00
1.10 3.84 5.40 1.00 0.00
1.10 3.84 5.57 1.00 0.00
1.10 3.84 5.75 1.00 0.00
1.10 3.84 5.92 1.00 0.00
1.10 3.84 6.10 1.00 0.00
1.10 3.84 6.27 1.00 0.00
1.10 3.84 6.45 1.00 0.00
1.10 3.84 6.62 1.00 0.00
1.10 3.84 6.80 1.00 0.00
1.10 3.84 6.97 1.00 0.00
1.10 3.84 7.15 1.00 0.00
1.10 3.84 7.32 1.00 0.00
1.10 3.84 7.49 1.00 0.00
1.10 3.84 7.67 1.00 0.00
0.30 4.01 4.79 1.00 0.00
0.30 4.01 4.96 1.00 0.00
0.30 4.01 5.14 1.00 0.00
0.30 4.01 5.31 1.00 0.00
0.30 4.01 5.49 1.00 0.00
0.30 4.01 5.66 1.00 0.00
0.30 4.01 5.83 1.00 0.00
0.30 4.01 6.01 1.00 0.00
0.30 4.01 6.18 1.00 0.00
0.30 4.01 6.36 1.00 0.00
0.30 4.01 6.53 1.00 0.00
0.30 4.01 6.71 1.00 0.00
0.30 4.01 6.88 1.00 0.00
0.30 4.01 7.06 1.00 0.00
0.30 4.01 7.23 1.00 0.00
0.30 4.01 7.40 1.00 0.00
0.30 4.01 7.58 1.00 0.00
0.30 4.01 7.75 1.00 0.00
0.50 4.01 4.76 1.00 0.00
0.50 4.01 4.93 1.00 0.00
0.50 4.01 5.11 1.00 0.00
0.50 4.01 5.28 1.00 0.00
0.50 4.01 5.46 1.00 0.00
0.50 4.01 5.63 1.00 0.00
0.50 4.01 5.81 1.00 0.00
0.50 4.01 5.98 1.00 0.00
0.50 4.01 6.15 1.00 0.00
0.50 4.01 6.33 1.00 0.00
0.50 4.01 6.50 1.00 0.00
0.50 4.01 6.68 1.00 0.00
0.50 4.01 6.85 1.00 0.00
0.50 4.01 7.03 1.00 0.00
0.50 4.01 7.20 1.00 0.00
0.50 4.01 7.38 1.00 0.00
0.50 4.01 7.55 1.00 0.00
0.50 4.01 7.73 1.00 0.00
0.70 4.01 4.73 1.00 0.00
0.70 4.01 4.91 1.00 0.00
0.70 4.01 5.08 1.00 0.00
0.70 4.01 5.25 1.00 0.00
0.70 4.01 5.43 1.00 0.00
0.70 4.01 5.60 1.00 0.00
0.70 4.01 5.78 1.00 0.00
0.70 4.01 5.95 1.00 0.00
0.70 4.01 6.13 1.00 0.00
0.70 4.01 6.30 1.00 0.00
0.70 4.01 6.48 1.00 0.00
0.70 4.01 6.65 1.00 0.00
0.70 4.01 6.82 1.00 0.00
0.70 4.01 7.00 1.00 0.00
0.70 4.01 7.17 1.00 0.00
0.70 4.01 7.35 1.00 0.00
0.70 4.01 7.52 1.00 0.00
0.70 4.01 7.70 1.00 0.00
0.90 4.01 4.70 1.00 0.00
0.90 4.01 4.88 1.00 0.00
0.90 4.01 5.05 1.00 0.00
0.90 4.01 5.23 1.00 0.00
0.90 4.01 5.40 1.00 0.00
0.90 4.01 5.58 1.00 0.00
0.90 4.01 5.75 1.00 0.00
0.90 4.01 5.93 1.00 0.00
0.90 4.01 6.10 1.00 0.00
0.90 4.01 6.27 1.00 0.00
0.90 4.01 6.45 1.00 0.00
0.90 4.01 6.62 1.00 0.00
0.90 4.01 6.80 1.00 0.00
0.90 4.01 6.97 1.00 0.00
0.90 4.01 7.15 1.00 0.00
0.90 4.01 7.32 1.00 0.00
0.90 4.01 7.50 1.00 0.00
0.90 4.01 7.67 1.00 0.00
1.10 4.01 4.68 1.00 0.00
1.10 4.01 4.85 1.00 0.00
1.10 4.01 5.03 1.00 0.00
1.10 4.01 5.20 1.00 0.00
1.10 4.01 5.38 1.00 0.00
1.10 4.01 5.55 1.00 0.00
1.10 4.01 5.73 1.00 0.00
1.10 4.01 5.90 1.00 0.00
1.10 4.01 6.08 1.00 0.00
1.10 4.01 6.25 1.00 0.00
1.10 4.01 6.42 1.00 0.00
1.10 4.01 6.60 1.00 0.00
1.10 4.01 6.77 1.00 0.00
1.10 4.01 6.95 1.00 0.00
1.10 4.01 7.12 1.00 0.00
1.10 4.01 7.30 1.00 0.00
1.10 4.01 7.47 1.00 0.00
1.10 4.01 7.65 1.00 0.00
0.30 4.19 4.78 1.00 0.00
0.30 4.19 4.96 1.00 0.00
0.30 4.19 5.13 1.00 0.00
0.30 4.19 5.31 1.00 0.00
0.30 4.19 5.48 1.00 0.00
0.30 4.19 5.65 1.00 0.00
0.30 4.19 5.83 1.00 0.00
0.30 4.19 6.00 1.00 0.00
0.30 4.19 6.18 1.00 0.00
0.30 4.19 6.35 1.00 0.00
0.30 4.19 6.53 1.00 0.00
0.30 4.19 6.70 1.00 0.00
0.30 4.19 6.88 1.00 0.00
0.30 4.19 7.05 1.00 0.00
0.30 4.19 7.23 1.00 0.00
0.30 4.19 7.40 1.00 0.00
0.30 4.19 7.57 1.00 0.00
0.30 4.19 7.75 1.00 0.00
0.50 4.19 4.75 1.00 0.00
0.50 4.19 4.92 1.00 0.00
0.50 4.19 5.10 1.00 0.00
0.50 4.19 5.27 1.00 0.00
0.50 4.19 5.45 1.00 0.00
0.50 4.19 5.62 1.00 0.00
0.50 4.19 5.80 1.00 0.00
0.50 4.19 5.97 1.00 0.00
0.50 4.19 6.15 1.00 0.00
0.50 4.19 6.32 1.00 0.00
0.50 4.19 6.50 1.00 0.00
0.50 4.19 6.67 1.00 0.00
0.50 4.19 6.84 1.00 0.00
0.50 4.19 7.02 1.00 0.00
0.50 4.19 7.19 1.00 0.00
0.50 4.19 7.37 1.00 0.00
0.50 4.19 7.54 1.00 0.00
0.50 4.19 7.72 1.00 0.00
0.70 4.19 4.72 1.00 0.00
0.70 4.19 4.89 1.00 0.00
0.70 4.19 5.07 1.00 0.00
0.70 4.19 5.24 1.00 0.00
0.70 4.19 5.42 1.00 0.00
0.70 4.19 5.59 1.00 0.00
0.70 4.19 5.77 1.00 0.00
0.70 4.19 5.94 1.00 0.00
0.70 4.19 6.11 1.00 0.00
0.70 4.19 6.29 1.00 0.00
0.70 4.19 6.46 1.00 0.00
0.70 4.19 6.64 1.00 0.00
0.70 4.19 6.81 1.00 0.00
0.70 4.19 6.99 1.00 0.00
0.70 4.19 7.16 1.00 0.00
0.70 4.19 7.34 1.00 0.00
0.70 4.19 7.51 1.00 0.00
0.70 4.19 7.69 1.00 0.00
0.90 4.19 4.69 1.00 0.00
0.90 4.19 4.86 1.00 0.00
0.90 4.19 5.04 1.00 0.00
0.90 4.19 5.21 1.00 0.00
0.90 4.19 5.39 1.00 0.00
0.90 4.19 5.56 1.00 0.00
0.90 4.19 5.74 1.00 0.00
0.90 4.19 5.91 1.00 0.00
0.90 4.19 6.08 1.00 0.00
0.90 4.19 6.26 1.00 0.00
0.90 4.19 6.43 1.00 0.00
0.90 4.19 6.61 1.00 0.00
0.90 4.19 6.78 1.00 0.00
0.90 4.19 6.96 1.00 0.00
0.90 4.19 7.13 1.00 0.00
0.90 4.19 7.31 1.00 0.00
0.90 4.19 7.48 1.00 0.00
0.90 4.19 7.66 1.00 0.00
1.10 4.19 4.66 1.00 0.00
1.10 4.19 4.83 1.00 0.00
1.10 4.19 5.01 1.00 0.00
1.10 4.19 5.18 1.00 0.00
1.10 4.19 5.36 1.00 0.00
1.10 4.19 5.53 1.00 0.00
1.10 4.19 5.71 1.00 0.00
1.10 4.19 5.88 1.00 0.00
1.10 4.19 6.06 1.00 0.00
1.10 4.19 6.23 1.00 0.00
1.10 4.19 6.40 1.00 0.00
1.10 4.19 6.58 1.00 0.00
1.10 4.19 6.75 1.00 0.00
1.10 4.19 6.93 1.00 0.00
1.10 4.19 7.10 1.00 0.00
1.10 4.19 7.28 1.00 0.00
1.10 4.19 7.45 1.00 0.00
1.10 4.19 7.63 1.00 0.00
0.30 4.36 4.78 1.00 0.00
0.30 4.36 4.95 1.00 0.00
0.30 4.36 5.13 1.00 0.00
0.30 4.36 5.30 1.00 0.00
0.30 4.36 5.48 1.00 0.00
0.30 4.36 5.65 1.00 0.00
0.30 4.36 5.83 1.00 0.00
0.30 4.36 6.00 1.00 0.00
0.30 4.36 6.17 1.00 0.00
0.30 4.36 6.35 1.00 0.00
0.30 4.36 6.52 1.00 0.00
0.30 4.36 6.70 1.00 0.00
0.30 4.36 6.87 1.00 0.00
0.30 4.36 7.05 1.00 0.00
0.30 4.36 7.22 1.00 0.00
0.30 4.36 7.40 1.00 0.00
0.30 4.36 7.57 1.00 0.00
0.30 4.36 7.75 1.00 0.00
0.50 4.36 4.74 1.00 0.00
0.50 4.36 4.92 1.00 0.00
0.50 4.36 5.09 1.00 0.00
0.50 4.36 5.27 1.00 0.00
0.50 4.36 5.44 1.00 0.00
0.50 4.36 5.62 1.00 0.00
0.50 4.36 5.79 1.00 0.00
0.50 4.36 5.97 1.00 0.00
0.50 4.36 6.14 1.00 0.00
0.50 4.36 6.31 1.00 0.00
0.50 4.36 6.49 1.00 0.00
0.50 4.36 6.66 1.00 0.00
0.50 4.36 6.84 1.00 0.00
0.50 4.36 7.01 1.00 0.00
0.50 4.36 7.19 1.00 0.00
0.50 4.36 7.36 1.00 0.00
0.50 4.36 7.54 1.00 0.00
0.50 4.36 7.71 1.00 0.00
0.70 4.36 4.71 1.00 0.00
0.70 4.36 4.88 1.00 0.00
0.70 4.36 5.06 1.00 0.00
0.70 4.36 5.23 1.00 0.00
0.70 4.36 5.41 1.00 0.00
0.70 4.36 5.58 1.00 0.00
0.70 4.36 5.76 1.00 0.00
0.70 4.36 5.93 1.00 0.00
0.70 4.36 6.11 1.00 0.00
0.70 4.36 6.28 1.00 0.00
0.70 4.36 6.45 1.00 0.00
0.70 4.36 6.63 1.00 0.00
0.70 4.36 6.80 1.00 0.00
0.70 4.36 6.98 1.00 0.00
0.70 4.36 7.15 1.00 0.00
0.70 4.36 7.33 1.00 0.00
0.70 4.36 7.50 1.00 0.00
0.70 4.36 7.68 1.00 0.00
0.90 4.36 4.68 1.00 0.00
0.90 4.36 4.85 1.00 0.00
0.90 4.36 5.03 1.00 0.00
0.90 4.36 5.20 1.00 0.00
0.90 4.36 5.37 1.00 0.00
0.90 4.36 5.55 1.00 0.00
0.90 4.36 5.72 1.00 0.00
0.90 4.36 5.90 1.00 0.00
0.90 4.36 6.07 1.00 0.00
0.90 4.36 6.25 1.00 0.00
0.90 4.36 6.42 1.00 0.00
0.90 4.36 6.60 1.00 0.00
0.90 4.36 6.77 1.00 0.00
0.90 4.36 6.94 1.00 0.00
0.90 4.36 7.12 1.00 0.00
0.90 4.36 7.29 1.00 0.00
0.90 4.36 7.47 1.00 0.00
0.90 4.36 7.64 1.00 0.00
1.10 4.36 4.64 1.00 0.00
1.10 4.36 4.82 1.00 0.00
1.10 4.36 4.99 1.00 0.00
1.10 4.36 5.17 1.00 0.00
1.10 4.36 5.34 1.00 0.00
1.10 4.36 5.52 1.00 0.00
1.10 4.36 5.69 1.00 0.00
1.10 4.36 5.87 1.00 0.00
1.10 4.36 6.04 1.00 0.00
1.10 4.36 6.21 1.00 0.00
1.10 4.36 6.39 1.00 0.00
1.10 4.36 6.56 1.00 0.00
1.10 4.36 6.74 1.00 0.00
1.10 4.36 6.91 1.00 0.00
1.10 4.36 7.09 1.00 0.00
1.10 4.36 7.26 1.00 0.00
1.10 4.36 7.44 1.00 0.00
1.10 4.36 7.61 1.00 0.00
0.30 4.54 4.78 1.00 0.00
0.30 4.54 4.95 1.00 0.00
0.30 4.54 5.13 1.00 0.00
0.30 4.54 5.30 1.00 0.00
0.30 4.54 5.47 1.00 0.00
0.30 4.54 5.65 1.00 0.00
0.30 4.54 5.82 1.00 0.00
0.30 4.54 6.00 1.00 0.00
0.30 4.54 6.17 1.00 0.00
0.30 4.54 6.35 1.00 0.00
0.30 4.54 6.52 1.00 0.00
0.30 4.54 6.70 1.00 0.00
0.30 4.54 6.87 1.00 0.00
0.30 4.54 7.05 1.00 0.00
0.30 4.54 7.22 1.00 0.00
0.30 4.54 7.39 1.00 0.00
0.30 4.54 7.57 1.00 0.00
0.30 4.54 7.74 1.00 0.00
0.50 4.54 4.74 1.00 0.00
0.50 4.54 4.91 1.00 0.00
0.50 4.54 5.09 1.00 0.00
0.50 4.54 5.26 1.00 0.00
0.50 4.54 5.44 1.00 0.00
0.50 4.54 5.61 1.00 0.00
0.50 4.54 5.79 1.00 0.00
0.50 4.54 5.96 1.00 0.00
0.50 4.54 6.14 1.00 0.00
0.50 4.54 6.31 1.00 0.00
0.50 4.54 6.49 1.00 0.00
0.50 4.54 6.66 1.00 0.00
0.50 4.54 6.83 1.00 0.00
0.50 4.54 7.01 1.00 0.00
0.50 4.54 7.18 1.00 0.00
0.50 4.54 7.36 1.00 0.00
0.50 4.54 7.53 1.00 0.00
0.50 4.54 7.71 1.00 0.00
0.70 4.54 4.70 1.00 0.00
0.70 4.54 4.88 1.00 0.00
0.70 4.54 5.05 1.00 0.00
0.70 4.54 5.23 1.00 0.00
0.70 4.54 5.40 1.00 0.00
0.70 4.54 5.58 1.00 0.00
0.70 4.54 5.75 1.00 0.00
0.70 4.54 5.93 1.00 0.00
0.70 4.54 6.10 1.00 0.00
0.70 4.54 6.27 1.00 0.00
0.70 4.54 6.45 1.00 0.00
0.70 4.54 6.62 1.00 0.00
0.70 4.54 6.80 1.00 0.00
0.70 4.54 6.97 1.00 0.00
0.70 4.54 7.15 1.00 0.00
0.70 4.54 7.32 1.00 0.00
0.70 4.54 7.50 1.00 0.00
0.70 4.54 7.67 1.00 0.00
0.90 4.54 4.67 1.00 0.00
0.90 4.54 4.84 1.00 0.00
0.90 4.54 5.02 1.00 0.00
0.90 4.54 5.19 1.00 0.00
0.90 4.54 5.37 1.00 0.00
0.90 4.54 5.54 1.00 0.00
0.90 4.54 5.71 1.00 0.00
0.90 4.54 5.89 1.00 0.00
0.90 4.54 6.06 1.00 0.00
0.90 4.54 6.24 1.00 0.00
0.90 4.54 6.41 1.00 0.00
0.90 4.54 6.59 1.00 0.00
0.90 4.54 6.76 1.00 0.00
0.90 4.54 6.94 1.00 0.00
0.90 4.54 7.11 1.00 0.00
0.90 4.54 7.29 1.00 0.00
0.90 4.54 7.46 1.00 0.00
0.90 4.54 7.63 1.00 0.00
1.10 4.54 4.63 1.00 0.00
1.10 4.54 4.81 1.00 0.00
1.10 4.54 4.98 1.00 0.00
1.10 4.54 5.16 1.00 0.00
1.10 4.54 5.33 1.00 0.00
1.10 4.54 5.50 1.00 0.00
1.10 4.54 5.68 1.00 0.00
1.10 4.54 5.85 1.00 0.00
1.10 4.54 6.03 1.00 0.00
1.10 4.54 6.20 1.00 0.00
1.10 4.54 6.38 1.00 0.00
1.10 4.54 6.55 1.00 0.00
1.10 4.54 6.73 1.00 0.00
1.10 4.54 6.90 1.00 0.00
1.10 4.54 7.08 1.00 0.00
1.10 4.54 7.25 1.00 0.00
1.10 4.54 7.42 1.00 0.00
1.10 4.54 7.60 1.00 0.00
0.30 4.71 4.78 1.00 0.00
0.30 4.71 4.95 1.00 0.00
0.30 4.71 5.13 1.00 0.00
0.30 4.71 5.30 1.00 0.00
0.30 4.71 5.47 1.00 0.00
0.30 4.71 5.65 1.00 0.00
0.30 4.71 5.82 1.00 0.00
0.30 4.71 6.00 1.00 0.00
0.30 4.71 6.17 1.00 0.00
0.30 4.71 6.35 1.00 0.00
0.30 4.71 6.52 1.00 0.00
0.30 4.71 6.70 1.00 0.00
0.30 4.71 6.87 1.00 0.00
0.30 4.71 7.05 1.00 0.00
0.30 4.71 7.22 1.00 0.00
0.30 4.71 7.39 1.00 0.00
0.30 4.71 7.57 1.00 0.00
0.30 4.71 7.74 1.00 0.00
0.50 4.71 4.74 1.00 0.00
0.50 4.71 4.91 1.00 0.00
0.50 4.71 5.09 1.00 0.00
0.50 4.71 5.26 1.00 0.00
0.50 4.71 5.44 1.00 0.00
0.50 4.71 5.61 1.00 0.00
0.50 4.71 5.79 1.00 0.00
0.50 4.71 5.96 1.00 0.00
0.50 4.71 6.14 1.00 0.00
0.50 4.71 6.31 1.00 0.00
0.50 4.71 6.48 1.00 0.00
0.50 4.71 6.66 1.00 0.00
0.50 4.71 6.83 1.00 0.00
0.50 4.71 7.01 1.00 0.00
0.50 4.71 7.18 1.00 0.00
0.50 4.71 7.36 1.00 0.00
0.50 4.71 7.53 1.00 0.00
0.50 4.71 7.71 1.00 0.00
0.70 4.71 4.70 1.00 0.00
0.70 4.71 4.88 1.00 0.00
0.70 4.71 5.05 1.00 0.00
0.70 4.71 5.22 1.00 0.00
0.70 4.71 5.40 1.00 0.00
0.70 4.71 5.57 1.00 0.00
0.70 4.71 5.75 1.00 0.00
0.70 4.71 5.92 1.00 0.00
0.70 4.71 6.10 1.00 0.00
0.70 4.71 6.27 1.00 0.00
0.70 4.71 6.45 1.00 0.00
0.70 4.71 6.62 1.00 0.00
0.70 4.71 6.80 1.00 0.00
0.70 4.71 6.97 1.00 0.00
0.70 4.71 7.14 1.00 0.00
0.70 4.71 7.32 1.00 0.00
0.70 4.71 7.49 1.00 0.00
0.70 4.71 7.67 1.00 0.00
0.90 4.71 4.66 1.00 0.00
0.90 4.71 4.84 1.00 0.00
0.90 4.71 5.01 1.00 0.00
0.90 4.71 5.19 1.00 0.00
0.90 4.71 5.36 1.00 0.00
0.90 4.71 5.54 1.00 0.00
0.90 4.71 5.71 1.00 0.00
0.90 4.71 5.89 1.00 0.00
0.90 4.71 6.06 1.00 0.00
0.90 4.71 6.23 1.00 0.00
0.90 4.71 6.41 1.00 0.00
0.90 4.71 6.58 1.00 0.00
0.90 4.71 6.76 1.00 0.00
0.90 4.71 6.93 1.00 0.00
0.90 4.71 7.11 1.00 0.00
0.90 4.71 7.28 1.00 0.00
0.90 4.71 7.46 1.00 0.00
0.90 4.71 7.63 1.00 0.00
1.10 4.71 4.63 1.00 0.00
1.10 4.71 4.80 1.00 0.00
1.10 4.71 4.98 1.00 0.00
1.10 4.71 5.15 1.00 0.00
1.10 4.71 5.32 1.00 0.00
1.10 4.71 5.50 1.00 0.00
1.10 4.71 5.67 1.00 0.00
1.10 4.71 5.85 1.00 0.00
1.10 4.71 6.02 1.00 0.00
1.10 4.71 6.20 1.00 0.00
1.10 4.71 6.37 1.00 0.00
1.10 4.71 6.55 1.00 0.00
1.10 4.71 6.72 1.00 0.00
1.10 4.71 6.90 1.00 0.00
1.10 4.71 7.07 1.00 0.00
1.10 4.71 7.24 1.00 0.00
1.10 4.71 7.42 1.00 0.00
1.10 4.71 7.59 1.00 0.00
0.30 4.89 4.78 1.00 0.00
0.30 4.89 4.95 1.00 0.00
0.30 4.89 5.13 1.00 0.00
0.30 4.89 5.30 1.00 0.00
0.30 4.89 5.48 1.00 0.00
0.30 4.89 5.65 1.00 0.00
0.30 4.89 5.83 1.00 0.00
0.30 4.89 6.00 1.00 0.00
0.30 4.89 6.17 1.00 0.00
0.30 4.89 6.35 1.00 0.00
0.30 4.89 6.52 1.00 0.00
0.30 4.89 6.70 1.00 0.00
0.30 4.89 6.87 1.00 0.00
0.30 4.89 7.05 1.00 0.00
0.30 4.89 7.22 1.00 0.00
0.30 4.89 7.40 1.00 0.00
0.30 4.89 7.57 1.00 0.00
0.30 4.89 7.75 1.00 0.00
0.50 4.89 4.74 1.00 0.00
0.50 4.89 4.92 1.00 0.00
0.50 4.89 5.09 1.00 0.00
0.50 4.89 5.26 1.00 0.00
0.50 4.89 5.44 1.00 0.00
0.50 4.89 5.61 1.00 0.00
0.50 4.89 5.79 1.00 0.00
0.50 4.89 5.96 1.00 0.00
0.50 4.89 6.14 1.00 0.00
0.50 4.89 6.31 1.00 0.00
0.50 4.89 6.49 1.00 0.00
0.50 4.89 6.66 1.00 0.00
0.50 4.89 6.84 1.00 0.00
0.50 4.89 7.01 1.00 0.00
0.50 4.89 7.18 1.00 0.00
0.50 4.89 7.36 1.00 0.00
0.50 4.89 7.53 1.00 0.00
0.50 4.89 7.71 1.00 0.00
0.70 4.89 4.70 1.00 0.00
0.70 4.89 4.88 1.00 0.00
0.70 4.89 5.05 1.00 0.00
0.70 4.89 5.23 1.00 0.00
0.70 4.89 5.40 1.00 0.00
0.70 4.89 5.58 1.00 0.00
0.70 4.89 5.75 1.00 0.00
0.70 4.89 5.92 1.00 0.00
0.70 4.89 6.10 1.00 0.00
0.70 4.89 6.27 1.00 0.00
0.70 4.89 6.45 1.00 0.00
0.70 4.89 6.62 1.00 0.00
0.70 4.89 6.80 1.00 0.00
0.70 4.89 6.97 1.00 0.00
0.70 4.89 7.15 1.00 0.00
0.70 4.89 7.32 1.00 0.00
0.70 4.89 7.50 1.00 0.00
0.70 4.89 7.67 1.00 0.00
0.90 4.89 4.66 1.00 0.00
0.90 4.89 4.84 1.00 0.00
0.90 4.89 5.01 1.00 0.00
0.90 4.89 5.19 1.00 0.00
0.90 4.89 5.36 1.00 0.00
0.90 4.89 5.54 1.00 0.00
0.90 4.89 5.71 1.00 0.00
0.90 4.89 5.89 1.00 0.00
0.90 4.89 6.06 1.00 0.00
0.90 4.89 6.24 1.00 0.00
0.90 4.89 6.41 1.00 0.00
0.90 4.89 6.58 1.00 0.00
0.90 4.89 6.76 1.00 0.00
0.90 4.89 6.93 1.00 0.00
0.90 4.89 7.11 1.00 0.00
0.90 4.89 7.28 1.00 0.00
0.90 4.89 7.46 1.00 0.00
0.90 4.89 7.63 1.00 0.00
1.10 4.89 4.63 1.00 0.00
1.10 4.89 4.80 1.00 0.00
1.10 4.89 4.98 1.00 0.00
1.10 4.89 5.15 1.00 0.00
1.10 4.89 5.32 1.00 0.00
1.10 4.89 5.50 1.00 0.00
1.10 4.89 5.67 1.00 0.00
1.10 4.89 5.85 1.00 0.00
1.10 4.89 6.02 1.00 0.00
1.10 4.89 6.20 1.00 0.00
1.10 4.89 6.37 1.00 0.00
1.10 4.89 6.55 1.00 0.00
1.10 4.89 6.72 1.00 0.00
1.10 4.89 6.90 1.00 0.00
1.10 4.89 7.07 1.00 0.00
1.10 4.89 7.24 1.00 0.00
1.10 4.89 7.42 1.00 0.00
1.10 4.89 7.59 1.00 0.00
0.30 5.06 4.78 1.00 0.00
0.30 5.06 4.96 1.00 0.00
0.30 5.06 5.13 1.00 0.00
0.30 5.06 5.30 1.00 0.00
0.30 5.06 5.48 1.00 0.00
0.30 5.06 5.65 1.00 0.00
0.30 5.06 5.83 1.00 0.00
0.30 5.06 6.00 1.00 0.00
0.30 5.06 6.18 1.00 0.00
0.30 5.06 6.35 1.00 0.00
0.30 5.06 6.53 1.00 0.00
0.30 5.06 6.70 1.00 0.00
0.30 5.06 6.88 1.00 0.00
0.30 5.06 7.05 1.00 0.00
0.30 5.06 7.22 1.00 0.00
0.30 5.06 7.40 1.00 0.00
0.30 5.06 7.57 1.00 0.00
0.30 5.06 7.75 1.00 0.00
0.50 5.06 4.75 1.00 0.00
0.50 5.06 4.92 1.00 0.00
0.50 5.06 5.09 1.00 0.00
0.50 5.06 5.27 1.00 0.00
0.50 5.06 5.44 1.00 0.00
0.50 5.06 5.62 1.00 0.00
0.50 5.06 5.79 1.00 0.00
0.50 5.06 5.97 1.00 0.00
0.50 5.06 6.14 1.00 0.00
0.50 5.06 6.32 1.00 0.00
0.50 5.06 6.49 1.00 0.00
0.50 5.06 6.67 1.00 0.00
0.50 5.06 6.84 1.00 0.00
0.50 5.06 7.01 1.00 0.00
0.50 5.06 7.19 1.00 0.00
0.50 5.06 7.36 1.00 0.00
0.50 5.06 7.54 1.00 0.00
0.50 5.06 7.71 1.00 0.00
0.70 5.06 4.71 1.00 0.00
0.70 5.06 4.88 1.00 0.00
0.70 5.06 5.06 1.00 0.00
0.70 5.06 5.23 1.00 0.00
0.70 5.06 5.41 1.00 0.00
0.70 5.06 5.58 1.00 0.00
0.70 5.06 5.76 1.00 0.00
0.70 5.06 5.93 1.00 0.00
0.70 5.06 6.11 1.00 0.00
0.70 5.06 6.28 1.00 0.00
0.70 5.06 6.45 1.00 0.00
0.70 5.06 6.63 1.00 0.00
0.70 5.06 6.80 1.00 0.00
0.70 5.06 6.98 1.00 0.00
0.70 5.06 7.15 1.00 0.00
0.70 5.06 7.33 1.00 0.00
0.70 5.06 7.50 1.00 0.00
0.70 5.06 7.68 1.00 0.00
0.90 5.06 4.67 1.00 0.00
0.90 5.06 4.85 1.00 0.00
0.90 5.06 5.02 1.00 0.00
0.90 5.06 5.20 1.00 0.00
0.90 5.06 5.37 1.00 0.00
0.90 5.06 5.54 1.00 0.00
0.90 5.06 5.72 1.00 0.00
0.90 5.06 5.89 1.00 0.00
0.90 5.06 6.07 1.00 0.00
0.90 5.06 6.24 1.00 0.00
0.90 5.06 6.42 1.00 0.00
0.90 5.06 6.59 1.00 0.00
0.90 5.06 6.77 1.00 0.00
0.90 5.06 6.94 1.00 0.00
0.90 5.06 7.11 1.00 0.00
0.90 5.06 7.29 1.00 0.00
0.90 5.06 7.46 1.00 0.00
0.90 5.06 7.64 1.00 0.00
1.10 5.06 4.63 1.00 0.00
1.10 5.06 4.81 1.00 0.00
1.10 5.06 4.98 1.00 0.00
1.10 5.06 5.16 1.00 0.00
1.10 5.06 5.33 1.00 0.00
1.10 5.06 5.51 1.00 0.00
1.10 5.06 5.68 1.00 0.00
1.10 5.06 5.85 1.00 0.00
1.10 5.06 6.03 1.00 0.00
1.10 5.06 6.20 1.00 0.00
1.10 5.06 6.38 1.00 0.00
1.10 5.06 6.55 1.00 0.00
1.10 5.06 6.73 1.00 0.00
1.10 5.06 6.90 1.00 0.00
1.10 5.06 7.08 1.00 0.00
1.10 5.06 7.25 1.00 0.00
1.10 5.06 7.43 1.00 0.00
1.10 5.06 7.60 1.00 0.00
0.30 5.24 4.79 1.00 0.00
0.30 5.24 4.96 1.00 0.00
0.30 5.24 5.14 1.00 0.00
0.30 5.24 5.31 1.00 0.00
0.30 5.24 5.48 1.00 0.00
0.30 5.24 5.66 1.00 0.00
0.30 5.24 5.83 1.00 0.00
0.30 5.24 6.01 1.00 0.00
0.30 5.24 6.18 1.00 0.00
0.30 5.24 6.36 1.00 0.00
0.30 5.24 6.53 1.00 0.00
0.30 5.24 6.71 1.00 0.00
0.30 5.24 6.88 1.00 0.00
0.30 5.24 7.06 1.00 0.00
0.30 5.24 7.23 1.00 0.00
0.30 5.24 7.40 1.00 0.00
0.30 5.24 7.58 1.00 0.00
0.30 5.24 7.75 1.00 0.00
0.50 5.24 4.75 1.00 0.00
0.50 5.24 4.93 1.00 0.00
0.50 5.24 5.10 1.00 0.00
0.50 5.24 5.28 1.00 0.00
0.50 5.24 5.45 1.00 0.00
0.50 5.24 5.63 1.00 0.00
0.50 5.24 5.80 1.00 0.00
0.50 5.24 5.98 1.00 0.00
0.50 5.24 6.15 1.00 0.00
0.50 5.24 6.32 1.00 0.00
0.50 5.24 6.50 1.00 0.00
0.50 5.24 6.67 1.00 0.00
0.50 5.24 6.85 1.00 0.00
0.50 5.24 7.02 1.00 0.00
0.50 5.24 7.20 1.00 0.00
0.50 5.24 7.37 1.00 0.00
0.50 5.24 7.55 1.00 0.00
0.50 5.24 7.72 1.00 0.00
0.70 5.24 4.72 1.00 0.00
0.70 5.24 4.89 1.00 0.00
0.70 5.24 5.07 1.00 0.00
0.70 5.24 5.24 1.00 0.00
0.70 5.24 5.42 1.00 0.00
0.70 5.24 5.59 1.00 0.00
0.70 5.24 5.77 1.00 0.00
0.70 5.24 5.94 1.00 0.00
0.70 5.24 6.12 1.00 0.00
0.70 5.24 6.29 1.00 0.00
0.70 5.24 6.46 1.00 0.00
0.70 5.24 6.64 1.00 0.00
0.70 5.24 6.81 1.00 0.00
0.70 5.24 6.99 1.00 0.00
0.70 5.24 7.16 1.00 0.00
0.70 5.24 7.34 1.00 0.00
0.70 5.24 7.51 1.00 0.00
0.70 5.24 7.69 1.00 0.00
0.90 5.24 4.68 1.00 0.00
0.90 5.24 4.86 1.00 0.00
0.90 5.24 5.03 1.00 0.00
0.90 5.24 5.21 1.00 0.00
0.90 5.24 5.38 1.00 0.00
0.90 5.24 5.56 1.00 0.00
0.90 5.24 5.73 1.00 0.00
0.90 5.24 5.91 1.00 0.00
0.90 5.24 6.08 1.00 0.00
0.90 5.24 6.25 1.00 0.00
0.90 5.24 6.43 1.00 0.00
0.90 5.24 6.60 1.00 0.00
0.90 5.24 6.78 1.00 0.00
0.90 5.24 6.95 1.00 0.00
0.90 5.24 7.13 1.00 0.00
0.90 5.24 7.30 1.00 0.00
0.90 5.24 7.48 1.00 0.00
0.90 5.24 7.65 1.00 0.00
1.10 5.24 4.65 1.00 0.00
1.10 5.24 4.82 1.00 0.00
1.10 5.24 5.00 1.00 0.00
1.10 5.24 5.17 1.00 0.00
1.10 5.24 5.35 1.00 0.00
1.10 5.24 5.52 1.00 0.00
1.10 5.24 5.69 1.00 0.00
1.10 5.24 5.87 1.00 0.00
1.10 5.24 6.04 1.00 0.00
1.10 5.24 6.22 1.00 0.00
1.10 5.24 6.39 1.00 0.00
1.10 5.24 6.57 1.00 0.00
1.10 5.24 6.74 1.00 0.00
1.10 5.24 6.92 1.00 0.00
1.10 5.24 7.09 1.00 0.00
1.10 5.24 7.26 1.00 0.00
1.10 5.24 7.44 1.00 0.00
1.10 5.24 7.61 1.00 0.00
0.30 5.41 4.79 1.00 0.00
0.30 5.41 4.97 1.00 0.00
0.30 5.41 5.14 1.00 0.00
0.30 5.41 5.32 1.00 0.00
0.30 5.41 5.49 1.00 0.00
0.30 5.41 5.67 1.00 0.00
0.30 5.41 5.84 1.00 0.00
0.30 5.41 6.01 1.00 0.00
0.30 5.41 6.19 1.00 0.00
0.30 5.41 6.36 1.00 0.00
0.30 5.41 6.54 1.00 0.00
0.30 5.41 6.71 1.00 0.00
0.30 5.41 6.89 1.00 0.00
0.30 5.41 7.06 1.00 0.00
0.30 5.41 7.24 1.00 0.00
0.30 5.41 7.41 1.00 0.00
0.30 5.41 7.59 1.00 0.00
0.30 5.41 7.76 1.00 0.00
0.50 5.41 4.76 1.00 0.00
0.50 5.41 4.94 1.00 0.00
0.50 5.41 5.11 1.00 0.00
0.50 5.41 5.29 1.00 0.00
0.50 5.41 5.46 1.00 0.00
0.50 5.41 5.64 1.00 0.00
0.50 5.41 5.81 1.00 0.00
0.50 5.41 5.99 1.00 0.00
0.50 5.41 6.16 1.00 0.00
0.50 5.41 6.33 1.00 0.00
0.50 5.41 6.51 1.00 0.00
0.50 5.41 6.68 1.00 0.00
0.50 5.41 6.86 1.00 0.00
0.50 5.41 7.03 1.00 0.00
0.50 5.41 7.21 1.00 0.00
0.50 5.41 7.38 1.00 0.00
0.50 5.41 7.56 1.00 0.00
0.50 5.41 7.73 1.00 0.00
0.70 5.41 4.73 1.00 0.00
0.70 5.41 4.91 1.00 0.00
0.70 5.41 5.08 1.00 0.00
0.70 5.41 5.26 1.00 0.00
0.70 5.41 5.43 1.00 0.00
0.70 5.41 5.61 1.00 0.00
0.70 5.41 5.78 1.00 0.00
0.70 5.41 5.96 1.00 0.00
0.70 5.41 6.13 1.00 0.00
0.70 5.41 6.30 1.00 0.00
0.70 5.41 6.48 1.00 0.00
0.70 5.41 6.65 1.00 0.00
0.70 5.41 6.83 1.00 0.00
0.70 5.41 7.00 1.00 0.00
0.70 5.41 7.18 1.00 0.00
0.70 5.41 7.35 1.00 0.00
0.70 5.41 7.53 1.00 0.00
0.70 5.41 7.70 1.00 0.00
0.90 5.41 4.70 1.00 0.00
0.90 5.41 4.88 1.00 0.00
0.90 5.41 5.05 1.00 0.00
0.90 5.41 5.23 1.00 0.00
0.90 5.41 5.40 1.00 0.00
0.90 5.41 5.57 1.00 0.00
0.90 5.41 5.75 1.00 0.00
0.90 5.41 5.92 1.00 0.00
0.90 5.41 6.10 1.00 0.00
0.90 5.41 6.27 1.00 0.00
0.90 5.41 6.45 1.00 0.00
0.90 5.41 6.62 1.00 0.00
0.90 5.41 6.80 1.00 0.00
0.90 5.41 6.97 1.00 0.00
0.90 5.41 7.15 1.00 0.00
0.90 5.41 7.32 1.00 0.00
0.90 5.41 7.49 1.00 0.00
0.90 5.41 7.67 1.00 0.00
1.10 5.41 4.67 1.00 0.00
1.10 5.41 4.84 1.00 0.00
1.10 5.41 5.02 1.00 0.00
1.10 5.41 5.19 1.00 0.00
1.10 5.41 5.37 1.00 0.00
1.10 5.41 5.54 1.00 0.00
1.10 5.41 5.72 1.00 0.00
1.10 5.41 5.89 1.00 0.00
1.10 5.41 6.06 1.00 0.00
1.10 5.41 6.24 1.00 0.00
1.10 5.41 6.41 1.00 0.00
1.10 5.41 6.59 1.00 0.00
1.10 5.41 6.76 1.00 0.00
1.10 5.41 6.94 1.00 0.00
1.10 5.41 7.11 1.00 0.00
1.10 5.41 7.29 1.00 0.00
1.10 5.41 7.46 1.00 0.00
1.10 5.41 7.64 1.00 0.00
0.30 5.59 4.80 1.00 0.00
0.30 5.59 4.97 1.00 0.00
0.30 5.59 5.15 1.00 0.00
0.30 5.59 5.32 1.00 0.00
0.30 5.59 5.50 1.00 0.00
0.30 5.59 5.67 1.00 0.00
0.30 5.59 5.85 1.00 0.00
0.30 5.59 6.02 1.00 0.00
0.30 5.59 6.20 1.00 0.00
0.30 5.59 6.37 1.00 0.00
0.30 5.59 6.55 1.00 0.00
0.30 5.59 6.72 1.00 0.00
0.30 5.59 6.89 1.00 0.00
0.30 5.59 7.07 1.00 0.00
0.30 5.59 7.24 1.00 0.00
0.30 5.59 7.42 1.00 0.00
0.30 5.59 7.59 1.00 0.00
0.30 5.59 7.77 1.00 0.00
0.50 5.59 4.78 1.00 0.00
0.50 5.59 4.95 1.00 0.00
0.50 5.59 5.13 1.00 0.00
0.50 5.59 5.30 1.00 0.00
0.50 5.59 5.48 1.00 0.00
0.50 5.59 5.65 1.00 0.00
0.50 5.59 5.82 1.00 0.00
0.50 5.59 6.00 1.00 0.00
0.50 5.59 6.17 1.00 0.00
0.50 5.59 6.35 1.00 0.00
0.50 5.59 6.52 1.00 0.00
0.50 5.59 6.70 1.00 0.00
0.50 5.59 6.87 1.00 0.00
0.50 5.59 7.05 1.00 0.00
0.50 5.59 7.22 1.00 0.00
0.50 5.59 7.40 1.00 0.00
0.50 5.59 7.57 1.00 0.00
0.50 5.59 7.74 1.00 0.00
0.70 5.59 4.75 1.00 0.00
0.70 5.59 4.93 1.00 0.00
0.70 5.59 5.10 1.00 0.00
0.70 5.59 5.28 1.00 0.00
0.70 5.59 5.45 1.00 0.00
0.70 5.59 5.63 1.00 0.00
0.70 5.59 5.80 1.00 0.00
0.70 5.59 5.97 1.00 0.00
0.70 5.59 6.15 1.00 0.00
0.70 5.59 6.32 1.00 0.00
0.70 5.59 6.50 1.00 0.00
0.70 5.59 6.67 1.00 0.00
0.70 5.59 6.85 1.00 0.00
0.70 5.59 7.02 1.00 0.00
0.70 5.59 7.20 1.00 0.00
0.70 5.59 7.37 1.00 0.00
0.70 5.59 7.54 1.00 0.00
0.70 5.59 7.72 1.00 0.00
0.90 5.59 4.73 1.00 0.00
0.90 5.59 4.90 1.00 0.00
0.90 5.59 5.07 1.00 0.00
0.90 5.59 5.25 1.00 0.00
0.90 5.59 5.42 1.00 0.00
0.90 5.59 5.60 1.00 0.00
0.90 5.59 5.77 1.00 0.00
0.90 5.59 5.95 1.00 0.00
0.90 5.59 6.12 1.00 0.00
0.90 5.59 6.30 1.00 0.00
0.90 5.59 6.47 1.00 0.00
0.90 5.59 6.65 1.00 0.00
0.90 5.59 6.82 1.00 0.00
0.90 5.59 6.99 1.00 0.00
0.90 5.59 7.17 1.00 0.00
0.90 5.59 7.34 1.00 0.00
0.90 5.59 7.52 1.00 0.00
0.90 5.59 7.69 1.00 0.00
1.10 5.59 4.70 1.00 0.00
1.10 5.59 4.87 1.00 0.00
1.10 5.59 5.05 1.00 0.00
1.10 5.59 5.22 1.00 0.00
1.10 5.59 5.40 1.00 0.00
1.10 5.59 5.57 1.00 0.00
1.10 5.59 5.74 1.00 0.00
1.10 5.59 5.92 1.00 0.00
1.10 5.59 6.09 1.00 0.00
1.10 5.59 6.27 1.00 0.00
1.10 5.59 6.44 1.00 0.00
1.10 5.59 6.62 1.00 0.00
1.10 5.59 6.79 1.00 0.00
1.10 5.59 6.97 1.00 0.00
1.10 5.59 7.14 1.00 0.00
1.10 5.59 7.32 1.00 0.00
1.10 5.59 7.49 1.00 0.00
1.10 5.59 7.66 1.00 0.00
0.30 5.76 4.81 1.00 0.00
0.30 5.76 4.98 1.00 0.00
0.30 5.76 5.16 1.00 0.00
0.30 5.76 5.33 1.00 0.00
0.30 5.76 5.51 1.00 0.00
0.30 5.76 5.68 1.00 0.00
0.30 5.76 5.86 1.00 0.00
0.30 5.76 6.03 1.00 0.00
0.30 5.76 6.21 1.00 0.00
0.30 5.76 6.38 1.00 0.00
0.30 5.76 6.55 1.00 0.00
0.30 5.76 6.73 1.00 0.00
0.30 5.76 6.90 1.00 0.00
0.30 5.76 7.08 1.00 0.00
0.30 5.76 7.25 1.00 0.00
0.30 5.76 7.43 1.00 0.00
0.30 5.76 7.60 1.00 0.00
0.30 5.76 7.78 1.00 0.00
0.50 5.76 4.79 1.00 0.00
0.50 5.76 4.97 1.00 0.00
0.50 5.76 5.14 1.00 0.00
0.50 5.76 5.32 1.00 0.00
0.50 5.76 5.49 1.00 0.00
0.50 5.76 5.67 1.00 0.00
0.50 5.76 5.84 1.00 0.00
0.50 5.76 6.01 1.00 0.00
0.50 5.76 6.19 1.00 0.00
0.50 5.76 6.36 1.00 0.00
0.50 5.76 6.54 1.00 0.00
0.50 5.76 6.71 1.00 0.00
0.50 5.76 6.89 1.00 0.00
0.50 5.76 7.06 1.00 0.00
0.50 5.76 7.24 1.00 0.00
0.50 5.76 7.41 1.00 0.00
0.50 5.76 7.58 1.00 0.00
0.50 5.76 7.76 1.00 0.00
0.70 5.76 4.77 1.00 0.00
0.70 5.76 4.95 1.00 0.00
0.70 5.76 5.12 1.00 0.00
0.70 5.76 5.30 1.00 0.00
0.70 5.76 5.47 1.00 0.00
0.70 5.76 5.65 1.00 0.00
0.70 5.76 5.82 1.00 0.00
0.70 5.76 6.00 1.00 0.00
0.70 5.76 6.17 1.00 0.00
0.70 5.76 6.34 1.00 0.00
0.70 5.76 6.52 1.00 0.00
0.70 5.76 6.69 1.00 0.00
0.70 5.76 6.87 1.00 0.00
0.70 5.76 7.04 1.00 0.00
0.70 5.76 7.22 1.00 0.00
0.70 5.76 7.39 1.00 0.00
0.70 5.76 7.57 1.00 0.00
0.70 5.76 7.74 1.00 0.00
0.90 5.76 4.75 1.00 0.00
0.90 5.76 4.93 1.00 0.00
0.90 5.76 5.10 1.00 0.00
0.90 5.76 5.28 1.00 0.00
0.90 5.76 5.45 1.00 0.00
0.90 5.76 5.63 1.00 0.00
0.90 5.76 5.80 1.00 0.00
0.90 5.76 5.98 1.00 0.00
0.90 5.76 6.15 1.00 0.00
0.90 5.76 6.33 1.00 0.00
0.90 5.76 6.50 1.00 0.00
0.90 5.76 6.67 1.00 0.00
0.90 5.76 6.85 1.00 0.00
0.90 5.76 7.02 1.00 0.00
0.90 5.76 7.20 1.00 0.00
0.90 5.76 7.37 1.00 0.00
0.90 5.76 7.55 1.00 0.00
0.90 5.76 7.72 1.00 0.00
1.10 5.76 4.73 1.00 0.00
1.10 5.76 4.91 1.00 0.00
1.10 5.76 5.08 1.00 0.00
1.10 5.76 5.26 1.00 0.00
1.10 5.76 5.43 1.00 0.00
1.10 5.76 5.61 1.00 0.00
1.10 5.76 5.78 1.00 0.00
1.10 5.76 5.96 1.00 0.00
1.10 5.76 6.13 1.00 0.00
1.10 5.76 6.30 1.00 0.00
1.10 5.76 6.48 1.00 0.00
1.10 5.76 6.65 1.00 0.00
1.10 5.76 6.83 1.00 0.00
1.10 5.76 7.00 1.00 0.00
1.10 5.76 7.18 1.00 0.00
1.10 5.76 7.35 1.00 0.00
1.10 5.76 7.53 1.00 0.00
1.10 5.76 7.70 1.00 0.00
0.30 5.93 4.82 1.00 0.00
0.30 5.93 4.99 1.00 0.00
0.30 5.93 5.17 1.00 0.00
0.30 5.93 5.34 1.00 0.00
0.30 5.93 5.52 1.00 0.00
0.30 5.93 5.69 1.00 0.00
0.30 5.93 5.87 1.00 0.00
0.30 5.93 6.04 1.00 0.00
0.30 5.93 6.22 1.00 0.00
0.30 5.93 6.39 1.00 0.00
0.30 5.93 6.56 1.00 0.00
0.30 5.93 6.74 1.00 0.00
0.30 5.93 6.91 1.00 0.00
0.30 5.93 7.09 1.00 0.00
0.30 5.93 7.26 1.00 0.00
0.30 5.93 7.44 1.00 0.00
0.30 5.93 7.61 1.00 0.00
0.30 5.93 7.79 1.00 0.00
0.50 5.93 4.81 1.00 0.00
0.50 5.93 4.98 1.00 0.00
0.50 5.93 5.16 1.00 0.00
0.50 5.93 5.33 1.00 0.00
0.50 5.93 5.51 1.00 0.00
0.50 5.93 5.68 1.00 0.00
0.50 5.93 5.86 1.00 0.00
0.50 5.93 6.03 1.00 0.00
0.50 5.93 6.21 1.00 0.00
0.50 5.93 6.38 1.00 0.00
0.50 5.93 6.55 1.00 0.00
0.50 5.93 6.73 1.00 0.00
0.50 5.93 6.90 1.00 0.00
0.50 5.93 7.08 1.00 0.00
0.50 5.93 7.25 1.00 0.00
0.50 5.93 7.43 1.00 0.00
0.50 5.93 7.60 1.00 0.00
0.50 5.93 7.78 1.00 0.00
0.70 5.93 4.80 1.00 0.00
0.70 5.93 4.97 1.00 0.00
0.70 5.93 5.15 1.00 0.00
0.70 5.93 5.32 1.00 0.00
0.70 5.93 5.50 1.00 0.00
0.70 5.93 5.67 1.00 0.00
0.70 5.93 5.85 1.00 0.00
0.70 5.93 6.02 1.00 0.00
0.70 5.93 6.19 1.00 0.00
0.70 5.93 6.37 1.00 0.00
0.70 5.93 6.54 1.00 0.00
0.70 5.93 6.72 1.00 0.00
0.70 5.93 6.89 1.00 0.00
0.70 5.93 7.07 1.00 0.00
0.70 5.93 7.24 1.00 0.00
0.70 5.93 7.42 1.00 0.00
0.70 5.93 7.59 1.00 0.00
0.70 5.93 7.77 1.00 0.00
0.90 5.93 4.79 1.00 0.00
0.90 5.93 4.96 1.00 0.00
0.90 5.93 5.14 1.00 0.00
0.90 5.93 5.31 1.00 0.00
0.90 5.93 5.49 1.00 0.00
0.90 5.93 5.66 1.00 0.00
0.90 5.93 5.83 1.00 0.00
0.90 5.93 6.01 1.00 0.00
0.90 5.93 6.18 1.00 0.00
0.90 5.93 6.36 1.00 0.00
0.90 5.93 6.53 1.00 0.00
0.90 5.93 6.71 1.00 0.00
0.90 5.93 6.88 1.00 0.00
0.90 5.93 7.06 1.00 0.00
0.90 5.93 7.23 1.00 0.00
0.90 5.93 7.40 1.00 0.00
0.90 5.93 7.58 1.00 0.00
0.90 5.93 7.75 1.00 0.00
1.10 5.93 4.77 1.00 0.00
1.10 5.93 4.95 1.00 0.00
1.10 5.93 5.12 1.00 0.00
1.10 5.93 5.30 1.00 0.00
1.10 5.93 5.47 1.00 0.00
1.10 5.93 5.65 1.00 0.00
1.10 5.93 5.82 1.00 0.00
1.10 5.93 6.00 1.00 0.00
1.10 5.93 6.17 1.00 0.00
1.10 5.93 6.35 1.00 0.00
1.10 5.93 6.52 1.00 0.00
1.10 5.93 6.69 1.00 0.00
1.10 5.93 6.87 1.00 0.00
1.10 5.93 7.04 1.00 0.00
1.10 5.93 7.22 1.00 0.00
1.10 5.93 7.39 1.00 0.00
1.10 5.93 7.57 1.00 0.00
1.10 5.93 7.74 1.00 0.00
0.30 6.11 4.83 1.00 0.00
0.30 6.11 5.00 1.00 0.00
0.30 6.11 5.18 1.00 0.00
0.30 6.11 5.35 1.00 0.00
0.30 6.11 5.53 1.00 0.00
0.30 6.11 5.70 1.00 0.00
0.30 6.11 5.88 1.00 0.00
0.30 6.11 6.05 1.00 0.00
0.30 6.11 6.23 1.00 0.00
0.30 6.11 6.40 1.00 0.00
0.30 6.11 6.57 1.00 0.00
0.30 6.11 6.75 1.00 0.00
0.30 6.11 6.92 1.00 0.00
0.30 6.11 7.10 1.00 0.00
0.30 6.11 7.27 1.00 0.00
0.30 6.11 7.45 1.00 0.00
0.30 6.11 7.62 1.00 0.00
0.30 6.11 7.80 1.00 0.00
0.50 6.11 4.83 1.00 0.00
0.50 6.11 5.00 1.00 0.00
0.50 6.11 5.18 1.00 0.00
0.50 6.11 5.35 1.00 0.00
0.50 6.11 5.53 1.00 0.00
0.50 6.11 5.70 1.00 0.00
0.50 6.11 5.87 1.00 0.00
0.50 6.11 6.05 1.00 0.00
0.50 6.11 6.22 1.00 0.00
0.50 6.11 6.40 1.00 0.00
0.50 6.11 6.57 1.00 0.00
0.50 6.11 6.75 1.00 0.00
0.50 6.11 6.92 1.00 0.00
0.50 6.11 7.10 1.00 0.00
0.50 6.11 7.27 1.00 0.00
0.50 6.11 7.44 1.00 0.00
0.50 6.11 7.62 1.00 0.00
0.50 6.11 7.79 1.00 0.00
0.70 6.11 4.82 1.00 0.00
0.70 6.11 5.00 1.00 0.00
0.70 6.11 5.17 1.00 0.00
0.70 6.11 5.35 1.00 0.00
0.70 6.11 5.52 1.00 0.00
0.70 6.11 5.70 1.00 0.00
0.70 6.11 5.87 1.00 0.00
0.70 6.11 6.05 1.00 0.00
0.70 6.11 6.22 1.00 0.00
0.70 6.11 6.40 1.00 0.00
0.70 6.11 6.57 1.00 0.00
0.70 6.11 6.74 1.00 0.00
0.70 6.11 6.92 1.00 0.00
0.70 6.11 7.09 1.00 0.00
0.70 6.11 7.27 1.00 0.00
0.70 6.11 7.44 1.00 0.00
0.70 6.11 7.62 1.00 0.00
0.70 6.11 7.79 1.00 0.00
0.90 6.11 4.82 1.00 0.00
0.90 6.11 5.00 1.00 0.00
0.90 6.11 5.17 1.00 0.00
0.90 6.11 5.35 1.00 0.00
0.90 6.11 5.52 1.00 0.00
0.90 6.11 5.69 1.00 0.00
0.90 6.11 5.87 1.00 0.00
0.90 6.11 6.04 1.00 0.00
0.90 6.11 6.22 1.00 0.00
0.90 6.11 6.39 1.00 0.00
0.90 6.11 6.57 1.00 0.00
0.90 6.11 6.74 1.00 0.00
0.90 6.11 6.92 1.00 0.00
0.90 6.11 7.09 1.00 0.00
0.90 6.11 7.27 1.00 0.00
0.90 6.11 7.44 1.00 0.00
0.90 6.11 7.61 1.00 0.00
0.90 6.11 7.79 1.00 0.00
1.10 6.11 4.82 1.00 0.00
1.10 6.11 4.99 1.00 0.00
1.10 6.11 5.17 1.00 0.00
1.10 6.11 5.34 1.00 0.00
1.10 6.11 5.52 1.00 0.00
1.10 6.11 5.69 1.00 0.00
1.10 6.11 5.87 1.00 0.00
1.10 6.11 6.04 1.00 0.00
1.10 6.11 6.21 1.00 0.00
1.10 6.11 6.39 1.00 0.00
1.10 6.11 6.56 1.00 0.00
1.10 6.11 6.74 1.00 0.00
1.10 6.11 6.91 1.00 0.00
1.10 6.11 7.09 1.00 0.00
1.10 6.11 7.26 1.00 0.00
1.10 6.11 7.44 1.00 0.00
1.10 6.11 7.61 1.00 0.00
1.10 6.11 7.79 1.00 0.00
