2.76 0.10 0.01
2.56 0.10 0.04
2.37 0.10 0.07
2.17 0.10 0.11
1.97 0.10 0.14
2.76 0.10 -0.05
2.56 0.10 -0.05
2.36 0.10 -0.05
2.16 0.10 -0.05
1.96 0.10 -0.05
2.76 0.10 -0.10
2.56 0.10 -0.13
2.37 0.10 -0.17
2.17 0.10 -0.20
1.97 0.10 -0.24
2.77 0.10 -0.15
2.59 0.10 -0.22
2.40 0.10 -0.29
2.21 0.10 -0.36
2.02 0.10 -0.43
2.80 0.10 -0.20
2.62 0.10 -0.30
2.45 0.10 -0.40
2.28 0.10 -0.50
2.10 0.10 -0.60
2.83 0.10 -0.24
2.67 0.10 -0.37
2.52 0.10 -0.50
2.37 0.10 -0.63
2.22 0.10 -0.76
2.86 0.10 -0.28
2.74 0.10 -0.43
2.61 0.10 -0.58
2.48 0.10 -0.74
2.35 0.10 -0.89
2.91 0.10 -0.30
2.81 0.10 -0.48
2.71 0.10 -0.65
2.61 0.10 -0.83
2.51 0.10 -1.00
2.95 0.10 -0.33
2.89 0.10 -0.52
2.82 0.10 -0.70
2.75 0.10 -0.89
2.68 0.10 -1.08
3.00 0.10 -0.34
2.97 0.10 -0.54
2.94 0.10 -0.73
2.90 0.10 -0.93
2.87 0.10 -1.13
3.06 0.10 -0.34
3.06 0.10 -0.54
3.06 0.10 -0.74
3.06 0.10 -0.94
3.06 0.10 -1.14
3.11 0.10 -0.34
3.14 0.10 -0.54
3.18 0.10 -0.73
3.22 0.10 -0.93
3.25 0.10 -1.13
3.16 0.10 -0.33
3.23 0.10 -0.51
3.30 0.10 -0.70
3.37 0.10 -0.89
3.44 0.10 -1.08
3.21 0.10 -0.30
3.31 0.10 -0.48
3.41 0.10 -0.65
3.51 0.10 -0.82
3.61 0.10 -0.99
3.25 0.10 -0.27
3.38 0.10 -0.43
3.51 0.10 -0.58
3.64 0.10 -0.73
3.77 0.10 -0.88
3.29 0.10 -0.24
3.44 0.10 -0.36
3.59 0.10 -0.49
3.75 0.10 -0.62
3.90 0.10 -0.75
3.32 0.10 -0.19
3.49 0.10 -0.29
3.66 0.10 -0.39
3.84 0.10 -0.49
4.01 0.10 -0.59
3.34 0.10 -0.15
3.53 0.10 -0.21
3.71 0.10 -0.28
3.90 0.10 -0.35
4.09 0.10 -0.42
3.35 0.10 -0.10
3.55 0.10 -0.13
3.74 0.10 -0.16
3.94 0.10 -0.20
4.14 0.10 -0.23
3.36 0.10 -0.04
3.56 0.10 -0.04
3.76 0.10 -0.04
3.96 0.10 -0.04
4.16 0.10 -0.04
3.35 0.10 0.01
3.55 0.10 0.04
3.74 0.10 0.08
3.94 0.10 0.12
4.14 0.10 0.15
3.34 0.10 0.06
3.52 0.10 0.13
3.71 0.10 0.20
3.90 0.10 0.27
4.09 0.10 0.34
3.31 0.10 0.11
3.49 0.10 0.21
3.66 0.10 0.31
3.83 0.10 0.41
4.01 0.10 0.51
3.28 0.10 0.15
3.44 0.10 0.28
3.59 0.10 0.41
3.74 0.10 0.54
3.89 0.10 0.67
3.25 0.10 0.19
3.37 0.10 0.34
3.50 0.10 0.49
3.63 0.10 0.65
3.76 0.10 0.80
3.20 0.10 0.22
3.30 0.10 0.39
3.40 0.10 0.56
3.50 0.10 0.74
3.60 0.10 0.91
3.16 0.10 0.24
3.22 0.10 0.43
3.29 0.10 0.61
3.36 0.10 0.80
3.43 0.10 0.99
3.11 0.10 0.25
3.14 0.10 0.45
3.17 0.10 0.65
3.21 0.10 0.84
3.24 0.10 1.04
3.05 0.10 0.26
3.05 0.10 0.46
3.05 0.10 0.66
3.05 0.10 0.86
3.05 0.10 1.06
3.00 0.10 0.25
2.97 0.10 0.45
2.93 0.10 0.64
2.90 0.10 0.84
2.86 0.10 1.04
2.95 0.10 0.24
2.88 0.10 0.42
2.81 0.10 0.61
2.74 0.10 0.80
2.67 0.10 0.99
2.90 0.10 0.21
2.80 0.10 0.39
2.70 0.10 0.56
2.60 0.10 0.73
2.50 0.10 0.91
2.86 0.10 0.18
2.73 0.10 0.34
2.60 0.10 0.49
2.47 0.10 0.64
2.34 0.10 0.80
2.82 0.10 0.15
2.67 0.10 0.28
2.52 0.10 0.40
2.36 0.10 0.53
2.21 0.10 0.66
2.79 0.10 0.10
2.62 0.10 0.20
2.45 0.10 0.30
2.27 0.10 0.40
2.10 0.10 0.50
2.77 0.10 0.06
2.58 0.10 0.12
2.40 0.10 0.19
2.21 0.10 0.26
2.02 0.10 0.33
