0.30 0.00 4.79 1.00 0.00
0.30 0.00 4.96 1.00 0.00
0.30 0.00 5.14 1.00 0.00
0.30 0.00 5.31 1.00 0.00
0.30 0.00 5.48 1.00 0.00
0.30 0.00 5.66 1.00 0.00
0.30 0.00 5.83 1.00 0.00
0.30 0.00 6.01 1.00 0.00
0.30 0.00 6.18 1.00 0.00
0.30 0.00 6.36 1.00 0.00
0.30 0.00 6.53 1.00 0.00
0.30 0.00 6.71 1.00 0.00
0.30 0.00 6.88 1.00 0.00
0.30 0.00 7.06 1.00 0.00
0.30 0.00 7.23 1.00 0.00
0.30 0.00 7.40 1.00 0.00
0.30 0.00 7.58 1.00 0.00
0.30 0.00 7.75 1.00 0.00
0.50 0.00 4.79 1.00 0.00
0.50 0.00 4.96 1.00 0.00
0.50 0.00 5.14 1.00 0.00
0.50 0.00 5.31 1.00 0.00
0.50 0.00 5.49 1.00 0.00
0.50 0.00 5.66 1.00 0.00
0.50 0.00 5.84 1.00 0.00
0.50 0.00 6.01 1.00 0.00
0.50 0.00 6.19 1.00 0.00
0.50 0.00 6.36 1.00 0.00
0.50 0.00 6.54 1.00 0.00
0.50 0.00 6.71 1.00 0.00
0.50 0.00 6.88 1.00 0.00
0.50 0.00 7.06 1.00 0.00
0.50 0.00 7.23 1.00 0.00
0.50 0.00 7.41 1.00 0.00
0.50 0.00 7.58 1.00 0.00
0.50 0.00 7.76 1.00 0.00
0.70 0.00 4.79 1.00 0.00
0.70 0.00 4.97 1.00 0.00
0.70 0.00 5.14 1.00 0.00
0.70 0.00 5.32 1.00 0.00
0.70 0.00 5.49 1.00 0.00
0.70 0.00 5.67 1.00 0.00
0.70 0.00 5.84 1.00 0.00
0.70 0.00 6.01 1.00 0.00
0.70 0.00 6.19 1.00 0.00
0.70 0.00 6.36 1.00 0.00
0.70 0.00 6.54 1.00 0.00
0.70 0.00 6.71 1.00 0.00
0.70 0.00 6.89 1.00 0.00
0.70 0.00 7.06 1.00 0.00
0.70 0.00 7.24 1.00 0.00
0.70 0.00 7.41 1.00 0.00
0.70 0.00 7.59 1.00 0.00
0.70 0.00 7.76 1.00 0.00
0.90 0.00 4.80 1.00 0.00
0.90 0.00 4.97 1.00 0.00
0.90 0.00 5.15 1.00 0.00
0.90 0.00 5.32 1.00 0.00
0.90 0.00 5.49 1.00 0.00
0.90 0.00 5.67 1.00 0.00
0.90 0.00 5.84 1.00 0.00
0.90 0.00 6.02 1.00 0.00
0.90 0.00 6.19 1.00 0.00
0.90 0.00 6.37 1.00 0.00
0.90 0.00 6.54 1.00 0.00
0.90 0.00 6.72 1.00 0.00
0.90 0.00 6.89 1.00 0.00
0.90 0.00 7.07 1.00 0.00
0.90 0.00 7.24 1.00 0.00
0.90 0.00 7.41 1.00 0.00
0.90 0.00 7.59 1.00 0.00
0.90 0.00 7.76 1.00 0.00
1.10 0.00 4.80 1.00 0.00
1.10 0.00 4.98 1.00 0.00
1.10 0.00 5.15 1.00 0.00
1.10 0.00 5.32 1.00 0.00
1.10 0.00 5.50 1.00 0.00
1.10 0.00 5.67 1.00 0.00
1.10 0.00 5.85 1.00 0.00
1.10 0.00 6.02 1.00 0.00
1.10 0.00 6.20 1.00 0.00
1.10 0.00 6.37 1.00 0.00
1.10 0.00 6.55 1.00 0.00
1.10 0.00 6.72 1.00 0.00
1.10 0.00 6.90 1.00 0.00
1.10 0.00 7.07 1.00 0.00
1.10 0.00 7.24 1.00 0.00
1.10 0.00 7.42 1.00 0.00
1.10 0.00 7.59 1.00 0.00
1.10 0.00 7.77 1.00 0.00
0.30 0.17 4.80 1.00 0.00
0.30 0.17 4.97 1.00 0.00
0.30 0.17 5.15 1.00 0.00
0.30 0.17 5.32 1.00 0.00
0.30 0.17 5.50 1.00 0.00
0.30 0.17 5.67 1.00 0.00
0.30 0.17 5.84 1.00 0.00
0.30 0.17 6.02 1.00 0.00
0.30 0.17 6.19 1.00 0.00
0.30 0.17 6.37 1.00 0.00
0.30 0.17 6.54 1.00 0.00
0.30 0.17 6.72 1.00 0.00
0.30 0.17 6.89 1.00 0.00
0.30 0.17 7.07 1.00 0.00
0.30 0.17 7.24 1.00 0.00
0.30 0.17 7.41 1.00 0.00
0.30 0.17 7.59 1.00 0.00
0.30 0.17 7.76 1.00 0.00
0.50 0.17 4.81 1.00 0.00
0.50 0.17 4.98 1.00 0.00
0.50 0.17 5.16 1.00 0.00
0.50 0.17 5.33 1.00 0.00
0.50 0.17 5.51 1.00 0.00
0.50 0.17 5.68 1.00 0.00
0.50 0.17 5.85 1.00 0.00
0.50 0.17 6.03 1.00 0.00
0.50 0.17 6.20 1.00 0.00
0.50 0.17 6.38 1.00 0.00
0.50 0.17 6.55 1.00 0.00
0.50 0.17 6.73 1.00 0.00
0.50 0.17 6.90 1.00 0.00
0.50 0.17 7.08 1.00 0.00
0.50 0.17 7.25 1.00 0.00
0.50 0.17 7.43 1.00 0.00
0.50 0.17 7.60 1.00 0.00
0.50 0.17 7.77 1.00 0.00
0.70 0.17 4.82 1.00 0.00
0.70 0.17 4.99 1.00 0.00
0.70 0.17 5.17 1.00 0.00
0.70 0.17 5.34 1.00 0.00
0.70 0.17 5.52 1.00 0.00
0.70 0.17 5.69 1.00 0.00
0.70 0.17 5.87 1.00 0.00
0.70 0.17 6.04 1.00 0.00
0.70 0.17 6.22 1.00 0.00
0.70 0.17 6.39 1.00 0.00
0.70 0.17 6.56 1.00 0.00
0.70 0.17 6.74 1.00 0.00
0.70 0.17 6.91 1.00 0.00
0.70 0.17 7.09 1.00 0.00
0.70 0.17 7.26 1.00 0.00
0.70 0.17 7.44 1.00 0.00
0.70 0.17 7.61 1.00 0.00
0.70 0.17 7.79 1.00 0.00
0.90 0.17 4.83 1.00 0.00
0.90 0.17 5.01 1.00 0.00
0.90 0.17 5.18 1.00 0.00
0.90 0.17 5.35 1.00 0.00
0.90 0.17 5.53 1.00 0.00
0.90 0.17 5.70 1.00 0.00
0.90 0.17 5.88 1.00 0.00
0.90 0.17 6.05 1.00 0.00
0.90 0.17 6.23 1.00 0.00
0.90 0.17 6.40 1.00 0.00
0.90 0.17 6.58 1.00 0.00
0.90 0.17 6.75 1.00 0.00
0.90 0.17 6.93 1.00 0.00
0.90 0.17 7.10 1.00 0.00
0.90 0.17 7.27 1.00 0.00
0.90 0.17 7.45 1.00 0.00
0.90 0.17 7.62 1.00 0.00
0.90 0.17 7.80 1.00 0.00
1.10 0.17 4.84 1.00 0.00
1.10 0.17 5.02 1.00 0.00
1.10 0.17 5.19 1.00 0.00
1.10 0.17 5.37 1.00 0.00
1.10 0.17 5.54 1.00 0.00
1.10 0.17 5.72 1.00 0.00
1.10 0.17 5.89 1.00 0.00
1.10 0.17 6.07 1.00 0.00
1.10 0.17 6.24 1.00 0.00
1.10 0.17 6.42 1.00 0.00
1.10 0.17 6.59 1.00 0.00
1.10 0.17 6.76 1.00 0.00
1.10 0.17 6.94 1.00 0.00
1.10 0.17 7.11 1.00 0.00
1.10 0.17 7.29 1.00 0.00
1.10 0.17 7.46 1.00 0.00
1.10 0.17 7.64 1.00 0.00
1.10 0.17 7.81 1.00 0.00
0.30 0.35 4.81 1.00 0.00
0.30 0.35 4.98 1.00 0.00
0.30 0.35 5.16 1.00 0.00
0.30 0.35 5.33 1.00 0.00
0.30 0.35 5.50 1.00 0.00
0.30 0.35 5.68 1.00 0.00
0.30 0.35 5.85 1.00 0.00
0.30 0.35 6.03 1.00 0.00
0.30 0.35 6.20 1.00 0.00
0.30 0.35 6.38 1.00 0.00
0.30 0.35 6.55 1.00 0.00
0.30 0.35 6.73 1.00 0.00
0.30 0.35 6.90 1.00 0.00
0.30 0.35 7.08 1.00 0.00
0.30 0.35 7.25 1.00 0.00
0.30 0.35 7.42 1.00 0.00
0.30 0.35 7.60 1.00 0.00
0.30 0.35 7.77 1.00 0.00
0.50 0.35 4.82 1.00 0.00
0.50 0.35 5.00 1.00 0.00
0.50 0.35 5.17 1.00 0.00
0.50 0.35 5.35 1.00 0.00
0.50 0.35 5.52 1.00 0.00
0.50 0.35 5.70 1.00 0.00
0.50 0.35 5.87 1.00 0.00
0.50 0.35 6.05 1.00 0.00
0.50 0.35 6.22 1.00 0.00
0.50 0.35 6.39 1.00 0.00
0.50 0.35 6.57 1.00 0.00
0.50 0.35 6.74 1.00 0.00
0.50 0.35 6.92 1.00 0.00
0.50 0.35 7.09 1.00 0.00
0.50 0.35 7.27 1.00 0.00
0.50 0.35 7.44 1.00 0.00
0.50 0.35 7.62 1.00 0.00
0.50 0.35 7.79 1.00 0.00
0.70 0.35 4.84 1.00 0.00
0.70 0.35 5.02 1.00 0.00
0.70 0.35 5.19 1.00 0.00
0.70 0.35 5.37 1.00 0.00
0.70 0.35 5.54 1.00 0.00
0.70 0.35 5.72 1.00 0.00
0.70 0.35 5.89 1.00 0.00
0.70 0.35 6.06 1.00 0.00
0.70 0.35 6.24 1.00 0.00
0.70 0.35 6.41 1.00 0.00
0.70 0.35 6.59 1.00 0.00
0.70 0.35 6.76 1.00 0.00
0.70 0.35 6.94 1.00 0.00
0.70 0.35 7.11 1.00 0.00
0.70 0.35 7.29 1.00 0.00
0.70 0.35 7.46 1.00 0.00
0.70 0.35 7.64 1.00 0.00
0.70 0.35 7.81 1.00 0.00
0.90 0.35 4.86 1.00 0.00
0.90 0.35 5.04 1.00 0.00
0.90 0.35 5.21 1.00 0.00
0.90 0.35 5.39 1.00 0.00
0.90 0.35 5.56 1.00 0.00
0.90 0.35 5.74 1.00 0.00
0.90 0.35 5.91 1.00 0.00
0.90 0.35 6.09 1.00 0.00
0.90 0.35 6.26 1.00 0.00
0.90 0.35 6.43 1.00 0.00
0.90 0.35 6.61 1.00 0.00
0.90 0.35 6.78 1.00 0.00
0.90 0.35 6.96 1.00 0.00
0.90 0.35 7.13 1.00 0.00
0.90 0.35 7.31 1.00 0.00
0.90 0.35 7.48 1.00 0.00
0.90 0.35 7.66 1.00 0.00
0.90 0.35 7.83 1.00 0.00
1.10 0.35 4.89 1.00 0.00
1.10 0.35 5.06 1.00 0.00
1.10 0.35 5.23 1.00 0.00
1.10 0.35 5.41 1.00 0.00
1.10 0.35 5.58 1.00 0.00
1.10 0.35 5.76 1.00 0.00
1.10 0.35 5.93 1.00 0.00
1.10 0.35 6.11 1.00 0.00
1.10 0.35 6.28 1.00 0.00
1.10 0.35 6.46 1.00 0.00
1.10 0.35 6.63 1.00 0.00
1.10 0.35 6.81 1.00 0.00
1.10 0.35 6.98 1.00 0.00
1.10 0.35 7.15 1.00 0.00
1.10 0.35 7.33 1.00 0.00
1.10 0.35 7.50 1.00 0.00
1.10 0.35 7.68 1.00 0.00
1.10 0.35 7.85 1.00 0.00
0.30 0.52 4.82 1.00 0.00
0.30 0.52 4.99 1.00 0.00
0.30 0.52 5.16 1.00 0.00
0.30 0.52 5.34 1.00 0.00
0.30 0.52 5.51 1.00 0.00
0.30 0.52 5.69 1.00 0.00
0.30 0.52 5.86 1.00 0.00
0.30 0.52 6.04 1.00 0.00
0.30 0.52 6.21 1.00 0.00
0.30 0.52 6.39 1.00 0.00
0.30 0.52 6.56 1.00 0.00
0.30 0.52 6.74 1.00 0.00
0.30 0.52 6.91 1.00 0.00
0.30 0.52 7.08 1.00 0.00
0.30 0.52 7.26 1.00 0.00
0.30 0.52 7.43 1.00 0.00
0.30 0.52 7.61 1.00 0.00
0.30 0.52 7.78 1.00 0.00
0.50 0.52 4.84 1.00 0.00
0.50 0.52 5.01 1.00 0.00
0.50 0.52 5.19 1.00 0.00
0.50 0.52 5.36 1.00 0.00
0.50 0.52 5.54 1.00 0.00
0.50 0.52 5.71 1.00 0.00
0.50 0.52 5.89 1.00 0.00
0.50 0.52 6.06 1.00 0.00
0.50 0.52 6.24 1.00 0.00
0.50 0.52 6.41 1.00 0.00
0.50 0.52 6.58 1.00 0.00
0.50 0.52 6.76 1.00 0.00
0.50 0.52 6.93 1.00 0.00
0.50 0.52 7.11 1.00 0.00
0.50 0.52 7.28 1.00 0.00
0.50 0.52 7.46 1.00 0.00
0.50 0.52 7.63 1.00 0.00
0.50 0.52 7.81 1.00 0.00
0.70 0.52 4.86 1.00 0.00
0.70 0.52 5.04 1.00 0.00
0.70 0.52 5.21 1.00 0.00
0.70 0.52 5.39 1.00 0.00
0.70 0.52 5.56 1.00 0.00
0.70 0.52 5.74 1.00 0.00
0.70 0.52 5.91 1.00 0.00
0.70 0.52 6.09 1.00 0.00
0.70 0.52 6.26 1.00 0.00
0.70 0.52 6.44 1.00 0.00
0.70 0.52 6.61 1.00 0.00
0.70 0.52 6.78 1.00 0.00
0.70 0.52 6.96 1.00 0.00
0.70 0.52 7.13 1.00 0.00
0.70 0.52 7.31 1.00 0.00
0.70 0.52 7.48 1.00 0.00
0.70 0.52 7.66 1.00 0.00
0.70 0.52 7.83 1.00 0.00
0.90 0.52 4.89 1.00 0.00
0.90 0.52 5.07 1.00 0.00
0.90 0.52 5.24 1.00 0.00
0.90 0.52 5.42 1.00 0.00
0.90 0.52 5.59 1.00 0.00
0.90 0.52 5.76 1.00 0.00
0.90 0.52 5.94 1.00 0.00
0.90 0.52 6.11 1.00 0.00
0.90 0.52 6.29 1.00 0.00
0.90 0.52 6.46 1.00 0.00
0.90 0.52 6.64 1.00 0.00
0.90 0.52 6.81 1.00 0.00
0.90 0.52 6.99 1.00 0.00
0.90 0.52 7.16 1.00 0.00
0.90 0.52 7.34 1.00 0.00
0.90 0.52 7.51 1.00 0.00
0.90 0.52 7.68 1.00 0.00
0.90 0.52 7.86 1.00 0.00
1.10 0.52 4.92 1.00 0.00
1.10 0.52 5.09 1.00 0.00
1.10 0.52 5.27 1.00 0.00
1.10 0.52 5.44 1.00 0.00
1.10 0.52 5.62 1.00 0.00
1.10 0.52 5.79 1.00 0.00
1.10 0.52 5.97 1.00 0.00
1.10 0.52 6.14 1.00 0.00
1.10 0.52 6.32 1.00 0.00
1.10 0.52 6.49 1.00 0.00
1.10 0.52 6.67 1.00 0.00
1.10 0.52 6.84 1.00 0.00
1.10 0.52 7.01 1.00 0.00
1.10 0.52 7.19 1.00 0.00
1.10 0.52 7.36 1.00 0.00
1.10 0.52 7.54 1.00 0.00
1.10 0.52 7.71 1.00 0.00
1.10 0.52 7.89 1.00 0.00
0.30 0.70 4.82 1.00 0.00
0.30 0.70 5.00 1.00 0.00
0.30 0.70 5.17 1.00 0.00
0.30 0.70 5.35 1.00 0.00
0.30 0.70 5.52 1.00 0.00
0.30 0.70 5.70 1.00 0.00
0.30 0.70 5.87 1.00 0.00
0.30 0.70 6.04 1.00 0.00
0.30 0.70 6.22 1.00 0.00
0.30 0.70 6.39 1.00 0.00
0.30 0.70 6.57 1.00 0.00
0.30 0.70 6.74 1.00 0.00
0.30 0.70 6.92 1.00 0.00
0.30 0.70 7.09 1.00 0.00
0.30 0.70 7.27 1.00 0.00
0.30 0.70 7.44 1.00 0.00
0.30 0.70 7.62 1.00 0.00
0.30 0.70 7.79 1.00 0.00
0.50 0.70 4.85 1.00 0.00
0.50 0.70 5.03 1.00 0.00
0.50 0.70 5.20 1.00 0.00
0.50 0.70 5.38 1.00 0.00
0.50 0.70 5.55 1.00 0.00
0.50 0.70 5.72 1.00 0.00
0.50 0.70 5.90 1.00 0.00
0.50 0.70 6.07 1.00 0.00
0.50 0.70 6.25 1.00 0.00
0.50 0.70 6.42 1.00 0.00
0.50 0.70 6.60 1.00 0.00
0.50 0.70 6.77 1.00 0.00
0.50 0.70 6.95 1.00 0.00
0.50 0.70 7.12 1.00 0.00
0.50 0.70 7.30 1.00 0.00
0.50 0.70 7.47 1.00 0.00
0.50 0.70 7.64 1.00 0.00
0.50 0.70 7.82 1.00 0.00
0.70 0.70 4.88 1.00 0.00
0.70 0.70 5.06 1.00 0.00
0.70 0.70 5.23 1.00 0.00
0.70 0.70 5.41 1.00 0.00
0.70 0.70 5.58 1.00 0.00
0.70 0.70 5.76 1.00 0.00
0.70 0.70 5.93 1.00 0.00
0.70 0.70 6.10 1.00 0.00
0.70 0.70 6.28 1.00 0.00
0.70 0.70 6.45 1.00 0.00
0.70 0.70 6.63 1.00 0.00
0.70 0.70 6.80 1.00 0.00
0.70 0.70 6.98 1.00 0.00
0.70 0.70 7.15 1.00 0.00
0.70 0.70 7.33 1.00 0.00
0.70 0.70 7.50 1.00 0.00
0.70 0.70 7.68 1.00 0.00
0.70 0.70 7.85 1.00 0.00
0.90 0.70 4.91 1.00 0.00
0.90 0.70 5.09 1.00 0.00
0.90 0.70 5.26 1.00 0.00
0.90 0.70 5.44 1.00 0.00
0.90 0.70 5.61 1.00 0.00
0.90 0.70 5.79 1.00 0.00
0.90 0.70 5.96 1.00 0.00
0.90 0.70 6.14 1.00 0.00
0.90 0.70 6.31 1.00 0.00
0.90 0.70 6.49 1.00 0.00
0.90 0.70 6.66 1.00 0.00
0.90 0.70 6.83 1.00 0.00
0.90 0.70 7.01 1.00 0.00
0.90 0.70 7.18 1.00 0.00
0.90 0.70 7.36 1.00 0.00
0.90 0.70 7.53 1.00 0.00
0.90 0.70 7.71 1.00 0.00
0.90 0.70 7.88 1.00 0.00
1.10 0.70 4.95 1.00 0.00
1.10 0.70 5.12 1.00 0.00
1.10 0.70 5.30 1.00 0.00
1.10 0.70 5.47 1.00 0.00
1.10 0.70 5.65 1.00 0.00
1.10 0.70 5.82 1.00 0.00
1.10 0.70 6.00 1.00 0.00
1.10 0.70 6.17 1.00 0.00
1.10 0.70 6.35 1.00 0.00
1.10 0.70 6.52 1.00 0.00
1.10 0.70 6.69 1.00 0.00
1.10 0.70 6.87 1.00 0.00
1.10 0.70 7.04 1.00 0.00
1.10 0.70 7.22 1.00 0.00
1.10 0.70 7.39 1.00 0.00
1.10 0.70 7.57 1.00 0.00
1.10 0.70 7.74 1.00 0.00
1.10 0.70 7.92 1.00 0.00
0.30 0.87 4.83 1.00 0.00
0.30 0.87 5.00 1.00 0.00
0.30 0.87 5.18 1.00 0.00
0.30 0.87 5.35 1.00 0.00
0.30 0.87 5.53 1.00 0.00
0.30 0.87 5.70 1.00 0.00
0.30 0.87 5.88 1.00 0.00
0.30 0.87 6.05 1.00 0.00
0.30 0.87 6.23 1.00 0.00
0.30 0.87 6.40 1.00 0.00
0.30 0.87 6.57 1.00 0.00
0.30 0.87 6.75 1.00 0.00
0.30 0.87 6.92 1.00 0.00
0.30 0.87 7.10 1.00 0.00
0.30 0.87 7.27 1.00 0.00
0.30 0.87 7.45 1.00 0.00
0.30 0.87 7.62 1.00 0.00
0.30 0.87 7.80 1.00 0.00
0.50 0.87 4.86 1.00 0.00
0.50 0.87 5.04 1.00 0.00
0.50 0.87 5.21 1.00 0.00
0.50 0.87 5.39 1.00 0.00
0.50 0.87 5.56 1.00 0.00
0.50 0.87 5.74 1.00 0.00
0.50 0.87 5.91 1.00 0.00
0.50 0.87 6.08 1.00 0.00
0.50 0.87 6.26 1.00 0.00
0.50 0.87 6.43 1.00 0.00
0.50 0.87 6.61 1.00 0.00
0.50 0.87 6.78 1.00 0.00
0.50 0.87 6.96 1.00 0.00
0.50 0.87 7.13 1.00 0.00
0.50 0.87 7.31 1.00 0.00
0.50 0.87 7.48 1.00 0.00
0.50 0.87 7.65 1.00 0.00
0.50 0.87 7.83 1.00 0.00
0.70 0.87 4.90 1.00 0.00
0.70 0.87 5.07 1.00 0.00
0.70 0.87 5.25 1.00 0.00
0.70 0.87 5.42 1.00 0.00
0.70 0.87 5.59 1.00 0.00
0.70 0.87 5.77 1.00 0.00
0.70 0.87 5.94 1.00 0.00
0.70 0.87 6.12 1.00 0.00
0.70 0.87 6.29 1.00 0.00
0.70 0.87 6.47 1.00 0.00
0.70 0.87 6.64 1.00 0.00
0.70 0.87 6.82 1.00 0.00
0.70 0.87 6.99 1.00 0.00
0.70 0.87 7.17 1.00 0.00
0.70 0.87 7.34 1.00 0.00
0.70 0.87 7.51 1.00 0.00
0.70 0.87 7.69 1.00 0.00
0.70 0.87 7.86 1.00 0.00
0.90 0.87 4.93 1.00 0.00
0.90 0.87 5.11 1.00 0.00
0.90 0.87 5.28 1.00 0.00
0.90 0.87 5.46 1.00 0.00
0.90 0.87 5.63 1.00 0.00
0.90 0.87 5.81 1.00 0.00
0.90 0.87 5.98 1.00 0.00
0.90 0.87 6.15 1.00 0.00
0.90 0.87 6.33 1.00 0.00
0.90 0.87 6.50 1.00 0.00
0.90 0.87 6.68 1.00 0.00
0.90 0.87 6.85 1.00 0.00
0.90 0.87 7.03 1.00 0.00
0.90 0.87 7.20 1.00 0.00
0.90 0.87 7.38 1.00 0.00
0.90 0.87 7.55 1.00 0.00
0.90 0.87 7.73 1.00 0.00
0.90 0.87 7.90 1.00 0.00
1.10 0.87 4.97 1.00 0.00
1.10 0.87 5.14 1.00 0.00
1.10 0.87 5.32 1.00 0.00
1.10 0.87 5.49 1.00 0.00
1.10 0.87 5.67 1.00 0.00
1.10 0.87 5.84 1.00 0.00
1.10 0.87 6.02 1.00 0.00
1.10 0.87 6.19 1.00 0.00
1.10 0.87 6.37 1.00 0.00
1.10 0.87 6.54 1.00 0.00
1.10 0.87 6.72 1.00 0.00
1.10 0.87 6.89 1.00 0.00
1.10 0.87 7.06 1.00 0.00
1.10 0.87 7.24 1.00 0.00
1.10 0.87 7.41 1.00 0.00
1.10 0.87 7.59 1.00 0.00
1.10 0.87 7.76 1.00 0.00
1.10 0.87 7.94 1.00 0.00
0.30 1.05 4.83 1.00 0.00
0.30 1.05 5.01 1.00 0.00
0.30 1.05 5.18 1.00 0.00
0.30 1.05 5.36 1.00 0.00
0.30 1.05 5.53 1.00 0.00
0.30 1.05 5.71 1.00 0.00
0.30 1.05 5.88 1.00 0.00
0.30 1.05 6.06 1.00 0.00
0.30 1.05 6.23 1.00 0.00
0.30 1.05 6.41 1.00 0.00
0.30 1.05 6.58 1.00 0.00
0.30 1.05 6.75 1.00 0.00
0.30 1.05 6.93 1.00 0.00
0.30 1.05 7.10 1.00 0.00
0.30 1.05 7.28 1.00 0.00
0.30 1.05 7.45 1.00 0.00
0.30 1.05 7.63 1.00 0.00
0.30 1.05 7.80 1.00 0.00
0.50 1.05 4.87 1.00 0.00
0.50 1.05 5.04 1.00 0.00
0.50 1.05 5.22 1.00 0.00
0.50 1.05 5.39 1.00 0.00
0.50 1.05 5.57 1.00 0.00
0.50 1.05 5.74 1.00 0.00
0.50 1.05 5.92 1.00 0.00
0.50 1.05 6.09 1.00 0.00
0.50 1.05 6.27 1.00 0.00
0.50 1.05 6.44 1.00 0.00
0.50 1.05 6.62 1.00 0.00
0.50 1.05 6.79 1.00 0.00
0.50 1.05 6.96 1.00 0.00
0.50 1.05 7.14 1.00 0.00
0.50 1.05 7.31 1.00 0.00
0.50 1.05 7.49 1.00 0.00
0.50 1.05 7.66 1.00 0.00
0.50 1.05 7.84 1.00 0.00
0.70 1.05 4.91 1.00 0.00
0.70 1.05 5.08 1.00 0.00
0.70 1.05 5.26 1.00 0.00
0.70 1.05 5.43 1.00 0.00
0.70 1.05 5.60 1.00 0.00
0.70 1.05 5.78 1.00 0.00
0.70 1.05 5.95 1.00 0.00
0.70 1.05 6.13 1.00 0.00
0.70 1.05 6.30 1.00 0.00
0.70 1.05 6.48 1.00 0.00
0.70 1.05 6.65 1.00 0.00
0.70 1.05 6.83 1.00 0.00
0.70 1.05 7.00 1.00 0.00
0.70 1.05 7.18 1.00 0.00
0.70 1.05 7.35 1.00 0.00
0.70 1.05 7.52 1.00 0.00
0.70 1.05 7.70 1.00 0.00
0.70 1.05 7.87 1.00 0.00
0.90 1.05 4.94 1.00 0.00
0.90 1.05 5.12 1.00 0.00
0.90 1.05 5.29 1.00 0.00
0.90 1.05 5.47 1.00 0.00
0.90 1.05 5.64 1.00 0.00
0.90 1.05 5.82 1.00 0.00
0.90 1.05 5.99 1.00 0.00
0.90 1.05 6.17 1.00 0.00
0.90 1.05 6.34 1.00 0.00
0.90 1.05 6.52 1.00 0.00
0.90 1.05 6.69 1.00 0.00
0.90 1.05 6.86 1.00 0.00
0.90 1.05 7.04 1.00 0.00
0.90 1.05 7.21 1.00 0.00
0.90 1.05 7.39 1.00 0.00
0.90 1.05 7.56 1.00 0.00
0.90 1.05 7.74 1.00 0.00
0.90 1.05 7.91 1.00 0.00
1.10 1.05 4.98 1.00 0.00
1.10 1.05 5.16 1.00 0.00
1.10 1.05 5.33 1.00 0.00
1.10 1.05 5.51 1.00 0.00
1.10 1.05 5.68 1.00 0.00
1.10 1.05 5.86 1.00 0.00
1.10 1.05 6.03 1.00 0.00
1.10 1.05 6.20 1.00 0.00
1.10 1.05 6.38 1.00 0.00
1.10 1.05 6.55 1.00 0.00
1.10 1.05 6.73 1.00 0.00
1.10 1.05 6.90 1.00 0.00
1.10 1.05 7.08 1.00 0.00
1.10 1.05 7.25 1.00 0.00
1.10 1.05 7.43 1.00 0.00
1.10 1.05 7.60 1.00 0.00
1.10 1.05 7.78 1.00 0.00
1.10 1.05 7.95 1.00 0.00
0.30 1.22 4.84 1.00 0.00
0.30 1.22 5.01 1.00 0.00
0.30 1.22 5.19 1.00 0.00
0.30 1.22 5.36 1.00 0.00
0.30 1.22 5.54 1.00 0.00
0.30 1.22 5.71 1.00 0.00
0.30 1.22 5.88 1.00 0.00
0.30 1.22 6.06 1.00 0.00
0.30 1.22 6.23 1.00 0.00
0.30 1.22 6.41 1.00 0.00
0.30 1.22 6.58 1.00 0.00
0.30 1.22 6.76 1.00 0.00
0.30 1.22 6.93 1.00 0.00
0.30 1.22 7.11 1.00 0.00
0.30 1.22 7.28 1.00 0.00
0.30 1.22 7.46 1.00 0.00
0.30 1.22 7.63 1.00 0.00
0.30 1.22 7.80 1.00 0.00
0.50 1.22 4.87 1.00 0.00
0.50 1.22 5.05 1.00 0.00
0.50 1.22 5.22 1.00 0.00
0.50 1.22 5.40 1.00 0.00
0.50 1.22 5.57 1.00 0.00
0.50 1.22 5.75 1.00 0.00
0.50 1.22 5.92 1.00 0.00
0.50 1.22 6.10 1.00 0.00
0.50 1.22 6.27 1.00 0.00
0.50 1.22 6.45 1.00 0.00
0.50 1.22 6.62 1.00 0.00
0.50 1.22 6.79 1.00 0.00
0.50 1.22 6.97 1.00 0.00
0.50 1.22 7.14 1.00 0.00
0.50 1.22 7.32 1.00 0.00
0.50 1.22 7.49 1.00 0.00
0.50 1.22 7.67 1.00 0.00
0.50 1.22 7.84 1.00 0.00
0.70 1.22 4.91 1.00 0.00
0.70 1.22 5.09 1.00 0.00
0.70 1.22 5.26 1.00 0.00
0.70 1.22 5.44 1.00 0.00
0.70 1.22 5.61 1.00 0.00
0.70 1.22 5.79 1.00 0.00
0.70 1.22 5.96 1.00 0.00
0.70 1.22 6.13 1.00 0.00
0.70 1.22 6.31 1.00 0.00
0.70 1.22 6.48 1.00 0.00
0.70 1.22 6.66 1.00 0.00
0.70 1.22 6.83 1.00 0.00
0.70 1.22 7.01 1.00 0.00
0.70 1.22 7.18 1.00 0.00
0.70 1.22 7.36 1.00 0.00
0.70 1.22 7.53 1.00 0.00
0.70 1.22 7.70 1.00 0.00
0.70 1.22 7.88 1.00 0.00
0.90 1.22 4.95 1.00 0.00
0.90 1.22 5.13 1.00 0.00
0.90 1.22 5.30 1.00 0.00
0.90 1.22 5.47 1.00 0.00
0.90 1.22 5.65 1.00 0.00
0.90 1.22 5.82 1.00 0.00
0.90 1.22 6.00 1.00 0.00
0.90 1.22 6.17 1.00 0.00
0.90 1.22 6.35 1.00 0.00
0.90 1.22 6.52 1.00 0.00
0.90 1.22 6.70 1.00 0.00
0.90 1.22 6.87 1.00 0.00
0.90 1.22 7.05 1.00 0.00
0.90 1.22 7.22 1.00 0.00
0.90 1.22 7.39 1.00 0.00
0.90 1.22 7.57 1.00 0.00
0.90 1.22 7.74 1.00 0.00
0.90 1.22 7.92 1.00 0.00
1.10 1.22 4.99 1.00 0.00
1.10 1.22 5.16 1.00 0.00
1.10 1.22 5.34 1.00 0.00
1.10 1.22 5.51 1.00 0.00
1.10 1.22 5.69 1.00 0.00
1.10 1.22 5.86 1.00 0.00
1.10 1.22 6.04 1.00 0.00
1.10 1.22 6.21 1.00 0.00
1.10 1.22 6.39 1.00 0.00
1.10 1.22 6.56 1.00 0.00
1.10 1.22 6.73 1.00 0.00
1.10 1.22 6.91 1.00 0.00
1.10 1.22 7.08 1.00 0.00
1.10 1.22 7.26 1.00 0.00
1.10 1.22 7.43 1.00 0.00
1.10 1.22 7.61 1.00 0.00
1.10 1.22 7.78 1.00 0.00
1.10 1.22 7.96 1.00 0.00
0.30 1.40 4.84 1.00 0.00
0.30 1.40 5.01 1.00 0.00
0.30 1.40 5.19 1.00 0.00
0.30 1.40 5.36 1.00 0.00
0.30 1.40 5.54 1.00 0.00
0.30 1.40 5.71 1.00 0.00
0.30 1.40 5.89 1.00 0.00
0.30 1.40 6.06 1.00 0.00
0.30 1.40 6.23 1.00 0.00
0.30 1.40 6.41 1.00 0.00
0.30 1.40 6.58 1.00 0.00
0.30 1.40 6.76 1.00 0.00
0.30 1.40 6.93 1.00 0.00
0.30 1.40 7.11 1.00 0.00
0.30 1.40 7.28 1.00 0.00
0.30 1.40 7.46 1.00 0.00
0.30 1.40 7.63 1.00 0.00
0.30 1.40 7.81 1.00 0.00
0.50 1.40 4.88 1.00 0.00
0.50 1.40 5.05 1.00 0.00
0.50 1.40 5.23 1.00 0.00
0.50 1.40 5.40 1.00 0.00
0.50 1.40 5.57 1.00 0.00
0.50 1.40 5.75 1.00 0.00
0.50 1.40 5.92 1.00 0.00
0.50 1.40 6.10 1.00 0.00
0.50 1.40 6.27 1.00 0.00
0.50 1.40 6.45 1.00 0.00
0.50 1.40 6.62 1.00 0.00
0.50 1.40 6.80 1.00 0.00
0.50 1.40 6.97 1.00 0.00
0.50 1.40 7.15 1.00 0.00
0.50 1.40 7.32 1.00 0.00
0.50 1.40 7.49 1.00 0.00
0.50 1.40 7.67 1.00 0.00
0.50 1.40 7.84 1.00 0.00
0.70 1.40 4.91 1.00 0.00
0.70 1.40 5.09 1.00 0.00
0.70 1.40 5.26 1.00 0.00
0.70 1.40 5.44 1.00 0.00
0.70 1.40 5.61 1.00 0.00
0.70 1.40 5.79 1.00 0.00
0.70 1.40 5.96 1.00 0.00
0.70 1.40 6.14 1.00 0.00
0.70 1.40 6.31 1.00 0.00
0.70 1.40 6.48 1.00 0.00
0.70 1.40 6.66 1.00 0.00
0.70 1.40 6.83 1.00 0.00
0.70 1.40 7.01 1.00 0.00
0.70 1.40 7.18 1.00 0.00
0.70 1.40 7.36 1.00 0.00
0.70 1.40 7.53 1.00 0.00
0.70 1.40 7.71 1.00 0.00
0.70 1.40 7.88 1.00 0.00
0.90 1.40 4.95 1.00 0.00
0.90 1.40 5.13 1.00 0.00
0.90 1.40 5.30 1.00 0.00
0.90 1.40 5.47 1.00 0.00
0.90 1.40 5.65 1.00 0.00
0.90 1.40 5.82 1.00 0.00
0.90 1.40 6.00 1.00 0.00
0.90 1.40 6.17 1.00 0.00
0.90 1.40 6.35 1.00 0.00
0.90 1.40 6.52 1.00 0.00
0.90 1.40 6.70 1.00 0.00
0.90 1.40 6.87 1.00 0.00
0.90 1.40 7.05 1.00 0.00
0.90 1.40 7.22 1.00 0.00
0.90 1.40 7.39 1.00 0.00
0.90 1.40 7.57 1.00 0.00
0.90 1.40 7.74 1.00 0.00
0.90 1.40 7.92 1.00 0.00
1.10 1.40 4.99 1.00 0.00
1.10 1.40 5.16 1.00 0.00
1.10 1.40 5.34 1.00 0.00
1.10 1.40 5.51 1.00 0.00
1.10 1.40 5.69 1.00 0.00
1.10 1.40 5.86 1.00 0.00
1.10 1.40 6.04 1.00 0.00
1.10 1.40 6.21 1.00 0.00
1.10 1.40 6.38 1.00 0.00
1.10 1.40 6.56 1.00 0.00
1.10 1.40 6.73 1.00 0.00
1.10 1.40 6.91 1.00 0.00
1.10 1.40 7.08 1.00 0.00
1.10 1.40 7.26 1.00 0.00
1.10 1.40 7.43 1.00 0.00
1.10 1.40 7.61 1.00 0.00
1.10 1.40 7.78 1.00 0.00
1.10 1.40 7.96 1.00 0.00
0.30 1.57 4.84 1.00 0.00
0.30 1.57 5.01 1.00 0.00
0.30 1.57 5.19 1.00 0.00
0.30 1.57 5.36 1.00 0.00
0.30 1.57 5.54 1.00 0.00
0.30 1.57 5.71 1.00 0.00
0.30 1.57 5.89 1.00 0.00
0.30 1.57 6.06 1.00 0.00
0.30 1.57 6.23 1.00 0.00
0.30 1.57 6.41 1.00 0.00
0.30 1.57 6.58 1.00 0.00
0.30 1.57 6.76 1.00 0.00
0.30 1.57 6.93 1.00 0.00
0.30 1.57 7.11 1.00 0.00
0.30 1.57 7.28 1.00 0.00
0.30 1.57 7.46 1.00 0.00
0.30 1.57 7.63 1.00 0.00
0.30 1.57 7.81 1.00 0.00
0.50 1.57 4.87 1.00 0.00
0.50 1.57 5.05 1.00 0.00
0.50 1.57 5.22 1.00 0.00
0.50 1.57 5.40 1.00 0.00
0.50 1.57 5.57 1.00 0.00
0.50 1.57 5.75 1.00 0.00
0.50 1.57 5.92 1.00 0.00
0.50 1.57 6.10 1.00 0.00
0.50 1.57 6.27 1.00 0.00
0.50 1.57 6.45 1.00 0.00
0.50 1.57 6.62 1.00 0.00
0.50 1.57 6.79 1.00 0.00
0.50 1.57 6.97 1.00 0.00
0.50 1.57 7.14 1.00 0.00
0.50 1.57 7.32 1.00 0.00
0.50 1.57 7.49 1.00 0.00
0.50 1.57 7.67 1.00 0.00
0.50 1.57 7.84 1.00 0.00
0.70 1.57 4.91 1.00 0.00
0.70 1.57 5.09 1.00 0.00
0.70 1.57 5.26 1.00 0.00
0.70 1.57 5.43 1.00 0.00
0.70 1.57 5.61 1.00 0.00
0.70 1.57 5.78 1.00 0.00
0.70 1.57 5.96 1.00 0.00
0.70 1.57 6.13 1.00 0.00
0.70 1.57 6.31 1.00 0.00
0.70 1.57 6.48 1.00 0.00
0.70 1.57 6.66 1.00 0.00
0.70 1.57 6.83 1.00 0.00
0.70 1.57 7.01 1.00 0.00
0.70 1.57 7.18 1.00 0.00
0.70 1.57 7.35 1.00 0.00
0.70 1.57 7.53 1.00 0.00
0.70 1.57 7.70 1.00 0.00
0.70 1.57 7.88 1.00 0.00
0.90 1.57 4.95 1.00 0.00
0.90 1.57 5.12 1.00 0.00
0.90 1.57 5.30 1.00 0.00
0.90 1.57 5.47 1.00 0.00
0.90 1.57 5.65 1.00 0.00
0.90 1.57 5.82 1.00 0.00
0.90 1.57 5.99 1.00 0.00
0.90 1.57 6.17 1.00 0.00
0.90 1.57 6.34 1.00 0.00
0.90 1.57 6.52 1.00 0.00
0.90 1.57 6.69 1.00 0.00
0.90 1.57 6.87 1.00 0.00
0.90 1.57 7.04 1.00 0.00
0.90 1.57 7.22 1.00 0.00
0.90 1.57 7.39 1.00 0.00
0.90 1.57 7.57 1.00 0.00
0.90 1.57 7.74 1.00 0.00
0.90 1.57 7.91 1.00 0.00
1.10 1.57 4.98 1.00 0.00
1.10 1.57 5.16 1.00 0.00
1.10 1.57 5.33 1.00 0.00
1.10 1.57 5.51 1.00 0.00
1.10 1.57 5.68 1.00 0.00
1.10 1.57 5.85 1.00 0.00
1.10 1.57 6.03 1.00 0.00
1.10 1.57 6.20 1.00 0.00
1.10 1.57 6.38 1.00 0.00
1.10 1.57 6.55 1.00 0.00
1.10 1.57 6.73 1.00 0.00
1.10 1.57 6.90 1.00 0.00
1.10 1.57 7.08 1.00 0.00
1.10 1.57 7.25 1.00 0.00
1.10 1.57 7.43 1.00 0.00
1.10 1.57 7.60 1.00 0.00
1.10 1.57 7.77 1.00 0.00
1.10 1.57 7.95 1.00 0.00
0.30 1.75 4.84 1.00 0.00
0.30 1.75 5.01 1.00 0.00
0.30 1.75 5.19 1.00 0.00
0.30 1.75 5.36 1.00 0.00
0.30 1.75 5.53 1.00 0.00
0.30 1.75 5.71 1.00 0.00
0.30 1.75 5.88 1.00 0.00
0.30 1.75 6.06 1.00 0.00
0.30 1.75 6.23 1.00 0.00
0.30 1.75 6.41 1.00 0.00
0.30 1.75 6.58 1.00 0.00
0.30 1.75 6.76 1.00 0.00
0.30 1.75 6.93 1.00 0.00
0.30 1.75 7.11 1.00 0.00
0.30 1.75 7.28 1.00 0.00
0.30 1.75 7.45 1.00 0.00
0.30 1.75 7.63 1.00 0.00
0.30 1.75 7.80 1.00 0.00
0.50 1.75 4.87 1.00 0.00
0.50 1.75 5.05 1.00 0.00
0.50 1.75 5.22 1.00 0.00
0.50 1.75 5.39 1.00 0.00
0.50 1.75 5.57 1.00 0.00
0.50 1.75 5.74 1.00 0.00
0.50 1.75 5.92 1.00 0.00
0.50 1.75 6.09 1.00 0.00
0.50 1.75 6.27 1.00 0.00
0.50 1.75 6.44 1.00 0.00
0.50 1.75 6.62 1.00 0.00
0.50 1.75 6.79 1.00 0.00
0.50 1.75 6.97 1.00 0.00
0.50 1.75 7.14 1.00 0.00
0.50 1.75 7.31 1.00 0.00
0.50 1.75 7.49 1.00 0.00
0.50 1.75 7.66 1.00 0.00
0.50 1.75 7.84 1.00 0.00
0.70 1.75 4.91 1.00 0.00
0.70 1.75 5.08 1.00 0.00
0.70 1.75 5.25 1.00 0.00
0.70 1.75 5.43 1.00 0.00
0.70 1.75 5.60 1.00 0.00
0.70 1.75 5.78 1.00 0.00
0.70 1.75 5.95 1.00 0.00
0.70 1.75 6.13 1.00 0.00
0.70 1.75 6.30 1.00 0.00
0.70 1.75 6.48 1.00 0.00
0.70 1.75 6.65 1.00 0.00
0.70 1.75 6.82 1.00 0.00
0.70 1.75 7.00 1.00 0.00
0.70 1.75 7.17 1.00 0.00
0.70 1.75 7.35 1.00 0.00
0.70 1.75 7.52 1.00 0.00
0.70 1.75 7.70 1.00 0.00
0.70 1.75 7.87 1.00 0.00
0.90 1.75 4.94 1.00 0.00
0.90 1.75 5.11 1.00 0.00
0.90 1.75 5.29 1.00 0.00
0.90 1.75 5.46 1.00 0.00
0.90 1.75 5.64 1.00 0.00
0.90 1.75 5.81 1.00 0.00
0.90 1.75 5.99 1.00 0.00
0.90 1.75 6.16 1.00 0.00
0.90 1.75 6.33 1.00 0.00
0.90 1.75 6.51 1.00 0.00
0.90 1.75 6.68 1.00 0.00
0.90 1.75 6.86 1.00 0.00
0.90 1.75 7.03 1.00 0.00
0.90 1.75 7.21 1.00 0.00
0.90 1.75 7.38 1.00 0.00
0.90 1.75 7.56 1.00 0.00
0.90 1.75 7.73 1.00 0.00
0.90 1.75 7.91 1.00 0.00
1.10 1.75 4.97 1.00 0.00
1.10 1.75 5.14 1.00 0.00
1.10 1.75 5.32 1.00 0.00
1.10 1.75 5.49 1.00 0.00
1.10 1.75 5.67 1.00 0.00
1.10 1.75 5.84 1.00 0.00
1.10 1.75 6.02 1.00 0.00
1.10 1.75 6.19 1.00 0.00
1.10 1.75 6.37 1.00 0.00
1.10 1.75 6.54 1.00 0.00
1.10 1.75 6.72 1.00 0.00
1.10 1.75 6.89 1.00 0.00
1.10 1.75 7.06 1.00 0.00
1.10 1.75 7.24 1.00 0.00
1.10 1.75 7.41 1.00 0.00
1.10 1.75 7.59 1.00 0.00
1.10 1.75 7.76 1.00 0.00
1.10 1.75 7.94 1.00 0.00
0.30 1.92 4.83 1.00 0.00
0.30 1.92 5.01 1.00 0.00
0.30 1.92 5.18 1.00 0.00
0.30 1.92 5.36 1.00 0.00
0.30 1.92 5.53 1.00 0.00
0.30 1.92 5.71 1.00 0.00
0.30 1.92 5.88 1.00 0.00
0.30 1.92 6.05 1.00 0.00
0.30 1.92 6.23 1.00 0.00
0.30 1.92 6.40 1.00 0.00
0.30 1.92 6.58 1.00 0.00
0.30 1.92 6.75 1.00 0.00
0.30 1.92 6.93 1.00 0.00
0.30 1.92 7.10 1.00 0.00
0.30 1.92 7.28 1.00 0.00
0.30 1.92 7.45 1.00 0.00
0.30 1.92 7.63 1.00 0.00
0.30 1.92 7.80 1.00 0.00
0.50 1.92 4.86 1.00 0.00
0.50 1.92 5.04 1.00 0.00
0.50 1.92 5.21 1.00 0.00
0.50 1.92 5.39 1.00 0.00
0.50 1.92 5.56 1.00 0.00
0.50 1.92 5.74 1.00 0.00
0.50 1.92 5.91 1.00 0.00
0.50 1.92 6.09 1.00 0.00
0.50 1.92 6.26 1.00 0.00
0.50 1.92 6.44 1.00 0.00
0.50 1.92 6.61 1.00 0.00
0.50 1.92 6.78 1.00 0.00
0.50 1.92 6.96 1.00 0.00
0.50 1.92 7.13 1.00 0.00
0.50 1.92 7.31 1.00 0.00
0.50 1.92 7.48 1.00 0.00
0.50 1.92 7.66 1.00 0.00
0.50 1.92 7.83 1.00 0.00
0.70 1.92 4.90 1.00 0.00
0.70 1.92 5.07 1.00 0.00
0.70 1.92 5.24 1.00 0.00
0.70 1.92 5.42 1.00 0.00
0.70 1.92 5.59 1.00 0.00
0.70 1.92 5.77 1.00 0.00
0.70 1.92 5.94 1.00 0.00
0.70 1.92 6.12 1.00 0.00
0.70 1.92 6.29 1.00 0.00
0.70 1.92 6.47 1.00 0.00
0.70 1.92 6.64 1.00 0.00
0.70 1.92 6.82 1.00 0.00
0.70 1.92 6.99 1.00 0.00
0.70 1.92 7.16 1.00 0.00
0.70 1.92 7.34 1.00 0.00
0.70 1.92 7.51 1.00 0.00
0.70 1.92 7.69 1.00 0.00
0.70 1.92 7.86 1.00 0.00
0.90 1.92 4.93 1.00 0.00
0.90 1.92 5.10 1.00 0.00
0.90 1.92 5.27 1.00 0.00
0.90 1.92 5.45 1.00 0.00
0.90 1.92 5.62 1.00 0.00
0.90 1.92 5.80 1.00 0.00
0.90 1.92 5.97 1.00 0.00
0.90 1.92 6.15 1.00 0.00
0.90 1.92 6.32 1.00 0.00
0.90 1.92 6.50 1.00 0.00
0.90 1.92 6.67 1.00 0.00
0.90 1.92 6.85 1.00 0.00
0.90 1.92 7.02 1.00 0.00
0.90 1.92 7.19 1.00 0.00
0.90 1.92 7.37 1.00 0.00
0.90 1.92 7.54 1.00 0.00
0.90 1.92 7.72 1.00 0.00
0.90 1.92 7.89 1.00 0.00
1.10 1.92 4.95 1.00 0.00
1.10 1.92 5.13 1.00 0.00
1.10 1.92 5.30 1.00 0.00
1.10 1.92 5.48 1.00 0.00
1.10 1.92 5.65 1.00 0.00
1.10 1.92 5.83 1.00 0.00
1.10 1.92 6.00 1.00 0.00
1.10 1.92 6.18 1.00 0.00
1.10 1.92 6.35 1.00 0.00
1.10 1.92 6.53 1.00 0.00
1.10 1.92 6.70 1.00 0.00
1.10 1.92 6.87 1.00 0.00
1.10 1.92 7.05 1.00 0.00
1.10 1.92 7.22 1.00 0.00
1.10 1.92 7.40 1.00 0.00
1.10 1.92 7.57 1.00 0.00
1.10 1.92 7.75 1.00 0.00
1.10 1.92 7.92 1.00 0.00
0.30 2.09 4.83 1.00 0.00
0.30 2.09 5.00 1.00 0.00
0.30 2.09 5.18 1.00 0.00
0.30 2.09 5.35 1.00 0.00
0.30 2.09 5.53 1.00 0.00
0.30 2.09 5.70 1.00 0.00
0.30 2.09 5.87 1.00 0.00
0.30 2.09 6.05 1.00 0.00
0.30 2.09 6.22 1.00 0.00
0.30 2.09 6.40 1.00 0.00
0.30 2.09 6.57 1.00 0.00
0.30 2.09 6.75 1.00 0.00
0.30 2.09 6.92 1.00 0.00
0.30 2.09 7.10 1.00 0.00
0.30 2.09 7.27 1.00 0.00
0.30 2.09 7.45 1.00 0.00
0.30 2.09 7.62 1.00 0.00
0.30 2.09 7.79 1.00 0.00
0.50 2.09 4.86 1.00 0.00
0.50 2.09 5.03 1.00 0.00
0.50 2.09 5.21 1.00 0.00
0.50 2.09 5.38 1.00 0.00
0.50 2.09 5.55 1.00 0.00
0.50 2.09 5.73 1.00 0.00
0.50 2.09 5.90 1.00 0.00
0.50 2.09 6.08 1.00 0.00
0.50 2.09 6.25 1.00 0.00
0.50 2.09 6.43 1.00 0.00
0.50 2.09 6.60 1.00 0.00
0.50 2.09 6.78 1.00 0.00
0.50 2.09 6.95 1.00 0.00
0.50 2.09 7.13 1.00 0.00
0.50 2.09 7.30 1.00 0.00
0.50 2.09 7.47 1.00 0.00
0.50 2.09 7.65 1.00 0.00
0.50 2.09 7.82 1.00 0.00
0.70 2.09 4.88 1.00 0.00
0.70 2.09 5.06 1.00 0.00
0.70 2.09 5.23 1.00 0.00
0.70 2.09 5.41 1.00 0.00
0.70 2.09 5.58 1.00 0.00
0.70 2.09 5.76 1.00 0.00
0.70 2.09 5.93 1.00 0.00
0.70 2.09 6.11 1.00 0.00
0.70 2.09 6.28 1.00 0.00
0.70 2.09 6.45 1.00 0.00
0.70 2.09 6.63 1.00 0.00
0.70 2.09 6.80 1.00 0.00
0.70 2.09 6.98 1.00 0.00
0.70 2.09 7.15 1.00 0.00
0.70 2.09 7.33 1.00 0.00
0.70 2.09 7.50 1.00 0.00
0.70 2.09 7.68 1.00 0.00
0.70 2.09 7.85 1.00 0.00
0.90 2.09 4.91 1.00 0.00
0.90 2.09 5.08 1.00 0.00
0.90 2.09 5.26 1.00 0.00
0.90 2.09 5.43 1.00 0.00
0.90 2.09 5.61 1.00 0.00
0.90 2.09 5.78 1.00 0.00
0.90 2.09 5.96 1.00 0.00
0.90 2.09 6.13 1.00 0.00
0.90 2.09 6.31 1.00 0.00
0.90 2.09 6.48 1.00 0.00
0.90 2.09 6.65 1.00 0.00
0.90 2.09 6.83 1.00 0.00
0.90 2.09 7.00 1.00 0.00
0.90 2.09 7.18 1.00 0.00
0.90 2.09 7.35 1.00 0.00
0.90 2.09 7.53 1.00 0.00
0.90 2.09 7.70 1.00 0.00
0.90 2.09 7.88 1.00 0.00
1.10 2.09 4.93 1.00 0.00
1.10 2.09 5.11 1.00 0.00
1.10 2.09 5.28 1.00 0.00
1.10 2.09 5.46 1.00 0.00
1.10 2.09 5.63 1.00 0.00
1.10 2.09 5.81 1.00 0.00
1.10 2.09 5.98 1.00 0.00
1.10 2.09 6.16 1.00 0.00
1.10 2.09 6.33 1.00 0.00
1.10 2.09 6.51 1.00 0.00
1.10 2.09 6.68 1.00 0.00
1.10 2.09 6.85 1.00 0.00
1.10 2.09 7.03 1.00 0.00
1.10 2.09 7.20 1.00 0.00
1.10 2.09 7.38 1.00 0.00
1.10 2.09 7.55 1.00 0.00
1.10 2.09 7.73 1.00 0.00
1.10 2.09 7.90 1.00 0.00
0.30 2.27 4.82 1.00 0.00
0.30 2.27 5.00 1.00 0.00
0.30 2.27 5.17 1.00 0.00
0.30 2.27 5.34 1.00 0.00
0.30 2.27 5.52 1.00 0.00
0.30 2.27 5.69 1.00 0.00
0.30 2.27 5.87 1.00 0.00
0.30 2.27 6.04 1.00 0.00
0.30 2.27 6.22 1.00 0.00
0.30 2.27 6.39 1.00 0.00
0.30 2.27 6.57 1.00 0.00
0.30 2.27 6.74 1.00 0.00
0.30 2.27 6.92 1.00 0.00
0.30 2.27 7.09 1.00 0.00
0.30 2.27 7.26 1.00 0.00
0.30 2.27 7.44 1.00 0.00
0.30 2.27 7.61 1.00 0.00
0.30 2.27 7.79 1.00 0.00
0.50 2.27 4.85 1.00 0.00
0.50 2.27 5.02 1.00 0.00
0.50 2.27 5.19 1.00 0.00
0.50 2.27 5.37 1.00 0.00
0.50 2.27 5.54 1.00 0.00
0.50 2.27 5.72 1.00 0.00
0.50 2.27 5.89 1.00 0.00
0.50 2.27 6.07 1.00 0.00
0.50 2.27 6.24 1.00 0.00
0.50 2.27 6.42 1.00 0.00
0.50 2.27 6.59 1.00 0.00
0.50 2.27 6.77 1.00 0.00
0.50 2.27 6.94 1.00 0.00
0.50 2.27 7.11 1.00 0.00
0.50 2.27 7.29 1.00 0.00
0.50 2.27 7.46 1.00 0.00
0.50 2.27 7.64 1.00 0.00
0.50 2.27 7.81 1.00 0.00
0.70 2.27 4.87 1.00 0.00
0.70 2.27 5.04 1.00 0.00
0.70 2.27 5.22 1.00 0.00
0.70 2.27 5.39 1.00 0.00
0.70 2.27 5.57 1.00 0.00
0.70 2.27 5.74 1.00 0.00
0.70 2.27 5.92 1.00 0.00
0.70 2.27 6.09 1.00 0.00
0.70 2.27 6.26 1.00 0.00
0.70 2.27 6.44 1.00 0.00
0.70 2.27 6.61 1.00 0.00
0.70 2.27 6.79 1.00 0.00
0.70 2.27 6.96 1.00 0.00
0.70 2.27 7.14 1.00 0.00
0.70 2.27 7.31 1.00 0.00
0.70 2.27 7.49 1.00 0.00
0.70 2.27 7.66 1.00 0.00
0.70 2.27 7.84 1.00 0.00
0.90 2.27 4.89 1.00 0.00
0.90 2.27 5.07 1.00 0.00
0.90 2.27 5.24 1.00 0.00
0.90 2.27 5.41 1.00 0.00
0.90 2.27 5.59 1.00 0.00
0.90 2.27 5.76 1.00 0.00
0.90 2.27 5.94 1.00 0.00
0.90 2.27 6.11 1.00 0.00
0.90 2.27 6.29 1.00 0.00
0.90 2.27 6.46 1.00 0.00
0.90 2.27 6.64 1.00 0.00
0.90 2.27 6.81 1.00 0.00
0.90 2.27 6.98 1.00 0.00
0.90 2.27 7.16 1.00 0.00
0.90 2.27 7.33 1.00 0.00
0.90 2.27 7.51 1.00 0.00
0.90 2.27 7.68 1.00 0.00
0.90 2.27 7.86 1.00 0.00
1.10 2.27 4.91 1.00 0.00
1.10 2.27 5.09 1.00 0.00
1.10 2.27 5.26 1.00 0.00
1.10 2.27 5.43 1.00 0.00
1.10 2.27 5.61 1.00 0.00
1.10 2.27 5.78 1.00 0.00
1.10 2.27 5.96 1.00 0.00
1.10 2.27 6.13 1.00 0.00
1.10 2.27 6.31 1.00 0.00
1.10 2.27 6.48 1.00 0.00
1.10 2.27 6.66 1.00 0.00
1.10 2.27 6.83 1.00 0.00
1.10 2.27 7.01 1.00 0.00
1.10 2.27 7.18 1.00 0.00
1.10 2.27 7.35 1.00 0.00
1.10 2.27 7.53 1.00 0.00
1.10 2.27 7.70 1.00 0.00
1.10 2.27 7.88 1.00 0.00
0.30 2.44 4.81 1.00 0.00
0.30 2.44 4.99 1.00 0.00
0.30 2.44 5.16 1.00 0.00
0.30 2.44 5.34 1.00 0.00
0.30 2.44 5.51 1.00 0.00
0.30 2.44 5.69 1.00 0.00
0.30 2.44 5.86 1.00 0.00
0.30 2.44 6.04 1.00 0.00
0.30 2.44 6.21 1.00 0.00
0.30 2.44 6.38 1.00 0.00
0.30 2.44 6.56 1.00 0.00
0.30 2.44 6.73 1.00 0.00
0.30 2.44 6.91 1.00 0.00
0.30 2.44 7.08 1.00 0.00
0.30 2.44 7.26 1.00 0.00
0.30 2.44 7.43 1.00 0.00
0.30 2.44 7.61 1.00 0.00
0.30 2.44 7.78 1.00 0.00
0.50 2.44 4.83 1.00 0.00
0.50 2.44 5.01 1.00 0.00
0.50 2.44 5.18 1.00 0.00
0.50 2.44 5.36 1.00 0.00
0.50 2.44 5.53 1.00 0.00
0.50 2.44 5.71 1.00 0.00
0.50 2.44 5.88 1.00 0.00
0.50 2.44 6.06 1.00 0.00
0.50 2.44 6.23 1.00 0.00
0.50 2.44 6.40 1.00 0.00
0.50 2.44 6.58 1.00 0.00
0.50 2.44 6.75 1.00 0.00
0.50 2.44 6.93 1.00 0.00
0.50 2.44 7.10 1.00 0.00
0.50 2.44 7.28 1.00 0.00
0.50 2.44 7.45 1.00 0.00
0.50 2.44 7.63 1.00 0.00
0.50 2.44 7.80 1.00 0.00
0.70 2.44 4.85 1.00 0.00
0.70 2.44 5.03 1.00 0.00
0.70 2.44 5.20 1.00 0.00
0.70 2.44 5.38 1.00 0.00
0.70 2.44 5.55 1.00 0.00
0.70 2.44 5.72 1.00 0.00
0.70 2.44 5.90 1.00 0.00
0.70 2.44 6.07 1.00 0.00
0.70 2.44 6.25 1.00 0.00
0.70 2.44 6.42 1.00 0.00
0.70 2.44 6.60 1.00 0.00
0.70 2.44 6.77 1.00 0.00
0.70 2.44 6.95 1.00 0.00
0.70 2.44 7.12 1.00 0.00
0.70 2.44 7.30 1.00 0.00
0.70 2.44 7.47 1.00 0.00
0.70 2.44 7.64 1.00 0.00
0.70 2.44 7.82 1.00 0.00
0.90 2.44 4.87 1.00 0.00
0.90 2.44 5.04 1.00 0.00
0.90 2.44 5.22 1.00 0.00
0.90 2.44 5.39 1.00 0.00
0.90 2.44 5.57 1.00 0.00
0.90 2.44 5.74 1.00 0.00
0.90 2.44 5.92 1.00 0.00
0.90 2.44 6.09 1.00 0.00
0.90 2.44 6.27 1.00 0.00
0.90 2.44 6.44 1.00 0.00
0.90 2.44 6.61 1.00 0.00
0.90 2.44 6.79 1.00 0.00
0.90 2.44 6.96 1.00 0.00
0.90 2.44 7.14 1.00 0.00
0.90 2.44 7.31 1.00 0.00
0.90 2.44 7.49 1.00 0.00
0.90 2.44 7.66 1.00 0.00
0.90 2.44 7.84 1.00 0.00
1.10 2.44 4.89 1.00 0.00
1.10 2.44 5.06 1.00 0.00
1.10 2.44 5.23 1.00 0.00
1.10 2.44 5.41 1.00 0.00
1.10 2.44 5.58 1.00 0.00
1.10 2.44 5.76 1.00 0.00
1.10 2.44 5.93 1.00 0.00
1.10 2.44 6.11 1.00 0.00
1.10 2.44 6.28 1.00 0.00
1.10 2.44 6.46 1.00 0.00
1.10 2.44 6.63 1.00 0.00
1.10 2.44 6.81 1.00 0.00
1.10 2.44 6.98 1.00 0.00
1.10 2.44 7.15 1.00 0.00
1.10 2.44 7.33 1.00 0.00
1.10 2.44 7.50 1.00 0.00
1.10 2.44 7.68 1.00 0.00
1.10 2.44 7.85 1.00 0.00
0.30 2.62 4.81 1.00 0.00
0.30 2.62 4.98 1.00 0.00
0.30 2.62 5.16 1.00 0.00
0.30 2.62 5.33 1.00 0.00
0.30 2.62 5.50 1.00 0.00
0.30 2.62 5.68 1.00 0.00
0.30 2.62 5.85 1.00 0.00
0.30 2.62 6.03 1.00 0.00
0.30 2.62 6.20 1.00 0.00
0.30 2.62 6.38 1.00 0.00
0.30 2.62 6.55 1.00 0.00
0.30 2.62 6.73 1.00 0.00
0.30 2.62 6.90 1.00 0.00
0.30 2.62 7.07 1.00 0.00
0.30 2.62 7.25 1.00 0.00
0.30 2.62 7.42 1.00 0.00
0.30 2.62 7.60 1.00 0.00
0.30 2.62 7.77 1.00 0.00
0.50 2.62 4.82 1.00 0.00
0.50 2.62 4.99 1.00 0.00
0.50 2.62 5.17 1.00 0.00
0.50 2.62 5.34 1.00 0.00
0.50 2.62 5.52 1.00 0.00
0.50 2.62 5.69 1.00 0.00
0.50 2.62 5.87 1.00 0.00
0.50 2.62 6.04 1.00 0.00
0.50 2.62 6.22 1.00 0.00
0.50 2.62 6.39 1.00 0.00
0.50 2.62 6.57 1.00 0.00
0.50 2.62 6.74 1.00 0.00
0.50 2.62 6.91 1.00 0.00
0.50 2.62 7.09 1.00 0.00
0.50 2.62 7.26 1.00 0.00
0.50 2.62 7.44 1.00 0.00
0.50 2.62 7.61 1.00 0.00
0.50 2.62 7.79 1.00 0.00
0.70 2.62 4.83 1.00 0.00
0.70 2.62 5.01 1.00 0.00
0.70 2.62 5.18 1.00 0.00
0.70 2.62 5.36 1.00 0.00
0.70 2.62 5.53 1.00 0.00
0.70 2.62 5.71 1.00 0.00
0.70 2.62 5.88 1.00 0.00
0.70 2.62 6.06 1.00 0.00
0.70 2.62 6.23 1.00 0.00
0.70 2.62 6.40 1.00 0.00
0.70 2.62 6.58 1.00 0.00
0.70 2.62 6.75 1.00 0.00
0.70 2.62 6.93 1.00 0.00
0.70 2.62 7.10 1.00 0.00
0.70 2.62 7.28 1.00 0.00
0.70 2.62 7.45 1.00 0.00
0.70 2.62 7.63 1.00 0.00
0.70 2.62 7.80 1.00 0.00
0.90 2.62 4.85 1.00 0.00
0.90 2.62 5.02 1.00 0.00
0.90 2.62 5.20 1.00 0.00
0.90 2.62 5.37 1.00 0.00
0.90 2.62 5.54 1.00 0.00
0.90 2.62 5.72 1.00 0.00
0.90 2.62 5.89 1.00 0.00
0.90 2.62 6.07 1.00 0.00
0.90 2.62 6.24 1.00 0.00
0.90 2.62 6.42 1.00 0.00
0.90 2.62 6.59 1.00 0.00
0.90 2.62 6.77 1.00 0.00
0.90 2.62 6.94 1.00 0.00
0.90 2.62 7.12 1.00 0.00
0.90 2.62 7.29 1.00 0.00
0.90 2.62 7.46 1.00 0.00
0.90 2.62 7.64 1.00 0.00
0.90 2.62 7.81 1.00 0.00
1.10 2.62 4.86 1.00 0.00
1.10 2.62 5.03 1.00 0.00
1.10 2.62 5.21 1.00 0.00
1.10 2.62 5.38 1.00 0.00
1.10 2.62 5.56 1.00 0.00
1.10 2.62 5.73 1.00 0.00
1.10 2.62 5.91 1.00 0.00
1.10 2.62 6.08 1.00 0.00
1.10 2.62 6.25 1.00 0.00
1.10 2.62 6.43 1.00 0.00
1.10 2.62 6.60 1.00 0.00
1.10 2.62 6.78 1.00 0.00
1.10 2.62 6.95 1.00 0.00
1.10 2.62 7.13 1.00 0.00
1.10 2.62 7.30 1.00 0.00
1.10 2.62 7.48 1.00 0.00
1.10 2.62 7.65 1.00 0.00
1.10 2.62 7.83 1.00 0.00
0.30 2.79 4.80 1.00 0.00
0.30 2.79 4.97 1.00 0.00
0.30 2.79 5.15 1.00 0.00
0.30 2.79 5.32 1.00 0.00
0.30 2.79 5.50 1.00 0.00
0.30 2.79 5.67 1.00 0.00
0.30 2.79 5.84 1.00 0.00
0.30 2.79 6.02 1.00 0.00
0.30 2.79 6.19 1.00 0.00
0.30 2.79 6.37 1.00 0.00
0.30 2.79 6.54 1.00 0.00
0.30 2.79 6.72 1.00 0.00
0.30 2.79 6.89 1.00 0.00
0.30 2.79 7.07 1.00 0.00
0.30 2.79 7.24 1.00 0.00
0.30 2.79 7.42 1.00 0.00
0.30 2.79 7.59 1.00 0.00
0.30 2.79 7.76 1.00 0.00
0.50 2.79 4.81 1.00 0.00
0.50 2.79 4.98 1.00 0.00
0.50 2.79 5.16 1.00 0.00
0.50 2.79 5.33 1.00 0.00
0.50 2.79 5.50 1.00 0.00
0.50 2.79 5.68 1.00 0.00
0.50 2.79 5.85 1.00 0.00
0.50 2.79 6.03 1.00 0.00
0.50 2.79 6.20 1.00 0.00
0.50 2.79 6.38 1.00 0.00
0.50 2.79 6.55 1.00 0.00
0.50 2.79 6.73 1.00 0.00
0.50 2.79 6.90 1.00 0.00
0.50 2.79 7.08 1.00 0.00
0.50 2.79 7.25 1.00 0.00
0.50 2.79 7.42 1.00 0.00
0.50 2.79 7.60 1.00 0.00
0.50 2.79 7.77 1.00 0.00
0.70 2.79 4.81 1.00 0.00
0.70 2.79 4.99 1.00 0.00
0.70 2.79 5.16 1.00 0.00
0.70 2.79 5.34 1.00 0.00
0.70 2.79 5.51 1.00 0.00
0.70 2.79 5.69 1.00 0.00
0.70 2.79 5.86 1.00 0.00
0.70 2.79 6.04 1.00 0.00
0.70 2.79 6.21 1.00 0.00
0.70 2.79 6.39 1.00 0.00
0.70 2.79 6.56 1.00 0.00
0.70 2.79 6.73 1.00 0.00
0.70 2.79 6.91 1.00 0.00
0.70 2.79 7.08 1.00 0.00
0.70 2.79 7.26 1.00 0.00
0.70 2.79 7.43 1.00 0.00
0.70 2.79 7.61 1.00 0.00
0.70 2.79 7.78 1.00 0.00
0.90 2.79 4.82 1.00 0.00
0.90 2.79 5.00 1.00 0.00
0.90 2.79 5.17 1.00 0.00
0.90 2.79 5.35 1.00 0.00
0.90 2.79 5.52 1.00 0.00
0.90 2.79 5.70 1.00 0.00
0.90 2.79 5.87 1.00 0.00
0.90 2.79 6.04 1.00 0.00
0.90 2.79 6.22 1.00 0.00
0.90 2.79 6.39 1.00 0.00
0.90 2.79 6.57 1.00 0.00
0.90 2.79 6.74 1.00 0.00
0.90 2.79 6.92 1.00 0.00
0.90 2.79 7.09 1.00 0.00
0.90 2.79 7.27 1.00 0.00
0.90 2.79 7.44 1.00 0.00
0.90 2.79 7.61 1.00 0.00
0.90 2.79 7.79 1.00 0.00
1.10 2.79 4.83 1.00 0.00
1.10 2.79 5.00 1.00 0.00
1.10 2.79 5.18 1.00 0.00
1.10 2.79 5.35 1.00 0.00
1.10 2.79 5.53 1.00 0.00
1.10 2.79 5.70 1.00 0.00
1.10 2.79 5.88 1.00 0.00
1.10 2.79 6.05 1.00 0.00
1.10 2.79 6.23 1.00 0.00
1.10 2.79 6.40 1.00 0.00
1.10 2.79 6.58 1.00 0.00
1.10 2.79 6.75 1.00 0.00
1.10 2.79 6.92 1.00 0.00
1.10 2.79 7.10 1.00 0.00
1.10 2.79 7.27 1.00 0.00
1.10 2.79 7.45 1.00 0.00
1.10 2.79 7.62 1.00 0.00
1.10 2.79 7.80 1.00 0.00
0.30 2.97 4.79 1.00 0.00
0.30 2.97 4.96 1.00 0.00
0.30 2.97 5.14 1.00 0.00
0.30 2.97 5.31 1.00 0.00
0.30 2.97 5.49 1.00 0.00
0.30 2.97 5.66 1.00 0.00
0.30 2.97 5.84 1.00 0.00
0.30 2.97 6.01 1.00 0.00
0.30 2.97 6.18 1.00 0.00
0.30 2.97 6.36 1.00 0.00
0.30 2.97 6.53 1.00 0.00
0.30 2.97 6.71 1.00 0.00
0.30 2.97 6.88 1.00 0.00
0.30 2.97 7.06 1.00 0.00
0.30 2.97 7.23 1.00 0.00
0.30 2.97 7.41 1.00 0.00
0.30 2.97 7.58 1.00 0.00
0.30 2.97 7.76 1.00 0.00
0.50 2.97 4.79 1.00 0.00
0.50 2.97 4.97 1.00 0.00
0.50 2.97 5.14 1.00 0.00
0.50 2.97 5.32 1.00 0.00
0.50 2.97 5.49 1.00 0.00
0.50 2.97 5.66 1.00 0.00
0.50 2.97 5.84 1.00 0.00
0.50 2.97 6.01 1.00 0.00
0.50 2.97 6.19 1.00 0.00
0.50 2.97 6.36 1.00 0.00
0.50 2.97 6.54 1.00 0.00
0.50 2.97 6.71 1.00 0.00
0.50 2.97 6.89 1.00 0.00
0.50 2.97 7.06 1.00 0.00
0.50 2.97 7.23 1.00 0.00
0.50 2.97 7.41 1.00 0.00
0.50 2.97 7.58 1.00 0.00
0.50 2.97 7.76 1.00 0.00
0.70 2.97 4.79 1.00 0.00
0.70 2.97 4.97 1.00 0.00
0.70 2.97 5.14 1.00 0.00
0.70 2.97 5.32 1.00 0.00
0.70 2.97 5.49 1.00 0.00
0.70 2.97 5.67 1.00 0.00
0.70 2.97 5.84 1.00 0.00
0.70 2.97 6.02 1.00 0.00
0.70 2.97 6.19 1.00 0.00
0.70 2.97 6.37 1.00 0.00
0.70 2.97 6.54 1.00 0.00
0.70 2.97 6.71 1.00 0.00
0.70 2.97 6.89 1.00 0.00
0.70 2.97 7.06 1.00 0.00
0.70 2.97 7.24 1.00 0.00
0.70 2.97 7.41 1.00 0.00
0.70 2.97 7.59 1.00 0.00
0.70 2.97 7.76 1.00 0.00
0.90 2.97 4.80 1.00 0.00
0.90 2.97 4.97 1.00 0.00
0.90 2.97 5.15 1.00 0.00
0.90 2.97 5.32 1.00 0.00
0.90 2.97 5.50 1.00 0.00
0.90 2.97 5.67 1.00 0.00
0.90 2.97 5.84 1.00 0.00
0.90 2.97 6.02 1.00 0.00
0.90 2.97 6.19 1.00 0.00
0.90 2.97 6.37 1.00 0.00
0.90 2.97 6.54 1.00 0.00
0.90 2.97 6.72 1.00 0.00
0.90 2.97 6.89 1.00 0.00
0.90 2.97 7.07 1.00 0.00
0.90 2.97 7.24 1.00 0.00
0.90 2.97 7.42 1.00 0.00
0.90 2.97 7.59 1.00 0.00
0.90 2.97 7.76 1.00 0.00
1.10 2.97 4.80 1.00 0.00
1.10 2.97 4.97 1.00 0.00
1.10 2.97 5.15 1.00 0.00
1.10 2.97 5.32 1.00 0.00
1.10 2.97 5.50 1.00 0.00
1.10 2.97 5.67 1.00 0.00
1.10 2.97 5.85 1.00 0.00
1.10 2.97 6.02 1.00 0.00
1.10 2.97 6.20 1.00 0.00
1.10 2.97 6.37 1.00 0.00
1.10 2.97 6.55 1.00 0.00
1.10 2.97 6.72 1.00 0.00
1.10 2.97 6.89 1.00 0.00
1.10 2.97 7.07 1.00 0.00
1.10 2.97 7.24 1.00 0.00
1.10 2.97 7.42 1.00 0.00
1.10 2.97 7.59 1.00 0.00
1.10 2.97 7.77 1.00 0.00
0.30 3.14 4.78 1.00 0.00
0.30 3.14 4.95 1.00 0.00
0.30 3.14 5.13 1.00 0.00
0.30 3.14 5.30 1.00 0.00
0.30 3.14 5.48 1.00 0.00
0.30 3.14 5.65 1.00 0.00
0.30 3.14 5.83 1.00 0.00
0.30 3.14 6.00 1.00 0.00
0.30 3.14 6.18 1.00 0.00
0.30 3.14 6.35 1.00 0.00
0.30 3.14 6.52 1.00 0.00
0.30 3.14 6.70 1.00 0.00
0.30 3.14 6.87 1.00 0.00
0.30 3.14 7.05 1.00 0.00
0.30 3.14 7.22 1.00 0.00
0.30 3.14 7.40 1.00 0.00
0.30 3.14 7.57 1.00 0.00
0.30 3.14 7.75 1.00 0.00
0.50 3.14 4.78 1.00 0.00
0.50 3.14 4.95 1.00 0.00
0.50 3.14 5.13 1.00 0.00
0.50 3.14 5.30 1.00 0.00
0.50 3.14 5.47 1.00 0.00
0.50 3.14 5.65 1.00 0.00
0.50 3.14 5.82 1.00 0.00
0.50 3.14 6.00 1.00 0.00
0.50 3.14 6.17 1.00 0.00
0.50 3.14 6.35 1.00 0.00
0.50 3.14 6.52 1.00 0.00
0.50 3.14 6.70 1.00 0.00
0.50 3.14 6.87 1.00 0.00
0.50 3.14 7.05 1.00 0.00
0.50 3.14 7.22 1.00 0.00
0.50 3.14 7.39 1.00 0.00
0.50 3.14 7.57 1.00 0.00
0.50 3.14 7.74 1.00 0.00
0.70 3.14 4.77 1.00 0.00
0.70 3.14 4.95 1.00 0.00
0.70 3.14 5.12 1.00 0.00
0.70 3.14 5.30 1.00 0.00
0.70 3.14 5.47 1.00 0.00
0.70 3.14 5.65 1.00 0.00
0.70 3.14 5.82 1.00 0.00
0.70 3.14 6.00 1.00 0.00
0.70 3.14 6.17 1.00 0.00
0.70 3.14 6.35 1.00 0.00
0.70 3.14 6.52 1.00 0.00
0.70 3.14 6.69 1.00 0.00
0.70 3.14 6.87 1.00 0.00
0.70 3.14 7.04 1.00 0.00
0.70 3.14 7.22 1.00 0.00
0.70 3.14 7.39 1.00 0.00
0.70 3.14 7.57 1.00 0.00
0.70 3.14 7.74 1.00 0.00
0.90 3.14 4.77 1.00 0.00
0.90 3.14 4.95 1.00 0.00
0.90 3.14 5.12 1.00 0.00
0.90 3.14 5.30 1.00 0.00
0.90 3.14 5.47 1.00 0.00
0.90 3.14 5.65 1.00 0.00
0.90 3.14 5.82 1.00 0.00
0.90 3.14 5.99 1.00 0.00
0.90 3.14 6.17 1.00 0.00
0.90 3.14 6.34 1.00 0.00
0.90 3.14 6.52 1.00 0.00
0.90 3.14 6.69 1.00 0.00
0.90 3.14 6.87 1.00 0.00
0.90 3.14 7.04 1.00 0.00
0.90 3.14 7.22 1.00 0.00
0.90 3.14 7.39 1.00 0.00
0.90 3.14 7.56 1.00 0.00
0.90 3.14 7.74 1.00 0.00
1.10 3.14 4.77 1.00 0.00
1.10 3.14 4.95 1.00 0.00
1.10 3.14 5.12 1.00 0.00
1.10 3.14 5.29 1.00 0.00
1.10 3.14 5.47 1.00 0.00
1.10 3.14 5.64 1.00 0.00
1.10 3.14 5.82 1.00 0.00
1.10 3.14 5.99 1.00 0.00
1.10 3.14 6.17 1.00 0.00
1.10 3.14 6.34 1.00 0.00
1.10 3.14 6.52 1.00 0.00
1.10 3.14 6.69 1.00 0.00
1.10 3.14 6.86 1.00 0.00
1.10 3.14 7.04 1.00 0.00
1.10 3.14 7.21 1.00 0.00
1.10 3.14 7.39 1.00 0.00
1.10 3.14 7.56 1.00 0.00
1.10 3.14 7.74 1.00 0.00
0.30 3.32 4.77 1.00 0.00
0.30 3.32 4.94 1.00 0.00
0.30 3.32 5.12 1.00 0.00
0.30 3.32 5.29 1.00 0.00
0.30 3.32 5.47 1.00 0.00
0.30 3.32 5.64 1.00 0.00
0.30 3.32 5.82 1.00 0.00
0.30 3.32 5.99 1.00 0.00
0.30 3.32 6.17 1.00 0.00
0.30 3.32 6.34 1.00 0.00
0.30 3.32 6.51 1.00 0.00
0.30 3.32 6.69 1.00 0.00
0.30 3.32 6.86 1.00 0.00
0.30 3.32 7.04 1.00 0.00
0.30 3.32 7.21 1.00 0.00
0.30 3.32 7.39 1.00 0.00
0.30 3.32 7.56 1.00 0.00
0.30 3.32 7.74 1.00 0.00
0.50 3.32 4.76 1.00 0.00
0.50 3.32 4.94 1.00 0.00
0.50 3.32 5.11 1.00 0.00
0.50 3.32 5.29 1.00 0.00
0.50 3.32 5.46 1.00 0.00
0.50 3.32 5.63 1.00 0.00
0.50 3.32 5.81 1.00 0.00
0.50 3.32 5.98 1.00 0.00
0.50 3.32 6.16 1.00 0.00
0.50 3.32 6.33 1.00 0.00
0.50 3.32 6.51 1.00 0.00
0.50 3.32 6.68 1.00 0.00
0.50 3.32 6.86 1.00 0.00
0.50 3.32 7.03 1.00 0.00
0.50 3.32 7.21 1.00 0.00
0.50 3.32 7.38 1.00 0.00
0.50 3.32 7.55 1.00 0.00
0.50 3.32 7.73 1.00 0.00
0.70 3.32 4.75 1.00 0.00
0.70 3.32 4.93 1.00 0.00
0.70 3.32 5.10 1.00 0.00
0.70 3.32 5.28 1.00 0.00
0.70 3.32 5.45 1.00 0.00
0.70 3.32 5.63 1.00 0.00
0.70 3.32 5.80 1.00 0.00
0.70 3.32 5.98 1.00 0.00
0.70 3.32 6.15 1.00 0.00
0.70 3.32 6.33 1.00 0.00
0.70 3.32 6.50 1.00 0.00
0.70 3.32 6.67 1.00 0.00
0.70 3.32 6.85 1.00 0.00
0.70 3.32 7.02 1.00 0.00
0.70 3.32 7.20 1.00 0.00
0.70 3.32 7.37 1.00 0.00
0.70 3.32 7.55 1.00 0.00
0.70 3.32 7.72 1.00 0.00
0.90 3.32 4.75 1.00 0.00
0.90 3.32 4.92 1.00 0.00
0.90 3.32 5.10 1.00 0.00
0.90 3.32 5.27 1.00 0.00
0.90 3.32 5.45 1.00 0.00
0.90 3.32 5.62 1.00 0.00
0.90 3.32 5.79 1.00 0.00
0.90 3.32 5.97 1.00 0.00
0.90 3.32 6.14 1.00 0.00
0.90 3.32 6.32 1.00 0.00
0.90 3.32 6.49 1.00 0.00
0.90 3.32 6.67 1.00 0.00
0.90 3.32 6.84 1.00 0.00
0.90 3.32 7.02 1.00 0.00
0.90 3.32 7.19 1.00 0.00
0.90 3.32 7.37 1.00 0.00
0.90 3.32 7.54 1.00 0.00
0.90 3.32 7.71 1.00 0.00
1.10 3.32 4.74 1.00 0.00
1.10 3.32 4.92 1.00 0.00
1.10 3.32 5.09 1.00 0.00
1.10 3.32 5.26 1.00 0.00
1.10 3.32 5.44 1.00 0.00
1.10 3.32 5.61 1.00 0.00
1.10 3.32 5.79 1.00 0.00
1.10 3.32 5.96 1.00 0.00
1.10 3.32 6.14 1.00 0.00
1.10 3.32 6.31 1.00 0.00
1.10 3.32 6.49 1.00 0.00
1.10 3.32 6.66 1.00 0.00
1.10 3.32 6.84 1.00 0.00
1.10 3.32 7.01 1.00 0.00
1.10 3.32 7.18 1.00 0.00
1.10 3.32 7.36 1.00 0.00
1.10 3.32 7.53 1.00 0.00
1.10 3.32 7.71 1.00 0.00
0.30 3.49 4.76 1.00 0.00
0.30 3.49 4.94 1.00 0.00
0.30 3.49 5.11 1.00 0.00
0.30 3.49 5.28 1.00 0.00
0.30 3.49 5.46 1.00 0.00
0.30 3.49 5.63 1.00 0.00
0.30 3.49 5.81 1.00 0.00
0.30 3.49 5.98 1.00 0.00
0.30 3.49 6.16 1.00 0.00
0.30 3.49 6.33 1.00 0.00
0.30 3.49 6.51 1.00 0.00
0.30 3.49 6.68 1.00 0.00
0.30 3.49 6.86 1.00 0.00
0.30 3.49 7.03 1.00 0.00
0.30 3.49 7.20 1.00 0.00
0.30 3.49 7.38 1.00 0.00
0.30 3.49 7.55 1.00 0.00
0.30 3.49 7.73 1.00 0.00
0.50 3.49 4.75 1.00 0.00
0.50 3.49 4.92 1.00 0.00
0.50 3.49 5.10 1.00 0.00
0.50 3.49 5.27 1.00 0.00
0.50 3.49 5.45 1.00 0.00
0.50 3.49 5.62 1.00 0.00
0.50 3.49 5.79 1.00 0.00
0.50 3.49 5.97 1.00 0.00
0.50 3.49 6.14 1.00 0.00
0.50 3.49 6.32 1.00 0.00
0.50 3.49 6.49 1.00 0.00
0.50 3.49 6.67 1.00 0.00
0.50 3.49 6.84 1.00 0.00
0.50 3.49 7.02 1.00 0.00
0.50 3.49 7.19 1.00 0.00
0.50 3.49 7.37 1.00 0.00
0.50 3.49 7.54 1.00 0.00
0.50 3.49 7.71 1.00 0.00
0.70 3.49 4.73 1.00 0.00
0.70 3.49 4.91 1.00 0.00
0.70 3.49 5.08 1.00 0.00
0.70 3.49 5.26 1.00 0.00
0.70 3.49 5.43 1.00 0.00
0.70 3.49 5.61 1.00 0.00
0.70 3.49 5.78 1.00 0.00
0.70 3.49 5.96 1.00 0.00
0.70 3.49 6.13 1.00 0.00
0.70 3.49 6.31 1.00 0.00
0.70 3.49 6.48 1.00 0.00
0.70 3.49 6.65 1.00 0.00
0.70 3.49 6.83 1.00 0.00
0.70 3.49 7.00 1.00 0.00
0.70 3.49 7.18 1.00 0.00
0.70 3.49 7.35 1.00 0.00
0.70 3.49 7.53 1.00 0.00
0.70 3.49 7.70 1.00 0.00
0.90 3.49 4.72 1.00 0.00
0.90 3.49 4.90 1.00 0.00
0.90 3.49 5.07 1.00 0.00
0.90 3.49 5.25 1.00 0.00
0.90 3.49 5.42 1.00 0.00
0.90 3.49 5.60 1.00 0.00
0.90 3.49 5.77 1.00 0.00
0.90 3.49 5.94 1.00 0.00
0.90 3.49 6.12 1.00 0.00
0.90 3.49 6.29 1.00 0.00
0.90 3.49 6.47 1.00 0.00
0.90 3.49 6.64 1.00 0.00
0.90 3.49 6.82 1.00 0.00
0.90 3.49 6.99 1.00 0.00
0.90 3.49 7.17 1.00 0.00
0.90 3.49 7.34 1.00 0.00
0.90 3.49 7.52 1.00 0.00
0.90 3.49 7.69 1.00 0.00
1.10 3.49 4.71 1.00 0.00
1.10 3.49 4.89 1.00 0.00
1.10 3.49 5.06 1.00 0.00
1.10 3.49 5.24 1.00 0.00
1.10 3.49 5.41 1.00 0.00
1.10 3.49 5.58 1.00 0.00
1.10 3.49 5.76 1.00 0.00
1.10 3.49 5.93 1.00 0.00
1.10 3.49 6.11 1.00 0.00
1.10 3.49 6.28 1.00 0.00
1.10 3.49 6.46 1.00 0.00
1.10 3.49 6.63 1.00 0.00
1.10 3.49 6.81 1.00 0.00
1.10 3.49 6.98 1.00 0.00
1.10 3.49 7.16 1.00 0.00
1.10 3.49 7.33 1.00 0.00
1.10 3.49 7.50 1.00 0.00
1.10 3.49 7.68 1.00 0.00
0.30 3.67 4.75 1.00 0.00
0.30 3.67 4.93 1.00 0.00
0.30 3.67 5.10 1.00 0.00
0.30 3.67 5.28 1.00 0.00
0.30 3.67 5.45 1.00 0.00
0.30 3.67 5.63 1.00 0.00
0.30 3.67 5.80 1.00 0.00
0.30 3.67 5.97 1.00 0.00
0.30 3.67 6.15 1.00 0.00
0.30 3.67 6.32 1.00 0.00
0.30 3.67 6.50 1.00 0.00
0.30 3.67 6.67 1.00 0.00
0.30 3.67 6.85 1.00 0.00
0.30 3.67 7.02 1.00 0.00
0.30 3.67 7.20 1.00 0.00
0.30 3.67 7.37 1.00 0.00
0.30 3.67 7.55 1.00 0.00
0.30 3.67 7.72 1.00 0.00
0.50 3.67 4.73 1.00 0.00
0.50 3.67 4.91 1.00 0.00
0.50 3.67 5.08 1.00 0.00
0.50 3.67 5.26 1.00 0.00
0.50 3.67 5.43 1.00 0.00
0.50 3.67 5.61 1.00 0.00
0.50 3.67 5.78 1.00 0.00
0.50 3.67 5.96 1.00 0.00
0.50 3.67 6.13 1.00 0.00
0.50 3.67 6.30 1.00 0.00
0.50 3.67 6.48 1.00 0.00
0.50 3.67 6.65 1.00 0.00
0.50 3.67 6.83 1.00 0.00
0.50 3.67 7.00 1.00 0.00
0.50 3.67 7.18 1.00 0.00
0.50 3.67 7.35 1.00 0.00
0.50 3.67 7.53 1.00 0.00
0.50 3.67 7.70 1.00 0.00
0.70 3.67 4.72 1.00 0.00
0.70 3.67 4.89 1.00 0.00
0.70 3.67 5.07 1.00 0.00
0.70 3.67 5.24 1.00 0.00
0.70 3.67 5.41 1.00 0.00
0.70 3.67 5.59 1.00 0.00
0.70 3.67 5.76 1.00 0.00
0.70 3.67 5.94 1.00 0.00
0.70 3.67 6.11 1.00 0.00
0.70 3.67 6.29 1.00 0.00
0.70 3.67 6.46 1.00 0.00
0.70 3.67 6.64 1.00 0.00
0.70 3.67 6.81 1.00 0.00
0.70 3.67 6.99 1.00 0.00
0.70 3.67 7.16 1.00 0.00
0.70 3.67 7.33 1.00 0.00
0.70 3.67 7.51 1.00 0.00
0.70 3.67 7.68 1.00 0.00
0.90 3.67 4.70 1.00 0.00
0.90 3.67 4.87 1.00 0.00
0.90 3.67 5.05 1.00 0.00
0.90 3.67 5.22 1.00 0.00
0.90 3.67 5.40 1.00 0.00
0.90 3.67 5.57 1.00 0.00
0.90 3.67 5.75 1.00 0.00
0.90 3.67 5.92 1.00 0.00
0.90 3.67 6.10 1.00 0.00
0.90 3.67 6.27 1.00 0.00
0.90 3.67 6.45 1.00 0.00
0.90 3.67 6.62 1.00 0.00
0.90 3.67 6.79 1.00 0.00
0.90 3.67 6.97 1.00 0.00
0.90 3.67 7.14 1.00 0.00
0.90 3.67 7.32 1.00 0.00
0.90 3.67 7.49 1.00 0.00
0.90 3.67 7.67 1.00 0.00
1.10 3.67 4.68 1.00 0.00
1.10 3.67 4.86 1.00 0.00
1.10 3.67 5.03 1.00 0.00
1.10 3.67 5.21 1.00 0.00
1.10 3.67 5.38 1.00 0.00
1.10 3.67 5.56 1.00 0.00
1.10 3.67 5.73 1.00 0.00
1.10 3.67 5.91 1.00 0.00
1.10 3.67 6.08 1.00 0.00
1.10 3.67 6.26 1.00 0.00
1.10 3.67 6.43 1.00 0.00
1.10 3.67 6.60 1.00 0.00
1.10 3.67 6.78 1.00 0.00
1.10 3.67 6.95 1.00 0.00
1.10 3.67 7.13 1.00 0.00
1.10 3.67 7.30 1.00 0.00
1.10 3.67 7.48 1.00 0.00
1.10 3.67 7.65 1.00 0.00
0.30 3.84 4.75 1.00 0.00
0.30 3.84 4.92 1.00 0.00
0.30 3.84 5.09 1.00 0.00
0.30 3.84 5.27 1.00 0.00
0.30 3.84 5.44 1.00 0.00
0.30 3.84 5.62 1.00 0.00
0.30 3.84 5.79 1.00 0.00
0.30 3.84 5.97 1.00 0.00
0.30 3.84 6.14 1.00 0.00
0.30 3.84 6.32 1.00 0.00
0.30 3.84 6.49 1.00 0.00
0.30 3.84 6.66 1.00 0.00
0.30 3.84 6.84 1.00 0.00
0.30 3.84 7.01 1.00 0.00
0.30 3.84 7.19 1.00 0.00
0.30 3.84 7.36 1.00 0.00
0.30 3.84 7.54 1.00 0.00
0.30 3.84 7.71 1.00 0.00
0.50 3.84 4.72 1.00 0.00
0.50 3.84 4.90 1.00 0.00
0.50 3.84 5.07 1.00 0.00
0.50 3.84 5.25 1.00 0.00
0.50 3.84 5.42 1.00 0.00
0.50 3.84 5.59 1.00 0.00
0.50 3.84 5.77 1.00 0.00
0.50 3.84 5.94 1.00 0.00
0.50 3.84 6.12 1.00 0.00
0.50 3.84 6.29 1.00 0.00
0.50 3.84 6.47 1.00 0.00
0.50 3.84 6.64 1.00 0.00
0.50 3.84 6.82 1.00 0.00
0.50 3.84 6.99 1.00 0.00
0.50 3.84 7.17 1.00 0.00
0.50 3.84 7.34 1.00 0.00
0.50 3.84 7.51 1.00 0.00
0.50 3.84 7.69 1.00 0.00
0.70 3.84 4.70 1.00 0.00
0.70 3.84 4.87 1.00 0.00
0.70 3.84 5.05 1.00 0.00
0.70 3.84 5.22 1.00 0.00
0.70 3.84 5.40 1.00 0.00
0.70 3.84 5.57 1.00 0.00
0.70 3.84 5.75 1.00 0.00
0.70 3.84 5.92 1.00 0.00
0.70 3.84 6.10 1.00 0.00
0.70 3.84 6.27 1.00 0.00
0.70 3.84 6.44 1.00 0.00
0.70 3.84 6.62 1.00 0.00
0.70 3.84 6.79 1.00 0.00
0.70 3.84 6.97 1.00 0.00
0.70 3.84 7.14 1.00 0.00
0.70 3.84 7.32 1.00 0.00
0.70 3.84 7.49 1.00 0.00
0.70 3.84 7.67 1.00 0.00
0.90 3.84 4.68 1.00 0.00
0.90 3.84 4.85 1.00 0.00
0.90 3.84 5.03 1.00 0.00
0.90 3.84 5.20 1.00 0.00
0.90 3.84 5.38 1.00 0.00
0.90 3.84 5.55 1.00 0.00
0.90 3.84 5.73 1.00 0.00
0.90 3.84 5.90 1.00 0.00
0.90 3.84 6.07 1.00 0.00
0.90 3.84 6.25 1.00 0.00
0.90 3.84 6.42 1.00 0.00
0.90 3.84 6.60 1.00 0.00
0.90 3.84 6.77 1.00 0.00
0.90 3.84 6.95 1.00 0.00
0.90 3.84 7.12 1.00 0.00
0.90 3.84 7.30 1.00 0.00
0.90 3.84 7.47 1.00 0.00
0.90 3.84 7.65 1.00 0.00
1.10 3.84 4.66 1.00 0.00
1.10 3.84 4.83 1.00 0.00
1.10 3.84 5.01 1.00 0.00
1.10 3.84 5.18 1.00 0.00
1.10 3.84 5.36 1.00 0.00
1.10 3.84 5.53 1.00 0.00
1.10 3.84 5.71 1.00 0.00
1.10 3.84 5.88 1.00 0.00
1.10 3.84 6.05 1.00 0.00
1.10 3.84 6.23 1.00 0.00
1.10 3.84 6.40 1.00 0.00
1.10 3.84 6.58 1.00 0.00
1.10 3.84 6.75 1.00 0.00
1.10 3.84 6.93 1.00 0.00
1.10 3.84 7.10 1.00 0.00
1.10 3.84 7.28 1.00 0.00
1.10 3.84 7.45 1.00 0.00
1.10 3.84 7.63 1.00 0.00
0.30 4.01 4.74 1.00 0.00
0.30 4.01 4.91 1.00 0.00
0.30 4.01 5.09 1.00 0.00
0.30 4.01 5.26 1.00 0.00
0.30 4.01 5.44 1.00 0.00
0.30 4.01 5.61 1.00 0.00
0.30 4.01 5.79 1.00 0.00
0.30 4.01 5.96 1.00 0.00
0.30 4.01 6.13 1.00 0.00
0.30 4.01 6.31 1.00 0.00
0.30 4.01 6.48 1.00 0.00
0.30 4.01 6.66 1.00 0.00
0.30 4.01 6.83 1.00 0.00
0.30 4.01 7.01 1.00 0.00
0.30 4.01 7.18 1.00 0.00
0.30 4.01 7.36 1.00 0.00
0.30 4.01 7.53 1.00 0.00
0.30 4.01 7.71 1.00 0.00
0.50 4.01 4.71 1.00 0.00
0.50 4.01 4.89 1.00 0.00
0.50 4.01 5.06 1.00 0.00
0.50 4.01 5.23 1.00 0.00
0.50 4.01 5.41 1.00 0.00
0.50 4.01 5.58 1.00 0.00
0.50 4.01 5.76 1.00 0.00
0.50 4.01 5.93 1.00 0.00
0.50 4.01 6.11 1.00 0.00
0.50 4.01 6.28 1.00 0.00
0.50 4.01 6.46 1.00 0.00
0.50 4.01 6.63 1.00 0.00
0.50 4.01 6.81 1.00 0.00
0.50 4.01 6.98 1.00 0.00
0.50 4.01 7.15 1.00 0.00
0.50 4.01 7.33 1.00 0.00
0.50 4.01 7.50 1.00 0.00
0.50 4.01 7.68 1.00 0.00
0.70 4.01 4.68 1.00 0.00
0.70 4.01 4.86 1.00 0.00
0.70 4.01 5.03 1.00 0.00
0.70 4.01 5.21 1.00 0.00
0.70 4.01 5.38 1.00 0.00
0.70 4.01 5.56 1.00 0.00
0.70 4.01 5.73 1.00 0.00
0.70 4.01 5.91 1.00 0.00
0.70 4.01 6.08 1.00 0.00
0.70 4.01 6.26 1.00 0.00
0.70 4.01 6.43 1.00 0.00
0.70 4.01 6.60 1.00 0.00
0.70 4.01 6.78 1.00 0.00
0.70 4.01 6.95 1.00 0.00
0.70 4.01 7.13 1.00 0.00
0.70 4.01 7.30 1.00 0.00
0.70 4.01 7.48 1.00 0.00
0.70 4.01 7.65 1.00 0.00
0.90 4.01 4.66 1.00 0.00
0.90 4.01 4.83 1.00 0.00
0.90 4.01 5.01 1.00 0.00
0.90 4.01 5.18 1.00 0.00
0.90 4.01 5.36 1.00 0.00
0.90 4.01 5.53 1.00 0.00
0.90 4.01 5.71 1.00 0.00
0.90 4.01 5.88 1.00 0.00
0.90 4.01 6.06 1.00 0.00
0.90 4.01 6.23 1.00 0.00
0.90 4.01 6.40 1.00 0.00
0.90 4.01 6.58 1.00 0.00
0.90 4.01 6.75 1.00 0.00
0.90 4.01 6.93 1.00 0.00
0.90 4.01 7.10 1.00 0.00
0.90 4.01 7.28 1.00 0.00
0.90 4.01 7.45 1.00 0.00
0.90 4.01 7.63 1.00 0.00
1.10 4.01 4.64 1.00 0.00
1.10 4.01 4.81 1.00 0.00
1.10 4.01 4.98 1.00 0.00
1.10 4.01 5.16 1.00 0.00
1.10 4.01 5.33 1.00 0.00
1.10 4.01 5.51 1.00 0.00
1.10 4.01 5.68 1.00 0.00
1.10 4.01 5.86 1.00 0.00
1.10 4.01 6.03 1.00 0.00
1.10 4.01 6.21 1.00 0.00
1.10 4.01 6.38 1.00 0.00
1.10 4.01 6.55 1.00 0.00
1.10 4.01 6.73 1.00 0.00
1.10 4.01 6.90 1.00 0.00
1.10 4.01 7.08 1.00 0.00
1.10 4.01 7.25 1.00 0.00
1.10 4.01 7.43 1.00 0.00
1.10 4.01 7.60 1.00 0.00
0.30 4.19 4.73 1.00 0.00
0.30 4.19 4.91 1.00 0.00
0.30 4.19 5.08 1.00 0.00
0.30 4.19 5.26 1.00 0.00
0.30 4.19 5.43 1.00 0.00
0.30 4.19 5.61 1.00 0.00
0.30 4.19 5.78 1.00 0.00
0.30 4.19 5.96 1.00 0.00
0.30 4.19 6.13 1.00 0.00
0.30 4.19 6.30 1.00 0.00
0.30 4.19 6.48 1.00 0.00
0.30 4.19 6.65 1.00 0.00
0.30 4.19 6.83 1.00 0.00
0.30 4.19 7.00 1.00 0.00
0.30 4.19 7.18 1.00 0.00
0.30 4.19 7.35 1.00 0.00
0.30 4.19 7.53 1.00 0.00
0.30 4.19 7.70 1.00 0.00
0.50 4.19 4.70 1.00 0.00
0.50 4.19 4.88 1.00 0.00
0.50 4.19 5.05 1.00 0.00
0.50 4.19 5.23 1.00 0.00
0.50 4.19 5.40 1.00 0.00
0.50 4.19 5.57 1.00 0.00
0.50 4.19 5.75 1.00 0.00
0.50 4.19 5.92 1.00 0.00
0.50 4.19 6.10 1.00 0.00
0.50 4.19 6.27 1.00 0.00
0.50 4.19 6.45 1.00 0.00
0.50 4.19 6.62 1.00 0.00
0.50 4.19 6.80 1.00 0.00
0.50 4.19 6.97 1.00 0.00
0.50 4.19 7.15 1.00 0.00
0.50 4.19 7.32 1.00 0.00
0.50 4.19 7.49 1.00 0.00
0.50 4.19 7.67 1.00 0.00
0.70 4.19 4.67 1.00 0.00
0.70 4.19 4.85 1.00 0.00
0.70 4.19 5.02 1.00 0.00
0.70 4.19 5.20 1.00 0.00
0.70 4.19 5.37 1.00 0.00
0.70 4.19 5.54 1.00 0.00
0.70 4.19 5.72 1.00 0.00
0.70 4.19 5.89 1.00 0.00
0.70 4.19 6.07 1.00 0.00
0.70 4.19 6.24 1.00 0.00
0.70 4.19 6.42 1.00 0.00
0.70 4.19 6.59 1.00 0.00
0.70 4.19 6.77 1.00 0.00
0.70 4.19 6.94 1.00 0.00
0.70 4.19 7.12 1.00 0.00
0.70 4.19 7.29 1.00 0.00
0.70 4.19 7.46 1.00 0.00
0.70 4.19 7.64 1.00 0.00
0.90 4.19 4.64 1.00 0.00
0.90 4.19 4.82 1.00 0.00
0.90 4.19 4.99 1.00 0.00
0.90 4.19 5.17 1.00 0.00
0.90 4.19 5.34 1.00 0.00
0.90 4.19 5.52 1.00 0.00
0.90 4.19 5.69 1.00 0.00
0.90 4.19 5.86 1.00 0.00
0.90 4.19 6.04 1.00 0.00
0.90 4.19 6.21 1.00 0.00
0.90 4.19 6.39 1.00 0.00
0.90 4.19 6.56 1.00 0.00
0.90 4.19 6.74 1.00 0.00
0.90 4.19 6.91 1.00 0.00
0.90 4.19 7.09 1.00 0.00
0.90 4.19 7.26 1.00 0.00
0.90 4.19 7.44 1.00 0.00
0.90 4.19 7.61 1.00 0.00
1.10 4.19 4.61 1.00 0.00
1.10 4.19 4.79 1.00 0.00
1.10 4.19 4.96 1.00 0.00
1.10 4.19 5.14 1.00 0.00
1.10 4.19 5.31 1.00 0.00
1.10 4.19 5.49 1.00 0.00
1.10 4.19 5.66 1.00 0.00
1.10 4.19 5.84 1.00 0.00
1.10 4.19 6.01 1.00 0.00
1.10 4.19 6.19 1.00 0.00
1.10 4.19 6.36 1.00 0.00
1.10 4.19 6.53 1.00 0.00
1.10 4.19 6.71 1.00 0.00
1.10 4.19 6.88 1.00 0.00
1.10 4.19 7.06 1.00 0.00
1.10 4.19 7.23 1.00 0.00
1.10 4.19 7.41 1.00 0.00
1.10 4.19 7.58 1.00 0.00
0.30 4.36 4.73 1.00 0.00
0.30 4.36 4.90 1.00 0.00
0.30 4.36 5.08 1.00 0.00
0.30 4.36 5.25 1.00 0.00
0.30 4.36 5.43 1.00 0.00
0.30 4.36 5.60 1.00 0.00
0.30 4.36 5.78 1.00 0.00
0.30 4.36 5.95 1.00 0.00
0.30 4.36 6.13 1.00 0.00
0.30 4.36 6.30 1.00 0.00
0.30 4.36 6.47 1.00 0.00
0.30 4.36 6.65 1.00 0.00
0.30 4.36 6.82 1.00 0.00
0.30 4.36 7.00 1.00 0.00
0.30 4.36 7.17 1.00 0.00
0.30 4.36 7.35 1.00 0.00
0.30 4.36 7.52 1.00 0.00
0.30 4.36 7.70 1.00 0.00
0.50 4.36 4.70 1.00 0.00
0.50 4.36 4.87 1.00 0.00
0.50 4.36 5.04 1.00 0.00
0.50 4.36 5.22 1.00 0.00
0.50 4.36 5.39 1.00 0.00
0.50 4.36 5.57 1.00 0.00
0.50 4.36 5.74 1.00 0.00
0.50 4.36 5.92 1.00 0.00
0.50 4.36 6.09 1.00 0.00
0.50 4.36 6.27 1.00 0.00
0.50 4.36 6.44 1.00 0.00
0.50 4.36 6.61 1.00 0.00
0.50 4.36 6.79 1.00 0.00
0.50 4.36 6.96 1.00 0.00
0.50 4.36 7.14 1.00 0.00
0.50 4.36 7.31 1.00 0.00
0.50 4.36 7.49 1.00 0.00
0.50 4.36 7.66 1.00 0.00
0.70 4.36 4.66 1.00 0.00
0.70 4.36 4.84 1.00 0.00
0.70 4.36 5.01 1.00 0.00
0.70 4.36 5.19 1.00 0.00
0.70 4.36 5.36 1.00 0.00
0.70 4.36 5.53 1.00 0.00
0.70 4.36 5.71 1.00 0.00
0.70 4.36 5.88 1.00 0.00
0.70 4.36 6.06 1.00 0.00
0.70 4.36 6.23 1.00 0.00
0.70 4.36 6.41 1.00 0.00
0.70 4.36 6.58 1.00 0.00
0.70 4.36 6.76 1.00 0.00
0.70 4.36 6.93 1.00 0.00
0.70 4.36 7.11 1.00 0.00
0.70 4.36 7.28 1.00 0.00
0.70 4.36 7.45 1.00 0.00
0.70 4.36 7.63 1.00 0.00
0.90 4.36 4.63 1.00 0.00
0.90 4.36 4.80 1.00 0.00
0.90 4.36 4.98 1.00 0.00
0.90 4.36 5.15 1.00 0.00
0.90 4.36 5.33 1.00 0.00
0.90 4.36 5.50 1.00 0.00
0.90 4.36 5.68 1.00 0.00
0.90 4.36 5.85 1.00 0.00
0.90 4.36 6.03 1.00 0.00
0.90 4.36 6.20 1.00 0.00
0.90 4.36 6.37 1.00 0.00
0.90 4.36 6.55 1.00 0.00
0.90 4.36 6.72 1.00 0.00
0.90 4.36 6.90 1.00 0.00
0.90 4.36 7.07 1.00 0.00
0.90 4.36 7.25 1.00 0.00
0.90 4.36 7.42 1.00 0.00
0.90 4.36 7.60 1.00 0.00
1.10 4.36 4.60 1.00 0.00
1.10 4.36 4.77 1.00 0.00
1.10 4.36 4.95 1.00 0.00
1.10 4.36 5.12 1.00 0.00
1.10 4.36 5.30 1.00 0.00
1.10 4.36 5.47 1.00 0.00
1.10 4.36 5.64 1.00 0.00
1.10 4.36 5.82 1.00 0.00
1.10 4.36 5.99 1.00 0.00
1.10 4.36 6.17 1.00 0.00
1.10 4.36 6.34 1.00 0.00
1.10 4.36 6.52 1.00 0.00
1.10 4.36 6.69 1.00 0.00
1.10 4.36 6.87 1.00 0.00
1.10 4.36 7.04 1.00 0.00
1.10 4.36 7.22 1.00 0.00
1.10 4.36 7.39 1.00 0.00
1.10 4.36 7.56 1.00 0.00
0.30 4.54 4.73 1.00 0.00
0.30 4.54 4.90 1.00 0.00
0.30 4.54 5.08 1.00 0.00
0.30 4.54 5.25 1.00 0.00
0.30 4.54 5.43 1.00 0.00
0.30 4.54 5.60 1.00 0.00
0.30 4.54 5.77 1.00 0.00
0.30 4.54 5.95 1.00 0.00
0.30 4.54 6.12 1.00 0.00
0.30 4.54 6.30 1.00 0.00
0.30 4.54 6.47 1.00 0.00
0.30 4.54 6.65 1.00 0.00
0.30 4.54 6.82 1.00 0.00
0.30 4.54 7.00 1.00 0.00
0.30 4.54 7.17 1.00 0.00
0.30 4.54 7.35 1.00 0.00
0.30 4.54 7.52 1.00 0.00
0.30 4.54 7.69 1.00 0.00
0.50 4.54 4.69 1.00 0.00
0.50 4.54 4.87 1.00 0.00
0.50 4.54 5.04 1.00 0.00
0.50 4.54 5.21 1.00 0.00
0.50 4.54 5.39 1.00 0.00
0.50 4.54 5.56 1.00 0.00
0.50 4.54 5.74 1.00 0.00
0.50 4.54 5.91 1.00 0.00
0.50 4.54 6.09 1.00 0.00
0.50 4.54 6.26 1.00 0.00
0.50 4.54 6.44 1.00 0.00
0.50 4.54 6.61 1.00 0.00
0.50 4.54 6.79 1.00 0.00
0.50 4.54 6.96 1.00 0.00
0.50 4.54 7.13 1.00 0.00
0.50 4.54 7.31 1.00 0.00
0.50 4.54 7.48 1.00 0.00
0.50 4.54 7.66 1.00 0.00
0.70 4.54 4.65 1.00 0.00
0.70 4.54 4.83 1.00 0.00
0.70 4.54 5.00 1.00 0.00
0.70 4.54 5.18 1.00 0.00
0.70 4.54 5.35 1.00 0.00
0.70 4.54 5.53 1.00 0.00
0.70 4.54 5.70 1.00 0.00
0.70 4.54 5.88 1.00 0.00
0.70 4.54 6.05 1.00 0.00
0.70 4.54 6.23 1.00 0.00
0.70 4.54 6.40 1.00 0.00
0.70 4.54 6.57 1.00 0.00
0.70 4.54 6.75 1.00 0.00
0.70 4.54 6.92 1.00 0.00
0.70 4.54 7.10 1.00 0.00
0.70 4.54 7.27 1.00 0.00
0.70 4.54 7.45 1.00 0.00
0.70 4.54 7.62 1.00 0.00
0.90 4.54 4.62 1.00 0.00
0.90 4.54 4.79 1.00 0.00
0.90 4.54 4.97 1.00 0.00
0.90 4.54 5.14 1.00 0.00
0.90 4.54 5.32 1.00 0.00
0.90 4.54 5.49 1.00 0.00
0.90 4.54 5.67 1.00 0.00
0.90 4.54 5.84 1.00 0.00
0.90 4.54 6.02 1.00 0.00
0.90 4.54 6.19 1.00 0.00
0.90 4.54 6.36 1.00 0.00
0.90 4.54 6.54 1.00 0.00
0.90 4.54 6.71 1.00 0.00
0.90 4.54 6.89 1.00 0.00
0.90 4.54 7.06 1.00 0.00
0.90 4.54 7.24 1.00 0.00
0.90 4.54 7.41 1.00 0.00
0.90 4.54 7.59 1.00 0.00
1.10 4.54 4.58 1.00 0.00
1.10 4.54 4.76 1.00 0.00
1.10 4.54 4.93 1.00 0.00
1.10 4.54 5.11 1.00 0.00
1.10 4.54 5.28 1.00 0.00
1.10 4.54 5.46 1.00 0.00
1.10 4.54 5.63 1.00 0.00
1.10 4.54 5.81 1.00 0.00
1.10 4.54 5.98 1.00 0.00
1.10 4.54 6.16 1.00 0.00
1.10 4.54 6.33 1.00 0.00
1.10 4.54 6.50 1.00 0.00
1.10 4.54 6.68 1.00 0.00
1.10 4.54 6.85 1.00 0.00
1.10 4.54 7.03 1.00 0.00
1.10 4.54 7.20 1.00 0.00
1.10 4.54 7.38 1.00 0.00
1.10 4.54 7.55 1.00 0.00
0.30 4.71 4.73 1.00 0.00
0.30 4.71 4.90 1.00 0.00
0.30 4.71 5.08 1.00 0.00
0.30 4.71 5.25 1.00 0.00
0.30 4.71 5.42 1.00 0.00
0.30 4.71 5.60 1.00 0.00
0.30 4.71 5.77 1.00 0.00
0.30 4.71 5.95 1.00 0.00
0.30 4.71 6.12 1.00 0.00
0.30 4.71 6.30 1.00 0.00
0.30 4.71 6.47 1.00 0.00
0.30 4.71 6.65 1.00 0.00
0.30 4.71 6.82 1.00 0.00
0.30 4.71 7.00 1.00 0.00
0.30 4.71 7.17 1.00 0.00
0.30 4.71 7.34 1.00 0.00
0.30 4.71 7.52 1.00 0.00
0.30 4.71 7.69 1.00 0.00
0.50 4.71 4.69 1.00 0.00
0.50 4.71 4.86 1.00 0.00
0.50 4.71 5.04 1.00 0.00
0.50 4.71 5.21 1.00 0.00
0.50 4.71 5.39 1.00 0.00
0.50 4.71 5.56 1.00 0.00
0.50 4.71 5.74 1.00 0.00
0.50 4.71 5.91 1.00 0.00
0.50 4.71 6.09 1.00 0.00
0.50 4.71 6.26 1.00 0.00
0.50 4.71 6.43 1.00 0.00
0.50 4.71 6.61 1.00 0.00
0.50 4.71 6.78 1.00 0.00
0.50 4.71 6.96 1.00 0.00
0.50 4.71 7.13 1.00 0.00
0.50 4.71 7.31 1.00 0.00
0.50 4.71 7.48 1.00 0.00
0.50 4.71 7.66 1.00 0.00
0.70 4.71 4.65 1.00 0.00
0.70 4.71 4.83 1.00 0.00
0.70 4.71 5.00 1.00 0.00
0.70 4.71 5.18 1.00 0.00
0.70 4.71 5.35 1.00 0.00
0.70 4.71 5.52 1.00 0.00
0.70 4.71 5.70 1.00 0.00
0.70 4.71 5.87 1.00 0.00
0.70 4.71 6.05 1.00 0.00
0.70 4.71 6.22 1.00 0.00
0.70 4.71 6.40 1.00 0.00
0.70 4.71 6.57 1.00 0.00
0.70 4.71 6.75 1.00 0.00
0.70 4.71 6.92 1.00 0.00
0.70 4.71 7.09 1.00 0.00
0.70 4.71 7.27 1.00 0.00
0.70 4.71 7.44 1.00 0.00
0.70 4.71 7.62 1.00 0.00
0.90 4.71 4.61 1.00 0.00
0.90 4.71 4.79 1.00 0.00
0.90 4.71 4.96 1.00 0.00
0.90 4.71 5.14 1.00 0.00
0.90 4.71 5.31 1.00 0.00
0.90 4.71 5.49 1.00 0.00
0.90 4.71 5.66 1.00 0.00
0.90 4.71 5.84 1.00 0.00
0.90 4.71 6.01 1.00 0.00
0.90 4.71 6.19 1.00 0.00
0.90 4.71 6.36 1.00 0.00
0.90 4.71 6.53 1.00 0.00
0.90 4.71 6.71 1.00 0.00
0.90 4.71 6.88 1.00 0.00
0.90 4.71 7.06 1.00 0.00
0.90 4.71 7.23 1.00 0.00
0.90 4.71 7.41 1.00 0.00
0.90 4.71 7.58 1.00 0.00
1.10 4.71 4.58 1.00 0.00
1.10 4.71 4.75 1.00 0.00
1.10 4.71 4.93 1.00 0.00
1.10 4.71 5.10 1.00 0.00
1.10 4.71 5.28 1.00 0.00
1.10 4.71 5.45 1.00 0.00
1.10 4.71 5.62 1.00 0.00
1.10 4.71 5.80 1.00 0.00
1.10 4.71 5.97 1.00 0.00
1.10 4.71 6.15 1.00 0.00
1.10 4.71 6.32 1.00 0.00
1.10 4.71 6.50 1.00 0.00
1.10 4.71 6.67 1.00 0.00
1.10 4.71 6.85 1.00 0.00
1.10 4.71 7.02 1.00 0.00
1.10 4.71 7.20 1.00 0.00
1.10 4.71 7.37 1.00 0.00
1.10 4.71 7.54 1.00 0.00
0.30 4.89 4.73 1.00 0.00
0.30 4.89 4.90 1.00 0.00
0.30 4.89 5.08 1.00 0.00
0.30 4.89 5.25 1.00 0.00
0.30 4.89 5.43 1.00 0.00
0.30 4.89 5.60 1.00 0.00
0.30 4.89 5.77 1.00 0.00
0.30 4.89 5.95 1.00 0.00
0.30 4.89 6.12 1.00 0.00
0.30 4.89 6.30 1.00 0.00
0.30 4.89 6.47 1.00 0.00
0.30 4.89 6.65 1.00 0.00
0.30 4.89 6.82 1.00 0.00
0.30 4.89 7.00 1.00 0.00
0.30 4.89 7.17 1.00 0.00
0.30 4.89 7.35 1.00 0.00
0.30 4.89 7.52 1.00 0.00
0.30 4.89 7.69 1.00 0.00
0.50 4.89 4.69 1.00 0.00
0.50 4.89 4.86 1.00 0.00
0.50 4.89 5.04 1.00 0.00
0.50 4.89 5.21 1.00 0.00
0.50 4.89 5.39 1.00 0.00
0.50 4.89 5.56 1.00 0.00
0.50 4.89 5.74 1.00 0.00
0.50 4.89 5.91 1.00 0.00
0.50 4.89 6.09 1.00 0.00
0.50 4.89 6.26 1.00 0.00
0.50 4.89 6.44 1.00 0.00
0.50 4.89 6.61 1.00 0.00
0.50 4.89 6.78 1.00 0.00
0.50 4.89 6.96 1.00 0.00
0.50 4.89 7.13 1.00 0.00
0.50 4.89 7.31 1.00 0.00
0.50 4.89 7.48 1.00 0.00
0.50 4.89 7.66 1.00 0.00
0.70 4.89 4.65 1.00 0.00
0.70 4.89 4.83 1.00 0.00
0.70 4.89 5.00 1.00 0.00
0.70 4.89 5.18 1.00 0.00
0.70 4.89 5.35 1.00 0.00
0.70 4.89 5.52 1.00 0.00
0.70 4.89 5.70 1.00 0.00
0.70 4.89 5.87 1.00 0.00
0.70 4.89 6.05 1.00 0.00
0.70 4.89 6.22 1.00 0.00
0.70 4.89 6.40 1.00 0.00
0.70 4.89 6.57 1.00 0.00
0.70 4.89 6.75 1.00 0.00
0.70 4.89 6.92 1.00 0.00
0.70 4.89 7.10 1.00 0.00
0.70 4.89 7.27 1.00 0.00
0.70 4.89 7.44 1.00 0.00
0.70 4.89 7.62 1.00 0.00
0.90 4.89 4.61 1.00 0.00
0.90 4.89 4.79 1.00 0.00
0.90 4.89 4.96 1.00 0.00
0.90 4.89 5.14 1.00 0.00
0.90 4.89 5.31 1.00 0.00
0.90 4.89 5.49 1.00 0.00
0.90 4.89 5.66 1.00 0.00
0.90 4.89 5.84 1.00 0.00
0.90 4.89 6.01 1.00 0.00
0.90 4.89 6.18 1.00 0.00
0.90 4.89 6.36 1.00 0.00
0.90 4.89 6.53 1.00 0.00
0.90 4.89 6.71 1.00 0.00
0.90 4.89 6.88 1.00 0.00
0.90 4.89 7.06 1.00 0.00
0.90 4.89 7.23 1.00 0.00
0.90 4.89 7.41 1.00 0.00
0.90 4.89 7.58 1.00 0.00
1.10 4.89 4.58 1.00 0.00
1.10 4.89 4.75 1.00 0.00
1.10 4.89 4.92 1.00 0.00
1.10 4.89 5.10 1.00 0.00
1.10 4.89 5.27 1.00 0.00
1.10 4.89 5.45 1.00 0.00
1.10 4.89 5.62 1.00 0.00
1.10 4.89 5.80 1.00 0.00
1.10 4.89 5.97 1.00 0.00
1.10 4.89 6.15 1.00 0.00
1.10 4.89 6.32 1.00 0.00
1.10 4.89 6.50 1.00 0.00
1.10 4.89 6.67 1.00 0.00
1.10 4.89 6.84 1.00 0.00
1.10 4.89 7.02 1.00 0.00
1.10 4.89 7.19 1.00 0.00
1.10 4.89 7.37 1.00 0.00
1.10 4.89 7.54 1.00 0.00
0.30 5.06 4.73 1.00 0.00
0.30 5.06 4.90 1.00 0.00
0.30 5.06 5.08 1.00 0.00
0.30 5.06 5.25 1.00 0.00
0.30 5.06 5.43 1.00 0.00
0.30 5.06 5.60 1.00 0.00
0.30 5.06 5.78 1.00 0.00
0.30 5.06 5.95 1.00 0.00
0.30 5.06 6.13 1.00 0.00
0.30 5.06 6.30 1.00 0.00
0.30 5.06 6.48 1.00 0.00
0.30 5.06 6.65 1.00 0.00
0.30 5.06 6.82 1.00 0.00
0.30 5.06 7.00 1.00 0.00
0.30 5.06 7.17 1.00 0.00
0.30 5.06 7.35 1.00 0.00
0.30 5.06 7.52 1.00 0.00
0.30 5.06 7.70 1.00 0.00
0.50 5.06 4.69 1.00 0.00
0.50 5.06 4.87 1.00 0.00
0.50 5.06 5.04 1.00 0.00
0.50 5.06 5.22 1.00 0.00
0.50 5.06 5.39 1.00 0.00
0.50 5.06 5.57 1.00 0.00
0.50 5.06 5.74 1.00 0.00
0.50 5.06 5.92 1.00 0.00
0.50 5.06 6.09 1.00 0.00
0.50 5.06 6.26 1.00 0.00
0.50 5.06 6.44 1.00 0.00
0.50 5.06 6.61 1.00 0.00
0.50 5.06 6.79 1.00 0.00
0.50 5.06 6.96 1.00 0.00
0.50 5.06 7.14 1.00 0.00
0.50 5.06 7.31 1.00 0.00
0.50 5.06 7.49 1.00 0.00
0.50 5.06 7.66 1.00 0.00
0.70 5.06 4.66 1.00 0.00
0.70 5.06 4.83 1.00 0.00
0.70 5.06 5.01 1.00 0.00
0.70 5.06 5.18 1.00 0.00
0.70 5.06 5.36 1.00 0.00
0.70 5.06 5.53 1.00 0.00
0.70 5.06 5.70 1.00 0.00
0.70 5.06 5.88 1.00 0.00
0.70 5.06 6.05 1.00 0.00
0.70 5.06 6.23 1.00 0.00
0.70 5.06 6.40 1.00 0.00
0.70 5.06 6.58 1.00 0.00
0.70 5.06 6.75 1.00 0.00
0.70 5.06 6.93 1.00 0.00
0.70 5.06 7.10 1.00 0.00
0.70 5.06 7.27 1.00 0.00
0.70 5.06 7.45 1.00 0.00
0.70 5.06 7.62 1.00 0.00
0.90 5.06 4.62 1.00 0.00
0.90 5.06 4.79 1.00 0.00
0.90 5.06 4.97 1.00 0.00
0.90 5.06 5.14 1.00 0.00
0.90 5.06 5.32 1.00 0.00
0.90 5.06 5.49 1.00 0.00
0.90 5.06 5.67 1.00 0.00
0.90 5.06 5.84 1.00 0.00
0.90 5.06 6.02 1.00 0.00
0.90 5.06 6.19 1.00 0.00
0.90 5.06 6.36 1.00 0.00
0.90 5.06 6.54 1.00 0.00
0.90 5.06 6.71 1.00 0.00
0.90 5.06 6.89 1.00 0.00
0.90 5.06 7.06 1.00 0.00
0.90 5.06 7.24 1.00 0.00
0.90 5.06 7.41 1.00 0.00
0.90 5.06 7.59 1.00 0.00
1.10 5.06 4.58 1.00 0.00
1.10 5.06 4.75 1.00 0.00
1.10 5.06 4.93 1.00 0.00
1.10 5.06 5.10 1.00 0.00
1.10 5.06 5.28 1.00 0.00
1.10 5.06 5.45 1.00 0.00
1.10 5.06 5.63 1.00 0.00
1.10 5.06 5.80 1.00 0.00
1.10 5.06 5.98 1.00 0.00
1.10 5.06 6.15 1.00 0.00
1.10 5.06 6.33 1.00 0.00
1.10 5.06 6.50 1.00 0.00
1.10 5.06 6.67 1.00 0.00
1.10 5.06 6.85 1.00 0.00
1.10 5.06 7.02 1.00 0.00
1.10 5.06 7.20 1.00 0.00
1.10 5.06 7.37 1.00 0.00
1.10 5.06 7.55 1.00 0.00
0.30 5.24 4.73 1.00 0.00
0.30 5.24 4.91 1.00 0.00
0.30 5.24 5.08 1.00 0.00
0.30 5.24 5.26 1.00 0.00
0.30 5.24 5.43 1.00 0.00
0.30 5.24 5.61 1.00 0.00
0.30 5.24 5.78 1.00 0.00
0.30 5.24 5.96 1.00 0.00
0.30 5.24 6.13 1.00 0.00
0.30 5.24 6.31 1.00 0.00
0.30 5.24 6.48 1.00 0.00
0.30 5.24 6.65 1.00 0.00
0.30 5.24 6.83 1.00 0.00
0.30 5.24 7.00 1.00 0.00
0.30 5.24 7.18 1.00 0.00
0.30 5.24 7.35 1.00 0.00
0.30 5.24 7.53 1.00 0.00
0.30 5.24 7.70 1.00 0.00
0.50 5.24 4.70 1.00 0.00
0.50 5.24 4.88 1.00 0.00
0.50 5.24 5.05 1.00 0.00
0.50 5.24 5.22 1.00 0.00
0.50 5.24 5.40 1.00 0.00
0.50 5.24 5.57 1.00 0.00
0.50 5.24 5.75 1.00 0.00
0.50 5.24 5.92 1.00 0.00
0.50 5.24 6.10 1.00 0.00
0.50 5.24 6.27 1.00 0.00
0.50 5.24 6.45 1.00 0.00
0.50 5.24 6.62 1.00 0.00
0.50 5.24 6.80 1.00 0.00
0.50 5.24 6.97 1.00 0.00
0.50 5.24 7.14 1.00 0.00
0.50 5.24 7.32 1.00 0.00
0.50 5.24 7.49 1.00 0.00
0.50 5.24 7.67 1.00 0.00
0.70 5.24 4.67 1.00 0.00
0.70 5.24 4.84 1.00 0.00
0.70 5.24 5.02 1.00 0.00
0.70 5.24 5.19 1.00 0.00
0.70 5.24 5.36 1.00 0.00
0.70 5.24 5.54 1.00 0.00
0.70 5.24 5.71 1.00 0.00
0.70 5.24 5.89 1.00 0.00
0.70 5.24 6.06 1.00 0.00
0.70 5.24 6.24 1.00 0.00
0.70 5.24 6.41 1.00 0.00
0.70 5.24 6.59 1.00 0.00
0.70 5.24 6.76 1.00 0.00
0.70 5.24 6.93 1.00 0.00
0.70 5.24 7.11 1.00 0.00
0.70 5.24 7.28 1.00 0.00
0.70 5.24 7.46 1.00 0.00
0.70 5.24 7.63 1.00 0.00
0.90 5.24 4.63 1.00 0.00
0.90 5.24 4.80 1.00 0.00
0.90 5.24 4.98 1.00 0.00
0.90 5.24 5.15 1.00 0.00
0.90 5.24 5.33 1.00 0.00
0.90 5.24 5.50 1.00 0.00
0.90 5.24 5.68 1.00 0.00
0.90 5.24 5.85 1.00 0.00
0.90 5.24 6.03 1.00 0.00
0.90 5.24 6.20 1.00 0.00
0.90 5.24 6.38 1.00 0.00
0.90 5.24 6.55 1.00 0.00
0.90 5.24 6.72 1.00 0.00
0.90 5.24 6.90 1.00 0.00
0.90 5.24 7.07 1.00 0.00
0.90 5.24 7.25 1.00 0.00
0.90 5.24 7.42 1.00 0.00
0.90 5.24 7.60 1.00 0.00
1.10 5.24 4.59 1.00 0.00
1.10 5.24 4.77 1.00 0.00
1.10 5.24 4.94 1.00 0.00
1.10 5.24 5.12 1.00 0.00
1.10 5.24 5.29 1.00 0.00
1.10 5.24 5.46 1.00 0.00
1.10 5.24 5.64 1.00 0.00
1.10 5.24 5.81 1.00 0.00
1.10 5.24 5.99 1.00 0.00
1.10 5.24 6.16 1.00 0.00
1.10 5.24 6.34 1.00 0.00
1.10 5.24 6.51 1.00 0.00
1.10 5.24 6.69 1.00 0.00
1.10 5.24 6.86 1.00 0.00
1.10 5.24 7.04 1.00 0.00
1.10 5.24 7.21 1.00 0.00
1.10 5.24 7.38 1.00 0.00
1.10 5.24 7.56 1.00 0.00
0.30 5.41 4.74 1.00 0.00
0.30 5.41 4.92 1.00 0.00
0.30 5.41 5.09 1.00 0.00
0.30 5.41 5.26 1.00 0.00
0.30 5.41 5.44 1.00 0.00
0.30 5.41 5.61 1.00 0.00
0.30 5.41 5.79 1.00 0.00
0.30 5.41 5.96 1.00 0.00
0.30 5.41 6.14 1.00 0.00
0.30 5.41 6.31 1.00 0.00
0.30 5.41 6.49 1.00 0.00
0.30 5.41 6.66 1.00 0.00
0.30 5.41 6.83 1.00 0.00
0.30 5.41 7.01 1.00 0.00
0.30 5.41 7.18 1.00 0.00
0.30 5.41 7.36 1.00 0.00
0.30 5.41 7.53 1.00 0.00
0.30 5.41 7.71 1.00 0.00
0.50 5.41 4.71 1.00 0.00
0.50 5.41 4.89 1.00 0.00
0.50 5.41 5.06 1.00 0.00
0.50 5.41 5.23 1.00 0.00
0.50 5.41 5.41 1.00 0.00
0.50 5.41 5.58 1.00 0.00
0.50 5.41 5.76 1.00 0.00
0.50 5.41 5.93 1.00 0.00
0.50 5.41 6.11 1.00 0.00
0.50 5.41 6.28 1.00 0.00
0.50 5.41 6.46 1.00 0.00
0.50 5.41 6.63 1.00 0.00
0.50 5.41 6.81 1.00 0.00
0.50 5.41 6.98 1.00 0.00
0.50 5.41 7.15 1.00 0.00
0.50 5.41 7.33 1.00 0.00
0.50 5.41 7.50 1.00 0.00
0.50 5.41 7.68 1.00 0.00
0.70 5.41 4.68 1.00 0.00
0.70 5.41 4.85 1.00 0.00
0.70 5.41 5.03 1.00 0.00
0.70 5.41 5.20 1.00 0.00
0.70 5.41 5.38 1.00 0.00
0.70 5.41 5.55 1.00 0.00
0.70 5.41 5.73 1.00 0.00
0.70 5.41 5.90 1.00 0.00
0.70 5.41 6.08 1.00 0.00
0.70 5.41 6.25 1.00 0.00
0.70 5.41 6.42 1.00 0.00
0.70 5.41 6.60 1.00 0.00
0.70 5.41 6.77 1.00 0.00
0.70 5.41 6.95 1.00 0.00
0.70 5.41 7.12 1.00 0.00
0.70 5.41 7.30 1.00 0.00
0.70 5.41 7.47 1.00 0.00
0.70 5.41 7.65 1.00 0.00
0.90 5.41 4.65 1.00 0.00
0.90 5.41 4.82 1.00 0.00
0.90 5.41 5.00 1.00 0.00
0.90 5.41 5.17 1.00 0.00
0.90 5.41 5.34 1.00 0.00
0.90 5.41 5.52 1.00 0.00
0.90 5.41 5.69 1.00 0.00
0.90 5.41 5.87 1.00 0.00
0.90 5.41 6.04 1.00 0.00
0.90 5.41 6.22 1.00 0.00
0.90 5.41 6.39 1.00 0.00
0.90 5.41 6.57 1.00 0.00
0.90 5.41 6.74 1.00 0.00
0.90 5.41 6.92 1.00 0.00
0.90 5.41 7.09 1.00 0.00
0.90 5.41 7.26 1.00 0.00
0.90 5.41 7.44 1.00 0.00
0.90 5.41 7.61 1.00 0.00
1.10 5.41 4.61 1.00 0.00
1.10 5.41 4.79 1.00 0.00
1.10 5.41 4.96 1.00 0.00
1.10 5.41 5.14 1.00 0.00
1.10 5.41 5.31 1.00 0.00
1.10 5.41 5.48 1.00 0.00
1.10 5.41 5.66 1.00 0.00
1.10 5.41 5.83 1.00 0.00
1.10 5.41 6.01 1.00 0.00
1.10 5.41 6.18 1.00 0.00
1.10 5.41 6.36 1.00 0.00
1.10 5.41 6.53 1.00 0.00
1.10 5.41 6.71 1.00 0.00
1.10 5.41 6.88 1.00 0.00
1.10 5.41 7.06 1.00 0.00
1.10 5.41 7.23 1.00 0.00
1.10 5.41 7.40 1.00 0.00
1.10 5.41 7.58 1.00 0.00
0.30 5.59 4.75 1.00 0.00
0.30 5.59 4.92 1.00 0.00
0.30 5.59 5.10 1.00 0.00
0.30 5.59 5.27 1.00 0.00
0.30 5.59 5.45 1.00 0.00
0.30 5.59 5.62 1.00 0.00
0.30 5.59 5.80 1.00 0.00
0.30 5.59 5.97 1.00 0.00
0.30 5.59 6.14 1.00 0.00
0.30 5.59 6.32 1.00 0.00
0.30 5.59 6.49 1.00 0.00
0.30 5.59 6.67 1.00 0.00
0.30 5.59 6.84 1.00 0.00
0.30 5.59 7.02 1.00 0.00
0.30 5.59 7.19 1.00 0.00
0.30 5.59 7.37 1.00 0.00
0.30 5.59 7.54 1.00 0.00
0.30 5.59 7.72 1.00 0.00
0.50 5.59 4.72 1.00 0.00
0.50 5.59 4.90 1.00 0.00
0.50 5.59 5.07 1.00 0.00
0.50 5.59 5.25 1.00 0.00
0.50 5.59 5.42 1.00 0.00
0.50 5.59 5.60 1.00 0.00
0.50 5.59 5.77 1.00 0.00
0.50 5.59 5.94 1.00 0.00
0.50 5.59 6.12 1.00 0.00
0.50 5.59 6.29 1.00 0.00
0.50 5.59 6.47 1.00 0.00
0.50 5.59 6.64 1.00 0.00
0.50 5.59 6.82 1.00 0.00
0.50 5.59 6.99 1.00 0.00
0.50 5.59 7.17 1.00 0.00
0.50 5.59 7.34 1.00 0.00
0.50 5.59 7.52 1.00 0.00
0.50 5.59 7.69 1.00 0.00
0.70 5.59 4.70 1.00 0.00
0.70 5.59 4.87 1.00 0.00
0.70 5.59 5.05 1.00 0.00
0.70 5.59 5.22 1.00 0.00
0.70 5.59 5.39 1.00 0.00
0.70 5.59 5.57 1.00 0.00
0.70 5.59 5.74 1.00 0.00
0.70 5.59 5.92 1.00 0.00
0.70 5.59 6.09 1.00 0.00
0.70 5.59 6.27 1.00 0.00
0.70 5.59 6.44 1.00 0.00
0.70 5.59 6.62 1.00 0.00
0.70 5.59 6.79 1.00 0.00
0.70 5.59 6.97 1.00 0.00
0.70 5.59 7.14 1.00 0.00
0.70 5.59 7.31 1.00 0.00
0.70 5.59 7.49 1.00 0.00
0.70 5.59 7.66 1.00 0.00
0.90 5.59 4.67 1.00 0.00
0.90 5.59 4.84 1.00 0.00
0.90 5.59 5.02 1.00 0.00
0.90 5.59 5.19 1.00 0.00
0.90 5.59 5.37 1.00 0.00
0.90 5.59 5.54 1.00 0.00
0.90 5.59 5.72 1.00 0.00
0.90 5.59 5.89 1.00 0.00
0.90 5.59 6.06 1.00 0.00
0.90 5.59 6.24 1.00 0.00
0.90 5.59 6.41 1.00 0.00
0.90 5.59 6.59 1.00 0.00
0.90 5.59 6.76 1.00 0.00
0.90 5.59 6.94 1.00 0.00
0.90 5.59 7.11 1.00 0.00
0.90 5.59 7.29 1.00 0.00
0.90 5.59 7.46 1.00 0.00
0.90 5.59 7.64 1.00 0.00
1.10 5.59 4.64 1.00 0.00
1.10 5.59 4.81 1.00 0.00
1.10 5.59 4.99 1.00 0.00
1.10 5.59 5.16 1.00 0.00
1.10 5.59 5.34 1.00 0.00
1.10 5.59 5.51 1.00 0.00
1.10 5.59 5.69 1.00 0.00
1.10 5.59 5.86 1.00 0.00
1.10 5.59 6.03 1.00 0.00
1.10 5.59 6.21 1.00 0.00
1.10 5.59 6.38 1.00 0.00
1.10 5.59 6.56 1.00 0.00
1.10 5.59 6.73 1.00 0.00
1.10 5.59 6.91 1.00 0.00
1.10 5.59 7.08 1.00 0.00
1.10 5.59 7.26 1.00 0.00
1.10 5.59 7.43 1.00 0.00
1.10 5.59 7.61 1.00 0.00
0.30 5.76 4.76 1.00 0.00
0.30 5.76 4.93 1.00 0.00
0.30 5.76 5.11 1.00 0.00
0.30 5.76 5.28 1.00 0.00
0.30 5.76 5.45 1.00 0.00
0.30 5.76 5.63 1.00 0.00
0.30 5.76 5.80 1.00 0.00
0.30 5.76 5.98 1.00 0.00
0.30 5.76 6.15 1.00 0.00
0.30 5.76 6.33 1.00 0.00
0.30 5.76 6.50 1.00 0.00
0.30 5.76 6.68 1.00 0.00
0.30 5.76 6.85 1.00 0.00
0.30 5.76 7.03 1.00 0.00
0.30 5.76 7.20 1.00 0.00
0.30 5.76 7.37 1.00 0.00
0.30 5.76 7.55 1.00 0.00
0.30 5.76 7.72 1.00 0.00
0.50 5.76 4.74 1.00 0.00
0.50 5.76 4.91 1.00 0.00
0.50 5.76 5.09 1.00 0.00
0.50 5.76 5.26 1.00 0.00
0.50 5.76 5.44 1.00 0.00
0.50 5.76 5.61 1.00 0.00
0.50 5.76 5.79 1.00 0.00
0.50 5.76 5.96 1.00 0.00
0.50 5.76 6.13 1.00 0.00
0.50 5.76 6.31 1.00 0.00
0.50 5.76 6.48 1.00 0.00
0.50 5.76 6.66 1.00 0.00
0.50 5.76 6.83 1.00 0.00
0.50 5.76 7.01 1.00 0.00
0.50 5.76 7.18 1.00 0.00
0.50 5.76 7.36 1.00 0.00
0.50 5.76 7.53 1.00 0.00
0.50 5.76 7.70 1.00 0.00
0.70 5.76 4.72 1.00 0.00
0.70 5.76 4.89 1.00 0.00
0.70 5.76 5.07 1.00 0.00
0.70 5.76 5.24 1.00 0.00
0.70 5.76 5.42 1.00 0.00
0.70 5.76 5.59 1.00 0.00
0.70 5.76 5.76 1.00 0.00
0.70 5.76 5.94 1.00 0.00
0.70 5.76 6.11 1.00 0.00
0.70 5.76 6.29 1.00 0.00
0.70 5.76 6.46 1.00 0.00
0.70 5.76 6.64 1.00 0.00
0.70 5.76 6.81 1.00 0.00
0.70 5.76 6.99 1.00 0.00
0.70 5.76 7.16 1.00 0.00
0.70 5.76 7.34 1.00 0.00
0.70 5.76 7.51 1.00 0.00
0.70 5.76 7.68 1.00 0.00
0.90 5.76 4.70 1.00 0.00
0.90 5.76 4.87 1.00 0.00
0.90 5.76 5.04 1.00 0.00
0.90 5.76 5.22 1.00 0.00
0.90 5.76 5.39 1.00 0.00
0.90 5.76 5.57 1.00 0.00
0.90 5.76 5.74 1.00 0.00
0.90 5.76 5.92 1.00 0.00
0.90 5.76 6.09 1.00 0.00
0.90 5.76 6.27 1.00 0.00
0.90 5.76 6.44 1.00 0.00
0.90 5.76 6.62 1.00 0.00
0.90 5.76 6.79 1.00 0.00
0.90 5.76 6.96 1.00 0.00
0.90 5.76 7.14 1.00 0.00
0.90 5.76 7.31 1.00 0.00
0.90 5.76 7.49 1.00 0.00
0.90 5.76 7.66 1.00 0.00
1.10 5.76 4.67 1.00 0.00
1.10 5.76 4.85 1.00 0.00
1.10 5.76 5.02 1.00 0.00
1.10 5.76 5.20 1.00 0.00
1.10 5.76 5.37 1.00 0.00
1.10 5.76 5.55 1.00 0.00
1.10 5.76 5.72 1.00 0.00
1.10 5.76 5.89 1.00 0.00
1.10 5.76 6.07 1.00 0.00
1.10 5.76 6.24 1.00 0.00
1.10 5.76 6.42 1.00 0.00
1.10 5.76 6.59 1.00 0.00
1.10 5.76 6.77 1.00 0.00
1.10 5.76 6.94 1.00 0.00
1.10 5.76 7.12 1.00 0.00
1.10 5.76 7.29 1.00 0.00
1.10 5.76 7.46 1.00 0.00
1.10 5.76 7.64 1.00 0.00
0.30 5.93 4.77 1.00 0.00
0.30 5.93 4.94 1.00 0.00
0.30 5.93 5.12 1.00 0.00
0.30 5.93 5.29 1.00 0.00
0.30 5.93 5.46 1.00 0.00
0.30 5.93 5.64 1.00 0.00
0.30 5.93 5.81 1.00 0.00
0.30 5.93 5.99 1.00 0.00
0.30 5.93 6.16 1.00 0.00
0.30 5.93 6.34 1.00 0.00
0.30 5.93 6.51 1.00 0.00
0.30 5.93 6.69 1.00 0.00
0.30 5.93 6.86 1.00 0.00
0.30 5.93 7.04 1.00 0.00
0.30 5.93 7.21 1.00 0.00
0.30 5.93 7.38 1.00 0.00
0.30 5.93 7.56 1.00 0.00
0.30 5.93 7.73 1.00 0.00
0.50 5.93 4.75 1.00 0.00
0.50 5.93 4.93 1.00 0.00
0.50 5.93 5.10 1.00 0.00
0.50 5.93 5.28 1.00 0.00
0.50 5.93 5.45 1.00 0.00
0.50 5.93 5.63 1.00 0.00
0.50 5.93 5.80 1.00 0.00
0.50 5.93 5.98 1.00 0.00
0.50 5.93 6.15 1.00 0.00
0.50 5.93 6.33 1.00 0.00
0.50 5.93 6.50 1.00 0.00
0.50 5.93 6.67 1.00 0.00
0.50 5.93 6.85 1.00 0.00
0.50 5.93 7.02 1.00 0.00
0.50 5.93 7.20 1.00 0.00
0.50 5.93 7.37 1.00 0.00
0.50 5.93 7.55 1.00 0.00
0.50 5.93 7.72 1.00 0.00
0.70 5.93 4.74 1.00 0.00
0.70 5.93 4.92 1.00 0.00
0.70 5.93 5.09 1.00 0.00
0.70 5.93 5.26 1.00 0.00
0.70 5.93 5.44 1.00 0.00
0.70 5.93 5.61 1.00 0.00
0.70 5.93 5.79 1.00 0.00
0.70 5.93 5.96 1.00 0.00
0.70 5.93 6.14 1.00 0.00
0.70 5.93 6.31 1.00 0.00
0.70 5.93 6.49 1.00 0.00
0.70 5.93 6.66 1.00 0.00
0.70 5.93 6.84 1.00 0.00
0.70 5.93 7.01 1.00 0.00
0.70 5.93 7.18 1.00 0.00
0.70 5.93 7.36 1.00 0.00
0.70 5.93 7.53 1.00 0.00
0.70 5.93 7.71 1.00 0.00
0.90 5.93 4.73 1.00 0.00
0.90 5.93 4.90 1.00 0.00
0.90 5.93 5.08 1.00 0.00
0.90 5.93 5.25 1.00 0.00
0.90 5.93 5.43 1.00 0.00
0.90 5.93 5.60 1.00 0.00
0.90 5.93 5.77 1.00 0.00
0.90 5.93 5.95 1.00 0.00
0.90 5.93 6.12 1.00 0.00
0.90 5.93 6.30 1.00 0.00
0.90 5.93 6.47 1.00 0.00
0.90 5.93 6.65 1.00 0.00
0.90 5.93 6.82 1.00 0.00
0.90 5.93 7.00 1.00 0.00
0.90 5.93 7.17 1.00 0.00
0.90 5.93 7.35 1.00 0.00
0.90 5.93 7.52 1.00 0.00
0.90 5.93 7.69 1.00 0.00
1.10 5.93 4.71 1.00 0.00
1.10 5.93 4.89 1.00 0.00
1.10 5.93 5.06 1.00 0.00
1.10 5.93 5.24 1.00 0.00
1.10 5.93 5.41 1.00 0.00
1.10 5.93 5.58 1.00 0.00
1.10 5.93 5.76 1.00 0.00
1.10 5.93 5.93 1.00 0.00
1.10 5.93 6.11 1.00 0.00
1.10 5.93 6.28 1.00 0.00
1.10 5.93 6.46 1.00 0.00
1.10 5.93 6.63 1.00 0.00
1.10 5.93 6.81 1.00 0.00
1.10 5.93 6.98 1.00 0.00
1.10 5.93 7.16 1.00 0.00
1.10 5.93 7.33 1.00 0.00
1.10 5.93 7.50 1.00 0.00
1.10 5.93 7.68 1.00 0.00
0.30 6.11 4.78 1.00 0.00
0.30 6.11 4.95 1.00 0.00
0.30 6.11 5.13 1.00 0.00
0.30 6.11 5.30 1.00 0.00
0.30 6.11 5.47 1.00 0.00
0.30 6.11 5.65 1.00 0.00
0.30 6.11 5.82 1.00 0.00
0.30 6.11 6.00 1.00 0.00
0.30 6.11 6.17 1.00 0.00
0.30 6.11 6.35 1.00 0.00
0.30 6.11 6.52 1.00 0.00
0.30 6.11 6.70 1.00 0.00
0.30 6.11 6.87 1.00 0.00
0.30 6.11 7.05 1.00 0.00
0.30 6.11 7.22 1.00 0.00
0.30 6.11 7.39 1.00 0.00
0.30 6.11 7.57 1.00 0.00
0.30 6.11 7.74 1.00 0.00
0.50 6.11 4.77 1.00 0.00
0.50 6.11 4.95 1.00 0.00
0.50 6.11 5.12 1.00 0.00
0.50 6.11 5.30 1.00 0.00
0.50 6.11 5.47 1.00 0.00
0.50 6.11 5.64 1.00 0.00
0.50 6.11 5.82 1.00 0.00
0.50 6.11 5.99 1.00 0.00
0.50 6.11 6.17 1.00 0.00
0.50 6.11 6.34 1.00 0.00
0.50 6.11 6.52 1.00 0.00
0.50 6.11 6.69 1.00 0.00
0.50 6.11 6.87 1.00 0.00
0.50 6.11 7.04 1.00 0.00
0.50 6.11 7.22 1.00 0.00
0.50 6.11 7.39 1.00 0.00
0.50 6.11 7.56 1.00 0.00
0.50 6.11 7.74 1.00 0.00
0.70 6.11 4.77 1.00 0.00
0.70 6.11 4.94 1.00 0.00
0.70 6.11 5.12 1.00 0.00
0.70 6.11 5.29 1.00 0.00
0.70 6.11 5.47 1.00 0.00
0.70 6.11 5.64 1.00 0.00
0.70 6.11 5.81 1.00 0.00
0.70 6.11 5.99 1.00 0.00
0.70 6.11 6.16 1.00 0.00
0.70 6.11 6.34 1.00 0.00
0.70 6.11 6.51 1.00 0.00
0.70 6.11 6.69 1.00 0.00
0.70 6.11 6.86 1.00 0.00
0.70 6.11 7.04 1.00 0.00
0.70 6.11 7.21 1.00 0.00
0.70 6.11 7.38 1.00 0.00
0.70 6.11 7.56 1.00 0.00
0.70 6.11 7.73 1.00 0.00
0.90 6.11 4.76 1.00 0.00
0.90 6.11 4.94 1.00 0.00
0.90 6.11 5.11 1.00 0.00
0.90 6.11 5.29 1.00 0.00
0.90 6.11 5.46 1.00 0.00
0.90 6.11 5.63 1.00 0.00
0.90 6.11 5.81 1.00 0.00
0.90 6.11 5.98 1.00 0.00
0.90 6.11 6.16 1.00 0.00
0.90 6.11 6.33 1.00 0.00
0.90 6.11 6.51 1.00 0.00
0.90 6.11 6.68 1.00 0.00
0.90 6.11 6.86 1.00 0.00
0.90 6.11 7.03 1.00 0.00
0.90 6.11 7.20 1.00 0.00
0.90 6.11 7.38 1.00 0.00
0.90 6.11 7.55 1.00 0.00
0.90 6.11 7.73 1.00 0.00
1.10 6.11 4.76 1.00 0.00
1.10 6.11 4.93 1.00 0.00
1.10 6.11 5.10 1.00 0.00
1.10 6.11 5.28 1.00 0.00
1.10 6.11 5.45 1.00 0.00
1.10 6.11 5.63 1.00 0.00
1.10 6.11 5.80 1.00 0.00
1.10 6.11 5.98 1.00 0.00
1.10 6.11 6.15 1.00 0.00
1.10 6.11 6.33 1.00 0.00
1.10 6.11 6.50 1.00 0.00
1.10 6.11 6.68 1.00 0.00
1.10 6.11 6.85 1.00 0.00
1.10 6.11 7.02 1.00 0.00
1.10 6.11 7.20 1.00 0.00
1.10 6.11 7.37 1.00 0.00
1.10 6.11 7.55 1.00 0.00
1.10 6.11 7.72 1.00 0.00
