0.30 0.00 4.73 1.00 0.00
0.30 0.00 4.91 1.00 0.00
0.30 0.00 5.08 1.00 0.00
0.30 0.00 5.26 1.00 0.00
0.30 0.00 5.43 1.00 0.00
0.30 0.00 5.61 1.00 0.00
0.30 0.00 5.78 1.00 0.00
0.30 0.00 5.96 1.00 0.00
0.30 0.00 6.13 1.00 0.00
0.30 0.00 6.30 1.00 0.00
0.30 0.00 6.48 1.00 0.00
0.30 0.00 6.65 1.00 0.00
0.30 0.00 6.83 1.00 0.00
0.30 0.00 7.00 1.00 0.00
0.30 0.00 7.18 1.00 0.00
0.30 0.00 7.35 1.00 0.00
0.30 0.00 7.53 1.00 0.00
0.30 0.00 7.70 1.00 0.00
0.50 0.00 4.73 1.00 0.00
0.50 0.00 4.91 1.00 0.00
0.50 0.00 5.08 1.00 0.00
0.50 0.00 5.26 1.00 0.00
0.50 0.00 5.43 1.00 0.00
0.50 0.00 5.61 1.00 0.00
0.50 0.00 5.78 1.00 0.00
0.50 0.00 5.96 1.00 0.00
0.50 0.00 6.13 1.00 0.00
0.50 0.00 6.31 1.00 0.00
0.50 0.00 6.48 1.00 0.00
0.50 0.00 6.65 1.00 0.00
0.50 0.00 6.83 1.00 0.00
0.50 0.00 7.00 1.00 0.00
0.50 0.00 7.18 1.00 0.00
0.50 0.00 7.35 1.00 0.00
0.50 0.00 7.53 1.00 0.00
0.50 0.00 7.70 1.00 0.00
0.70 0.00 4.74 1.00 0.00
0.70 0.00 4.91 1.00 0.00
0.70 0.00 5.08 1.00 0.00
0.70 0.00 5.26 1.00 0.00
0.70 0.00 5.43 1.00 0.00
0.70 0.00 5.61 1.00 0.00
0.70 0.00 5.78 1.00 0.00
0.70 0.00 5.96 1.00 0.00
0.70 0.00 6.13 1.00 0.00
0.70 0.00 6.31 1.00 0.00
0.70 0.00 6.48 1.00 0.00
0.70 0.00 6.66 1.00 0.00
0.70 0.00 6.83 1.00 0.00
0.70 0.00 7.00 1.00 0.00
0.70 0.00 7.18 1.00 0.00
0.70 0.00 7.35 1.00 0.00
0.70 0.00 7.53 1.00 0.00
0.70 0.00 7.70 1.00 0.00
0.90 0.00 4.74 1.00 0.00
0.90 0.00 4.91 1.00 0.00
0.90 0.00 5.09 1.00 0.00
0.90 0.00 5.26 1.00 0.00
0.90 0.00 5.43 1.00 0.00
0.90 0.00 5.61 1.00 0.00
0.90 0.00 5.78 1.00 0.00
0.90 0.00 5.96 1.00 0.00
0.90 0.00 6.13 1.00 0.00
0.90 0.00 6.31 1.00 0.00
0.90 0.00 6.48 1.00 0.00
0.90 0.00 6.66 1.00 0.00
0.90 0.00 6.83 1.00 0.00
0.90 0.00 7.01 1.00 0.00
0.90 0.00 7.18 1.00 0.00
0.90 0.00 7.35 1.00 0.00
0.90 0.00 7.53 1.00 0.00
0.90 0.00 7.70 1.00 0.00
1.10 0.00 4.74 1.00 0.00
1.10 0.00 4.91 1.00 0.00
1.10 0.00 5.09 1.00 0.00
1.10 0.00 5.26 1.00 0.00
1.10 0.00 5.44 1.00 0.00
1.10 0.00 5.61 1.00 0.00
1.10 0.00 5.78 1.00 0.00
1.10 0.00 5.96 1.00 0.00
1.10 0.00 6.13 1.00 0.00
1.10 0.00 6.31 1.00 0.00
1.10 0.00 6.48 1.00 0.00
1.10 0.00 6.66 1.00 0.00
1.10 0.00 6.83 1.00 0.00
1.10 0.00 7.01 1.00 0.00
1.10 0.00 7.18 1.00 0.00
1.10 0.00 7.36 1.00 0.00
1.10 0.00 7.53 1.00 0.00
1.10 0.00 7.70 1.00 0.00
0.30 0.17 4.74 1.00 0.00
0.30 0.17 4.92 1.00 0.00
0.30 0.17 5.09 1.00 0.00
0.30 0.17 5.27 1.00 0.00
0.30 0.17 5.44 1.00 0.00
0.30 0.17 5.62 1.00 0.00
0.30 0.17 5.79 1.00 0.00
0.30 0.17 5.97 1.00 0.00
0.30 0.17 6.14 1.00 0.00
0.30 0.17 6.31 1.00 0.00
0.30 0.17 6.49 1.00 0.00
0.30 0.17 6.66 1.00 0.00
0.30 0.17 6.84 1.00 0.00
0.30 0.17 7.01 1.00 0.00
0.30 0.17 7.19 1.00 0.00
0.30 0.17 7.36 1.00 0.00
0.30 0.17 7.54 1.00 0.00
0.30 0.17 7.71 1.00 0.00
0.50 0.17 4.75 1.00 0.00
0.50 0.17 4.93 1.00 0.00
0.50 0.17 5.10 1.00 0.00
0.50 0.17 5.28 1.00 0.00
0.50 0.17 5.45 1.00 0.00
0.50 0.17 5.63 1.00 0.00
0.50 0.17 5.80 1.00 0.00
0.50 0.17 5.97 1.00 0.00
0.50 0.17 6.15 1.00 0.00
0.50 0.17 6.32 1.00 0.00
0.50 0.17 6.50 1.00 0.00
0.50 0.17 6.67 1.00 0.00
0.50 0.17 6.85 1.00 0.00
0.50 0.17 7.02 1.00 0.00
0.50 0.17 7.20 1.00 0.00
0.50 0.17 7.37 1.00 0.00
0.50 0.17 7.55 1.00 0.00
0.50 0.17 7.72 1.00 0.00
0.70 0.17 4.76 1.00 0.00
0.70 0.17 4.94 1.00 0.00
0.70 0.17 5.11 1.00 0.00
0.70 0.17 5.29 1.00 0.00
0.70 0.17 5.46 1.00 0.00
0.70 0.17 5.63 1.00 0.00
0.70 0.17 5.81 1.00 0.00
0.70 0.17 5.98 1.00 0.00
0.70 0.17 6.16 1.00 0.00
0.70 0.17 6.33 1.00 0.00
0.70 0.17 6.51 1.00 0.00
0.70 0.17 6.68 1.00 0.00
0.70 0.17 6.86 1.00 0.00
0.70 0.17 7.03 1.00 0.00
0.70 0.17 7.21 1.00 0.00
0.70 0.17 7.38 1.00 0.00
0.70 0.17 7.55 1.00 0.00
0.70 0.17 7.73 1.00 0.00
0.90 0.17 4.77 1.00 0.00
0.90 0.17 4.95 1.00 0.00
0.90 0.17 5.12 1.00 0.00
0.90 0.17 5.30 1.00 0.00
0.90 0.17 5.47 1.00 0.00
0.90 0.17 5.64 1.00 0.00
0.90 0.17 5.82 1.00 0.00
0.90 0.17 5.99 1.00 0.00
0.90 0.17 6.17 1.00 0.00
0.90 0.17 6.34 1.00 0.00
0.90 0.17 6.52 1.00 0.00
0.90 0.17 6.69 1.00 0.00
0.90 0.17 6.87 1.00 0.00
0.90 0.17 7.04 1.00 0.00
0.90 0.17 7.22 1.00 0.00
0.90 0.17 7.39 1.00 0.00
0.90 0.17 7.56 1.00 0.00
0.90 0.17 7.74 1.00 0.00
1.10 0.17 4.78 1.00 0.00
1.10 0.17 4.96 1.00 0.00
1.10 0.17 5.13 1.00 0.00
1.10 0.17 5.31 1.00 0.00
1.10 0.17 5.48 1.00 0.00
1.10 0.17 5.66 1.00 0.00
1.10 0.17 5.83 1.00 0.00
1.10 0.17 6.00 1.00 0.00
1.10 0.17 6.18 1.00 0.00
1.10 0.17 6.35 1.00 0.00
1.10 0.17 6.53 1.00 0.00
1.10 0.17 6.70 1.00 0.00
1.10 0.17 6.88 1.00 0.00
1.10 0.17 7.05 1.00 0.00
1.10 0.17 7.23 1.00 0.00
1.10 0.17 7.40 1.00 0.00
1.10 0.17 7.57 1.00 0.00
1.10 0.17 7.75 1.00 0.00
0.30 0.35 4.75 1.00 0.00
0.30 0.35 4.93 1.00 0.00
0.30 0.35 5.10 1.00 0.00
0.30 0.35 5.28 1.00 0.00
0.30 0.35 5.45 1.00 0.00
0.30 0.35 5.63 1.00 0.00
0.30 0.35 5.80 1.00 0.00
0.30 0.35 5.98 1.00 0.00
0.30 0.35 6.15 1.00 0.00
0.30 0.35 6.32 1.00 0.00
0.30 0.35 6.50 1.00 0.00
0.30 0.35 6.67 1.00 0.00
0.30 0.35 6.85 1.00 0.00
0.30 0.35 7.02 1.00 0.00
0.30 0.35 7.20 1.00 0.00
0.30 0.35 7.37 1.00 0.00
0.30 0.35 7.55 1.00 0.00
0.30 0.35 7.72 1.00 0.00
0.50 0.35 4.77 1.00 0.00
0.50 0.35 4.94 1.00 0.00
0.50 0.35 5.12 1.00 0.00
0.50 0.35 5.29 1.00 0.00
0.50 0.35 5.47 1.00 0.00
0.50 0.35 5.64 1.00 0.00
0.50 0.35 5.82 1.00 0.00
0.50 0.35 5.99 1.00 0.00
0.50 0.35 6.17 1.00 0.00
0.50 0.35 6.34 1.00 0.00
0.50 0.35 6.51 1.00 0.00
0.50 0.35 6.69 1.00 0.00
0.50 0.35 6.86 1.00 0.00
0.50 0.35 7.04 1.00 0.00
0.50 0.35 7.21 1.00 0.00
0.50 0.35 7.39 1.00 0.00
0.50 0.35 7.56 1.00 0.00
0.50 0.35 7.74 1.00 0.00
0.70 0.35 4.79 1.00 0.00
0.70 0.35 4.96 1.00 0.00
0.70 0.35 5.14 1.00 0.00
0.70 0.35 5.31 1.00 0.00
0.70 0.35 5.48 1.00 0.00
0.70 0.35 5.66 1.00 0.00
0.70 0.35 5.83 1.00 0.00
0.70 0.35 6.01 1.00 0.00
0.70 0.35 6.18 1.00 0.00
0.70 0.35 6.36 1.00 0.00
0.70 0.35 6.53 1.00 0.00
0.70 0.35 6.71 1.00 0.00
0.70 0.35 6.88 1.00 0.00
0.70 0.35 7.06 1.00 0.00
0.70 0.35 7.23 1.00 0.00
0.70 0.35 7.40 1.00 0.00
0.70 0.35 7.58 1.00 0.00
0.70 0.35 7.75 1.00 0.00
0.90 0.35 4.80 1.00 0.00
0.90 0.35 4.98 1.00 0.00
0.90 0.35 5.15 1.00 0.00
0.90 0.35 5.33 1.00 0.00
0.90 0.35 5.50 1.00 0.00
0.90 0.35 5.68 1.00 0.00
0.90 0.35 5.85 1.00 0.00
0.90 0.35 6.03 1.00 0.00
0.90 0.35 6.20 1.00 0.00
0.90 0.35 6.38 1.00 0.00
0.90 0.35 6.55 1.00 0.00
0.90 0.35 6.72 1.00 0.00
0.90 0.35 6.90 1.00 0.00
0.90 0.35 7.07 1.00 0.00
0.90 0.35 7.25 1.00 0.00
0.90 0.35 7.42 1.00 0.00
0.90 0.35 7.60 1.00 0.00
0.90 0.35 7.77 1.00 0.00
1.10 0.35 4.82 1.00 0.00
1.10 0.35 5.00 1.00 0.00
1.10 0.35 5.17 1.00 0.00
1.10 0.35 5.35 1.00 0.00
1.10 0.35 5.52 1.00 0.00
1.10 0.35 5.70 1.00 0.00
1.10 0.35 5.87 1.00 0.00
1.10 0.35 6.05 1.00 0.00
1.10 0.35 6.22 1.00 0.00
1.10 0.35 6.39 1.00 0.00
1.10 0.35 6.57 1.00 0.00
1.10 0.35 6.74 1.00 0.00
1.10 0.35 6.92 1.00 0.00
1.10 0.35 7.09 1.00 0.00
1.10 0.35 7.27 1.00 0.00
1.10 0.35 7.44 1.00 0.00
1.10 0.35 7.62 1.00 0.00
1.10 0.35 7.79 1.00 0.00
0.30 0.52 4.76 1.00 0.00
0.30 0.52 4.94 1.00 0.00
0.30 0.52 5.11 1.00 0.00
0.30 0.52 5.29 1.00 0.00
0.30 0.52 5.46 1.00 0.00
0.30 0.52 5.64 1.00 0.00
0.30 0.52 5.81 1.00 0.00
0.30 0.52 5.98 1.00 0.00
0.30 0.52 6.16 1.00 0.00
0.30 0.52 6.33 1.00 0.00
0.30 0.52 6.51 1.00 0.00
0.30 0.52 6.68 1.00 0.00
0.30 0.52 6.86 1.00 0.00
0.30 0.52 7.03 1.00 0.00
0.30 0.52 7.21 1.00 0.00
0.30 0.52 7.38 1.00 0.00
0.30 0.52 7.56 1.00 0.00
0.30 0.52 7.73 1.00 0.00
0.50 0.52 4.79 1.00 0.00
0.50 0.52 4.96 1.00 0.00
0.50 0.52 5.13 1.00 0.00
0.50 0.52 5.31 1.00 0.00
0.50 0.52 5.48 1.00 0.00
0.50 0.52 5.66 1.00 0.00
0.50 0.52 5.83 1.00 0.00
0.50 0.52 6.01 1.00 0.00
0.50 0.52 6.18 1.00 0.00
0.50 0.52 6.36 1.00 0.00
0.50 0.52 6.53 1.00 0.00
0.50 0.52 6.70 1.00 0.00
0.50 0.52 6.88 1.00 0.00
0.50 0.52 7.05 1.00 0.00
0.50 0.52 7.23 1.00 0.00
0.50 0.52 7.40 1.00 0.00
0.50 0.52 7.58 1.00 0.00
0.50 0.52 7.75 1.00 0.00
0.70 0.52 4.81 1.00 0.00
0.70 0.52 4.98 1.00 0.00
0.70 0.52 5.16 1.00 0.00
0.70 0.52 5.33 1.00 0.00
0.70 0.52 5.51 1.00 0.00
0.70 0.52 5.68 1.00 0.00
0.70 0.52 5.86 1.00 0.00
0.70 0.52 6.03 1.00 0.00
0.70 0.52 6.20 1.00 0.00
0.70 0.52 6.38 1.00 0.00
0.70 0.52 6.55 1.00 0.00
0.70 0.52 6.73 1.00 0.00
0.70 0.52 6.90 1.00 0.00
0.70 0.52 7.08 1.00 0.00
0.70 0.52 7.25 1.00 0.00
0.70 0.52 7.43 1.00 0.00
0.70 0.52 7.60 1.00 0.00
0.70 0.52 7.78 1.00 0.00
0.90 0.52 4.83 1.00 0.00
0.90 0.52 5.01 1.00 0.00
0.90 0.52 5.18 1.00 0.00
0.90 0.52 5.36 1.00 0.00
0.90 0.52 5.53 1.00 0.00
0.90 0.52 5.71 1.00 0.00
0.90 0.52 5.88 1.00 0.00
0.90 0.52 6.06 1.00 0.00
0.90 0.52 6.23 1.00 0.00
0.90 0.52 6.40 1.00 0.00
0.90 0.52 6.58 1.00 0.00
0.90 0.52 6.75 1.00 0.00
0.90 0.52 6.93 1.00 0.00
0.90 0.52 7.10 1.00 0.00
0.90 0.52 7.28 1.00 0.00
0.90 0.52 7.45 1.00 0.00
0.90 0.52 7.63 1.00 0.00
0.90 0.52 7.80 1.00 0.00
1.10 0.52 4.86 1.00 0.00
1.10 0.52 5.04 1.00 0.00
1.10 0.52 5.21 1.00 0.00
1.10 0.52 5.38 1.00 0.00
1.10 0.52 5.56 1.00 0.00
1.10 0.52 5.73 1.00 0.00
1.10 0.52 5.91 1.00 0.00
1.10 0.52 6.08 1.00 0.00
1.10 0.52 6.26 1.00 0.00
1.10 0.52 6.43 1.00 0.00
1.10 0.52 6.61 1.00 0.00
1.10 0.52 6.78 1.00 0.00
1.10 0.52 6.96 1.00 0.00
1.10 0.52 7.13 1.00 0.00
1.10 0.52 7.30 1.00 0.00
1.10 0.52 7.48 1.00 0.00
1.10 0.52 7.65 1.00 0.00
1.10 0.52 7.83 1.00 0.00
0.30 0.70 4.77 1.00 0.00
0.30 0.70 4.95 1.00 0.00
0.30 0.70 5.12 1.00 0.00
0.30 0.70 5.29 1.00 0.00
0.30 0.70 5.47 1.00 0.00
0.30 0.70 5.64 1.00 0.00
0.30 0.70 5.82 1.00 0.00
0.30 0.70 5.99 1.00 0.00
0.30 0.70 6.17 1.00 0.00
0.30 0.70 6.34 1.00 0.00
0.30 0.70 6.52 1.00 0.00
0.30 0.70 6.69 1.00 0.00
0.30 0.70 6.87 1.00 0.00
0.30 0.70 7.04 1.00 0.00
0.30 0.70 7.21 1.00 0.00
0.30 0.70 7.39 1.00 0.00
0.30 0.70 7.56 1.00 0.00
0.30 0.70 7.74 1.00 0.00
0.50 0.70 4.80 1.00 0.00
0.50 0.70 4.97 1.00 0.00
0.50 0.70 5.15 1.00 0.00
0.50 0.70 5.32 1.00 0.00
0.50 0.70 5.50 1.00 0.00
0.50 0.70 5.67 1.00 0.00
0.50 0.70 5.85 1.00 0.00
0.50 0.70 6.02 1.00 0.00
0.50 0.70 6.19 1.00 0.00
0.50 0.70 6.37 1.00 0.00
0.50 0.70 6.54 1.00 0.00
0.50 0.70 6.72 1.00 0.00
0.50 0.70 6.89 1.00 0.00
0.50 0.70 7.07 1.00 0.00
0.50 0.70 7.24 1.00 0.00
0.50 0.70 7.42 1.00 0.00
0.50 0.70 7.59 1.00 0.00
0.50 0.70 7.77 1.00 0.00
0.70 0.70 4.83 1.00 0.00
0.70 0.70 5.00 1.00 0.00
0.70 0.70 5.18 1.00 0.00
0.70 0.70 5.35 1.00 0.00
0.70 0.70 5.53 1.00 0.00
0.70 0.70 5.70 1.00 0.00
0.70 0.70 5.88 1.00 0.00
0.70 0.70 6.05 1.00 0.00
0.70 0.70 6.22 1.00 0.00
0.70 0.70 6.40 1.00 0.00
0.70 0.70 6.57 1.00 0.00
0.70 0.70 6.75 1.00 0.00
0.70 0.70 6.92 1.00 0.00
0.70 0.70 7.10 1.00 0.00
0.70 0.70 7.27 1.00 0.00
0.70 0.70 7.45 1.00 0.00
0.70 0.70 7.62 1.00 0.00
0.70 0.70 7.79 1.00 0.00
0.90 0.70 4.86 1.00 0.00
0.90 0.70 5.03 1.00 0.00
0.90 0.70 5.21 1.00 0.00
0.90 0.70 5.38 1.00 0.00
0.90 0.70 5.56 1.00 0.00
0.90 0.70 5.73 1.00 0.00
0.90 0.70 5.91 1.00 0.00
0.90 0.70 6.08 1.00 0.00
0.90 0.70 6.26 1.00 0.00
0.90 0.70 6.43 1.00 0.00
0.90 0.70 6.60 1.00 0.00
0.90 0.70 6.78 1.00 0.00
0.90 0.70 6.95 1.00 0.00
0.90 0.70 7.13 1.00 0.00
0.90 0.70 7.30 1.00 0.00
0.90 0.70 7.48 1.00 0.00
0.90 0.70 7.65 1.00 0.00
0.90 0.70 7.83 1.00 0.00
1.10 0.70 4.89 1.00 0.00
1.10 0.70 5.07 1.00 0.00
1.10 0.70 5.24 1.00 0.00
1.10 0.70 5.42 1.00 0.00
1.10 0.70 5.59 1.00 0.00
1.10 0.70 5.76 1.00 0.00
1.10 0.70 5.94 1.00 0.00
1.10 0.70 6.11 1.00 0.00
1.10 0.70 6.29 1.00 0.00
1.10 0.70 6.46 1.00 0.00
1.10 0.70 6.64 1.00 0.00
1.10 0.70 6.81 1.00 0.00
1.10 0.70 6.99 1.00 0.00
1.10 0.70 7.16 1.00 0.00
1.10 0.70 7.33 1.00 0.00
1.10 0.70 7.51 1.00 0.00
1.10 0.70 7.68 1.00 0.00
1.10 0.70 7.86 1.00 0.00
0.30 0.87 4.78 1.00 0.00
0.30 0.87 4.95 1.00 0.00
0.30 0.87 5.13 1.00 0.00
0.30 0.87 5.30 1.00 0.00
0.30 0.87 5.48 1.00 0.00
0.30 0.87 5.65 1.00 0.00
0.30 0.87 5.83 1.00 0.00
0.30 0.87 6.00 1.00 0.00
0.30 0.87 6.17 1.00 0.00
0.30 0.87 6.35 1.00 0.00
0.30 0.87 6.52 1.00 0.00
0.30 0.87 6.70 1.00 0.00
0.30 0.87 6.87 1.00 0.00
0.30 0.87 7.05 1.00 0.00
0.30 0.87 7.22 1.00 0.00
0.30 0.87 7.40 1.00 0.00
0.30 0.87 7.57 1.00 0.00
0.30 0.87 7.74 1.00 0.00
0.50 0.87 4.81 1.00 0.00
0.50 0.87 4.98 1.00 0.00
0.50 0.87 5.16 1.00 0.00
0.50 0.87 5.33 1.00 0.00
0.50 0.87 5.51 1.00 0.00
0.50 0.87 5.68 1.00 0.00
0.50 0.87 5.86 1.00 0.00
0.50 0.87 6.03 1.00 0.00
0.50 0.87 6.21 1.00 0.00
0.50 0.87 6.38 1.00 0.00
0.50 0.87 6.56 1.00 0.00
0.50 0.87 6.73 1.00 0.00
0.50 0.87 6.90 1.00 0.00
0.50 0.87 7.08 1.00 0.00
0.50 0.87 7.25 1.00 0.00
0.50 0.87 7.43 1.00 0.00
0.50 0.87 7.60 1.00 0.00
0.50 0.87 7.78 1.00 0.00
0.70 0.87 4.84 1.00 0.00
0.70 0.87 5.02 1.00 0.00
0.70 0.87 5.19 1.00 0.00
0.70 0.87 5.37 1.00 0.00
0.70 0.87 5.54 1.00 0.00
0.70 0.87 5.72 1.00 0.00
0.70 0.87 5.89 1.00 0.00
0.70 0.87 6.06 1.00 0.00
0.70 0.87 6.24 1.00 0.00
0.70 0.87 6.41 1.00 0.00
0.70 0.87 6.59 1.00 0.00
0.70 0.87 6.76 1.00 0.00
0.70 0.87 6.94 1.00 0.00
0.70 0.87 7.11 1.00 0.00
0.70 0.87 7.29 1.00 0.00
0.70 0.87 7.46 1.00 0.00
0.70 0.87 7.64 1.00 0.00
0.70 0.87 7.81 1.00 0.00
0.90 0.87 4.88 1.00 0.00
0.90 0.87 5.05 1.00 0.00
0.90 0.87 5.23 1.00 0.00
0.90 0.87 5.40 1.00 0.00
0.90 0.87 5.58 1.00 0.00
0.90 0.87 5.75 1.00 0.00
0.90 0.87 5.93 1.00 0.00
0.90 0.87 6.10 1.00 0.00
0.90 0.87 6.27 1.00 0.00
0.90 0.87 6.45 1.00 0.00
0.90 0.87 6.62 1.00 0.00
0.90 0.87 6.80 1.00 0.00
0.90 0.87 6.97 1.00 0.00
0.90 0.87 7.15 1.00 0.00
0.90 0.87 7.32 1.00 0.00
0.90 0.87 7.50 1.00 0.00
0.90 0.87 7.67 1.00 0.00
0.90 0.87 7.85 1.00 0.00
1.10 0.87 4.91 1.00 0.00
1.10 0.87 5.09 1.00 0.00
1.10 0.87 5.26 1.00 0.00
1.10 0.87 5.44 1.00 0.00
1.10 0.87 5.61 1.00 0.00
1.10 0.87 5.79 1.00 0.00
1.10 0.87 5.96 1.00 0.00
1.10 0.87 6.14 1.00 0.00
1.10 0.87 6.31 1.00 0.00
1.10 0.87 6.49 1.00 0.00
1.10 0.87 6.66 1.00 0.00
1.10 0.87 6.83 1.00 0.00
1.10 0.87 7.01 1.00 0.00
1.10 0.87 7.18 1.00 0.00
1.10 0.87 7.36 1.00 0.00
1.10 0.87 7.53 1.00 0.00
1.10 0.87 7.71 1.00 0.00
1.10 0.87 7.88 1.00 0.00
0.30 1.05 4.78 1.00 0.00
0.30 1.05 4.96 1.00 0.00
0.30 1.05 5.13 1.00 0.00
0.30 1.05 5.31 1.00 0.00
0.30 1.05 5.48 1.00 0.00
0.30 1.05 5.66 1.00 0.00
0.30 1.05 5.83 1.00 0.00
0.30 1.05 6.00 1.00 0.00
0.30 1.05 6.18 1.00 0.00
0.30 1.05 6.35 1.00 0.00
0.30 1.05 6.53 1.00 0.00
0.30 1.05 6.70 1.00 0.00
0.30 1.05 6.88 1.00 0.00
0.30 1.05 7.05 1.00 0.00
0.30 1.05 7.23 1.00 0.00
0.30 1.05 7.40 1.00 0.00
0.30 1.05 7.58 1.00 0.00
0.30 1.05 7.75 1.00 0.00
0.50 1.05 4.82 1.00 0.00
0.50 1.05 4.99 1.00 0.00
0.50 1.05 5.17 1.00 0.00
0.50 1.05 5.34 1.00 0.00
0.50 1.05 5.52 1.00 0.00
0.50 1.05 5.69 1.00 0.00
0.50 1.05 5.87 1.00 0.00
0.50 1.05 6.04 1.00 0.00
0.50 1.05 6.21 1.00 0.00
0.50 1.05 6.39 1.00 0.00
0.50 1.05 6.56 1.00 0.00
0.50 1.05 6.74 1.00 0.00
0.50 1.05 6.91 1.00 0.00
0.50 1.05 7.09 1.00 0.00
0.50 1.05 7.26 1.00 0.00
0.50 1.05 7.44 1.00 0.00
0.50 1.05 7.61 1.00 0.00
0.50 1.05 7.79 1.00 0.00
0.70 1.05 4.85 1.00 0.00
0.70 1.05 5.03 1.00 0.00
0.70 1.05 5.20 1.00 0.00
0.70 1.05 5.38 1.00 0.00
0.70 1.05 5.55 1.00 0.00
0.70 1.05 5.73 1.00 0.00
0.70 1.05 5.90 1.00 0.00
0.70 1.05 6.08 1.00 0.00
0.70 1.05 6.25 1.00 0.00
0.70 1.05 6.43 1.00 0.00
0.70 1.05 6.60 1.00 0.00
0.70 1.05 6.77 1.00 0.00
0.70 1.05 6.95 1.00 0.00
0.70 1.05 7.12 1.00 0.00
0.70 1.05 7.30 1.00 0.00
0.70 1.05 7.47 1.00 0.00
0.70 1.05 7.65 1.00 0.00
0.70 1.05 7.82 1.00 0.00
0.90 1.05 4.89 1.00 0.00
0.90 1.05 5.07 1.00 0.00
0.90 1.05 5.24 1.00 0.00
0.90 1.05 5.42 1.00 0.00
0.90 1.05 5.59 1.00 0.00
0.90 1.05 5.76 1.00 0.00
0.90 1.05 5.94 1.00 0.00
0.90 1.05 6.11 1.00 0.00
0.90 1.05 6.29 1.00 0.00
0.90 1.05 6.46 1.00 0.00
0.90 1.05 6.64 1.00 0.00
0.90 1.05 6.81 1.00 0.00
0.90 1.05 6.99 1.00 0.00
0.90 1.05 7.16 1.00 0.00
0.90 1.05 7.34 1.00 0.00
0.90 1.05 7.51 1.00 0.00
0.90 1.05 7.68 1.00 0.00
0.90 1.05 7.86 1.00 0.00
1.10 1.05 4.93 1.00 0.00
1.10 1.05 5.10 1.00 0.00
1.10 1.05 5.28 1.00 0.00
1.10 1.05 5.45 1.00 0.00
1.10 1.05 5.63 1.00 0.00
1.10 1.05 5.80 1.00 0.00
1.10 1.05 5.98 1.00 0.00
1.10 1.05 6.15 1.00 0.00
1.10 1.05 6.33 1.00 0.00
1.10 1.05 6.50 1.00 0.00
1.10 1.05 6.68 1.00 0.00
1.10 1.05 6.85 1.00 0.00
1.10 1.05 7.02 1.00 0.00
1.10 1.05 7.20 1.00 0.00
1.10 1.05 7.37 1.00 0.00
1.10 1.05 7.55 1.00 0.00
1.10 1.05 7.72 1.00 0.00
1.10 1.05 7.90 1.00 0.00
0.30 1.22 4.79 1.00 0.00
0.30 1.22 4.96 1.00 0.00
0.30 1.22 5.14 1.00 0.00
0.30 1.22 5.31 1.00 0.00
0.30 1.22 5.48 1.00 0.00
0.30 1.22 5.66 1.00 0.00
0.30 1.22 5.83 1.00 0.00
0.30 1.22 6.01 1.00 0.00
0.30 1.22 6.18 1.00 0.00
0.30 1.22 6.36 1.00 0.00
0.30 1.22 6.53 1.00 0.00
0.30 1.22 6.71 1.00 0.00
0.30 1.22 6.88 1.00 0.00
0.30 1.22 7.06 1.00 0.00
0.30 1.22 7.23 1.00 0.00
0.30 1.22 7.40 1.00 0.00
0.30 1.22 7.58 1.00 0.00
0.30 1.22 7.75 1.00 0.00
0.50 1.22 4.82 1.00 0.00
0.50 1.22 5.00 1.00 0.00
0.50 1.22 5.17 1.00 0.00
0.50 1.22 5.35 1.00 0.00
0.50 1.22 5.52 1.00 0.00
0.50 1.22 5.70 1.00 0.00
0.50 1.22 5.87 1.00 0.00
0.50 1.22 6.05 1.00 0.00
0.50 1.22 6.22 1.00 0.00
0.50 1.22 6.39 1.00 0.00
0.50 1.22 6.57 1.00 0.00
0.50 1.22 6.74 1.00 0.00
0.50 1.22 6.92 1.00 0.00
0.50 1.22 7.09 1.00 0.00
0.50 1.22 7.27 1.00 0.00
0.50 1.22 7.44 1.00 0.00
0.50 1.22 7.62 1.00 0.00
0.50 1.22 7.79 1.00 0.00
0.70 1.22 4.86 1.00 0.00
0.70 1.22 5.04 1.00 0.00
0.70 1.22 5.21 1.00 0.00
0.70 1.22 5.38 1.00 0.00
0.70 1.22 5.56 1.00 0.00
0.70 1.22 5.73 1.00 0.00
0.70 1.22 5.91 1.00 0.00
0.70 1.22 6.08 1.00 0.00
0.70 1.22 6.26 1.00 0.00
0.70 1.22 6.43 1.00 0.00
0.70 1.22 6.61 1.00 0.00
0.70 1.22 6.78 1.00 0.00
0.70 1.22 6.96 1.00 0.00
0.70 1.22 7.13 1.00 0.00
0.70 1.22 7.30 1.00 0.00
0.70 1.22 7.48 1.00 0.00
0.70 1.22 7.65 1.00 0.00
0.70 1.22 7.83 1.00 0.00
0.90 1.22 4.90 1.00 0.00
0.90 1.22 5.07 1.00 0.00
0.90 1.22 5.25 1.00 0.00
0.90 1.22 5.42 1.00 0.00
0.90 1.22 5.60 1.00 0.00
0.90 1.22 5.77 1.00 0.00
0.90 1.22 5.95 1.00 0.00
0.90 1.22 6.12 1.00 0.00
0.90 1.22 6.30 1.00 0.00
0.90 1.22 6.47 1.00 0.00
0.90 1.22 6.64 1.00 0.00
0.90 1.22 6.82 1.00 0.00
0.90 1.22 6.99 1.00 0.00
0.90 1.22 7.17 1.00 0.00
0.90 1.22 7.34 1.00 0.00
0.90 1.22 7.52 1.00 0.00
0.90 1.22 7.69 1.00 0.00
0.90 1.22 7.87 1.00 0.00
1.10 1.22 4.94 1.00 0.00
1.10 1.22 5.11 1.00 0.00
1.10 1.22 5.29 1.00 0.00
1.10 1.22 5.46 1.00 0.00
1.10 1.22 5.64 1.00 0.00
1.10 1.22 5.81 1.00 0.00
1.10 1.22 5.99 1.00 0.00
1.10 1.22 6.16 1.00 0.00
1.10 1.22 6.33 1.00 0.00
1.10 1.22 6.51 1.00 0.00
1.10 1.22 6.68 1.00 0.00
1.10 1.22 6.86 1.00 0.00
1.10 1.22 7.03 1.00 0.00
1.10 1.22 7.21 1.00 0.00
1.10 1.22 7.38 1.00 0.00
1.10 1.22 7.56 1.00 0.00
1.10 1.22 7.73 1.00 0.00
1.10 1.22 7.91 1.00 0.00
0.30 1.40 4.79 1.00 0.00
0.30 1.40 4.96 1.00 0.00
0.30 1.40 5.14 1.00 0.00
0.30 1.40 5.31 1.00 0.00
0.30 1.40 5.49 1.00 0.00
0.30 1.40 5.66 1.00 0.00
0.30 1.40 5.84 1.00 0.00
0.30 1.40 6.01 1.00 0.00
0.30 1.40 6.18 1.00 0.00
0.30 1.40 6.36 1.00 0.00
0.30 1.40 6.53 1.00 0.00
0.30 1.40 6.71 1.00 0.00
0.30 1.40 6.88 1.00 0.00
0.30 1.40 7.06 1.00 0.00
0.30 1.40 7.23 1.00 0.00
0.30 1.40 7.41 1.00 0.00
0.30 1.40 7.58 1.00 0.00
0.30 1.40 7.76 1.00 0.00
0.50 1.40 4.83 1.00 0.00
0.50 1.40 5.00 1.00 0.00
0.50 1.40 5.18 1.00 0.00
0.50 1.40 5.35 1.00 0.00
0.50 1.40 5.52 1.00 0.00
0.50 1.40 5.70 1.00 0.00
0.50 1.40 5.87 1.00 0.00
0.50 1.40 6.05 1.00 0.00
0.50 1.40 6.22 1.00 0.00
0.50 1.40 6.40 1.00 0.00
0.50 1.40 6.57 1.00 0.00
0.50 1.40 6.75 1.00 0.00
0.50 1.40 6.92 1.00 0.00
0.50 1.40 7.09 1.00 0.00
0.50 1.40 7.27 1.00 0.00
0.50 1.40 7.44 1.00 0.00
0.50 1.40 7.62 1.00 0.00
0.50 1.40 7.79 1.00 0.00
0.70 1.40 4.86 1.00 0.00
0.70 1.40 5.04 1.00 0.00
0.70 1.40 5.21 1.00 0.00
0.70 1.40 5.39 1.00 0.00
0.70 1.40 5.56 1.00 0.00
0.70 1.40 5.74 1.00 0.00
0.70 1.40 5.91 1.00 0.00
0.70 1.40 6.09 1.00 0.00
0.70 1.40 6.26 1.00 0.00
0.70 1.40 6.43 1.00 0.00
0.70 1.40 6.61 1.00 0.00
0.70 1.40 6.78 1.00 0.00
0.70 1.40 6.96 1.00 0.00
0.70 1.40 7.13 1.00 0.00
0.70 1.40 7.31 1.00 0.00
0.70 1.40 7.48 1.00 0.00
0.70 1.40 7.66 1.00 0.00
0.70 1.40 7.83 1.00 0.00
0.90 1.40 4.90 1.00 0.00
0.90 1.40 5.08 1.00 0.00
0.90 1.40 5.25 1.00 0.00
0.90 1.40 5.43 1.00 0.00
0.90 1.40 5.60 1.00 0.00
0.90 1.40 5.77 1.00 0.00
0.90 1.40 5.95 1.00 0.00
0.90 1.40 6.12 1.00 0.00
0.90 1.40 6.30 1.00 0.00
0.90 1.40 6.47 1.00 0.00
0.90 1.40 6.65 1.00 0.00
0.90 1.40 6.82 1.00 0.00
0.90 1.40 7.00 1.00 0.00
0.90 1.40 7.17 1.00 0.00
0.90 1.40 7.35 1.00 0.00
0.90 1.40 7.52 1.00 0.00
0.90 1.40 7.69 1.00 0.00
0.90 1.40 7.87 1.00 0.00
1.10 1.40 4.94 1.00 0.00
1.10 1.40 5.11 1.00 0.00
1.10 1.40 5.29 1.00 0.00
1.10 1.40 5.46 1.00 0.00
1.10 1.40 5.64 1.00 0.00
1.10 1.40 5.81 1.00 0.00
1.10 1.40 5.99 1.00 0.00
1.10 1.40 6.16 1.00 0.00
1.10 1.40 6.34 1.00 0.00
1.10 1.40 6.51 1.00 0.00
1.10 1.40 6.68 1.00 0.00
1.10 1.40 6.86 1.00 0.00
1.10 1.40 7.03 1.00 0.00
1.10 1.40 7.21 1.00 0.00
1.10 1.40 7.38 1.00 0.00
1.10 1.40 7.56 1.00 0.00
1.10 1.40 7.73 1.00 0.00
1.10 1.40 7.91 1.00 0.00
0.30 1.57 4.79 1.00 0.00
0.30 1.57 4.96 1.00 0.00
0.30 1.57 5.14 1.00 0.00
0.30 1.57 5.31 1.00 0.00
0.30 1.57 5.49 1.00 0.00
0.30 1.57 5.66 1.00 0.00
0.30 1.57 5.84 1.00 0.00
0.30 1.57 6.01 1.00 0.00
0.30 1.57 6.18 1.00 0.00
0.30 1.57 6.36 1.00 0.00
0.30 1.57 6.53 1.00 0.00
0.30 1.57 6.71 1.00 0.00
0.30 1.57 6.88 1.00 0.00
0.30 1.57 7.06 1.00 0.00
0.30 1.57 7.23 1.00 0.00
0.30 1.57 7.41 1.00 0.00
0.30 1.57 7.58 1.00 0.00
0.30 1.57 7.76 1.00 0.00
0.50 1.57 4.83 1.00 0.00
0.50 1.57 5.00 1.00 0.00
0.50 1.57 5.17 1.00 0.00
0.50 1.57 5.35 1.00 0.00
0.50 1.57 5.52 1.00 0.00
0.50 1.57 5.70 1.00 0.00
0.50 1.57 5.87 1.00 0.00
0.50 1.57 6.05 1.00 0.00
0.50 1.57 6.22 1.00 0.00
0.50 1.57 6.40 1.00 0.00
0.50 1.57 6.57 1.00 0.00
0.50 1.57 6.75 1.00 0.00
0.50 1.57 6.92 1.00 0.00
0.50 1.57 7.09 1.00 0.00
0.50 1.57 7.27 1.00 0.00
0.50 1.57 7.44 1.00 0.00
0.50 1.57 7.62 1.00 0.00
0.50 1.57 7.79 1.00 0.00
0.70 1.57 4.86 1.00 0.00
0.70 1.57 5.04 1.00 0.00
0.70 1.57 5.21 1.00 0.00
0.70 1.57 5.39 1.00 0.00
0.70 1.57 5.56 1.00 0.00
0.70 1.57 5.74 1.00 0.00
0.70 1.57 5.91 1.00 0.00
0.70 1.57 6.08 1.00 0.00
0.70 1.57 6.26 1.00 0.00
0.70 1.57 6.43 1.00 0.00
0.70 1.57 6.61 1.00 0.00
0.70 1.57 6.78 1.00 0.00
0.70 1.57 6.96 1.00 0.00
0.70 1.57 7.13 1.00 0.00
0.70 1.57 7.31 1.00 0.00
0.70 1.57 7.48 1.00 0.00
0.70 1.57 7.65 1.00 0.00
0.70 1.57 7.83 1.00 0.00
0.90 1.57 4.90 1.00 0.00
0.90 1.57 5.07 1.00 0.00
0.90 1.57 5.25 1.00 0.00
0.90 1.57 5.42 1.00 0.00
0.90 1.57 5.60 1.00 0.00
0.90 1.57 5.77 1.00 0.00
0.90 1.57 5.95 1.00 0.00
0.90 1.57 6.12 1.00 0.00
0.90 1.57 6.30 1.00 0.00
0.90 1.57 6.47 1.00 0.00
0.90 1.57 6.64 1.00 0.00
0.90 1.57 6.82 1.00 0.00
0.90 1.57 6.99 1.00 0.00
0.90 1.57 7.17 1.00 0.00
0.90 1.57 7.34 1.00 0.00
0.90 1.57 7.52 1.00 0.00
0.90 1.57 7.69 1.00 0.00
0.90 1.57 7.87 1.00 0.00
1.10 1.57 4.93 1.00 0.00
1.10 1.57 5.11 1.00 0.00
1.10 1.57 5.28 1.00 0.00
1.10 1.57 5.46 1.00 0.00
1.10 1.57 5.63 1.00 0.00
1.10 1.57 5.81 1.00 0.00
1.10 1.57 5.98 1.00 0.00
1.10 1.57 6.16 1.00 0.00
1.10 1.57 6.33 1.00 0.00
1.10 1.57 6.51 1.00 0.00
1.10 1.57 6.68 1.00 0.00
1.10 1.57 6.85 1.00 0.00
1.10 1.57 7.03 1.00 0.00
1.10 1.57 7.20 1.00 0.00
1.10 1.57 7.38 1.00 0.00
1.10 1.57 7.55 1.00 0.00
1.10 1.57 7.73 1.00 0.00
1.10 1.57 7.90 1.00 0.00
0.30 1.75 4.79 1.00 0.00
0.30 1.75 4.96 1.00 0.00
0.30 1.75 5.14 1.00 0.00
0.30 1.75 5.31 1.00 0.00
0.30 1.75 5.49 1.00 0.00
0.30 1.75 5.66 1.00 0.00
0.30 1.75 5.83 1.00 0.00
0.30 1.75 6.01 1.00 0.00
0.30 1.75 6.18 1.00 0.00
0.30 1.75 6.36 1.00 0.00
0.30 1.75 6.53 1.00 0.00
0.30 1.75 6.71 1.00 0.00
0.30 1.75 6.88 1.00 0.00
0.30 1.75 7.06 1.00 0.00
0.30 1.75 7.23 1.00 0.00
0.30 1.75 7.40 1.00 0.00
0.30 1.75 7.58 1.00 0.00
0.30 1.75 7.75 1.00 0.00
0.50 1.75 4.82 1.00 0.00
0.50 1.75 5.00 1.00 0.00
0.50 1.75 5.17 1.00 0.00
0.50 1.75 5.35 1.00 0.00
0.50 1.75 5.52 1.00 0.00
0.50 1.75 5.70 1.00 0.00
0.50 1.75 5.87 1.00 0.00
0.50 1.75 6.04 1.00 0.00
0.50 1.75 6.22 1.00 0.00
0.50 1.75 6.39 1.00 0.00
0.50 1.75 6.57 1.00 0.00
0.50 1.75 6.74 1.00 0.00
0.50 1.75 6.92 1.00 0.00
0.50 1.75 7.09 1.00 0.00
0.50 1.75 7.27 1.00 0.00
0.50 1.75 7.44 1.00 0.00
0.50 1.75 7.61 1.00 0.00
0.50 1.75 7.79 1.00 0.00
0.70 1.75 4.86 1.00 0.00
0.70 1.75 5.03 1.00 0.00
0.70 1.75 5.21 1.00 0.00
0.70 1.75 5.38 1.00 0.00
0.70 1.75 5.56 1.00 0.00
0.70 1.75 5.73 1.00 0.00
0.70 1.75 5.90 1.00 0.00
0.70 1.75 6.08 1.00 0.00
0.70 1.75 6.25 1.00 0.00
0.70 1.75 6.43 1.00 0.00
0.70 1.75 6.60 1.00 0.00
0.70 1.75 6.78 1.00 0.00
0.70 1.75 6.95 1.00 0.00
0.70 1.75 7.13 1.00 0.00
0.70 1.75 7.30 1.00 0.00
0.70 1.75 7.48 1.00 0.00
0.70 1.75 7.65 1.00 0.00
0.70 1.75 7.82 1.00 0.00
0.90 1.75 4.89 1.00 0.00
0.90 1.75 5.07 1.00 0.00
0.90 1.75 5.24 1.00 0.00
0.90 1.75 5.41 1.00 0.00
0.90 1.75 5.59 1.00 0.00
0.90 1.75 5.76 1.00 0.00
0.90 1.75 5.94 1.00 0.00
0.90 1.75 6.11 1.00 0.00
0.90 1.75 6.29 1.00 0.00
0.90 1.75 6.46 1.00 0.00
0.90 1.75 6.64 1.00 0.00
0.90 1.75 6.81 1.00 0.00
0.90 1.75 6.99 1.00 0.00
0.90 1.75 7.16 1.00 0.00
0.90 1.75 7.33 1.00 0.00
0.90 1.75 7.51 1.00 0.00
0.90 1.75 7.68 1.00 0.00
0.90 1.75 7.86 1.00 0.00
1.10 1.75 4.92 1.00 0.00
1.10 1.75 5.10 1.00 0.00
1.10 1.75 5.27 1.00 0.00
1.10 1.75 5.45 1.00 0.00
1.10 1.75 5.62 1.00 0.00
1.10 1.75 5.80 1.00 0.00
1.10 1.75 5.97 1.00 0.00
1.10 1.75 6.15 1.00 0.00
1.10 1.75 6.32 1.00 0.00
1.10 1.75 6.50 1.00 0.00
1.10 1.75 6.67 1.00 0.00
1.10 1.75 6.84 1.00 0.00
1.10 1.75 7.02 1.00 0.00
1.10 1.75 7.19 1.00 0.00
1.10 1.75 7.37 1.00 0.00
1.10 1.75 7.54 1.00 0.00
1.10 1.75 7.72 1.00 0.00
1.10 1.75 7.89 1.00 0.00
0.30 1.92 4.78 1.00 0.00
0.30 1.92 4.96 1.00 0.00
0.30 1.92 5.13 1.00 0.00
0.30 1.92 5.31 1.00 0.00
0.30 1.92 5.48 1.00 0.00
0.30 1.92 5.66 1.00 0.00
0.30 1.92 5.83 1.00 0.00
0.30 1.92 6.01 1.00 0.00
0.30 1.92 6.18 1.00 0.00
0.30 1.92 6.35 1.00 0.00
0.30 1.92 6.53 1.00 0.00
0.30 1.92 6.70 1.00 0.00
0.30 1.92 6.88 1.00 0.00
0.30 1.92 7.05 1.00 0.00
0.30 1.92 7.23 1.00 0.00
0.30 1.92 7.40 1.00 0.00
0.30 1.92 7.58 1.00 0.00
0.30 1.92 7.75 1.00 0.00
0.50 1.92 4.82 1.00 0.00
0.50 1.92 4.99 1.00 0.00
0.50 1.92 5.17 1.00 0.00
0.50 1.92 5.34 1.00 0.00
0.50 1.92 5.51 1.00 0.00
0.50 1.92 5.69 1.00 0.00
0.50 1.92 5.86 1.00 0.00
0.50 1.92 6.04 1.00 0.00
0.50 1.92 6.21 1.00 0.00
0.50 1.92 6.39 1.00 0.00
0.50 1.92 6.56 1.00 0.00
0.50 1.92 6.74 1.00 0.00
0.50 1.92 6.91 1.00 0.00
0.50 1.92 7.09 1.00 0.00
0.50 1.92 7.26 1.00 0.00
0.50 1.92 7.43 1.00 0.00
0.50 1.92 7.61 1.00 0.00
0.50 1.92 7.78 1.00 0.00
0.70 1.92 4.85 1.00 0.00
0.70 1.92 5.02 1.00 0.00
0.70 1.92 5.20 1.00 0.00
0.70 1.92 5.37 1.00 0.00
0.70 1.92 5.55 1.00 0.00
0.70 1.92 5.72 1.00 0.00
0.70 1.92 5.90 1.00 0.00
0.70 1.92 6.07 1.00 0.00
0.70 1.92 6.24 1.00 0.00
0.70 1.92 6.42 1.00 0.00
0.70 1.92 6.59 1.00 0.00
0.70 1.92 6.77 1.00 0.00
0.70 1.92 6.94 1.00 0.00
0.70 1.92 7.12 1.00 0.00
0.70 1.92 7.29 1.00 0.00
0.70 1.92 7.47 1.00 0.00
0.70 1.92 7.64 1.00 0.00
0.70 1.92 7.82 1.00 0.00
0.90 1.92 4.88 1.00 0.00
0.90 1.92 5.05 1.00 0.00
0.90 1.92 5.23 1.00 0.00
0.90 1.92 5.40 1.00 0.00
0.90 1.92 5.58 1.00 0.00
0.90 1.92 5.75 1.00 0.00
0.90 1.92 5.93 1.00 0.00
0.90 1.92 6.10 1.00 0.00
0.90 1.92 6.28 1.00 0.00
0.90 1.92 6.45 1.00 0.00
0.90 1.92 6.62 1.00 0.00
0.90 1.92 6.80 1.00 0.00
0.90 1.92 6.97 1.00 0.00
0.90 1.92 7.15 1.00 0.00
0.90 1.92 7.32 1.00 0.00
0.90 1.92 7.50 1.00 0.00
0.90 1.92 7.67 1.00 0.00
0.90 1.92 7.85 1.00 0.00
1.10 1.92 4.91 1.00 0.00
1.10 1.92 5.08 1.00 0.00
1.10 1.92 5.26 1.00 0.00
1.10 1.92 5.43 1.00 0.00
1.10 1.92 5.61 1.00 0.00
1.10 1.92 5.78 1.00 0.00
1.10 1.92 5.96 1.00 0.00
1.10 1.92 6.13 1.00 0.00
1.10 1.92 6.31 1.00 0.00
1.10 1.92 6.48 1.00 0.00
1.10 1.92 6.65 1.00 0.00
1.10 1.92 6.83 1.00 0.00
1.10 1.92 7.00 1.00 0.00
1.10 1.92 7.18 1.00 0.00
1.10 1.92 7.35 1.00 0.00
1.10 1.92 7.53 1.00 0.00
1.10 1.92 7.70 1.00 0.00
1.10 1.92 7.88 1.00 0.00
0.30 2.09 4.78 1.00 0.00
0.30 2.09 4.95 1.00 0.00
0.30 2.09 5.13 1.00 0.00
0.30 2.09 5.30 1.00 0.00
0.30 2.09 5.48 1.00 0.00
0.30 2.09 5.65 1.00 0.00
0.30 2.09 5.83 1.00 0.00
0.30 2.09 6.00 1.00 0.00
0.30 2.09 6.18 1.00 0.00
0.30 2.09 6.35 1.00 0.00
0.30 2.09 6.52 1.00 0.00
0.30 2.09 6.70 1.00 0.00
0.30 2.09 6.87 1.00 0.00
0.30 2.09 7.05 1.00 0.00
0.30 2.09 7.22 1.00 0.00
0.30 2.09 7.40 1.00 0.00
0.30 2.09 7.57 1.00 0.00
0.30 2.09 7.75 1.00 0.00
0.50 2.09 4.81 1.00 0.00
0.50 2.09 4.98 1.00 0.00
0.50 2.09 5.16 1.00 0.00
0.50 2.09 5.33 1.00 0.00
0.50 2.09 5.51 1.00 0.00
0.50 2.09 5.68 1.00 0.00
0.50 2.09 5.86 1.00 0.00
0.50 2.09 6.03 1.00 0.00
0.50 2.09 6.21 1.00 0.00
0.50 2.09 6.38 1.00 0.00
0.50 2.09 6.55 1.00 0.00
0.50 2.09 6.73 1.00 0.00
0.50 2.09 6.90 1.00 0.00
0.50 2.09 7.08 1.00 0.00
0.50 2.09 7.25 1.00 0.00
0.50 2.09 7.43 1.00 0.00
0.50 2.09 7.60 1.00 0.00
0.50 2.09 7.78 1.00 0.00
0.70 2.09 4.84 1.00 0.00
0.70 2.09 5.01 1.00 0.00
0.70 2.09 5.19 1.00 0.00
0.70 2.09 5.36 1.00 0.00
0.70 2.09 5.54 1.00 0.00
0.70 2.09 5.71 1.00 0.00
0.70 2.09 5.88 1.00 0.00
0.70 2.09 6.06 1.00 0.00
0.70 2.09 6.23 1.00 0.00
0.70 2.09 6.41 1.00 0.00
0.70 2.09 6.58 1.00 0.00
0.70 2.09 6.76 1.00 0.00
0.70 2.09 6.93 1.00 0.00
0.70 2.09 7.11 1.00 0.00
0.70 2.09 7.28 1.00 0.00
0.70 2.09 7.46 1.00 0.00
0.70 2.09 7.63 1.00 0.00
0.70 2.09 7.80 1.00 0.00
0.90 2.09 4.86 1.00 0.00
0.90 2.09 5.04 1.00 0.00
0.90 2.09 5.21 1.00 0.00
0.90 2.09 5.39 1.00 0.00
0.90 2.09 5.56 1.00 0.00
0.90 2.09 5.74 1.00 0.00
0.90 2.09 5.91 1.00 0.00
0.90 2.09 6.09 1.00 0.00
0.90 2.09 6.26 1.00 0.00
0.90 2.09 6.44 1.00 0.00
0.90 2.09 6.61 1.00 0.00
0.90 2.09 6.78 1.00 0.00
0.90 2.09 6.96 1.00 0.00
0.90 2.09 7.13 1.00 0.00
0.90 2.09 7.31 1.00 0.00
0.90 2.09 7.48 1.00 0.00
0.90 2.09 7.66 1.00 0.00
0.90 2.09 7.83 1.00 0.00
1.10 2.09 4.89 1.00 0.00
1.10 2.09 5.06 1.00 0.00
1.10 2.09 5.24 1.00 0.00
1.10 2.09 5.41 1.00 0.00
1.10 2.09 5.59 1.00 0.00
1.10 2.09 5.76 1.00 0.00
1.10 2.09 5.94 1.00 0.00
1.10 2.09 6.11 1.00 0.00
1.10 2.09 6.29 1.00 0.00
1.10 2.09 6.46 1.00 0.00
1.10 2.09 6.64 1.00 0.00
1.10 2.09 6.81 1.00 0.00
1.10 2.09 6.98 1.00 0.00
1.10 2.09 7.16 1.00 0.00
1.10 2.09 7.33 1.00 0.00
1.10 2.09 7.51 1.00 0.00
1.10 2.09 7.68 1.00 0.00
1.10 2.09 7.86 1.00 0.00
0.30 2.27 4.77 1.00 0.00
0.30 2.27 4.95 1.00 0.00
0.30 2.27 5.12 1.00 0.00
0.30 2.27 5.30 1.00 0.00
0.30 2.27 5.47 1.00 0.00
0.30 2.27 5.65 1.00 0.00
0.30 2.27 5.82 1.00 0.00
0.30 2.27 6.00 1.00 0.00
0.30 2.27 6.17 1.00 0.00
0.30 2.27 6.34 1.00 0.00
0.30 2.27 6.52 1.00 0.00
0.30 2.27 6.69 1.00 0.00
0.30 2.27 6.87 1.00 0.00
0.30 2.27 7.04 1.00 0.00
0.30 2.27 7.22 1.00 0.00
0.30 2.27 7.39 1.00 0.00
0.30 2.27 7.57 1.00 0.00
0.30 2.27 7.74 1.00 0.00
0.50 2.27 4.80 1.00 0.00
0.50 2.27 4.97 1.00 0.00
0.50 2.27 5.15 1.00 0.00
0.50 2.27 5.32 1.00 0.00
0.50 2.27 5.50 1.00 0.00
0.50 2.27 5.67 1.00 0.00
0.50 2.27 5.85 1.00 0.00
0.50 2.27 6.02 1.00 0.00
0.50 2.27 6.20 1.00 0.00
0.50 2.27 6.37 1.00 0.00
0.50 2.27 6.54 1.00 0.00
0.50 2.27 6.72 1.00 0.00
0.50 2.27 6.89 1.00 0.00
0.50 2.27 7.07 1.00 0.00
0.50 2.27 7.24 1.00 0.00
0.50 2.27 7.42 1.00 0.00
0.50 2.27 7.59 1.00 0.00
0.50 2.27 7.77 1.00 0.00
0.70 2.27 4.82 1.00 0.00
0.70 2.27 5.00 1.00 0.00
0.70 2.27 5.17 1.00 0.00
0.70 2.27 5.35 1.00 0.00
0.70 2.27 5.52 1.00 0.00
0.70 2.27 5.70 1.00 0.00
0.70 2.27 5.87 1.00 0.00
0.70 2.27 6.04 1.00 0.00
0.70 2.27 6.22 1.00 0.00
0.70 2.27 6.39 1.00 0.00
0.70 2.27 6.57 1.00 0.00
0.70 2.27 6.74 1.00 0.00
0.70 2.27 6.92 1.00 0.00
0.70 2.27 7.09 1.00 0.00
0.70 2.27 7.27 1.00 0.00
0.70 2.27 7.44 1.00 0.00
0.70 2.27 7.62 1.00 0.00
0.70 2.27 7.79 1.00 0.00
0.90 2.27 4.85 1.00 0.00
0.90 2.27 5.02 1.00 0.00
0.90 2.27 5.20 1.00 0.00
0.90 2.27 5.37 1.00 0.00
0.90 2.27 5.54 1.00 0.00
0.90 2.27 5.72 1.00 0.00
0.90 2.27 5.89 1.00 0.00
0.90 2.27 6.07 1.00 0.00
0.90 2.27 6.24 1.00 0.00
0.90 2.27 6.42 1.00 0.00
0.90 2.27 6.59 1.00 0.00
0.90 2.27 6.77 1.00 0.00
0.90 2.27 6.94 1.00 0.00
0.90 2.27 7.12 1.00 0.00
0.90 2.27 7.29 1.00 0.00
0.90 2.27 7.46 1.00 0.00
0.90 2.27 7.64 1.00 0.00
0.90 2.27 7.81 1.00 0.00
1.10 2.27 4.87 1.00 0.00
1.10 2.27 5.04 1.00 0.00
1.10 2.27 5.22 1.00 0.00
1.10 2.27 5.39 1.00 0.00
1.10 2.27 5.57 1.00 0.00
1.10 2.27 5.74 1.00 0.00
1.10 2.27 5.92 1.00 0.00
1.10 2.27 6.09 1.00 0.00
1.10 2.27 6.26 1.00 0.00
1.10 2.27 6.44 1.00 0.00
1.10 2.27 6.61 1.00 0.00
1.10 2.27 6.79 1.00 0.00
1.10 2.27 6.96 1.00 0.00
1.10 2.27 7.14 1.00 0.00
1.10 2.27 7.31 1.00 0.00
1.10 2.27 7.49 1.00 0.00
1.10 2.27 7.66 1.00 0.00
1.10 2.27 7.84 1.00 0.00
0.30 2.44 4.77 1.00 0.00
0.30 2.44 4.94 1.00 0.00
0.30 2.44 5.12 1.00 0.00
0.30 2.44 5.29 1.00 0.00
0.30 2.44 5.46 1.00 0.00
0.30 2.44 5.64 1.00 0.00
0.30 2.44 5.81 1.00 0.00
0.30 2.44 5.99 1.00 0.00
0.30 2.44 6.16 1.00 0.00
0.30 2.44 6.34 1.00 0.00
0.30 2.44 6.51 1.00 0.00
0.30 2.44 6.69 1.00 0.00
0.30 2.44 6.86 1.00 0.00
0.30 2.44 7.04 1.00 0.00
0.30 2.44 7.21 1.00 0.00
0.30 2.44 7.38 1.00 0.00
0.30 2.44 7.56 1.00 0.00
0.30 2.44 7.73 1.00 0.00
0.50 2.44 4.79 1.00 0.00
0.50 2.44 4.96 1.00 0.00
0.50 2.44 5.14 1.00 0.00
0.50 2.44 5.31 1.00 0.00
0.50 2.44 5.49 1.00 0.00
0.50 2.44 5.66 1.00 0.00
0.50 2.44 5.83 1.00 0.00
0.50 2.44 6.01 1.00 0.00
0.50 2.44 6.18 1.00 0.00
0.50 2.44 6.36 1.00 0.00
0.50 2.44 6.53 1.00 0.00
0.50 2.44 6.71 1.00 0.00
0.50 2.44 6.88 1.00 0.00
0.50 2.44 7.06 1.00 0.00
0.50 2.44 7.23 1.00 0.00
0.50 2.44 7.41 1.00 0.00
0.50 2.44 7.58 1.00 0.00
0.50 2.44 7.75 1.00 0.00
0.70 2.44 4.81 1.00 0.00
0.70 2.44 4.98 1.00 0.00
0.70 2.44 5.16 1.00 0.00
0.70 2.44 5.33 1.00 0.00
0.70 2.44 5.51 1.00 0.00
0.70 2.44 5.68 1.00 0.00
0.70 2.44 5.85 1.00 0.00
0.70 2.44 6.03 1.00 0.00
0.70 2.44 6.20 1.00 0.00
0.70 2.44 6.38 1.00 0.00
0.70 2.44 6.55 1.00 0.00
0.70 2.44 6.73 1.00 0.00
0.70 2.44 6.90 1.00 0.00
0.70 2.44 7.08 1.00 0.00
0.70 2.44 7.25 1.00 0.00
0.70 2.44 7.42 1.00 0.00
0.70 2.44 7.60 1.00 0.00
0.70 2.44 7.77 1.00 0.00
0.90 2.44 4.83 1.00 0.00
0.90 2.44 5.00 1.00 0.00
0.90 2.44 5.17 1.00 0.00
0.90 2.44 5.35 1.00 0.00
0.90 2.44 5.52 1.00 0.00
0.90 2.44 5.70 1.00 0.00
0.90 2.44 5.87 1.00 0.00
0.90 2.44 6.05 1.00 0.00
0.90 2.44 6.22 1.00 0.00
0.90 2.44 6.40 1.00 0.00
0.90 2.44 6.57 1.00 0.00
0.90 2.44 6.75 1.00 0.00
0.90 2.44 6.92 1.00 0.00
0.90 2.44 7.09 1.00 0.00
0.90 2.44 7.27 1.00 0.00
0.90 2.44 7.44 1.00 0.00
0.90 2.44 7.62 1.00 0.00
0.90 2.44 7.79 1.00 0.00
1.10 2.44 4.84 1.00 0.00
1.10 2.44 5.02 1.00 0.00
1.10 2.44 5.19 1.00 0.00
1.10 2.44 5.37 1.00 0.00
1.10 2.44 5.54 1.00 0.00
1.10 2.44 5.72 1.00 0.00
1.10 2.44 5.89 1.00 0.00
1.10 2.44 6.07 1.00 0.00
1.10 2.44 6.24 1.00 0.00
1.10 2.44 6.41 1.00 0.00
1.10 2.44 6.59 1.00 0.00
1.10 2.44 6.76 1.00 0.00
1.10 2.44 6.94 1.00 0.00
1.10 2.44 7.11 1.00 0.00
1.10 2.44 7.29 1.00 0.00
1.10 2.44 7.46 1.00 0.00
1.10 2.44 7.64 1.00 0.00
1.10 2.44 7.81 1.00 0.00
0.30 2.62 4.76 1.00 0.00
0.30 2.62 4.93 1.00 0.00
0.30 2.62 5.11 1.00 0.00
0.30 2.62 5.28 1.00 0.00
0.30 2.62 5.46 1.00 0.00
0.30 2.62 5.63 1.00 0.00
0.30 2.62 5.81 1.00 0.00
0.30 2.62 5.98 1.00 0.00
0.30 2.62 6.15 1.00 0.00
0.30 2.62 6.33 1.00 0.00
0.30 2.62 6.50 1.00 0.00
0.30 2.62 6.68 1.00 0.00
0.30 2.62 6.85 1.00 0.00
0.30 2.62 7.03 1.00 0.00
0.30 2.62 7.20 1.00 0.00
0.30 2.62 7.38 1.00 0.00
0.30 2.62 7.55 1.00 0.00
0.30 2.62 7.73 1.00 0.00
0.50 2.62 4.77 1.00 0.00
0.50 2.62 4.95 1.00 0.00
0.50 2.62 5.12 1.00 0.00
0.50 2.62 5.30 1.00 0.00
0.50 2.62 5.47 1.00 0.00
0.50 2.62 5.65 1.00 0.00
0.50 2.62 5.82 1.00 0.00
0.50 2.62 6.00 1.00 0.00
0.50 2.62 6.17 1.00 0.00
0.50 2.62 6.35 1.00 0.00
0.50 2.62 6.52 1.00 0.00
0.50 2.62 6.69 1.00 0.00
0.50 2.62 6.87 1.00 0.00
0.50 2.62 7.04 1.00 0.00
0.50 2.62 7.22 1.00 0.00
0.50 2.62 7.39 1.00 0.00
0.50 2.62 7.57 1.00 0.00
0.50 2.62 7.74 1.00 0.00
0.70 2.62 4.79 1.00 0.00
0.70 2.62 4.96 1.00 0.00
0.70 2.62 5.14 1.00 0.00
0.70 2.62 5.31 1.00 0.00
0.70 2.62 5.49 1.00 0.00
0.70 2.62 5.66 1.00 0.00
0.70 2.62 5.84 1.00 0.00
0.70 2.62 6.01 1.00 0.00
0.70 2.62 6.19 1.00 0.00
0.70 2.62 6.36 1.00 0.00
0.70 2.62 6.53 1.00 0.00
0.70 2.62 6.71 1.00 0.00
0.70 2.62 6.88 1.00 0.00
0.70 2.62 7.06 1.00 0.00
0.70 2.62 7.23 1.00 0.00
0.70 2.62 7.41 1.00 0.00
0.70 2.62 7.58 1.00 0.00
0.70 2.62 7.76 1.00 0.00
0.90 2.62 4.80 1.00 0.00
0.90 2.62 4.98 1.00 0.00
0.90 2.62 5.15 1.00 0.00
0.90 2.62 5.33 1.00 0.00
0.90 2.62 5.50 1.00 0.00
0.90 2.62 5.68 1.00 0.00
0.90 2.62 5.85 1.00 0.00
0.90 2.62 6.02 1.00 0.00
0.90 2.62 6.20 1.00 0.00
0.90 2.62 6.37 1.00 0.00
0.90 2.62 6.55 1.00 0.00
0.90 2.62 6.72 1.00 0.00
0.90 2.62 6.90 1.00 0.00
0.90 2.62 7.07 1.00 0.00
0.90 2.62 7.25 1.00 0.00
0.90 2.62 7.42 1.00 0.00
0.90 2.62 7.60 1.00 0.00
0.90 2.62 7.77 1.00 0.00
1.10 2.62 4.82 1.00 0.00
1.10 2.62 4.99 1.00 0.00
1.10 2.62 5.17 1.00 0.00
1.10 2.62 5.34 1.00 0.00
1.10 2.62 5.51 1.00 0.00
1.10 2.62 5.69 1.00 0.00
1.10 2.62 5.86 1.00 0.00
1.10 2.62 6.04 1.00 0.00
1.10 2.62 6.21 1.00 0.00
1.10 2.62 6.39 1.00 0.00
1.10 2.62 6.56 1.00 0.00
1.10 2.62 6.74 1.00 0.00
1.10 2.62 6.91 1.00 0.00
1.10 2.62 7.09 1.00 0.00
1.10 2.62 7.26 1.00 0.00
1.10 2.62 7.43 1.00 0.00
1.10 2.62 7.61 1.00 0.00
1.10 2.62 7.78 1.00 0.00
0.30 2.79 4.75 1.00 0.00
0.30 2.79 4.92 1.00 0.00
0.30 2.79 5.10 1.00 0.00
0.30 2.79 5.27 1.00 0.00
0.30 2.79 5.45 1.00 0.00
0.30 2.79 5.62 1.00 0.00
0.30 2.79 5.80 1.00 0.00
0.30 2.79 5.97 1.00 0.00
0.30 2.79 6.15 1.00 0.00
0.30 2.79 6.32 1.00 0.00
0.30 2.79 6.50 1.00 0.00
0.30 2.79 6.67 1.00 0.00
0.30 2.79 6.84 1.00 0.00
0.30 2.79 7.02 1.00 0.00
0.30 2.79 7.19 1.00 0.00
0.30 2.79 7.37 1.00 0.00
0.30 2.79 7.54 1.00 0.00
0.30 2.79 7.72 1.00 0.00
0.50 2.79 4.76 1.00 0.00
0.50 2.79 4.93 1.00 0.00
0.50 2.79 5.11 1.00 0.00
0.50 2.79 5.28 1.00 0.00
0.50 2.79 5.46 1.00 0.00
0.50 2.79 5.63 1.00 0.00
0.50 2.79 5.81 1.00 0.00
0.50 2.79 5.98 1.00 0.00
0.50 2.79 6.16 1.00 0.00
0.50 2.79 6.33 1.00 0.00
0.50 2.79 6.51 1.00 0.00
0.50 2.79 6.68 1.00 0.00
0.50 2.79 6.85 1.00 0.00
0.50 2.79 7.03 1.00 0.00
0.50 2.79 7.20 1.00 0.00
0.50 2.79 7.38 1.00 0.00
0.50 2.79 7.55 1.00 0.00
0.50 2.79 7.73 1.00 0.00
0.70 2.79 4.77 1.00 0.00
0.70 2.79 4.94 1.00 0.00
0.70 2.79 5.12 1.00 0.00
0.70 2.79 5.29 1.00 0.00
0.70 2.79 5.47 1.00 0.00
0.70 2.79 5.64 1.00 0.00
0.70 2.79 5.82 1.00 0.00
0.70 2.79 5.99 1.00 0.00
0.70 2.79 6.17 1.00 0.00
0.70 2.79 6.34 1.00 0.00
0.70 2.79 6.52 1.00 0.00
0.70 2.79 6.69 1.00 0.00
0.70 2.79 6.86 1.00 0.00
0.70 2.79 7.04 1.00 0.00
0.70 2.79 7.21 1.00 0.00
0.70 2.79 7.39 1.00 0.00
0.70 2.79 7.56 1.00 0.00
0.70 2.79 7.74 1.00 0.00
0.90 2.79 4.78 1.00 0.00
0.90 2.79 4.95 1.00 0.00
0.90 2.79 5.13 1.00 0.00
0.90 2.79 5.30 1.00 0.00
0.90 2.79 5.48 1.00 0.00
0.90 2.79 5.65 1.00 0.00
0.90 2.79 5.83 1.00 0.00
0.90 2.79 6.00 1.00 0.00
0.90 2.79 6.18 1.00 0.00
0.90 2.79 6.35 1.00 0.00
0.90 2.79 6.52 1.00 0.00
0.90 2.79 6.70 1.00 0.00
0.90 2.79 6.87 1.00 0.00
0.90 2.79 7.05 1.00 0.00
0.90 2.79 7.22 1.00 0.00
0.90 2.79 7.40 1.00 0.00
0.90 2.79 7.57 1.00 0.00
0.90 2.79 7.75 1.00 0.00
1.10 2.79 4.79 1.00 0.00
1.10 2.79 4.96 1.00 0.00
1.10 2.79 5.14 1.00 0.00
1.10 2.79 5.31 1.00 0.00
1.10 2.79 5.49 1.00 0.00
1.10 2.79 5.66 1.00 0.00
1.10 2.79 5.84 1.00 0.00
1.10 2.79 6.01 1.00 0.00
1.10 2.79 6.18 1.00 0.00
1.10 2.79 6.36 1.00 0.00
1.10 2.79 6.53 1.00 0.00
1.10 2.79 6.71 1.00 0.00
1.10 2.79 6.88 1.00 0.00
1.10 2.79 7.06 1.00 0.00
1.10 2.79 7.23 1.00 0.00
1.10 2.79 7.41 1.00 0.00
1.10 2.79 7.58 1.00 0.00
1.10 2.79 7.76 1.00 0.00
0.30 2.97 4.74 1.00 0.00
0.30 2.97 4.92 1.00 0.00
0.30 2.97 5.09 1.00 0.00
0.30 2.97 5.26 1.00 0.00
0.30 2.97 5.44 1.00 0.00
0.30 2.97 5.61 1.00 0.00
0.30 2.97 5.79 1.00 0.00
0.30 2.97 5.96 1.00 0.00
0.30 2.97 6.14 1.00 0.00
0.30 2.97 6.31 1.00 0.00
0.30 2.97 6.49 1.00 0.00
0.30 2.97 6.66 1.00 0.00
0.30 2.97 6.84 1.00 0.00
0.30 2.97 7.01 1.00 0.00
0.30 2.97 7.18 1.00 0.00
0.30 2.97 7.36 1.00 0.00
0.30 2.97 7.53 1.00 0.00
0.30 2.97 7.71 1.00 0.00
0.50 2.97 4.75 1.00 0.00
0.50 2.97 4.92 1.00 0.00
0.50 2.97 5.09 1.00 0.00
0.50 2.97 5.27 1.00 0.00
0.50 2.97 5.44 1.00 0.00
0.50 2.97 5.62 1.00 0.00
0.50 2.97 5.79 1.00 0.00
0.50 2.97 5.97 1.00 0.00
0.50 2.97 6.14 1.00 0.00
0.50 2.97 6.32 1.00 0.00
0.50 2.97 6.49 1.00 0.00
0.50 2.97 6.67 1.00 0.00
0.50 2.97 6.84 1.00 0.00
0.50 2.97 7.01 1.00 0.00
0.50 2.97 7.19 1.00 0.00
0.50 2.97 7.36 1.00 0.00
0.50 2.97 7.54 1.00 0.00
0.50 2.97 7.71 1.00 0.00
0.70 2.97 4.75 1.00 0.00
0.70 2.97 4.92 1.00 0.00
0.70 2.97 5.10 1.00 0.00
0.70 2.97 5.27 1.00 0.00
0.70 2.97 5.45 1.00 0.00
0.70 2.97 5.62 1.00 0.00
0.70 2.97 5.80 1.00 0.00
0.70 2.97 5.97 1.00 0.00
0.70 2.97 6.15 1.00 0.00
0.70 2.97 6.32 1.00 0.00
0.70 2.97 6.50 1.00 0.00
0.70 2.97 6.67 1.00 0.00
0.70 2.97 6.84 1.00 0.00
0.70 2.97 7.02 1.00 0.00
0.70 2.97 7.19 1.00 0.00
0.70 2.97 7.37 1.00 0.00
0.70 2.97 7.54 1.00 0.00
0.70 2.97 7.72 1.00 0.00
0.90 2.97 4.75 1.00 0.00
0.90 2.97 4.93 1.00 0.00
0.90 2.97 5.10 1.00 0.00
0.90 2.97 5.28 1.00 0.00
0.90 2.97 5.45 1.00 0.00
0.90 2.97 5.63 1.00 0.00
0.90 2.97 5.80 1.00 0.00
0.90 2.97 5.98 1.00 0.00
0.90 2.97 6.15 1.00 0.00
0.90 2.97 6.33 1.00 0.00
0.90 2.97 6.50 1.00 0.00
0.90 2.97 6.67 1.00 0.00
0.90 2.97 6.85 1.00 0.00
0.90 2.97 7.02 1.00 0.00
0.90 2.97 7.20 1.00 0.00
0.90 2.97 7.37 1.00 0.00
0.90 2.97 7.55 1.00 0.00
0.90 2.97 7.72 1.00 0.00
1.10 2.97 4.76 1.00 0.00
1.10 2.97 4.93 1.00 0.00
1.10 2.97 5.11 1.00 0.00
1.10 2.97 5.28 1.00 0.00
1.10 2.97 5.46 1.00 0.00
1.10 2.97 5.63 1.00 0.00
1.10 2.97 5.81 1.00 0.00
1.10 2.97 5.98 1.00 0.00
1.10 2.97 6.16 1.00 0.00
1.10 2.97 6.33 1.00 0.00
1.10 2.97 6.50 1.00 0.00
1.10 2.97 6.68 1.00 0.00
1.10 2.97 6.85 1.00 0.00
1.10 2.97 7.03 1.00 0.00
1.10 2.97 7.20 1.00 0.00
1.10 2.97 7.38 1.00 0.00
1.10 2.97 7.55 1.00 0.00
1.10 2.97 7.73 1.00 0.00
0.30 3.14 4.73 1.00 0.00
0.30 3.14 4.91 1.00 0.00
0.30 3.14 5.08 1.00 0.00
0.30 3.14 5.26 1.00 0.00
0.30 3.14 5.43 1.00 0.00
0.30 3.14 5.60 1.00 0.00
0.30 3.14 5.78 1.00 0.00
0.30 3.14 5.95 1.00 0.00
0.30 3.14 6.13 1.00 0.00
0.30 3.14 6.30 1.00 0.00
0.30 3.14 6.48 1.00 0.00
0.30 3.14 6.65 1.00 0.00
0.30 3.14 6.83 1.00 0.00
0.30 3.14 7.00 1.00 0.00
0.30 3.14 7.17 1.00 0.00
0.30 3.14 7.35 1.00 0.00
0.30 3.14 7.52 1.00 0.00
0.30 3.14 7.70 1.00 0.00
0.50 3.14 4.73 1.00 0.00
0.50 3.14 4.91 1.00 0.00
0.50 3.14 5.08 1.00 0.00
0.50 3.14 5.25 1.00 0.00
0.50 3.14 5.43 1.00 0.00
0.50 3.14 5.60 1.00 0.00
0.50 3.14 5.78 1.00 0.00
0.50 3.14 5.95 1.00 0.00
0.50 3.14 6.13 1.00 0.00
0.50 3.14 6.30 1.00 0.00
0.50 3.14 6.48 1.00 0.00
0.50 3.14 6.65 1.00 0.00
0.50 3.14 6.83 1.00 0.00
0.50 3.14 7.00 1.00 0.00
0.50 3.14 7.17 1.00 0.00
0.50 3.14 7.35 1.00 0.00
0.50 3.14 7.52 1.00 0.00
0.50 3.14 7.70 1.00 0.00
0.70 3.14 4.73 1.00 0.00
0.70 3.14 4.90 1.00 0.00
0.70 3.14 5.08 1.00 0.00
0.70 3.14 5.25 1.00 0.00
0.70 3.14 5.43 1.00 0.00
0.70 3.14 5.60 1.00 0.00
0.70 3.14 5.78 1.00 0.00
0.70 3.14 5.95 1.00 0.00
0.70 3.14 6.13 1.00 0.00
0.70 3.14 6.30 1.00 0.00
0.70 3.14 6.48 1.00 0.00
0.70 3.14 6.65 1.00 0.00
0.70 3.14 6.82 1.00 0.00
0.70 3.14 7.00 1.00 0.00
0.70 3.14 7.17 1.00 0.00
0.70 3.14 7.35 1.00 0.00
0.70 3.14 7.52 1.00 0.00
0.70 3.14 7.70 1.00 0.00
0.90 3.14 4.73 1.00 0.00
0.90 3.14 4.90 1.00 0.00
0.90 3.14 5.08 1.00 0.00
0.90 3.14 5.25 1.00 0.00
0.90 3.14 5.43 1.00 0.00
0.90 3.14 5.60 1.00 0.00
0.90 3.14 5.78 1.00 0.00
0.90 3.14 5.95 1.00 0.00
0.90 3.14 6.13 1.00 0.00
0.90 3.14 6.30 1.00 0.00
0.90 3.14 6.47 1.00 0.00
0.90 3.14 6.65 1.00 0.00
0.90 3.14 6.82 1.00 0.00
0.90 3.14 7.00 1.00 0.00
0.90 3.14 7.17 1.00 0.00
0.90 3.14 7.35 1.00 0.00
0.90 3.14 7.52 1.00 0.00
0.90 3.14 7.70 1.00 0.00
1.10 3.14 4.73 1.00 0.00
1.10 3.14 4.90 1.00 0.00
1.10 3.14 5.08 1.00 0.00
1.10 3.14 5.25 1.00 0.00
1.10 3.14 5.43 1.00 0.00
1.10 3.14 5.60 1.00 0.00
1.10 3.14 5.78 1.00 0.00
1.10 3.14 5.95 1.00 0.00
1.10 3.14 6.13 1.00 0.00
1.10 3.14 6.30 1.00 0.00
1.10 3.14 6.47 1.00 0.00
1.10 3.14 6.65 1.00 0.00
1.10 3.14 6.82 1.00 0.00
1.10 3.14 7.00 1.00 0.00
1.10 3.14 7.17 1.00 0.00
1.10 3.14 7.35 1.00 0.00
1.10 3.14 7.52 1.00 0.00
1.10 3.14 7.70 1.00 0.00
0.30 3.32 4.72 1.00 0.00
0.30 3.32 4.90 1.00 0.00
0.30 3.32 5.07 1.00 0.00
0.30 3.32 5.25 1.00 0.00
0.30 3.32 5.42 1.00 0.00
0.30 3.32 5.59 1.00 0.00
0.30 3.32 5.77 1.00 0.00
0.30 3.32 5.94 1.00 0.00
0.30 3.32 6.12 1.00 0.00
0.30 3.32 6.29 1.00 0.00
0.30 3.32 6.47 1.00 0.00
0.30 3.32 6.64 1.00 0.00
0.30 3.32 6.82 1.00 0.00
0.30 3.32 6.99 1.00 0.00
0.30 3.32 7.17 1.00 0.00
0.30 3.32 7.34 1.00 0.00
0.30 3.32 7.51 1.00 0.00
0.30 3.32 7.69 1.00 0.00
0.50 3.32 4.72 1.00 0.00
0.50 3.32 4.89 1.00 0.00
0.50 3.32 5.07 1.00 0.00
0.50 3.32 5.24 1.00 0.00
0.50 3.32 5.41 1.00 0.00
0.50 3.32 5.59 1.00 0.00
0.50 3.32 5.76 1.00 0.00
0.50 3.32 5.94 1.00 0.00
0.50 3.32 6.11 1.00 0.00
0.50 3.32 6.29 1.00 0.00
0.50 3.32 6.46 1.00 0.00
0.50 3.32 6.64 1.00 0.00
0.50 3.32 6.81 1.00 0.00
0.50 3.32 6.98 1.00 0.00
0.50 3.32 7.16 1.00 0.00
0.50 3.32 7.33 1.00 0.00
0.50 3.32 7.51 1.00 0.00
0.50 3.32 7.68 1.00 0.00
0.70 3.32 4.71 1.00 0.00
0.70 3.32 4.88 1.00 0.00
0.70 3.32 5.06 1.00 0.00
0.70 3.32 5.23 1.00 0.00
0.70 3.32 5.41 1.00 0.00
0.70 3.32 5.58 1.00 0.00
0.70 3.32 5.76 1.00 0.00
0.70 3.32 5.93 1.00 0.00
0.70 3.32 6.11 1.00 0.00
0.70 3.32 6.28 1.00 0.00
0.70 3.32 6.46 1.00 0.00
0.70 3.32 6.63 1.00 0.00
0.70 3.32 6.80 1.00 0.00
0.70 3.32 6.98 1.00 0.00
0.70 3.32 7.15 1.00 0.00
0.70 3.32 7.33 1.00 0.00
0.70 3.32 7.50 1.00 0.00
0.70 3.32 7.68 1.00 0.00
0.90 3.32 4.70 1.00 0.00
0.90 3.32 4.88 1.00 0.00
0.90 3.32 5.05 1.00 0.00
0.90 3.32 5.23 1.00 0.00
0.90 3.32 5.40 1.00 0.00
0.90 3.32 5.58 1.00 0.00
0.90 3.32 5.75 1.00 0.00
0.90 3.32 5.93 1.00 0.00
0.90 3.32 6.10 1.00 0.00
0.90 3.32 6.28 1.00 0.00
0.90 3.32 6.45 1.00 0.00
0.90 3.32 6.62 1.00 0.00
0.90 3.32 6.80 1.00 0.00
0.90 3.32 6.97 1.00 0.00
0.90 3.32 7.15 1.00 0.00
0.90 3.32 7.32 1.00 0.00
0.90 3.32 7.50 1.00 0.00
0.90 3.32 7.67 1.00 0.00
1.10 3.32 4.70 1.00 0.00
1.10 3.32 4.87 1.00 0.00
1.10 3.32 5.05 1.00 0.00
1.10 3.32 5.22 1.00 0.00
1.10 3.32 5.40 1.00 0.00
1.10 3.32 5.57 1.00 0.00
1.10 3.32 5.75 1.00 0.00
1.10 3.32 5.92 1.00 0.00
1.10 3.32 6.10 1.00 0.00
1.10 3.32 6.27 1.00 0.00
1.10 3.32 6.44 1.00 0.00
1.10 3.32 6.62 1.00 0.00
1.10 3.32 6.79 1.00 0.00
1.10 3.32 6.97 1.00 0.00
1.10 3.32 7.14 1.00 0.00
1.10 3.32 7.32 1.00 0.00
1.10 3.32 7.49 1.00 0.00
1.10 3.32 7.67 1.00 0.00
0.30 3.49 4.71 1.00 0.00
0.30 3.49 4.89 1.00 0.00
0.30 3.49 5.06 1.00 0.00
0.30 3.49 5.24 1.00 0.00
0.30 3.49 5.41 1.00 0.00
0.30 3.49 5.59 1.00 0.00
0.30 3.49 5.76 1.00 0.00
0.30 3.49 5.94 1.00 0.00
0.30 3.49 6.11 1.00 0.00
0.30 3.49 6.28 1.00 0.00
0.30 3.49 6.46 1.00 0.00
0.30 3.49 6.63 1.00 0.00
0.30 3.49 6.81 1.00 0.00
0.30 3.49 6.98 1.00 0.00
0.30 3.49 7.16 1.00 0.00
0.30 3.49 7.33 1.00 0.00
0.30 3.49 7.51 1.00 0.00
0.30 3.49 7.68 1.00 0.00
0.50 3.49 4.70 1.00 0.00
0.50 3.49 4.88 1.00 0.00
0.50 3.49 5.05 1.00 0.00
0.50 3.49 5.23 1.00 0.00
0.50 3.49 5.40 1.00 0.00
0.50 3.49 5.57 1.00 0.00
0.50 3.49 5.75 1.00 0.00
0.50 3.49 5.92 1.00 0.00
0.50 3.49 6.10 1.00 0.00
0.50 3.49 6.27 1.00 0.00
0.50 3.49 6.45 1.00 0.00
0.50 3.49 6.62 1.00 0.00
0.50 3.49 6.80 1.00 0.00
0.50 3.49 6.97 1.00 0.00
0.50 3.49 7.14 1.00 0.00
0.50 3.49 7.32 1.00 0.00
0.50 3.49 7.49 1.00 0.00
0.50 3.49 7.67 1.00 0.00
0.70 3.49 4.69 1.00 0.00
0.70 3.49 4.87 1.00 0.00
0.70 3.49 5.04 1.00 0.00
0.70 3.49 5.21 1.00 0.00
0.70 3.49 5.39 1.00 0.00
0.70 3.49 5.56 1.00 0.00
0.70 3.49 5.74 1.00 0.00
0.70 3.49 5.91 1.00 0.00
0.70 3.49 6.09 1.00 0.00
0.70 3.49 6.26 1.00 0.00
0.70 3.49 6.44 1.00 0.00
0.70 3.49 6.61 1.00 0.00
0.70 3.49 6.78 1.00 0.00
0.70 3.49 6.96 1.00 0.00
0.70 3.49 7.13 1.00 0.00
0.70 3.49 7.31 1.00 0.00
0.70 3.49 7.48 1.00 0.00
0.70 3.49 7.66 1.00 0.00
0.90 3.49 4.68 1.00 0.00
0.90 3.49 4.85 1.00 0.00
0.90 3.49 5.03 1.00 0.00
0.90 3.49 5.20 1.00 0.00
0.90 3.49 5.38 1.00 0.00
0.90 3.49 5.55 1.00 0.00
0.90 3.49 5.73 1.00 0.00
0.90 3.49 5.90 1.00 0.00
0.90 3.49 6.08 1.00 0.00
0.90 3.49 6.25 1.00 0.00
0.90 3.49 6.43 1.00 0.00
0.90 3.49 6.60 1.00 0.00
0.90 3.49 6.77 1.00 0.00
0.90 3.49 6.95 1.00 0.00
0.90 3.49 7.12 1.00 0.00
0.90 3.49 7.30 1.00 0.00
0.90 3.49 7.47 1.00 0.00
0.90 3.49 7.65 1.00 0.00
1.10 3.49 4.67 1.00 0.00
1.10 3.49 4.84 1.00 0.00
1.10 3.49 5.02 1.00 0.00
1.10 3.49 5.19 1.00 0.00
1.10 3.49 5.37 1.00 0.00
1.10 3.49 5.54 1.00 0.00
1.10 3.49 5.72 1.00 0.00
1.10 3.49 5.89 1.00 0.00
1.10 3.49 6.07 1.00 0.00
1.10 3.49 6.24 1.00 0.00
1.10 3.49 6.42 1.00 0.00
1.10 3.49 6.59 1.00 0.00
1.10 3.49 6.76 1.00 0.00
1.10 3.49 6.94 1.00 0.00
1.10 3.49 7.11 1.00 0.00
1.10 3.49 7.29 1.00 0.00
1.10 3.49 7.46 1.00 0.00
1.10 3.49 7.64 1.00 0.00
0.30 3.67 4.70 1.00 0.00
0.30 3.67 4.88 1.00 0.00
0.30 3.67 5.05 1.00 0.00
0.30 3.67 5.23 1.00 0.00
0.30 3.67 5.40 1.00 0.00
0.30 3.67 5.58 1.00 0.00
0.30 3.67 5.75 1.00 0.00
0.30 3.67 5.93 1.00 0.00
0.30 3.67 6.10 1.00 0.00
0.30 3.67 6.28 1.00 0.00
0.30 3.67 6.45 1.00 0.00
0.30 3.67 6.62 1.00 0.00
0.30 3.67 6.80 1.00 0.00
0.30 3.67 6.97 1.00 0.00
0.30 3.67 7.15 1.00 0.00
0.30 3.67 7.32 1.00 0.00
0.30 3.67 7.50 1.00 0.00
0.30 3.67 7.67 1.00 0.00
0.50 3.67 4.69 1.00 0.00
0.50 3.67 4.86 1.00 0.00
0.50 3.67 5.04 1.00 0.00
0.50 3.67 5.21 1.00 0.00
0.50 3.67 5.39 1.00 0.00
0.50 3.67 5.56 1.00 0.00
0.50 3.67 5.73 1.00 0.00
0.50 3.67 5.91 1.00 0.00
0.50 3.67 6.08 1.00 0.00
0.50 3.67 6.26 1.00 0.00
0.50 3.67 6.43 1.00 0.00
0.50 3.67 6.61 1.00 0.00
0.50 3.67 6.78 1.00 0.00
0.50 3.67 6.96 1.00 0.00
0.50 3.67 7.13 1.00 0.00
0.50 3.67 7.31 1.00 0.00
0.50 3.67 7.48 1.00 0.00
0.50 3.67 7.65 1.00 0.00
0.70 3.67 4.67 1.00 0.00
0.70 3.67 4.85 1.00 0.00
0.70 3.67 5.02 1.00 0.00
0.70 3.67 5.20 1.00 0.00
0.70 3.67 5.37 1.00 0.00
0.70 3.67 5.54 1.00 0.00
0.70 3.67 5.72 1.00 0.00
0.70 3.67 5.89 1.00 0.00
0.70 3.67 6.07 1.00 0.00
0.70 3.67 6.24 1.00 0.00
0.70 3.67 6.42 1.00 0.00
0.70 3.67 6.59 1.00 0.00
0.70 3.67 6.77 1.00 0.00
0.70 3.67 6.94 1.00 0.00
0.70 3.67 7.12 1.00 0.00
0.70 3.67 7.29 1.00 0.00
0.70 3.67 7.46 1.00 0.00
0.70 3.67 7.64 1.00 0.00
0.90 3.67 4.66 1.00 0.00
0.90 3.67 4.83 1.00 0.00
0.90 3.67 5.01 1.00 0.00
0.90 3.67 5.18 1.00 0.00
0.90 3.67 5.35 1.00 0.00
0.90 3.67 5.53 1.00 0.00
0.90 3.67 5.70 1.00 0.00
0.90 3.67 5.88 1.00 0.00
0.90 3.67 6.05 1.00 0.00
0.90 3.67 6.23 1.00 0.00
0.90 3.67 6.40 1.00 0.00
0.90 3.67 6.58 1.00 0.00
0.90 3.67 6.75 1.00 0.00
0.90 3.67 6.93 1.00 0.00
0.90 3.67 7.10 1.00 0.00
0.90 3.67 7.27 1.00 0.00
0.90 3.67 7.45 1.00 0.00
0.90 3.67 7.62 1.00 0.00
1.10 3.67 4.64 1.00 0.00
1.10 3.67 4.82 1.00 0.00
1.10 3.67 4.99 1.00 0.00
1.10 3.67 5.17 1.00 0.00
1.10 3.67 5.34 1.00 0.00
1.10 3.67 5.51 1.00 0.00
1.10 3.67 5.69 1.00 0.00
1.10 3.67 5.86 1.00 0.00
1.10 3.67 6.04 1.00 0.00
1.10 3.67 6.21 1.00 0.00
1.10 3.67 6.39 1.00 0.00
1.10 3.67 6.56 1.00 0.00
1.10 3.67 6.74 1.00 0.00
1.10 3.67 6.91 1.00 0.00
1.10 3.67 7.09 1.00 0.00
1.10 3.67 7.26 1.00 0.00
1.10 3.67 7.43 1.00 0.00
1.10 3.67 7.61 1.00 0.00
0.30 3.84 4.70 1.00 0.00
0.30 3.84 4.87 1.00 0.00
0.30 3.84 5.05 1.00 0.00
0.30 3.84 5.22 1.00 0.00
0.30 3.84 5.40 1.00 0.00
0.30 3.84 5.57 1.00 0.00
0.30 3.84 5.74 1.00 0.00
0.30 3.84 5.92 1.00 0.00
0.30 3.84 6.09 1.00 0.00
0.30 3.84 6.27 1.00 0.00
0.30 3.84 6.44 1.00 0.00
0.30 3.84 6.62 1.00 0.00
0.30 3.84 6.79 1.00 0.00
0.30 3.84 6.97 1.00 0.00
0.30 3.84 7.14 1.00 0.00
0.30 3.84 7.32 1.00 0.00
0.30 3.84 7.49 1.00 0.00
0.30 3.84 7.66 1.00 0.00
0.50 3.84 4.68 1.00 0.00
0.50 3.84 4.85 1.00 0.00
0.50 3.84 5.02 1.00 0.00
0.50 3.84 5.20 1.00 0.00
0.50 3.84 5.37 1.00 0.00
0.50 3.84 5.55 1.00 0.00
0.50 3.84 5.72 1.00 0.00
0.50 3.84 5.90 1.00 0.00
0.50 3.84 6.07 1.00 0.00
0.50 3.84 6.25 1.00 0.00
0.50 3.84 6.42 1.00 0.00
0.50 3.84 6.59 1.00 0.00
0.50 3.84 6.77 1.00 0.00
0.50 3.84 6.94 1.00 0.00
0.50 3.84 7.12 1.00 0.00
0.50 3.84 7.29 1.00 0.00
0.50 3.84 7.47 1.00 0.00
0.50 3.84 7.64 1.00 0.00
0.70 3.84 4.65 1.00 0.00
0.70 3.84 4.83 1.00 0.00
0.70 3.84 5.00 1.00 0.00
0.70 3.84 5.18 1.00 0.00
0.70 3.84 5.35 1.00 0.00
0.70 3.84 5.53 1.00 0.00
0.70 3.84 5.70 1.00 0.00
0.70 3.84 5.88 1.00 0.00
0.70 3.84 6.05 1.00 0.00
0.70 3.84 6.23 1.00 0.00
0.70 3.84 6.40 1.00 0.00
0.70 3.84 6.57 1.00 0.00
0.70 3.84 6.75 1.00 0.00
0.70 3.84 6.92 1.00 0.00
0.70 3.84 7.10 1.00 0.00
0.70 3.84 7.27 1.00 0.00
0.70 3.84 7.45 1.00 0.00
0.70 3.84 7.62 1.00 0.00
0.90 3.84 4.63 1.00 0.00
0.90 3.84 4.81 1.00 0.00
0.90 3.84 4.98 1.00 0.00
0.90 3.84 5.16 1.00 0.00
0.90 3.84 5.33 1.00 0.00
0.90 3.84 5.51 1.00 0.00
0.90 3.84 5.68 1.00 0.00
0.90 3.84 5.86 1.00 0.00
0.90 3.84 6.03 1.00 0.00
0.90 3.84 6.21 1.00 0.00
0.90 3.84 6.38 1.00 0.00
0.90 3.84 6.55 1.00 0.00
0.90 3.84 6.73 1.00 0.00
0.90 3.84 6.90 1.00 0.00
0.90 3.84 7.08 1.00 0.00
0.90 3.84 7.25 1.00 0.00
0.90 3.84 7.43 1.00 0.00
0.90 3.84 7.60 1.00 0.00
1.10 3.84 4.62 1.00 0.00
1.10 3.84 4.79 1.00 0.00
1.10 3.84 4.96 1.00 0.00
1.10 3.84 5.14 1.00 0.00
1.10 3.84 5.31 1.00 0.00
1.10 3.84 5.49 1.00 0.00
1.10 3.84 5.66 1.00 0.00
1.10 3.84 5.84 1.00 0.00
1.10 3.84 6.01 1.00 0.00
1.10 3.84 6.19 1.00 0.00
1.10 3.84 6.36 1.00 0.00
1.10 3.84 6.54 1.00 0.00
1.10 3.84 6.71 1.00 0.00
1.10 3.84 6.88 1.00 0.00
1.10 3.84 7.06 1.00 0.00
1.10 3.84 7.23 1.00 0.00
1.10 3.84 7.41 1.00 0.00
1.10 3.84 7.58 1.00 0.00
0.30 4.01 4.69 1.00 0.00
0.30 4.01 4.86 1.00 0.00
0.30 4.01 5.04 1.00 0.00
0.30 4.01 5.21 1.00 0.00
0.30 4.01 5.39 1.00 0.00
0.30 4.01 5.56 1.00 0.00
0.30 4.01 5.74 1.00 0.00
0.30 4.01 5.91 1.00 0.00
0.30 4.01 6.09 1.00 0.00
0.30 4.01 6.26 1.00 0.00
0.30 4.01 6.44 1.00 0.00
0.30 4.01 6.61 1.00 0.00
0.30 4.01 6.78 1.00 0.00
0.30 4.01 6.96 1.00 0.00
0.30 4.01 7.13 1.00 0.00
0.30 4.01 7.31 1.00 0.00
0.30 4.01 7.48 1.00 0.00
0.30 4.01 7.66 1.00 0.00
0.50 4.01 4.66 1.00 0.00
0.50 4.01 4.84 1.00 0.00
0.50 4.01 5.01 1.00 0.00
0.50 4.01 5.19 1.00 0.00
0.50 4.01 5.36 1.00 0.00
0.50 4.01 5.54 1.00 0.00
0.50 4.01 5.71 1.00 0.00
0.50 4.01 5.89 1.00 0.00
0.50 4.01 6.06 1.00 0.00
0.50 4.01 6.23 1.00 0.00
0.50 4.01 6.41 1.00 0.00
0.50 4.01 6.58 1.00 0.00
0.50 4.01 6.76 1.00 0.00
0.50 4.01 6.93 1.00 0.00
0.50 4.01 7.11 1.00 0.00
0.50 4.01 7.28 1.00 0.00
0.50 4.01 7.46 1.00 0.00
0.50 4.01 7.63 1.00 0.00
0.70 4.01 4.64 1.00 0.00
0.70 4.01 4.81 1.00 0.00
0.70 4.01 4.99 1.00 0.00
0.70 4.01 5.16 1.00 0.00
0.70 4.01 5.34 1.00 0.00
0.70 4.01 5.51 1.00 0.00
0.70 4.01 5.69 1.00 0.00
0.70 4.01 5.86 1.00 0.00
0.70 4.01 6.03 1.00 0.00
0.70 4.01 6.21 1.00 0.00
0.70 4.01 6.38 1.00 0.00
0.70 4.01 6.56 1.00 0.00
0.70 4.01 6.73 1.00 0.00
0.70 4.01 6.91 1.00 0.00
0.70 4.01 7.08 1.00 0.00
0.70 4.01 7.26 1.00 0.00
0.70 4.01 7.43 1.00 0.00
0.70 4.01 7.61 1.00 0.00
0.90 4.01 4.61 1.00 0.00
0.90 4.01 4.79 1.00 0.00
0.90 4.01 4.96 1.00 0.00
0.90 4.01 5.14 1.00 0.00
0.90 4.01 5.31 1.00 0.00
0.90 4.01 5.49 1.00 0.00
0.90 4.01 5.66 1.00 0.00
0.90 4.01 5.84 1.00 0.00
0.90 4.01 6.01 1.00 0.00
0.90 4.01 6.19 1.00 0.00
0.90 4.01 6.36 1.00 0.00
0.90 4.01 6.53 1.00 0.00
0.90 4.01 6.71 1.00 0.00
0.90 4.01 6.88 1.00 0.00
0.90 4.01 7.06 1.00 0.00
0.90 4.01 7.23 1.00 0.00
0.90 4.01 7.41 1.00 0.00
0.90 4.01 7.58 1.00 0.00
1.10 4.01 4.59 1.00 0.00
1.10 4.01 4.77 1.00 0.00
1.10 4.01 4.94 1.00 0.00
1.10 4.01 5.12 1.00 0.00
1.10 4.01 5.29 1.00 0.00
1.10 4.01 5.46 1.00 0.00
1.10 4.01 5.64 1.00 0.00
1.10 4.01 5.81 1.00 0.00
1.10 4.01 5.99 1.00 0.00
1.10 4.01 6.16 1.00 0.00
1.10 4.01 6.34 1.00 0.00
1.10 4.01 6.51 1.00 0.00
1.10 4.01 6.69 1.00 0.00
1.10 4.01 6.86 1.00 0.00
1.10 4.01 7.04 1.00 0.00
1.10 4.01 7.21 1.00 0.00
1.10 4.01 7.38 1.00 0.00
1.10 4.01 7.56 1.00 0.00
0.30 4.19 4.68 1.00 0.00
0.30 4.19 4.86 1.00 0.00
0.30 4.19 5.03 1.00 0.00
0.30 4.19 5.21 1.00 0.00
0.30 4.19 5.38 1.00 0.00
0.30 4.19 5.56 1.00 0.00
0.30 4.19 5.73 1.00 0.00
0.30 4.19 5.91 1.00 0.00
0.30 4.19 6.08 1.00 0.00
0.30 4.19 6.26 1.00 0.00
0.30 4.19 6.43 1.00 0.00
0.30 4.19 6.60 1.00 0.00
0.30 4.19 6.78 1.00 0.00
0.30 4.19 6.95 1.00 0.00
0.30 4.19 7.13 1.00 0.00
0.30 4.19 7.30 1.00 0.00
0.30 4.19 7.48 1.00 0.00
0.30 4.19 7.65 1.00 0.00
0.50 4.19 4.65 1.00 0.00
0.50 4.19 4.83 1.00 0.00
0.50 4.19 5.00 1.00 0.00
0.50 4.19 5.18 1.00 0.00
0.50 4.19 5.35 1.00 0.00
0.50 4.19 5.53 1.00 0.00
0.50 4.19 5.70 1.00 0.00
0.50 4.19 5.88 1.00 0.00
0.50 4.19 6.05 1.00 0.00
0.50 4.19 6.23 1.00 0.00
0.50 4.19 6.40 1.00 0.00
0.50 4.19 6.57 1.00 0.00
0.50 4.19 6.75 1.00 0.00
0.50 4.19 6.92 1.00 0.00
0.50 4.19 7.10 1.00 0.00
0.50 4.19 7.27 1.00 0.00
0.50 4.19 7.45 1.00 0.00
0.50 4.19 7.62 1.00 0.00
0.70 4.19 4.63 1.00 0.00
0.70 4.19 4.80 1.00 0.00
0.70 4.19 4.97 1.00 0.00
0.70 4.19 5.15 1.00 0.00
0.70 4.19 5.32 1.00 0.00
0.70 4.19 5.50 1.00 0.00
0.70 4.19 5.67 1.00 0.00
0.70 4.19 5.85 1.00 0.00
0.70 4.19 6.02 1.00 0.00
0.70 4.19 6.20 1.00 0.00
0.70 4.19 6.37 1.00 0.00
0.70 4.19 6.54 1.00 0.00
0.70 4.19 6.72 1.00 0.00
0.70 4.19 6.89 1.00 0.00
0.70 4.19 7.07 1.00 0.00
0.70 4.19 7.24 1.00 0.00
0.70 4.19 7.42 1.00 0.00
0.70 4.19 7.59 1.00 0.00
0.90 4.19 4.60 1.00 0.00
0.90 4.19 4.77 1.00 0.00
0.90 4.19 4.95 1.00 0.00
0.90 4.19 5.12 1.00 0.00
0.90 4.19 5.30 1.00 0.00
0.90 4.19 5.47 1.00 0.00
0.90 4.19 5.64 1.00 0.00
0.90 4.19 5.82 1.00 0.00
0.90 4.19 5.99 1.00 0.00
0.90 4.19 6.17 1.00 0.00
0.90 4.19 6.34 1.00 0.00
0.90 4.19 6.52 1.00 0.00
0.90 4.19 6.69 1.00 0.00
0.90 4.19 6.87 1.00 0.00
0.90 4.19 7.04 1.00 0.00
0.90 4.19 7.22 1.00 0.00
0.90 4.19 7.39 1.00 0.00
0.90 4.19 7.56 1.00 0.00
1.10 4.19 4.57 1.00 0.00
1.10 4.19 4.74 1.00 0.00
1.10 4.19 4.92 1.00 0.00
1.10 4.19 5.09 1.00 0.00
1.10 4.19 5.27 1.00 0.00
1.10 4.19 5.44 1.00 0.00
1.10 4.19 5.62 1.00 0.00
1.10 4.19 5.79 1.00 0.00
1.10 4.19 5.97 1.00 0.00
1.10 4.19 6.14 1.00 0.00
1.10 4.19 6.32 1.00 0.00
1.10 4.19 6.49 1.00 0.00
1.10 4.19 6.66 1.00 0.00
1.10 4.19 6.84 1.00 0.00
1.10 4.19 7.01 1.00 0.00
1.10 4.19 7.19 1.00 0.00
1.10 4.19 7.36 1.00 0.00
1.10 4.19 7.54 1.00 0.00
0.30 4.36 4.68 1.00 0.00
0.30 4.36 4.85 1.00 0.00
0.30 4.36 5.03 1.00 0.00
0.30 4.36 5.20 1.00 0.00
0.30 4.36 5.38 1.00 0.00
0.30 4.36 5.55 1.00 0.00
0.30 4.36 5.73 1.00 0.00
0.30 4.36 5.90 1.00 0.00
0.30 4.36 6.08 1.00 0.00
0.30 4.36 6.25 1.00 0.00
0.30 4.36 6.43 1.00 0.00
0.30 4.36 6.60 1.00 0.00
0.30 4.36 6.77 1.00 0.00
0.30 4.36 6.95 1.00 0.00
0.30 4.36 7.12 1.00 0.00
0.30 4.36 7.30 1.00 0.00
0.30 4.36 7.47 1.00 0.00
0.30 4.36 7.65 1.00 0.00
0.50 4.36 4.65 1.00 0.00
0.50 4.36 4.82 1.00 0.00
0.50 4.36 5.00 1.00 0.00
0.50 4.36 5.17 1.00 0.00
0.50 4.36 5.34 1.00 0.00
0.50 4.36 5.52 1.00 0.00
0.50 4.36 5.69 1.00 0.00
0.50 4.36 5.87 1.00 0.00
0.50 4.36 6.04 1.00 0.00
0.50 4.36 6.22 1.00 0.00
0.50 4.36 6.39 1.00 0.00
0.50 4.36 6.57 1.00 0.00
0.50 4.36 6.74 1.00 0.00
0.50 4.36 6.92 1.00 0.00
0.50 4.36 7.09 1.00 0.00
0.50 4.36 7.26 1.00 0.00
0.50 4.36 7.44 1.00 0.00
0.50 4.36 7.61 1.00 0.00
0.70 4.36 4.61 1.00 0.00
0.70 4.36 4.79 1.00 0.00
0.70 4.36 4.96 1.00 0.00
0.70 4.36 5.14 1.00 0.00
0.70 4.36 5.31 1.00 0.00
0.70 4.36 5.49 1.00 0.00
0.70 4.36 5.66 1.00 0.00
0.70 4.36 5.84 1.00 0.00
0.70 4.36 6.01 1.00 0.00
0.70 4.36 6.19 1.00 0.00
0.70 4.36 6.36 1.00 0.00
0.70 4.36 6.53 1.00 0.00
0.70 4.36 6.71 1.00 0.00
0.70 4.36 6.88 1.00 0.00
0.70 4.36 7.06 1.00 0.00
0.70 4.36 7.23 1.00 0.00
0.70 4.36 7.41 1.00 0.00
0.70 4.36 7.58 1.00 0.00
0.90 4.36 4.58 1.00 0.00
0.90 4.36 4.76 1.00 0.00
0.90 4.36 4.93 1.00 0.00
0.90 4.36 5.11 1.00 0.00
0.90 4.36 5.28 1.00 0.00
0.90 4.36 5.46 1.00 0.00
0.90 4.36 5.63 1.00 0.00
0.90 4.36 5.80 1.00 0.00
0.90 4.36 5.98 1.00 0.00
0.90 4.36 6.15 1.00 0.00
0.90 4.36 6.33 1.00 0.00
0.90 4.36 6.50 1.00 0.00
0.90 4.36 6.68 1.00 0.00
0.90 4.36 6.85 1.00 0.00
0.90 4.36 7.03 1.00 0.00
0.90 4.36 7.20 1.00 0.00
0.90 4.36 7.38 1.00 0.00
0.90 4.36 7.55 1.00 0.00
1.10 4.36 4.55 1.00 0.00
1.10 4.36 4.73 1.00 0.00
1.10 4.36 4.90 1.00 0.00
1.10 4.36 5.08 1.00 0.00
1.10 4.36 5.25 1.00 0.00
1.10 4.36 5.42 1.00 0.00
1.10 4.36 5.60 1.00 0.00
1.10 4.36 5.77 1.00 0.00
1.10 4.36 5.95 1.00 0.00
1.10 4.36 6.12 1.00 0.00
1.10 4.36 6.30 1.00 0.00
1.10 4.36 6.47 1.00 0.00
1.10 4.36 6.65 1.00 0.00
1.10 4.36 6.82 1.00 0.00
1.10 4.36 7.00 1.00 0.00
1.10 4.36 7.17 1.00 0.00
1.10 4.36 7.34 1.00 0.00
1.10 4.36 7.52 1.00 0.00
0.30 4.54 4.68 1.00 0.00
0.30 4.54 4.85 1.00 0.00
0.30 4.54 5.03 1.00 0.00
0.30 4.54 5.20 1.00 0.00
0.30 4.54 5.38 1.00 0.00
0.30 4.54 5.55 1.00 0.00
0.30 4.54 5.72 1.00 0.00
0.30 4.54 5.90 1.00 0.00
0.30 4.54 6.07 1.00 0.00
0.30 4.54 6.25 1.00 0.00
0.30 4.54 6.42 1.00 0.00
0.30 4.54 6.60 1.00 0.00
0.30 4.54 6.77 1.00 0.00
0.30 4.54 6.95 1.00 0.00
0.30 4.54 7.12 1.00 0.00
0.30 4.54 7.30 1.00 0.00
0.30 4.54 7.47 1.00 0.00
0.30 4.54 7.64 1.00 0.00
0.50 4.54 4.64 1.00 0.00
0.50 4.54 4.82 1.00 0.00
0.50 4.54 4.99 1.00 0.00
0.50 4.54 5.17 1.00 0.00
0.50 4.54 5.34 1.00 0.00
0.50 4.54 5.51 1.00 0.00
0.50 4.54 5.69 1.00 0.00
0.50 4.54 5.86 1.00 0.00
0.50 4.54 6.04 1.00 0.00
0.50 4.54 6.21 1.00 0.00
0.50 4.54 6.39 1.00 0.00
0.50 4.54 6.56 1.00 0.00
0.50 4.54 6.74 1.00 0.00
0.50 4.54 6.91 1.00 0.00
0.50 4.54 7.09 1.00 0.00
0.50 4.54 7.26 1.00 0.00
0.50 4.54 7.43 1.00 0.00
0.50 4.54 7.61 1.00 0.00
0.70 4.54 4.61 1.00 0.00
0.70 4.54 4.78 1.00 0.00
0.70 4.54 4.96 1.00 0.00
0.70 4.54 5.13 1.00 0.00
0.70 4.54 5.30 1.00 0.00
0.70 4.54 5.48 1.00 0.00
0.70 4.54 5.65 1.00 0.00
0.70 4.54 5.83 1.00 0.00
0.70 4.54 6.00 1.00 0.00
0.70 4.54 6.18 1.00 0.00
0.70 4.54 6.35 1.00 0.00
0.70 4.54 6.53 1.00 0.00
0.70 4.54 6.70 1.00 0.00
0.70 4.54 6.88 1.00 0.00
0.70 4.54 7.05 1.00 0.00
0.70 4.54 7.22 1.00 0.00
0.70 4.54 7.40 1.00 0.00
0.70 4.54 7.57 1.00 0.00
0.90 4.54 4.57 1.00 0.00
0.90 4.54 4.75 1.00 0.00
0.90 4.54 4.92 1.00 0.00
0.90 4.54 5.10 1.00 0.00
0.90 4.54 5.27 1.00 0.00
0.90 4.54 5.44 1.00 0.00
0.90 4.54 5.62 1.00 0.00
0.90 4.54 5.79 1.00 0.00
0.90 4.54 5.97 1.00 0.00
0.90 4.54 6.14 1.00 0.00
0.90 4.54 6.32 1.00 0.00
0.90 4.54 6.49 1.00 0.00
0.90 4.54 6.67 1.00 0.00
0.90 4.54 6.84 1.00 0.00
0.90 4.54 7.02 1.00 0.00
0.90 4.54 7.19 1.00 0.00
0.90 4.54 7.36 1.00 0.00
0.90 4.54 7.54 1.00 0.00
1.10 4.54 4.54 1.00 0.00
1.10 4.54 4.71 1.00 0.00
1.10 4.54 4.89 1.00 0.00
1.10 4.54 5.06 1.00 0.00
1.10 4.54 5.24 1.00 0.00
1.10 4.54 5.41 1.00 0.00
1.10 4.54 5.59 1.00 0.00
1.10 4.54 5.76 1.00 0.00
1.10 4.54 5.93 1.00 0.00
1.10 4.54 6.11 1.00 0.00
1.10 4.54 6.28 1.00 0.00
1.10 4.54 6.46 1.00 0.00
1.10 4.54 6.63 1.00 0.00
1.10 4.54 6.81 1.00 0.00
1.10 4.54 6.98 1.00 0.00
1.10 4.54 7.16 1.00 0.00
1.10 4.54 7.33 1.00 0.00
1.10 4.54 7.51 1.00 0.00
0.30 4.71 4.68 1.00 0.00
0.30 4.71 4.85 1.00 0.00
0.30 4.71 5.03 1.00 0.00
0.30 4.71 5.20 1.00 0.00
0.30 4.71 5.37 1.00 0.00
0.30 4.71 5.55 1.00 0.00
0.30 4.71 5.72 1.00 0.00
0.30 4.71 5.90 1.00 0.00
0.30 4.71 6.07 1.00 0.00
0.30 4.71 6.25 1.00 0.00
0.30 4.71 6.42 1.00 0.00
0.30 4.71 6.60 1.00 0.00
0.30 4.71 6.77 1.00 0.00
0.30 4.71 6.95 1.00 0.00
0.30 4.71 7.12 1.00 0.00
0.30 4.71 7.29 1.00 0.00
0.30 4.71 7.47 1.00 0.00
0.30 4.71 7.64 1.00 0.00
0.50 4.71 4.64 1.00 0.00
0.50 4.71 4.81 1.00 0.00
0.50 4.71 4.99 1.00 0.00
0.50 4.71 5.16 1.00 0.00
0.50 4.71 5.34 1.00 0.00
0.50 4.71 5.51 1.00 0.00
0.50 4.71 5.69 1.00 0.00
0.50 4.71 5.86 1.00 0.00
0.50 4.71 6.04 1.00 0.00
0.50 4.71 6.21 1.00 0.00
0.50 4.71 6.38 1.00 0.00
0.50 4.71 6.56 1.00 0.00
0.50 4.71 6.73 1.00 0.00
0.50 4.71 6.91 1.00 0.00
0.50 4.71 7.08 1.00 0.00
0.50 4.71 7.26 1.00 0.00
0.50 4.71 7.43 1.00 0.00
0.50 4.71 7.61 1.00 0.00
0.70 4.71 4.60 1.00 0.00
0.70 4.71 4.78 1.00 0.00
0.70 4.71 4.95 1.00 0.00
0.70 4.71 5.13 1.00 0.00
0.70 4.71 5.30 1.00 0.00
0.70 4.71 5.47 1.00 0.00
0.70 4.71 5.65 1.00 0.00
0.70 4.71 5.82 1.00 0.00
0.70 4.71 6.00 1.00 0.00
0.70 4.71 6.17 1.00 0.00
0.70 4.71 6.35 1.00 0.00
0.70 4.71 6.52 1.00 0.00
0.70 4.71 6.70 1.00 0.00
0.70 4.71 6.87 1.00 0.00
0.70 4.71 7.05 1.00 0.00
0.70 4.71 7.22 1.00 0.00
0.70 4.71 7.39 1.00 0.00
0.70 4.71 7.57 1.00 0.00
0.90 4.71 4.57 1.00 0.00
0.90 4.71 4.74 1.00 0.00
0.90 4.71 4.91 1.00 0.00
0.90 4.71 5.09 1.00 0.00
0.90 4.71 5.26 1.00 0.00
0.90 4.71 5.44 1.00 0.00
0.90 4.71 5.61 1.00 0.00
0.90 4.71 5.79 1.00 0.00
0.90 4.71 5.96 1.00 0.00
0.90 4.71 6.14 1.00 0.00
0.90 4.71 6.31 1.00 0.00
0.90 4.71 6.49 1.00 0.00
0.90 4.71 6.66 1.00 0.00
0.90 4.71 6.83 1.00 0.00
0.90 4.71 7.01 1.00 0.00
0.90 4.71 7.18 1.00 0.00
0.90 4.71 7.36 1.00 0.00
0.90 4.71 7.53 1.00 0.00
1.10 4.71 4.53 1.00 0.00
1.10 4.71 4.70 1.00 0.00
1.10 4.71 4.88 1.00 0.00
1.10 4.71 5.05 1.00 0.00
1.10 4.71 5.23 1.00 0.00
1.10 4.71 5.40 1.00 0.00
1.10 4.71 5.58 1.00 0.00
1.10 4.71 5.75 1.00 0.00
1.10 4.71 5.93 1.00 0.00
1.10 4.71 6.10 1.00 0.00
1.10 4.71 6.27 1.00 0.00
1.10 4.71 6.45 1.00 0.00
1.10 4.71 6.62 1.00 0.00
1.10 4.71 6.80 1.00 0.00
1.10 4.71 6.97 1.00 0.00
1.10 4.71 7.15 1.00 0.00
1.10 4.71 7.32 1.00 0.00
1.10 4.71 7.50 1.00 0.00
0.30 4.89 4.68 1.00 0.00
0.30 4.89 4.85 1.00 0.00
0.30 4.89 5.03 1.00 0.00
0.30 4.89 5.20 1.00 0.00
0.30 4.89 5.38 1.00 0.00
0.30 4.89 5.55 1.00 0.00
0.30 4.89 5.72 1.00 0.00
0.30 4.89 5.90 1.00 0.00
0.30 4.89 6.07 1.00 0.00
0.30 4.89 6.25 1.00 0.00
0.30 4.89 6.42 1.00 0.00
0.30 4.89 6.60 1.00 0.00
0.30 4.89 6.77 1.00 0.00
0.30 4.89 6.95 1.00 0.00
0.30 4.89 7.12 1.00 0.00
0.30 4.89 7.29 1.00 0.00
0.30 4.89 7.47 1.00 0.00
0.30 4.89 7.64 1.00 0.00
0.50 4.89 4.64 1.00 0.00
0.50 4.89 4.81 1.00 0.00
0.50 4.89 4.99 1.00 0.00
0.50 4.89 5.16 1.00 0.00
0.50 4.89 5.34 1.00 0.00
0.50 4.89 5.51 1.00 0.00
0.50 4.89 5.69 1.00 0.00
0.50 4.89 5.86 1.00 0.00
0.50 4.89 6.04 1.00 0.00
0.50 4.89 6.21 1.00 0.00
0.50 4.89 6.38 1.00 0.00
0.50 4.89 6.56 1.00 0.00
0.50 4.89 6.73 1.00 0.00
0.50 4.89 6.91 1.00 0.00
0.50 4.89 7.08 1.00 0.00
0.50 4.89 7.26 1.00 0.00
0.50 4.89 7.43 1.00 0.00
0.50 4.89 7.61 1.00 0.00
0.70 4.89 4.60 1.00 0.00
0.70 4.89 4.78 1.00 0.00
0.70 4.89 4.95 1.00 0.00
0.70 4.89 5.13 1.00 0.00
0.70 4.89 5.30 1.00 0.00
0.70 4.89 5.47 1.00 0.00
0.70 4.89 5.65 1.00 0.00
0.70 4.89 5.82 1.00 0.00
0.70 4.89 6.00 1.00 0.00
0.70 4.89 6.17 1.00 0.00
0.70 4.89 6.35 1.00 0.00
0.70 4.89 6.52 1.00 0.00
0.70 4.89 6.70 1.00 0.00
0.70 4.89 6.87 1.00 0.00
0.70 4.89 7.04 1.00 0.00
0.70 4.89 7.22 1.00 0.00
0.70 4.89 7.39 1.00 0.00
0.70 4.89 7.57 1.00 0.00
0.90 4.89 4.56 1.00 0.00
0.90 4.89 4.74 1.00 0.00
0.90 4.89 4.91 1.00 0.00
0.90 4.89 5.09 1.00 0.00
0.90 4.89 5.26 1.00 0.00
0.90 4.89 5.44 1.00 0.00
0.90 4.89 5.61 1.00 0.00
0.90 4.89 5.79 1.00 0.00
0.90 4.89 5.96 1.00 0.00
0.90 4.89 6.13 1.00 0.00
0.90 4.89 6.31 1.00 0.00
0.90 4.89 6.48 1.00 0.00
0.90 4.89 6.66 1.00 0.00
0.90 4.89 6.83 1.00 0.00
0.90 4.89 7.01 1.00 0.00
0.90 4.89 7.18 1.00 0.00
0.90 4.89 7.36 1.00 0.00
0.90 4.89 7.53 1.00 0.00
1.10 4.89 4.53 1.00 0.00
1.10 4.89 4.70 1.00 0.00
1.10 4.89 4.87 1.00 0.00
1.10 4.89 5.05 1.00 0.00
1.10 4.89 5.22 1.00 0.00
1.10 4.89 5.40 1.00 0.00
1.10 4.89 5.57 1.00 0.00
1.10 4.89 5.75 1.00 0.00
1.10 4.89 5.92 1.00 0.00
1.10 4.89 6.10 1.00 0.00
1.10 4.89 6.27 1.00 0.00
1.10 4.89 6.45 1.00 0.00
1.10 4.89 6.62 1.00 0.00
1.10 4.89 6.79 1.00 0.00
1.10 4.89 6.97 1.00 0.00
1.10 4.89 7.14 1.00 0.00
1.10 4.89 7.32 1.00 0.00
1.10 4.89 7.49 1.00 0.00
0.30 5.06 4.68 1.00 0.00
0.30 5.06 4.85 1.00 0.00
0.30 5.06 5.03 1.00 0.00
0.30 5.06 5.20 1.00 0.00
0.30 5.06 5.38 1.00 0.00
0.30 5.06 5.55 1.00 0.00
0.30 5.06 5.73 1.00 0.00
0.30 5.06 5.90 1.00 0.00
0.30 5.06 6.08 1.00 0.00
0.30 5.06 6.25 1.00 0.00
0.30 5.06 6.42 1.00 0.00
0.30 5.06 6.60 1.00 0.00
0.30 5.06 6.77 1.00 0.00
0.30 5.06 6.95 1.00 0.00
0.30 5.06 7.12 1.00 0.00
0.30 5.06 7.30 1.00 0.00
0.30 5.06 7.47 1.00 0.00
0.30 5.06 7.65 1.00 0.00
0.50 5.06 4.64 1.00 0.00
0.50 5.06 4.82 1.00 0.00
0.50 5.06 4.99 1.00 0.00
0.50 5.06 5.17 1.00 0.00
0.50 5.06 5.34 1.00 0.00
0.50 5.06 5.52 1.00 0.00
0.50 5.06 5.69 1.00 0.00
0.50 5.06 5.86 1.00 0.00
0.50 5.06 6.04 1.00 0.00
0.50 5.06 6.21 1.00 0.00
0.50 5.06 6.39 1.00 0.00
0.50 5.06 6.56 1.00 0.00
0.50 5.06 6.74 1.00 0.00
0.50 5.06 6.91 1.00 0.00
0.50 5.06 7.09 1.00 0.00
0.50 5.06 7.26 1.00 0.00
0.50 5.06 7.44 1.00 0.00
0.50 5.06 7.61 1.00 0.00
0.70 5.06 4.61 1.00 0.00
0.70 5.06 4.78 1.00 0.00
0.70 5.06 4.95 1.00 0.00
0.70 5.06 5.13 1.00 0.00
0.70 5.06 5.30 1.00 0.00
0.70 5.06 5.48 1.00 0.00
0.70 5.06 5.65 1.00 0.00
0.70 5.06 5.83 1.00 0.00
0.70 5.06 6.00 1.00 0.00
0.70 5.06 6.18 1.00 0.00
0.70 5.06 6.35 1.00 0.00
0.70 5.06 6.52 1.00 0.00
0.70 5.06 6.70 1.00 0.00
0.70 5.06 6.87 1.00 0.00
0.70 5.06 7.05 1.00 0.00
0.70 5.06 7.22 1.00 0.00
0.70 5.06 7.40 1.00 0.00
0.70 5.06 7.57 1.00 0.00
0.90 5.06 4.57 1.00 0.00
0.90 5.06 4.74 1.00 0.00
0.90 5.06 4.92 1.00 0.00
0.90 5.06 5.09 1.00 0.00
0.90 5.06 5.27 1.00 0.00
0.90 5.06 5.44 1.00 0.00
0.90 5.06 5.61 1.00 0.00
0.90 5.06 5.79 1.00 0.00
0.90 5.06 5.96 1.00 0.00
0.90 5.06 6.14 1.00 0.00
0.90 5.06 6.31 1.00 0.00
0.90 5.06 6.49 1.00 0.00
0.90 5.06 6.66 1.00 0.00
0.90 5.06 6.84 1.00 0.00
0.90 5.06 7.01 1.00 0.00
0.90 5.06 7.18 1.00 0.00
0.90 5.06 7.36 1.00 0.00
0.90 5.06 7.53 1.00 0.00
1.10 5.06 4.53 1.00 0.00
1.10 5.06 4.70 1.00 0.00
1.10 5.06 4.88 1.00 0.00
1.10 5.06 5.05 1.00 0.00
1.10 5.06 5.23 1.00 0.00
1.10 5.06 5.40 1.00 0.00
1.10 5.06 5.58 1.00 0.00
1.10 5.06 5.75 1.00 0.00
1.10 5.06 5.92 1.00 0.00
1.10 5.06 6.10 1.00 0.00
1.10 5.06 6.27 1.00 0.00
1.10 5.06 6.45 1.00 0.00
1.10 5.06 6.62 1.00 0.00
1.10 5.06 6.80 1.00 0.00
1.10 5.06 6.97 1.00 0.00
1.10 5.06 7.15 1.00 0.00
1.10 5.06 7.32 1.00 0.00
1.10 5.06 7.50 1.00 0.00
0.30 5.24 4.68 1.00 0.00
0.30 5.24 4.86 1.00 0.00
0.30 5.24 5.03 1.00 0.00
0.30 5.24 5.21 1.00 0.00
0.30 5.24 5.38 1.00 0.00
0.30 5.24 5.56 1.00 0.00
0.30 5.24 5.73 1.00 0.00
0.30 5.24 5.90 1.00 0.00
0.30 5.24 6.08 1.00 0.00
0.30 5.24 6.25 1.00 0.00
0.30 5.24 6.43 1.00 0.00
0.30 5.24 6.60 1.00 0.00
0.30 5.24 6.78 1.00 0.00
0.30 5.24 6.95 1.00 0.00
0.30 5.24 7.13 1.00 0.00
0.30 5.24 7.30 1.00 0.00
0.30 5.24 7.48 1.00 0.00
0.30 5.24 7.65 1.00 0.00
0.50 5.24 4.65 1.00 0.00
0.50 5.24 4.82 1.00 0.00
0.50 5.24 5.00 1.00 0.00
0.50 5.24 5.17 1.00 0.00
0.50 5.24 5.35 1.00 0.00
0.50 5.24 5.52 1.00 0.00
0.50 5.24 5.70 1.00 0.00
0.50 5.24 5.87 1.00 0.00
0.50 5.24 6.04 1.00 0.00
0.50 5.24 6.22 1.00 0.00
0.50 5.24 6.39 1.00 0.00
0.50 5.24 6.57 1.00 0.00
0.50 5.24 6.74 1.00 0.00
0.50 5.24 6.92 1.00 0.00
0.50 5.24 7.09 1.00 0.00
0.50 5.24 7.27 1.00 0.00
0.50 5.24 7.44 1.00 0.00
0.50 5.24 7.62 1.00 0.00
0.70 5.24 4.61 1.00 0.00
0.70 5.24 4.79 1.00 0.00
0.70 5.24 4.96 1.00 0.00
0.70 5.24 5.14 1.00 0.00
0.70 5.24 5.31 1.00 0.00
0.70 5.24 5.49 1.00 0.00
0.70 5.24 5.66 1.00 0.00
0.70 5.24 5.83 1.00 0.00
0.70 5.24 6.01 1.00 0.00
0.70 5.24 6.18 1.00 0.00
0.70 5.24 6.36 1.00 0.00
0.70 5.24 6.53 1.00 0.00
0.70 5.24 6.71 1.00 0.00
0.70 5.24 6.88 1.00 0.00
0.70 5.24 7.06 1.00 0.00
0.70 5.24 7.23 1.00 0.00
0.70 5.24 7.41 1.00 0.00
0.70 5.24 7.58 1.00 0.00
0.90 5.24 4.58 1.00 0.00
0.90 5.24 4.75 1.00 0.00
0.90 5.24 4.93 1.00 0.00
0.90 5.24 5.10 1.00 0.00
0.90 5.24 5.27 1.00 0.00
0.90 5.24 5.45 1.00 0.00
0.90 5.24 5.62 1.00 0.00
0.90 5.24 5.80 1.00 0.00
0.90 5.24 5.97 1.00 0.00
0.90 5.24 6.15 1.00 0.00
0.90 5.24 6.32 1.00 0.00
0.90 5.24 6.50 1.00 0.00
0.90 5.24 6.67 1.00 0.00
0.90 5.24 6.84 1.00 0.00
0.90 5.24 7.02 1.00 0.00
0.90 5.24 7.19 1.00 0.00
0.90 5.24 7.37 1.00 0.00
0.90 5.24 7.54 1.00 0.00
1.10 5.24 4.54 1.00 0.00
1.10 5.24 4.71 1.00 0.00
1.10 5.24 4.89 1.00 0.00
1.10 5.24 5.06 1.00 0.00
1.10 5.24 5.24 1.00 0.00
1.10 5.24 5.41 1.00 0.00
1.10 5.24 5.59 1.00 0.00
1.10 5.24 5.76 1.00 0.00
1.10 5.24 5.93 1.00 0.00
1.10 5.24 6.11 1.00 0.00
1.10 5.24 6.28 1.00 0.00
1.10 5.24 6.46 1.00 0.00
1.10 5.24 6.63 1.00 0.00
1.10 5.24 6.81 1.00 0.00
1.10 5.24 6.98 1.00 0.00
1.10 5.24 7.16 1.00 0.00
1.10 5.24 7.33 1.00 0.00
1.10 5.24 7.51 1.00 0.00
0.30 5.41 4.69 1.00 0.00
0.30 5.41 4.86 1.00 0.00
0.30 5.41 5.04 1.00 0.00
0.30 5.41 5.21 1.00 0.00
0.30 5.41 5.39 1.00 0.00
0.30 5.41 5.56 1.00 0.00
0.30 5.41 5.74 1.00 0.00
0.30 5.41 5.91 1.00 0.00
0.30 5.41 6.08 1.00 0.00
0.30 5.41 6.26 1.00 0.00
0.30 5.41 6.43 1.00 0.00
0.30 5.41 6.61 1.00 0.00
0.30 5.41 6.78 1.00 0.00
0.30 5.41 6.96 1.00 0.00
0.30 5.41 7.13 1.00 0.00
0.30 5.41 7.31 1.00 0.00
0.30 5.41 7.48 1.00 0.00
0.30 5.41 7.66 1.00 0.00
0.50 5.41 4.66 1.00 0.00
0.50 5.41 4.83 1.00 0.00
0.50 5.41 5.01 1.00 0.00
0.50 5.41 5.18 1.00 0.00
0.50 5.41 5.36 1.00 0.00
0.50 5.41 5.53 1.00 0.00
0.50 5.41 5.70 1.00 0.00
0.50 5.41 5.88 1.00 0.00
0.50 5.41 6.05 1.00 0.00
0.50 5.41 6.23 1.00 0.00
0.50 5.41 6.40 1.00 0.00
0.50 5.41 6.58 1.00 0.00
0.50 5.41 6.75 1.00 0.00
0.50 5.41 6.93 1.00 0.00
0.50 5.41 7.10 1.00 0.00
0.50 5.41 7.28 1.00 0.00
0.50 5.41 7.45 1.00 0.00
0.50 5.41 7.62 1.00 0.00
0.70 5.41 4.63 1.00 0.00
0.70 5.41 4.80 1.00 0.00
0.70 5.41 4.97 1.00 0.00
0.70 5.41 5.15 1.00 0.00
0.70 5.41 5.32 1.00 0.00
0.70 5.41 5.50 1.00 0.00
0.70 5.41 5.67 1.00 0.00
0.70 5.41 5.85 1.00 0.00
0.70 5.41 6.02 1.00 0.00
0.70 5.41 6.20 1.00 0.00
0.70 5.41 6.37 1.00 0.00
0.70 5.41 6.54 1.00 0.00
0.70 5.41 6.72 1.00 0.00
0.70 5.41 6.89 1.00 0.00
0.70 5.41 7.07 1.00 0.00
0.70 5.41 7.24 1.00 0.00
0.70 5.41 7.42 1.00 0.00
0.70 5.41 7.59 1.00 0.00
0.90 5.41 4.59 1.00 0.00
0.90 5.41 4.77 1.00 0.00
0.90 5.41 4.94 1.00 0.00
0.90 5.41 5.11 1.00 0.00
0.90 5.41 5.29 1.00 0.00
0.90 5.41 5.46 1.00 0.00
0.90 5.41 5.64 1.00 0.00
0.90 5.41 5.81 1.00 0.00
0.90 5.41 5.99 1.00 0.00
0.90 5.41 6.16 1.00 0.00
0.90 5.41 6.34 1.00 0.00
0.90 5.41 6.51 1.00 0.00
0.90 5.41 6.69 1.00 0.00
0.90 5.41 6.86 1.00 0.00
0.90 5.41 7.03 1.00 0.00
0.90 5.41 7.21 1.00 0.00
0.90 5.41 7.38 1.00 0.00
0.90 5.41 7.56 1.00 0.00
1.10 5.41 4.56 1.00 0.00
1.10 5.41 4.73 1.00 0.00
1.10 5.41 4.90 1.00 0.00
1.10 5.41 5.08 1.00 0.00
1.10 5.41 5.25 1.00 0.00
1.10 5.41 5.43 1.00 0.00
1.10 5.41 5.60 1.00 0.00
1.10 5.41 5.78 1.00 0.00
1.10 5.41 5.95 1.00 0.00
1.10 5.41 6.13 1.00 0.00
1.10 5.41 6.30 1.00 0.00
1.10 5.41 6.48 1.00 0.00
1.10 5.41 6.65 1.00 0.00
1.10 5.41 6.82 1.00 0.00
1.10 5.41 7.00 1.00 0.00
1.10 5.41 7.17 1.00 0.00
1.10 5.41 7.35 1.00 0.00
1.10 5.41 7.52 1.00 0.00
0.30 5.59 4.70 1.00 0.00
0.30 5.59 4.87 1.00 0.00
0.30 5.59 5.04 1.00 0.00
0.30 5.59 5.22 1.00 0.00
0.30 5.59 5.39 1.00 0.00
0.30 5.59 5.57 1.00 0.00
0.30 5.59 5.74 1.00 0.00
0.30 5.59 5.92 1.00 0.00
0.30 5.59 6.09 1.00 0.00
0.30 5.59 6.27 1.00 0.00
0.30 5.59 6.44 1.00 0.00
0.30 5.59 6.62 1.00 0.00
0.30 5.59 6.79 1.00 0.00
0.30 5.59 6.96 1.00 0.00
0.30 5.59 7.14 1.00 0.00
0.30 5.59 7.31 1.00 0.00
0.30 5.59 7.49 1.00 0.00
0.30 5.59 7.66 1.00 0.00
0.50 5.59 4.67 1.00 0.00
0.50 5.59 4.84 1.00 0.00
0.50 5.59 5.02 1.00 0.00
0.50 5.59 5.19 1.00 0.00
0.50 5.59 5.37 1.00 0.00
0.50 5.59 5.54 1.00 0.00
0.50 5.59 5.72 1.00 0.00
0.50 5.59 5.89 1.00 0.00
0.50 5.59 6.07 1.00 0.00
0.50 5.59 6.24 1.00 0.00
0.50 5.59 6.41 1.00 0.00
0.50 5.59 6.59 1.00 0.00
0.50 5.59 6.76 1.00 0.00
0.50 5.59 6.94 1.00 0.00
0.50 5.59 7.11 1.00 0.00
0.50 5.59 7.29 1.00 0.00
0.50 5.59 7.46 1.00 0.00
0.50 5.59 7.64 1.00 0.00
0.70 5.59 4.64 1.00 0.00
0.70 5.59 4.82 1.00 0.00
0.70 5.59 4.99 1.00 0.00
0.70 5.59 5.16 1.00 0.00
0.70 5.59 5.34 1.00 0.00
0.70 5.59 5.51 1.00 0.00
0.70 5.59 5.69 1.00 0.00
0.70 5.59 5.86 1.00 0.00
0.70 5.59 6.04 1.00 0.00
0.70 5.59 6.21 1.00 0.00
0.70 5.59 6.39 1.00 0.00
0.70 5.59 6.56 1.00 0.00
0.70 5.59 6.74 1.00 0.00
0.70 5.59 6.91 1.00 0.00
0.70 5.59 7.08 1.00 0.00
0.70 5.59 7.26 1.00 0.00
0.70 5.59 7.43 1.00 0.00
0.70 5.59 7.61 1.00 0.00
0.90 5.59 4.61 1.00 0.00
0.90 5.59 4.79 1.00 0.00
0.90 5.59 4.96 1.00 0.00
0.90 5.59 5.14 1.00 0.00
0.90 5.59 5.31 1.00 0.00
0.90 5.59 5.48 1.00 0.00
0.90 5.59 5.66 1.00 0.00
0.90 5.59 5.83 1.00 0.00
0.90 5.59 6.01 1.00 0.00
0.90 5.59 6.18 1.00 0.00
0.90 5.59 6.36 1.00 0.00
0.90 5.59 6.53 1.00 0.00
0.90 5.59 6.71 1.00 0.00
0.90 5.59 6.88 1.00 0.00
0.90 5.59 7.06 1.00 0.00
0.90 5.59 7.23 1.00 0.00
0.90 5.59 7.40 1.00 0.00
0.90 5.59 7.58 1.00 0.00
1.10 5.59 4.58 1.00 0.00
1.10 5.59 4.75 1.00 0.00
1.10 5.59 4.93 1.00 0.00
1.10 5.59 5.10 1.00 0.00
1.10 5.59 5.28 1.00 0.00
1.10 5.59 5.45 1.00 0.00
1.10 5.59 5.63 1.00 0.00
1.10 5.59 5.80 1.00 0.00
1.10 5.59 5.98 1.00 0.00
1.10 5.59 6.15 1.00 0.00
1.10 5.59 6.33 1.00 0.00
1.10 5.59 6.50 1.00 0.00
1.10 5.59 6.67 1.00 0.00
1.10 5.59 6.85 1.00 0.00
1.10 5.59 7.02 1.00 0.00
1.10 5.59 7.20 1.00 0.00
1.10 5.59 7.37 1.00 0.00
1.10 5.59 7.55 1.00 0.00
0.30 5.76 4.70 1.00 0.00
0.30 5.76 4.88 1.00 0.00
0.30 5.76 5.05 1.00 0.00
0.30 5.76 5.23 1.00 0.00
0.30 5.76 5.40 1.00 0.00
0.30 5.76 5.58 1.00 0.00
0.30 5.76 5.75 1.00 0.00
0.30 5.76 5.93 1.00 0.00
0.30 5.76 6.10 1.00 0.00
0.30 5.76 6.27 1.00 0.00
0.30 5.76 6.45 1.00 0.00
0.30 5.76 6.62 1.00 0.00
0.30 5.76 6.80 1.00 0.00
0.30 5.76 6.97 1.00 0.00
0.30 5.76 7.15 1.00 0.00
0.30 5.76 7.32 1.00 0.00
0.30 5.76 7.50 1.00 0.00
0.30 5.76 7.67 1.00 0.00
0.50 5.76 4.68 1.00 0.00
0.50 5.76 4.86 1.00 0.00
0.50 5.76 5.03 1.00 0.00
0.50 5.76 5.21 1.00 0.00
0.50 5.76 5.38 1.00 0.00
0.50 5.76 5.56 1.00 0.00
0.50 5.76 5.73 1.00 0.00
0.50 5.76 5.91 1.00 0.00
0.50 5.76 6.08 1.00 0.00
0.50 5.76 6.25 1.00 0.00
0.50 5.76 6.43 1.00 0.00
0.50 5.76 6.60 1.00 0.00
0.50 5.76 6.78 1.00 0.00
0.50 5.76 6.95 1.00 0.00
0.50 5.76 7.13 1.00 0.00
0.50 5.76 7.30 1.00 0.00
0.50 5.76 7.48 1.00 0.00
0.50 5.76 7.65 1.00 0.00
0.70 5.76 4.66 1.00 0.00
0.70 5.76 4.84 1.00 0.00
0.70 5.76 5.01 1.00 0.00
0.70 5.76 5.18 1.00 0.00
0.70 5.76 5.36 1.00 0.00
0.70 5.76 5.53 1.00 0.00
0.70 5.76 5.71 1.00 0.00
0.70 5.76 5.88 1.00 0.00
0.70 5.76 6.06 1.00 0.00
0.70 5.76 6.23 1.00 0.00
0.70 5.76 6.41 1.00 0.00
0.70 5.76 6.58 1.00 0.00
0.70 5.76 6.76 1.00 0.00
0.70 5.76 6.93 1.00 0.00
0.70 5.76 7.10 1.00 0.00
0.70 5.76 7.28 1.00 0.00
0.70 5.76 7.45 1.00 0.00
0.70 5.76 7.63 1.00 0.00
0.90 5.76 4.64 1.00 0.00
0.90 5.76 4.81 1.00 0.00
0.90 5.76 4.99 1.00 0.00
0.90 5.76 5.16 1.00 0.00
0.90 5.76 5.34 1.00 0.00
0.90 5.76 5.51 1.00 0.00
0.90 5.76 5.68 1.00 0.00
0.90 5.76 5.86 1.00 0.00
0.90 5.76 6.03 1.00 0.00
0.90 5.76 6.21 1.00 0.00
0.90 5.76 6.38 1.00 0.00
0.90 5.76 6.56 1.00 0.00
0.90 5.76 6.73 1.00 0.00
0.90 5.76 6.91 1.00 0.00
0.90 5.76 7.08 1.00 0.00
0.90 5.76 7.26 1.00 0.00
0.90 5.76 7.43 1.00 0.00
0.90 5.76 7.60 1.00 0.00
1.10 5.76 4.61 1.00 0.00
1.10 5.76 4.79 1.00 0.00
1.10 5.76 4.96 1.00 0.00
1.10 5.76 5.14 1.00 0.00
1.10 5.76 5.31 1.00 0.00
1.10 5.76 5.48 1.00 0.00
1.10 5.76 5.66 1.00 0.00
1.10 5.76 5.83 1.00 0.00
1.10 5.76 6.01 1.00 0.00
1.10 5.76 6.18 1.00 0.00
1.10 5.76 6.36 1.00 0.00
1.10 5.76 6.53 1.00 0.00
1.10 5.76 6.71 1.00 0.00
1.10 5.76 6.88 1.00 0.00
1.10 5.76 7.06 1.00 0.00
1.10 5.76 7.23 1.00 0.00
1.10 5.76 7.40 1.00 0.00
1.10 5.76 7.58 1.00 0.00
0.30 5.93 4.71 1.00 0.00
0.30 5.93 4.89 1.00 0.00
0.30 5.93 5.06 1.00 0.00
0.30 5.93 5.24 1.00 0.00
0.30 5.93 5.41 1.00 0.00
0.30 5.93 5.59 1.00 0.00
0.30 5.93 5.76 1.00 0.00
0.30 5.93 5.94 1.00 0.00
0.30 5.93 6.11 1.00 0.00
0.30 5.93 6.28 1.00 0.00
0.30 5.93 6.46 1.00 0.00
0.30 5.93 6.63 1.00 0.00
0.30 5.93 6.81 1.00 0.00
0.30 5.93 6.98 1.00 0.00
0.30 5.93 7.16 1.00 0.00
0.30 5.93 7.33 1.00 0.00
0.30 5.93 7.51 1.00 0.00
0.30 5.93 7.68 1.00 0.00
0.50 5.93 4.70 1.00 0.00
0.50 5.93 4.87 1.00 0.00
0.50 5.93 5.05 1.00 0.00
0.50 5.93 5.22 1.00 0.00
0.50 5.93 5.40 1.00 0.00
0.50 5.93 5.57 1.00 0.00
0.50 5.93 5.75 1.00 0.00
0.50 5.93 5.92 1.00 0.00
0.50 5.93 6.10 1.00 0.00
0.50 5.93 6.27 1.00 0.00
0.50 5.93 6.44 1.00 0.00
0.50 5.93 6.62 1.00 0.00
0.50 5.93 6.79 1.00 0.00
0.50 5.93 6.97 1.00 0.00
0.50 5.93 7.14 1.00 0.00
0.50 5.93 7.32 1.00 0.00
0.50 5.93 7.49 1.00 0.00
0.50 5.93 7.67 1.00 0.00
0.70 5.93 4.68 1.00 0.00
0.70 5.93 4.86 1.00 0.00
0.70 5.93 5.03 1.00 0.00
0.70 5.93 5.21 1.00 0.00
0.70 5.93 5.38 1.00 0.00
0.70 5.93 5.56 1.00 0.00
0.70 5.93 5.73 1.00 0.00
0.70 5.93 5.91 1.00 0.00
0.70 5.93 6.08 1.00 0.00
0.70 5.93 6.26 1.00 0.00
0.70 5.93 6.43 1.00 0.00
0.70 5.93 6.60 1.00 0.00
0.70 5.93 6.78 1.00 0.00
0.70 5.93 6.95 1.00 0.00
0.70 5.93 7.13 1.00 0.00
0.70 5.93 7.30 1.00 0.00
0.70 5.93 7.48 1.00 0.00
0.70 5.93 7.65 1.00 0.00
0.90 5.93 4.67 1.00 0.00
0.90 5.93 4.84 1.00 0.00
0.90 5.93 5.02 1.00 0.00
0.90 5.93 5.19 1.00 0.00
0.90 5.93 5.37 1.00 0.00
0.90 5.93 5.54 1.00 0.00
0.90 5.93 5.72 1.00 0.00
0.90 5.93 5.89 1.00 0.00
0.90 5.93 6.06 1.00 0.00
0.90 5.93 6.24 1.00 0.00
0.90 5.93 6.41 1.00 0.00
0.90 5.93 6.59 1.00 0.00
0.90 5.93 6.76 1.00 0.00
0.90 5.93 6.94 1.00 0.00
0.90 5.93 7.11 1.00 0.00
0.90 5.93 7.29 1.00 0.00
0.90 5.93 7.46 1.00 0.00
0.90 5.93 7.64 1.00 0.00
1.10 5.93 4.65 1.00 0.00
1.10 5.93 4.82 1.00 0.00
1.10 5.93 5.00 1.00 0.00
1.10 5.93 5.17 1.00 0.00
1.10 5.93 5.35 1.00 0.00
1.10 5.93 5.52 1.00 0.00
1.10 5.93 5.70 1.00 0.00
1.10 5.93 5.87 1.00 0.00
1.10 5.93 6.05 1.00 0.00
1.10 5.93 6.22 1.00 0.00
1.10 5.93 6.40 1.00 0.00
1.10 5.93 6.57 1.00 0.00
1.10 5.93 6.74 1.00 0.00
1.10 5.93 6.92 1.00 0.00
1.10 5.93 7.09 1.00 0.00
1.10 5.93 7.27 1.00 0.00
1.10 5.93 7.44 1.00 0.00
1.10 5.93 7.62 1.00 0.00
0.30 6.11 4.72 1.00 0.00
0.30 6.11 4.90 1.00 0.00
0.30 6.11 5.07 1.00 0.00
0.30 6.11 5.25 1.00 0.00
0.30 6.11 5.42 1.00 0.00
0.30 6.11 5.60 1.00 0.00
0.30 6.11 5.77 1.00 0.00
0.30 6.11 5.95 1.00 0.00
0.30 6.11 6.12 1.00 0.00
0.30 6.11 6.29 1.00 0.00
0.30 6.11 6.47 1.00 0.00
0.30 6.11 6.64 1.00 0.00
0.30 6.11 6.82 1.00 0.00
0.30 6.11 6.99 1.00 0.00
0.30 6.11 7.17 1.00 0.00
0.30 6.11 7.34 1.00 0.00
0.30 6.11 7.52 1.00 0.00
0.30 6.11 7.69 1.00 0.00
0.50 6.11 4.72 1.00 0.00
0.50 6.11 4.89 1.00 0.00
0.50 6.11 5.07 1.00 0.00
0.50 6.11 5.24 1.00 0.00
0.50 6.11 5.41 1.00 0.00
0.50 6.11 5.59 1.00 0.00
0.50 6.11 5.76 1.00 0.00
0.50 6.11 5.94 1.00 0.00
0.50 6.11 6.11 1.00 0.00
0.50 6.11 6.29 1.00 0.00
0.50 6.11 6.46 1.00 0.00
0.50 6.11 6.64 1.00 0.00
0.50 6.11 6.81 1.00 0.00
0.50 6.11 6.99 1.00 0.00
0.50 6.11 7.16 1.00 0.00
0.50 6.11 7.33 1.00 0.00
0.50 6.11 7.51 1.00 0.00
0.50 6.11 7.68 1.00 0.00
0.70 6.11 4.71 1.00 0.00
0.70 6.11 4.88 1.00 0.00
0.70 6.11 5.06 1.00 0.00
0.70 6.11 5.23 1.00 0.00
0.70 6.11 5.41 1.00 0.00
0.70 6.11 5.58 1.00 0.00
0.70 6.11 5.76 1.00 0.00
0.70 6.11 5.93 1.00 0.00
0.70 6.11 6.11 1.00 0.00
0.70 6.11 6.28 1.00 0.00
0.70 6.11 6.45 1.00 0.00
0.70 6.11 6.63 1.00 0.00
0.70 6.11 6.80 1.00 0.00
0.70 6.11 6.98 1.00 0.00
0.70 6.11 7.15 1.00 0.00
0.70 6.11 7.33 1.00 0.00
0.70 6.11 7.50 1.00 0.00
0.70 6.11 7.68 1.00 0.00
0.90 6.11 4.70 1.00 0.00
0.90 6.11 4.88 1.00 0.00
0.90 6.11 5.05 1.00 0.00
0.90 6.11 5.23 1.00 0.00
0.90 6.11 5.40 1.00 0.00
0.90 6.11 5.57 1.00 0.00
0.90 6.11 5.75 1.00 0.00
0.90 6.11 5.92 1.00 0.00
0.90 6.11 6.10 1.00 0.00
0.90 6.11 6.27 1.00 0.00
0.90 6.11 6.45 1.00 0.00
0.90 6.11 6.62 1.00 0.00
0.90 6.11 6.80 1.00 0.00
0.90 6.11 6.97 1.00 0.00
0.90 6.11 7.14 1.00 0.00
0.90 6.11 7.32 1.00 0.00
0.90 6.11 7.49 1.00 0.00
0.90 6.11 7.67 1.00 0.00
1.10 6.11 4.69 1.00 0.00
1.10 6.11 4.87 1.00 0.00
1.10 6.11 5.04 1.00 0.00
1.10 6.11 5.22 1.00 0.00
1.10 6.11 5.39 1.00 0.00
1.10 6.11 5.57 1.00 0.00
1.10 6.11 5.74 1.00 0.00
1.10 6.11 5.91 1.00 0.00
1.10 6.11 6.09 1.00 0.00
1.10 6.11 6.26 1.00 0.00
1.10 6.11 6.44 1.00 0.00
1.10 6.11 6.61 1.00 0.00
1.10 6.11 6.79 1.00 0.00
1.10 6.11 6.96 1.00 0.00
1.10 6.11 7.14 1.00 0.00
1.10 6.11 7.31 1.00 0.00
1.10 6.11 7.49 1.00 0.00
1.10 6.11 7.66 1.00 0.00
