0.30 0.00 4.68 1.00 0.00
0.30 0.00 4.86 1.00 0.00
0.30 0.00 5.03 1.00 0.00
0.30 0.00 5.20 1.00 0.00
0.30 0.00 5.38 1.00 0.00
0.30 0.00 5.55 1.00 0.00
0.30 0.00 5.73 1.00 0.00
0.30 0.00 5.90 1.00 0.00
0.30 0.00 6.08 1.00 0.00
0.30 0.00 6.25 1.00 0.00
0.30 0.00 6.43 1.00 0.00
0.30 0.00 6.60 1.00 0.00
0.30 0.00 6.78 1.00 0.00
0.30 0.00 6.95 1.00 0.00
0.30 0.00 7.12 1.00 0.00
0.30 0.00 7.30 1.00 0.00
0.30 0.00 7.47 1.00 0.00
0.30 0.00 7.65 1.00 0.00
0.50 0.00 4.68 1.00 0.00
0.50 0.00 4.85 1.00 0.00
0.50 0.00 5.03 1.00 0.00
0.50 0.00 5.20 1.00 0.00
0.50 0.00 5.38 1.00 0.00
0.50 0.00 5.55 1.00 0.00
0.50 0.00 5.73 1.00 0.00
0.50 0.00 5.90 1.00 0.00
0.50 0.00 6.08 1.00 0.00
0.50 0.00 6.25 1.00 0.00
0.50 0.00 6.42 1.00 0.00
0.50 0.00 6.60 1.00 0.00
0.50 0.00 6.77 1.00 0.00
0.50 0.00 6.95 1.00 0.00
0.50 0.00 7.12 1.00 0.00
0.50 0.00 7.30 1.00 0.00
0.50 0.00 7.47 1.00 0.00
0.50 0.00 7.65 1.00 0.00
0.70 0.00 4.68 1.00 0.00
0.70 0.00 4.85 1.00 0.00
0.70 0.00 5.03 1.00 0.00
0.70 0.00 5.20 1.00 0.00
0.70 0.00 5.38 1.00 0.00
0.70 0.00 5.55 1.00 0.00
0.70 0.00 5.73 1.00 0.00
0.70 0.00 5.90 1.00 0.00
0.70 0.00 6.07 1.00 0.00
0.70 0.00 6.25 1.00 0.00
0.70 0.00 6.42 1.00 0.00
0.70 0.00 6.60 1.00 0.00
0.70 0.00 6.77 1.00 0.00
0.70 0.00 6.95 1.00 0.00
0.70 0.00 7.12 1.00 0.00
0.70 0.00 7.30 1.00 0.00
0.70 0.00 7.47 1.00 0.00
0.70 0.00 7.65 1.00 0.00
0.90 0.00 4.68 1.00 0.00
0.90 0.00 4.85 1.00 0.00
0.90 0.00 5.03 1.00 0.00
0.90 0.00 5.20 1.00 0.00
0.90 0.00 5.37 1.00 0.00
0.90 0.00 5.55 1.00 0.00
0.90 0.00 5.72 1.00 0.00
0.90 0.00 5.90 1.00 0.00
0.90 0.00 6.07 1.00 0.00
0.90 0.00 6.25 1.00 0.00
0.90 0.00 6.42 1.00 0.00
0.90 0.00 6.60 1.00 0.00
0.90 0.00 6.77 1.00 0.00
0.90 0.00 6.95 1.00 0.00
0.90 0.00 7.12 1.00 0.00
0.90 0.00 7.29 1.00 0.00
0.90 0.00 7.47 1.00 0.00
0.90 0.00 7.64 1.00 0.00
1.10 0.00 4.67 1.00 0.00
1.10 0.00 4.85 1.00 0.00
1.10 0.00 5.02 1.00 0.00
1.10 0.00 5.20 1.00 0.00
1.10 0.00 5.37 1.00 0.00
1.10 0.00 5.55 1.00 0.00
1.10 0.00 5.72 1.00 0.00
1.10 0.00 5.90 1.00 0.00
1.10 0.00 6.07 1.00 0.00
1.10 0.00 6.25 1.00 0.00
1.10 0.00 6.42 1.00 0.00
1.10 0.00 6.59 1.00 0.00
1.10 0.00 6.77 1.00 0.00
1.10 0.00 6.94 1.00 0.00
1.10 0.00 7.12 1.00 0.00
1.10 0.00 7.29 1.00 0.00
1.10 0.00 7.47 1.00 0.00
1.10 0.00 7.64 1.00 0.00
0.30 0.17 4.69 1.00 0.00
0.30 0.17 4.87 1.00 0.00
0.30 0.17 5.04 1.00 0.00
0.30 0.17 5.21 1.00 0.00
0.30 0.17 5.39 1.00 0.00
0.30 0.17 5.56 1.00 0.00
0.30 0.17 5.74 1.00 0.00
0.30 0.17 5.91 1.00 0.00
0.30 0.17 6.09 1.00 0.00
0.30 0.17 6.26 1.00 0.00
0.30 0.17 6.44 1.00 0.00
0.30 0.17 6.61 1.00 0.00
0.30 0.17 6.79 1.00 0.00
0.30 0.17 6.96 1.00 0.00
0.30 0.17 7.13 1.00 0.00
0.30 0.17 7.31 1.00 0.00
0.30 0.17 7.48 1.00 0.00
0.30 0.17 7.66 1.00 0.00
0.50 0.17 4.70 1.00 0.00
0.50 0.17 4.87 1.00 0.00
0.50 0.17 5.05 1.00 0.00
0.50 0.17 5.22 1.00 0.00
0.50 0.17 5.40 1.00 0.00
0.50 0.17 5.57 1.00 0.00
0.50 0.17 5.74 1.00 0.00
0.50 0.17 5.92 1.00 0.00
0.50 0.17 6.09 1.00 0.00
0.50 0.17 6.27 1.00 0.00
0.50 0.17 6.44 1.00 0.00
0.50 0.17 6.62 1.00 0.00
0.50 0.17 6.79 1.00 0.00
0.50 0.17 6.97 1.00 0.00
0.50 0.17 7.14 1.00 0.00
0.50 0.17 7.32 1.00 0.00
0.50 0.17 7.49 1.00 0.00
0.50 0.17 7.66 1.00 0.00
0.70 0.17 4.70 1.00 0.00
0.70 0.17 4.88 1.00 0.00
0.70 0.17 5.05 1.00 0.00
0.70 0.17 5.23 1.00 0.00
0.70 0.17 5.40 1.00 0.00
0.70 0.17 5.58 1.00 0.00
0.70 0.17 5.75 1.00 0.00
0.70 0.17 5.93 1.00 0.00
0.70 0.17 6.10 1.00 0.00
0.70 0.17 6.28 1.00 0.00
0.70 0.17 6.45 1.00 0.00
0.70 0.17 6.62 1.00 0.00
0.70 0.17 6.80 1.00 0.00
0.70 0.17 6.97 1.00 0.00
0.70 0.17 7.15 1.00 0.00
0.70 0.17 7.32 1.00 0.00
0.70 0.17 7.50 1.00 0.00
0.70 0.17 7.67 1.00 0.00
0.90 0.17 4.71 1.00 0.00
0.90 0.17 4.89 1.00 0.00
0.90 0.17 5.06 1.00 0.00
0.90 0.17 5.24 1.00 0.00
0.90 0.17 5.41 1.00 0.00
0.90 0.17 5.58 1.00 0.00
0.90 0.17 5.76 1.00 0.00
0.90 0.17 5.93 1.00 0.00
0.90 0.17 6.11 1.00 0.00
0.90 0.17 6.28 1.00 0.00
0.90 0.17 6.46 1.00 0.00
0.90 0.17 6.63 1.00 0.00
0.90 0.17 6.81 1.00 0.00
0.90 0.17 6.98 1.00 0.00
0.90 0.17 7.16 1.00 0.00
0.90 0.17 7.33 1.00 0.00
0.90 0.17 7.50 1.00 0.00
0.90 0.17 7.68 1.00 0.00
1.10 0.17 4.72 1.00 0.00
1.10 0.17 4.89 1.00 0.00
1.10 0.17 5.07 1.00 0.00
1.10 0.17 5.24 1.00 0.00
1.10 0.17 5.42 1.00 0.00
1.10 0.17 5.59 1.00 0.00
1.10 0.17 5.77 1.00 0.00
1.10 0.17 5.94 1.00 0.00
1.10 0.17 6.12 1.00 0.00
1.10 0.17 6.29 1.00 0.00
1.10 0.17 6.47 1.00 0.00
1.10 0.17 6.64 1.00 0.00
1.10 0.17 6.81 1.00 0.00
1.10 0.17 6.99 1.00 0.00
1.10 0.17 7.16 1.00 0.00
1.10 0.17 7.34 1.00 0.00
1.10 0.17 7.51 1.00 0.00
1.10 0.17 7.69 1.00 0.00
0.30 0.35 4.70 1.00 0.00
0.30 0.35 4.88 1.00 0.00
0.30 0.35 5.05 1.00 0.00
0.30 0.35 5.22 1.00 0.00
0.30 0.35 5.40 1.00 0.00
0.30 0.35 5.57 1.00 0.00
0.30 0.35 5.75 1.00 0.00
0.30 0.35 5.92 1.00 0.00
0.30 0.35 6.10 1.00 0.00
0.30 0.35 6.27 1.00 0.00
0.30 0.35 6.45 1.00 0.00
0.30 0.35 6.62 1.00 0.00
0.30 0.35 6.80 1.00 0.00
0.30 0.35 6.97 1.00 0.00
0.30 0.35 7.14 1.00 0.00
0.30 0.35 7.32 1.00 0.00
0.30 0.35 7.49 1.00 0.00
0.30 0.35 7.67 1.00 0.00
0.50 0.35 4.71 1.00 0.00
0.50 0.35 4.89 1.00 0.00
0.50 0.35 5.06 1.00 0.00
0.50 0.35 5.24 1.00 0.00
0.50 0.35 5.41 1.00 0.00
0.50 0.35 5.59 1.00 0.00
0.50 0.35 5.76 1.00 0.00
0.50 0.35 5.94 1.00 0.00
0.50 0.35 6.11 1.00 0.00
0.50 0.35 6.29 1.00 0.00
0.50 0.35 6.46 1.00 0.00
0.50 0.35 6.63 1.00 0.00
0.50 0.35 6.81 1.00 0.00
0.50 0.35 6.98 1.00 0.00
0.50 0.35 7.16 1.00 0.00
0.50 0.35 7.33 1.00 0.00
0.50 0.35 7.51 1.00 0.00
0.50 0.35 7.68 1.00 0.00
0.70 0.35 4.73 1.00 0.00
0.70 0.35 4.90 1.00 0.00
0.70 0.35 5.08 1.00 0.00
0.70 0.35 5.25 1.00 0.00
0.70 0.35 5.43 1.00 0.00
0.70 0.35 5.60 1.00 0.00
0.70 0.35 5.78 1.00 0.00
0.70 0.35 5.95 1.00 0.00
0.70 0.35 6.13 1.00 0.00
0.70 0.35 6.30 1.00 0.00
0.70 0.35 6.47 1.00 0.00
0.70 0.35 6.65 1.00 0.00
0.70 0.35 6.82 1.00 0.00
0.70 0.35 7.00 1.00 0.00
0.70 0.35 7.17 1.00 0.00
0.70 0.35 7.35 1.00 0.00
0.70 0.35 7.52 1.00 0.00
0.70 0.35 7.70 1.00 0.00
0.90 0.35 4.75 1.00 0.00
0.90 0.35 4.92 1.00 0.00
0.90 0.35 5.09 1.00 0.00
0.90 0.35 5.27 1.00 0.00
0.90 0.35 5.44 1.00 0.00
0.90 0.35 5.62 1.00 0.00
0.90 0.35 5.79 1.00 0.00
0.90 0.35 5.97 1.00 0.00
0.90 0.35 6.14 1.00 0.00
0.90 0.35 6.32 1.00 0.00
0.90 0.35 6.49 1.00 0.00
0.90 0.35 6.67 1.00 0.00
0.90 0.35 6.84 1.00 0.00
0.90 0.35 7.01 1.00 0.00
0.90 0.35 7.19 1.00 0.00
0.90 0.35 7.36 1.00 0.00
0.90 0.35 7.54 1.00 0.00
0.90 0.35 7.71 1.00 0.00
1.10 0.35 4.76 1.00 0.00
1.10 0.35 4.94 1.00 0.00
1.10 0.35 5.11 1.00 0.00
1.10 0.35 5.29 1.00 0.00
1.10 0.35 5.46 1.00 0.00
1.10 0.35 5.64 1.00 0.00
1.10 0.35 5.81 1.00 0.00
1.10 0.35 5.98 1.00 0.00
1.10 0.35 6.16 1.00 0.00
1.10 0.35 6.33 1.00 0.00
1.10 0.35 6.51 1.00 0.00
1.10 0.35 6.68 1.00 0.00
1.10 0.35 6.86 1.00 0.00
1.10 0.35 7.03 1.00 0.00
1.10 0.35 7.21 1.00 0.00
1.10 0.35 7.38 1.00 0.00
1.10 0.35 7.56 1.00 0.00
1.10 0.35 7.73 1.00 0.00
0.30 0.52 4.71 1.00 0.00
0.30 0.52 4.89 1.00 0.00
0.30 0.52 5.06 1.00 0.00
0.30 0.52 5.23 1.00 0.00
0.30 0.52 5.41 1.00 0.00
0.30 0.52 5.58 1.00 0.00
0.30 0.52 5.76 1.00 0.00
0.30 0.52 5.93 1.00 0.00
0.30 0.52 6.11 1.00 0.00
0.30 0.52 6.28 1.00 0.00
0.30 0.52 6.46 1.00 0.00
0.30 0.52 6.63 1.00 0.00
0.30 0.52 6.80 1.00 0.00
0.30 0.52 6.98 1.00 0.00
0.30 0.52 7.15 1.00 0.00
0.30 0.52 7.33 1.00 0.00
0.30 0.52 7.50 1.00 0.00
0.30 0.52 7.68 1.00 0.00
0.50 0.52 4.73 1.00 0.00
0.50 0.52 4.91 1.00 0.00
0.50 0.52 5.08 1.00 0.00
0.50 0.52 5.25 1.00 0.00
0.50 0.52 5.43 1.00 0.00
0.50 0.52 5.60 1.00 0.00
0.50 0.52 5.78 1.00 0.00
0.50 0.52 5.95 1.00 0.00
0.50 0.52 6.13 1.00 0.00
0.50 0.52 6.30 1.00 0.00
0.50 0.52 6.48 1.00 0.00
0.50 0.52 6.65 1.00 0.00
0.50 0.52 6.83 1.00 0.00
0.50 0.52 7.00 1.00 0.00
0.50 0.52 7.17 1.00 0.00
0.50 0.52 7.35 1.00 0.00
0.50 0.52 7.52 1.00 0.00
0.50 0.52 7.70 1.00 0.00
0.70 0.52 4.75 1.00 0.00
0.70 0.52 4.93 1.00 0.00
0.70 0.52 5.10 1.00 0.00
0.70 0.52 5.28 1.00 0.00
0.70 0.52 5.45 1.00 0.00
0.70 0.52 5.63 1.00 0.00
0.70 0.52 5.80 1.00 0.00
0.70 0.52 5.97 1.00 0.00
0.70 0.52 6.15 1.00 0.00
0.70 0.52 6.32 1.00 0.00
0.70 0.52 6.50 1.00 0.00
0.70 0.52 6.67 1.00 0.00
0.70 0.52 6.85 1.00 0.00
0.70 0.52 7.02 1.00 0.00
0.70 0.52 7.20 1.00 0.00
0.70 0.52 7.37 1.00 0.00
0.70 0.52 7.55 1.00 0.00
0.70 0.52 7.72 1.00 0.00
0.90 0.52 4.78 1.00 0.00
0.90 0.52 4.95 1.00 0.00
0.90 0.52 5.13 1.00 0.00
0.90 0.52 5.30 1.00 0.00
0.90 0.52 5.47 1.00 0.00
0.90 0.52 5.65 1.00 0.00
0.90 0.52 5.82 1.00 0.00
0.90 0.52 6.00 1.00 0.00
0.90 0.52 6.17 1.00 0.00
0.90 0.52 6.35 1.00 0.00
0.90 0.52 6.52 1.00 0.00
0.90 0.52 6.70 1.00 0.00
0.90 0.52 6.87 1.00 0.00
0.90 0.52 7.04 1.00 0.00
0.90 0.52 7.22 1.00 0.00
0.90 0.52 7.39 1.00 0.00
0.90 0.52 7.57 1.00 0.00
0.90 0.52 7.74 1.00 0.00
1.10 0.52 4.80 1.00 0.00
1.10 0.52 4.98 1.00 0.00
1.10 0.52 5.15 1.00 0.00
1.10 0.52 5.32 1.00 0.00
1.10 0.52 5.50 1.00 0.00
1.10 0.52 5.67 1.00 0.00
1.10 0.52 5.85 1.00 0.00
1.10 0.52 6.02 1.00 0.00
1.10 0.52 6.20 1.00 0.00
1.10 0.52 6.37 1.00 0.00
1.10 0.52 6.55 1.00 0.00
1.10 0.52 6.72 1.00 0.00
1.10 0.52 6.90 1.00 0.00
1.10 0.52 7.07 1.00 0.00
1.10 0.52 7.24 1.00 0.00
1.10 0.52 7.42 1.00 0.00
1.10 0.52 7.59 1.00 0.00
1.10 0.52 7.77 1.00 0.00
0.30 0.70 4.72 1.00 0.00
0.30 0.70 4.89 1.00 0.00
0.30 0.70 5.07 1.00 0.00
0.30 0.70 5.24 1.00 0.00
0.30 0.70 5.42 1.00 0.00
0.30 0.70 5.59 1.00 0.00
0.30 0.70 5.77 1.00 0.00
0.30 0.70 5.94 1.00 0.00
0.30 0.70 6.12 1.00 0.00
0.30 0.70 6.29 1.00 0.00
0.30 0.70 6.46 1.00 0.00
0.30 0.70 6.64 1.00 0.00
0.30 0.70 6.81 1.00 0.00
0.30 0.70 6.99 1.00 0.00
0.30 0.70 7.16 1.00 0.00
0.30 0.70 7.34 1.00 0.00
0.30 0.70 7.51 1.00 0.00
0.30 0.70 7.69 1.00 0.00
0.50 0.70 4.75 1.00 0.00
0.50 0.70 4.92 1.00 0.00
0.50 0.70 5.09 1.00 0.00
0.50 0.70 5.27 1.00 0.00
0.50 0.70 5.44 1.00 0.00
0.50 0.70 5.62 1.00 0.00
0.50 0.70 5.79 1.00 0.00
0.50 0.70 5.97 1.00 0.00
0.50 0.70 6.14 1.00 0.00
0.50 0.70 6.32 1.00 0.00
0.50 0.70 6.49 1.00 0.00
0.50 0.70 6.66 1.00 0.00
0.50 0.70 6.84 1.00 0.00
0.50 0.70 7.01 1.00 0.00
0.50 0.70 7.19 1.00 0.00
0.50 0.70 7.36 1.00 0.00
0.50 0.70 7.54 1.00 0.00
0.50 0.70 7.71 1.00 0.00
0.70 0.70 4.77 1.00 0.00
0.70 0.70 4.95 1.00 0.00
0.70 0.70 5.12 1.00 0.00
0.70 0.70 5.30 1.00 0.00
0.70 0.70 5.47 1.00 0.00
0.70 0.70 5.65 1.00 0.00
0.70 0.70 5.82 1.00 0.00
0.70 0.70 5.99 1.00 0.00
0.70 0.70 6.17 1.00 0.00
0.70 0.70 6.34 1.00 0.00
0.70 0.70 6.52 1.00 0.00
0.70 0.70 6.69 1.00 0.00
0.70 0.70 6.87 1.00 0.00
0.70 0.70 7.04 1.00 0.00
0.70 0.70 7.22 1.00 0.00
0.70 0.70 7.39 1.00 0.00
0.70 0.70 7.57 1.00 0.00
0.70 0.70 7.74 1.00 0.00
0.90 0.70 4.80 1.00 0.00
0.90 0.70 4.98 1.00 0.00
0.90 0.70 5.15 1.00 0.00
0.90 0.70 5.33 1.00 0.00
0.90 0.70 5.50 1.00 0.00
0.90 0.70 5.67 1.00 0.00
0.90 0.70 5.85 1.00 0.00
0.90 0.70 6.02 1.00 0.00
0.90 0.70 6.20 1.00 0.00
0.90 0.70 6.37 1.00 0.00
0.90 0.70 6.55 1.00 0.00
0.90 0.70 6.72 1.00 0.00
0.90 0.70 6.90 1.00 0.00
0.90 0.70 7.07 1.00 0.00
0.90 0.70 7.25 1.00 0.00
0.90 0.70 7.42 1.00 0.00
0.90 0.70 7.59 1.00 0.00
0.90 0.70 7.77 1.00 0.00
1.10 0.70 4.83 1.00 0.00
1.10 0.70 5.01 1.00 0.00
1.10 0.70 5.18 1.00 0.00
1.10 0.70 5.36 1.00 0.00
1.10 0.70 5.53 1.00 0.00
1.10 0.70 5.71 1.00 0.00
1.10 0.70 5.88 1.00 0.00
1.10 0.70 6.06 1.00 0.00
1.10 0.70 6.23 1.00 0.00
1.10 0.70 6.40 1.00 0.00
1.10 0.70 6.58 1.00 0.00
1.10 0.70 6.75 1.00 0.00
1.10 0.70 6.93 1.00 0.00
1.10 0.70 7.10 1.00 0.00
1.10 0.70 7.28 1.00 0.00
1.10 0.70 7.45 1.00 0.00
1.10 0.70 7.63 1.00 0.00
1.10 0.70 7.80 1.00 0.00
0.30 0.87 4.73 1.00 0.00
0.30 0.87 4.90 1.00 0.00
0.30 0.87 5.08 1.00 0.00
0.30 0.87 5.25 1.00 0.00
0.30 0.87 5.42 1.00 0.00
0.30 0.87 5.60 1.00 0.00
0.30 0.87 5.77 1.00 0.00
0.30 0.87 5.95 1.00 0.00
0.30 0.87 6.12 1.00 0.00
0.30 0.87 6.30 1.00 0.00
0.30 0.87 6.47 1.00 0.00
0.30 0.87 6.65 1.00 0.00
0.30 0.87 6.82 1.00 0.00
0.30 0.87 6.99 1.00 0.00
0.30 0.87 7.17 1.00 0.00
0.30 0.87 7.34 1.00 0.00
0.30 0.87 7.52 1.00 0.00
0.30 0.87 7.69 1.00 0.00
0.50 0.87 4.76 1.00 0.00
0.50 0.87 4.93 1.00 0.00
0.50 0.87 5.11 1.00 0.00
0.50 0.87 5.28 1.00 0.00
0.50 0.87 5.45 1.00 0.00
0.50 0.87 5.63 1.00 0.00
0.50 0.87 5.80 1.00 0.00
0.50 0.87 5.98 1.00 0.00
0.50 0.87 6.15 1.00 0.00
0.50 0.87 6.33 1.00 0.00
0.50 0.87 6.50 1.00 0.00
0.50 0.87 6.68 1.00 0.00
0.50 0.87 6.85 1.00 0.00
0.50 0.87 7.03 1.00 0.00
0.50 0.87 7.20 1.00 0.00
0.50 0.87 7.37 1.00 0.00
0.50 0.87 7.55 1.00 0.00
0.50 0.87 7.72 1.00 0.00
0.70 0.87 4.79 1.00 0.00
0.70 0.87 4.96 1.00 0.00
0.70 0.87 5.14 1.00 0.00
0.70 0.87 5.31 1.00 0.00
0.70 0.87 5.49 1.00 0.00
0.70 0.87 5.66 1.00 0.00
0.70 0.87 5.84 1.00 0.00
0.70 0.87 6.01 1.00 0.00
0.70 0.87 6.19 1.00 0.00
0.70 0.87 6.36 1.00 0.00
0.70 0.87 6.53 1.00 0.00
0.70 0.87 6.71 1.00 0.00
0.70 0.87 6.88 1.00 0.00
0.70 0.87 7.06 1.00 0.00
0.70 0.87 7.23 1.00 0.00
0.70 0.87 7.41 1.00 0.00
0.70 0.87 7.58 1.00 0.00
0.70 0.87 7.76 1.00 0.00
0.90 0.87 4.82 1.00 0.00
0.90 0.87 5.00 1.00 0.00
0.90 0.87 5.17 1.00 0.00
0.90 0.87 5.35 1.00 0.00
0.90 0.87 5.52 1.00 0.00
0.90 0.87 5.70 1.00 0.00
0.90 0.87 5.87 1.00 0.00
0.90 0.87 6.04 1.00 0.00
0.90 0.87 6.22 1.00 0.00
0.90 0.87 6.39 1.00 0.00
0.90 0.87 6.57 1.00 0.00
0.90 0.87 6.74 1.00 0.00
0.90 0.87 6.92 1.00 0.00
0.90 0.87 7.09 1.00 0.00
0.90 0.87 7.27 1.00 0.00
0.90 0.87 7.44 1.00 0.00
0.90 0.87 7.62 1.00 0.00
0.90 0.87 7.79 1.00 0.00
1.10 0.87 4.86 1.00 0.00
1.10 0.87 5.03 1.00 0.00
1.10 0.87 5.21 1.00 0.00
1.10 0.87 5.38 1.00 0.00
1.10 0.87 5.56 1.00 0.00
1.10 0.87 5.73 1.00 0.00
1.10 0.87 5.91 1.00 0.00
1.10 0.87 6.08 1.00 0.00
1.10 0.87 6.25 1.00 0.00
1.10 0.87 6.43 1.00 0.00
1.10 0.87 6.60 1.00 0.00
1.10 0.87 6.78 1.00 0.00
1.10 0.87 6.95 1.00 0.00
1.10 0.87 7.13 1.00 0.00
1.10 0.87 7.30 1.00 0.00
1.10 0.87 7.48 1.00 0.00
1.10 0.87 7.65 1.00 0.00
1.10 0.87 7.83 1.00 0.00
0.30 1.05 4.73 1.00 0.00
0.30 1.05 4.91 1.00 0.00
0.30 1.05 5.08 1.00 0.00
0.30 1.05 5.26 1.00 0.00
0.30 1.05 5.43 1.00 0.00
0.30 1.05 5.60 1.00 0.00
0.30 1.05 5.78 1.00 0.00
0.30 1.05 5.95 1.00 0.00
0.30 1.05 6.13 1.00 0.00
0.30 1.05 6.30 1.00 0.00
0.30 1.05 6.48 1.00 0.00
0.30 1.05 6.65 1.00 0.00
0.30 1.05 6.83 1.00 0.00
0.30 1.05 7.00 1.00 0.00
0.30 1.05 7.18 1.00 0.00
0.30 1.05 7.35 1.00 0.00
0.30 1.05 7.52 1.00 0.00
0.30 1.05 7.70 1.00 0.00
0.50 1.05 4.77 1.00 0.00
0.50 1.05 4.94 1.00 0.00
0.50 1.05 5.12 1.00 0.00
0.50 1.05 5.29 1.00 0.00
0.50 1.05 5.46 1.00 0.00
0.50 1.05 5.64 1.00 0.00
0.50 1.05 5.81 1.00 0.00
0.50 1.05 5.99 1.00 0.00
0.50 1.05 6.16 1.00 0.00
0.50 1.05 6.34 1.00 0.00
0.50 1.05 6.51 1.00 0.00
0.50 1.05 6.69 1.00 0.00
0.50 1.05 6.86 1.00 0.00
0.50 1.05 7.03 1.00 0.00
0.50 1.05 7.21 1.00 0.00
0.50 1.05 7.38 1.00 0.00
0.50 1.05 7.56 1.00 0.00
0.50 1.05 7.73 1.00 0.00
0.70 1.05 4.80 1.00 0.00
0.70 1.05 4.98 1.00 0.00
0.70 1.05 5.15 1.00 0.00
0.70 1.05 5.33 1.00 0.00
0.70 1.05 5.50 1.00 0.00
0.70 1.05 5.67 1.00 0.00
0.70 1.05 5.85 1.00 0.00
0.70 1.05 6.02 1.00 0.00
0.70 1.05 6.20 1.00 0.00
0.70 1.05 6.37 1.00 0.00
0.70 1.05 6.55 1.00 0.00
0.70 1.05 6.72 1.00 0.00
0.70 1.05 6.90 1.00 0.00
0.70 1.05 7.07 1.00 0.00
0.70 1.05 7.25 1.00 0.00
0.70 1.05 7.42 1.00 0.00
0.70 1.05 7.59 1.00 0.00
0.70 1.05 7.77 1.00 0.00
0.90 1.05 4.84 1.00 0.00
0.90 1.05 5.01 1.00 0.00
0.90 1.05 5.19 1.00 0.00
0.90 1.05 5.36 1.00 0.00
0.90 1.05 5.54 1.00 0.00
0.90 1.05 5.71 1.00 0.00
0.90 1.05 5.89 1.00 0.00
0.90 1.05 6.06 1.00 0.00
0.90 1.05 6.23 1.00 0.00
0.90 1.05 6.41 1.00 0.00
0.90 1.05 6.58 1.00 0.00
0.90 1.05 6.76 1.00 0.00
0.90 1.05 6.93 1.00 0.00
0.90 1.05 7.11 1.00 0.00
0.90 1.05 7.28 1.00 0.00
0.90 1.05 7.46 1.00 0.00
0.90 1.05 7.63 1.00 0.00
0.90 1.05 7.81 1.00 0.00
1.10 1.05 4.88 1.00 0.00
1.10 1.05 5.05 1.00 0.00
1.10 1.05 5.23 1.00 0.00
1.10 1.05 5.40 1.00 0.00
1.10 1.05 5.57 1.00 0.00
1.10 1.05 5.75 1.00 0.00
1.10 1.05 5.92 1.00 0.00
1.10 1.05 6.10 1.00 0.00
1.10 1.05 6.27 1.00 0.00
1.10 1.05 6.45 1.00 0.00
1.10 1.05 6.62 1.00 0.00
1.10 1.05 6.80 1.00 0.00
1.10 1.05 6.97 1.00 0.00
1.10 1.05 7.15 1.00 0.00
1.10 1.05 7.32 1.00 0.00
1.10 1.05 7.49 1.00 0.00
1.10 1.05 7.67 1.00 0.00
1.10 1.05 7.84 1.00 0.00
0.30 1.22 4.74 1.00 0.00
0.30 1.22 4.91 1.00 0.00
0.30 1.22 5.08 1.00 0.00
0.30 1.22 5.26 1.00 0.00
0.30 1.22 5.43 1.00 0.00
0.30 1.22 5.61 1.00 0.00
0.30 1.22 5.78 1.00 0.00
0.30 1.22 5.96 1.00 0.00
0.30 1.22 6.13 1.00 0.00
0.30 1.22 6.31 1.00 0.00
0.30 1.22 6.48 1.00 0.00
0.30 1.22 6.66 1.00 0.00
0.30 1.22 6.83 1.00 0.00
0.30 1.22 7.00 1.00 0.00
0.30 1.22 7.18 1.00 0.00
0.30 1.22 7.35 1.00 0.00
0.30 1.22 7.53 1.00 0.00
0.30 1.22 7.70 1.00 0.00
0.50 1.22 4.77 1.00 0.00
0.50 1.22 4.95 1.00 0.00
0.50 1.22 5.12 1.00 0.00
0.50 1.22 5.30 1.00 0.00
0.50 1.22 5.47 1.00 0.00
0.50 1.22 5.64 1.00 0.00
0.50 1.22 5.82 1.00 0.00
0.50 1.22 5.99 1.00 0.00
0.50 1.22 6.17 1.00 0.00
0.50 1.22 6.34 1.00 0.00
0.50 1.22 6.52 1.00 0.00
0.50 1.22 6.69 1.00 0.00
0.50 1.22 6.87 1.00 0.00
0.50 1.22 7.04 1.00 0.00
0.50 1.22 7.22 1.00 0.00
0.50 1.22 7.39 1.00 0.00
0.50 1.22 7.56 1.00 0.00
0.50 1.22 7.74 1.00 0.00
0.70 1.22 4.81 1.00 0.00
0.70 1.22 4.98 1.00 0.00
0.70 1.22 5.16 1.00 0.00
0.70 1.22 5.33 1.00 0.00
0.70 1.22 5.51 1.00 0.00
0.70 1.22 5.68 1.00 0.00
0.70 1.22 5.86 1.00 0.00
0.70 1.22 6.03 1.00 0.00
0.70 1.22 6.21 1.00 0.00
0.70 1.22 6.38 1.00 0.00
0.70 1.22 6.56 1.00 0.00
0.70 1.22 6.73 1.00 0.00
0.70 1.22 6.90 1.00 0.00
0.70 1.22 7.08 1.00 0.00
0.70 1.22 7.25 1.00 0.00
0.70 1.22 7.43 1.00 0.00
0.70 1.22 7.60 1.00 0.00
0.70 1.22 7.78 1.00 0.00
0.90 1.22 4.85 1.00 0.00
0.90 1.22 5.02 1.00 0.00
0.90 1.22 5.20 1.00 0.00
0.90 1.22 5.37 1.00 0.00
0.90 1.22 5.55 1.00 0.00
0.90 1.22 5.72 1.00 0.00
0.90 1.22 5.90 1.00 0.00
0.90 1.22 6.07 1.00 0.00
0.90 1.22 6.24 1.00 0.00
0.90 1.22 6.42 1.00 0.00
0.90 1.22 6.59 1.00 0.00
0.90 1.22 6.77 1.00 0.00
0.90 1.22 6.94 1.00 0.00
0.90 1.22 7.12 1.00 0.00
0.90 1.22 7.29 1.00 0.00
0.90 1.22 7.47 1.00 0.00
0.90 1.22 7.64 1.00 0.00
0.90 1.22 7.81 1.00 0.00
1.10 1.22 4.89 1.00 0.00
1.10 1.22 5.06 1.00 0.00
1.10 1.22 5.24 1.00 0.00
1.10 1.22 5.41 1.00 0.00
1.10 1.22 5.58 1.00 0.00
1.10 1.22 5.76 1.00 0.00
1.10 1.22 5.93 1.00 0.00
1.10 1.22 6.11 1.00 0.00
1.10 1.22 6.28 1.00 0.00
1.10 1.22 6.46 1.00 0.00
1.10 1.22 6.63 1.00 0.00
1.10 1.22 6.81 1.00 0.00
1.10 1.22 6.98 1.00 0.00
1.10 1.22 7.16 1.00 0.00
1.10 1.22 7.33 1.00 0.00
1.10 1.22 7.50 1.00 0.00
1.10 1.22 7.68 1.00 0.00
1.10 1.22 7.85 1.00 0.00
0.30 1.40 4.74 1.00 0.00
0.30 1.40 4.91 1.00 0.00
0.30 1.40 5.09 1.00 0.00
0.30 1.40 5.26 1.00 0.00
0.30 1.40 5.44 1.00 0.00
0.30 1.40 5.61 1.00 0.00
0.30 1.40 5.79 1.00 0.00
0.30 1.40 5.96 1.00 0.00
0.30 1.40 6.13 1.00 0.00
0.30 1.40 6.31 1.00 0.00
0.30 1.40 6.48 1.00 0.00
0.30 1.40 6.66 1.00 0.00
0.30 1.40 6.83 1.00 0.00
0.30 1.40 7.01 1.00 0.00
0.30 1.40 7.18 1.00 0.00
0.30 1.40 7.36 1.00 0.00
0.30 1.40 7.53 1.00 0.00
0.30 1.40 7.71 1.00 0.00
0.50 1.40 4.78 1.00 0.00
0.50 1.40 4.95 1.00 0.00
0.50 1.40 5.12 1.00 0.00
0.50 1.40 5.30 1.00 0.00
0.50 1.40 5.47 1.00 0.00
0.50 1.40 5.65 1.00 0.00
0.50 1.40 5.82 1.00 0.00
0.50 1.40 6.00 1.00 0.00
0.50 1.40 6.17 1.00 0.00
0.50 1.40 6.35 1.00 0.00
0.50 1.40 6.52 1.00 0.00
0.50 1.40 6.70 1.00 0.00
0.50 1.40 6.87 1.00 0.00
0.50 1.40 7.04 1.00 0.00
0.50 1.40 7.22 1.00 0.00
0.50 1.40 7.39 1.00 0.00
0.50 1.40 7.57 1.00 0.00
0.50 1.40 7.74 1.00 0.00
0.70 1.40 4.81 1.00 0.00
0.70 1.40 4.99 1.00 0.00
0.70 1.40 5.16 1.00 0.00
0.70 1.40 5.34 1.00 0.00
0.70 1.40 5.51 1.00 0.00
0.70 1.40 5.69 1.00 0.00
0.70 1.40 5.86 1.00 0.00
0.70 1.40 6.04 1.00 0.00
0.70 1.40 6.21 1.00 0.00
0.70 1.40 6.38 1.00 0.00
0.70 1.40 6.56 1.00 0.00
0.70 1.40 6.73 1.00 0.00
0.70 1.40 6.91 1.00 0.00
0.70 1.40 7.08 1.00 0.00
0.70 1.40 7.26 1.00 0.00
0.70 1.40 7.43 1.00 0.00
0.70 1.40 7.61 1.00 0.00
0.70 1.40 7.78 1.00 0.00
0.90 1.40 4.85 1.00 0.00
0.90 1.40 5.03 1.00 0.00
0.90 1.40 5.20 1.00 0.00
0.90 1.40 5.38 1.00 0.00
0.90 1.40 5.55 1.00 0.00
0.90 1.40 5.72 1.00 0.00
0.90 1.40 5.90 1.00 0.00
0.90 1.40 6.07 1.00 0.00
0.90 1.40 6.25 1.00 0.00
0.90 1.40 6.42 1.00 0.00
0.90 1.40 6.60 1.00 0.00
0.90 1.40 6.77 1.00 0.00
0.90 1.40 6.95 1.00 0.00
0.90 1.40 7.12 1.00 0.00
0.90 1.40 7.30 1.00 0.00
0.90 1.40 7.47 1.00 0.00
0.90 1.40 7.64 1.00 0.00
0.90 1.40 7.82 1.00 0.00
1.10 1.40 4.89 1.00 0.00
1.10 1.40 5.06 1.00 0.00
1.10 1.40 5.24 1.00 0.00
1.10 1.40 5.41 1.00 0.00
1.10 1.40 5.59 1.00 0.00
1.10 1.40 5.76 1.00 0.00
1.10 1.40 5.94 1.00 0.00
1.10 1.40 6.11 1.00 0.00
1.10 1.40 6.29 1.00 0.00
1.10 1.40 6.46 1.00 0.00
1.10 1.40 6.64 1.00 0.00
1.10 1.40 6.81 1.00 0.00
1.10 1.40 6.98 1.00 0.00
1.10 1.40 7.16 1.00 0.00
1.10 1.40 7.33 1.00 0.00
1.10 1.40 7.51 1.00 0.00
1.10 1.40 7.68 1.00 0.00
1.10 1.40 7.86 1.00 0.00
0.30 1.57 4.74 1.00 0.00
0.30 1.57 4.91 1.00 0.00
0.30 1.57 5.09 1.00 0.00
0.30 1.57 5.26 1.00 0.00
0.30 1.57 5.44 1.00 0.00
0.30 1.57 5.61 1.00 0.00
0.30 1.57 5.79 1.00 0.00
0.30 1.57 5.96 1.00 0.00
0.30 1.57 6.13 1.00 0.00
0.30 1.57 6.31 1.00 0.00
0.30 1.57 6.48 1.00 0.00
0.30 1.57 6.66 1.00 0.00
0.30 1.57 6.83 1.00 0.00
0.30 1.57 7.01 1.00 0.00
0.30 1.57 7.18 1.00 0.00
0.30 1.57 7.36 1.00 0.00
0.30 1.57 7.53 1.00 0.00
0.30 1.57 7.71 1.00 0.00
0.50 1.57 4.78 1.00 0.00
0.50 1.57 4.95 1.00 0.00
0.50 1.57 5.13 1.00 0.00
0.50 1.57 5.30 1.00 0.00
0.50 1.57 5.47 1.00 0.00
0.50 1.57 5.65 1.00 0.00
0.50 1.57 5.82 1.00 0.00
0.50 1.57 6.00 1.00 0.00
0.50 1.57 6.17 1.00 0.00
0.50 1.57 6.35 1.00 0.00
0.50 1.57 6.52 1.00 0.00
0.50 1.57 6.70 1.00 0.00
0.50 1.57 6.87 1.00 0.00
0.50 1.57 7.04 1.00 0.00
0.50 1.57 7.22 1.00 0.00
0.50 1.57 7.39 1.00 0.00
0.50 1.57 7.57 1.00 0.00
0.50 1.57 7.74 1.00 0.00
0.70 1.57 4.81 1.00 0.00
0.70 1.57 4.99 1.00 0.00
0.70 1.57 5.16 1.00 0.00
0.70 1.57 5.34 1.00 0.00
0.70 1.57 5.51 1.00 0.00
0.70 1.57 5.69 1.00 0.00
0.70 1.57 5.86 1.00 0.00
0.70 1.57 6.03 1.00 0.00
0.70 1.57 6.21 1.00 0.00
0.70 1.57 6.38 1.00 0.00
0.70 1.57 6.56 1.00 0.00
0.70 1.57 6.73 1.00 0.00
0.70 1.57 6.91 1.00 0.00
0.70 1.57 7.08 1.00 0.00
0.70 1.57 7.26 1.00 0.00
0.70 1.57 7.43 1.00 0.00
0.70 1.57 7.61 1.00 0.00
0.70 1.57 7.78 1.00 0.00
0.90 1.57 4.85 1.00 0.00
0.90 1.57 5.02 1.00 0.00
0.90 1.57 5.20 1.00 0.00
0.90 1.57 5.37 1.00 0.00
0.90 1.57 5.55 1.00 0.00
0.90 1.57 5.72 1.00 0.00
0.90 1.57 5.90 1.00 0.00
0.90 1.57 6.07 1.00 0.00
0.90 1.57 6.25 1.00 0.00
0.90 1.57 6.42 1.00 0.00
0.90 1.57 6.60 1.00 0.00
0.90 1.57 6.77 1.00 0.00
0.90 1.57 6.94 1.00 0.00
0.90 1.57 7.12 1.00 0.00
0.90 1.57 7.29 1.00 0.00
0.90 1.57 7.47 1.00 0.00
0.90 1.57 7.64 1.00 0.00
0.90 1.57 7.82 1.00 0.00
1.10 1.57 4.89 1.00 0.00
1.10 1.57 5.06 1.00 0.00
1.10 1.57 5.24 1.00 0.00
1.10 1.57 5.41 1.00 0.00
1.10 1.57 5.58 1.00 0.00
1.10 1.57 5.76 1.00 0.00
1.10 1.57 5.93 1.00 0.00
1.10 1.57 6.11 1.00 0.00
1.10 1.57 6.28 1.00 0.00
1.10 1.57 6.46 1.00 0.00
1.10 1.57 6.63 1.00 0.00
1.10 1.57 6.81 1.00 0.00
1.10 1.57 6.98 1.00 0.00
1.10 1.57 7.16 1.00 0.00
1.10 1.57 7.33 1.00 0.00
1.10 1.57 7.50 1.00 0.00
1.10 1.57 7.68 1.00 0.00
1.10 1.57 7.85 1.00 0.00
0.30 1.75 4.74 1.00 0.00
0.30 1.75 4.91 1.00 0.00
0.30 1.75 5.09 1.00 0.00
0.30 1.75 5.26 1.00 0.00
0.30 1.75 5.44 1.00 0.00
0.30 1.75 5.61 1.00 0.00
0.30 1.75 5.78 1.00 0.00
0.30 1.75 5.96 1.00 0.00
0.30 1.75 6.13 1.00 0.00
0.30 1.75 6.31 1.00 0.00
0.30 1.75 6.48 1.00 0.00
0.30 1.75 6.66 1.00 0.00
0.30 1.75 6.83 1.00 0.00
0.30 1.75 7.01 1.00 0.00
0.30 1.75 7.18 1.00 0.00
0.30 1.75 7.36 1.00 0.00
0.30 1.75 7.53 1.00 0.00
0.30 1.75 7.70 1.00 0.00
0.50 1.75 4.77 1.00 0.00
0.50 1.75 4.95 1.00 0.00
0.50 1.75 5.12 1.00 0.00
0.50 1.75 5.30 1.00 0.00
0.50 1.75 5.47 1.00 0.00
0.50 1.75 5.65 1.00 0.00
0.50 1.75 5.82 1.00 0.00
0.50 1.75 6.00 1.00 0.00
0.50 1.75 6.17 1.00 0.00
0.50 1.75 6.34 1.00 0.00
0.50 1.75 6.52 1.00 0.00
0.50 1.75 6.69 1.00 0.00
0.50 1.75 6.87 1.00 0.00
0.50 1.75 7.04 1.00 0.00
0.50 1.75 7.22 1.00 0.00
0.50 1.75 7.39 1.00 0.00
0.50 1.75 7.57 1.00 0.00
0.50 1.75 7.74 1.00 0.00
0.70 1.75 4.81 1.00 0.00
0.70 1.75 4.98 1.00 0.00
0.70 1.75 5.16 1.00 0.00
0.70 1.75 5.33 1.00 0.00
0.70 1.75 5.51 1.00 0.00
0.70 1.75 5.68 1.00 0.00
0.70 1.75 5.86 1.00 0.00
0.70 1.75 6.03 1.00 0.00
0.70 1.75 6.21 1.00 0.00
0.70 1.75 6.38 1.00 0.00
0.70 1.75 6.55 1.00 0.00
0.70 1.75 6.73 1.00 0.00
0.70 1.75 6.90 1.00 0.00
0.70 1.75 7.08 1.00 0.00
0.70 1.75 7.25 1.00 0.00
0.70 1.75 7.43 1.00 0.00
0.70 1.75 7.60 1.00 0.00
0.70 1.75 7.78 1.00 0.00
0.90 1.75 4.84 1.00 0.00
0.90 1.75 5.02 1.00 0.00
0.90 1.75 5.19 1.00 0.00
0.90 1.75 5.37 1.00 0.00
0.90 1.75 5.54 1.00 0.00
0.90 1.75 5.72 1.00 0.00
0.90 1.75 5.89 1.00 0.00
0.90 1.75 6.07 1.00 0.00
0.90 1.75 6.24 1.00 0.00
0.90 1.75 6.41 1.00 0.00
0.90 1.75 6.59 1.00 0.00
0.90 1.75 6.76 1.00 0.00
0.90 1.75 6.94 1.00 0.00
0.90 1.75 7.11 1.00 0.00
0.90 1.75 7.29 1.00 0.00
0.90 1.75 7.46 1.00 0.00
0.90 1.75 7.64 1.00 0.00
0.90 1.75 7.81 1.00 0.00
1.10 1.75 4.88 1.00 0.00
1.10 1.75 5.05 1.00 0.00
1.10 1.75 5.23 1.00 0.00
1.10 1.75 5.40 1.00 0.00
1.10 1.75 5.58 1.00 0.00
1.10 1.75 5.75 1.00 0.00
1.10 1.75 5.92 1.00 0.00
1.10 1.75 6.10 1.00 0.00
1.10 1.75 6.27 1.00 0.00
1.10 1.75 6.45 1.00 0.00
1.10 1.75 6.62 1.00 0.00
1.10 1.75 6.80 1.00 0.00
1.10 1.75 6.97 1.00 0.00
1.10 1.75 7.15 1.00 0.00
1.10 1.75 7.32 1.00 0.00
1.10 1.75 7.50 1.00 0.00
1.10 1.75 7.67 1.00 0.00
1.10 1.75 7.84 1.00 0.00
0.30 1.92 4.73 1.00 0.00
0.30 1.92 4.91 1.00 0.00
0.30 1.92 5.08 1.00 0.00
0.30 1.92 5.26 1.00 0.00
0.30 1.92 5.43 1.00 0.00
0.30 1.92 5.61 1.00 0.00
0.30 1.92 5.78 1.00 0.00
0.30 1.92 5.96 1.00 0.00
0.30 1.92 6.13 1.00 0.00
0.30 1.92 6.31 1.00 0.00
0.30 1.92 6.48 1.00 0.00
0.30 1.92 6.65 1.00 0.00
0.30 1.92 6.83 1.00 0.00
0.30 1.92 7.00 1.00 0.00
0.30 1.92 7.18 1.00 0.00
0.30 1.92 7.35 1.00 0.00
0.30 1.92 7.53 1.00 0.00
0.30 1.92 7.70 1.00 0.00
0.50 1.92 4.77 1.00 0.00
0.50 1.92 4.94 1.00 0.00
0.50 1.92 5.12 1.00 0.00
0.50 1.92 5.29 1.00 0.00
0.50 1.92 5.47 1.00 0.00
0.50 1.92 5.64 1.00 0.00
0.50 1.92 5.82 1.00 0.00
0.50 1.92 5.99 1.00 0.00
0.50 1.92 6.16 1.00 0.00
0.50 1.92 6.34 1.00 0.00
0.50 1.92 6.51 1.00 0.00
0.50 1.92 6.69 1.00 0.00
0.50 1.92 6.86 1.00 0.00
0.50 1.92 7.04 1.00 0.00
0.50 1.92 7.21 1.00 0.00
0.50 1.92 7.39 1.00 0.00
0.50 1.92 7.56 1.00 0.00
0.50 1.92 7.74 1.00 0.00
0.70 1.92 4.80 1.00 0.00
0.70 1.92 4.98 1.00 0.00
0.70 1.92 5.15 1.00 0.00
0.70 1.92 5.32 1.00 0.00
0.70 1.92 5.50 1.00 0.00
0.70 1.92 5.67 1.00 0.00
0.70 1.92 5.85 1.00 0.00
0.70 1.92 6.02 1.00 0.00
0.70 1.92 6.20 1.00 0.00
0.70 1.92 6.37 1.00 0.00
0.70 1.92 6.55 1.00 0.00
0.70 1.92 6.72 1.00 0.00
0.70 1.92 6.90 1.00 0.00
0.70 1.92 7.07 1.00 0.00
0.70 1.92 7.24 1.00 0.00
0.70 1.92 7.42 1.00 0.00
0.70 1.92 7.59 1.00 0.00
0.70 1.92 7.77 1.00 0.00
0.90 1.92 4.83 1.00 0.00
0.90 1.92 5.01 1.00 0.00
0.90 1.92 5.18 1.00 0.00
0.90 1.92 5.36 1.00 0.00
0.90 1.92 5.53 1.00 0.00
0.90 1.92 5.71 1.00 0.00
0.90 1.92 5.88 1.00 0.00
0.90 1.92 6.05 1.00 0.00
0.90 1.92 6.23 1.00 0.00
0.90 1.92 6.40 1.00 0.00
0.90 1.92 6.58 1.00 0.00
0.90 1.92 6.75 1.00 0.00
0.90 1.92 6.93 1.00 0.00
0.90 1.92 7.10 1.00 0.00
0.90 1.92 7.28 1.00 0.00
0.90 1.92 7.45 1.00 0.00
0.90 1.92 7.63 1.00 0.00
0.90 1.92 7.80 1.00 0.00
1.10 1.92 4.86 1.00 0.00
1.10 1.92 5.04 1.00 0.00
1.10 1.92 5.21 1.00 0.00
1.10 1.92 5.39 1.00 0.00
1.10 1.92 5.56 1.00 0.00
1.10 1.92 5.74 1.00 0.00
1.10 1.92 5.91 1.00 0.00
1.10 1.92 6.09 1.00 0.00
1.10 1.92 6.26 1.00 0.00
1.10 1.92 6.43 1.00 0.00
1.10 1.92 6.61 1.00 0.00
1.10 1.92 6.78 1.00 0.00
1.10 1.92 6.96 1.00 0.00
1.10 1.92 7.13 1.00 0.00
1.10 1.92 7.31 1.00 0.00
1.10 1.92 7.48 1.00 0.00
1.10 1.92 7.66 1.00 0.00
1.10 1.92 7.83 1.00 0.00
0.30 2.09 4.73 1.00 0.00
0.30 2.09 4.91 1.00 0.00
0.30 2.09 5.08 1.00 0.00
0.30 2.09 5.25 1.00 0.00
0.30 2.09 5.43 1.00 0.00
0.30 2.09 5.60 1.00 0.00
0.30 2.09 5.78 1.00 0.00
0.30 2.09 5.95 1.00 0.00
0.30 2.09 6.13 1.00 0.00
0.30 2.09 6.30 1.00 0.00
0.30 2.09 6.48 1.00 0.00
0.30 2.09 6.65 1.00 0.00
0.30 2.09 6.83 1.00 0.00
0.30 2.09 7.00 1.00 0.00
0.30 2.09 7.17 1.00 0.00
0.30 2.09 7.35 1.00 0.00
0.30 2.09 7.52 1.00 0.00
0.30 2.09 7.70 1.00 0.00
0.50 2.09 4.76 1.00 0.00
0.50 2.09 4.94 1.00 0.00
0.50 2.09 5.11 1.00 0.00
0.50 2.09 5.28 1.00 0.00
0.50 2.09 5.46 1.00 0.00
0.50 2.09 5.63 1.00 0.00
0.50 2.09 5.81 1.00 0.00
0.50 2.09 5.98 1.00 0.00
0.50 2.09 6.16 1.00 0.00
0.50 2.09 6.33 1.00 0.00
0.50 2.09 6.51 1.00 0.00
0.50 2.09 6.68 1.00 0.00
0.50 2.09 6.86 1.00 0.00
0.50 2.09 7.03 1.00 0.00
0.50 2.09 7.20 1.00 0.00
0.50 2.09 7.38 1.00 0.00
0.50 2.09 7.55 1.00 0.00
0.50 2.09 7.73 1.00 0.00
0.70 2.09 4.79 1.00 0.00
0.70 2.09 4.97 1.00 0.00
0.70 2.09 5.14 1.00 0.00
0.70 2.09 5.31 1.00 0.00
0.70 2.09 5.49 1.00 0.00
0.70 2.09 5.66 1.00 0.00
0.70 2.09 5.84 1.00 0.00
0.70 2.09 6.01 1.00 0.00
0.70 2.09 6.19 1.00 0.00
0.70 2.09 6.36 1.00 0.00
0.70 2.09 6.54 1.00 0.00
0.70 2.09 6.71 1.00 0.00
0.70 2.09 6.89 1.00 0.00
0.70 2.09 7.06 1.00 0.00
0.70 2.09 7.23 1.00 0.00
0.70 2.09 7.41 1.00 0.00
0.70 2.09 7.58 1.00 0.00
0.70 2.09 7.76 1.00 0.00
0.90 2.09 4.82 1.00 0.00
0.90 2.09 4.99 1.00 0.00
0.90 2.09 5.17 1.00 0.00
0.90 2.09 5.34 1.00 0.00
0.90 2.09 5.52 1.00 0.00
0.90 2.09 5.69 1.00 0.00
0.90 2.09 5.87 1.00 0.00
0.90 2.09 6.04 1.00 0.00
0.90 2.09 6.22 1.00 0.00
0.90 2.09 6.39 1.00 0.00
0.90 2.09 6.56 1.00 0.00
0.90 2.09 6.74 1.00 0.00
0.90 2.09 6.91 1.00 0.00
0.90 2.09 7.09 1.00 0.00
0.90 2.09 7.26 1.00 0.00
0.90 2.09 7.44 1.00 0.00
0.90 2.09 7.61 1.00 0.00
0.90 2.09 7.79 1.00 0.00
1.10 2.09 4.85 1.00 0.00
1.10 2.09 5.02 1.00 0.00
1.10 2.09 5.20 1.00 0.00
1.10 2.09 5.37 1.00 0.00
1.10 2.09 5.54 1.00 0.00
1.10 2.09 5.72 1.00 0.00
1.10 2.09 5.89 1.00 0.00
1.10 2.09 6.07 1.00 0.00
1.10 2.09 6.24 1.00 0.00
1.10 2.09 6.42 1.00 0.00
1.10 2.09 6.59 1.00 0.00
1.10 2.09 6.77 1.00 0.00
1.10 2.09 6.94 1.00 0.00
1.10 2.09 7.12 1.00 0.00
1.10 2.09 7.29 1.00 0.00
1.10 2.09 7.46 1.00 0.00
1.10 2.09 7.64 1.00 0.00
1.10 2.09 7.81 1.00 0.00
0.30 2.27 4.73 1.00 0.00
0.30 2.27 4.90 1.00 0.00
0.30 2.27 5.07 1.00 0.00
0.30 2.27 5.25 1.00 0.00
0.30 2.27 5.42 1.00 0.00
0.30 2.27 5.60 1.00 0.00
0.30 2.27 5.77 1.00 0.00
0.30 2.27 5.95 1.00 0.00
0.30 2.27 6.12 1.00 0.00
0.30 2.27 6.30 1.00 0.00
0.30 2.27 6.47 1.00 0.00
0.30 2.27 6.64 1.00 0.00
0.30 2.27 6.82 1.00 0.00
0.30 2.27 6.99 1.00 0.00
0.30 2.27 7.17 1.00 0.00
0.30 2.27 7.34 1.00 0.00
0.30 2.27 7.52 1.00 0.00
0.30 2.27 7.69 1.00 0.00
0.50 2.27 4.75 1.00 0.00
0.50 2.27 4.93 1.00 0.00
0.50 2.27 5.10 1.00 0.00
0.50 2.27 5.28 1.00 0.00
0.50 2.27 5.45 1.00 0.00
0.50 2.27 5.62 1.00 0.00
0.50 2.27 5.80 1.00 0.00
0.50 2.27 5.97 1.00 0.00
0.50 2.27 6.15 1.00 0.00
0.50 2.27 6.32 1.00 0.00
0.50 2.27 6.50 1.00 0.00
0.50 2.27 6.67 1.00 0.00
0.50 2.27 6.85 1.00 0.00
0.50 2.27 7.02 1.00 0.00
0.50 2.27 7.20 1.00 0.00
0.50 2.27 7.37 1.00 0.00
0.50 2.27 7.54 1.00 0.00
0.50 2.27 7.72 1.00 0.00
0.70 2.27 4.78 1.00 0.00
0.70 2.27 4.95 1.00 0.00
0.70 2.27 5.13 1.00 0.00
0.70 2.27 5.30 1.00 0.00
0.70 2.27 5.48 1.00 0.00
0.70 2.27 5.65 1.00 0.00
0.70 2.27 5.82 1.00 0.00
0.70 2.27 6.00 1.00 0.00
0.70 2.27 6.17 1.00 0.00
0.70 2.27 6.35 1.00 0.00
0.70 2.27 6.52 1.00 0.00
0.70 2.27 6.70 1.00 0.00
0.70 2.27 6.87 1.00 0.00
0.70 2.27 7.05 1.00 0.00
0.70 2.27 7.22 1.00 0.00
0.70 2.27 7.40 1.00 0.00
0.70 2.27 7.57 1.00 0.00
0.70 2.27 7.74 1.00 0.00
0.90 2.27 4.80 1.00 0.00
0.90 2.27 4.98 1.00 0.00
0.90 2.27 5.15 1.00 0.00
0.90 2.27 5.33 1.00 0.00
0.90 2.27 5.50 1.00 0.00
0.90 2.27 5.67 1.00 0.00
0.90 2.27 5.85 1.00 0.00
0.90 2.27 6.02 1.00 0.00
0.90 2.27 6.20 1.00 0.00
0.90 2.27 6.37 1.00 0.00
0.90 2.27 6.55 1.00 0.00
0.90 2.27 6.72 1.00 0.00
0.90 2.27 6.90 1.00 0.00
0.90 2.27 7.07 1.00 0.00
0.90 2.27 7.25 1.00 0.00
0.90 2.27 7.42 1.00 0.00
0.90 2.27 7.59 1.00 0.00
0.90 2.27 7.77 1.00 0.00
1.10 2.27 4.82 1.00 0.00
1.10 2.27 5.00 1.00 0.00
1.10 2.27 5.17 1.00 0.00
1.10 2.27 5.35 1.00 0.00
1.10 2.27 5.52 1.00 0.00
1.10 2.27 5.70 1.00 0.00
1.10 2.27 5.87 1.00 0.00
1.10 2.27 6.05 1.00 0.00
1.10 2.27 6.22 1.00 0.00
1.10 2.27 6.40 1.00 0.00
1.10 2.27 6.57 1.00 0.00
1.10 2.27 6.74 1.00 0.00
1.10 2.27 6.92 1.00 0.00
1.10 2.27 7.09 1.00 0.00
1.10 2.27 7.27 1.00 0.00
1.10 2.27 7.44 1.00 0.00
1.10 2.27 7.62 1.00 0.00
1.10 2.27 7.79 1.00 0.00
0.30 2.44 4.72 1.00 0.00
0.30 2.44 4.89 1.00 0.00
0.30 2.44 5.07 1.00 0.00
0.30 2.44 5.24 1.00 0.00
0.30 2.44 5.42 1.00 0.00
0.30 2.44 5.59 1.00 0.00
0.30 2.44 5.77 1.00 0.00
0.30 2.44 5.94 1.00 0.00
0.30 2.44 6.11 1.00 0.00
0.30 2.44 6.29 1.00 0.00
0.30 2.44 6.46 1.00 0.00
0.30 2.44 6.64 1.00 0.00
0.30 2.44 6.81 1.00 0.00
0.30 2.44 6.99 1.00 0.00
0.30 2.44 7.16 1.00 0.00
0.30 2.44 7.34 1.00 0.00
0.30 2.44 7.51 1.00 0.00
0.30 2.44 7.69 1.00 0.00
0.50 2.44 4.74 1.00 0.00
0.50 2.44 4.92 1.00 0.00
0.50 2.44 5.09 1.00 0.00
0.50 2.44 5.26 1.00 0.00
0.50 2.44 5.44 1.00 0.00
0.50 2.44 5.61 1.00 0.00
0.50 2.44 5.79 1.00 0.00
0.50 2.44 5.96 1.00 0.00
0.50 2.44 6.14 1.00 0.00
0.50 2.44 6.31 1.00 0.00
0.50 2.44 6.49 1.00 0.00
0.50 2.44 6.66 1.00 0.00
0.50 2.44 6.84 1.00 0.00
0.50 2.44 7.01 1.00 0.00
0.50 2.44 7.18 1.00 0.00
0.50 2.44 7.36 1.00 0.00
0.50 2.44 7.53 1.00 0.00
0.50 2.44 7.71 1.00 0.00
0.70 2.44 4.76 1.00 0.00
0.70 2.44 4.94 1.00 0.00
0.70 2.44 5.11 1.00 0.00
0.70 2.44 5.29 1.00 0.00
0.70 2.44 5.46 1.00 0.00
0.70 2.44 5.63 1.00 0.00
0.70 2.44 5.81 1.00 0.00
0.70 2.44 5.98 1.00 0.00
0.70 2.44 6.16 1.00 0.00
0.70 2.44 6.33 1.00 0.00
0.70 2.44 6.51 1.00 0.00
0.70 2.44 6.68 1.00 0.00
0.70 2.44 6.86 1.00 0.00
0.70 2.44 7.03 1.00 0.00
0.70 2.44 7.21 1.00 0.00
0.70 2.44 7.38 1.00 0.00
0.70 2.44 7.55 1.00 0.00
0.70 2.44 7.73 1.00 0.00
0.90 2.44 4.78 1.00 0.00
0.90 2.44 4.96 1.00 0.00
0.90 2.44 5.13 1.00 0.00
0.90 2.44 5.31 1.00 0.00
0.90 2.44 5.48 1.00 0.00
0.90 2.44 5.65 1.00 0.00
0.90 2.44 5.83 1.00 0.00
0.90 2.44 6.00 1.00 0.00
0.90 2.44 6.18 1.00 0.00
0.90 2.44 6.35 1.00 0.00
0.90 2.44 6.53 1.00 0.00
0.90 2.44 6.70 1.00 0.00
0.90 2.44 6.88 1.00 0.00
0.90 2.44 7.05 1.00 0.00
0.90 2.44 7.23 1.00 0.00
0.90 2.44 7.40 1.00 0.00
0.90 2.44 7.57 1.00 0.00
0.90 2.44 7.75 1.00 0.00
1.10 2.44 4.80 1.00 0.00
1.10 2.44 4.98 1.00 0.00
1.10 2.44 5.15 1.00 0.00
1.10 2.44 5.32 1.00 0.00
1.10 2.44 5.50 1.00 0.00
1.10 2.44 5.67 1.00 0.00
1.10 2.44 5.85 1.00 0.00
1.10 2.44 6.02 1.00 0.00
1.10 2.44 6.20 1.00 0.00
1.10 2.44 6.37 1.00 0.00
1.10 2.44 6.55 1.00 0.00
1.10 2.44 6.72 1.00 0.00
1.10 2.44 6.90 1.00 0.00
1.10 2.44 7.07 1.00 0.00
1.10 2.44 7.24 1.00 0.00
1.10 2.44 7.42 1.00 0.00
1.10 2.44 7.59 1.00 0.00
1.10 2.44 7.77 1.00 0.00
0.30 2.62 4.71 1.00 0.00
0.30 2.62 4.89 1.00 0.00
0.30 2.62 5.06 1.00 0.00
0.30 2.62 5.23 1.00 0.00
0.30 2.62 5.41 1.00 0.00
0.30 2.62 5.58 1.00 0.00
0.30 2.62 5.76 1.00 0.00
0.30 2.62 5.93 1.00 0.00
0.30 2.62 6.11 1.00 0.00
0.30 2.62 6.28 1.00 0.00
0.30 2.62 6.46 1.00 0.00
0.30 2.62 6.63 1.00 0.00
0.30 2.62 6.81 1.00 0.00
0.30 2.62 6.98 1.00 0.00
0.30 2.62 7.15 1.00 0.00
0.30 2.62 7.33 1.00 0.00
0.30 2.62 7.50 1.00 0.00
0.30 2.62 7.68 1.00 0.00
0.50 2.62 4.73 1.00 0.00
0.50 2.62 4.90 1.00 0.00
0.50 2.62 5.08 1.00 0.00
0.50 2.62 5.25 1.00 0.00
0.50 2.62 5.43 1.00 0.00
0.50 2.62 5.60 1.00 0.00
0.50 2.62 5.78 1.00 0.00
0.50 2.62 5.95 1.00 0.00
0.50 2.62 6.12 1.00 0.00
0.50 2.62 6.30 1.00 0.00
0.50 2.62 6.47 1.00 0.00
0.50 2.62 6.65 1.00 0.00
0.50 2.62 6.82 1.00 0.00
0.50 2.62 7.00 1.00 0.00
0.50 2.62 7.17 1.00 0.00
0.50 2.62 7.35 1.00 0.00
0.50 2.62 7.52 1.00 0.00
0.50 2.62 7.70 1.00 0.00
0.70 2.62 4.74 1.00 0.00
0.70 2.62 4.92 1.00 0.00
0.70 2.62 5.09 1.00 0.00
0.70 2.62 5.27 1.00 0.00
0.70 2.62 5.44 1.00 0.00
0.70 2.62 5.62 1.00 0.00
0.70 2.62 5.79 1.00 0.00
0.70 2.62 5.97 1.00 0.00
0.70 2.62 6.14 1.00 0.00
0.70 2.62 6.32 1.00 0.00
0.70 2.62 6.49 1.00 0.00
0.70 2.62 6.66 1.00 0.00
0.70 2.62 6.84 1.00 0.00
0.70 2.62 7.01 1.00 0.00
0.70 2.62 7.19 1.00 0.00
0.70 2.62 7.36 1.00 0.00
0.70 2.62 7.54 1.00 0.00
0.70 2.62 7.71 1.00 0.00
0.90 2.62 4.76 1.00 0.00
0.90 2.62 4.93 1.00 0.00
0.90 2.62 5.11 1.00 0.00
0.90 2.62 5.28 1.00 0.00
0.90 2.62 5.46 1.00 0.00
0.90 2.62 5.63 1.00 0.00
0.90 2.62 5.81 1.00 0.00
0.90 2.62 5.98 1.00 0.00
0.90 2.62 6.16 1.00 0.00
0.90 2.62 6.33 1.00 0.00
0.90 2.62 6.51 1.00 0.00
0.90 2.62 6.68 1.00 0.00
0.90 2.62 6.85 1.00 0.00
0.90 2.62 7.03 1.00 0.00
0.90 2.62 7.20 1.00 0.00
0.90 2.62 7.38 1.00 0.00
0.90 2.62 7.55 1.00 0.00
0.90 2.62 7.73 1.00 0.00
1.10 2.62 4.77 1.00 0.00
1.10 2.62 4.95 1.00 0.00
1.10 2.62 5.12 1.00 0.00
1.10 2.62 5.30 1.00 0.00
1.10 2.62 5.47 1.00 0.00
1.10 2.62 5.65 1.00 0.00
1.10 2.62 5.82 1.00 0.00
1.10 2.62 6.00 1.00 0.00
1.10 2.62 6.17 1.00 0.00
1.10 2.62 6.35 1.00 0.00
1.10 2.62 6.52 1.00 0.00
1.10 2.62 6.69 1.00 0.00
1.10 2.62 6.87 1.00 0.00
1.10 2.62 7.04 1.00 0.00
1.10 2.62 7.22 1.00 0.00
1.10 2.62 7.39 1.00 0.00
1.10 2.62 7.57 1.00 0.00
1.10 2.62 7.74 1.00 0.00
0.30 2.79 4.70 1.00 0.00
0.30 2.79 4.88 1.00 0.00
0.30 2.79 5.05 1.00 0.00
0.30 2.79 5.23 1.00 0.00
0.30 2.79 5.40 1.00 0.00
0.30 2.79 5.57 1.00 0.00
0.30 2.79 5.75 1.00 0.00
0.30 2.79 5.92 1.00 0.00
0.30 2.79 6.10 1.00 0.00
0.30 2.79 6.27 1.00 0.00
0.30 2.79 6.45 1.00 0.00
0.30 2.79 6.62 1.00 0.00
0.30 2.79 6.80 1.00 0.00
0.30 2.79 6.97 1.00 0.00
0.30 2.79 7.15 1.00 0.00
0.30 2.79 7.32 1.00 0.00
0.30 2.79 7.49 1.00 0.00
0.30 2.79 7.67 1.00 0.00
0.50 2.79 4.71 1.00 0.00
0.50 2.79 4.89 1.00 0.00
0.50 2.79 5.06 1.00 0.00
0.50 2.79 5.24 1.00 0.00
0.50 2.79 5.41 1.00 0.00
0.50 2.79 5.59 1.00 0.00
0.50 2.79 5.76 1.00 0.00
0.50 2.79 5.94 1.00 0.00
0.50 2.79 6.11 1.00 0.00
0.50 2.79 6.29 1.00 0.00
0.50 2.79 6.46 1.00 0.00
0.50 2.79 6.63 1.00 0.00
0.50 2.79 6.81 1.00 0.00
0.50 2.79 6.98 1.00 0.00
0.50 2.79 7.16 1.00 0.00
0.50 2.79 7.33 1.00 0.00
0.50 2.79 7.51 1.00 0.00
0.50 2.79 7.68 1.00 0.00
0.70 2.79 4.73 1.00 0.00
0.70 2.79 4.90 1.00 0.00
0.70 2.79 5.07 1.00 0.00
0.70 2.79 5.25 1.00 0.00
0.70 2.79 5.42 1.00 0.00
0.70 2.79 5.60 1.00 0.00
0.70 2.79 5.77 1.00 0.00
0.70 2.79 5.95 1.00 0.00
0.70 2.79 6.12 1.00 0.00
0.70 2.79 6.30 1.00 0.00
0.70 2.79 6.47 1.00 0.00
0.70 2.79 6.65 1.00 0.00
0.70 2.79 6.82 1.00 0.00
0.70 2.79 6.99 1.00 0.00
0.70 2.79 7.17 1.00 0.00
0.70 2.79 7.34 1.00 0.00
0.70 2.79 7.52 1.00 0.00
0.70 2.79 7.69 1.00 0.00
0.90 2.79 4.74 1.00 0.00
0.90 2.79 4.91 1.00 0.00
0.90 2.79 5.09 1.00 0.00
0.90 2.79 5.26 1.00 0.00
0.90 2.79 5.43 1.00 0.00
0.90 2.79 5.61 1.00 0.00
0.90 2.79 5.78 1.00 0.00
0.90 2.79 5.96 1.00 0.00
0.90 2.79 6.13 1.00 0.00
0.90 2.79 6.31 1.00 0.00
0.90 2.79 6.48 1.00 0.00
0.90 2.79 6.66 1.00 0.00
0.90 2.79 6.83 1.00 0.00
0.90 2.79 7.01 1.00 0.00
0.90 2.79 7.18 1.00 0.00
0.90 2.79 7.35 1.00 0.00
0.90 2.79 7.53 1.00 0.00
0.90 2.79 7.70 1.00 0.00
1.10 2.79 4.75 1.00 0.00
1.10 2.79 4.92 1.00 0.00
1.10 2.79 5.10 1.00 0.00
1.10 2.79 5.27 1.00 0.00
1.10 2.79 5.44 1.00 0.00
1.10 2.79 5.62 1.00 0.00
1.10 2.79 5.79 1.00 0.00
1.10 2.79 5.97 1.00 0.00
1.10 2.79 6.14 1.00 0.00
1.10 2.79 6.32 1.00 0.00
1.10 2.79 6.49 1.00 0.00
1.10 2.79 6.67 1.00 0.00
1.10 2.79 6.84 1.00 0.00
1.10 2.79 7.02 1.00 0.00
1.10 2.79 7.19 1.00 0.00
1.10 2.79 7.36 1.00 0.00
1.10 2.79 7.54 1.00 0.00
1.10 2.79 7.71 1.00 0.00
0.30 2.97 4.69 1.00 0.00
0.30 2.97 4.87 1.00 0.00
0.30 2.97 5.04 1.00 0.00
0.30 2.97 5.22 1.00 0.00
0.30 2.97 5.39 1.00 0.00
0.30 2.97 5.57 1.00 0.00
0.30 2.97 5.74 1.00 0.00
0.30 2.97 5.92 1.00 0.00
0.30 2.97 6.09 1.00 0.00
0.30 2.97 6.26 1.00 0.00
0.30 2.97 6.44 1.00 0.00
0.30 2.97 6.61 1.00 0.00
0.30 2.97 6.79 1.00 0.00
0.30 2.97 6.96 1.00 0.00
0.30 2.97 7.14 1.00 0.00
0.30 2.97 7.31 1.00 0.00
0.30 2.97 7.49 1.00 0.00
0.30 2.97 7.66 1.00 0.00
0.50 2.97 4.70 1.00 0.00
0.50 2.97 4.87 1.00 0.00
0.50 2.97 5.05 1.00 0.00
0.50 2.97 5.22 1.00 0.00
0.50 2.97 5.40 1.00 0.00
0.50 2.97 5.57 1.00 0.00
0.50 2.97 5.75 1.00 0.00
0.50 2.97 5.92 1.00 0.00
0.50 2.97 6.10 1.00 0.00
0.50 2.97 6.27 1.00 0.00
0.50 2.97 6.45 1.00 0.00
0.50 2.97 6.62 1.00 0.00
0.50 2.97 6.79 1.00 0.00
0.50 2.97 6.97 1.00 0.00
0.50 2.97 7.14 1.00 0.00
0.50 2.97 7.32 1.00 0.00
0.50 2.97 7.49 1.00 0.00
0.50 2.97 7.67 1.00 0.00
0.70 2.97 4.71 1.00 0.00
0.70 2.97 4.88 1.00 0.00
0.70 2.97 5.06 1.00 0.00
0.70 2.97 5.23 1.00 0.00
0.70 2.97 5.40 1.00 0.00
0.70 2.97 5.58 1.00 0.00
0.70 2.97 5.75 1.00 0.00
0.70 2.97 5.93 1.00 0.00
0.70 2.97 6.10 1.00 0.00
0.70 2.97 6.28 1.00 0.00
0.70 2.97 6.45 1.00 0.00
0.70 2.97 6.63 1.00 0.00
0.70 2.97 6.80 1.00 0.00
0.70 2.97 6.98 1.00 0.00
0.70 2.97 7.15 1.00 0.00
0.70 2.97 7.32 1.00 0.00
0.70 2.97 7.50 1.00 0.00
0.70 2.97 7.67 1.00 0.00
0.90 2.97 4.71 1.00 0.00
0.90 2.97 4.89 1.00 0.00
0.90 2.97 5.06 1.00 0.00
0.90 2.97 5.24 1.00 0.00
0.90 2.97 5.41 1.00 0.00
0.90 2.97 5.58 1.00 0.00
0.90 2.97 5.76 1.00 0.00
0.90 2.97 5.93 1.00 0.00
0.90 2.97 6.11 1.00 0.00
0.90 2.97 6.28 1.00 0.00
0.90 2.97 6.46 1.00 0.00
0.90 2.97 6.63 1.00 0.00
0.90 2.97 6.81 1.00 0.00
0.90 2.97 6.98 1.00 0.00
0.90 2.97 7.16 1.00 0.00
0.90 2.97 7.33 1.00 0.00
0.90 2.97 7.50 1.00 0.00
0.90 2.97 7.68 1.00 0.00
1.10 2.97 4.72 1.00 0.00
1.10 2.97 4.89 1.00 0.00
1.10 2.97 5.07 1.00 0.00
1.10 2.97 5.24 1.00 0.00
1.10 2.97 5.42 1.00 0.00
1.10 2.97 5.59 1.00 0.00
1.10 2.97 5.76 1.00 0.00
1.10 2.97 5.94 1.00 0.00
1.10 2.97 6.11 1.00 0.00
1.10 2.97 6.29 1.00 0.00
1.10 2.97 6.46 1.00 0.00
1.10 2.97 6.64 1.00 0.00
1.10 2.97 6.81 1.00 0.00
1.10 2.97 6.99 1.00 0.00
1.10 2.97 7.16 1.00 0.00
1.10 2.97 7.34 1.00 0.00
1.10 2.97 7.51 1.00 0.00
1.10 2.97 7.68 1.00 0.00
0.30 3.14 4.68 1.00 0.00
0.30 3.14 4.86 1.00 0.00
0.30 3.14 5.03 1.00 0.00
0.30 3.14 5.21 1.00 0.00
0.30 3.14 5.38 1.00 0.00
0.30 3.14 5.56 1.00 0.00
0.30 3.14 5.73 1.00 0.00
0.30 3.14 5.91 1.00 0.00
0.30 3.14 6.08 1.00 0.00
0.30 3.14 6.25 1.00 0.00
0.30 3.14 6.43 1.00 0.00
0.30 3.14 6.60 1.00 0.00
0.30 3.14 6.78 1.00 0.00
0.30 3.14 6.95 1.00 0.00
0.30 3.14 7.13 1.00 0.00
0.30 3.14 7.30 1.00 0.00
0.30 3.14 7.48 1.00 0.00
0.30 3.14 7.65 1.00 0.00
0.50 3.14 4.69 1.00 0.00
0.50 3.14 4.86 1.00 0.00
0.50 3.14 5.03 1.00 0.00
0.50 3.14 5.21 1.00 0.00
0.50 3.14 5.38 1.00 0.00
0.50 3.14 5.56 1.00 0.00
0.50 3.14 5.73 1.00 0.00
0.50 3.14 5.91 1.00 0.00
0.50 3.14 6.08 1.00 0.00
0.50 3.14 6.26 1.00 0.00
0.50 3.14 6.43 1.00 0.00
0.50 3.14 6.60 1.00 0.00
0.50 3.14 6.78 1.00 0.00
0.50 3.14 6.95 1.00 0.00
0.50 3.14 7.13 1.00 0.00
0.50 3.14 7.30 1.00 0.00
0.50 3.14 7.48 1.00 0.00
0.50 3.14 7.65 1.00 0.00
0.70 3.14 4.69 1.00 0.00
0.70 3.14 4.86 1.00 0.00
0.70 3.14 5.04 1.00 0.00
0.70 3.14 5.21 1.00 0.00
0.70 3.14 5.38 1.00 0.00
0.70 3.14 5.56 1.00 0.00
0.70 3.14 5.73 1.00 0.00
0.70 3.14 5.91 1.00 0.00
0.70 3.14 6.08 1.00 0.00
0.70 3.14 6.26 1.00 0.00
0.70 3.14 6.43 1.00 0.00
0.70 3.14 6.61 1.00 0.00
0.70 3.14 6.78 1.00 0.00
0.70 3.14 6.95 1.00 0.00
0.70 3.14 7.13 1.00 0.00
0.70 3.14 7.30 1.00 0.00
0.70 3.14 7.48 1.00 0.00
0.70 3.14 7.65 1.00 0.00
0.90 3.14 4.69 1.00 0.00
0.90 3.14 4.86 1.00 0.00
0.90 3.14 5.04 1.00 0.00
0.90 3.14 5.21 1.00 0.00
0.90 3.14 5.38 1.00 0.00
0.90 3.14 5.56 1.00 0.00
0.90 3.14 5.73 1.00 0.00
0.90 3.14 5.91 1.00 0.00
0.90 3.14 6.08 1.00 0.00
0.90 3.14 6.26 1.00 0.00
0.90 3.14 6.43 1.00 0.00
0.90 3.14 6.61 1.00 0.00
0.90 3.14 6.78 1.00 0.00
0.90 3.14 6.96 1.00 0.00
0.90 3.14 7.13 1.00 0.00
0.90 3.14 7.30 1.00 0.00
0.90 3.14 7.48 1.00 0.00
0.90 3.14 7.65 1.00 0.00
1.10 3.14 4.69 1.00 0.00
1.10 3.14 4.86 1.00 0.00
1.10 3.14 5.04 1.00 0.00
1.10 3.14 5.21 1.00 0.00
1.10 3.14 5.39 1.00 0.00
1.10 3.14 5.56 1.00 0.00
1.10 3.14 5.73 1.00 0.00
1.10 3.14 5.91 1.00 0.00
1.10 3.14 6.08 1.00 0.00
1.10 3.14 6.26 1.00 0.00
1.10 3.14 6.43 1.00 0.00
1.10 3.14 6.61 1.00 0.00
1.10 3.14 6.78 1.00 0.00
1.10 3.14 6.96 1.00 0.00
1.10 3.14 7.13 1.00 0.00
1.10 3.14 7.31 1.00 0.00
1.10 3.14 7.48 1.00 0.00
1.10 3.14 7.65 1.00 0.00
0.30 3.32 4.67 1.00 0.00
0.30 3.32 4.85 1.00 0.00
0.30 3.32 5.02 1.00 0.00
0.30 3.32 5.20 1.00 0.00
0.30 3.32 5.37 1.00 0.00
0.30 3.32 5.55 1.00 0.00
0.30 3.32 5.72 1.00 0.00
0.30 3.32 5.90 1.00 0.00
0.30 3.32 6.07 1.00 0.00
0.30 3.32 6.25 1.00 0.00
0.30 3.32 6.42 1.00 0.00
0.30 3.32 6.59 1.00 0.00
0.30 3.32 6.77 1.00 0.00
0.30 3.32 6.94 1.00 0.00
0.30 3.32 7.12 1.00 0.00
0.30 3.32 7.29 1.00 0.00
0.30 3.32 7.47 1.00 0.00
0.30 3.32 7.64 1.00 0.00
0.50 3.32 4.67 1.00 0.00
0.50 3.32 4.84 1.00 0.00
0.50 3.32 5.02 1.00 0.00
0.50 3.32 5.19 1.00 0.00
0.50 3.32 5.37 1.00 0.00
0.50 3.32 5.54 1.00 0.00
0.50 3.32 5.72 1.00 0.00
0.50 3.32 5.89 1.00 0.00
0.50 3.32 6.07 1.00 0.00
0.50 3.32 6.24 1.00 0.00
0.50 3.32 6.42 1.00 0.00
0.50 3.32 6.59 1.00 0.00
0.50 3.32 6.76 1.00 0.00
0.50 3.32 6.94 1.00 0.00
0.50 3.32 7.11 1.00 0.00
0.50 3.32 7.29 1.00 0.00
0.50 3.32 7.46 1.00 0.00
0.50 3.32 7.64 1.00 0.00
0.70 3.32 4.67 1.00 0.00
0.70 3.32 4.84 1.00 0.00
0.70 3.32 5.01 1.00 0.00
0.70 3.32 5.19 1.00 0.00
0.70 3.32 5.36 1.00 0.00
0.70 3.32 5.54 1.00 0.00
0.70 3.32 5.71 1.00 0.00
0.70 3.32 5.89 1.00 0.00
0.70 3.32 6.06 1.00 0.00
0.70 3.32 6.24 1.00 0.00
0.70 3.32 6.41 1.00 0.00
0.70 3.32 6.59 1.00 0.00
0.70 3.32 6.76 1.00 0.00
0.70 3.32 6.93 1.00 0.00
0.70 3.32 7.11 1.00 0.00
0.70 3.32 7.28 1.00 0.00
0.70 3.32 7.46 1.00 0.00
0.70 3.32 7.63 1.00 0.00
0.90 3.32 4.66 1.00 0.00
0.90 3.32 4.84 1.00 0.00
0.90 3.32 5.01 1.00 0.00
0.90 3.32 5.19 1.00 0.00
0.90 3.32 5.36 1.00 0.00
0.90 3.32 5.53 1.00 0.00
0.90 3.32 5.71 1.00 0.00
0.90 3.32 5.88 1.00 0.00
0.90 3.32 6.06 1.00 0.00
0.90 3.32 6.23 1.00 0.00
0.90 3.32 6.41 1.00 0.00
0.90 3.32 6.58 1.00 0.00
0.90 3.32 6.76 1.00 0.00
0.90 3.32 6.93 1.00 0.00
0.90 3.32 7.11 1.00 0.00
0.90 3.32 7.28 1.00 0.00
0.90 3.32 7.45 1.00 0.00
0.90 3.32 7.63 1.00 0.00
1.10 3.32 4.66 1.00 0.00
1.10 3.32 4.83 1.00 0.00
1.10 3.32 5.01 1.00 0.00
1.10 3.32 5.18 1.00 0.00
1.10 3.32 5.36 1.00 0.00
1.10 3.32 5.53 1.00 0.00
1.10 3.32 5.71 1.00 0.00
1.10 3.32 5.88 1.00 0.00
1.10 3.32 6.05 1.00 0.00
1.10 3.32 6.23 1.00 0.00
1.10 3.32 6.40 1.00 0.00
1.10 3.32 6.58 1.00 0.00
1.10 3.32 6.75 1.00 0.00
1.10 3.32 6.93 1.00 0.00
1.10 3.32 7.10 1.00 0.00
1.10 3.32 7.28 1.00 0.00
1.10 3.32 7.45 1.00 0.00
1.10 3.32 7.62 1.00 0.00
0.30 3.49 4.67 1.00 0.00
0.30 3.49 4.84 1.00 0.00
0.30 3.49 5.01 1.00 0.00
0.30 3.49 5.19 1.00 0.00
0.30 3.49 5.36 1.00 0.00
0.30 3.49 5.54 1.00 0.00
0.30 3.49 5.71 1.00 0.00
0.30 3.49 5.89 1.00 0.00
0.30 3.49 6.06 1.00 0.00
0.30 3.49 6.24 1.00 0.00
0.30 3.49 6.41 1.00 0.00
0.30 3.49 6.59 1.00 0.00
0.30 3.49 6.76 1.00 0.00
0.30 3.49 6.93 1.00 0.00
0.30 3.49 7.11 1.00 0.00
0.30 3.49 7.28 1.00 0.00
0.30 3.49 7.46 1.00 0.00
0.30 3.49 7.63 1.00 0.00
0.50 3.49 4.66 1.00 0.00
0.50 3.49 4.83 1.00 0.00
0.50 3.49 5.00 1.00 0.00
0.50 3.49 5.18 1.00 0.00
0.50 3.49 5.35 1.00 0.00
0.50 3.49 5.53 1.00 0.00
0.50 3.49 5.70 1.00 0.00
0.50 3.49 5.88 1.00 0.00
0.50 3.49 6.05 1.00 0.00
0.50 3.49 6.23 1.00 0.00
0.50 3.49 6.40 1.00 0.00
0.50 3.49 6.58 1.00 0.00
0.50 3.49 6.75 1.00 0.00
0.50 3.49 6.92 1.00 0.00
0.50 3.49 7.10 1.00 0.00
0.50 3.49 7.27 1.00 0.00
0.50 3.49 7.45 1.00 0.00
0.50 3.49 7.62 1.00 0.00
0.70 3.49 4.65 1.00 0.00
0.70 3.49 4.82 1.00 0.00
0.70 3.49 5.00 1.00 0.00
0.70 3.49 5.17 1.00 0.00
0.70 3.49 5.34 1.00 0.00
0.70 3.49 5.52 1.00 0.00
0.70 3.49 5.69 1.00 0.00
0.70 3.49 5.87 1.00 0.00
0.70 3.49 6.04 1.00 0.00
0.70 3.49 6.22 1.00 0.00
0.70 3.49 6.39 1.00 0.00
0.70 3.49 6.57 1.00 0.00
0.70 3.49 6.74 1.00 0.00
0.70 3.49 6.91 1.00 0.00
0.70 3.49 7.09 1.00 0.00
0.70 3.49 7.26 1.00 0.00
0.70 3.49 7.44 1.00 0.00
0.70 3.49 7.61 1.00 0.00
0.90 3.49 4.64 1.00 0.00
0.90 3.49 4.81 1.00 0.00
0.90 3.49 4.99 1.00 0.00
0.90 3.49 5.16 1.00 0.00
0.90 3.49 5.34 1.00 0.00
0.90 3.49 5.51 1.00 0.00
0.90 3.49 5.68 1.00 0.00
0.90 3.49 5.86 1.00 0.00
0.90 3.49 6.03 1.00 0.00
0.90 3.49 6.21 1.00 0.00
0.90 3.49 6.38 1.00 0.00
0.90 3.49 6.56 1.00 0.00
0.90 3.49 6.73 1.00 0.00
0.90 3.49 6.91 1.00 0.00
0.90 3.49 7.08 1.00 0.00
0.90 3.49 7.26 1.00 0.00
0.90 3.49 7.43 1.00 0.00
0.90 3.49 7.60 1.00 0.00
1.10 3.49 4.63 1.00 0.00
1.10 3.49 4.80 1.00 0.00
1.10 3.49 4.98 1.00 0.00
1.10 3.49 5.15 1.00 0.00
1.10 3.49 5.33 1.00 0.00
1.10 3.49 5.50 1.00 0.00
1.10 3.49 5.68 1.00 0.00
1.10 3.49 5.85 1.00 0.00
1.10 3.49 6.02 1.00 0.00
1.10 3.49 6.20 1.00 0.00
1.10 3.49 6.37 1.00 0.00
1.10 3.49 6.55 1.00 0.00
1.10 3.49 6.72 1.00 0.00
1.10 3.49 6.90 1.00 0.00
1.10 3.49 7.07 1.00 0.00
1.10 3.49 7.25 1.00 0.00
1.10 3.49 7.42 1.00 0.00
1.10 3.49 7.60 1.00 0.00
0.30 3.67 4.66 1.00 0.00
0.30 3.67 4.83 1.00 0.00
0.30 3.67 5.01 1.00 0.00
0.30 3.67 5.18 1.00 0.00
0.30 3.67 5.36 1.00 0.00
0.30 3.67 5.53 1.00 0.00
0.30 3.67 5.70 1.00 0.00
0.30 3.67 5.88 1.00 0.00
0.30 3.67 6.05 1.00 0.00
0.30 3.67 6.23 1.00 0.00
0.30 3.67 6.40 1.00 0.00
0.30 3.67 6.58 1.00 0.00
0.30 3.67 6.75 1.00 0.00
0.30 3.67 6.93 1.00 0.00
0.30 3.67 7.10 1.00 0.00
0.30 3.67 7.28 1.00 0.00
0.30 3.67 7.45 1.00 0.00
0.30 3.67 7.62 1.00 0.00
0.50 3.67 4.64 1.00 0.00
0.50 3.67 4.82 1.00 0.00
0.50 3.67 4.99 1.00 0.00
0.50 3.67 5.17 1.00 0.00
0.50 3.67 5.34 1.00 0.00
0.50 3.67 5.51 1.00 0.00
0.50 3.67 5.69 1.00 0.00
0.50 3.67 5.86 1.00 0.00
0.50 3.67 6.04 1.00 0.00
0.50 3.67 6.21 1.00 0.00
0.50 3.67 6.39 1.00 0.00
0.50 3.67 6.56 1.00 0.00
0.50 3.67 6.74 1.00 0.00
0.50 3.67 6.91 1.00 0.00
0.50 3.67 7.09 1.00 0.00
0.50 3.67 7.26 1.00 0.00
0.50 3.67 7.43 1.00 0.00
0.50 3.67 7.61 1.00 0.00
0.70 3.67 4.63 1.00 0.00
0.70 3.67 4.80 1.00 0.00
0.70 3.67 4.98 1.00 0.00
0.70 3.67 5.15 1.00 0.00
0.70 3.67 5.33 1.00 0.00
0.70 3.67 5.50 1.00 0.00
0.70 3.67 5.67 1.00 0.00
0.70 3.67 5.85 1.00 0.00
0.70 3.67 6.02 1.00 0.00
0.70 3.67 6.20 1.00 0.00
0.70 3.67 6.37 1.00 0.00
0.70 3.67 6.55 1.00 0.00
0.70 3.67 6.72 1.00 0.00
0.70 3.67 6.90 1.00 0.00
0.70 3.67 7.07 1.00 0.00
0.70 3.67 7.24 1.00 0.00
0.70 3.67 7.42 1.00 0.00
0.70 3.67 7.59 1.00 0.00
0.90 3.67 4.61 1.00 0.00
0.90 3.67 4.79 1.00 0.00
0.90 3.67 4.96 1.00 0.00
0.90 3.67 5.14 1.00 0.00
0.90 3.67 5.31 1.00 0.00
0.90 3.67 5.49 1.00 0.00
0.90 3.67 5.66 1.00 0.00
0.90 3.67 5.83 1.00 0.00
0.90 3.67 6.01 1.00 0.00
0.90 3.67 6.18 1.00 0.00
0.90 3.67 6.36 1.00 0.00
0.90 3.67 6.53 1.00 0.00
0.90 3.67 6.71 1.00 0.00
0.90 3.67 6.88 1.00 0.00
0.90 3.67 7.06 1.00 0.00
0.90 3.67 7.23 1.00 0.00
0.90 3.67 7.41 1.00 0.00
0.90 3.67 7.58 1.00 0.00
1.10 3.67 4.60 1.00 0.00
1.10 3.67 4.77 1.00 0.00
1.10 3.67 4.95 1.00 0.00
1.10 3.67 5.12 1.00 0.00
1.10 3.67 5.30 1.00 0.00
1.10 3.67 5.47 1.00 0.00
1.10 3.67 5.65 1.00 0.00
1.10 3.67 5.82 1.00 0.00
1.10 3.67 6.00 1.00 0.00
1.10 3.67 6.17 1.00 0.00
1.10 3.67 6.35 1.00 0.00
1.10 3.67 6.52 1.00 0.00
1.10 3.67 6.69 1.00 0.00
1.10 3.67 6.87 1.00 0.00
1.10 3.67 7.04 1.00 0.00
1.10 3.67 7.22 1.00 0.00
1.10 3.67 7.39 1.00 0.00
1.10 3.67 7.57 1.00 0.00
0.30 3.84 4.65 1.00 0.00
0.30 3.84 4.82 1.00 0.00
0.30 3.84 5.00 1.00 0.00
0.30 3.84 5.17 1.00 0.00
0.30 3.84 5.35 1.00 0.00
0.30 3.84 5.52 1.00 0.00
0.30 3.84 5.70 1.00 0.00
0.30 3.84 5.87 1.00 0.00
0.30 3.84 6.05 1.00 0.00
0.30 3.84 6.22 1.00 0.00
0.30 3.84 6.39 1.00 0.00
0.30 3.84 6.57 1.00 0.00
0.30 3.84 6.74 1.00 0.00
0.30 3.84 6.92 1.00 0.00
0.30 3.84 7.09 1.00 0.00
0.30 3.84 7.27 1.00 0.00
0.30 3.84 7.44 1.00 0.00
0.30 3.84 7.62 1.00 0.00
0.50 3.84 4.63 1.00 0.00
0.50 3.84 4.80 1.00 0.00
0.50 3.84 4.98 1.00 0.00
0.50 3.84 5.15 1.00 0.00
0.50 3.84 5.33 1.00 0.00
0.50 3.84 5.50 1.00 0.00
0.50 3.84 5.68 1.00 0.00
0.50 3.84 5.85 1.00 0.00
0.50 3.84 6.02 1.00 0.00
0.50 3.84 6.20 1.00 0.00
0.50 3.84 6.37 1.00 0.00
0.50 3.84 6.55 1.00 0.00
0.50 3.84 6.72 1.00 0.00
0.50 3.84 6.90 1.00 0.00
0.50 3.84 7.07 1.00 0.00
0.50 3.84 7.25 1.00 0.00
0.50 3.84 7.42 1.00 0.00
0.50 3.84 7.60 1.00 0.00
0.70 3.84 4.61 1.00 0.00
0.70 3.84 4.78 1.00 0.00
0.70 3.84 4.96 1.00 0.00
0.70 3.84 5.13 1.00 0.00
0.70 3.84 5.31 1.00 0.00
0.70 3.84 5.48 1.00 0.00
0.70 3.84 5.66 1.00 0.00
0.70 3.84 5.83 1.00 0.00
0.70 3.84 6.01 1.00 0.00
0.70 3.84 6.18 1.00 0.00
0.70 3.84 6.35 1.00 0.00
0.70 3.84 6.53 1.00 0.00
0.70 3.84 6.70 1.00 0.00
0.70 3.84 6.88 1.00 0.00
0.70 3.84 7.05 1.00 0.00
0.70 3.84 7.23 1.00 0.00
0.70 3.84 7.40 1.00 0.00
0.70 3.84 7.58 1.00 0.00
0.90 3.84 4.59 1.00 0.00
0.90 3.84 4.77 1.00 0.00
0.90 3.84 4.94 1.00 0.00
0.90 3.84 5.11 1.00 0.00
0.90 3.84 5.29 1.00 0.00
0.90 3.84 5.46 1.00 0.00
0.90 3.84 5.64 1.00 0.00
0.90 3.84 5.81 1.00 0.00
0.90 3.84 5.99 1.00 0.00
0.90 3.84 6.16 1.00 0.00
0.90 3.84 6.34 1.00 0.00
0.90 3.84 6.51 1.00 0.00
0.90 3.84 6.69 1.00 0.00
0.90 3.84 6.86 1.00 0.00
0.90 3.84 7.03 1.00 0.00
0.90 3.84 7.21 1.00 0.00
0.90 3.84 7.38 1.00 0.00
0.90 3.84 7.56 1.00 0.00
1.10 3.84 4.57 1.00 0.00
1.10 3.84 4.75 1.00 0.00
1.10 3.84 4.92 1.00 0.00
1.10 3.84 5.10 1.00 0.00
1.10 3.84 5.27 1.00 0.00
1.10 3.84 5.45 1.00 0.00
1.10 3.84 5.62 1.00 0.00
1.10 3.84 5.79 1.00 0.00
1.10 3.84 5.97 1.00 0.00
1.10 3.84 6.14 1.00 0.00
1.10 3.84 6.32 1.00 0.00
1.10 3.84 6.49 1.00 0.00
1.10 3.84 6.67 1.00 0.00
1.10 3.84 6.84 1.00 0.00
1.10 3.84 7.02 1.00 0.00
1.10 3.84 7.19 1.00 0.00
1.10 3.84 7.37 1.00 0.00
1.10 3.84 7.54 1.00 0.00
0.30 4.01 4.64 1.00 0.00
0.30 4.01 4.82 1.00 0.00
0.30 4.01 4.99 1.00 0.00
0.30 4.01 5.17 1.00 0.00
0.30 4.01 5.34 1.00 0.00
0.30 4.01 5.51 1.00 0.00
0.30 4.01 5.69 1.00 0.00
0.30 4.01 5.86 1.00 0.00
0.30 4.01 6.04 1.00 0.00
0.30 4.01 6.21 1.00 0.00
0.30 4.01 6.39 1.00 0.00
0.30 4.01 6.56 1.00 0.00
0.30 4.01 6.74 1.00 0.00
0.30 4.01 6.91 1.00 0.00
0.30 4.01 7.09 1.00 0.00
0.30 4.01 7.26 1.00 0.00
0.30 4.01 7.43 1.00 0.00
0.30 4.01 7.61 1.00 0.00
0.50 4.01 4.62 1.00 0.00
0.50 4.01 4.79 1.00 0.00
0.50 4.01 4.97 1.00 0.00
0.50 4.01 5.14 1.00 0.00
0.50 4.01 5.32 1.00 0.00
0.50 4.01 5.49 1.00 0.00
0.50 4.01 5.66 1.00 0.00
0.50 4.01 5.84 1.00 0.00
0.50 4.01 6.01 1.00 0.00
0.50 4.01 6.19 1.00 0.00
0.50 4.01 6.36 1.00 0.00
0.50 4.01 6.54 1.00 0.00
0.50 4.01 6.71 1.00 0.00
0.50 4.01 6.89 1.00 0.00
0.50 4.01 7.06 1.00 0.00
0.50 4.01 7.23 1.00 0.00
0.50 4.01 7.41 1.00 0.00
0.50 4.01 7.58 1.00 0.00
0.70 4.01 4.59 1.00 0.00
0.70 4.01 4.77 1.00 0.00
0.70 4.01 4.94 1.00 0.00
0.70 4.01 5.12 1.00 0.00
0.70 4.01 5.29 1.00 0.00
0.70 4.01 5.47 1.00 0.00
0.70 4.01 5.64 1.00 0.00
0.70 4.01 5.81 1.00 0.00
0.70 4.01 5.99 1.00 0.00
0.70 4.01 6.16 1.00 0.00
0.70 4.01 6.34 1.00 0.00
0.70 4.01 6.51 1.00 0.00
0.70 4.01 6.69 1.00 0.00
0.70 4.01 6.86 1.00 0.00
0.70 4.01 7.04 1.00 0.00
0.70 4.01 7.21 1.00 0.00
0.70 4.01 7.39 1.00 0.00
0.70 4.01 7.56 1.00 0.00
0.90 4.01 4.57 1.00 0.00
0.90 4.01 4.74 1.00 0.00
0.90 4.01 4.92 1.00 0.00
0.90 4.01 5.09 1.00 0.00
0.90 4.01 5.27 1.00 0.00
0.90 4.01 5.44 1.00 0.00
0.90 4.01 5.62 1.00 0.00
0.90 4.01 5.79 1.00 0.00
0.90 4.01 5.97 1.00 0.00
0.90 4.01 6.14 1.00 0.00
0.90 4.01 6.32 1.00 0.00
0.90 4.01 6.49 1.00 0.00
0.90 4.01 6.66 1.00 0.00
0.90 4.01 6.84 1.00 0.00
0.90 4.01 7.01 1.00 0.00
0.90 4.01 7.19 1.00 0.00
0.90 4.01 7.36 1.00 0.00
0.90 4.01 7.54 1.00 0.00
1.10 4.01 4.55 1.00 0.00
1.10 4.01 4.72 1.00 0.00
1.10 4.01 4.90 1.00 0.00
1.10 4.01 5.07 1.00 0.00
1.10 4.01 5.25 1.00 0.00
1.10 4.01 5.42 1.00 0.00
1.10 4.01 5.60 1.00 0.00
1.10 4.01 5.77 1.00 0.00
1.10 4.01 5.94 1.00 0.00
1.10 4.01 6.12 1.00 0.00
1.10 4.01 6.29 1.00 0.00
1.10 4.01 6.47 1.00 0.00
1.10 4.01 6.64 1.00 0.00
1.10 4.01 6.82 1.00 0.00
1.10 4.01 6.99 1.00 0.00
1.10 4.01 7.17 1.00 0.00
1.10 4.01 7.34 1.00 0.00
1.10 4.01 7.52 1.00 0.00
0.30 4.19 4.64 1.00 0.00
0.30 4.19 4.81 1.00 0.00
0.30 4.19 4.99 1.00 0.00
0.30 4.19 5.16 1.00 0.00
0.30 4.19 5.33 1.00 0.00
0.30 4.19 5.51 1.00 0.00
0.30 4.19 5.68 1.00 0.00
0.30 4.19 5.86 1.00 0.00
0.30 4.19 6.03 1.00 0.00
0.30 4.19 6.21 1.00 0.00
0.30 4.19 6.38 1.00 0.00
0.30 4.19 6.56 1.00 0.00
0.30 4.19 6.73 1.00 0.00
0.30 4.19 6.91 1.00 0.00
0.30 4.19 7.08 1.00 0.00
0.30 4.19 7.25 1.00 0.00
0.30 4.19 7.43 1.00 0.00
0.30 4.19 7.60 1.00 0.00
0.50 4.19 4.61 1.00 0.00
0.50 4.19 4.78 1.00 0.00
0.50 4.19 4.96 1.00 0.00
0.50 4.19 5.13 1.00 0.00
0.50 4.19 5.31 1.00 0.00
0.50 4.19 5.48 1.00 0.00
0.50 4.19 5.65 1.00 0.00
0.50 4.19 5.83 1.00 0.00
0.50 4.19 6.00 1.00 0.00
0.50 4.19 6.18 1.00 0.00
0.50 4.19 6.35 1.00 0.00
0.50 4.19 6.53 1.00 0.00
0.50 4.19 6.70 1.00 0.00
0.50 4.19 6.88 1.00 0.00
0.50 4.19 7.05 1.00 0.00
0.50 4.19 7.22 1.00 0.00
0.50 4.19 7.40 1.00 0.00
0.50 4.19 7.57 1.00 0.00
0.70 4.19 4.58 1.00 0.00
0.70 4.19 4.75 1.00 0.00
0.70 4.19 4.93 1.00 0.00
0.70 4.19 5.10 1.00 0.00
0.70 4.19 5.28 1.00 0.00
0.70 4.19 5.45 1.00 0.00
0.70 4.19 5.63 1.00 0.00
0.70 4.19 5.80 1.00 0.00
0.70 4.19 5.97 1.00 0.00
0.70 4.19 6.15 1.00 0.00
0.70 4.19 6.32 1.00 0.00
0.70 4.19 6.50 1.00 0.00
0.70 4.19 6.67 1.00 0.00
0.70 4.19 6.85 1.00 0.00
0.70 4.19 7.02 1.00 0.00
0.70 4.19 7.20 1.00 0.00
0.70 4.19 7.37 1.00 0.00
0.70 4.19 7.55 1.00 0.00
0.90 4.19 4.55 1.00 0.00
0.90 4.19 4.73 1.00 0.00
0.90 4.19 4.90 1.00 0.00
0.90 4.19 5.08 1.00 0.00
0.90 4.19 5.25 1.00 0.00
0.90 4.19 5.42 1.00 0.00
0.90 4.19 5.60 1.00 0.00
0.90 4.19 5.77 1.00 0.00
0.90 4.19 5.95 1.00 0.00
0.90 4.19 6.12 1.00 0.00
0.90 4.19 6.30 1.00 0.00
0.90 4.19 6.47 1.00 0.00
0.90 4.19 6.65 1.00 0.00
0.90 4.19 6.82 1.00 0.00
0.90 4.19 7.00 1.00 0.00
0.90 4.19 7.17 1.00 0.00
0.90 4.19 7.34 1.00 0.00
0.90 4.19 7.52 1.00 0.00
1.10 4.19 4.53 1.00 0.00
1.10 4.19 4.70 1.00 0.00
1.10 4.19 4.87 1.00 0.00
1.10 4.19 5.05 1.00 0.00
1.10 4.19 5.22 1.00 0.00
1.10 4.19 5.40 1.00 0.00
1.10 4.19 5.57 1.00 0.00
1.10 4.19 5.75 1.00 0.00
1.10 4.19 5.92 1.00 0.00
1.10 4.19 6.10 1.00 0.00
1.10 4.19 6.27 1.00 0.00
1.10 4.19 6.45 1.00 0.00
1.10 4.19 6.62 1.00 0.00
1.10 4.19 6.79 1.00 0.00
1.10 4.19 6.97 1.00 0.00
1.10 4.19 7.14 1.00 0.00
1.10 4.19 7.32 1.00 0.00
1.10 4.19 7.49 1.00 0.00
0.30 4.36 4.63 1.00 0.00
0.30 4.36 4.81 1.00 0.00
0.30 4.36 4.98 1.00 0.00
0.30 4.36 5.16 1.00 0.00
0.30 4.36 5.33 1.00 0.00
0.30 4.36 5.50 1.00 0.00
0.30 4.36 5.68 1.00 0.00
0.30 4.36 5.85 1.00 0.00
0.30 4.36 6.03 1.00 0.00
0.30 4.36 6.20 1.00 0.00
0.30 4.36 6.38 1.00 0.00
0.30 4.36 6.55 1.00 0.00
0.30 4.36 6.73 1.00 0.00
0.30 4.36 6.90 1.00 0.00
0.30 4.36 7.07 1.00 0.00
0.30 4.36 7.25 1.00 0.00
0.30 4.36 7.42 1.00 0.00
0.30 4.36 7.60 1.00 0.00
0.50 4.36 4.60 1.00 0.00
0.50 4.36 4.77 1.00 0.00
0.50 4.36 4.95 1.00 0.00
0.50 4.36 5.12 1.00 0.00
0.50 4.36 5.30 1.00 0.00
0.50 4.36 5.47 1.00 0.00
0.50 4.36 5.65 1.00 0.00
0.50 4.36 5.82 1.00 0.00
0.50 4.36 6.00 1.00 0.00
0.50 4.36 6.17 1.00 0.00
0.50 4.36 6.34 1.00 0.00
0.50 4.36 6.52 1.00 0.00
0.50 4.36 6.69 1.00 0.00
0.50 4.36 6.87 1.00 0.00
0.50 4.36 7.04 1.00 0.00
0.50 4.36 7.22 1.00 0.00
0.50 4.36 7.39 1.00 0.00
0.50 4.36 7.57 1.00 0.00
0.70 4.36 4.57 1.00 0.00
0.70 4.36 4.74 1.00 0.00
0.70 4.36 4.92 1.00 0.00
0.70 4.36 5.09 1.00 0.00
0.70 4.36 5.27 1.00 0.00
0.70 4.36 5.44 1.00 0.00
0.70 4.36 5.61 1.00 0.00
0.70 4.36 5.79 1.00 0.00
0.70 4.36 5.96 1.00 0.00
0.70 4.36 6.14 1.00 0.00
0.70 4.36 6.31 1.00 0.00
0.70 4.36 6.49 1.00 0.00
0.70 4.36 6.66 1.00 0.00
0.70 4.36 6.84 1.00 0.00
0.70 4.36 7.01 1.00 0.00
0.70 4.36 7.19 1.00 0.00
0.70 4.36 7.36 1.00 0.00
0.70 4.36 7.53 1.00 0.00
0.90 4.36 4.54 1.00 0.00
0.90 4.36 4.71 1.00 0.00
0.90 4.36 4.89 1.00 0.00
0.90 4.36 5.06 1.00 0.00
0.90 4.36 5.23 1.00 0.00
0.90 4.36 5.41 1.00 0.00
0.90 4.36 5.58 1.00 0.00
0.90 4.36 5.76 1.00 0.00
0.90 4.36 5.93 1.00 0.00
0.90 4.36 6.11 1.00 0.00
0.90 4.36 6.28 1.00 0.00
0.90 4.36 6.46 1.00 0.00
0.90 4.36 6.63 1.00 0.00
0.90 4.36 6.81 1.00 0.00
0.90 4.36 6.98 1.00 0.00
0.90 4.36 7.15 1.00 0.00
0.90 4.36 7.33 1.00 0.00
0.90 4.36 7.50 1.00 0.00
1.10 4.36 4.51 1.00 0.00
1.10 4.36 4.68 1.00 0.00
1.10 4.36 4.86 1.00 0.00
1.10 4.36 5.03 1.00 0.00
1.10 4.36 5.20 1.00 0.00
1.10 4.36 5.38 1.00 0.00
1.10 4.36 5.55 1.00 0.00
1.10 4.36 5.73 1.00 0.00
1.10 4.36 5.90 1.00 0.00
1.10 4.36 6.08 1.00 0.00
1.10 4.36 6.25 1.00 0.00
1.10 4.36 6.43 1.00 0.00
1.10 4.36 6.60 1.00 0.00
1.10 4.36 6.78 1.00 0.00
1.10 4.36 6.95 1.00 0.00
1.10 4.36 7.12 1.00 0.00
1.10 4.36 7.30 1.00 0.00
1.10 4.36 7.47 1.00 0.00
0.30 4.54 4.63 1.00 0.00
0.30 4.54 4.80 1.00 0.00
0.30 4.54 4.98 1.00 0.00
0.30 4.54 5.15 1.00 0.00
0.30 4.54 5.33 1.00 0.00
0.30 4.54 5.50 1.00 0.00
0.30 4.54 5.68 1.00 0.00
0.30 4.54 5.85 1.00 0.00
0.30 4.54 6.02 1.00 0.00
0.30 4.54 6.20 1.00 0.00
0.30 4.54 6.37 1.00 0.00
0.30 4.54 6.55 1.00 0.00
0.30 4.54 6.72 1.00 0.00
0.30 4.54 6.90 1.00 0.00
0.30 4.54 7.07 1.00 0.00
0.30 4.54 7.25 1.00 0.00
0.30 4.54 7.42 1.00 0.00
0.30 4.54 7.60 1.00 0.00
0.50 4.54 4.59 1.00 0.00
0.50 4.54 4.77 1.00 0.00
0.50 4.54 4.94 1.00 0.00
0.50 4.54 5.12 1.00 0.00
0.50 4.54 5.29 1.00 0.00
0.50 4.54 5.47 1.00 0.00
0.50 4.54 5.64 1.00 0.00
0.50 4.54 5.81 1.00 0.00
0.50 4.54 5.99 1.00 0.00
0.50 4.54 6.16 1.00 0.00
0.50 4.54 6.34 1.00 0.00
0.50 4.54 6.51 1.00 0.00
0.50 4.54 6.69 1.00 0.00
0.50 4.54 6.86 1.00 0.00
0.50 4.54 7.04 1.00 0.00
0.50 4.54 7.21 1.00 0.00
0.50 4.54 7.39 1.00 0.00
0.50 4.54 7.56 1.00 0.00
0.70 4.54 4.56 1.00 0.00
0.70 4.54 4.73 1.00 0.00
0.70 4.54 4.91 1.00 0.00
0.70 4.54 5.08 1.00 0.00
0.70 4.54 5.26 1.00 0.00
0.70 4.54 5.43 1.00 0.00
0.70 4.54 5.61 1.00 0.00
0.70 4.54 5.78 1.00 0.00
0.70 4.54 5.95 1.00 0.00
0.70 4.54 6.13 1.00 0.00
0.70 4.54 6.30 1.00 0.00
0.70 4.54 6.48 1.00 0.00
0.70 4.54 6.65 1.00 0.00
0.70 4.54 6.83 1.00 0.00
0.70 4.54 7.00 1.00 0.00
0.70 4.54 7.18 1.00 0.00
0.70 4.54 7.35 1.00 0.00
0.70 4.54 7.53 1.00 0.00
0.90 4.54 4.52 1.00 0.00
0.90 4.54 4.70 1.00 0.00
0.90 4.54 4.87 1.00 0.00
0.90 4.54 5.05 1.00 0.00
0.90 4.54 5.22 1.00 0.00
0.90 4.54 5.40 1.00 0.00
0.90 4.54 5.57 1.00 0.00
0.90 4.54 5.75 1.00 0.00
0.90 4.54 5.92 1.00 0.00
0.90 4.54 6.10 1.00 0.00
0.90 4.54 6.27 1.00 0.00
0.90 4.54 6.44 1.00 0.00
0.90 4.54 6.62 1.00 0.00
0.90 4.54 6.79 1.00 0.00
0.90 4.54 6.97 1.00 0.00
0.90 4.54 7.14 1.00 0.00
0.90 4.54 7.32 1.00 0.00
0.90 4.54 7.49 1.00 0.00
1.10 4.54 4.49 1.00 0.00
1.10 4.54 4.67 1.00 0.00
1.10 4.54 4.84 1.00 0.00
1.10 4.54 5.02 1.00 0.00
1.10 4.54 5.19 1.00 0.00
1.10 4.54 5.36 1.00 0.00
1.10 4.54 5.54 1.00 0.00
1.10 4.54 5.71 1.00 0.00
1.10 4.54 5.89 1.00 0.00
1.10 4.54 6.06 1.00 0.00
1.10 4.54 6.24 1.00 0.00
1.10 4.54 6.41 1.00 0.00
1.10 4.54 6.59 1.00 0.00
1.10 4.54 6.76 1.00 0.00
1.10 4.54 6.93 1.00 0.00
1.10 4.54 7.11 1.00 0.00
1.10 4.54 7.28 1.00 0.00
1.10 4.54 7.46 1.00 0.00
0.30 4.71 4.63 1.00 0.00
0.30 4.71 4.80 1.00 0.00
0.30 4.71 4.98 1.00 0.00
0.30 4.71 5.15 1.00 0.00
0.30 4.71 5.32 1.00 0.00
0.30 4.71 5.50 1.00 0.00
0.30 4.71 5.67 1.00 0.00
0.30 4.71 5.85 1.00 0.00
0.30 4.71 6.02 1.00 0.00
0.30 4.71 6.20 1.00 0.00
0.30 4.71 6.37 1.00 0.00
0.30 4.71 6.55 1.00 0.00
0.30 4.71 6.72 1.00 0.00
0.30 4.71 6.90 1.00 0.00
0.30 4.71 7.07 1.00 0.00
0.30 4.71 7.24 1.00 0.00
0.30 4.71 7.42 1.00 0.00
0.30 4.71 7.59 1.00 0.00
0.50 4.71 4.59 1.00 0.00
0.50 4.71 4.76 1.00 0.00
0.50 4.71 4.94 1.00 0.00
0.50 4.71 5.11 1.00 0.00
0.50 4.71 5.29 1.00 0.00
0.50 4.71 5.46 1.00 0.00
0.50 4.71 5.64 1.00 0.00
0.50 4.71 5.81 1.00 0.00
0.50 4.71 5.99 1.00 0.00
0.50 4.71 6.16 1.00 0.00
0.50 4.71 6.33 1.00 0.00
0.50 4.71 6.51 1.00 0.00
0.50 4.71 6.68 1.00 0.00
0.50 4.71 6.86 1.00 0.00
0.50 4.71 7.03 1.00 0.00
0.50 4.71 7.21 1.00 0.00
0.50 4.71 7.38 1.00 0.00
0.50 4.71 7.56 1.00 0.00
0.70 4.71 4.55 1.00 0.00
0.70 4.71 4.73 1.00 0.00
0.70 4.71 4.90 1.00 0.00
0.70 4.71 5.08 1.00 0.00
0.70 4.71 5.25 1.00 0.00
0.70 4.71 5.43 1.00 0.00
0.70 4.71 5.60 1.00 0.00
0.70 4.71 5.77 1.00 0.00
0.70 4.71 5.95 1.00 0.00
0.70 4.71 6.12 1.00 0.00
0.70 4.71 6.30 1.00 0.00
0.70 4.71 6.47 1.00 0.00
0.70 4.71 6.65 1.00 0.00
0.70 4.71 6.82 1.00 0.00
0.70 4.71 7.00 1.00 0.00
0.70 4.71 7.17 1.00 0.00
0.70 4.71 7.35 1.00 0.00
0.70 4.71 7.52 1.00 0.00
0.90 4.71 4.52 1.00 0.00
0.90 4.71 4.69 1.00 0.00
0.90 4.71 4.87 1.00 0.00
0.90 4.71 5.04 1.00 0.00
0.90 4.71 5.21 1.00 0.00
0.90 4.71 5.39 1.00 0.00
0.90 4.71 5.56 1.00 0.00
0.90 4.71 5.74 1.00 0.00
0.90 4.71 5.91 1.00 0.00
0.90 4.71 6.09 1.00 0.00
0.90 4.71 6.26 1.00 0.00
0.90 4.71 6.44 1.00 0.00
0.90 4.71 6.61 1.00 0.00
0.90 4.71 6.79 1.00 0.00
0.90 4.71 6.96 1.00 0.00
0.90 4.71 7.13 1.00 0.00
0.90 4.71 7.31 1.00 0.00
0.90 4.71 7.48 1.00 0.00
1.10 4.71 4.48 1.00 0.00
1.10 4.71 4.66 1.00 0.00
1.10 4.71 4.83 1.00 0.00
1.10 4.71 5.00 1.00 0.00
1.10 4.71 5.18 1.00 0.00
1.10 4.71 5.35 1.00 0.00
1.10 4.71 5.53 1.00 0.00
1.10 4.71 5.70 1.00 0.00
1.10 4.71 5.88 1.00 0.00
1.10 4.71 6.05 1.00 0.00
1.10 4.71 6.23 1.00 0.00
1.10 4.71 6.40 1.00 0.00
1.10 4.71 6.58 1.00 0.00
1.10 4.71 6.75 1.00 0.00
1.10 4.71 6.92 1.00 0.00
1.10 4.71 7.10 1.00 0.00
1.10 4.71 7.27 1.00 0.00
1.10 4.71 7.45 1.00 0.00
0.30 4.89 4.63 1.00 0.00
0.30 4.89 4.80 1.00 0.00
0.30 4.89 4.98 1.00 0.00
0.30 4.89 5.15 1.00 0.00
0.30 4.89 5.32 1.00 0.00
0.30 4.89 5.50 1.00 0.00
0.30 4.89 5.67 1.00 0.00
0.30 4.89 5.85 1.00 0.00
0.30 4.89 6.02 1.00 0.00
0.30 4.89 6.20 1.00 0.00
0.30 4.89 6.37 1.00 0.00
0.30 4.89 6.55 1.00 0.00
0.30 4.89 6.72 1.00 0.00
0.30 4.89 6.90 1.00 0.00
0.30 4.89 7.07 1.00 0.00
0.30 4.89 7.24 1.00 0.00
0.30 4.89 7.42 1.00 0.00
0.30 4.89 7.59 1.00 0.00
0.50 4.89 4.59 1.00 0.00
0.50 4.89 4.76 1.00 0.00
0.50 4.89 4.94 1.00 0.00
0.50 4.89 5.11 1.00 0.00
0.50 4.89 5.29 1.00 0.00
0.50 4.89 5.46 1.00 0.00
0.50 4.89 5.64 1.00 0.00
0.50 4.89 5.81 1.00 0.00
0.50 4.89 5.99 1.00 0.00
0.50 4.89 6.16 1.00 0.00
0.50 4.89 6.33 1.00 0.00
0.50 4.89 6.51 1.00 0.00
0.50 4.89 6.68 1.00 0.00
0.50 4.89 6.86 1.00 0.00
0.50 4.89 7.03 1.00 0.00
0.50 4.89 7.21 1.00 0.00
0.50 4.89 7.38 1.00 0.00
0.50 4.89 7.56 1.00 0.00
0.70 4.89 4.55 1.00 0.00
0.70 4.89 4.73 1.00 0.00
0.70 4.89 4.90 1.00 0.00
0.70 4.89 5.07 1.00 0.00
0.70 4.89 5.25 1.00 0.00
0.70 4.89 5.42 1.00 0.00
0.70 4.89 5.60 1.00 0.00
0.70 4.89 5.77 1.00 0.00
0.70 4.89 5.95 1.00 0.00
0.70 4.89 6.12 1.00 0.00
0.70 4.89 6.30 1.00 0.00
0.70 4.89 6.47 1.00 0.00
0.70 4.89 6.65 1.00 0.00
0.70 4.89 6.82 1.00 0.00
0.70 4.89 6.99 1.00 0.00
0.70 4.89 7.17 1.00 0.00
0.70 4.89 7.34 1.00 0.00
0.70 4.89 7.52 1.00 0.00
0.90 4.89 4.51 1.00 0.00
0.90 4.89 4.69 1.00 0.00
0.90 4.89 4.86 1.00 0.00
0.90 4.89 5.04 1.00 0.00
0.90 4.89 5.21 1.00 0.00
0.90 4.89 5.39 1.00 0.00
0.90 4.89 5.56 1.00 0.00
0.90 4.89 5.74 1.00 0.00
0.90 4.89 5.91 1.00 0.00
0.90 4.89 6.08 1.00 0.00
0.90 4.89 6.26 1.00 0.00
0.90 4.89 6.43 1.00 0.00
0.90 4.89 6.61 1.00 0.00
0.90 4.89 6.78 1.00 0.00
0.90 4.89 6.96 1.00 0.00
0.90 4.89 7.13 1.00 0.00
0.90 4.89 7.31 1.00 0.00
0.90 4.89 7.48 1.00 0.00
1.10 4.89 4.48 1.00 0.00
1.10 4.89 4.65 1.00 0.00
1.10 4.89 4.82 1.00 0.00
1.10 4.89 5.00 1.00 0.00
1.10 4.89 5.17 1.00 0.00
1.10 4.89 5.35 1.00 0.00
1.10 4.89 5.52 1.00 0.00
1.10 4.89 5.70 1.00 0.00
1.10 4.89 5.87 1.00 0.00
1.10 4.89 6.05 1.00 0.00
1.10 4.89 6.22 1.00 0.00
1.10 4.89 6.40 1.00 0.00
1.10 4.89 6.57 1.00 0.00
1.10 4.89 6.74 1.00 0.00
1.10 4.89 6.92 1.00 0.00
1.10 4.89 7.09 1.00 0.00
1.10 4.89 7.27 1.00 0.00
1.10 4.89 7.44 1.00 0.00
0.30 5.06 4.63 1.00 0.00
0.30 5.06 4.80 1.00 0.00
0.30 5.06 4.98 1.00 0.00
0.30 5.06 5.15 1.00 0.00
0.30 5.06 5.33 1.00 0.00
0.30 5.06 5.50 1.00 0.00
0.30 5.06 5.68 1.00 0.00
0.30 5.06 5.85 1.00 0.00
0.30 5.06 6.02 1.00 0.00
0.30 5.06 6.20 1.00 0.00
0.30 5.06 6.37 1.00 0.00
0.30 5.06 6.55 1.00 0.00
0.30 5.06 6.72 1.00 0.00
0.30 5.06 6.90 1.00 0.00
0.30 5.06 7.07 1.00 0.00
0.30 5.06 7.25 1.00 0.00
0.30 5.06 7.42 1.00 0.00
0.30 5.06 7.60 1.00 0.00
0.50 5.06 4.59 1.00 0.00
0.50 5.06 4.77 1.00 0.00
0.50 5.06 4.94 1.00 0.00
0.50 5.06 5.11 1.00 0.00
0.50 5.06 5.29 1.00 0.00
0.50 5.06 5.46 1.00 0.00
0.50 5.06 5.64 1.00 0.00
0.50 5.06 5.81 1.00 0.00
0.50 5.06 5.99 1.00 0.00
0.50 5.06 6.16 1.00 0.00
0.50 5.06 6.34 1.00 0.00
0.50 5.06 6.51 1.00 0.00
0.50 5.06 6.69 1.00 0.00
0.50 5.06 6.86 1.00 0.00
0.50 5.06 7.03 1.00 0.00
0.50 5.06 7.21 1.00 0.00
0.50 5.06 7.38 1.00 0.00
0.50 5.06 7.56 1.00 0.00
0.70 5.06 4.55 1.00 0.00
0.70 5.06 4.73 1.00 0.00
0.70 5.06 4.90 1.00 0.00
0.70 5.06 5.08 1.00 0.00
0.70 5.06 5.25 1.00 0.00
0.70 5.06 5.43 1.00 0.00
0.70 5.06 5.60 1.00 0.00
0.70 5.06 5.78 1.00 0.00
0.70 5.06 5.95 1.00 0.00
0.70 5.06 6.12 1.00 0.00
0.70 5.06 6.30 1.00 0.00
0.70 5.06 6.47 1.00 0.00
0.70 5.06 6.65 1.00 0.00
0.70 5.06 6.82 1.00 0.00
0.70 5.06 7.00 1.00 0.00
0.70 5.06 7.17 1.00 0.00
0.70 5.06 7.35 1.00 0.00
0.70 5.06 7.52 1.00 0.00
0.90 5.06 4.52 1.00 0.00
0.90 5.06 4.69 1.00 0.00
0.90 5.06 4.86 1.00 0.00
0.90 5.06 5.04 1.00 0.00
0.90 5.06 5.21 1.00 0.00
0.90 5.06 5.39 1.00 0.00
0.90 5.06 5.56 1.00 0.00
0.90 5.06 5.74 1.00 0.00
0.90 5.06 5.91 1.00 0.00
0.90 5.06 6.09 1.00 0.00
0.90 5.06 6.26 1.00 0.00
0.90 5.06 6.44 1.00 0.00
0.90 5.06 6.61 1.00 0.00
0.90 5.06 6.78 1.00 0.00
0.90 5.06 6.96 1.00 0.00
0.90 5.06 7.13 1.00 0.00
0.90 5.06 7.31 1.00 0.00
0.90 5.06 7.48 1.00 0.00
1.10 5.06 4.48 1.00 0.00
1.10 5.06 4.65 1.00 0.00
1.10 5.06 4.83 1.00 0.00
1.10 5.06 5.00 1.00 0.00
1.10 5.06 5.17 1.00 0.00
1.10 5.06 5.35 1.00 0.00
1.10 5.06 5.52 1.00 0.00
1.10 5.06 5.70 1.00 0.00
1.10 5.06 5.87 1.00 0.00
1.10 5.06 6.05 1.00 0.00
1.10 5.06 6.22 1.00 0.00
1.10 5.06 6.40 1.00 0.00
1.10 5.06 6.57 1.00 0.00
1.10 5.06 6.75 1.00 0.00
1.10 5.06 6.92 1.00 0.00
1.10 5.06 7.09 1.00 0.00
1.10 5.06 7.27 1.00 0.00
1.10 5.06 7.44 1.00 0.00
0.30 5.24 4.63 1.00 0.00
0.30 5.24 4.81 1.00 0.00
0.30 5.24 4.98 1.00 0.00
0.30 5.24 5.16 1.00 0.00
0.30 5.24 5.33 1.00 0.00
0.30 5.24 5.50 1.00 0.00
0.30 5.24 5.68 1.00 0.00
0.30 5.24 5.85 1.00 0.00
0.30 5.24 6.03 1.00 0.00
0.30 5.24 6.20 1.00 0.00
0.30 5.24 6.38 1.00 0.00
0.30 5.24 6.55 1.00 0.00
0.30 5.24 6.73 1.00 0.00
0.30 5.24 6.90 1.00 0.00
0.30 5.24 7.08 1.00 0.00
0.30 5.24 7.25 1.00 0.00
0.30 5.24 7.42 1.00 0.00
0.30 5.24 7.60 1.00 0.00
0.50 5.24 4.60 1.00 0.00
0.50 5.24 4.77 1.00 0.00
0.50 5.24 4.95 1.00 0.00
0.50 5.24 5.12 1.00 0.00
0.50 5.24 5.29 1.00 0.00
0.50 5.24 5.47 1.00 0.00
0.50 5.24 5.64 1.00 0.00
0.50 5.24 5.82 1.00 0.00
0.50 5.24 5.99 1.00 0.00
0.50 5.24 6.17 1.00 0.00
0.50 5.24 6.34 1.00 0.00
0.50 5.24 6.52 1.00 0.00
0.50 5.24 6.69 1.00 0.00
0.50 5.24 6.87 1.00 0.00
0.50 5.24 7.04 1.00 0.00
0.50 5.24 7.21 1.00 0.00
0.50 5.24 7.39 1.00 0.00
0.50 5.24 7.56 1.00 0.00
0.70 5.24 4.56 1.00 0.00
0.70 5.24 4.73 1.00 0.00
0.70 5.24 4.91 1.00 0.00
0.70 5.24 5.08 1.00 0.00
0.70 5.24 5.26 1.00 0.00
0.70 5.24 5.43 1.00 0.00
0.70 5.24 5.61 1.00 0.00
0.70 5.24 5.78 1.00 0.00
0.70 5.24 5.96 1.00 0.00
0.70 5.24 6.13 1.00 0.00
0.70 5.24 6.31 1.00 0.00
0.70 5.24 6.48 1.00 0.00
0.70 5.24 6.65 1.00 0.00
0.70 5.24 6.83 1.00 0.00
0.70 5.24 7.00 1.00 0.00
0.70 5.24 7.18 1.00 0.00
0.70 5.24 7.35 1.00 0.00
0.70 5.24 7.53 1.00 0.00
0.90 5.24 4.52 1.00 0.00
0.90 5.24 4.70 1.00 0.00
0.90 5.24 4.87 1.00 0.00
0.90 5.24 5.05 1.00 0.00
0.90 5.24 5.22 1.00 0.00
0.90 5.24 5.40 1.00 0.00
0.90 5.24 5.57 1.00 0.00
0.90 5.24 5.74 1.00 0.00
0.90 5.24 5.92 1.00 0.00
0.90 5.24 6.09 1.00 0.00
0.90 5.24 6.27 1.00 0.00
0.90 5.24 6.44 1.00 0.00
0.90 5.24 6.62 1.00 0.00
0.90 5.24 6.79 1.00 0.00
0.90 5.24 6.97 1.00 0.00
0.90 5.24 7.14 1.00 0.00
0.90 5.24 7.32 1.00 0.00
0.90 5.24 7.49 1.00 0.00
1.10 5.24 4.48 1.00 0.00
1.10 5.24 4.66 1.00 0.00
1.10 5.24 4.83 1.00 0.00
1.10 5.24 5.01 1.00 0.00
1.10 5.24 5.18 1.00 0.00
1.10 5.24 5.36 1.00 0.00
1.10 5.24 5.53 1.00 0.00
1.10 5.24 5.71 1.00 0.00
1.10 5.24 5.88 1.00 0.00
1.10 5.24 6.06 1.00 0.00
1.10 5.24 6.23 1.00 0.00
1.10 5.24 6.40 1.00 0.00
1.10 5.24 6.58 1.00 0.00
1.10 5.24 6.75 1.00 0.00
1.10 5.24 6.93 1.00 0.00
1.10 5.24 7.10 1.00 0.00
1.10 5.24 7.28 1.00 0.00
1.10 5.24 7.45 1.00 0.00
0.30 5.41 4.64 1.00 0.00
0.30 5.41 4.81 1.00 0.00
0.30 5.41 4.99 1.00 0.00
0.30 5.41 5.16 1.00 0.00
0.30 5.41 5.34 1.00 0.00
0.30 5.41 5.51 1.00 0.00
0.30 5.41 5.68 1.00 0.00
0.30 5.41 5.86 1.00 0.00
0.30 5.41 6.03 1.00 0.00
0.30 5.41 6.21 1.00 0.00
0.30 5.41 6.38 1.00 0.00
0.30 5.41 6.56 1.00 0.00
0.30 5.41 6.73 1.00 0.00
0.30 5.41 6.91 1.00 0.00
0.30 5.41 7.08 1.00 0.00
0.30 5.41 7.25 1.00 0.00
0.30 5.41 7.43 1.00 0.00
0.30 5.41 7.60 1.00 0.00
0.50 5.41 4.60 1.00 0.00
0.50 5.41 4.78 1.00 0.00
0.50 5.41 4.95 1.00 0.00
0.50 5.41 5.13 1.00 0.00
0.50 5.41 5.30 1.00 0.00
0.50 5.41 5.48 1.00 0.00
0.50 5.41 5.65 1.00 0.00
0.50 5.41 5.83 1.00 0.00
0.50 5.41 6.00 1.00 0.00
0.50 5.41 6.18 1.00 0.00
0.50 5.41 6.35 1.00 0.00
0.50 5.41 6.52 1.00 0.00
0.50 5.41 6.70 1.00 0.00
0.50 5.41 6.87 1.00 0.00
0.50 5.41 7.05 1.00 0.00
0.50 5.41 7.22 1.00 0.00
0.50 5.41 7.40 1.00 0.00
0.50 5.41 7.57 1.00 0.00
0.70 5.41 4.57 1.00 0.00
0.70 5.41 4.75 1.00 0.00
0.70 5.41 4.92 1.00 0.00
0.70 5.41 5.09 1.00 0.00
0.70 5.41 5.27 1.00 0.00
0.70 5.41 5.44 1.00 0.00
0.70 5.41 5.62 1.00 0.00
0.70 5.41 5.79 1.00 0.00
0.70 5.41 5.97 1.00 0.00
0.70 5.41 6.14 1.00 0.00
0.70 5.41 6.32 1.00 0.00
0.70 5.41 6.49 1.00 0.00
0.70 5.41 6.67 1.00 0.00
0.70 5.41 6.84 1.00 0.00
0.70 5.41 7.01 1.00 0.00
0.70 5.41 7.19 1.00 0.00
0.70 5.41 7.36 1.00 0.00
0.70 5.41 7.54 1.00 0.00
0.90 5.41 4.54 1.00 0.00
0.90 5.41 4.71 1.00 0.00
0.90 5.41 4.89 1.00 0.00
0.90 5.41 5.06 1.00 0.00
0.90 5.41 5.23 1.00 0.00
0.90 5.41 5.41 1.00 0.00
0.90 5.41 5.58 1.00 0.00
0.90 5.41 5.76 1.00 0.00
0.90 5.41 5.93 1.00 0.00
0.90 5.41 6.11 1.00 0.00
0.90 5.41 6.28 1.00 0.00
0.90 5.41 6.46 1.00 0.00
0.90 5.41 6.63 1.00 0.00
0.90 5.41 6.81 1.00 0.00
0.90 5.41 6.98 1.00 0.00
0.90 5.41 7.15 1.00 0.00
0.90 5.41 7.33 1.00 0.00
0.90 5.41 7.50 1.00 0.00
1.10 5.41 4.50 1.00 0.00
1.10 5.41 4.67 1.00 0.00
1.10 5.41 4.85 1.00 0.00
1.10 5.41 5.02 1.00 0.00
1.10 5.41 5.20 1.00 0.00
1.10 5.41 5.37 1.00 0.00
1.10 5.41 5.55 1.00 0.00
1.10 5.41 5.72 1.00 0.00
1.10 5.41 5.90 1.00 0.00
1.10 5.41 6.07 1.00 0.00
1.10 5.41 6.24 1.00 0.00
1.10 5.41 6.42 1.00 0.00
1.10 5.41 6.59 1.00 0.00
1.10 5.41 6.77 1.00 0.00
1.10 5.41 6.94 1.00 0.00
1.10 5.41 7.12 1.00 0.00
1.10 5.41 7.29 1.00 0.00
1.10 5.41 7.47 1.00 0.00
0.30 5.59 4.64 1.00 0.00
0.30 5.59 4.82 1.00 0.00
0.30 5.59 4.99 1.00 0.00
0.30 5.59 5.17 1.00 0.00
0.30 5.59 5.34 1.00 0.00
0.30 5.59 5.52 1.00 0.00
0.30 5.59 5.69 1.00 0.00
0.30 5.59 5.87 1.00 0.00
0.30 5.59 6.04 1.00 0.00
0.30 5.59 6.21 1.00 0.00
0.30 5.59 6.39 1.00 0.00
0.30 5.59 6.56 1.00 0.00
0.30 5.59 6.74 1.00 0.00
0.30 5.59 6.91 1.00 0.00
0.30 5.59 7.09 1.00 0.00
0.30 5.59 7.26 1.00 0.00
0.30 5.59 7.44 1.00 0.00
0.30 5.59 7.61 1.00 0.00
0.50 5.59 4.62 1.00 0.00
0.50 5.59 4.79 1.00 0.00
0.50 5.59 4.96 1.00 0.00
0.50 5.59 5.14 1.00 0.00
0.50 5.59 5.31 1.00 0.00
0.50 5.59 5.49 1.00 0.00
0.50 5.59 5.66 1.00 0.00
0.50 5.59 5.84 1.00 0.00
0.50 5.59 6.01 1.00 0.00
0.50 5.59 6.19 1.00 0.00
0.50 5.59 6.36 1.00 0.00
0.50 5.59 6.54 1.00 0.00
0.50 5.59 6.71 1.00 0.00
0.50 5.59 6.88 1.00 0.00
0.50 5.59 7.06 1.00 0.00
0.50 5.59 7.23 1.00 0.00
0.50 5.59 7.41 1.00 0.00
0.50 5.59 7.58 1.00 0.00
0.70 5.59 4.59 1.00 0.00
0.70 5.59 4.76 1.00 0.00
0.70 5.59 4.94 1.00 0.00
0.70 5.59 5.11 1.00 0.00
0.70 5.59 5.28 1.00 0.00
0.70 5.59 5.46 1.00 0.00
0.70 5.59 5.63 1.00 0.00
0.70 5.59 5.81 1.00 0.00
0.70 5.59 5.98 1.00 0.00
0.70 5.59 6.16 1.00 0.00
0.70 5.59 6.33 1.00 0.00
0.70 5.59 6.51 1.00 0.00
0.70 5.59 6.68 1.00 0.00
0.70 5.59 6.86 1.00 0.00
0.70 5.59 7.03 1.00 0.00
0.70 5.59 7.20 1.00 0.00
0.70 5.59 7.38 1.00 0.00
0.70 5.59 7.55 1.00 0.00
0.90 5.59 4.56 1.00 0.00
0.90 5.59 4.73 1.00 0.00
0.90 5.59 4.90 1.00 0.00
0.90 5.59 5.08 1.00 0.00
0.90 5.59 5.25 1.00 0.00
0.90 5.59 5.43 1.00 0.00
0.90 5.59 5.60 1.00 0.00
0.90 5.59 5.78 1.00 0.00
0.90 5.59 5.95 1.00 0.00
0.90 5.59 6.13 1.00 0.00
0.90 5.59 6.30 1.00 0.00
0.90 5.59 6.48 1.00 0.00
0.90 5.59 6.65 1.00 0.00
0.90 5.59 6.82 1.00 0.00
0.90 5.59 7.00 1.00 0.00
0.90 5.59 7.17 1.00 0.00
0.90 5.59 7.35 1.00 0.00
0.90 5.59 7.52 1.00 0.00
1.10 5.59 4.52 1.00 0.00
1.10 5.59 4.70 1.00 0.00
1.10 5.59 4.87 1.00 0.00
1.10 5.59 5.05 1.00 0.00
1.10 5.59 5.22 1.00 0.00
1.10 5.59 5.39 1.00 0.00
1.10 5.59 5.57 1.00 0.00
1.10 5.59 5.74 1.00 0.00
1.10 5.59 5.92 1.00 0.00
1.10 5.59 6.09 1.00 0.00
1.10 5.59 6.27 1.00 0.00
1.10 5.59 6.44 1.00 0.00
1.10 5.59 6.62 1.00 0.00
1.10 5.59 6.79 1.00 0.00
1.10 5.59 6.97 1.00 0.00
1.10 5.59 7.14 1.00 0.00
1.10 5.59 7.31 1.00 0.00
1.10 5.59 7.49 1.00 0.00
0.30 5.76 4.65 1.00 0.00
0.30 5.76 4.83 1.00 0.00
0.30 5.76 5.00 1.00 0.00
0.30 5.76 5.18 1.00 0.00
0.30 5.76 5.35 1.00 0.00
0.30 5.76 5.52 1.00 0.00
0.30 5.76 5.70 1.00 0.00
0.30 5.76 5.87 1.00 0.00
0.30 5.76 6.05 1.00 0.00
0.30 5.76 6.22 1.00 0.00
0.30 5.76 6.40 1.00 0.00
0.30 5.76 6.57 1.00 0.00
0.30 5.76 6.75 1.00 0.00
0.30 5.76 6.92 1.00 0.00
0.30 5.76 7.10 1.00 0.00
0.30 5.76 7.27 1.00 0.00
0.30 5.76 7.44 1.00 0.00
0.30 5.76 7.62 1.00 0.00
0.50 5.76 4.63 1.00 0.00
0.50 5.76 4.80 1.00 0.00
0.50 5.76 4.98 1.00 0.00
0.50 5.76 5.15 1.00 0.00
0.50 5.76 5.33 1.00 0.00
0.50 5.76 5.50 1.00 0.00
0.50 5.76 5.68 1.00 0.00
0.50 5.76 5.85 1.00 0.00
0.50 5.76 6.03 1.00 0.00
0.50 5.76 6.20 1.00 0.00
0.50 5.76 6.37 1.00 0.00
0.50 5.76 6.55 1.00 0.00
0.50 5.76 6.72 1.00 0.00
0.50 5.76 6.90 1.00 0.00
0.50 5.76 7.07 1.00 0.00
0.50 5.76 7.25 1.00 0.00
0.50 5.76 7.42 1.00 0.00
0.50 5.76 7.60 1.00 0.00
0.70 5.76 4.61 1.00 0.00
0.70 5.76 4.78 1.00 0.00
0.70 5.76 4.95 1.00 0.00
0.70 5.76 5.13 1.00 0.00
0.70 5.76 5.30 1.00 0.00
0.70 5.76 5.48 1.00 0.00
0.70 5.76 5.65 1.00 0.00
0.70 5.76 5.83 1.00 0.00
0.70 5.76 6.00 1.00 0.00
0.70 5.76 6.18 1.00 0.00
0.70 5.76 6.35 1.00 0.00
0.70 5.76 6.53 1.00 0.00
0.70 5.76 6.70 1.00 0.00
0.70 5.76 6.87 1.00 0.00
0.70 5.76 7.05 1.00 0.00
0.70 5.76 7.22 1.00 0.00
0.70 5.76 7.40 1.00 0.00
0.70 5.76 7.57 1.00 0.00
0.90 5.76 4.58 1.00 0.00
0.90 5.76 4.75 1.00 0.00
0.90 5.76 4.93 1.00 0.00
0.90 5.76 5.10 1.00 0.00
0.90 5.76 5.28 1.00 0.00
0.90 5.76 5.45 1.00 0.00
0.90 5.76 5.63 1.00 0.00
0.90 5.76 5.80 1.00 0.00
0.90 5.76 5.98 1.00 0.00
0.90 5.76 6.15 1.00 0.00
0.90 5.76 6.32 1.00 0.00
0.90 5.76 6.50 1.00 0.00
0.90 5.76 6.67 1.00 0.00
0.90 5.76 6.85 1.00 0.00
0.90 5.76 7.02 1.00 0.00
0.90 5.76 7.20 1.00 0.00
0.90 5.76 7.37 1.00 0.00
0.90 5.76 7.55 1.00 0.00
1.10 5.76 4.55 1.00 0.00
1.10 5.76 4.73 1.00 0.00
1.10 5.76 4.90 1.00 0.00
1.10 5.76 5.08 1.00 0.00
1.10 5.76 5.25 1.00 0.00
1.10 5.76 5.42 1.00 0.00
1.10 5.76 5.60 1.00 0.00
1.10 5.76 5.77 1.00 0.00
1.10 5.76 5.95 1.00 0.00
1.10 5.76 6.12 1.00 0.00
1.10 5.76 6.30 1.00 0.00
1.10 5.76 6.47 1.00 0.00
1.10 5.76 6.65 1.00 0.00
1.10 5.76 6.82 1.00 0.00
1.10 5.76 7.00 1.00 0.00
1.10 5.76 7.17 1.00 0.00
1.10 5.76 7.34 1.00 0.00
1.10 5.76 7.52 1.00 0.00
0.30 5.93 4.66 1.00 0.00
0.30 5.93 4.84 1.00 0.00
0.30 5.93 5.01 1.00 0.00
0.30 5.93 5.18 1.00 0.00
0.30 5.93 5.36 1.00 0.00
0.30 5.93 5.53 1.00 0.00
0.30 5.93 5.71 1.00 0.00
0.30 5.93 5.88 1.00 0.00
0.30 5.93 6.06 1.00 0.00
0.30 5.93 6.23 1.00 0.00
0.30 5.93 6.41 1.00 0.00
0.30 5.93 6.58 1.00 0.00
0.30 5.93 6.76 1.00 0.00
0.30 5.93 6.93 1.00 0.00
0.30 5.93 7.10 1.00 0.00
0.30 5.93 7.28 1.00 0.00
0.30 5.93 7.45 1.00 0.00
0.30 5.93 7.63 1.00 0.00
0.50 5.93 4.64 1.00 0.00
0.50 5.93 4.82 1.00 0.00
0.50 5.93 4.99 1.00 0.00
0.50 5.93 5.17 1.00 0.00
0.50 5.93 5.34 1.00 0.00
0.50 5.93 5.52 1.00 0.00
0.50 5.93 5.69 1.00 0.00
0.50 5.93 5.87 1.00 0.00
0.50 5.93 6.04 1.00 0.00
0.50 5.93 6.22 1.00 0.00
0.50 5.93 6.39 1.00 0.00
0.50 5.93 6.56 1.00 0.00
0.50 5.93 6.74 1.00 0.00
0.50 5.93 6.91 1.00 0.00
0.50 5.93 7.09 1.00 0.00
0.50 5.93 7.26 1.00 0.00
0.50 5.93 7.44 1.00 0.00
0.50 5.93 7.61 1.00 0.00
0.70 5.93 4.63 1.00 0.00
0.70 5.93 4.80 1.00 0.00
0.70 5.93 4.98 1.00 0.00
0.70 5.93 5.15 1.00 0.00
0.70 5.93 5.33 1.00 0.00
0.70 5.93 5.50 1.00 0.00
0.70 5.93 5.67 1.00 0.00
0.70 5.93 5.85 1.00 0.00
0.70 5.93 6.02 1.00 0.00
0.70 5.93 6.20 1.00 0.00
0.70 5.93 6.37 1.00 0.00
0.70 5.93 6.55 1.00 0.00
0.70 5.93 6.72 1.00 0.00
0.70 5.93 6.90 1.00 0.00
0.70 5.93 7.07 1.00 0.00
0.70 5.93 7.25 1.00 0.00
0.70 5.93 7.42 1.00 0.00
0.70 5.93 7.59 1.00 0.00
0.90 5.93 4.61 1.00 0.00
0.90 5.93 4.78 1.00 0.00
0.90 5.93 4.96 1.00 0.00
0.90 5.93 5.13 1.00 0.00
0.90 5.93 5.31 1.00 0.00
0.90 5.93 5.48 1.00 0.00
0.90 5.93 5.66 1.00 0.00
0.90 5.93 5.83 1.00 0.00
0.90 5.93 6.01 1.00 0.00
0.90 5.93 6.18 1.00 0.00
0.90 5.93 6.35 1.00 0.00
0.90 5.93 6.53 1.00 0.00
0.90 5.93 6.70 1.00 0.00
0.90 5.93 6.88 1.00 0.00
0.90 5.93 7.05 1.00 0.00
0.90 5.93 7.23 1.00 0.00
0.90 5.93 7.40 1.00 0.00
0.90 5.93 7.58 1.00 0.00
1.10 5.93 4.59 1.00 0.00
1.10 5.93 4.76 1.00 0.00
1.10 5.93 4.94 1.00 0.00
1.10 5.93 5.11 1.00 0.00
1.10 5.93 5.29 1.00 0.00
1.10 5.93 5.46 1.00 0.00
1.10 5.93 5.64 1.00 0.00
1.10 5.93 5.81 1.00 0.00
1.10 5.93 5.99 1.00 0.00
1.10 5.93 6.16 1.00 0.00
1.10 5.93 6.33 1.00 0.00
1.10 5.93 6.51 1.00 0.00
1.10 5.93 6.68 1.00 0.00
1.10 5.93 6.86 1.00 0.00
1.10 5.93 7.03 1.00 0.00
1.10 5.93 7.21 1.00 0.00
1.10 5.93 7.38 1.00 0.00
1.10 5.93 7.56 1.00 0.00
0.30 6.11 4.67 1.00 0.00
0.30 6.11 4.85 1.00 0.00
0.30 6.11 5.02 1.00 0.00
0.30 6.11 5.19 1.00 0.00
0.30 6.11 5.37 1.00 0.00
0.30 6.11 5.54 1.00 0.00
0.30 6.11 5.72 1.00 0.00
0.30 6.11 5.89 1.00 0.00
0.30 6.11 6.07 1.00 0.00
0.30 6.11 6.24 1.00 0.00
0.30 6.11 6.42 1.00 0.00
0.30 6.11 6.59 1.00 0.00
0.30 6.11 6.76 1.00 0.00
0.30 6.11 6.94 1.00 0.00
0.30 6.11 7.11 1.00 0.00
0.30 6.11 7.29 1.00 0.00
0.30 6.11 7.46 1.00 0.00
0.30 6.11 7.64 1.00 0.00
0.50 6.11 4.66 1.00 0.00
0.50 6.11 4.84 1.00 0.00
0.50 6.11 5.01 1.00 0.00
0.50 6.11 5.19 1.00 0.00
0.50 6.11 5.36 1.00 0.00
0.50 6.11 5.53 1.00 0.00
0.50 6.11 5.71 1.00 0.00
0.50 6.11 5.88 1.00 0.00
0.50 6.11 6.06 1.00 0.00
0.50 6.11 6.23 1.00 0.00
0.50 6.11 6.41 1.00 0.00
0.50 6.11 6.58 1.00 0.00
0.50 6.11 6.76 1.00 0.00
0.50 6.11 6.93 1.00 0.00
0.50 6.11 7.11 1.00 0.00
0.50 6.11 7.28 1.00 0.00
0.50 6.11 7.45 1.00 0.00
0.50 6.11 7.63 1.00 0.00
0.70 6.11 4.65 1.00 0.00
0.70 6.11 4.83 1.00 0.00
0.70 6.11 5.00 1.00 0.00
0.70 6.11 5.18 1.00 0.00
0.70 6.11 5.35 1.00 0.00
0.70 6.11 5.52 1.00 0.00
0.70 6.11 5.70 1.00 0.00
0.70 6.11 5.87 1.00 0.00
0.70 6.11 6.05 1.00 0.00
0.70 6.11 6.22 1.00 0.00
0.70 6.11 6.40 1.00 0.00
0.70 6.11 6.57 1.00 0.00
0.70 6.11 6.75 1.00 0.00
0.70 6.11 6.92 1.00 0.00
0.70 6.11 7.10 1.00 0.00
0.70 6.11 7.27 1.00 0.00
0.70 6.11 7.44 1.00 0.00
0.70 6.11 7.62 1.00 0.00
0.90 6.11 4.64 1.00 0.00
0.90 6.11 4.82 1.00 0.00
0.90 6.11 4.99 1.00 0.00
0.90 6.11 5.17 1.00 0.00
0.90 6.11 5.34 1.00 0.00
0.90 6.11 5.51 1.00 0.00
0.90 6.11 5.69 1.00 0.00
0.90 6.11 5.86 1.00 0.00
0.90 6.11 6.04 1.00 0.00
0.90 6.11 6.21 1.00 0.00
0.90 6.11 6.39 1.00 0.00
0.90 6.11 6.56 1.00 0.00
0.90 6.11 6.74 1.00 0.00
0.90 6.11 6.91 1.00 0.00
0.90 6.11 7.09 1.00 0.00
0.90 6.11 7.26 1.00 0.00
0.90 6.11 7.43 1.00 0.00
0.90 6.11 7.61 1.00 0.00
1.10 6.11 4.63 1.00 0.00
1.10 6.11 4.80 1.00 0.00
1.10 6.11 4.98 1.00 0.00
1.10 6.11 5.15 1.00 0.00
1.10 6.11 5.33 1.00 0.00
1.10 6.11 5.50 1.00 0.00
1.10 6.11 5.68 1.00 0.00
1.10 6.11 5.85 1.00 0.00
1.10 6.11 6.03 1.00 0.00
1.10 6.11 6.20 1.00 0.00
1.10 6.11 6.38 1.00 0.00
1.10 6.11 6.55 1.00 0.00
1.10 6.11 6.72 1.00 0.00
1.10 6.11 6.90 1.00 0.00
1.10 6.11 7.07 1.00 0.00
1.10 6.11 7.25 1.00 0.00
1.10 6.11 7.42 1.00 0.00
1.10 6.11 7.60 1.00 0.00
