2.77 0.10 0.04
2.57 0.10 0.09
2.38 0.10 0.14
2.19 0.10 0.20
1.99 0.10 0.25
2.76 0.10 -0.02
2.56 0.10 0.00
2.36 0.10 0.02
2.16 0.10 0.04
1.96 0.10 0.06
2.76 0.10 -0.07
2.56 0.10 -0.08
2.36 0.10 -0.10
2.16 0.10 -0.12
1.96 0.10 -0.13
2.76 0.10 -0.12
2.57 0.10 -0.17
2.38 0.10 -0.22
2.18 0.10 -0.27
1.99 0.10 -0.32
2.78 0.10 -0.17
2.60 0.10 -0.25
2.42 0.10 -0.33
2.24 0.10 -0.42
2.05 0.10 -0.50
2.81 0.10 -0.21
2.64 0.10 -0.33
2.48 0.10 -0.44
2.31 0.10 -0.55
2.15 0.10 -0.67
2.84 0.10 -0.25
2.70 0.10 -0.40
2.56 0.10 -0.54
2.41 0.10 -0.68
2.27 0.10 -0.82
2.88 0.10 -0.29
2.76 0.10 -0.45
2.65 0.10 -0.61
2.53 0.10 -0.78
2.42 0.10 -0.94
2.93 0.10 -0.32
2.84 0.10 -0.50
2.75 0.10 -0.68
2.67 0.10 -0.86
2.58 0.10 -1.04
2.97 0.10 -0.33
2.92 0.10 -0.53
2.87 0.10 -0.72
2.81 0.10 -0.91
2.76 0.10 -1.10
3.03 0.10 -0.34
3.01 0.10 -0.54
2.99 0.10 -0.74
2.97 0.10 -0.94
2.95 0.10 -1.14
3.08 0.10 -0.34
3.09 0.10 -0.54
3.11 0.10 -0.74
3.13 0.10 -0.94
3.14 0.10 -1.14
3.13 0.10 -0.33
3.18 0.10 -0.53
3.23 0.10 -0.72
3.28 0.10 -0.92
3.33 0.10 -1.11
3.18 0.10 -0.32
3.26 0.10 -0.50
3.35 0.10 -0.68
3.43 0.10 -0.86
3.51 0.10 -1.05
3.23 0.10 -0.29
3.34 0.10 -0.46
3.45 0.10 -0.62
3.56 0.10 -0.79
3.68 0.10 -0.95
3.27 0.10 -0.26
3.41 0.10 -0.40
3.55 0.10 -0.54
3.69 0.10 -0.69
3.83 0.10 -0.83
3.30 0.10 -0.22
3.46 0.10 -0.33
3.62 0.10 -0.45
3.79 0.10 -0.57
3.95 0.10 -0.68
3.33 0.10 -0.17
3.51 0.10 -0.26
3.69 0.10 -0.35
3.87 0.10 -0.43
4.05 0.10 -0.52
3.34 0.10 -0.12
3.54 0.10 -0.18
3.73 0.10 -0.23
3.92 0.10 -0.28
4.12 0.10 -0.34
3.35 0.10 -0.07
3.55 0.10 -0.09
3.75 0.10 -0.11
3.95 0.10 -0.13
4.15 0.10 -0.15
3.35 0.10 -0.02
3.55 0.10 -0.01
3.75 0.10 0.01
3.95 0.10 0.03
4.15 0.10 0.04
3.35 0.10 0.03
3.54 0.10 0.08
3.73 0.10 0.13
3.93 0.10 0.18
4.12 0.10 0.23
3.33 0.10 0.08
3.51 0.10 0.16
3.69 0.10 0.25
3.87 0.10 0.33
4.06 0.10 0.41
3.30 0.10 0.13
3.47 0.10 0.24
3.63 0.10 0.35
3.80 0.10 0.47
3.96 0.10 0.58
3.27 0.10 0.17
3.41 0.10 0.31
3.55 0.10 0.45
3.70 0.10 0.59
3.84 0.10 0.73
3.23 0.10 0.20
3.35 0.10 0.36
3.46 0.10 0.53
3.58 0.10 0.69
3.69 0.10 0.85
3.18 0.10 0.23
3.27 0.10 0.41
3.36 0.10 0.59
3.44 0.10 0.77
3.53 0.10 0.95
3.14 0.10 0.24
3.19 0.10 0.44
3.24 0.10 0.63
3.30 0.10 0.82
3.35 0.10 1.02
3.08 0.10 0.25
3.10 0.10 0.45
3.12 0.10 0.65
3.14 0.10 0.85
3.16 0.10 1.05
3.03 0.10 0.25
3.02 0.10 0.45
3.00 0.10 0.65
2.98 0.10 0.85
2.97 0.10 1.05
2.98 0.10 0.25
2.93 0.10 0.44
2.88 0.10 0.63
2.83 0.10 0.83
2.78 0.10 1.02
2.93 0.10 0.23
2.85 0.10 0.41
2.76 0.10 0.59
2.68 0.10 0.77
2.60 0.10 0.96
2.89 0.10 0.20
2.77 0.10 0.37
2.66 0.10 0.53
2.55 0.10 0.70
2.43 0.10 0.86
2.84 0.10 0.17
2.70 0.10 0.31
2.56 0.10 0.45
2.42 0.10 0.60
2.28 0.10 0.74
2.81 0.10 0.13
2.65 0.10 0.25
2.49 0.10 0.36
2.32 0.10 0.48
2.16 0.10 0.59
2.78 0.10 0.08
2.60 0.10 0.17
2.42 0.10 0.26
2.24 0.10 0.34
2.06 0.10 0.43
