0.30 0.00 4.63 1.00 0.00
0.30 0.00 4.80 1.00 0.00
0.30 0.00 4.98 1.00 0.00
0.30 0.00 5.15 1.00 0.00
0.30 0.00 5.33 1.00 0.00
0.30 0.00 5.50 1.00 0.00
0.30 0.00 5.68 1.00 0.00
0.30 0.00 5.85 1.00 0.00
0.30 0.00 6.02 1.00 0.00
0.30 0.00 6.20 1.00 0.00
0.30 0.00 6.37 1.00 0.00
0.30 0.00 6.55 1.00 0.00
0.30 0.00 6.72 1.00 0.00
0.30 0.00 6.90 1.00 0.00
0.30 0.00 7.07 1.00 0.00
0.30 0.00 7.25 1.00 0.00
0.30 0.00 7.42 1.00 0.00
0.30 0.00 7.59 1.00 0.00
0.50 0.00 4.62 1.00 0.00
0.50 0.00 4.80 1.00 0.00
0.50 0.00 4.97 1.00 0.00
0.50 0.00 5.15 1.00 0.00
0.50 0.00 5.32 1.00 0.00
0.50 0.00 5.50 1.00 0.00
0.50 0.00 5.67 1.00 0.00
0.50 0.00 5.85 1.00 0.00
0.50 0.00 6.02 1.00 0.00
0.50 0.00 6.20 1.00 0.00
0.50 0.00 6.37 1.00 0.00
0.50 0.00 6.54 1.00 0.00
0.50 0.00 6.72 1.00 0.00
0.50 0.00 6.89 1.00 0.00
0.50 0.00 7.07 1.00 0.00
0.50 0.00 7.24 1.00 0.00
0.50 0.00 7.42 1.00 0.00
0.50 0.00 7.59 1.00 0.00
0.70 0.00 4.62 1.00 0.00
0.70 0.00 4.80 1.00 0.00
0.70 0.00 4.97 1.00 0.00
0.70 0.00 5.14 1.00 0.00
0.70 0.00 5.32 1.00 0.00
0.70 0.00 5.49 1.00 0.00
0.70 0.00 5.67 1.00 0.00
0.70 0.00 5.84 1.00 0.00
0.70 0.00 6.02 1.00 0.00
0.70 0.00 6.19 1.00 0.00
0.70 0.00 6.37 1.00 0.00
0.70 0.00 6.54 1.00 0.00
0.70 0.00 6.71 1.00 0.00
0.70 0.00 6.89 1.00 0.00
0.70 0.00 7.06 1.00 0.00
0.70 0.00 7.24 1.00 0.00
0.70 0.00 7.41 1.00 0.00
0.70 0.00 7.59 1.00 0.00
0.90 0.00 4.62 1.00 0.00
0.90 0.00 4.79 1.00 0.00
0.90 0.00 4.97 1.00 0.00
0.90 0.00 5.14 1.00 0.00
0.90 0.00 5.31 1.00 0.00
0.90 0.00 5.49 1.00 0.00
0.90 0.00 5.66 1.00 0.00
0.90 0.00 5.84 1.00 0.00
0.90 0.00 6.01 1.00 0.00
0.90 0.00 6.19 1.00 0.00
0.90 0.00 6.36 1.00 0.00
0.90 0.00 6.54 1.00 0.00
0.90 0.00 6.71 1.00 0.00
0.90 0.00 6.89 1.00 0.00
0.90 0.00 7.06 1.00 0.00
0.90 0.00 7.23 1.00 0.00
0.90 0.00 7.41 1.00 0.00
0.90 0.00 7.58 1.00 0.00
1.10 0.00 4.61 1.00 0.00
1.10 0.00 4.79 1.00 0.00
1.10 0.00 4.96 1.00 0.00
1.10 0.00 5.14 1.00 0.00
1.10 0.00 5.31 1.00 0.00
1.10 0.00 5.48 1.00 0.00
1.10 0.00 5.66 1.00 0.00
1.10 0.00 5.83 1.00 0.00
1.10 0.00 6.01 1.00 0.00
1.10 0.00 6.18 1.00 0.00
1.10 0.00 6.36 1.00 0.00
1.10 0.00 6.53 1.00 0.00
1.10 0.00 6.71 1.00 0.00
1.10 0.00 6.88 1.00 0.00
1.10 0.00 7.06 1.00 0.00
1.10 0.00 7.23 1.00 0.00
1.10 0.00 7.40 1.00 0.00
1.10 0.00 7.58 1.00 0.00
0.30 0.17 4.64 1.00 0.00
0.30 0.17 4.81 1.00 0.00
0.30 0.17 4.99 1.00 0.00
0.30 0.17 5.16 1.00 0.00
0.30 0.17 5.34 1.00 0.00
0.30 0.17 5.51 1.00 0.00
0.30 0.17 5.69 1.00 0.00
0.30 0.17 5.86 1.00 0.00
0.30 0.17 6.03 1.00 0.00
0.30 0.17 6.21 1.00 0.00
0.30 0.17 6.38 1.00 0.00
0.30 0.17 6.56 1.00 0.00
0.30 0.17 6.73 1.00 0.00
0.30 0.17 6.91 1.00 0.00
0.30 0.17 7.08 1.00 0.00
0.30 0.17 7.26 1.00 0.00
0.30 0.17 7.43 1.00 0.00
0.30 0.17 7.61 1.00 0.00
0.50 0.17 4.64 1.00 0.00
0.50 0.17 4.82 1.00 0.00
0.50 0.17 4.99 1.00 0.00
0.50 0.17 5.17 1.00 0.00
0.50 0.17 5.34 1.00 0.00
0.50 0.17 5.51 1.00 0.00
0.50 0.17 5.69 1.00 0.00
0.50 0.17 5.86 1.00 0.00
0.50 0.17 6.04 1.00 0.00
0.50 0.17 6.21 1.00 0.00
0.50 0.17 6.39 1.00 0.00
0.50 0.17 6.56 1.00 0.00
0.50 0.17 6.74 1.00 0.00
0.50 0.17 6.91 1.00 0.00
0.50 0.17 7.09 1.00 0.00
0.50 0.17 7.26 1.00 0.00
0.50 0.17 7.43 1.00 0.00
0.50 0.17 7.61 1.00 0.00
0.70 0.17 4.65 1.00 0.00
0.70 0.17 4.82 1.00 0.00
0.70 0.17 5.00 1.00 0.00
0.70 0.17 5.17 1.00 0.00
0.70 0.17 5.34 1.00 0.00
0.70 0.17 5.52 1.00 0.00
0.70 0.17 5.69 1.00 0.00
0.70 0.17 5.87 1.00 0.00
0.70 0.17 6.04 1.00 0.00
0.70 0.17 6.22 1.00 0.00
0.70 0.17 6.39 1.00 0.00
0.70 0.17 6.57 1.00 0.00
0.70 0.17 6.74 1.00 0.00
0.70 0.17 6.92 1.00 0.00
0.70 0.17 7.09 1.00 0.00
0.70 0.17 7.26 1.00 0.00
0.70 0.17 7.44 1.00 0.00
0.70 0.17 7.61 1.00 0.00
0.90 0.17 4.65 1.00 0.00
0.90 0.17 4.83 1.00 0.00
0.90 0.17 5.00 1.00 0.00
0.90 0.17 5.18 1.00 0.00
0.90 0.17 5.35 1.00 0.00
0.90 0.17 5.52 1.00 0.00
0.90 0.17 5.70 1.00 0.00
0.90 0.17 5.87 1.00 0.00
0.90 0.17 6.05 1.00 0.00
0.90 0.17 6.22 1.00 0.00
0.90 0.17 6.40 1.00 0.00
0.90 0.17 6.57 1.00 0.00
0.90 0.17 6.75 1.00 0.00
0.90 0.17 6.92 1.00 0.00
0.90 0.17 7.10 1.00 0.00
0.90 0.17 7.27 1.00 0.00
0.90 0.17 7.44 1.00 0.00
0.90 0.17 7.62 1.00 0.00
1.10 0.17 4.66 1.00 0.00
1.10 0.17 4.83 1.00 0.00
1.10 0.17 5.01 1.00 0.00
1.10 0.17 5.18 1.00 0.00
1.10 0.17 5.36 1.00 0.00
1.10 0.17 5.53 1.00 0.00
1.10 0.17 5.70 1.00 0.00
1.10 0.17 5.88 1.00 0.00
1.10 0.17 6.05 1.00 0.00
1.10 0.17 6.23 1.00 0.00
1.10 0.17 6.40 1.00 0.00
1.10 0.17 6.58 1.00 0.00
1.10 0.17 6.75 1.00 0.00
1.10 0.17 6.93 1.00 0.00
1.10 0.17 7.10 1.00 0.00
1.10 0.17 7.28 1.00 0.00
1.10 0.17 7.45 1.00 0.00
1.10 0.17 7.62 1.00 0.00
0.30 0.35 4.65 1.00 0.00
0.30 0.35 4.82 1.00 0.00
0.30 0.35 5.00 1.00 0.00
0.30 0.35 5.17 1.00 0.00
0.30 0.35 5.35 1.00 0.00
0.30 0.35 5.52 1.00 0.00
0.30 0.35 5.70 1.00 0.00
0.30 0.35 5.87 1.00 0.00
0.30 0.35 6.04 1.00 0.00
0.30 0.35 6.22 1.00 0.00
0.30 0.35 6.39 1.00 0.00
0.30 0.35 6.57 1.00 0.00
0.30 0.35 6.74 1.00 0.00
0.30 0.35 6.92 1.00 0.00
0.30 0.35 7.09 1.00 0.00
0.30 0.35 7.27 1.00 0.00
0.30 0.35 7.44 1.00 0.00
0.30 0.35 7.62 1.00 0.00
0.50 0.35 4.66 1.00 0.00
0.50 0.35 4.83 1.00 0.00
0.50 0.35 5.01 1.00 0.00
0.50 0.35 5.18 1.00 0.00
0.50 0.35 5.36 1.00 0.00
0.50 0.35 5.53 1.00 0.00
0.50 0.35 5.71 1.00 0.00
0.50 0.35 5.88 1.00 0.00
0.50 0.35 6.06 1.00 0.00
0.50 0.35 6.23 1.00 0.00
0.50 0.35 6.41 1.00 0.00
0.50 0.35 6.58 1.00 0.00
0.50 0.35 6.75 1.00 0.00
0.50 0.35 6.93 1.00 0.00
0.50 0.35 7.10 1.00 0.00
0.50 0.35 7.28 1.00 0.00
0.50 0.35 7.45 1.00 0.00
0.50 0.35 7.63 1.00 0.00
0.70 0.35 4.67 1.00 0.00
0.70 0.35 4.85 1.00 0.00
0.70 0.35 5.02 1.00 0.00
0.70 0.35 5.20 1.00 0.00
0.70 0.35 5.37 1.00 0.00
0.70 0.35 5.55 1.00 0.00
0.70 0.35 5.72 1.00 0.00
0.70 0.35 5.89 1.00 0.00
0.70 0.35 6.07 1.00 0.00
0.70 0.35 6.24 1.00 0.00
0.70 0.35 6.42 1.00 0.00
0.70 0.35 6.59 1.00 0.00
0.70 0.35 6.77 1.00 0.00
0.70 0.35 6.94 1.00 0.00
0.70 0.35 7.12 1.00 0.00
0.70 0.35 7.29 1.00 0.00
0.70 0.35 7.46 1.00 0.00
0.70 0.35 7.64 1.00 0.00
0.90 0.35 4.69 1.00 0.00
0.90 0.35 4.86 1.00 0.00
0.90 0.35 5.04 1.00 0.00
0.90 0.35 5.21 1.00 0.00
0.90 0.35 5.38 1.00 0.00
0.90 0.35 5.56 1.00 0.00
0.90 0.35 5.73 1.00 0.00
0.90 0.35 5.91 1.00 0.00
0.90 0.35 6.08 1.00 0.00
0.90 0.35 6.26 1.00 0.00
0.90 0.35 6.43 1.00 0.00
0.90 0.35 6.61 1.00 0.00
0.90 0.35 6.78 1.00 0.00
0.90 0.35 6.95 1.00 0.00
0.90 0.35 7.13 1.00 0.00
0.90 0.35 7.30 1.00 0.00
0.90 0.35 7.48 1.00 0.00
0.90 0.35 7.65 1.00 0.00
1.10 0.35 4.70 1.00 0.00
1.10 0.35 4.88 1.00 0.00
1.10 0.35 5.05 1.00 0.00
1.10 0.35 5.22 1.00 0.00
1.10 0.35 5.40 1.00 0.00
1.10 0.35 5.57 1.00 0.00
1.10 0.35 5.75 1.00 0.00
1.10 0.35 5.92 1.00 0.00
1.10 0.35 6.10 1.00 0.00
1.10 0.35 6.27 1.00 0.00
1.10 0.35 6.45 1.00 0.00
1.10 0.35 6.62 1.00 0.00
1.10 0.35 6.80 1.00 0.00
1.10 0.35 6.97 1.00 0.00
1.10 0.35 7.14 1.00 0.00
1.10 0.35 7.32 1.00 0.00
1.10 0.35 7.49 1.00 0.00
1.10 0.35 7.67 1.00 0.00
0.30 0.52 4.66 1.00 0.00
0.30 0.52 4.83 1.00 0.00
0.30 0.52 5.01 1.00 0.00
0.30 0.52 5.18 1.00 0.00
0.30 0.52 5.36 1.00 0.00
0.30 0.52 5.53 1.00 0.00
0.30 0.52 5.71 1.00 0.00
0.30 0.52 5.88 1.00 0.00
0.30 0.52 6.05 1.00 0.00
0.30 0.52 6.23 1.00 0.00
0.30 0.52 6.40 1.00 0.00
0.30 0.52 6.58 1.00 0.00
0.30 0.52 6.75 1.00 0.00
0.30 0.52 6.93 1.00 0.00
0.30 0.52 7.10 1.00 0.00
0.30 0.52 7.28 1.00 0.00
0.30 0.52 7.45 1.00 0.00
0.30 0.52 7.62 1.00 0.00
0.50 0.52 4.68 1.00 0.00
0.50 0.52 4.85 1.00 0.00
0.50 0.52 5.03 1.00 0.00
0.50 0.52 5.20 1.00 0.00
0.50 0.52 5.37 1.00 0.00
0.50 0.52 5.55 1.00 0.00
0.50 0.52 5.72 1.00 0.00
0.50 0.52 5.90 1.00 0.00
0.50 0.52 6.07 1.00 0.00
0.50 0.52 6.25 1.00 0.00
0.50 0.52 6.42 1.00 0.00
0.50 0.52 6.60 1.00 0.00
0.50 0.52 6.77 1.00 0.00
0.50 0.52 6.95 1.00 0.00
0.50 0.52 7.12 1.00 0.00
0.50 0.52 7.29 1.00 0.00
0.50 0.52 7.47 1.00 0.00
0.50 0.52 7.64 1.00 0.00
0.70 0.52 4.70 1.00 0.00
0.70 0.52 4.87 1.00 0.00
0.70 0.52 5.05 1.00 0.00
0.70 0.52 5.22 1.00 0.00
0.70 0.52 5.39 1.00 0.00
0.70 0.52 5.57 1.00 0.00
0.70 0.52 5.74 1.00 0.00
0.70 0.52 5.92 1.00 0.00
0.70 0.52 6.09 1.00 0.00
0.70 0.52 6.27 1.00 0.00
0.70 0.52 6.44 1.00 0.00
0.70 0.52 6.62 1.00 0.00
0.70 0.52 6.79 1.00 0.00
0.70 0.52 6.97 1.00 0.00
0.70 0.52 7.14 1.00 0.00
0.70 0.52 7.31 1.00 0.00
0.70 0.52 7.49 1.00 0.00
0.70 0.52 7.66 1.00 0.00
0.90 0.52 4.72 1.00 0.00
0.90 0.52 4.89 1.00 0.00
0.90 0.52 5.07 1.00 0.00
0.90 0.52 5.24 1.00 0.00
0.90 0.52 5.42 1.00 0.00
0.90 0.52 5.59 1.00 0.00
0.90 0.52 5.76 1.00 0.00
0.90 0.52 5.94 1.00 0.00
0.90 0.52 6.11 1.00 0.00
0.90 0.52 6.29 1.00 0.00
0.90 0.52 6.46 1.00 0.00
0.90 0.52 6.64 1.00 0.00
0.90 0.52 6.81 1.00 0.00
0.90 0.52 6.99 1.00 0.00
0.90 0.52 7.16 1.00 0.00
0.90 0.52 7.34 1.00 0.00
0.90 0.52 7.51 1.00 0.00
0.90 0.52 7.68 1.00 0.00
1.10 0.52 4.74 1.00 0.00
1.10 0.52 4.92 1.00 0.00
1.10 0.52 5.09 1.00 0.00
1.10 0.52 5.26 1.00 0.00
1.10 0.52 5.44 1.00 0.00
1.10 0.52 5.61 1.00 0.00
1.10 0.52 5.79 1.00 0.00
1.10 0.52 5.96 1.00 0.00
1.10 0.52 6.14 1.00 0.00
1.10 0.52 6.31 1.00 0.00
1.10 0.52 6.49 1.00 0.00
1.10 0.52 6.66 1.00 0.00
1.10 0.52 6.84 1.00 0.00
1.10 0.52 7.01 1.00 0.00
1.10 0.52 7.18 1.00 0.00
1.10 0.52 7.36 1.00 0.00
1.10 0.52 7.53 1.00 0.00
1.10 0.52 7.71 1.00 0.00
0.30 0.70 4.67 1.00 0.00
0.30 0.70 4.84 1.00 0.00
0.30 0.70 5.02 1.00 0.00
0.30 0.70 5.19 1.00 0.00
0.30 0.70 5.36 1.00 0.00
0.30 0.70 5.54 1.00 0.00
0.30 0.70 5.71 1.00 0.00
0.30 0.70 5.89 1.00 0.00
0.30 0.70 6.06 1.00 0.00
0.30 0.70 6.24 1.00 0.00
0.30 0.70 6.41 1.00 0.00
0.30 0.70 6.59 1.00 0.00
0.30 0.70 6.76 1.00 0.00
0.30 0.70 6.94 1.00 0.00
0.30 0.70 7.11 1.00 0.00
0.30 0.70 7.28 1.00 0.00
0.30 0.70 7.46 1.00 0.00
0.30 0.70 7.63 1.00 0.00
0.50 0.70 4.69 1.00 0.00
0.50 0.70 4.87 1.00 0.00
0.50 0.70 5.04 1.00 0.00
0.50 0.70 5.21 1.00 0.00
0.50 0.70 5.39 1.00 0.00
0.50 0.70 5.56 1.00 0.00
0.50 0.70 5.74 1.00 0.00
0.50 0.70 5.91 1.00 0.00
0.50 0.70 6.09 1.00 0.00
0.50 0.70 6.26 1.00 0.00
0.50 0.70 6.44 1.00 0.00
0.50 0.70 6.61 1.00 0.00
0.50 0.70 6.79 1.00 0.00
0.50 0.70 6.96 1.00 0.00
0.50 0.70 7.13 1.00 0.00
0.50 0.70 7.31 1.00 0.00
0.50 0.70 7.48 1.00 0.00
0.50 0.70 7.66 1.00 0.00
0.70 0.70 4.72 1.00 0.00
0.70 0.70 4.89 1.00 0.00
0.70 0.70 5.07 1.00 0.00
0.70 0.70 5.24 1.00 0.00
0.70 0.70 5.42 1.00 0.00
0.70 0.70 5.59 1.00 0.00
0.70 0.70 5.76 1.00 0.00
0.70 0.70 5.94 1.00 0.00
0.70 0.70 6.11 1.00 0.00
0.70 0.70 6.29 1.00 0.00
0.70 0.70 6.46 1.00 0.00
0.70 0.70 6.64 1.00 0.00
0.70 0.70 6.81 1.00 0.00
0.70 0.70 6.99 1.00 0.00
0.70 0.70 7.16 1.00 0.00
0.70 0.70 7.34 1.00 0.00
0.70 0.70 7.51 1.00 0.00
0.70 0.70 7.68 1.00 0.00
0.90 0.70 4.75 1.00 0.00
0.90 0.70 4.92 1.00 0.00
0.90 0.70 5.09 1.00 0.00
0.90 0.70 5.27 1.00 0.00
0.90 0.70 5.44 1.00 0.00
0.90 0.70 5.62 1.00 0.00
0.90 0.70 5.79 1.00 0.00
0.90 0.70 5.97 1.00 0.00
0.90 0.70 6.14 1.00 0.00
0.90 0.70 6.32 1.00 0.00
0.90 0.70 6.49 1.00 0.00
0.90 0.70 6.67 1.00 0.00
0.90 0.70 6.84 1.00 0.00
0.90 0.70 7.01 1.00 0.00
0.90 0.70 7.19 1.00 0.00
0.90 0.70 7.36 1.00 0.00
0.90 0.70 7.54 1.00 0.00
0.90 0.70 7.71 1.00 0.00
1.10 0.70 4.77 1.00 0.00
1.10 0.70 4.95 1.00 0.00
1.10 0.70 5.12 1.00 0.00
1.10 0.70 5.30 1.00 0.00
1.10 0.70 5.47 1.00 0.00
1.10 0.70 5.65 1.00 0.00
1.10 0.70 5.82 1.00 0.00
1.10 0.70 6.00 1.00 0.00
1.10 0.70 6.17 1.00 0.00
1.10 0.70 6.35 1.00 0.00
1.10 0.70 6.52 1.00 0.00
1.10 0.70 6.69 1.00 0.00
1.10 0.70 6.87 1.00 0.00
1.10 0.70 7.04 1.00 0.00
1.10 0.70 7.22 1.00 0.00
1.10 0.70 7.39 1.00 0.00
1.10 0.70 7.57 1.00 0.00
1.10 0.70 7.74 1.00 0.00
0.30 0.87 4.67 1.00 0.00
0.30 0.87 4.85 1.00 0.00
0.30 0.87 5.02 1.00 0.00
0.30 0.87 5.20 1.00 0.00
0.30 0.87 5.37 1.00 0.00
0.30 0.87 5.55 1.00 0.00
0.30 0.87 5.72 1.00 0.00
0.30 0.87 5.90 1.00 0.00
0.30 0.87 6.07 1.00 0.00
0.30 0.87 6.24 1.00 0.00
0.30 0.87 6.42 1.00 0.00
0.30 0.87 6.59 1.00 0.00
0.30 0.87 6.77 1.00 0.00
0.30 0.87 6.94 1.00 0.00
0.30 0.87 7.12 1.00 0.00
0.30 0.87 7.29 1.00 0.00
0.30 0.87 7.47 1.00 0.00
0.30 0.87 7.64 1.00 0.00
0.50 0.87 4.70 1.00 0.00
0.50 0.87 4.88 1.00 0.00
0.50 0.87 5.05 1.00 0.00
0.50 0.87 5.23 1.00 0.00
0.50 0.87 5.40 1.00 0.00
0.50 0.87 5.58 1.00 0.00
0.50 0.87 5.75 1.00 0.00
0.50 0.87 5.93 1.00 0.00
0.50 0.87 6.10 1.00 0.00
0.50 0.87 6.27 1.00 0.00
0.50 0.87 6.45 1.00 0.00
0.50 0.87 6.62 1.00 0.00
0.50 0.87 6.80 1.00 0.00
0.50 0.87 6.97 1.00 0.00
0.50 0.87 7.15 1.00 0.00
0.50 0.87 7.32 1.00 0.00
0.50 0.87 7.50 1.00 0.00
0.50 0.87 7.67 1.00 0.00
0.70 0.87 4.73 1.00 0.00
0.70 0.87 4.91 1.00 0.00
0.70 0.87 5.08 1.00 0.00
0.70 0.87 5.26 1.00 0.00
0.70 0.87 5.43 1.00 0.00
0.70 0.87 5.61 1.00 0.00
0.70 0.87 5.78 1.00 0.00
0.70 0.87 5.96 1.00 0.00
0.70 0.87 6.13 1.00 0.00
0.70 0.87 6.31 1.00 0.00
0.70 0.87 6.48 1.00 0.00
0.70 0.87 6.65 1.00 0.00
0.70 0.87 6.83 1.00 0.00
0.70 0.87 7.00 1.00 0.00
0.70 0.87 7.18 1.00 0.00
0.70 0.87 7.35 1.00 0.00
0.70 0.87 7.53 1.00 0.00
0.70 0.87 7.70 1.00 0.00
0.90 0.87 4.77 1.00 0.00
0.90 0.87 4.94 1.00 0.00
0.90 0.87 5.12 1.00 0.00
0.90 0.87 5.29 1.00 0.00
0.90 0.87 5.47 1.00 0.00
0.90 0.87 5.64 1.00 0.00
0.90 0.87 5.81 1.00 0.00
0.90 0.87 5.99 1.00 0.00
0.90 0.87 6.16 1.00 0.00
0.90 0.87 6.34 1.00 0.00
0.90 0.87 6.51 1.00 0.00
0.90 0.87 6.69 1.00 0.00
0.90 0.87 6.86 1.00 0.00
0.90 0.87 7.04 1.00 0.00
0.90 0.87 7.21 1.00 0.00
0.90 0.87 7.39 1.00 0.00
0.90 0.87 7.56 1.00 0.00
0.90 0.87 7.73 1.00 0.00
1.10 0.87 4.80 1.00 0.00
1.10 0.87 4.98 1.00 0.00
1.10 0.87 5.15 1.00 0.00
1.10 0.87 5.33 1.00 0.00
1.10 0.87 5.50 1.00 0.00
1.10 0.87 5.67 1.00 0.00
1.10 0.87 5.85 1.00 0.00
1.10 0.87 6.02 1.00 0.00
1.10 0.87 6.20 1.00 0.00
1.10 0.87 6.37 1.00 0.00
1.10 0.87 6.55 1.00 0.00
1.10 0.87 6.72 1.00 0.00
1.10 0.87 6.90 1.00 0.00
1.10 0.87 7.07 1.00 0.00
1.10 0.87 7.25 1.00 0.00
1.10 0.87 7.42 1.00 0.00
1.10 0.87 7.59 1.00 0.00
1.10 0.87 7.77 1.00 0.00
0.30 1.05 4.68 1.00 0.00
0.30 1.05 4.85 1.00 0.00
0.30 1.05 5.03 1.00 0.00
0.30 1.05 5.20 1.00 0.00
0.30 1.05 5.38 1.00 0.00
0.30 1.05 5.55 1.00 0.00
0.30 1.05 5.73 1.00 0.00
0.30 1.05 5.90 1.00 0.00
0.30 1.05 6.08 1.00 0.00
0.30 1.05 6.25 1.00 0.00
0.30 1.05 6.43 1.00 0.00
0.30 1.05 6.60 1.00 0.00
0.30 1.05 6.77 1.00 0.00
0.30 1.05 6.95 1.00 0.00
0.30 1.05 7.12 1.00 0.00
0.30 1.05 7.30 1.00 0.00
0.30 1.05 7.47 1.00 0.00
0.30 1.05 7.65 1.00 0.00
0.50 1.05 4.71 1.00 0.00
0.50 1.05 4.89 1.00 0.00
0.50 1.05 5.06 1.00 0.00
0.50 1.05 5.24 1.00 0.00
0.50 1.05 5.41 1.00 0.00
0.50 1.05 5.59 1.00 0.00
0.50 1.05 5.76 1.00 0.00
0.50 1.05 5.94 1.00 0.00
0.50 1.05 6.11 1.00 0.00
0.50 1.05 6.28 1.00 0.00
0.50 1.05 6.46 1.00 0.00
0.50 1.05 6.63 1.00 0.00
0.50 1.05 6.81 1.00 0.00
0.50 1.05 6.98 1.00 0.00
0.50 1.05 7.16 1.00 0.00
0.50 1.05 7.33 1.00 0.00
0.50 1.05 7.51 1.00 0.00
0.50 1.05 7.68 1.00 0.00
0.70 1.05 4.75 1.00 0.00
0.70 1.05 4.92 1.00 0.00
0.70 1.05 5.10 1.00 0.00
0.70 1.05 5.27 1.00 0.00
0.70 1.05 5.45 1.00 0.00
0.70 1.05 5.62 1.00 0.00
0.70 1.05 5.80 1.00 0.00
0.70 1.05 5.97 1.00 0.00
0.70 1.05 6.14 1.00 0.00
0.70 1.05 6.32 1.00 0.00
0.70 1.05 6.49 1.00 0.00
0.70 1.05 6.67 1.00 0.00
0.70 1.05 6.84 1.00 0.00
0.70 1.05 7.02 1.00 0.00
0.70 1.05 7.19 1.00 0.00
0.70 1.05 7.37 1.00 0.00
0.70 1.05 7.54 1.00 0.00
0.70 1.05 7.72 1.00 0.00
0.90 1.05 4.78 1.00 0.00
0.90 1.05 4.96 1.00 0.00
0.90 1.05 5.13 1.00 0.00
0.90 1.05 5.31 1.00 0.00
0.90 1.05 5.48 1.00 0.00
0.90 1.05 5.66 1.00 0.00
0.90 1.05 5.83 1.00 0.00
0.90 1.05 6.01 1.00 0.00
0.90 1.05 6.18 1.00 0.00
0.90 1.05 6.36 1.00 0.00
0.90 1.05 6.53 1.00 0.00
0.90 1.05 6.70 1.00 0.00
0.90 1.05 6.88 1.00 0.00
0.90 1.05 7.05 1.00 0.00
0.90 1.05 7.23 1.00 0.00
0.90 1.05 7.40 1.00 0.00
0.90 1.05 7.58 1.00 0.00
0.90 1.05 7.75 1.00 0.00
1.10 1.05 4.82 1.00 0.00
1.10 1.05 5.00 1.00 0.00
1.10 1.05 5.17 1.00 0.00
1.10 1.05 5.35 1.00 0.00
1.10 1.05 5.52 1.00 0.00
1.10 1.05 5.69 1.00 0.00
1.10 1.05 5.87 1.00 0.00
1.10 1.05 6.04 1.00 0.00
1.10 1.05 6.22 1.00 0.00
1.10 1.05 6.39 1.00 0.00
1.10 1.05 6.57 1.00 0.00
1.10 1.05 6.74 1.00 0.00
1.10 1.05 6.92 1.00 0.00
1.10 1.05 7.09 1.00 0.00
1.10 1.05 7.27 1.00 0.00
1.10 1.05 7.44 1.00 0.00
1.10 1.05 7.61 1.00 0.00
1.10 1.05 7.79 1.00 0.00
0.30 1.22 4.68 1.00 0.00
0.30 1.22 4.86 1.00 0.00
0.30 1.22 5.03 1.00 0.00
0.30 1.22 5.21 1.00 0.00
0.30 1.22 5.38 1.00 0.00
0.30 1.22 5.56 1.00 0.00
0.30 1.22 5.73 1.00 0.00
0.30 1.22 5.91 1.00 0.00
0.30 1.22 6.08 1.00 0.00
0.30 1.22 6.26 1.00 0.00
0.30 1.22 6.43 1.00 0.00
0.30 1.22 6.60 1.00 0.00
0.30 1.22 6.78 1.00 0.00
0.30 1.22 6.95 1.00 0.00
0.30 1.22 7.13 1.00 0.00
0.30 1.22 7.30 1.00 0.00
0.30 1.22 7.48 1.00 0.00
0.30 1.22 7.65 1.00 0.00
0.50 1.22 4.72 1.00 0.00
0.50 1.22 4.90 1.00 0.00
0.50 1.22 5.07 1.00 0.00
0.50 1.22 5.24 1.00 0.00
0.50 1.22 5.42 1.00 0.00
0.50 1.22 5.59 1.00 0.00
0.50 1.22 5.77 1.00 0.00
0.50 1.22 5.94 1.00 0.00
0.50 1.22 6.12 1.00 0.00
0.50 1.22 6.29 1.00 0.00
0.50 1.22 6.47 1.00 0.00
0.50 1.22 6.64 1.00 0.00
0.50 1.22 6.82 1.00 0.00
0.50 1.22 6.99 1.00 0.00
0.50 1.22 7.16 1.00 0.00
0.50 1.22 7.34 1.00 0.00
0.50 1.22 7.51 1.00 0.00
0.50 1.22 7.69 1.00 0.00
0.70 1.22 4.76 1.00 0.00
0.70 1.22 4.93 1.00 0.00
0.70 1.22 5.11 1.00 0.00
0.70 1.22 5.28 1.00 0.00
0.70 1.22 5.46 1.00 0.00
0.70 1.22 5.63 1.00 0.00
0.70 1.22 5.81 1.00 0.00
0.70 1.22 5.98 1.00 0.00
0.70 1.22 6.15 1.00 0.00
0.70 1.22 6.33 1.00 0.00
0.70 1.22 6.50 1.00 0.00
0.70 1.22 6.68 1.00 0.00
0.70 1.22 6.85 1.00 0.00
0.70 1.22 7.03 1.00 0.00
0.70 1.22 7.20 1.00 0.00
0.70 1.22 7.38 1.00 0.00
0.70 1.22 7.55 1.00 0.00
0.70 1.22 7.72 1.00 0.00
0.90 1.22 4.80 1.00 0.00
0.90 1.22 4.97 1.00 0.00
0.90 1.22 5.14 1.00 0.00
0.90 1.22 5.32 1.00 0.00
0.90 1.22 5.49 1.00 0.00
0.90 1.22 5.67 1.00 0.00
0.90 1.22 5.84 1.00 0.00
0.90 1.22 6.02 1.00 0.00
0.90 1.22 6.19 1.00 0.00
0.90 1.22 6.37 1.00 0.00
0.90 1.22 6.54 1.00 0.00
0.90 1.22 6.72 1.00 0.00
0.90 1.22 6.89 1.00 0.00
0.90 1.22 7.06 1.00 0.00
0.90 1.22 7.24 1.00 0.00
0.90 1.22 7.41 1.00 0.00
0.90 1.22 7.59 1.00 0.00
0.90 1.22 7.76 1.00 0.00
1.10 1.22 4.83 1.00 0.00
1.10 1.22 5.01 1.00 0.00
1.10 1.22 5.18 1.00 0.00
1.10 1.22 5.36 1.00 0.00
1.10 1.22 5.53 1.00 0.00
1.10 1.22 5.71 1.00 0.00
1.10 1.22 5.88 1.00 0.00
1.10 1.22 6.06 1.00 0.00
1.10 1.22 6.23 1.00 0.00
1.10 1.22 6.41 1.00 0.00
1.10 1.22 6.58 1.00 0.00
1.10 1.22 6.75 1.00 0.00
1.10 1.22 6.93 1.00 0.00
1.10 1.22 7.10 1.00 0.00
1.10 1.22 7.28 1.00 0.00
1.10 1.22 7.45 1.00 0.00
1.10 1.22 7.63 1.00 0.00
1.10 1.22 7.80 1.00 0.00
0.30 1.40 4.69 1.00 0.00
0.30 1.40 4.86 1.00 0.00
0.30 1.40 5.04 1.00 0.00
0.30 1.40 5.21 1.00 0.00
0.30 1.40 5.39 1.00 0.00
0.30 1.40 5.56 1.00 0.00
0.30 1.40 5.73 1.00 0.00
0.30 1.40 5.91 1.00 0.00
0.30 1.40 6.08 1.00 0.00
0.30 1.40 6.26 1.00 0.00
0.30 1.40 6.43 1.00 0.00
0.30 1.40 6.61 1.00 0.00
0.30 1.40 6.78 1.00 0.00
0.30 1.40 6.96 1.00 0.00
0.30 1.40 7.13 1.00 0.00
0.30 1.40 7.31 1.00 0.00
0.30 1.40 7.48 1.00 0.00
0.30 1.40 7.65 1.00 0.00
0.50 1.40 4.72 1.00 0.00
0.50 1.40 4.90 1.00 0.00
0.50 1.40 5.07 1.00 0.00
0.50 1.40 5.25 1.00 0.00
0.50 1.40 5.42 1.00 0.00
0.50 1.40 5.60 1.00 0.00
0.50 1.40 5.77 1.00 0.00
0.50 1.40 5.95 1.00 0.00
0.50 1.40 6.12 1.00 0.00
0.50 1.40 6.30 1.00 0.00
0.50 1.40 6.47 1.00 0.00
0.50 1.40 6.64 1.00 0.00
0.50 1.40 6.82 1.00 0.00
0.50 1.40 6.99 1.00 0.00
0.50 1.40 7.17 1.00 0.00
0.50 1.40 7.34 1.00 0.00
0.50 1.40 7.52 1.00 0.00
0.50 1.40 7.69 1.00 0.00
0.70 1.40 4.76 1.00 0.00
0.70 1.40 4.94 1.00 0.00
0.70 1.40 5.11 1.00 0.00
0.70 1.40 5.29 1.00 0.00
0.70 1.40 5.46 1.00 0.00
0.70 1.40 5.64 1.00 0.00
0.70 1.40 5.81 1.00 0.00
0.70 1.40 5.98 1.00 0.00
0.70 1.40 6.16 1.00 0.00
0.70 1.40 6.33 1.00 0.00
0.70 1.40 6.51 1.00 0.00
0.70 1.40 6.68 1.00 0.00
0.70 1.40 6.86 1.00 0.00
0.70 1.40 7.03 1.00 0.00
0.70 1.40 7.21 1.00 0.00
0.70 1.40 7.38 1.00 0.00
0.70 1.40 7.56 1.00 0.00
0.70 1.40 7.73 1.00 0.00
0.90 1.40 4.80 1.00 0.00
0.90 1.40 4.98 1.00 0.00
0.90 1.40 5.15 1.00 0.00
0.90 1.40 5.32 1.00 0.00
0.90 1.40 5.50 1.00 0.00
0.90 1.40 5.67 1.00 0.00
0.90 1.40 5.85 1.00 0.00
0.90 1.40 6.02 1.00 0.00
0.90 1.40 6.20 1.00 0.00
0.90 1.40 6.37 1.00 0.00
0.90 1.40 6.55 1.00 0.00
0.90 1.40 6.72 1.00 0.00
0.90 1.40 6.90 1.00 0.00
0.90 1.40 7.07 1.00 0.00
0.90 1.40 7.24 1.00 0.00
0.90 1.40 7.42 1.00 0.00
0.90 1.40 7.59 1.00 0.00
0.90 1.40 7.77 1.00 0.00
1.10 1.40 4.84 1.00 0.00
1.10 1.40 5.01 1.00 0.00
1.10 1.40 5.19 1.00 0.00
1.10 1.40 5.36 1.00 0.00
1.10 1.40 5.54 1.00 0.00
1.10 1.40 5.71 1.00 0.00
1.10 1.40 5.89 1.00 0.00
1.10 1.40 6.06 1.00 0.00
1.10 1.40 6.24 1.00 0.00
1.10 1.40 6.41 1.00 0.00
1.10 1.40 6.58 1.00 0.00
1.10 1.40 6.76 1.00 0.00
1.10 1.40 6.93 1.00 0.00
1.10 1.40 7.11 1.00 0.00
1.10 1.40 7.28 1.00 0.00
1.10 1.40 7.46 1.00 0.00
1.10 1.40 7.63 1.00 0.00
1.10 1.40 7.81 1.00 0.00
0.30 1.57 4.69 1.00 0.00
0.30 1.57 4.86 1.00 0.00
0.30 1.57 5.04 1.00 0.00
0.30 1.57 5.21 1.00 0.00
0.30 1.57 5.39 1.00 0.00
0.30 1.57 5.56 1.00 0.00
0.30 1.57 5.74 1.00 0.00
0.30 1.57 5.91 1.00 0.00
0.30 1.57 6.08 1.00 0.00
0.30 1.57 6.26 1.00 0.00
0.30 1.57 6.43 1.00 0.00
0.30 1.57 6.61 1.00 0.00
0.30 1.57 6.78 1.00 0.00
0.30 1.57 6.96 1.00 0.00
0.30 1.57 7.13 1.00 0.00
0.30 1.57 7.31 1.00 0.00
0.30 1.57 7.48 1.00 0.00
0.30 1.57 7.66 1.00 0.00
0.50 1.57 4.73 1.00 0.00
0.50 1.57 4.90 1.00 0.00
0.50 1.57 5.08 1.00 0.00
0.50 1.57 5.25 1.00 0.00
0.50 1.57 5.42 1.00 0.00
0.50 1.57 5.60 1.00 0.00
0.50 1.57 5.77 1.00 0.00
0.50 1.57 5.95 1.00 0.00
0.50 1.57 6.12 1.00 0.00
0.50 1.57 6.30 1.00 0.00
0.50 1.57 6.47 1.00 0.00
0.50 1.57 6.65 1.00 0.00
0.50 1.57 6.82 1.00 0.00
0.50 1.57 7.00 1.00 0.00
0.50 1.57 7.17 1.00 0.00
0.50 1.57 7.34 1.00 0.00
0.50 1.57 7.52 1.00 0.00
0.50 1.57 7.69 1.00 0.00
0.70 1.57 4.76 1.00 0.00
0.70 1.57 4.94 1.00 0.00
0.70 1.57 5.11 1.00 0.00
0.70 1.57 5.29 1.00 0.00
0.70 1.57 5.46 1.00 0.00
0.70 1.57 5.64 1.00 0.00
0.70 1.57 5.81 1.00 0.00
0.70 1.57 5.99 1.00 0.00
0.70 1.57 6.16 1.00 0.00
0.70 1.57 6.33 1.00 0.00
0.70 1.57 6.51 1.00 0.00
0.70 1.57 6.68 1.00 0.00
0.70 1.57 6.86 1.00 0.00
0.70 1.57 7.03 1.00 0.00
0.70 1.57 7.21 1.00 0.00
0.70 1.57 7.38 1.00 0.00
0.70 1.57 7.56 1.00 0.00
0.70 1.57 7.73 1.00 0.00
0.90 1.57 4.80 1.00 0.00
0.90 1.57 4.98 1.00 0.00
0.90 1.57 5.15 1.00 0.00
0.90 1.57 5.32 1.00 0.00
0.90 1.57 5.50 1.00 0.00
0.90 1.57 5.67 1.00 0.00
0.90 1.57 5.85 1.00 0.00
0.90 1.57 6.02 1.00 0.00
0.90 1.57 6.20 1.00 0.00
0.90 1.57 6.37 1.00 0.00
0.90 1.57 6.55 1.00 0.00
0.90 1.57 6.72 1.00 0.00
0.90 1.57 6.90 1.00 0.00
0.90 1.57 7.07 1.00 0.00
0.90 1.57 7.24 1.00 0.00
0.90 1.57 7.42 1.00 0.00
0.90 1.57 7.59 1.00 0.00
0.90 1.57 7.77 1.00 0.00
1.10 1.57 4.84 1.00 0.00
1.10 1.57 5.01 1.00 0.00
1.10 1.57 5.19 1.00 0.00
1.10 1.57 5.36 1.00 0.00
1.10 1.57 5.54 1.00 0.00
1.10 1.57 5.71 1.00 0.00
1.10 1.57 5.89 1.00 0.00
1.10 1.57 6.06 1.00 0.00
1.10 1.57 6.23 1.00 0.00
1.10 1.57 6.41 1.00 0.00
1.10 1.57 6.58 1.00 0.00
1.10 1.57 6.76 1.00 0.00
1.10 1.57 6.93 1.00 0.00
1.10 1.57 7.11 1.00 0.00
1.10 1.57 7.28 1.00 0.00
1.10 1.57 7.46 1.00 0.00
1.10 1.57 7.63 1.00 0.00
1.10 1.57 7.81 1.00 0.00
0.30 1.75 4.69 1.00 0.00
0.30 1.75 4.86 1.00 0.00
0.30 1.75 5.04 1.00 0.00
0.30 1.75 5.21 1.00 0.00
0.30 1.75 5.39 1.00 0.00
0.30 1.75 5.56 1.00 0.00
0.30 1.75 5.74 1.00 0.00
0.30 1.75 5.91 1.00 0.00
0.30 1.75 6.08 1.00 0.00
0.30 1.75 6.26 1.00 0.00
0.30 1.75 6.43 1.00 0.00
0.30 1.75 6.61 1.00 0.00
0.30 1.75 6.78 1.00 0.00
0.30 1.75 6.96 1.00 0.00
0.30 1.75 7.13 1.00 0.00
0.30 1.75 7.31 1.00 0.00
0.30 1.75 7.48 1.00 0.00
0.30 1.75 7.66 1.00 0.00
0.50 1.75 4.72 1.00 0.00
0.50 1.75 4.90 1.00 0.00
0.50 1.75 5.07 1.00 0.00
0.50 1.75 5.25 1.00 0.00
0.50 1.75 5.42 1.00 0.00
0.50 1.75 5.60 1.00 0.00
0.50 1.75 5.77 1.00 0.00
0.50 1.75 5.95 1.00 0.00
0.50 1.75 6.12 1.00 0.00
0.50 1.75 6.30 1.00 0.00
0.50 1.75 6.47 1.00 0.00
0.50 1.75 6.64 1.00 0.00
0.50 1.75 6.82 1.00 0.00
0.50 1.75 6.99 1.00 0.00
0.50 1.75 7.17 1.00 0.00
0.50 1.75 7.34 1.00 0.00
0.50 1.75 7.52 1.00 0.00
0.50 1.75 7.69 1.00 0.00
0.70 1.75 4.76 1.00 0.00
0.70 1.75 4.94 1.00 0.00
0.70 1.75 5.11 1.00 0.00
0.70 1.75 5.28 1.00 0.00
0.70 1.75 5.46 1.00 0.00
0.70 1.75 5.63 1.00 0.00
0.70 1.75 5.81 1.00 0.00
0.70 1.75 5.98 1.00 0.00
0.70 1.75 6.16 1.00 0.00
0.70 1.75 6.33 1.00 0.00
0.70 1.75 6.51 1.00 0.00
0.70 1.75 6.68 1.00 0.00
0.70 1.75 6.85 1.00 0.00
0.70 1.75 7.03 1.00 0.00
0.70 1.75 7.20 1.00 0.00
0.70 1.75 7.38 1.00 0.00
0.70 1.75 7.55 1.00 0.00
0.70 1.75 7.73 1.00 0.00
0.90 1.75 4.80 1.00 0.00
0.90 1.75 4.97 1.00 0.00
0.90 1.75 5.15 1.00 0.00
0.90 1.75 5.32 1.00 0.00
0.90 1.75 5.49 1.00 0.00
0.90 1.75 5.67 1.00 0.00
0.90 1.75 5.84 1.00 0.00
0.90 1.75 6.02 1.00 0.00
0.90 1.75 6.19 1.00 0.00
0.90 1.75 6.37 1.00 0.00
0.90 1.75 6.54 1.00 0.00
0.90 1.75 6.72 1.00 0.00
0.90 1.75 6.89 1.00 0.00
0.90 1.75 7.06 1.00 0.00
0.90 1.75 7.24 1.00 0.00
0.90 1.75 7.41 1.00 0.00
0.90 1.75 7.59 1.00 0.00
0.90 1.75 7.76 1.00 0.00
1.10 1.75 4.83 1.00 0.00
1.10 1.75 5.01 1.00 0.00
1.10 1.75 5.18 1.00 0.00
1.10 1.75 5.35 1.00 0.00
1.10 1.75 5.53 1.00 0.00
1.10 1.75 5.70 1.00 0.00
1.10 1.75 5.88 1.00 0.00
1.10 1.75 6.05 1.00 0.00
1.10 1.75 6.23 1.00 0.00
1.10 1.75 6.40 1.00 0.00
1.10 1.75 6.58 1.00 0.00
1.10 1.75 6.75 1.00 0.00
1.10 1.75 6.93 1.00 0.00
1.10 1.75 7.10 1.00 0.00
1.10 1.75 7.27 1.00 0.00
1.10 1.75 7.45 1.00 0.00
1.10 1.75 7.62 1.00 0.00
1.10 1.75 7.80 1.00 0.00
0.30 1.92 4.69 1.00 0.00
0.30 1.92 4.86 1.00 0.00
0.30 1.92 5.03 1.00 0.00
0.30 1.92 5.21 1.00 0.00
0.30 1.92 5.38 1.00 0.00
0.30 1.92 5.56 1.00 0.00
0.30 1.92 5.73 1.00 0.00
0.30 1.92 5.91 1.00 0.00
0.30 1.92 6.08 1.00 0.00
0.30 1.92 6.26 1.00 0.00
0.30 1.92 6.43 1.00 0.00
0.30 1.92 6.61 1.00 0.00
0.30 1.92 6.78 1.00 0.00
0.30 1.92 6.95 1.00 0.00
0.30 1.92 7.13 1.00 0.00
0.30 1.92 7.30 1.00 0.00
0.30 1.92 7.48 1.00 0.00
0.30 1.92 7.65 1.00 0.00
0.50 1.92 4.72 1.00 0.00
0.50 1.92 4.89 1.00 0.00
0.50 1.92 5.07 1.00 0.00
0.50 1.92 5.24 1.00 0.00
0.50 1.92 5.42 1.00 0.00
0.50 1.92 5.59 1.00 0.00
0.50 1.92 5.77 1.00 0.00
0.50 1.92 5.94 1.00 0.00
0.50 1.92 6.12 1.00 0.00
0.50 1.92 6.29 1.00 0.00
0.50 1.92 6.47 1.00 0.00
0.50 1.92 6.64 1.00 0.00
0.50 1.92 6.81 1.00 0.00
0.50 1.92 6.99 1.00 0.00
0.50 1.92 7.16 1.00 0.00
0.50 1.92 7.34 1.00 0.00
0.50 1.92 7.51 1.00 0.00
0.50 1.92 7.69 1.00 0.00
0.70 1.92 4.75 1.00 0.00
0.70 1.92 4.93 1.00 0.00
0.70 1.92 5.10 1.00 0.00
0.70 1.92 5.28 1.00 0.00
0.70 1.92 5.45 1.00 0.00
0.70 1.92 5.63 1.00 0.00
0.70 1.92 5.80 1.00 0.00
0.70 1.92 5.98 1.00 0.00
0.70 1.92 6.15 1.00 0.00
0.70 1.92 6.32 1.00 0.00
0.70 1.92 6.50 1.00 0.00
0.70 1.92 6.67 1.00 0.00
0.70 1.92 6.85 1.00 0.00
0.70 1.92 7.02 1.00 0.00
0.70 1.92 7.20 1.00 0.00
0.70 1.92 7.37 1.00 0.00
0.70 1.92 7.55 1.00 0.00
0.70 1.92 7.72 1.00 0.00
0.90 1.92 4.79 1.00 0.00
0.90 1.92 4.96 1.00 0.00
0.90 1.92 5.14 1.00 0.00
0.90 1.92 5.31 1.00 0.00
0.90 1.92 5.48 1.00 0.00
0.90 1.92 5.66 1.00 0.00
0.90 1.92 5.83 1.00 0.00
0.90 1.92 6.01 1.00 0.00
0.90 1.92 6.18 1.00 0.00
0.90 1.92 6.36 1.00 0.00
0.90 1.92 6.53 1.00 0.00
0.90 1.92 6.71 1.00 0.00
0.90 1.92 6.88 1.00 0.00
0.90 1.92 7.06 1.00 0.00
0.90 1.92 7.23 1.00 0.00
0.90 1.92 7.40 1.00 0.00
0.90 1.92 7.58 1.00 0.00
0.90 1.92 7.75 1.00 0.00
1.10 1.92 4.82 1.00 0.00
1.10 1.92 4.99 1.00 0.00
1.10 1.92 5.17 1.00 0.00
1.10 1.92 5.34 1.00 0.00
1.10 1.92 5.52 1.00 0.00
1.10 1.92 5.69 1.00 0.00
1.10 1.92 5.87 1.00 0.00
1.10 1.92 6.04 1.00 0.00
1.10 1.92 6.21 1.00 0.00
1.10 1.92 6.39 1.00 0.00
1.10 1.92 6.56 1.00 0.00
1.10 1.92 6.74 1.00 0.00
1.10 1.92 6.91 1.00 0.00
1.10 1.92 7.09 1.00 0.00
1.10 1.92 7.26 1.00 0.00
1.10 1.92 7.44 1.00 0.00
1.10 1.92 7.61 1.00 0.00
1.10 1.92 7.79 1.00 0.00
0.30 2.09 4.68 1.00 0.00
0.30 2.09 4.86 1.00 0.00
0.30 2.09 5.03 1.00 0.00
0.30 2.09 5.21 1.00 0.00
0.30 2.09 5.38 1.00 0.00
0.30 2.09 5.55 1.00 0.00
0.30 2.09 5.73 1.00 0.00
0.30 2.09 5.90 1.00 0.00
0.30 2.09 6.08 1.00 0.00
0.30 2.09 6.25 1.00 0.00
0.30 2.09 6.43 1.00 0.00
0.30 2.09 6.60 1.00 0.00
0.30 2.09 6.78 1.00 0.00
0.30 2.09 6.95 1.00 0.00
0.30 2.09 7.13 1.00 0.00
0.30 2.09 7.30 1.00 0.00
0.30 2.09 7.47 1.00 0.00
0.30 2.09 7.65 1.00 0.00
0.50 2.09 4.71 1.00 0.00
0.50 2.09 4.89 1.00 0.00
0.50 2.09 5.06 1.00 0.00
0.50 2.09 5.24 1.00 0.00
0.50 2.09 5.41 1.00 0.00
0.50 2.09 5.59 1.00 0.00
0.50 2.09 5.76 1.00 0.00
0.50 2.09 5.94 1.00 0.00
0.50 2.09 6.11 1.00 0.00
0.50 2.09 6.28 1.00 0.00
0.50 2.09 6.46 1.00 0.00
0.50 2.09 6.63 1.00 0.00
0.50 2.09 6.81 1.00 0.00
0.50 2.09 6.98 1.00 0.00
0.50 2.09 7.16 1.00 0.00
0.50 2.09 7.33 1.00 0.00
0.50 2.09 7.51 1.00 0.00
0.50 2.09 7.68 1.00 0.00
0.70 2.09 4.74 1.00 0.00
0.70 2.09 4.92 1.00 0.00
0.70 2.09 5.09 1.00 0.00
0.70 2.09 5.27 1.00 0.00
0.70 2.09 5.44 1.00 0.00
0.70 2.09 5.62 1.00 0.00
0.70 2.09 5.79 1.00 0.00
0.70 2.09 5.97 1.00 0.00
0.70 2.09 6.14 1.00 0.00
0.70 2.09 6.31 1.00 0.00
0.70 2.09 6.49 1.00 0.00
0.70 2.09 6.66 1.00 0.00
0.70 2.09 6.84 1.00 0.00
0.70 2.09 7.01 1.00 0.00
0.70 2.09 7.19 1.00 0.00
0.70 2.09 7.36 1.00 0.00
0.70 2.09 7.54 1.00 0.00
0.70 2.09 7.71 1.00 0.00
0.90 2.09 4.77 1.00 0.00
0.90 2.09 4.95 1.00 0.00
0.90 2.09 5.12 1.00 0.00
0.90 2.09 5.30 1.00 0.00
0.90 2.09 5.47 1.00 0.00
0.90 2.09 5.65 1.00 0.00
0.90 2.09 5.82 1.00 0.00
0.90 2.09 6.00 1.00 0.00
0.90 2.09 6.17 1.00 0.00
0.90 2.09 6.34 1.00 0.00
0.90 2.09 6.52 1.00 0.00
0.90 2.09 6.69 1.00 0.00
0.90 2.09 6.87 1.00 0.00
0.90 2.09 7.04 1.00 0.00
0.90 2.09 7.22 1.00 0.00
0.90 2.09 7.39 1.00 0.00
0.90 2.09 7.57 1.00 0.00
0.90 2.09 7.74 1.00 0.00
1.10 2.09 4.80 1.00 0.00
1.10 2.09 4.98 1.00 0.00
1.10 2.09 5.15 1.00 0.00
1.10 2.09 5.33 1.00 0.00
1.10 2.09 5.50 1.00 0.00
1.10 2.09 5.67 1.00 0.00
1.10 2.09 5.85 1.00 0.00
1.10 2.09 6.02 1.00 0.00
1.10 2.09 6.20 1.00 0.00
1.10 2.09 6.37 1.00 0.00
1.10 2.09 6.55 1.00 0.00
1.10 2.09 6.72 1.00 0.00
1.10 2.09 6.90 1.00 0.00
1.10 2.09 7.07 1.00 0.00
1.10 2.09 7.25 1.00 0.00
1.10 2.09 7.42 1.00 0.00
1.10 2.09 7.59 1.00 0.00
1.10 2.09 7.77 1.00 0.00
0.30 2.27 4.68 1.00 0.00
0.30 2.27 4.85 1.00 0.00
0.30 2.27 5.03 1.00 0.00
0.30 2.27 5.20 1.00 0.00
0.30 2.27 5.37 1.00 0.00
0.30 2.27 5.55 1.00 0.00
0.30 2.27 5.72 1.00 0.00
0.30 2.27 5.90 1.00 0.00
0.30 2.27 6.07 1.00 0.00
0.30 2.27 6.25 1.00 0.00
0.30 2.27 6.42 1.00 0.00
0.30 2.27 6.60 1.00 0.00
0.30 2.27 6.77 1.00 0.00
0.30 2.27 6.95 1.00 0.00
0.30 2.27 7.12 1.00 0.00
0.30 2.27 7.29 1.00 0.00
0.30 2.27 7.47 1.00 0.00
0.30 2.27 7.64 1.00 0.00
0.50 2.27 4.70 1.00 0.00
0.50 2.27 4.88 1.00 0.00
0.50 2.27 5.05 1.00 0.00
0.50 2.27 5.23 1.00 0.00
0.50 2.27 5.40 1.00 0.00
0.50 2.27 5.58 1.00 0.00
0.50 2.27 5.75 1.00 0.00
0.50 2.27 5.93 1.00 0.00
0.50 2.27 6.10 1.00 0.00
0.50 2.27 6.28 1.00 0.00
0.50 2.27 6.45 1.00 0.00
0.50 2.27 6.62 1.00 0.00
0.50 2.27 6.80 1.00 0.00
0.50 2.27 6.97 1.00 0.00
0.50 2.27 7.15 1.00 0.00
0.50 2.27 7.32 1.00 0.00
0.50 2.27 7.50 1.00 0.00
0.50 2.27 7.67 1.00 0.00
0.70 2.27 4.73 1.00 0.00
0.70 2.27 4.91 1.00 0.00
0.70 2.27 5.08 1.00 0.00
0.70 2.27 5.25 1.00 0.00
0.70 2.27 5.43 1.00 0.00
0.70 2.27 5.60 1.00 0.00
0.70 2.27 5.78 1.00 0.00
0.70 2.27 5.95 1.00 0.00
0.70 2.27 6.13 1.00 0.00
0.70 2.27 6.30 1.00 0.00
0.70 2.27 6.48 1.00 0.00
0.70 2.27 6.65 1.00 0.00
0.70 2.27 6.83 1.00 0.00
0.70 2.27 7.00 1.00 0.00
0.70 2.27 7.17 1.00 0.00
0.70 2.27 7.35 1.00 0.00
0.70 2.27 7.52 1.00 0.00
0.70 2.27 7.70 1.00 0.00
0.90 2.27 4.76 1.00 0.00
0.90 2.27 4.93 1.00 0.00
0.90 2.27 5.11 1.00 0.00
0.90 2.27 5.28 1.00 0.00
0.90 2.27 5.46 1.00 0.00
0.90 2.27 5.63 1.00 0.00
0.90 2.27 5.80 1.00 0.00
0.90 2.27 5.98 1.00 0.00
0.90 2.27 6.15 1.00 0.00
0.90 2.27 6.33 1.00 0.00
0.90 2.27 6.50 1.00 0.00
0.90 2.27 6.68 1.00 0.00
0.90 2.27 6.85 1.00 0.00
0.90 2.27 7.03 1.00 0.00
0.90 2.27 7.20 1.00 0.00
0.90 2.27 7.37 1.00 0.00
0.90 2.27 7.55 1.00 0.00
0.90 2.27 7.72 1.00 0.00
1.10 2.27 4.78 1.00 0.00
1.10 2.27 4.96 1.00 0.00
1.10 2.27 5.13 1.00 0.00
1.10 2.27 5.30 1.00 0.00
1.10 2.27 5.48 1.00 0.00
1.10 2.27 5.65 1.00 0.00
1.10 2.27 5.83 1.00 0.00
1.10 2.27 6.00 1.00 0.00
1.10 2.27 6.18 1.00 0.00
1.10 2.27 6.35 1.00 0.00
1.10 2.27 6.53 1.00 0.00
1.10 2.27 6.70 1.00 0.00
1.10 2.27 6.88 1.00 0.00
1.10 2.27 7.05 1.00 0.00
1.10 2.27 7.22 1.00 0.00
1.10 2.27 7.40 1.00 0.00
1.10 2.27 7.57 1.00 0.00
1.10 2.27 7.75 1.00 0.00
0.30 2.44 4.67 1.00 0.00
0.30 2.44 4.84 1.00 0.00
0.30 2.44 5.02 1.00 0.00
0.30 2.44 5.19 1.00 0.00
0.30 2.44 5.37 1.00 0.00
0.30 2.44 5.54 1.00 0.00
0.30 2.44 5.72 1.00 0.00
0.30 2.44 5.89 1.00 0.00
0.30 2.44 6.07 1.00 0.00
0.30 2.44 6.24 1.00 0.00
0.30 2.44 6.42 1.00 0.00
0.30 2.44 6.59 1.00 0.00
0.30 2.44 6.76 1.00 0.00
0.30 2.44 6.94 1.00 0.00
0.30 2.44 7.11 1.00 0.00
0.30 2.44 7.29 1.00 0.00
0.30 2.44 7.46 1.00 0.00
0.30 2.44 7.64 1.00 0.00
0.50 2.44 4.69 1.00 0.00
0.50 2.44 4.87 1.00 0.00
0.50 2.44 5.04 1.00 0.00
0.50 2.44 5.22 1.00 0.00
0.50 2.44 5.39 1.00 0.00
0.50 2.44 5.57 1.00 0.00
0.50 2.44 5.74 1.00 0.00
0.50 2.44 5.92 1.00 0.00
0.50 2.44 6.09 1.00 0.00
0.50 2.44 6.26 1.00 0.00
0.50 2.44 6.44 1.00 0.00
0.50 2.44 6.61 1.00 0.00
0.50 2.44 6.79 1.00 0.00
0.50 2.44 6.96 1.00 0.00
0.50 2.44 7.14 1.00 0.00
0.50 2.44 7.31 1.00 0.00
0.50 2.44 7.49 1.00 0.00
0.50 2.44 7.66 1.00 0.00
0.70 2.44 4.72 1.00 0.00
0.70 2.44 4.89 1.00 0.00
0.70 2.44 5.07 1.00 0.00
0.70 2.44 5.24 1.00 0.00
0.70 2.44 5.41 1.00 0.00
0.70 2.44 5.59 1.00 0.00
0.70 2.44 5.76 1.00 0.00
0.70 2.44 5.94 1.00 0.00
0.70 2.44 6.11 1.00 0.00
0.70 2.44 6.29 1.00 0.00
0.70 2.44 6.46 1.00 0.00
0.70 2.44 6.64 1.00 0.00
0.70 2.44 6.81 1.00 0.00
0.70 2.44 6.99 1.00 0.00
0.70 2.44 7.16 1.00 0.00
0.70 2.44 7.33 1.00 0.00
0.70 2.44 7.51 1.00 0.00
0.70 2.44 7.68 1.00 0.00
0.90 2.44 4.74 1.00 0.00
0.90 2.44 4.91 1.00 0.00
0.90 2.44 5.09 1.00 0.00
0.90 2.44 5.26 1.00 0.00
0.90 2.44 5.44 1.00 0.00
0.90 2.44 5.61 1.00 0.00
0.90 2.44 5.78 1.00 0.00
0.90 2.44 5.96 1.00 0.00
0.90 2.44 6.13 1.00 0.00
0.90 2.44 6.31 1.00 0.00
0.90 2.44 6.48 1.00 0.00
0.90 2.44 6.66 1.00 0.00
0.90 2.44 6.83 1.00 0.00
0.90 2.44 7.01 1.00 0.00
0.90 2.44 7.18 1.00 0.00
0.90 2.44 7.36 1.00 0.00
0.90 2.44 7.53 1.00 0.00
0.90 2.44 7.70 1.00 0.00
1.10 2.44 4.76 1.00 0.00
1.10 2.44 4.93 1.00 0.00
1.10 2.44 5.11 1.00 0.00
1.10 2.44 5.28 1.00 0.00
1.10 2.44 5.46 1.00 0.00
1.10 2.44 5.63 1.00 0.00
1.10 2.44 5.81 1.00 0.00
1.10 2.44 5.98 1.00 0.00
1.10 2.44 6.15 1.00 0.00
1.10 2.44 6.33 1.00 0.00
1.10 2.44 6.50 1.00 0.00
1.10 2.44 6.68 1.00 0.00
1.10 2.44 6.85 1.00 0.00
1.10 2.44 7.03 1.00 0.00
1.10 2.44 7.20 1.00 0.00
1.10 2.44 7.38 1.00 0.00
1.10 2.44 7.55 1.00 0.00
1.10 2.44 7.72 1.00 0.00
0.30 2.62 4.66 1.00 0.00
0.30 2.62 4.84 1.00 0.00
0.30 2.62 5.01 1.00 0.00
0.30 2.62 5.19 1.00 0.00
0.30 2.62 5.36 1.00 0.00
0.30 2.62 5.54 1.00 0.00
0.30 2.62 5.71 1.00 0.00
0.30 2.62 5.88 1.00 0.00
0.30 2.62 6.06 1.00 0.00
0.30 2.62 6.23 1.00 0.00
0.30 2.62 6.41 1.00 0.00
0.30 2.62 6.58 1.00 0.00
0.30 2.62 6.76 1.00 0.00
0.30 2.62 6.93 1.00 0.00
0.30 2.62 7.11 1.00 0.00
0.30 2.62 7.28 1.00 0.00
0.30 2.62 7.46 1.00 0.00
0.30 2.62 7.63 1.00 0.00
0.50 2.62 4.68 1.00 0.00
0.50 2.62 4.86 1.00 0.00
0.50 2.62 5.03 1.00 0.00
0.50 2.62 5.21 1.00 0.00
0.50 2.62 5.38 1.00 0.00
0.50 2.62 5.55 1.00 0.00
0.50 2.62 5.73 1.00 0.00
0.50 2.62 5.90 1.00 0.00
0.50 2.62 6.08 1.00 0.00
0.50 2.62 6.25 1.00 0.00
0.50 2.62 6.43 1.00 0.00
0.50 2.62 6.60 1.00 0.00
0.50 2.62 6.78 1.00 0.00
0.50 2.62 6.95 1.00 0.00
0.50 2.62 7.13 1.00 0.00
0.50 2.62 7.30 1.00 0.00
0.50 2.62 7.47 1.00 0.00
0.50 2.62 7.65 1.00 0.00
0.70 2.62 4.70 1.00 0.00
0.70 2.62 4.87 1.00 0.00
0.70 2.62 5.05 1.00 0.00
0.70 2.62 5.22 1.00 0.00
0.70 2.62 5.40 1.00 0.00
0.70 2.62 5.57 1.00 0.00
0.70 2.62 5.75 1.00 0.00
0.70 2.62 5.92 1.00 0.00
0.70 2.62 6.10 1.00 0.00
0.70 2.62 6.27 1.00 0.00
0.70 2.62 6.44 1.00 0.00
0.70 2.62 6.62 1.00 0.00
0.70 2.62 6.79 1.00 0.00
0.70 2.62 6.97 1.00 0.00
0.70 2.62 7.14 1.00 0.00
0.70 2.62 7.32 1.00 0.00
0.70 2.62 7.49 1.00 0.00
0.70 2.62 7.67 1.00 0.00
0.90 2.62 4.72 1.00 0.00
0.90 2.62 4.89 1.00 0.00
0.90 2.62 5.07 1.00 0.00
0.90 2.62 5.24 1.00 0.00
0.90 2.62 5.41 1.00 0.00
0.90 2.62 5.59 1.00 0.00
0.90 2.62 5.76 1.00 0.00
0.90 2.62 5.94 1.00 0.00
0.90 2.62 6.11 1.00 0.00
0.90 2.62 6.29 1.00 0.00
0.90 2.62 6.46 1.00 0.00
0.90 2.62 6.64 1.00 0.00
0.90 2.62 6.81 1.00 0.00
0.90 2.62 6.99 1.00 0.00
0.90 2.62 7.16 1.00 0.00
0.90 2.62 7.33 1.00 0.00
0.90 2.62 7.51 1.00 0.00
0.90 2.62 7.68 1.00 0.00
1.10 2.62 4.73 1.00 0.00
1.10 2.62 4.91 1.00 0.00
1.10 2.62 5.08 1.00 0.00
1.10 2.62 5.26 1.00 0.00
1.10 2.62 5.43 1.00 0.00
1.10 2.62 5.60 1.00 0.00
1.10 2.62 5.78 1.00 0.00
1.10 2.62 5.95 1.00 0.00
1.10 2.62 6.13 1.00 0.00
1.10 2.62 6.30 1.00 0.00
1.10 2.62 6.48 1.00 0.00
1.10 2.62 6.65 1.00 0.00
1.10 2.62 6.83 1.00 0.00
1.10 2.62 7.00 1.00 0.00
1.10 2.62 7.18 1.00 0.00
1.10 2.62 7.35 1.00 0.00
1.10 2.62 7.52 1.00 0.00
1.10 2.62 7.70 1.00 0.00
0.30 2.79 4.65 1.00 0.00
0.30 2.79 4.83 1.00 0.00
0.30 2.79 5.00 1.00 0.00
0.30 2.79 5.18 1.00 0.00
0.30 2.79 5.35 1.00 0.00
0.30 2.79 5.53 1.00 0.00
0.30 2.79 5.70 1.00 0.00
0.30 2.79 5.88 1.00 0.00
0.30 2.79 6.05 1.00 0.00
0.30 2.79 6.23 1.00 0.00
0.30 2.79 6.40 1.00 0.00
0.30 2.79 6.57 1.00 0.00
0.30 2.79 6.75 1.00 0.00
0.30 2.79 6.92 1.00 0.00
0.30 2.79 7.10 1.00 0.00
0.30 2.79 7.27 1.00 0.00
0.30 2.79 7.45 1.00 0.00
0.30 2.79 7.62 1.00 0.00
0.50 2.79 4.67 1.00 0.00
0.50 2.79 4.84 1.00 0.00
0.50 2.79 5.02 1.00 0.00
0.50 2.79 5.19 1.00 0.00
0.50 2.79 5.37 1.00 0.00
0.50 2.79 5.54 1.00 0.00
0.50 2.79 5.72 1.00 0.00
0.50 2.79 5.89 1.00 0.00
0.50 2.79 6.06 1.00 0.00
0.50 2.79 6.24 1.00 0.00
0.50 2.79 6.41 1.00 0.00
0.50 2.79 6.59 1.00 0.00
0.50 2.79 6.76 1.00 0.00
0.50 2.79 6.94 1.00 0.00
0.50 2.79 7.11 1.00 0.00
0.50 2.79 7.29 1.00 0.00
0.50 2.79 7.46 1.00 0.00
0.50 2.79 7.64 1.00 0.00
0.70 2.79 4.68 1.00 0.00
0.70 2.79 4.86 1.00 0.00
0.70 2.79 5.03 1.00 0.00
0.70 2.79 5.20 1.00 0.00
0.70 2.79 5.38 1.00 0.00
0.70 2.79 5.55 1.00 0.00
0.70 2.79 5.73 1.00 0.00
0.70 2.79 5.90 1.00 0.00
0.70 2.79 6.08 1.00 0.00
0.70 2.79 6.25 1.00 0.00
0.70 2.79 6.43 1.00 0.00
0.70 2.79 6.60 1.00 0.00
0.70 2.79 6.78 1.00 0.00
0.70 2.79 6.95 1.00 0.00
0.70 2.79 7.12 1.00 0.00
0.70 2.79 7.30 1.00 0.00
0.70 2.79 7.47 1.00 0.00
0.70 2.79 7.65 1.00 0.00
0.90 2.79 4.69 1.00 0.00
0.90 2.79 4.87 1.00 0.00
0.90 2.79 5.04 1.00 0.00
0.90 2.79 5.22 1.00 0.00
0.90 2.79 5.39 1.00 0.00
0.90 2.79 5.57 1.00 0.00
0.90 2.79 5.74 1.00 0.00
0.90 2.79 5.91 1.00 0.00
0.90 2.79 6.09 1.00 0.00
0.90 2.79 6.26 1.00 0.00
0.90 2.79 6.44 1.00 0.00
0.90 2.79 6.61 1.00 0.00
0.90 2.79 6.79 1.00 0.00
0.90 2.79 6.96 1.00 0.00
0.90 2.79 7.14 1.00 0.00
0.90 2.79 7.31 1.00 0.00
0.90 2.79 7.49 1.00 0.00
0.90 2.79 7.66 1.00 0.00
1.10 2.79 4.70 1.00 0.00
1.10 2.79 4.88 1.00 0.00
1.10 2.79 5.05 1.00 0.00
1.10 2.79 5.23 1.00 0.00
1.10 2.79 5.40 1.00 0.00
1.10 2.79 5.58 1.00 0.00
1.10 2.79 5.75 1.00 0.00
1.10 2.79 5.93 1.00 0.00
1.10 2.79 6.10 1.00 0.00
1.10 2.79 6.28 1.00 0.00
1.10 2.79 6.45 1.00 0.00
1.10 2.79 6.62 1.00 0.00
1.10 2.79 6.80 1.00 0.00
1.10 2.79 6.97 1.00 0.00
1.10 2.79 7.15 1.00 0.00
1.10 2.79 7.32 1.00 0.00
1.10 2.79 7.50 1.00 0.00
1.10 2.79 7.67 1.00 0.00
0.30 2.97 4.65 1.00 0.00
0.30 2.97 4.82 1.00 0.00
0.30 2.97 5.00 1.00 0.00
0.30 2.97 5.17 1.00 0.00
0.30 2.97 5.34 1.00 0.00
0.30 2.97 5.52 1.00 0.00
0.30 2.97 5.69 1.00 0.00
0.30 2.97 5.87 1.00 0.00
0.30 2.97 6.04 1.00 0.00
0.30 2.97 6.22 1.00 0.00
0.30 2.97 6.39 1.00 0.00
0.30 2.97 6.57 1.00 0.00
0.30 2.97 6.74 1.00 0.00
0.30 2.97 6.91 1.00 0.00
0.30 2.97 7.09 1.00 0.00
0.30 2.97 7.26 1.00 0.00
0.30 2.97 7.44 1.00 0.00
0.30 2.97 7.61 1.00 0.00
0.50 2.97 4.65 1.00 0.00
0.50 2.97 4.83 1.00 0.00
0.50 2.97 5.00 1.00 0.00
0.50 2.97 5.18 1.00 0.00
0.50 2.97 5.35 1.00 0.00
0.50 2.97 5.53 1.00 0.00
0.50 2.97 5.70 1.00 0.00
0.50 2.97 5.88 1.00 0.00
0.50 2.97 6.05 1.00 0.00
0.50 2.97 6.22 1.00 0.00
0.50 2.97 6.40 1.00 0.00
0.50 2.97 6.57 1.00 0.00
0.50 2.97 6.75 1.00 0.00
0.50 2.97 6.92 1.00 0.00
0.50 2.97 7.10 1.00 0.00
0.50 2.97 7.27 1.00 0.00
0.50 2.97 7.45 1.00 0.00
0.50 2.97 7.62 1.00 0.00
0.70 2.97 4.66 1.00 0.00
0.70 2.97 4.84 1.00 0.00
0.70 2.97 5.01 1.00 0.00
0.70 2.97 5.19 1.00 0.00
0.70 2.97 5.36 1.00 0.00
0.70 2.97 5.53 1.00 0.00
0.70 2.97 5.71 1.00 0.00
0.70 2.97 5.88 1.00 0.00
0.70 2.97 6.06 1.00 0.00
0.70 2.97 6.23 1.00 0.00
0.70 2.97 6.41 1.00 0.00
0.70 2.97 6.58 1.00 0.00
0.70 2.97 6.76 1.00 0.00
0.70 2.97 6.93 1.00 0.00
0.70 2.97 7.11 1.00 0.00
0.70 2.97 7.28 1.00 0.00
0.70 2.97 7.45 1.00 0.00
0.70 2.97 7.63 1.00 0.00
0.90 2.97 4.67 1.00 0.00
0.90 2.97 4.84 1.00 0.00
0.90 2.97 5.02 1.00 0.00
0.90 2.97 5.19 1.00 0.00
0.90 2.97 5.37 1.00 0.00
0.90 2.97 5.54 1.00 0.00
0.90 2.97 5.72 1.00 0.00
0.90 2.97 5.89 1.00 0.00
0.90 2.97 6.07 1.00 0.00
0.90 2.97 6.24 1.00 0.00
0.90 2.97 6.41 1.00 0.00
0.90 2.97 6.59 1.00 0.00
0.90 2.97 6.76 1.00 0.00
0.90 2.97 6.94 1.00 0.00
0.90 2.97 7.11 1.00 0.00
0.90 2.97 7.29 1.00 0.00
0.90 2.97 7.46 1.00 0.00
0.90 2.97 7.64 1.00 0.00
1.10 2.97 4.68 1.00 0.00
1.10 2.97 4.85 1.00 0.00
1.10 2.97 5.02 1.00 0.00
1.10 2.97 5.20 1.00 0.00
1.10 2.97 5.37 1.00 0.00
1.10 2.97 5.55 1.00 0.00
1.10 2.97 5.72 1.00 0.00
1.10 2.97 5.90 1.00 0.00
1.10 2.97 6.07 1.00 0.00
1.10 2.97 6.25 1.00 0.00
1.10 2.97 6.42 1.00 0.00
1.10 2.97 6.60 1.00 0.00
1.10 2.97 6.77 1.00 0.00
1.10 2.97 6.94 1.00 0.00
1.10 2.97 7.12 1.00 0.00
1.10 2.97 7.29 1.00 0.00
1.10 2.97 7.47 1.00 0.00
1.10 2.97 7.64 1.00 0.00
0.30 3.14 4.64 1.00 0.00
0.30 3.14 4.81 1.00 0.00
0.30 3.14 4.99 1.00 0.00
0.30 3.14 5.16 1.00 0.00
0.30 3.14 5.33 1.00 0.00
0.30 3.14 5.51 1.00 0.00
0.30 3.14 5.68 1.00 0.00
0.30 3.14 5.86 1.00 0.00
0.30 3.14 6.03 1.00 0.00
0.30 3.14 6.21 1.00 0.00
0.30 3.14 6.38 1.00 0.00
0.30 3.14 6.56 1.00 0.00
0.30 3.14 6.73 1.00 0.00
0.30 3.14 6.91 1.00 0.00
0.30 3.14 7.08 1.00 0.00
0.30 3.14 7.25 1.00 0.00
0.30 3.14 7.43 1.00 0.00
0.30 3.14 7.60 1.00 0.00
0.50 3.14 4.64 1.00 0.00
0.50 3.14 4.81 1.00 0.00
0.50 3.14 4.99 1.00 0.00
0.50 3.14 5.16 1.00 0.00
0.50 3.14 5.34 1.00 0.00
0.50 3.14 5.51 1.00 0.00
0.50 3.14 5.69 1.00 0.00
0.50 3.14 5.86 1.00 0.00
0.50 3.14 6.04 1.00 0.00
0.50 3.14 6.21 1.00 0.00
0.50 3.14 6.38 1.00 0.00
0.50 3.14 6.56 1.00 0.00
0.50 3.14 6.73 1.00 0.00
0.50 3.14 6.91 1.00 0.00
0.50 3.14 7.08 1.00 0.00
0.50 3.14 7.26 1.00 0.00
0.50 3.14 7.43 1.00 0.00
0.50 3.14 7.61 1.00 0.00
0.70 3.14 4.64 1.00 0.00
0.70 3.14 4.82 1.00 0.00
0.70 3.14 4.99 1.00 0.00
0.70 3.14 5.17 1.00 0.00
0.70 3.14 5.34 1.00 0.00
0.70 3.14 5.51 1.00 0.00
0.70 3.14 5.69 1.00 0.00
0.70 3.14 5.86 1.00 0.00
0.70 3.14 6.04 1.00 0.00
0.70 3.14 6.21 1.00 0.00
0.70 3.14 6.39 1.00 0.00
0.70 3.14 6.56 1.00 0.00
0.70 3.14 6.74 1.00 0.00
0.70 3.14 6.91 1.00 0.00
0.70 3.14 7.09 1.00 0.00
0.70 3.14 7.26 1.00 0.00
0.70 3.14 7.43 1.00 0.00
0.70 3.14 7.61 1.00 0.00
0.90 3.14 4.64 1.00 0.00
0.90 3.14 4.82 1.00 0.00
0.90 3.14 4.99 1.00 0.00
0.90 3.14 5.17 1.00 0.00
0.90 3.14 5.34 1.00 0.00
0.90 3.14 5.52 1.00 0.00
0.90 3.14 5.69 1.00 0.00
0.90 3.14 5.87 1.00 0.00
0.90 3.14 6.04 1.00 0.00
0.90 3.14 6.21 1.00 0.00
0.90 3.14 6.39 1.00 0.00
0.90 3.14 6.56 1.00 0.00
0.90 3.14 6.74 1.00 0.00
0.90 3.14 6.91 1.00 0.00
0.90 3.14 7.09 1.00 0.00
0.90 3.14 7.26 1.00 0.00
0.90 3.14 7.44 1.00 0.00
0.90 3.14 7.61 1.00 0.00
1.10 3.14 4.65 1.00 0.00
1.10 3.14 4.82 1.00 0.00
1.10 3.14 5.00 1.00 0.00
1.10 3.14 5.17 1.00 0.00
1.10 3.14 5.34 1.00 0.00
1.10 3.14 5.52 1.00 0.00
1.10 3.14 5.69 1.00 0.00
1.10 3.14 5.87 1.00 0.00
1.10 3.14 6.04 1.00 0.00
1.10 3.14 6.22 1.00 0.00
1.10 3.14 6.39 1.00 0.00
1.10 3.14 6.57 1.00 0.00
1.10 3.14 6.74 1.00 0.00
1.10 3.14 6.92 1.00 0.00
1.10 3.14 7.09 1.00 0.00
1.10 3.14 7.26 1.00 0.00
1.10 3.14 7.44 1.00 0.00
1.10 3.14 7.61 1.00 0.00
0.30 3.32 4.63 1.00 0.00
0.30 3.32 4.80 1.00 0.00
0.30 3.32 4.98 1.00 0.00
0.30 3.32 5.15 1.00 0.00
0.30 3.32 5.33 1.00 0.00
0.30 3.32 5.50 1.00 0.00
0.30 3.32 5.67 1.00 0.00
0.30 3.32 5.85 1.00 0.00
0.30 3.32 6.02 1.00 0.00
0.30 3.32 6.20 1.00 0.00
0.30 3.32 6.37 1.00 0.00
0.30 3.32 6.55 1.00 0.00
0.30 3.32 6.72 1.00 0.00
0.30 3.32 6.90 1.00 0.00
0.30 3.32 7.07 1.00 0.00
0.30 3.32 7.25 1.00 0.00
0.30 3.32 7.42 1.00 0.00
0.30 3.32 7.59 1.00 0.00
0.50 3.32 4.62 1.00 0.00
0.50 3.32 4.80 1.00 0.00
0.50 3.32 4.97 1.00 0.00
0.50 3.32 5.15 1.00 0.00
0.50 3.32 5.32 1.00 0.00
0.50 3.32 5.50 1.00 0.00
0.50 3.32 5.67 1.00 0.00
0.50 3.32 5.85 1.00 0.00
0.50 3.32 6.02 1.00 0.00
0.50 3.32 6.20 1.00 0.00
0.50 3.32 6.37 1.00 0.00
0.50 3.32 6.54 1.00 0.00
0.50 3.32 6.72 1.00 0.00
0.50 3.32 6.89 1.00 0.00
0.50 3.32 7.07 1.00 0.00
0.50 3.32 7.24 1.00 0.00
0.50 3.32 7.42 1.00 0.00
0.50 3.32 7.59 1.00 0.00
0.70 3.32 4.62 1.00 0.00
0.70 3.32 4.80 1.00 0.00
0.70 3.32 4.97 1.00 0.00
0.70 3.32 5.15 1.00 0.00
0.70 3.32 5.32 1.00 0.00
0.70 3.32 5.49 1.00 0.00
0.70 3.32 5.67 1.00 0.00
0.70 3.32 5.84 1.00 0.00
0.70 3.32 6.02 1.00 0.00
0.70 3.32 6.19 1.00 0.00
0.70 3.32 6.37 1.00 0.00
0.70 3.32 6.54 1.00 0.00
0.70 3.32 6.72 1.00 0.00
0.70 3.32 6.89 1.00 0.00
0.70 3.32 7.07 1.00 0.00
0.70 3.32 7.24 1.00 0.00
0.70 3.32 7.41 1.00 0.00
0.70 3.32 7.59 1.00 0.00
0.90 3.32 4.62 1.00 0.00
0.90 3.32 4.79 1.00 0.00
0.90 3.32 4.97 1.00 0.00
0.90 3.32 5.14 1.00 0.00
0.90 3.32 5.32 1.00 0.00
0.90 3.32 5.49 1.00 0.00
0.90 3.32 5.67 1.00 0.00
0.90 3.32 5.84 1.00 0.00
0.90 3.32 6.02 1.00 0.00
0.90 3.32 6.19 1.00 0.00
0.90 3.32 6.36 1.00 0.00
0.90 3.32 6.54 1.00 0.00
0.90 3.32 6.71 1.00 0.00
0.90 3.32 6.89 1.00 0.00
0.90 3.32 7.06 1.00 0.00
0.90 3.32 7.24 1.00 0.00
0.90 3.32 7.41 1.00 0.00
0.90 3.32 7.59 1.00 0.00
1.10 3.32 4.62 1.00 0.00
1.10 3.32 4.79 1.00 0.00
1.10 3.32 4.97 1.00 0.00
1.10 3.32 5.14 1.00 0.00
1.10 3.32 5.31 1.00 0.00
1.10 3.32 5.49 1.00 0.00
1.10 3.32 5.66 1.00 0.00
1.10 3.32 5.84 1.00 0.00
1.10 3.32 6.01 1.00 0.00
1.10 3.32 6.19 1.00 0.00
1.10 3.32 6.36 1.00 0.00
1.10 3.32 6.54 1.00 0.00
1.10 3.32 6.71 1.00 0.00
1.10 3.32 6.89 1.00 0.00
1.10 3.32 7.06 1.00 0.00
1.10 3.32 7.23 1.00 0.00
1.10 3.32 7.41 1.00 0.00
1.10 3.32 7.58 1.00 0.00
0.30 3.49 4.62 1.00 0.00
0.30 3.49 4.79 1.00 0.00
0.30 3.49 4.97 1.00 0.00
0.30 3.49 5.14 1.00 0.00
0.30 3.49 5.32 1.00 0.00
0.30 3.49 5.49 1.00 0.00
0.30 3.49 5.67 1.00 0.00
0.30 3.49 5.84 1.00 0.00
0.30 3.49 6.01 1.00 0.00
0.30 3.49 6.19 1.00 0.00
0.30 3.49 6.36 1.00 0.00
0.30 3.49 6.54 1.00 0.00
0.30 3.49 6.71 1.00 0.00
0.30 3.49 6.89 1.00 0.00
0.30 3.49 7.06 1.00 0.00
0.30 3.49 7.24 1.00 0.00
0.30 3.49 7.41 1.00 0.00
0.30 3.49 7.59 1.00 0.00
0.50 3.49 4.61 1.00 0.00
0.50 3.49 4.78 1.00 0.00
0.50 3.49 4.96 1.00 0.00
0.50 3.49 5.13 1.00 0.00
0.50 3.49 5.31 1.00 0.00
0.50 3.49 5.48 1.00 0.00
0.50 3.49 5.66 1.00 0.00
0.50 3.49 5.83 1.00 0.00
0.50 3.49 6.01 1.00 0.00
0.50 3.49 6.18 1.00 0.00
0.50 3.49 6.36 1.00 0.00
0.50 3.49 6.53 1.00 0.00
0.50 3.49 6.70 1.00 0.00
0.50 3.49 6.88 1.00 0.00
0.50 3.49 7.05 1.00 0.00
0.50 3.49 7.23 1.00 0.00
0.50 3.49 7.40 1.00 0.00
0.50 3.49 7.58 1.00 0.00
0.70 3.49 4.60 1.00 0.00
0.70 3.49 4.78 1.00 0.00
0.70 3.49 4.95 1.00 0.00
0.70 3.49 5.13 1.00 0.00
0.70 3.49 5.30 1.00 0.00
0.70 3.49 5.47 1.00 0.00
0.70 3.49 5.65 1.00 0.00
0.70 3.49 5.82 1.00 0.00
0.70 3.49 6.00 1.00 0.00
0.70 3.49 6.17 1.00 0.00
0.70 3.49 6.35 1.00 0.00
0.70 3.49 6.52 1.00 0.00
0.70 3.49 6.70 1.00 0.00
0.70 3.49 6.87 1.00 0.00
0.70 3.49 7.05 1.00 0.00
0.70 3.49 7.22 1.00 0.00
0.70 3.49 7.39 1.00 0.00
0.70 3.49 7.57 1.00 0.00
0.90 3.49 4.59 1.00 0.00
0.90 3.49 4.77 1.00 0.00
0.90 3.49 4.94 1.00 0.00
0.90 3.49 5.12 1.00 0.00
0.90 3.49 5.29 1.00 0.00
0.90 3.49 5.47 1.00 0.00
0.90 3.49 5.64 1.00 0.00
0.90 3.49 5.82 1.00 0.00
0.90 3.49 5.99 1.00 0.00
0.90 3.49 6.16 1.00 0.00
0.90 3.49 6.34 1.00 0.00
0.90 3.49 6.51 1.00 0.00
0.90 3.49 6.69 1.00 0.00
0.90 3.49 6.86 1.00 0.00
0.90 3.49 7.04 1.00 0.00
0.90 3.49 7.21 1.00 0.00
0.90 3.49 7.39 1.00 0.00
0.90 3.49 7.56 1.00 0.00
1.10 3.49 4.59 1.00 0.00
1.10 3.49 4.76 1.00 0.00
1.10 3.49 4.94 1.00 0.00
1.10 3.49 5.11 1.00 0.00
1.10 3.49 5.29 1.00 0.00
1.10 3.49 5.46 1.00 0.00
1.10 3.49 5.63 1.00 0.00
1.10 3.49 5.81 1.00 0.00
1.10 3.49 5.98 1.00 0.00
1.10 3.49 6.16 1.00 0.00
1.10 3.49 6.33 1.00 0.00
1.10 3.49 6.51 1.00 0.00
1.10 3.49 6.68 1.00 0.00
1.10 3.49 6.86 1.00 0.00
1.10 3.49 7.03 1.00 0.00
1.10 3.49 7.20 1.00 0.00
1.10 3.49 7.38 1.00 0.00
1.10 3.49 7.55 1.00 0.00
0.30 3.67 4.61 1.00 0.00
0.30 3.67 4.78 1.00 0.00
0.30 3.67 4.96 1.00 0.00
0.30 3.67 5.13 1.00 0.00
0.30 3.67 5.31 1.00 0.00
0.30 3.67 5.48 1.00 0.00
0.30 3.67 5.66 1.00 0.00
0.30 3.67 5.83 1.00 0.00
0.30 3.67 6.01 1.00 0.00
0.30 3.67 6.18 1.00 0.00
0.30 3.67 6.35 1.00 0.00
0.30 3.67 6.53 1.00 0.00
0.30 3.67 6.70 1.00 0.00
0.30 3.67 6.88 1.00 0.00
0.30 3.67 7.05 1.00 0.00
0.30 3.67 7.23 1.00 0.00
0.30 3.67 7.40 1.00 0.00
0.30 3.67 7.58 1.00 0.00
0.50 3.67 4.60 1.00 0.00
0.50 3.67 4.77 1.00 0.00
0.50 3.67 4.94 1.00 0.00
0.50 3.67 5.12 1.00 0.00
0.50 3.67 5.29 1.00 0.00
0.50 3.67 5.47 1.00 0.00
0.50 3.67 5.64 1.00 0.00
0.50 3.67 5.82 1.00 0.00
0.50 3.67 5.99 1.00 0.00
0.50 3.67 6.17 1.00 0.00
0.50 3.67 6.34 1.00 0.00
0.50 3.67 6.52 1.00 0.00
0.50 3.67 6.69 1.00 0.00
0.50 3.67 6.86 1.00 0.00
0.50 3.67 7.04 1.00 0.00
0.50 3.67 7.21 1.00 0.00
0.50 3.67 7.39 1.00 0.00
0.50 3.67 7.56 1.00 0.00
0.70 3.67 4.58 1.00 0.00
0.70 3.67 4.76 1.00 0.00
0.70 3.67 4.93 1.00 0.00
0.70 3.67 5.11 1.00 0.00
0.70 3.67 5.28 1.00 0.00
0.70 3.67 5.45 1.00 0.00
0.70 3.67 5.63 1.00 0.00
0.70 3.67 5.80 1.00 0.00
0.70 3.67 5.98 1.00 0.00
0.70 3.67 6.15 1.00 0.00
0.70 3.67 6.33 1.00 0.00
0.70 3.67 6.50 1.00 0.00
0.70 3.67 6.68 1.00 0.00
0.70 3.67 6.85 1.00 0.00
0.70 3.67 7.03 1.00 0.00
0.70 3.67 7.20 1.00 0.00
0.70 3.67 7.37 1.00 0.00
0.70 3.67 7.55 1.00 0.00
0.90 3.67 4.57 1.00 0.00
0.90 3.67 4.74 1.00 0.00
0.90 3.67 4.92 1.00 0.00
0.90 3.67 5.09 1.00 0.00
0.90 3.67 5.27 1.00 0.00
0.90 3.67 5.44 1.00 0.00
0.90 3.67 5.62 1.00 0.00
0.90 3.67 5.79 1.00 0.00
0.90 3.67 5.97 1.00 0.00
0.90 3.67 6.14 1.00 0.00
0.90 3.67 6.32 1.00 0.00
0.90 3.67 6.49 1.00 0.00
0.90 3.67 6.66 1.00 0.00
0.90 3.67 6.84 1.00 0.00
0.90 3.67 7.01 1.00 0.00
0.90 3.67 7.19 1.00 0.00
0.90 3.67 7.36 1.00 0.00
0.90 3.67 7.54 1.00 0.00
1.10 3.67 4.56 1.00 0.00
1.10 3.67 4.73 1.00 0.00
1.10 3.67 4.91 1.00 0.00
1.10 3.67 5.08 1.00 0.00
1.10 3.67 5.26 1.00 0.00
1.10 3.67 5.43 1.00 0.00
1.10 3.67 5.61 1.00 0.00
1.10 3.67 5.78 1.00 0.00
1.10 3.67 5.95 1.00 0.00
1.10 3.67 6.13 1.00 0.00
1.10 3.67 6.30 1.00 0.00
1.10 3.67 6.48 1.00 0.00
1.10 3.67 6.65 1.00 0.00
1.10 3.67 6.83 1.00 0.00
1.10 3.67 7.00 1.00 0.00
1.10 3.67 7.18 1.00 0.00
1.10 3.67 7.35 1.00 0.00
1.10 3.67 7.53 1.00 0.00
0.30 3.84 4.60 1.00 0.00
0.30 3.84 4.78 1.00 0.00
0.30 3.84 4.95 1.00 0.00
0.30 3.84 5.13 1.00 0.00
0.30 3.84 5.30 1.00 0.00
0.30 3.84 5.47 1.00 0.00
0.30 3.84 5.65 1.00 0.00
0.30 3.84 5.82 1.00 0.00
0.30 3.84 6.00 1.00 0.00
0.30 3.84 6.17 1.00 0.00
0.30 3.84 6.35 1.00 0.00
0.30 3.84 6.52 1.00 0.00
0.30 3.84 6.70 1.00 0.00
0.30 3.84 6.87 1.00 0.00
0.30 3.84 7.04 1.00 0.00
0.30 3.84 7.22 1.00 0.00
0.30 3.84 7.39 1.00 0.00
0.30 3.84 7.57 1.00 0.00
0.50 3.84 4.58 1.00 0.00
0.50 3.84 4.76 1.00 0.00
0.50 3.84 4.93 1.00 0.00
0.50 3.84 5.11 1.00 0.00
0.50 3.84 5.28 1.00 0.00
0.50 3.84 5.45 1.00 0.00
0.50 3.84 5.63 1.00 0.00
0.50 3.84 5.80 1.00 0.00
0.50 3.84 5.98 1.00 0.00
0.50 3.84 6.15 1.00 0.00
0.50 3.84 6.33 1.00 0.00
0.50 3.84 6.50 1.00 0.00
0.50 3.84 6.68 1.00 0.00
0.50 3.84 6.85 1.00 0.00
0.50 3.84 7.03 1.00 0.00
0.50 3.84 7.20 1.00 0.00
0.50 3.84 7.37 1.00 0.00
0.50 3.84 7.55 1.00 0.00
0.70 3.84 4.56 1.00 0.00
0.70 3.84 4.74 1.00 0.00
0.70 3.84 4.91 1.00 0.00
0.70 3.84 5.09 1.00 0.00
0.70 3.84 5.26 1.00 0.00
0.70 3.84 5.44 1.00 0.00
0.70 3.84 5.61 1.00 0.00
0.70 3.84 5.79 1.00 0.00
0.70 3.84 5.96 1.00 0.00
0.70 3.84 6.13 1.00 0.00
0.70 3.84 6.31 1.00 0.00
0.70 3.84 6.48 1.00 0.00
0.70 3.84 6.66 1.00 0.00
0.70 3.84 6.83 1.00 0.00
0.70 3.84 7.01 1.00 0.00
0.70 3.84 7.18 1.00 0.00
0.70 3.84 7.36 1.00 0.00
0.70 3.84 7.53 1.00 0.00
0.90 3.84 4.55 1.00 0.00
0.90 3.84 4.72 1.00 0.00
0.90 3.84 4.90 1.00 0.00
0.90 3.84 5.07 1.00 0.00
0.90 3.84 5.25 1.00 0.00
0.90 3.84 5.42 1.00 0.00
0.90 3.84 5.59 1.00 0.00
0.90 3.84 5.77 1.00 0.00
0.90 3.84 5.94 1.00 0.00
0.90 3.84 6.12 1.00 0.00
0.90 3.84 6.29 1.00 0.00
0.90 3.84 6.47 1.00 0.00
0.90 3.84 6.64 1.00 0.00
0.90 3.84 6.82 1.00 0.00
0.90 3.84 6.99 1.00 0.00
0.90 3.84 7.16 1.00 0.00
0.90 3.84 7.34 1.00 0.00
0.90 3.84 7.51 1.00 0.00
1.10 3.84 4.53 1.00 0.00
1.10 3.84 4.71 1.00 0.00
1.10 3.84 4.88 1.00 0.00
1.10 3.84 5.05 1.00 0.00
1.10 3.84 5.23 1.00 0.00
1.10 3.84 5.40 1.00 0.00
1.10 3.84 5.58 1.00 0.00
1.10 3.84 5.75 1.00 0.00
1.10 3.84 5.93 1.00 0.00
1.10 3.84 6.10 1.00 0.00
1.10 3.84 6.28 1.00 0.00
1.10 3.84 6.45 1.00 0.00
1.10 3.84 6.63 1.00 0.00
1.10 3.84 6.80 1.00 0.00
1.10 3.84 6.97 1.00 0.00
1.10 3.84 7.15 1.00 0.00
1.10 3.84 7.32 1.00 0.00
1.10 3.84 7.50 1.00 0.00
0.30 4.01 4.59 1.00 0.00
0.30 4.01 4.77 1.00 0.00
0.30 4.01 4.94 1.00 0.00
0.30 4.01 5.12 1.00 0.00
0.30 4.01 5.29 1.00 0.00
0.30 4.01 5.47 1.00 0.00
0.30 4.01 5.64 1.00 0.00
0.30 4.01 5.82 1.00 0.00
0.30 4.01 5.99 1.00 0.00
0.30 4.01 6.16 1.00 0.00
0.30 4.01 6.34 1.00 0.00
0.30 4.01 6.51 1.00 0.00
0.30 4.01 6.69 1.00 0.00
0.30 4.01 6.86 1.00 0.00
0.30 4.01 7.04 1.00 0.00
0.30 4.01 7.21 1.00 0.00
0.30 4.01 7.39 1.00 0.00
0.30 4.01 7.56 1.00 0.00
0.50 4.01 4.57 1.00 0.00
0.50 4.01 4.74 1.00 0.00
0.50 4.01 4.92 1.00 0.00
0.50 4.01 5.09 1.00 0.00
0.50 4.01 5.27 1.00 0.00
0.50 4.01 5.44 1.00 0.00
0.50 4.01 5.62 1.00 0.00
0.50 4.01 5.79 1.00 0.00
0.50 4.01 5.97 1.00 0.00
0.50 4.01 6.14 1.00 0.00
0.50 4.01 6.32 1.00 0.00
0.50 4.01 6.49 1.00 0.00
0.50 4.01 6.66 1.00 0.00
0.50 4.01 6.84 1.00 0.00
0.50 4.01 7.01 1.00 0.00
0.50 4.01 7.19 1.00 0.00
0.50 4.01 7.36 1.00 0.00
0.50 4.01 7.54 1.00 0.00
0.70 4.01 4.55 1.00 0.00
0.70 4.01 4.72 1.00 0.00
0.70 4.01 4.90 1.00 0.00
0.70 4.01 5.07 1.00 0.00
0.70 4.01 5.25 1.00 0.00
0.70 4.01 5.42 1.00 0.00
0.70 4.01 5.59 1.00 0.00
0.70 4.01 5.77 1.00 0.00
0.70 4.01 5.94 1.00 0.00
0.70 4.01 6.12 1.00 0.00
0.70 4.01 6.29 1.00 0.00
0.70 4.01 6.47 1.00 0.00
0.70 4.01 6.64 1.00 0.00
0.70 4.01 6.82 1.00 0.00
0.70 4.01 6.99 1.00 0.00
0.70 4.01 7.17 1.00 0.00
0.70 4.01 7.34 1.00 0.00
0.70 4.01 7.51 1.00 0.00
0.90 4.01 4.53 1.00 0.00
0.90 4.01 4.70 1.00 0.00
0.90 4.01 4.87 1.00 0.00
0.90 4.01 5.05 1.00 0.00
0.90 4.01 5.22 1.00 0.00
0.90 4.01 5.40 1.00 0.00
0.90 4.01 5.57 1.00 0.00
0.90 4.01 5.75 1.00 0.00
0.90 4.01 5.92 1.00 0.00
0.90 4.01 6.10 1.00 0.00
0.90 4.01 6.27 1.00 0.00
0.90 4.01 6.45 1.00 0.00
0.90 4.01 6.62 1.00 0.00
0.90 4.01 6.79 1.00 0.00
0.90 4.01 6.97 1.00 0.00
0.90 4.01 7.14 1.00 0.00
0.90 4.01 7.32 1.00 0.00
0.90 4.01 7.49 1.00 0.00
1.10 4.01 4.51 1.00 0.00
1.10 4.01 4.68 1.00 0.00
1.10 4.01 4.85 1.00 0.00
1.10 4.01 5.03 1.00 0.00
1.10 4.01 5.20 1.00 0.00
1.10 4.01 5.38 1.00 0.00
1.10 4.01 5.55 1.00 0.00
1.10 4.01 5.73 1.00 0.00
1.10 4.01 5.90 1.00 0.00
1.10 4.01 6.08 1.00 0.00
1.10 4.01 6.25 1.00 0.00
1.10 4.01 6.43 1.00 0.00
1.10 4.01 6.60 1.00 0.00
1.10 4.01 6.77 1.00 0.00
1.10 4.01 6.95 1.00 0.00
1.10 4.01 7.12 1.00 0.00
1.10 4.01 7.30 1.00 0.00
1.10 4.01 7.47 1.00 0.00
0.30 4.19 4.59 1.00 0.00
0.30 4.19 4.76 1.00 0.00
0.30 4.19 4.94 1.00 0.00
0.30 4.19 5.11 1.00 0.00
0.30 4.19 5.29 1.00 0.00
0.30 4.19 5.46 1.00 0.00
0.30 4.19 5.64 1.00 0.00
0.30 4.19 5.81 1.00 0.00
0.30 4.19 5.98 1.00 0.00
0.30 4.19 6.16 1.00 0.00
0.30 4.19 6.33 1.00 0.00
0.30 4.19 6.51 1.00 0.00
0.30 4.19 6.68 1.00 0.00
0.30 4.19 6.86 1.00 0.00
0.30 4.19 7.03 1.00 0.00
0.30 4.19 7.21 1.00 0.00
0.30 4.19 7.38 1.00 0.00
0.30 4.19 7.55 1.00 0.00
0.50 4.19 4.56 1.00 0.00
0.50 4.19 4.73 1.00 0.00
0.50 4.19 4.91 1.00 0.00
0.50 4.19 5.08 1.00 0.00
0.50 4.19 5.26 1.00 0.00
0.50 4.19 5.43 1.00 0.00
0.50 4.19 5.61 1.00 0.00
0.50 4.19 5.78 1.00 0.00
0.50 4.19 5.96 1.00 0.00
0.50 4.19 6.13 1.00 0.00
0.50 4.19 6.30 1.00 0.00
0.50 4.19 6.48 1.00 0.00
0.50 4.19 6.65 1.00 0.00
0.50 4.19 6.83 1.00 0.00
0.50 4.19 7.00 1.00 0.00
0.50 4.19 7.18 1.00 0.00
0.50 4.19 7.35 1.00 0.00
0.50 4.19 7.53 1.00 0.00
0.70 4.19 4.53 1.00 0.00
0.70 4.19 4.71 1.00 0.00
0.70 4.19 4.88 1.00 0.00
0.70 4.19 5.06 1.00 0.00
0.70 4.19 5.23 1.00 0.00
0.70 4.19 5.41 1.00 0.00
0.70 4.19 5.58 1.00 0.00
0.70 4.19 5.75 1.00 0.00
0.70 4.19 5.93 1.00 0.00
0.70 4.19 6.10 1.00 0.00
0.70 4.19 6.28 1.00 0.00
0.70 4.19 6.45 1.00 0.00
0.70 4.19 6.63 1.00 0.00
0.70 4.19 6.80 1.00 0.00
0.70 4.19 6.98 1.00 0.00
0.70 4.19 7.15 1.00 0.00
0.70 4.19 7.33 1.00 0.00
0.70 4.19 7.50 1.00 0.00
0.90 4.19 4.51 1.00 0.00
0.90 4.19 4.68 1.00 0.00
0.90 4.19 4.86 1.00 0.00
0.90 4.19 5.03 1.00 0.00
0.90 4.19 5.20 1.00 0.00
0.90 4.19 5.38 1.00 0.00
0.90 4.19 5.55 1.00 0.00
0.90 4.19 5.73 1.00 0.00
0.90 4.19 5.90 1.00 0.00
0.90 4.19 6.08 1.00 0.00
0.90 4.19 6.25 1.00 0.00
0.90 4.19 6.43 1.00 0.00
0.90 4.19 6.60 1.00 0.00
0.90 4.19 6.78 1.00 0.00
0.90 4.19 6.95 1.00 0.00
0.90 4.19 7.12 1.00 0.00
0.90 4.19 7.30 1.00 0.00
0.90 4.19 7.47 1.00 0.00
1.10 4.19 4.48 1.00 0.00
1.10 4.19 4.66 1.00 0.00
1.10 4.19 4.83 1.00 0.00
1.10 4.19 5.01 1.00 0.00
1.10 4.19 5.18 1.00 0.00
1.10 4.19 5.35 1.00 0.00
1.10 4.19 5.53 1.00 0.00
1.10 4.19 5.70 1.00 0.00
1.10 4.19 5.88 1.00 0.00
1.10 4.19 6.05 1.00 0.00
1.10 4.19 6.23 1.00 0.00
1.10 4.19 6.40 1.00 0.00
1.10 4.19 6.58 1.00 0.00
1.10 4.19 6.75 1.00 0.00
1.10 4.19 6.93 1.00 0.00
1.10 4.19 7.10 1.00 0.00
1.10 4.19 7.27 1.00 0.00
1.10 4.19 7.45 1.00 0.00
0.30 4.36 4.58 1.00 0.00
0.30 4.36 4.76 1.00 0.00
0.30 4.36 4.93 1.00 0.00
0.30 4.36 5.11 1.00 0.00
0.30 4.36 5.28 1.00 0.00
0.30 4.36 5.46 1.00 0.00
0.30 4.36 5.63 1.00 0.00
0.30 4.36 5.80 1.00 0.00
0.30 4.36 5.98 1.00 0.00
0.30 4.36 6.15 1.00 0.00
0.30 4.36 6.33 1.00 0.00
0.30 4.36 6.50 1.00 0.00
0.30 4.36 6.68 1.00 0.00
0.30 4.36 6.85 1.00 0.00
0.30 4.36 7.03 1.00 0.00
0.30 4.36 7.20 1.00 0.00
0.30 4.36 7.38 1.00 0.00
0.30 4.36 7.55 1.00 0.00
0.50 4.36 4.55 1.00 0.00
0.50 4.36 4.73 1.00 0.00
0.50 4.36 4.90 1.00 0.00
0.50 4.36 5.07 1.00 0.00
0.50 4.36 5.25 1.00 0.00
0.50 4.36 5.42 1.00 0.00
0.50 4.36 5.60 1.00 0.00
0.50 4.36 5.77 1.00 0.00
0.50 4.36 5.95 1.00 0.00
0.50 4.36 6.12 1.00 0.00
0.50 4.36 6.30 1.00 0.00
0.50 4.36 6.47 1.00 0.00
0.50 4.36 6.65 1.00 0.00
0.50 4.36 6.82 1.00 0.00
0.50 4.36 6.99 1.00 0.00
0.50 4.36 7.17 1.00 0.00
0.50 4.36 7.34 1.00 0.00
0.50 4.36 7.52 1.00 0.00
0.70 4.36 4.52 1.00 0.00
0.70 4.36 4.69 1.00 0.00
0.70 4.36 4.87 1.00 0.00
0.70 4.36 5.04 1.00 0.00
0.70 4.36 5.22 1.00 0.00
0.70 4.36 5.39 1.00 0.00
0.70 4.36 5.57 1.00 0.00
0.70 4.36 5.74 1.00 0.00
0.70 4.36 5.92 1.00 0.00
0.70 4.36 6.09 1.00 0.00
0.70 4.36 6.27 1.00 0.00
0.70 4.36 6.44 1.00 0.00
0.70 4.36 6.61 1.00 0.00
0.70 4.36 6.79 1.00 0.00
0.70 4.36 6.96 1.00 0.00
0.70 4.36 7.14 1.00 0.00
0.70 4.36 7.31 1.00 0.00
0.70 4.36 7.49 1.00 0.00
0.90 4.36 4.49 1.00 0.00
0.90 4.36 4.66 1.00 0.00
0.90 4.36 4.84 1.00 0.00
0.90 4.36 5.01 1.00 0.00
0.90 4.36 5.19 1.00 0.00
0.90 4.36 5.36 1.00 0.00
0.90 4.36 5.54 1.00 0.00
0.90 4.36 5.71 1.00 0.00
0.90 4.36 5.89 1.00 0.00
0.90 4.36 6.06 1.00 0.00
0.90 4.36 6.24 1.00 0.00
0.90 4.36 6.41 1.00 0.00
0.90 4.36 6.58 1.00 0.00
0.90 4.36 6.76 1.00 0.00
0.90 4.36 6.93 1.00 0.00
0.90 4.36 7.11 1.00 0.00
0.90 4.36 7.28 1.00 0.00
0.90 4.36 7.46 1.00 0.00
1.10 4.36 4.46 1.00 0.00
1.10 4.36 4.64 1.00 0.00
1.10 4.36 4.81 1.00 0.00
1.10 4.36 4.99 1.00 0.00
1.10 4.36 5.16 1.00 0.00
1.10 4.36 5.33 1.00 0.00
1.10 4.36 5.51 1.00 0.00
1.10 4.36 5.68 1.00 0.00
1.10 4.36 5.86 1.00 0.00
1.10 4.36 6.03 1.00 0.00
1.10 4.36 6.21 1.00 0.00
1.10 4.36 6.38 1.00 0.00
1.10 4.36 6.56 1.00 0.00
1.10 4.36 6.73 1.00 0.00
1.10 4.36 6.91 1.00 0.00
1.10 4.36 7.08 1.00 0.00
1.10 4.36 7.25 1.00 0.00
1.10 4.36 7.43 1.00 0.00
0.30 4.54 4.58 1.00 0.00
0.30 4.54 4.75 1.00 0.00
0.30 4.54 4.93 1.00 0.00
0.30 4.54 5.10 1.00 0.00
0.30 4.54 5.28 1.00 0.00
0.30 4.54 5.45 1.00 0.00
0.30 4.54 5.63 1.00 0.00
0.30 4.54 5.80 1.00 0.00
0.30 4.54 5.98 1.00 0.00
0.30 4.54 6.15 1.00 0.00
0.30 4.54 6.32 1.00 0.00
0.30 4.54 6.50 1.00 0.00
0.30 4.54 6.67 1.00 0.00
0.30 4.54 6.85 1.00 0.00
0.30 4.54 7.02 1.00 0.00
0.30 4.54 7.20 1.00 0.00
0.30 4.54 7.37 1.00 0.00
0.30 4.54 7.55 1.00 0.00
0.50 4.54 4.54 1.00 0.00
0.50 4.54 4.72 1.00 0.00
0.50 4.54 4.89 1.00 0.00
0.50 4.54 5.07 1.00 0.00
0.50 4.54 5.24 1.00 0.00
0.50 4.54 5.42 1.00 0.00
0.50 4.54 5.59 1.00 0.00
0.50 4.54 5.77 1.00 0.00
0.50 4.54 5.94 1.00 0.00
0.50 4.54 6.12 1.00 0.00
0.50 4.54 6.29 1.00 0.00
0.50 4.54 6.46 1.00 0.00
0.50 4.54 6.64 1.00 0.00
0.50 4.54 6.81 1.00 0.00
0.50 4.54 6.99 1.00 0.00
0.50 4.54 7.16 1.00 0.00
0.50 4.54 7.34 1.00 0.00
0.50 4.54 7.51 1.00 0.00
0.70 4.54 4.51 1.00 0.00
0.70 4.54 4.69 1.00 0.00
0.70 4.54 4.86 1.00 0.00
0.70 4.54 5.03 1.00 0.00
0.70 4.54 5.21 1.00 0.00
0.70 4.54 5.38 1.00 0.00
0.70 4.54 5.56 1.00 0.00
0.70 4.54 5.73 1.00 0.00
0.70 4.54 5.91 1.00 0.00
0.70 4.54 6.08 1.00 0.00
0.70 4.54 6.26 1.00 0.00
0.70 4.54 6.43 1.00 0.00
0.70 4.54 6.60 1.00 0.00
0.70 4.54 6.78 1.00 0.00
0.70 4.54 6.95 1.00 0.00
0.70 4.54 7.13 1.00 0.00
0.70 4.54 7.30 1.00 0.00
0.70 4.54 7.48 1.00 0.00
0.90 4.54 4.48 1.00 0.00
0.90 4.54 4.65 1.00 0.00
0.90 4.54 4.83 1.00 0.00
0.90 4.54 5.00 1.00 0.00
0.90 4.54 5.18 1.00 0.00
0.90 4.54 5.35 1.00 0.00
0.90 4.54 5.52 1.00 0.00
0.90 4.54 5.70 1.00 0.00
0.90 4.54 5.87 1.00 0.00
0.90 4.54 6.05 1.00 0.00
0.90 4.54 6.22 1.00 0.00
0.90 4.54 6.40 1.00 0.00
0.90 4.54 6.57 1.00 0.00
0.90 4.54 6.75 1.00 0.00
0.90 4.54 6.92 1.00 0.00
0.90 4.54 7.10 1.00 0.00
0.90 4.54 7.27 1.00 0.00
0.90 4.54 7.44 1.00 0.00
1.10 4.54 4.45 1.00 0.00
1.10 4.54 4.62 1.00 0.00
1.10 4.54 4.79 1.00 0.00
1.10 4.54 4.97 1.00 0.00
1.10 4.54 5.14 1.00 0.00
1.10 4.54 5.32 1.00 0.00
1.10 4.54 5.49 1.00 0.00
1.10 4.54 5.67 1.00 0.00
1.10 4.54 5.84 1.00 0.00
1.10 4.54 6.02 1.00 0.00
1.10 4.54 6.19 1.00 0.00
1.10 4.54 6.37 1.00 0.00
1.10 4.54 6.54 1.00 0.00
1.10 4.54 6.71 1.00 0.00
1.10 4.54 6.89 1.00 0.00
1.10 4.54 7.06 1.00 0.00
1.10 4.54 7.24 1.00 0.00
1.10 4.54 7.41 1.00 0.00
0.30 4.71 4.58 1.00 0.00
0.30 4.71 4.75 1.00 0.00
0.30 4.71 4.93 1.00 0.00
0.30 4.71 5.10 1.00 0.00
0.30 4.71 5.28 1.00 0.00
0.30 4.71 5.45 1.00 0.00
0.30 4.71 5.62 1.00 0.00
0.30 4.71 5.80 1.00 0.00
0.30 4.71 5.97 1.00 0.00
0.30 4.71 6.15 1.00 0.00
0.30 4.71 6.32 1.00 0.00
0.30 4.71 6.50 1.00 0.00
0.30 4.71 6.67 1.00 0.00
0.30 4.71 6.85 1.00 0.00
0.30 4.71 7.02 1.00 0.00
0.30 4.71 7.19 1.00 0.00
0.30 4.71 7.37 1.00 0.00
0.30 4.71 7.54 1.00 0.00
0.50 4.71 4.54 1.00 0.00
0.50 4.71 4.71 1.00 0.00
0.50 4.71 4.89 1.00 0.00
0.50 4.71 5.06 1.00 0.00
0.50 4.71 5.24 1.00 0.00
0.50 4.71 5.41 1.00 0.00
0.50 4.71 5.59 1.00 0.00
0.50 4.71 5.76 1.00 0.00
0.50 4.71 5.94 1.00 0.00
0.50 4.71 6.11 1.00 0.00
0.50 4.71 6.29 1.00 0.00
0.50 4.71 6.46 1.00 0.00
0.50 4.71 6.63 1.00 0.00
0.50 4.71 6.81 1.00 0.00
0.50 4.71 6.98 1.00 0.00
0.50 4.71 7.16 1.00 0.00
0.50 4.71 7.33 1.00 0.00
0.50 4.71 7.51 1.00 0.00
0.70 4.71 4.50 1.00 0.00
0.70 4.71 4.68 1.00 0.00
0.70 4.71 4.85 1.00 0.00
0.70 4.71 5.03 1.00 0.00
0.70 4.71 5.20 1.00 0.00
0.70 4.71 5.38 1.00 0.00
0.70 4.71 5.55 1.00 0.00
0.70 4.71 5.73 1.00 0.00
0.70 4.71 5.90 1.00 0.00
0.70 4.71 6.07 1.00 0.00
0.70 4.71 6.25 1.00 0.00
0.70 4.71 6.42 1.00 0.00
0.70 4.71 6.60 1.00 0.00
0.70 4.71 6.77 1.00 0.00
0.70 4.71 6.95 1.00 0.00
0.70 4.71 7.12 1.00 0.00
0.70 4.71 7.30 1.00 0.00
0.70 4.71 7.47 1.00 0.00
0.90 4.71 4.47 1.00 0.00
0.90 4.71 4.64 1.00 0.00
0.90 4.71 4.82 1.00 0.00
0.90 4.71 4.99 1.00 0.00
0.90 4.71 5.17 1.00 0.00
0.90 4.71 5.34 1.00 0.00
0.90 4.71 5.52 1.00 0.00
0.90 4.71 5.69 1.00 0.00
0.90 4.71 5.86 1.00 0.00
0.90 4.71 6.04 1.00 0.00
0.90 4.71 6.21 1.00 0.00
0.90 4.71 6.39 1.00 0.00
0.90 4.71 6.56 1.00 0.00
0.90 4.71 6.74 1.00 0.00
0.90 4.71 6.91 1.00 0.00
0.90 4.71 7.09 1.00 0.00
0.90 4.71 7.26 1.00 0.00
0.90 4.71 7.44 1.00 0.00
1.10 4.71 4.43 1.00 0.00
1.10 4.71 4.61 1.00 0.00
1.10 4.71 4.78 1.00 0.00
1.10 4.71 4.96 1.00 0.00
1.10 4.71 5.13 1.00 0.00
1.10 4.71 5.31 1.00 0.00
1.10 4.71 5.48 1.00 0.00
1.10 4.71 5.66 1.00 0.00
1.10 4.71 5.83 1.00 0.00
1.10 4.71 6.00 1.00 0.00
1.10 4.71 6.18 1.00 0.00
1.10 4.71 6.35 1.00 0.00
1.10 4.71 6.53 1.00 0.00
1.10 4.71 6.70 1.00 0.00
1.10 4.71 6.88 1.00 0.00
1.10 4.71 7.05 1.00 0.00
1.10 4.71 7.23 1.00 0.00
1.10 4.71 7.40 1.00 0.00
0.30 4.89 4.58 1.00 0.00
0.30 4.89 4.75 1.00 0.00
0.30 4.89 4.93 1.00 0.00
0.30 4.89 5.10 1.00 0.00
0.30 4.89 5.27 1.00 0.00
0.30 4.89 5.45 1.00 0.00
0.30 4.89 5.62 1.00 0.00
0.30 4.89 5.80 1.00 0.00
0.30 4.89 5.97 1.00 0.00
0.30 4.89 6.15 1.00 0.00
0.30 4.89 6.32 1.00 0.00
0.30 4.89 6.50 1.00 0.00
0.30 4.89 6.67 1.00 0.00
0.30 4.89 6.85 1.00 0.00
0.30 4.89 7.02 1.00 0.00
0.30 4.89 7.19 1.00 0.00
0.30 4.89 7.37 1.00 0.00
0.30 4.89 7.54 1.00 0.00
0.50 4.89 4.54 1.00 0.00
0.50 4.89 4.71 1.00 0.00
0.50 4.89 4.89 1.00 0.00
0.50 4.89 5.06 1.00 0.00
0.50 4.89 5.24 1.00 0.00
0.50 4.89 5.41 1.00 0.00
0.50 4.89 5.59 1.00 0.00
0.50 4.89 5.76 1.00 0.00
0.50 4.89 5.94 1.00 0.00
0.50 4.89 6.11 1.00 0.00
0.50 4.89 6.28 1.00 0.00
0.50 4.89 6.46 1.00 0.00
0.50 4.89 6.63 1.00 0.00
0.50 4.89 6.81 1.00 0.00
0.50 4.89 6.98 1.00 0.00
0.50 4.89 7.16 1.00 0.00
0.50 4.89 7.33 1.00 0.00
0.50 4.89 7.51 1.00 0.00
0.70 4.89 4.50 1.00 0.00
0.70 4.89 4.68 1.00 0.00
0.70 4.89 4.85 1.00 0.00
0.70 4.89 5.02 1.00 0.00
0.70 4.89 5.20 1.00 0.00
0.70 4.89 5.37 1.00 0.00
0.70 4.89 5.55 1.00 0.00
0.70 4.89 5.72 1.00 0.00
0.70 4.89 5.90 1.00 0.00
0.70 4.89 6.07 1.00 0.00
0.70 4.89 6.25 1.00 0.00
0.70 4.89 6.42 1.00 0.00
0.70 4.89 6.60 1.00 0.00
0.70 4.89 6.77 1.00 0.00
0.70 4.89 6.94 1.00 0.00
0.70 4.89 7.12 1.00 0.00
0.70 4.89 7.29 1.00 0.00
0.70 4.89 7.47 1.00 0.00
0.90 4.89 4.46 1.00 0.00
0.90 4.89 4.64 1.00 0.00
0.90 4.89 4.81 1.00 0.00
0.90 4.89 4.99 1.00 0.00
0.90 4.89 5.16 1.00 0.00
0.90 4.89 5.34 1.00 0.00
0.90 4.89 5.51 1.00 0.00
0.90 4.89 5.69 1.00 0.00
0.90 4.89 5.86 1.00 0.00
0.90 4.89 6.03 1.00 0.00
0.90 4.89 6.21 1.00 0.00
0.90 4.89 6.38 1.00 0.00
0.90 4.89 6.56 1.00 0.00
0.90 4.89 6.73 1.00 0.00
0.90 4.89 6.91 1.00 0.00
0.90 4.89 7.08 1.00 0.00
0.90 4.89 7.26 1.00 0.00
0.90 4.89 7.43 1.00 0.00
1.10 4.89 4.43 1.00 0.00
1.10 4.89 4.60 1.00 0.00
1.10 4.89 4.78 1.00 0.00
1.10 4.89 4.95 1.00 0.00
1.10 4.89 5.12 1.00 0.00
1.10 4.89 5.30 1.00 0.00
1.10 4.89 5.47 1.00 0.00
1.10 4.89 5.65 1.00 0.00
1.10 4.89 5.82 1.00 0.00
1.10 4.89 6.00 1.00 0.00
1.10 4.89 6.17 1.00 0.00
1.10 4.89 6.35 1.00 0.00
1.10 4.89 6.52 1.00 0.00
1.10 4.89 6.70 1.00 0.00
1.10 4.89 6.87 1.00 0.00
1.10 4.89 7.04 1.00 0.00
1.10 4.89 7.22 1.00 0.00
1.10 4.89 7.39 1.00 0.00
0.30 5.06 4.58 1.00 0.00
0.30 5.06 4.75 1.00 0.00
0.30 5.06 4.93 1.00 0.00
0.30 5.06 5.10 1.00 0.00
0.30 5.06 5.28 1.00 0.00
0.30 5.06 5.45 1.00 0.00
0.30 5.06 5.62 1.00 0.00
0.30 5.06 5.80 1.00 0.00
0.30 5.06 5.97 1.00 0.00
0.30 5.06 6.15 1.00 0.00
0.30 5.06 6.32 1.00 0.00
0.30 5.06 6.50 1.00 0.00
0.30 5.06 6.67 1.00 0.00
0.30 5.06 6.85 1.00 0.00
0.30 5.06 7.02 1.00 0.00
0.30 5.06 7.20 1.00 0.00
0.30 5.06 7.37 1.00 0.00
0.30 5.06 7.54 1.00 0.00
0.50 5.06 4.54 1.00 0.00
0.50 5.06 4.71 1.00 0.00
0.50 5.06 4.89 1.00 0.00
0.50 5.06 5.06 1.00 0.00
0.50 5.06 5.24 1.00 0.00
0.50 5.06 5.41 1.00 0.00
0.50 5.06 5.59 1.00 0.00
0.50 5.06 5.76 1.00 0.00
0.50 5.06 5.94 1.00 0.00
0.50 5.06 6.11 1.00 0.00
0.50 5.06 6.29 1.00 0.00
0.50 5.06 6.46 1.00 0.00
0.50 5.06 6.63 1.00 0.00
0.50 5.06 6.81 1.00 0.00
0.50 5.06 6.98 1.00 0.00
0.50 5.06 7.16 1.00 0.00
0.50 5.06 7.33 1.00 0.00
0.50 5.06 7.51 1.00 0.00
0.70 5.06 4.50 1.00 0.00
0.70 5.06 4.68 1.00 0.00
0.70 5.06 4.85 1.00 0.00
0.70 5.06 5.03 1.00 0.00
0.70 5.06 5.20 1.00 0.00
0.70 5.06 5.38 1.00 0.00
0.70 5.06 5.55 1.00 0.00
0.70 5.06 5.72 1.00 0.00
0.70 5.06 5.90 1.00 0.00
0.70 5.06 6.07 1.00 0.00
0.70 5.06 6.25 1.00 0.00
0.70 5.06 6.42 1.00 0.00
0.70 5.06 6.60 1.00 0.00
0.70 5.06 6.77 1.00 0.00
0.70 5.06 6.95 1.00 0.00
0.70 5.06 7.12 1.00 0.00
0.70 5.06 7.30 1.00 0.00
0.70 5.06 7.47 1.00 0.00
0.90 5.06 4.46 1.00 0.00
0.90 5.06 4.64 1.00 0.00
0.90 5.06 4.81 1.00 0.00
0.90 5.06 4.99 1.00 0.00
0.90 5.06 5.16 1.00 0.00
0.90 5.06 5.34 1.00 0.00
0.90 5.06 5.51 1.00 0.00
0.90 5.06 5.69 1.00 0.00
0.90 5.06 5.86 1.00 0.00
0.90 5.06 6.04 1.00 0.00
0.90 5.06 6.21 1.00 0.00
0.90 5.06 6.38 1.00 0.00
0.90 5.06 6.56 1.00 0.00
0.90 5.06 6.73 1.00 0.00
0.90 5.06 6.91 1.00 0.00
0.90 5.06 7.08 1.00 0.00
0.90 5.06 7.26 1.00 0.00
0.90 5.06 7.43 1.00 0.00
1.10 5.06 4.43 1.00 0.00
1.10 5.06 4.60 1.00 0.00
1.10 5.06 4.77 1.00 0.00
1.10 5.06 4.95 1.00 0.00
1.10 5.06 5.12 1.00 0.00
1.10 5.06 5.30 1.00 0.00
1.10 5.06 5.47 1.00 0.00
1.10 5.06 5.65 1.00 0.00
1.10 5.06 5.82 1.00 0.00
1.10 5.06 6.00 1.00 0.00
1.10 5.06 6.17 1.00 0.00
1.10 5.06 6.35 1.00 0.00
1.10 5.06 6.52 1.00 0.00
1.10 5.06 6.69 1.00 0.00
1.10 5.06 6.87 1.00 0.00
1.10 5.06 7.04 1.00 0.00
1.10 5.06 7.22 1.00 0.00
1.10 5.06 7.39 1.00 0.00
0.30 5.24 4.58 1.00 0.00
0.30 5.24 4.76 1.00 0.00
0.30 5.24 4.93 1.00 0.00
0.30 5.24 5.10 1.00 0.00
0.30 5.24 5.28 1.00 0.00
0.30 5.24 5.45 1.00 0.00
0.30 5.24 5.63 1.00 0.00
0.30 5.24 5.80 1.00 0.00
0.30 5.24 5.98 1.00 0.00
0.30 5.24 6.15 1.00 0.00
0.30 5.24 6.33 1.00 0.00
0.30 5.24 6.50 1.00 0.00
0.30 5.24 6.68 1.00 0.00
0.30 5.24 6.85 1.00 0.00
0.30 5.24 7.02 1.00 0.00
0.30 5.24 7.20 1.00 0.00
0.30 5.24 7.37 1.00 0.00
0.30 5.24 7.55 1.00 0.00
0.50 5.24 4.54 1.00 0.00
0.50 5.24 4.72 1.00 0.00
0.50 5.24 4.89 1.00 0.00
0.50 5.24 5.07 1.00 0.00
0.50 5.24 5.24 1.00 0.00
0.50 5.24 5.42 1.00 0.00
0.50 5.24 5.59 1.00 0.00
0.50 5.24 5.77 1.00 0.00
0.50 5.24 5.94 1.00 0.00
0.50 5.24 6.12 1.00 0.00
0.50 5.24 6.29 1.00 0.00
0.50 5.24 6.46 1.00 0.00
0.50 5.24 6.64 1.00 0.00
0.50 5.24 6.81 1.00 0.00
0.50 5.24 6.99 1.00 0.00
0.50 5.24 7.16 1.00 0.00
0.50 5.24 7.34 1.00 0.00
0.50 5.24 7.51 1.00 0.00
0.70 5.24 4.51 1.00 0.00
0.70 5.24 4.68 1.00 0.00
0.70 5.24 4.86 1.00 0.00
0.70 5.24 5.03 1.00 0.00
0.70 5.24 5.21 1.00 0.00
0.70 5.24 5.38 1.00 0.00
0.70 5.24 5.56 1.00 0.00
0.70 5.24 5.73 1.00 0.00
0.70 5.24 5.90 1.00 0.00
0.70 5.24 6.08 1.00 0.00
0.70 5.24 6.25 1.00 0.00
0.70 5.24 6.43 1.00 0.00
0.70 5.24 6.60 1.00 0.00
0.70 5.24 6.78 1.00 0.00
0.70 5.24 6.95 1.00 0.00
0.70 5.24 7.13 1.00 0.00
0.70 5.24 7.30 1.00 0.00
0.70 5.24 7.47 1.00 0.00
0.90 5.24 4.47 1.00 0.00
0.90 5.24 4.64 1.00 0.00
0.90 5.24 4.82 1.00 0.00
0.90 5.24 4.99 1.00 0.00
0.90 5.24 5.17 1.00 0.00
0.90 5.24 5.34 1.00 0.00
0.90 5.24 5.52 1.00 0.00
0.90 5.24 5.69 1.00 0.00
0.90 5.24 5.87 1.00 0.00
0.90 5.24 6.04 1.00 0.00
0.90 5.24 6.22 1.00 0.00
0.90 5.24 6.39 1.00 0.00
0.90 5.24 6.56 1.00 0.00
0.90 5.24 6.74 1.00 0.00
0.90 5.24 6.91 1.00 0.00
0.90 5.24 7.09 1.00 0.00
0.90 5.24 7.26 1.00 0.00
0.90 5.24 7.44 1.00 0.00
1.10 5.24 4.43 1.00 0.00
1.10 5.24 4.61 1.00 0.00
1.10 5.24 4.78 1.00 0.00
1.10 5.24 4.96 1.00 0.00
1.10 5.24 5.13 1.00 0.00
1.10 5.24 5.30 1.00 0.00
1.10 5.24 5.48 1.00 0.00
1.10 5.24 5.65 1.00 0.00
1.10 5.24 5.83 1.00 0.00
1.10 5.24 6.00 1.00 0.00
1.10 5.24 6.18 1.00 0.00
1.10 5.24 6.35 1.00 0.00
1.10 5.24 6.53 1.00 0.00
1.10 5.24 6.70 1.00 0.00
1.10 5.24 6.87 1.00 0.00
1.10 5.24 7.05 1.00 0.00
1.10 5.24 7.22 1.00 0.00
1.10 5.24 7.40 1.00 0.00
0.30 5.41 4.59 1.00 0.00
0.30 5.41 4.76 1.00 0.00
0.30 5.41 4.93 1.00 0.00
0.30 5.41 5.11 1.00 0.00
0.30 5.41 5.28 1.00 0.00
0.30 5.41 5.46 1.00 0.00
0.30 5.41 5.63 1.00 0.00
0.30 5.41 5.81 1.00 0.00
0.30 5.41 5.98 1.00 0.00
0.30 5.41 6.16 1.00 0.00
0.30 5.41 6.33 1.00 0.00
0.30 5.41 6.51 1.00 0.00
0.30 5.41 6.68 1.00 0.00
0.30 5.41 6.85 1.00 0.00
0.30 5.41 7.03 1.00 0.00
0.30 5.41 7.20 1.00 0.00
0.30 5.41 7.38 1.00 0.00
0.30 5.41 7.55 1.00 0.00
0.50 5.41 4.55 1.00 0.00
0.50 5.41 4.73 1.00 0.00
0.50 5.41 4.90 1.00 0.00
0.50 5.41 5.08 1.00 0.00
0.50 5.41 5.25 1.00 0.00
0.50 5.41 5.42 1.00 0.00
0.50 5.41 5.60 1.00 0.00
0.50 5.41 5.77 1.00 0.00
0.50 5.41 5.95 1.00 0.00
0.50 5.41 6.12 1.00 0.00
0.50 5.41 6.30 1.00 0.00
0.50 5.41 6.47 1.00 0.00
0.50 5.41 6.65 1.00 0.00
0.50 5.41 6.82 1.00 0.00
0.50 5.41 7.00 1.00 0.00
0.50 5.41 7.17 1.00 0.00
0.50 5.41 7.34 1.00 0.00
0.50 5.41 7.52 1.00 0.00
0.70 5.41 4.52 1.00 0.00
0.70 5.41 4.69 1.00 0.00
0.70 5.41 4.87 1.00 0.00
0.70 5.41 5.04 1.00 0.00
0.70 5.41 5.22 1.00 0.00
0.70 5.41 5.39 1.00 0.00
0.70 5.41 5.56 1.00 0.00
0.70 5.41 5.74 1.00 0.00
0.70 5.41 5.91 1.00 0.00
0.70 5.41 6.09 1.00 0.00
0.70 5.41 6.26 1.00 0.00
0.70 5.41 6.44 1.00 0.00
0.70 5.41 6.61 1.00 0.00
0.70 5.41 6.79 1.00 0.00
0.70 5.41 6.96 1.00 0.00
0.70 5.41 7.14 1.00 0.00
0.70 5.41 7.31 1.00 0.00
0.70 5.41 7.48 1.00 0.00
0.90 5.41 4.48 1.00 0.00
0.90 5.41 4.66 1.00 0.00
0.90 5.41 4.83 1.00 0.00
0.90 5.41 5.01 1.00 0.00
0.90 5.41 5.18 1.00 0.00
0.90 5.41 5.35 1.00 0.00
0.90 5.41 5.53 1.00 0.00
0.90 5.41 5.70 1.00 0.00
0.90 5.41 5.88 1.00 0.00
0.90 5.41 6.05 1.00 0.00
0.90 5.41 6.23 1.00 0.00
0.90 5.41 6.40 1.00 0.00
0.90 5.41 6.58 1.00 0.00
0.90 5.41 6.75 1.00 0.00
0.90 5.41 6.93 1.00 0.00
0.90 5.41 7.10 1.00 0.00
0.90 5.41 7.27 1.00 0.00
0.90 5.41 7.45 1.00 0.00
1.10 5.41 4.44 1.00 0.00
1.10 5.41 4.62 1.00 0.00
1.10 5.41 4.79 1.00 0.00
1.10 5.41 4.97 1.00 0.00
1.10 5.41 5.14 1.00 0.00
1.10 5.41 5.32 1.00 0.00
1.10 5.41 5.49 1.00 0.00
1.10 5.41 5.67 1.00 0.00
1.10 5.41 5.84 1.00 0.00
1.10 5.41 6.02 1.00 0.00
1.10 5.41 6.19 1.00 0.00
1.10 5.41 6.36 1.00 0.00
1.10 5.41 6.54 1.00 0.00
1.10 5.41 6.71 1.00 0.00
1.10 5.41 6.89 1.00 0.00
1.10 5.41 7.06 1.00 0.00
1.10 5.41 7.24 1.00 0.00
1.10 5.41 7.41 1.00 0.00
0.30 5.59 4.59 1.00 0.00
0.30 5.59 4.77 1.00 0.00
0.30 5.59 4.94 1.00 0.00
0.30 5.59 5.12 1.00 0.00
0.30 5.59 5.29 1.00 0.00
0.30 5.59 5.46 1.00 0.00
0.30 5.59 5.64 1.00 0.00
0.30 5.59 5.81 1.00 0.00
0.30 5.59 5.99 1.00 0.00
0.30 5.59 6.16 1.00 0.00
0.30 5.59 6.34 1.00 0.00
0.30 5.59 6.51 1.00 0.00
0.30 5.59 6.69 1.00 0.00
0.30 5.59 6.86 1.00 0.00
0.30 5.59 7.04 1.00 0.00
0.30 5.59 7.21 1.00 0.00
0.30 5.59 7.38 1.00 0.00
0.30 5.59 7.56 1.00 0.00
0.50 5.59 4.56 1.00 0.00
0.50 5.59 4.74 1.00 0.00
0.50 5.59 4.91 1.00 0.00
0.50 5.59 5.09 1.00 0.00
0.50 5.59 5.26 1.00 0.00
0.50 5.59 5.44 1.00 0.00
0.50 5.59 5.61 1.00 0.00
0.50 5.59 5.78 1.00 0.00
0.50 5.59 5.96 1.00 0.00
0.50 5.59 6.13 1.00 0.00
0.50 5.59 6.31 1.00 0.00
0.50 5.59 6.48 1.00 0.00
0.50 5.59 6.66 1.00 0.00
0.50 5.59 6.83 1.00 0.00
0.50 5.59 7.01 1.00 0.00
0.50 5.59 7.18 1.00 0.00
0.50 5.59 7.35 1.00 0.00
0.50 5.59 7.53 1.00 0.00
0.70 5.59 4.53 1.00 0.00
0.70 5.59 4.71 1.00 0.00
0.70 5.59 4.88 1.00 0.00
0.70 5.59 5.06 1.00 0.00
0.70 5.59 5.23 1.00 0.00
0.70 5.59 5.40 1.00 0.00
0.70 5.59 5.58 1.00 0.00
0.70 5.59 5.75 1.00 0.00
0.70 5.59 5.93 1.00 0.00
0.70 5.59 6.10 1.00 0.00
0.70 5.59 6.28 1.00 0.00
0.70 5.59 6.45 1.00 0.00
0.70 5.59 6.63 1.00 0.00
0.70 5.59 6.80 1.00 0.00
0.70 5.59 6.98 1.00 0.00
0.70 5.59 7.15 1.00 0.00
0.70 5.59 7.32 1.00 0.00
0.70 5.59 7.50 1.00 0.00
0.90 5.59 4.50 1.00 0.00
0.90 5.59 4.67 1.00 0.00
0.90 5.59 4.85 1.00 0.00
0.90 5.59 5.02 1.00 0.00
0.90 5.59 5.20 1.00 0.00
0.90 5.59 5.37 1.00 0.00
0.90 5.59 5.55 1.00 0.00
0.90 5.59 5.72 1.00 0.00
0.90 5.59 5.90 1.00 0.00
0.90 5.59 6.07 1.00 0.00
0.90 5.59 6.24 1.00 0.00
0.90 5.59 6.42 1.00 0.00
0.90 5.59 6.59 1.00 0.00
0.90 5.59 6.77 1.00 0.00
0.90 5.59 6.94 1.00 0.00
0.90 5.59 7.12 1.00 0.00
0.90 5.59 7.29 1.00 0.00
0.90 5.59 7.47 1.00 0.00
1.10 5.59 4.46 1.00 0.00
1.10 5.59 4.64 1.00 0.00
1.10 5.59 4.81 1.00 0.00
1.10 5.59 4.99 1.00 0.00
1.10 5.59 5.16 1.00 0.00
1.10 5.59 5.34 1.00 0.00
1.10 5.59 5.51 1.00 0.00
1.10 5.59 5.69 1.00 0.00
1.10 5.59 5.86 1.00 0.00
1.10 5.59 6.04 1.00 0.00
1.10 5.59 6.21 1.00 0.00
1.10 5.59 6.38 1.00 0.00
1.10 5.59 6.56 1.00 0.00
1.10 5.59 6.73 1.00 0.00
1.10 5.59 6.91 1.00 0.00
1.10 5.59 7.08 1.00 0.00
1.10 5.59 7.26 1.00 0.00
1.10 5.59 7.43 1.00 0.00
0.30 5.76 4.60 1.00 0.00
0.30 5.76 4.77 1.00 0.00
0.30 5.76 4.95 1.00 0.00
0.30 5.76 5.12 1.00 0.00
0.30 5.76 5.30 1.00 0.00
0.30 5.76 5.47 1.00 0.00
0.30 5.76 5.65 1.00 0.00
0.30 5.76 5.82 1.00 0.00
0.30 5.76 6.00 1.00 0.00
0.30 5.76 6.17 1.00 0.00
0.30 5.76 6.34 1.00 0.00
0.30 5.76 6.52 1.00 0.00
0.30 5.76 6.69 1.00 0.00
0.30 5.76 6.87 1.00 0.00
0.30 5.76 7.04 1.00 0.00
0.30 5.76 7.22 1.00 0.00
0.30 5.76 7.39 1.00 0.00
0.30 5.76 7.57 1.00 0.00
0.50 5.76 4.58 1.00 0.00
0.50 5.76 4.75 1.00 0.00
0.50 5.76 4.92 1.00 0.00
0.50 5.76 5.10 1.00 0.00
0.50 5.76 5.27 1.00 0.00
0.50 5.76 5.45 1.00 0.00
0.50 5.76 5.62 1.00 0.00
0.50 5.76 5.80 1.00 0.00
0.50 5.76 5.97 1.00 0.00
0.50 5.76 6.15 1.00 0.00
0.50 5.76 6.32 1.00 0.00
0.50 5.76 6.49 1.00 0.00
0.50 5.76 6.67 1.00 0.00
0.50 5.76 6.84 1.00 0.00
0.50 5.76 7.02 1.00 0.00
0.50 5.76 7.19 1.00 0.00
0.50 5.76 7.37 1.00 0.00
0.50 5.76 7.54 1.00 0.00
0.70 5.76 4.55 1.00 0.00
0.70 5.76 4.72 1.00 0.00
0.70 5.76 4.90 1.00 0.00
0.70 5.76 5.07 1.00 0.00
0.70 5.76 5.25 1.00 0.00
0.70 5.76 5.42 1.00 0.00
0.70 5.76 5.60 1.00 0.00
0.70 5.76 5.77 1.00 0.00
0.70 5.76 5.95 1.00 0.00
0.70 5.76 6.12 1.00 0.00
0.70 5.76 6.29 1.00 0.00
0.70 5.76 6.47 1.00 0.00
0.70 5.76 6.64 1.00 0.00
0.70 5.76 6.82 1.00 0.00
0.70 5.76 6.99 1.00 0.00
0.70 5.76 7.17 1.00 0.00
0.70 5.76 7.34 1.00 0.00
0.70 5.76 7.52 1.00 0.00
0.90 5.76 4.52 1.00 0.00
0.90 5.76 4.70 1.00 0.00
0.90 5.76 4.87 1.00 0.00
0.90 5.76 5.05 1.00 0.00
0.90 5.76 5.22 1.00 0.00
0.90 5.76 5.39 1.00 0.00
0.90 5.76 5.57 1.00 0.00
0.90 5.76 5.74 1.00 0.00
0.90 5.76 5.92 1.00 0.00
0.90 5.76 6.09 1.00 0.00
0.90 5.76 6.27 1.00 0.00
0.90 5.76 6.44 1.00 0.00
0.90 5.76 6.62 1.00 0.00
0.90 5.76 6.79 1.00 0.00
0.90 5.76 6.97 1.00 0.00
0.90 5.76 7.14 1.00 0.00
0.90 5.76 7.31 1.00 0.00
0.90 5.76 7.49 1.00 0.00
1.10 5.76 4.49 1.00 0.00
1.10 5.76 4.67 1.00 0.00
1.10 5.76 4.84 1.00 0.00
1.10 5.76 5.02 1.00 0.00
1.10 5.76 5.19 1.00 0.00
1.10 5.76 5.37 1.00 0.00
1.10 5.76 5.54 1.00 0.00
1.10 5.76 5.71 1.00 0.00
1.10 5.76 5.89 1.00 0.00
1.10 5.76 6.06 1.00 0.00
1.10 5.76 6.24 1.00 0.00
1.10 5.76 6.41 1.00 0.00
1.10 5.76 6.59 1.00 0.00
1.10 5.76 6.76 1.00 0.00
1.10 5.76 6.94 1.00 0.00
1.10 5.76 7.11 1.00 0.00
1.10 5.76 7.29 1.00 0.00
1.10 5.76 7.46 1.00 0.00
0.30 5.93 4.61 1.00 0.00
0.30 5.93 4.78 1.00 0.00
0.30 5.93 4.96 1.00 0.00
0.30 5.93 5.13 1.00 0.00
0.30 5.93 5.31 1.00 0.00
0.30 5.93 5.48 1.00 0.00
0.30 5.93 5.66 1.00 0.00
0.30 5.93 5.83 1.00 0.00
0.30 5.93 6.00 1.00 0.00
0.30 5.93 6.18 1.00 0.00
0.30 5.93 6.35 1.00 0.00
0.30 5.93 6.53 1.00 0.00
0.30 5.93 6.70 1.00 0.00
0.30 5.93 6.88 1.00 0.00
0.30 5.93 7.05 1.00 0.00
0.30 5.93 7.23 1.00 0.00
0.30 5.93 7.40 1.00 0.00
0.30 5.93 7.58 1.00 0.00
0.50 5.93 4.59 1.00 0.00
0.50 5.93 4.76 1.00 0.00
0.50 5.93 4.94 1.00 0.00
0.50 5.93 5.11 1.00 0.00
0.50 5.93 5.29 1.00 0.00
0.50 5.93 5.46 1.00 0.00
0.50 5.93 5.64 1.00 0.00
0.50 5.93 5.81 1.00 0.00
0.50 5.93 5.99 1.00 0.00
0.50 5.93 6.16 1.00 0.00
0.50 5.93 6.34 1.00 0.00
0.50 5.93 6.51 1.00 0.00
0.50 5.93 6.68 1.00 0.00
0.50 5.93 6.86 1.00 0.00
0.50 5.93 7.03 1.00 0.00
0.50 5.93 7.21 1.00 0.00
0.50 5.93 7.38 1.00 0.00
0.50 5.93 7.56 1.00 0.00
0.70 5.93 4.57 1.00 0.00
0.70 5.93 4.75 1.00 0.00
0.70 5.93 4.92 1.00 0.00
0.70 5.93 5.09 1.00 0.00
0.70 5.93 5.27 1.00 0.00
0.70 5.93 5.44 1.00 0.00
0.70 5.93 5.62 1.00 0.00
0.70 5.93 5.79 1.00 0.00
0.70 5.93 5.97 1.00 0.00
0.70 5.93 6.14 1.00 0.00
0.70 5.93 6.32 1.00 0.00
0.70 5.93 6.49 1.00 0.00
0.70 5.93 6.67 1.00 0.00
0.70 5.93 6.84 1.00 0.00
0.70 5.93 7.01 1.00 0.00
0.70 5.93 7.19 1.00 0.00
0.70 5.93 7.36 1.00 0.00
0.70 5.93 7.54 1.00 0.00
0.90 5.93 4.55 1.00 0.00
0.90 5.93 4.72 1.00 0.00
0.90 5.93 4.90 1.00 0.00
0.90 5.93 5.07 1.00 0.00
0.90 5.93 5.25 1.00 0.00
0.90 5.93 5.42 1.00 0.00
0.90 5.93 5.60 1.00 0.00
0.90 5.93 5.77 1.00 0.00
0.90 5.93 5.95 1.00 0.00
0.90 5.93 6.12 1.00 0.00
0.90 5.93 6.30 1.00 0.00
0.90 5.93 6.47 1.00 0.00
0.90 5.93 6.64 1.00 0.00
0.90 5.93 6.82 1.00 0.00
0.90 5.93 6.99 1.00 0.00
0.90 5.93 7.17 1.00 0.00
0.90 5.93 7.34 1.00 0.00
0.90 5.93 7.52 1.00 0.00
1.10 5.93 4.53 1.00 0.00
1.10 5.93 4.70 1.00 0.00
1.10 5.93 4.88 1.00 0.00
1.10 5.93 5.05 1.00 0.00
1.10 5.93 5.23 1.00 0.00
1.10 5.93 5.40 1.00 0.00
1.10 5.93 5.57 1.00 0.00
1.10 5.93 5.75 1.00 0.00
1.10 5.93 5.92 1.00 0.00
1.10 5.93 6.10 1.00 0.00
1.10 5.93 6.27 1.00 0.00
1.10 5.93 6.45 1.00 0.00
1.10 5.93 6.62 1.00 0.00
1.10 5.93 6.80 1.00 0.00
1.10 5.93 6.97 1.00 0.00
1.10 5.93 7.15 1.00 0.00
1.10 5.93 7.32 1.00 0.00
1.10 5.93 7.49 1.00 0.00
0.30 6.11 4.62 1.00 0.00
0.30 6.11 4.79 1.00 0.00
0.30 6.11 4.97 1.00 0.00
0.30 6.11 5.14 1.00 0.00
0.30 6.11 5.32 1.00 0.00
0.30 6.11 5.49 1.00 0.00
0.30 6.11 5.66 1.00 0.00
0.30 6.11 5.84 1.00 0.00
0.30 6.11 6.01 1.00 0.00
0.30 6.11 6.19 1.00 0.00
0.30 6.11 6.36 1.00 0.00
0.30 6.11 6.54 1.00 0.00
0.30 6.11 6.71 1.00 0.00
0.30 6.11 6.89 1.00 0.00
0.30 6.11 7.06 1.00 0.00
0.30 6.11 7.24 1.00 0.00
0.30 6.11 7.41 1.00 0.00
0.30 6.11 7.58 1.00 0.00
0.50 6.11 4.61 1.00 0.00
0.50 6.11 4.78 1.00 0.00
0.50 6.11 4.96 1.00 0.00
0.50 6.11 5.13 1.00 0.00
0.50 6.11 5.30 1.00 0.00
0.50 6.11 5.48 1.00 0.00
0.50 6.11 5.65 1.00 0.00
0.50 6.11 5.83 1.00 0.00
0.50 6.11 6.00 1.00 0.00
0.50 6.11 6.18 1.00 0.00
0.50 6.11 6.35 1.00 0.00
0.50 6.11 6.53 1.00 0.00
0.50 6.11 6.70 1.00 0.00
0.50 6.11 6.88 1.00 0.00
0.50 6.11 7.05 1.00 0.00
0.50 6.11 7.22 1.00 0.00
0.50 6.11 7.40 1.00 0.00
0.50 6.11 7.57 1.00 0.00
0.70 6.11 4.59 1.00 0.00
0.70 6.11 4.77 1.00 0.00
0.70 6.11 4.94 1.00 0.00
0.70 6.11 5.12 1.00 0.00
0.70 6.11 5.29 1.00 0.00
0.70 6.11 5.47 1.00 0.00
0.70 6.11 5.64 1.00 0.00
0.70 6.11 5.82 1.00 0.00
0.70 6.11 5.99 1.00 0.00
0.70 6.11 6.17 1.00 0.00
0.70 6.11 6.34 1.00 0.00
0.70 6.11 6.51 1.00 0.00
0.70 6.11 6.69 1.00 0.00
0.70 6.11 6.86 1.00 0.00
0.70 6.11 7.04 1.00 0.00
0.70 6.11 7.21 1.00 0.00
0.70 6.11 7.39 1.00 0.00
0.70 6.11 7.56 1.00 0.00
0.90 6.11 4.58 1.00 0.00
0.90 6.11 4.76 1.00 0.00
0.90 6.11 4.93 1.00 0.00
0.90 6.11 5.11 1.00 0.00
0.90 6.11 5.28 1.00 0.00
0.90 6.11 5.45 1.00 0.00
0.90 6.11 5.63 1.00 0.00
0.90 6.11 5.80 1.00 0.00
0.90 6.11 5.98 1.00 0.00
0.90 6.11 6.15 1.00 0.00
0.90 6.11 6.33 1.00 0.00
0.90 6.11 6.50 1.00 0.00
0.90 6.11 6.68 1.00 0.00
0.90 6.11 6.85 1.00 0.00
0.90 6.11 7.03 1.00 0.00
0.90 6.11 7.20 1.00 0.00
0.90 6.11 7.37 1.00 0.00
0.90 6.11 7.55 1.00 0.00
1.10 6.11 4.57 1.00 0.00
1.10 6.11 4.74 1.00 0.00
1.10 6.11 4.92 1.00 0.00
1.10 6.11 5.09 1.00 0.00
1.10 6.11 5.27 1.00 0.00
1.10 6.11 5.44 1.00 0.00
1.10 6.11 5.62 1.00 0.00
1.10 6.11 5.79 1.00 0.00
1.10 6.11 5.96 1.00 0.00
1.10 6.11 6.14 1.00 0.00
1.10 6.11 6.31 1.00 0.00
1.10 6.11 6.49 1.00 0.00
1.10 6.11 6.66 1.00 0.00
1.10 6.11 6.84 1.00 0.00
1.10 6.11 7.01 1.00 0.00
1.10 6.11 7.19 1.00 0.00
1.10 6.11 7.36 1.00 0.00
1.10 6.11 7.54 1.00 0.00
