2.78 0.10 0.06
2.59 0.10 0.14
2.40 0.10 0.21
2.22 0.10 0.28
2.03 0.10 0.35
2.76 0.10 0.01
2.56 0.10 0.05
2.37 0.10 0.09
2.17 0.10 0.13
1.98 0.10 0.17
2.76 0.10 -0.04
2.56 0.10 -0.03
2.36 0.10 -0.03
2.16 0.10 -0.03
1.96 0.10 -0.02
2.76 0.10 -0.09
2.56 0.10 -0.12
2.36 0.10 -0.15
2.17 0.10 -0.18
1.97 0.10 -0.21
2.77 0.10 -0.14
2.58 0.10 -0.21
2.39 0.10 -0.27
2.20 0.10 -0.33
2.01 0.10 -0.40
2.79 0.10 -0.19
2.62 0.10 -0.29
2.44 0.10 -0.38
2.27 0.10 -0.48
2.09 0.10 -0.57
2.82 0.10 -0.23
2.67 0.10 -0.36
2.51 0.10 -0.48
2.35 0.10 -0.61
2.20 0.10 -0.73
2.86 0.10 -0.27
2.73 0.10 -0.42
2.59 0.10 -0.57
2.46 0.10 -0.72
2.33 0.10 -0.87
2.90 0.10 -0.30
2.80 0.10 -0.47
2.69 0.10 -0.64
2.59 0.10 -0.81
2.48 0.10 -0.99
2.95 0.10 -0.32
2.87 0.10 -0.51
2.80 0.10 -0.70
2.73 0.10 -0.88
2.66 0.10 -1.07
3.00 0.10 -0.34
2.96 0.10 -0.53
2.92 0.10 -0.73
2.88 0.10 -0.93
2.84 0.10 -1.12
3.05 0.10 -0.34
3.04 0.10 -0.54
3.04 0.10 -0.74
3.04 0.10 -0.94
3.03 0.10 -1.14
3.10 0.10 -0.34
3.13 0.10 -0.54
3.16 0.10 -0.74
3.19 0.10 -0.93
3.22 0.10 -1.13
3.15 0.10 -0.33
3.22 0.10 -0.52
3.28 0.10 -0.71
3.34 0.10 -0.90
3.41 0.10 -1.09
3.20 0.10 -0.31
3.30 0.10 -0.48
3.39 0.10 -0.66
3.49 0.10 -0.83
3.58 0.10 -1.01
3.24 0.10 -0.28
3.37 0.10 -0.43
3.49 0.10 -0.59
3.62 0.10 -0.75
3.74 0.10 -0.90
3.28 0.10 -0.24
3.43 0.10 -0.37
3.58 0.10 -0.51
3.73 0.10 -0.64
3.88 0.10 -0.77
3.31 0.10 -0.20
3.48 0.10 -0.30
3.65 0.10 -0.41
3.82 0.10 -0.51
4.00 0.10 -0.61
3.33 0.10 -0.15
3.52 0.10 -0.23
3.71 0.10 -0.30
3.89 0.10 -0.37
4.08 0.10 -0.44
3.35 0.10 -0.10
3.55 0.10 -0.14
3.74 0.10 -0.18
3.94 0.10 -0.22
4.13 0.10 -0.26
3.35 0.10 -0.05
3.55 0.10 -0.06
3.75 0.10 -0.06
3.95 0.10 -0.06
4.15 0.10 -0.07
3.35 0.10 0.00
3.55 0.10 0.03
3.75 0.10 0.06
3.94 0.10 0.09
4.14 0.10 0.12
3.34 0.10 0.05
3.53 0.10 0.12
3.72 0.10 0.18
3.91 0.10 0.25
4.10 0.10 0.31
3.32 0.10 0.10
3.49 0.10 0.20
3.67 0.10 0.29
3.84 0.10 0.39
4.02 0.10 0.49
3.29 0.10 0.14
3.44 0.10 0.27
3.60 0.10 0.39
3.76 0.10 0.52
3.91 0.10 0.64
3.25 0.10 0.18
3.38 0.10 0.33
3.52 0.10 0.48
3.65 0.10 0.63
3.78 0.10 0.78
3.21 0.10 0.21
3.31 0.10 0.38
3.42 0.10 0.55
3.52 0.10 0.73
3.63 0.10 0.90
3.16 0.10 0.24
3.24 0.10 0.42
3.31 0.10 0.61
3.38 0.10 0.79
3.45 0.10 0.98
3.11 0.10 0.25
3.15 0.10 0.45
3.19 0.10 0.64
3.23 0.10 0.84
3.27 0.10 1.03
3.06 0.10 0.26
3.07 0.10 0.46
3.07 0.10 0.66
3.07 0.10 0.86
3.08 0.10 1.06
3.01 0.10 0.25
2.98 0.10 0.45
2.95 0.10 0.65
2.92 0.10 0.84
2.89 0.10 1.04
2.96 0.10 0.24
2.89 0.10 0.43
2.83 0.10 0.62
2.77 0.10 0.81
2.70 0.10 1.00
2.91 0.10 0.22
2.81 0.10 0.39
2.72 0.10 0.57
2.62 0.10 0.74
2.53 0.10 0.92
2.87 0.10 0.19
2.74 0.10 0.35
2.62 0.10 0.50
2.49 0.10 0.66
2.37 0.10 0.81
2.83 0.10 0.15
2.68 0.10 0.28
2.53 0.10 0.42
2.38 0.10 0.55
2.23 0.10 0.68
2.80 0.10 0.11
2.63 0.10 0.21
2.46 0.10 0.32
2.29 0.10 0.42
2.11 0.10 0.53
