0.30 0.00 4.57 1.00 0.00
0.30 0.00 4.75 1.00 0.00
0.30 0.00 4.92 1.00 0.00
0.30 0.00 5.10 1.00 0.00
0.30 0.00 5.27 1.00 0.00
0.30 0.00 5.45 1.00 0.00
0.30 0.00 5.62 1.00 0.00
0.30 0.00 5.80 1.00 0.00
0.30 0.00 5.97 1.00 0.00
0.30 0.00 6.15 1.00 0.00
0.30 0.00 6.32 1.00 0.00
0.30 0.00 6.49 1.00 0.00
0.30 0.00 6.67 1.00 0.00
0.30 0.00 6.84 1.00 0.00
0.30 0.00 7.02 1.00 0.00
0.30 0.00 7.19 1.00 0.00
0.30 0.00 7.37 1.00 0.00
0.30 0.00 7.54 1.00 0.00
0.50 0.00 4.57 1.00 0.00
0.50 0.00 4.74 1.00 0.00
0.50 0.00 4.92 1.00 0.00
0.50 0.00 5.09 1.00 0.00
0.50 0.00 5.27 1.00 0.00
0.50 0.00 5.44 1.00 0.00
0.50 0.00 5.62 1.00 0.00
0.50 0.00 5.79 1.00 0.00
0.50 0.00 5.97 1.00 0.00
0.50 0.00 6.14 1.00 0.00
0.50 0.00 6.31 1.00 0.00
0.50 0.00 6.49 1.00 0.00
0.50 0.00 6.66 1.00 0.00
0.50 0.00 6.84 1.00 0.00
0.50 0.00 7.01 1.00 0.00
0.50 0.00 7.19 1.00 0.00
0.50 0.00 7.36 1.00 0.00
0.50 0.00 7.54 1.00 0.00
0.70 0.00 4.56 1.00 0.00
0.70 0.00 4.74 1.00 0.00
0.70 0.00 4.91 1.00 0.00
0.70 0.00 5.09 1.00 0.00
0.70 0.00 5.26 1.00 0.00
0.70 0.00 5.44 1.00 0.00
0.70 0.00 5.61 1.00 0.00
0.70 0.00 5.78 1.00 0.00
0.70 0.00 5.96 1.00 0.00
0.70 0.00 6.13 1.00 0.00
0.70 0.00 6.31 1.00 0.00
0.70 0.00 6.48 1.00 0.00
0.70 0.00 6.66 1.00 0.00
0.70 0.00 6.83 1.00 0.00
0.70 0.00 7.01 1.00 0.00
0.70 0.00 7.18 1.00 0.00
0.70 0.00 7.36 1.00 0.00
0.70 0.00 7.53 1.00 0.00
0.90 0.00 4.56 1.00 0.00
0.90 0.00 4.73 1.00 0.00
0.90 0.00 4.91 1.00 0.00
0.90 0.00 5.08 1.00 0.00
0.90 0.00 5.25 1.00 0.00
0.90 0.00 5.43 1.00 0.00
0.90 0.00 5.60 1.00 0.00
0.90 0.00 5.78 1.00 0.00
0.90 0.00 5.95 1.00 0.00
0.90 0.00 6.13 1.00 0.00
0.90 0.00 6.30 1.00 0.00
0.90 0.00 6.48 1.00 0.00
0.90 0.00 6.65 1.00 0.00
0.90 0.00 6.83 1.00 0.00
0.90 0.00 7.00 1.00 0.00
0.90 0.00 7.17 1.00 0.00
0.90 0.00 7.35 1.00 0.00
0.90 0.00 7.52 1.00 0.00
1.10 0.00 4.55 1.00 0.00
1.10 0.00 4.72 1.00 0.00
1.10 0.00 4.90 1.00 0.00
1.10 0.00 5.07 1.00 0.00
1.10 0.00 5.25 1.00 0.00
1.10 0.00 5.42 1.00 0.00
1.10 0.00 5.60 1.00 0.00
1.10 0.00 5.77 1.00 0.00
1.10 0.00 5.95 1.00 0.00
1.10 0.00 6.12 1.00 0.00
1.10 0.00 6.29 1.00 0.00
1.10 0.00 6.47 1.00 0.00
1.10 0.00 6.64 1.00 0.00
1.10 0.00 6.82 1.00 0.00
1.10 0.00 6.99 1.00 0.00
1.10 0.00 7.17 1.00 0.00
1.10 0.00 7.34 1.00 0.00
1.10 0.00 7.52 1.00 0.00
0.30 0.17 4.59 1.00 0.00
0.30 0.17 4.76 1.00 0.00
0.30 0.17 4.93 1.00 0.00
0.30 0.17 5.11 1.00 0.00
0.30 0.17 5.28 1.00 0.00
0.30 0.17 5.46 1.00 0.00
0.30 0.17 5.63 1.00 0.00
0.30 0.17 5.81 1.00 0.00
0.30 0.17 5.98 1.00 0.00
0.30 0.17 6.16 1.00 0.00
0.30 0.17 6.33 1.00 0.00
0.30 0.17 6.51 1.00 0.00
0.30 0.17 6.68 1.00 0.00
0.30 0.17 6.85 1.00 0.00
0.30 0.17 7.03 1.00 0.00
0.30 0.17 7.20 1.00 0.00
0.30 0.17 7.38 1.00 0.00
0.30 0.17 7.55 1.00 0.00
0.50 0.17 4.59 1.00 0.00
0.50 0.17 4.76 1.00 0.00
0.50 0.17 4.94 1.00 0.00
0.50 0.17 5.11 1.00 0.00
0.50 0.17 5.29 1.00 0.00
0.50 0.17 5.46 1.00 0.00
0.50 0.17 5.63 1.00 0.00
0.50 0.17 5.81 1.00 0.00
0.50 0.17 5.98 1.00 0.00
0.50 0.17 6.16 1.00 0.00
0.50 0.17 6.33 1.00 0.00
0.50 0.17 6.51 1.00 0.00
0.50 0.17 6.68 1.00 0.00
0.50 0.17 6.86 1.00 0.00
0.50 0.17 7.03 1.00 0.00
0.50 0.17 7.21 1.00 0.00
0.50 0.17 7.38 1.00 0.00
0.50 0.17 7.55 1.00 0.00
0.70 0.17 4.59 1.00 0.00
0.70 0.17 4.76 1.00 0.00
0.70 0.17 4.94 1.00 0.00
0.70 0.17 5.11 1.00 0.00
0.70 0.17 5.29 1.00 0.00
0.70 0.17 5.46 1.00 0.00
0.70 0.17 5.64 1.00 0.00
0.70 0.17 5.81 1.00 0.00
0.70 0.17 5.99 1.00 0.00
0.70 0.17 6.16 1.00 0.00
0.70 0.17 6.33 1.00 0.00
0.70 0.17 6.51 1.00 0.00
0.70 0.17 6.68 1.00 0.00
0.70 0.17 6.86 1.00 0.00
0.70 0.17 7.03 1.00 0.00
0.70 0.17 7.21 1.00 0.00
0.70 0.17 7.38 1.00 0.00
0.70 0.17 7.56 1.00 0.00
0.90 0.17 4.59 1.00 0.00
0.90 0.17 4.77 1.00 0.00
0.90 0.17 4.94 1.00 0.00
0.90 0.17 5.12 1.00 0.00
0.90 0.17 5.29 1.00 0.00
0.90 0.17 5.46 1.00 0.00
0.90 0.17 5.64 1.00 0.00
0.90 0.17 5.81 1.00 0.00
0.90 0.17 5.99 1.00 0.00
0.90 0.17 6.16 1.00 0.00
0.90 0.17 6.34 1.00 0.00
0.90 0.17 6.51 1.00 0.00
0.90 0.17 6.69 1.00 0.00
0.90 0.17 6.86 1.00 0.00
0.90 0.17 7.04 1.00 0.00
0.90 0.17 7.21 1.00 0.00
0.90 0.17 7.38 1.00 0.00
0.90 0.17 7.56 1.00 0.00
1.10 0.17 4.59 1.00 0.00
1.10 0.17 4.77 1.00 0.00
1.10 0.17 4.94 1.00 0.00
1.10 0.17 5.12 1.00 0.00
1.10 0.17 5.29 1.00 0.00
1.10 0.17 5.47 1.00 0.00
1.10 0.17 5.64 1.00 0.00
1.10 0.17 5.82 1.00 0.00
1.10 0.17 5.99 1.00 0.00
1.10 0.17 6.16 1.00 0.00
1.10 0.17 6.34 1.00 0.00
1.10 0.17 6.51 1.00 0.00
1.10 0.17 6.69 1.00 0.00
1.10 0.17 6.86 1.00 0.00
1.10 0.17 7.04 1.00 0.00
1.10 0.17 7.21 1.00 0.00
1.10 0.17 7.39 1.00 0.00
1.10 0.17 7.56 1.00 0.00
0.30 0.35 4.60 1.00 0.00
0.30 0.35 4.77 1.00 0.00
0.30 0.35 4.94 1.00 0.00
0.30 0.35 5.12 1.00 0.00
0.30 0.35 5.29 1.00 0.00
0.30 0.35 5.47 1.00 0.00
0.30 0.35 5.64 1.00 0.00
0.30 0.35 5.82 1.00 0.00
0.30 0.35 5.99 1.00 0.00
0.30 0.35 6.17 1.00 0.00
0.30 0.35 6.34 1.00 0.00
0.30 0.35 6.52 1.00 0.00
0.30 0.35 6.69 1.00 0.00
0.30 0.35 6.86 1.00 0.00
0.30 0.35 7.04 1.00 0.00
0.30 0.35 7.21 1.00 0.00
0.30 0.35 7.39 1.00 0.00
0.30 0.35 7.56 1.00 0.00
0.50 0.35 4.60 1.00 0.00
0.50 0.35 4.78 1.00 0.00
0.50 0.35 4.95 1.00 0.00
0.50 0.35 5.13 1.00 0.00
0.50 0.35 5.30 1.00 0.00
0.50 0.35 5.48 1.00 0.00
0.50 0.35 5.65 1.00 0.00
0.50 0.35 5.83 1.00 0.00
0.50 0.35 6.00 1.00 0.00
0.50 0.35 6.18 1.00 0.00
0.50 0.35 6.35 1.00 0.00
0.50 0.35 6.52 1.00 0.00
0.50 0.35 6.70 1.00 0.00
0.50 0.35 6.87 1.00 0.00
0.50 0.35 7.05 1.00 0.00
0.50 0.35 7.22 1.00 0.00
0.50 0.35 7.40 1.00 0.00
0.50 0.35 7.57 1.00 0.00
0.70 0.35 4.62 1.00 0.00
0.70 0.35 4.79 1.00 0.00
0.70 0.35 4.96 1.00 0.00
0.70 0.35 5.14 1.00 0.00
0.70 0.35 5.31 1.00 0.00
0.70 0.35 5.49 1.00 0.00
0.70 0.35 5.66 1.00 0.00
0.70 0.35 5.84 1.00 0.00
0.70 0.35 6.01 1.00 0.00
0.70 0.35 6.19 1.00 0.00
0.70 0.35 6.36 1.00 0.00
0.70 0.35 6.54 1.00 0.00
0.70 0.35 6.71 1.00 0.00
0.70 0.35 6.88 1.00 0.00
0.70 0.35 7.06 1.00 0.00
0.70 0.35 7.23 1.00 0.00
0.70 0.35 7.41 1.00 0.00
0.70 0.35 7.58 1.00 0.00
0.90 0.35 4.63 1.00 0.00
0.90 0.35 4.80 1.00 0.00
0.90 0.35 4.98 1.00 0.00
0.90 0.35 5.15 1.00 0.00
0.90 0.35 5.32 1.00 0.00
0.90 0.35 5.50 1.00 0.00
0.90 0.35 5.67 1.00 0.00
0.90 0.35 5.85 1.00 0.00
0.90 0.35 6.02 1.00 0.00
0.90 0.35 6.20 1.00 0.00
0.90 0.35 6.37 1.00 0.00
0.90 0.35 6.55 1.00 0.00
0.90 0.35 6.72 1.00 0.00
0.90 0.35 6.90 1.00 0.00
0.90 0.35 7.07 1.00 0.00
0.90 0.35 7.24 1.00 0.00
0.90 0.35 7.42 1.00 0.00
0.90 0.35 7.59 1.00 0.00
1.10 0.35 4.64 1.00 0.00
1.10 0.35 4.81 1.00 0.00
1.10 0.35 4.99 1.00 0.00
1.10 0.35 5.16 1.00 0.00
1.10 0.35 5.34 1.00 0.00
1.10 0.35 5.51 1.00 0.00
1.10 0.35 5.69 1.00 0.00
1.10 0.35 5.86 1.00 0.00
1.10 0.35 6.03 1.00 0.00
1.10 0.35 6.21 1.00 0.00
1.10 0.35 6.38 1.00 0.00
1.10 0.35 6.56 1.00 0.00
1.10 0.35 6.73 1.00 0.00
1.10 0.35 6.91 1.00 0.00
1.10 0.35 7.08 1.00 0.00
1.10 0.35 7.26 1.00 0.00
1.10 0.35 7.43 1.00 0.00
1.10 0.35 7.61 1.00 0.00
0.30 0.52 4.61 1.00 0.00
0.30 0.52 4.78 1.00 0.00
0.30 0.52 4.95 1.00 0.00
0.30 0.52 5.13 1.00 0.00
0.30 0.52 5.30 1.00 0.00
0.30 0.52 5.48 1.00 0.00
0.30 0.52 5.65 1.00 0.00
0.30 0.52 5.83 1.00 0.00
0.30 0.52 6.00 1.00 0.00
0.30 0.52 6.18 1.00 0.00
0.30 0.52 6.35 1.00 0.00
0.30 0.52 6.53 1.00 0.00
0.30 0.52 6.70 1.00 0.00
0.30 0.52 6.87 1.00 0.00
0.30 0.52 7.05 1.00 0.00
0.30 0.52 7.22 1.00 0.00
0.30 0.52 7.40 1.00 0.00
0.30 0.52 7.57 1.00 0.00
0.50 0.52 4.62 1.00 0.00
0.50 0.52 4.80 1.00 0.00
0.50 0.52 4.97 1.00 0.00
0.50 0.52 5.15 1.00 0.00
0.50 0.52 5.32 1.00 0.00
0.50 0.52 5.49 1.00 0.00
0.50 0.52 5.67 1.00 0.00
0.50 0.52 5.84 1.00 0.00
0.50 0.52 6.02 1.00 0.00
0.50 0.52 6.19 1.00 0.00
0.50 0.52 6.37 1.00 0.00
0.50 0.52 6.54 1.00 0.00
0.50 0.52 6.72 1.00 0.00
0.50 0.52 6.89 1.00 0.00
0.50 0.52 7.07 1.00 0.00
0.50 0.52 7.24 1.00 0.00
0.50 0.52 7.41 1.00 0.00
0.50 0.52 7.59 1.00 0.00
0.70 0.52 4.64 1.00 0.00
0.70 0.52 4.81 1.00 0.00
0.70 0.52 4.99 1.00 0.00
0.70 0.52 5.16 1.00 0.00
0.70 0.52 5.34 1.00 0.00
0.70 0.52 5.51 1.00 0.00
0.70 0.52 5.69 1.00 0.00
0.70 0.52 5.86 1.00 0.00
0.70 0.52 6.04 1.00 0.00
0.70 0.52 6.21 1.00 0.00
0.70 0.52 6.38 1.00 0.00
0.70 0.52 6.56 1.00 0.00
0.70 0.52 6.73 1.00 0.00
0.70 0.52 6.91 1.00 0.00
0.70 0.52 7.08 1.00 0.00
0.70 0.52 7.26 1.00 0.00
0.70 0.52 7.43 1.00 0.00
0.70 0.52 7.61 1.00 0.00
0.90 0.52 4.66 1.00 0.00
0.90 0.52 4.83 1.00 0.00
0.90 0.52 5.01 1.00 0.00
0.90 0.52 5.18 1.00 0.00
0.90 0.52 5.36 1.00 0.00
0.90 0.52 5.53 1.00 0.00
0.90 0.52 5.71 1.00 0.00
0.90 0.52 5.88 1.00 0.00
0.90 0.52 6.06 1.00 0.00
0.90 0.52 6.23 1.00 0.00
0.90 0.52 6.40 1.00 0.00
0.90 0.52 6.58 1.00 0.00
0.90 0.52 6.75 1.00 0.00
0.90 0.52 6.93 1.00 0.00
0.90 0.52 7.10 1.00 0.00
0.90 0.52 7.28 1.00 0.00
0.90 0.52 7.45 1.00 0.00
0.90 0.52 7.63 1.00 0.00
1.10 0.52 4.68 1.00 0.00
1.10 0.52 4.85 1.00 0.00
1.10 0.52 5.03 1.00 0.00
1.10 0.52 5.20 1.00 0.00
1.10 0.52 5.38 1.00 0.00
1.10 0.52 5.55 1.00 0.00
1.10 0.52 5.73 1.00 0.00
1.10 0.52 5.90 1.00 0.00
1.10 0.52 6.08 1.00 0.00
1.10 0.52 6.25 1.00 0.00
1.10 0.52 6.43 1.00 0.00
1.10 0.52 6.60 1.00 0.00
1.10 0.52 6.77 1.00 0.00
1.10 0.52 6.95 1.00 0.00
1.10 0.52 7.12 1.00 0.00
1.10 0.52 7.30 1.00 0.00
1.10 0.52 7.47 1.00 0.00
1.10 0.52 7.65 1.00 0.00
0.30 0.70 4.61 1.00 0.00
0.30 0.70 4.79 1.00 0.00
0.30 0.70 4.96 1.00 0.00
0.30 0.70 5.14 1.00 0.00
0.30 0.70 5.31 1.00 0.00
0.30 0.70 5.49 1.00 0.00
0.30 0.70 5.66 1.00 0.00
0.30 0.70 5.84 1.00 0.00
0.30 0.70 6.01 1.00 0.00
0.30 0.70 6.19 1.00 0.00
0.30 0.70 6.36 1.00 0.00
0.30 0.70 6.53 1.00 0.00
0.30 0.70 6.71 1.00 0.00
0.30 0.70 6.88 1.00 0.00
0.30 0.70 7.06 1.00 0.00
0.30 0.70 7.23 1.00 0.00
0.30 0.70 7.41 1.00 0.00
0.30 0.70 7.58 1.00 0.00
0.50 0.70 4.64 1.00 0.00
0.50 0.70 4.81 1.00 0.00
0.50 0.70 4.99 1.00 0.00
0.50 0.70 5.16 1.00 0.00
0.50 0.70 5.34 1.00 0.00
0.50 0.70 5.51 1.00 0.00
0.50 0.70 5.68 1.00 0.00
0.50 0.70 5.86 1.00 0.00
0.50 0.70 6.03 1.00 0.00
0.50 0.70 6.21 1.00 0.00
0.50 0.70 6.38 1.00 0.00
0.50 0.70 6.56 1.00 0.00
0.50 0.70 6.73 1.00 0.00
0.50 0.70 6.91 1.00 0.00
0.50 0.70 7.08 1.00 0.00
0.50 0.70 7.26 1.00 0.00
0.50 0.70 7.43 1.00 0.00
0.50 0.70 7.60 1.00 0.00
0.70 0.70 4.66 1.00 0.00
0.70 0.70 4.84 1.00 0.00
0.70 0.70 5.01 1.00 0.00
0.70 0.70 5.19 1.00 0.00
0.70 0.70 5.36 1.00 0.00
0.70 0.70 5.53 1.00 0.00
0.70 0.70 5.71 1.00 0.00
0.70 0.70 5.88 1.00 0.00
0.70 0.70 6.06 1.00 0.00
0.70 0.70 6.23 1.00 0.00
0.70 0.70 6.41 1.00 0.00
0.70 0.70 6.58 1.00 0.00
0.70 0.70 6.76 1.00 0.00
0.70 0.70 6.93 1.00 0.00
0.70 0.70 7.11 1.00 0.00
0.70 0.70 7.28 1.00 0.00
0.70 0.70 7.45 1.00 0.00
0.70 0.70 7.63 1.00 0.00
0.90 0.70 4.69 1.00 0.00
0.90 0.70 4.86 1.00 0.00
0.90 0.70 5.04 1.00 0.00
0.90 0.70 5.21 1.00 0.00
0.90 0.70 5.39 1.00 0.00
0.90 0.70 5.56 1.00 0.00
0.90 0.70 5.73 1.00 0.00
0.90 0.70 5.91 1.00 0.00
0.90 0.70 6.08 1.00 0.00
0.90 0.70 6.26 1.00 0.00
0.90 0.70 6.43 1.00 0.00
0.90 0.70 6.61 1.00 0.00
0.90 0.70 6.78 1.00 0.00
0.90 0.70 6.96 1.00 0.00
0.90 0.70 7.13 1.00 0.00
0.90 0.70 7.31 1.00 0.00
0.90 0.70 7.48 1.00 0.00
0.90 0.70 7.65 1.00 0.00
1.10 0.70 4.72 1.00 0.00
1.10 0.70 4.89 1.00 0.00
1.10 0.70 5.06 1.00 0.00
1.10 0.70 5.24 1.00 0.00
1.10 0.70 5.41 1.00 0.00
1.10 0.70 5.59 1.00 0.00
1.10 0.70 5.76 1.00 0.00
1.10 0.70 5.94 1.00 0.00
1.10 0.70 6.11 1.00 0.00
1.10 0.70 6.29 1.00 0.00
1.10 0.70 6.46 1.00 0.00
1.10 0.70 6.64 1.00 0.00
1.10 0.70 6.81 1.00 0.00
1.10 0.70 6.98 1.00 0.00
1.10 0.70 7.16 1.00 0.00
1.10 0.70 7.33 1.00 0.00
1.10 0.70 7.51 1.00 0.00
1.10 0.70 7.68 1.00 0.00
0.30 0.87 4.62 1.00 0.00
0.30 0.87 4.80 1.00 0.00
0.30 0.87 4.97 1.00 0.00
0.30 0.87 5.15 1.00 0.00
0.30 0.87 5.32 1.00 0.00
0.30 0.87 5.49 1.00 0.00
0.30 0.87 5.67 1.00 0.00
0.30 0.87 5.84 1.00 0.00
0.30 0.87 6.02 1.00 0.00
0.30 0.87 6.19 1.00 0.00
0.30 0.87 6.37 1.00 0.00
0.30 0.87 6.54 1.00 0.00
0.30 0.87 6.72 1.00 0.00
0.30 0.87 6.89 1.00 0.00
0.30 0.87 7.07 1.00 0.00
0.30 0.87 7.24 1.00 0.00
0.30 0.87 7.41 1.00 0.00
0.30 0.87 7.59 1.00 0.00
0.50 0.87 4.65 1.00 0.00
0.50 0.87 4.82 1.00 0.00
0.50 0.87 5.00 1.00 0.00
0.50 0.87 5.17 1.00 0.00
0.50 0.87 5.35 1.00 0.00
0.50 0.87 5.52 1.00 0.00
0.50 0.87 5.70 1.00 0.00
0.50 0.87 5.87 1.00 0.00
0.50 0.87 6.05 1.00 0.00
0.50 0.87 6.22 1.00 0.00
0.50 0.87 6.40 1.00 0.00
0.50 0.87 6.57 1.00 0.00
0.50 0.87 6.74 1.00 0.00
0.50 0.87 6.92 1.00 0.00
0.50 0.87 7.09 1.00 0.00
0.50 0.87 7.27 1.00 0.00
0.50 0.87 7.44 1.00 0.00
0.50 0.87 7.62 1.00 0.00
0.70 0.87 4.68 1.00 0.00
0.70 0.87 4.85 1.00 0.00
0.70 0.87 5.03 1.00 0.00
0.70 0.87 5.20 1.00 0.00
0.70 0.87 5.38 1.00 0.00
0.70 0.87 5.55 1.00 0.00
0.70 0.87 5.73 1.00 0.00
0.70 0.87 5.90 1.00 0.00
0.70 0.87 6.08 1.00 0.00
0.70 0.87 6.25 1.00 0.00
0.70 0.87 6.43 1.00 0.00
0.70 0.87 6.60 1.00 0.00
0.70 0.87 6.77 1.00 0.00
0.70 0.87 6.95 1.00 0.00
0.70 0.87 7.12 1.00 0.00
0.70 0.87 7.30 1.00 0.00
0.70 0.87 7.47 1.00 0.00
0.70 0.87 7.65 1.00 0.00
0.90 0.87 4.71 1.00 0.00
0.90 0.87 4.89 1.00 0.00
0.90 0.87 5.06 1.00 0.00
0.90 0.87 5.24 1.00 0.00
0.90 0.87 5.41 1.00 0.00
0.90 0.87 5.58 1.00 0.00
0.90 0.87 5.76 1.00 0.00
0.90 0.87 5.93 1.00 0.00
0.90 0.87 6.11 1.00 0.00
0.90 0.87 6.28 1.00 0.00
0.90 0.87 6.46 1.00 0.00
0.90 0.87 6.63 1.00 0.00
0.90 0.87 6.81 1.00 0.00
0.90 0.87 6.98 1.00 0.00
0.90 0.87 7.16 1.00 0.00
0.90 0.87 7.33 1.00 0.00
0.90 0.87 7.50 1.00 0.00
0.90 0.87 7.68 1.00 0.00
1.10 0.87 4.75 1.00 0.00
1.10 0.87 4.92 1.00 0.00
1.10 0.87 5.09 1.00 0.00
1.10 0.87 5.27 1.00 0.00
1.10 0.87 5.44 1.00 0.00
1.10 0.87 5.62 1.00 0.00
1.10 0.87 5.79 1.00 0.00
1.10 0.87 5.97 1.00 0.00
1.10 0.87 6.14 1.00 0.00
1.10 0.87 6.32 1.00 0.00
1.10 0.87 6.49 1.00 0.00
1.10 0.87 6.66 1.00 0.00
1.10 0.87 6.84 1.00 0.00
1.10 0.87 7.01 1.00 0.00
1.10 0.87 7.19 1.00 0.00
1.10 0.87 7.36 1.00 0.00
1.10 0.87 7.54 1.00 0.00
1.10 0.87 7.71 1.00 0.00
0.30 1.05 4.63 1.00 0.00
0.30 1.05 4.80 1.00 0.00
0.30 1.05 4.98 1.00 0.00
0.30 1.05 5.15 1.00 0.00
0.30 1.05 5.33 1.00 0.00
0.30 1.05 5.50 1.00 0.00
0.30 1.05 5.68 1.00 0.00
0.30 1.05 5.85 1.00 0.00
0.30 1.05 6.02 1.00 0.00
0.30 1.05 6.20 1.00 0.00
0.30 1.05 6.37 1.00 0.00
0.30 1.05 6.55 1.00 0.00
0.30 1.05 6.72 1.00 0.00
0.30 1.05 6.90 1.00 0.00
0.30 1.05 7.07 1.00 0.00
0.30 1.05 7.25 1.00 0.00
0.30 1.05 7.42 1.00 0.00
0.30 1.05 7.60 1.00 0.00
0.50 1.05 4.66 1.00 0.00
0.50 1.05 4.84 1.00 0.00
0.50 1.05 5.01 1.00 0.00
0.50 1.05 5.18 1.00 0.00
0.50 1.05 5.36 1.00 0.00
0.50 1.05 5.53 1.00 0.00
0.50 1.05 5.71 1.00 0.00
0.50 1.05 5.88 1.00 0.00
0.50 1.05 6.06 1.00 0.00
0.50 1.05 6.23 1.00 0.00
0.50 1.05 6.41 1.00 0.00
0.50 1.05 6.58 1.00 0.00
0.50 1.05 6.76 1.00 0.00
0.50 1.05 6.93 1.00 0.00
0.50 1.05 7.10 1.00 0.00
0.50 1.05 7.28 1.00 0.00
0.50 1.05 7.45 1.00 0.00
0.50 1.05 7.63 1.00 0.00
0.70 1.05 4.70 1.00 0.00
0.70 1.05 4.87 1.00 0.00
0.70 1.05 5.04 1.00 0.00
0.70 1.05 5.22 1.00 0.00
0.70 1.05 5.39 1.00 0.00
0.70 1.05 5.57 1.00 0.00
0.70 1.05 5.74 1.00 0.00
0.70 1.05 5.92 1.00 0.00
0.70 1.05 6.09 1.00 0.00
0.70 1.05 6.27 1.00 0.00
0.70 1.05 6.44 1.00 0.00
0.70 1.05 6.61 1.00 0.00
0.70 1.05 6.79 1.00 0.00
0.70 1.05 6.96 1.00 0.00
0.70 1.05 7.14 1.00 0.00
0.70 1.05 7.31 1.00 0.00
0.70 1.05 7.49 1.00 0.00
0.70 1.05 7.66 1.00 0.00
0.90 1.05 4.73 1.00 0.00
0.90 1.05 4.90 1.00 0.00
0.90 1.05 5.08 1.00 0.00
0.90 1.05 5.25 1.00 0.00
0.90 1.05 5.43 1.00 0.00
0.90 1.05 5.60 1.00 0.00
0.90 1.05 5.78 1.00 0.00
0.90 1.05 5.95 1.00 0.00
0.90 1.05 6.13 1.00 0.00
0.90 1.05 6.30 1.00 0.00
0.90 1.05 6.48 1.00 0.00
0.90 1.05 6.65 1.00 0.00
0.90 1.05 6.82 1.00 0.00
0.90 1.05 7.00 1.00 0.00
0.90 1.05 7.17 1.00 0.00
0.90 1.05 7.35 1.00 0.00
0.90 1.05 7.52 1.00 0.00
0.90 1.05 7.70 1.00 0.00
1.10 1.05 4.77 1.00 0.00
1.10 1.05 4.94 1.00 0.00
1.10 1.05 5.12 1.00 0.00
1.10 1.05 5.29 1.00 0.00
1.10 1.05 5.47 1.00 0.00
1.10 1.05 5.64 1.00 0.00
1.10 1.05 5.81 1.00 0.00
1.10 1.05 5.99 1.00 0.00
1.10 1.05 6.16 1.00 0.00
1.10 1.05 6.34 1.00 0.00
1.10 1.05 6.51 1.00 0.00
1.10 1.05 6.69 1.00 0.00
1.10 1.05 6.86 1.00 0.00
1.10 1.05 7.04 1.00 0.00
1.10 1.05 7.21 1.00 0.00
1.10 1.05 7.39 1.00 0.00
1.10 1.05 7.56 1.00 0.00
1.10 1.05 7.73 1.00 0.00
0.30 1.22 4.63 1.00 0.00
0.30 1.22 4.81 1.00 0.00
0.30 1.22 4.98 1.00 0.00
0.30 1.22 5.16 1.00 0.00
0.30 1.22 5.33 1.00 0.00
0.30 1.22 5.51 1.00 0.00
0.30 1.22 5.68 1.00 0.00
0.30 1.22 5.86 1.00 0.00
0.30 1.22 6.03 1.00 0.00
0.30 1.22 6.20 1.00 0.00
0.30 1.22 6.38 1.00 0.00
0.30 1.22 6.55 1.00 0.00
0.30 1.22 6.73 1.00 0.00
0.30 1.22 6.90 1.00 0.00
0.30 1.22 7.08 1.00 0.00
0.30 1.22 7.25 1.00 0.00
0.30 1.22 7.43 1.00 0.00
0.30 1.22 7.60 1.00 0.00
0.50 1.22 4.67 1.00 0.00
0.50 1.22 4.84 1.00 0.00
0.50 1.22 5.02 1.00 0.00
0.50 1.22 5.19 1.00 0.00
0.50 1.22 5.37 1.00 0.00
0.50 1.22 5.54 1.00 0.00
0.50 1.22 5.72 1.00 0.00
0.50 1.22 5.89 1.00 0.00
0.50 1.22 6.07 1.00 0.00
0.50 1.22 6.24 1.00 0.00
0.50 1.22 6.41 1.00 0.00
0.50 1.22 6.59 1.00 0.00
0.50 1.22 6.76 1.00 0.00
0.50 1.22 6.94 1.00 0.00
0.50 1.22 7.11 1.00 0.00
0.50 1.22 7.29 1.00 0.00
0.50 1.22 7.46 1.00 0.00
0.50 1.22 7.64 1.00 0.00
0.70 1.22 4.71 1.00 0.00
0.70 1.22 4.88 1.00 0.00
0.70 1.22 5.05 1.00 0.00
0.70 1.22 5.23 1.00 0.00
0.70 1.22 5.40 1.00 0.00
0.70 1.22 5.58 1.00 0.00
0.70 1.22 5.75 1.00 0.00
0.70 1.22 5.93 1.00 0.00
0.70 1.22 6.10 1.00 0.00
0.70 1.22 6.28 1.00 0.00
0.70 1.22 6.45 1.00 0.00
0.70 1.22 6.63 1.00 0.00
0.70 1.22 6.80 1.00 0.00
0.70 1.22 6.97 1.00 0.00
0.70 1.22 7.15 1.00 0.00
0.70 1.22 7.32 1.00 0.00
0.70 1.22 7.50 1.00 0.00
0.70 1.22 7.67 1.00 0.00
0.90 1.22 4.74 1.00 0.00
0.90 1.22 4.92 1.00 0.00
0.90 1.22 5.09 1.00 0.00
0.90 1.22 5.27 1.00 0.00
0.90 1.22 5.44 1.00 0.00
0.90 1.22 5.62 1.00 0.00
0.90 1.22 5.79 1.00 0.00
0.90 1.22 5.96 1.00 0.00
0.90 1.22 6.14 1.00 0.00
0.90 1.22 6.31 1.00 0.00
0.90 1.22 6.49 1.00 0.00
0.90 1.22 6.66 1.00 0.00
0.90 1.22 6.84 1.00 0.00
0.90 1.22 7.01 1.00 0.00
0.90 1.22 7.19 1.00 0.00
0.90 1.22 7.36 1.00 0.00
0.90 1.22 7.54 1.00 0.00
0.90 1.22 7.71 1.00 0.00
1.10 1.22 4.78 1.00 0.00
1.10 1.22 4.96 1.00 0.00
1.10 1.22 5.13 1.00 0.00
1.10 1.22 5.31 1.00 0.00
1.10 1.22 5.48 1.00 0.00
1.10 1.22 5.65 1.00 0.00
1.10 1.22 5.83 1.00 0.00
1.10 1.22 6.00 1.00 0.00
1.10 1.22 6.18 1.00 0.00
1.10 1.22 6.35 1.00 0.00
1.10 1.22 6.53 1.00 0.00
1.10 1.22 6.70 1.00 0.00
1.10 1.22 6.88 1.00 0.00
1.10 1.22 7.05 1.00 0.00
1.10 1.22 7.23 1.00 0.00
1.10 1.22 7.40 1.00 0.00
1.10 1.22 7.57 1.00 0.00
1.10 1.22 7.75 1.00 0.00
0.30 1.40 4.64 1.00 0.00
0.30 1.40 4.81 1.00 0.00
0.30 1.40 4.99 1.00 0.00
0.30 1.40 5.16 1.00 0.00
0.30 1.40 5.34 1.00 0.00
0.30 1.40 5.51 1.00 0.00
0.30 1.40 5.68 1.00 0.00
0.30 1.40 5.86 1.00 0.00
0.30 1.40 6.03 1.00 0.00
0.30 1.40 6.21 1.00 0.00
0.30 1.40 6.38 1.00 0.00
0.30 1.40 6.56 1.00 0.00
0.30 1.40 6.73 1.00 0.00
0.30 1.40 6.91 1.00 0.00
0.30 1.40 7.08 1.00 0.00
0.30 1.40 7.25 1.00 0.00
0.30 1.40 7.43 1.00 0.00
0.30 1.40 7.60 1.00 0.00
0.50 1.40 4.67 1.00 0.00
0.50 1.40 4.85 1.00 0.00
0.50 1.40 5.02 1.00 0.00
0.50 1.40 5.20 1.00 0.00
0.50 1.40 5.37 1.00 0.00
0.50 1.40 5.55 1.00 0.00
0.50 1.40 5.72 1.00 0.00
0.50 1.40 5.90 1.00 0.00
0.50 1.40 6.07 1.00 0.00
0.50 1.40 6.24 1.00 0.00
0.50 1.40 6.42 1.00 0.00
0.50 1.40 6.59 1.00 0.00
0.50 1.40 6.77 1.00 0.00
0.50 1.40 6.94 1.00 0.00
0.50 1.40 7.12 1.00 0.00
0.50 1.40 7.29 1.00 0.00
0.50 1.40 7.47 1.00 0.00
0.50 1.40 7.64 1.00 0.00
0.70 1.40 4.71 1.00 0.00
0.70 1.40 4.89 1.00 0.00
0.70 1.40 5.06 1.00 0.00
0.70 1.40 5.24 1.00 0.00
0.70 1.40 5.41 1.00 0.00
0.70 1.40 5.58 1.00 0.00
0.70 1.40 5.76 1.00 0.00
0.70 1.40 5.93 1.00 0.00
0.70 1.40 6.11 1.00 0.00
0.70 1.40 6.28 1.00 0.00
0.70 1.40 6.46 1.00 0.00
0.70 1.40 6.63 1.00 0.00
0.70 1.40 6.81 1.00 0.00
0.70 1.40 6.98 1.00 0.00
0.70 1.40 7.16 1.00 0.00
0.70 1.40 7.33 1.00 0.00
0.70 1.40 7.50 1.00 0.00
0.70 1.40 7.68 1.00 0.00
0.90 1.40 4.75 1.00 0.00
0.90 1.40 4.92 1.00 0.00
0.90 1.40 5.10 1.00 0.00
0.90 1.40 5.27 1.00 0.00
0.90 1.40 5.45 1.00 0.00
0.90 1.40 5.62 1.00 0.00
0.90 1.40 5.80 1.00 0.00
0.90 1.40 5.97 1.00 0.00
0.90 1.40 6.15 1.00 0.00
0.90 1.40 6.32 1.00 0.00
0.90 1.40 6.50 1.00 0.00
0.90 1.40 6.67 1.00 0.00
0.90 1.40 6.84 1.00 0.00
0.90 1.40 7.02 1.00 0.00
0.90 1.40 7.19 1.00 0.00
0.90 1.40 7.37 1.00 0.00
0.90 1.40 7.54 1.00 0.00
0.90 1.40 7.72 1.00 0.00
1.10 1.40 4.79 1.00 0.00
1.10 1.40 4.96 1.00 0.00
1.10 1.40 5.14 1.00 0.00
1.10 1.40 5.31 1.00 0.00
1.10 1.40 5.49 1.00 0.00
1.10 1.40 5.66 1.00 0.00
1.10 1.40 5.84 1.00 0.00
1.10 1.40 6.01 1.00 0.00
1.10 1.40 6.19 1.00 0.00
1.10 1.40 6.36 1.00 0.00
1.10 1.40 6.53 1.00 0.00
1.10 1.40 6.71 1.00 0.00
1.10 1.40 6.88 1.00 0.00
1.10 1.40 7.06 1.00 0.00
1.10 1.40 7.23 1.00 0.00
1.10 1.40 7.41 1.00 0.00
1.10 1.40 7.58 1.00 0.00
1.10 1.40 7.76 1.00 0.00
0.30 1.57 4.64 1.00 0.00
0.30 1.57 4.81 1.00 0.00
0.30 1.57 4.99 1.00 0.00
0.30 1.57 5.16 1.00 0.00
0.30 1.57 5.34 1.00 0.00
0.30 1.57 5.51 1.00 0.00
0.30 1.57 5.69 1.00 0.00
0.30 1.57 5.86 1.00 0.00
0.30 1.57 6.03 1.00 0.00
0.30 1.57 6.21 1.00 0.00
0.30 1.57 6.38 1.00 0.00
0.30 1.57 6.56 1.00 0.00
0.30 1.57 6.73 1.00 0.00
0.30 1.57 6.91 1.00 0.00
0.30 1.57 7.08 1.00 0.00
0.30 1.57 7.26 1.00 0.00
0.30 1.57 7.43 1.00 0.00
0.30 1.57 7.61 1.00 0.00
0.50 1.57 4.68 1.00 0.00
0.50 1.57 4.85 1.00 0.00
0.50 1.57 5.03 1.00 0.00
0.50 1.57 5.20 1.00 0.00
0.50 1.57 5.37 1.00 0.00
0.50 1.57 5.55 1.00 0.00
0.50 1.57 5.72 1.00 0.00
0.50 1.57 5.90 1.00 0.00
0.50 1.57 6.07 1.00 0.00
0.50 1.57 6.25 1.00 0.00
0.50 1.57 6.42 1.00 0.00
0.50 1.57 6.60 1.00 0.00
0.50 1.57 6.77 1.00 0.00
0.50 1.57 6.95 1.00 0.00
0.50 1.57 7.12 1.00 0.00
0.50 1.57 7.29 1.00 0.00
0.50 1.57 7.47 1.00 0.00
0.50 1.57 7.64 1.00 0.00
0.70 1.57 4.71 1.00 0.00
0.70 1.57 4.89 1.00 0.00
0.70 1.57 5.06 1.00 0.00
0.70 1.57 5.24 1.00 0.00
0.70 1.57 5.41 1.00 0.00
0.70 1.57 5.59 1.00 0.00
0.70 1.57 5.76 1.00 0.00
0.70 1.57 5.94 1.00 0.00
0.70 1.57 6.11 1.00 0.00
0.70 1.57 6.28 1.00 0.00
0.70 1.57 6.46 1.00 0.00
0.70 1.57 6.63 1.00 0.00
0.70 1.57 6.81 1.00 0.00
0.70 1.57 6.98 1.00 0.00
0.70 1.57 7.16 1.00 0.00
0.70 1.57 7.33 1.00 0.00
0.70 1.57 7.51 1.00 0.00
0.70 1.57 7.68 1.00 0.00
0.90 1.57 4.75 1.00 0.00
0.90 1.57 4.93 1.00 0.00
0.90 1.57 5.10 1.00 0.00
0.90 1.57 5.28 1.00 0.00
0.90 1.57 5.45 1.00 0.00
0.90 1.57 5.62 1.00 0.00
0.90 1.57 5.80 1.00 0.00
0.90 1.57 5.97 1.00 0.00
0.90 1.57 6.15 1.00 0.00
0.90 1.57 6.32 1.00 0.00
0.90 1.57 6.50 1.00 0.00
0.90 1.57 6.67 1.00 0.00
0.90 1.57 6.85 1.00 0.00
0.90 1.57 7.02 1.00 0.00
0.90 1.57 7.20 1.00 0.00
0.90 1.57 7.37 1.00 0.00
0.90 1.57 7.54 1.00 0.00
0.90 1.57 7.72 1.00 0.00
1.10 1.57 4.79 1.00 0.00
1.10 1.57 4.96 1.00 0.00
1.10 1.57 5.14 1.00 0.00
1.10 1.57 5.31 1.00 0.00
1.10 1.57 5.49 1.00 0.00
1.10 1.57 5.66 1.00 0.00
1.10 1.57 5.84 1.00 0.00
1.10 1.57 6.01 1.00 0.00
1.10 1.57 6.19 1.00 0.00
1.10 1.57 6.36 1.00 0.00
1.10 1.57 6.53 1.00 0.00
1.10 1.57 6.71 1.00 0.00
1.10 1.57 6.88 1.00 0.00
1.10 1.57 7.06 1.00 0.00
1.10 1.57 7.23 1.00 0.00
1.10 1.57 7.41 1.00 0.00
1.10 1.57 7.58 1.00 0.00
1.10 1.57 7.76 1.00 0.00
0.30 1.75 4.64 1.00 0.00
0.30 1.75 4.81 1.00 0.00
0.30 1.75 4.99 1.00 0.00
0.30 1.75 5.16 1.00 0.00
0.30 1.75 5.34 1.00 0.00
0.30 1.75 5.51 1.00 0.00
0.30 1.75 5.69 1.00 0.00
0.30 1.75 5.86 1.00 0.00
0.30 1.75 6.03 1.00 0.00
0.30 1.75 6.21 1.00 0.00
0.30 1.75 6.38 1.00 0.00
0.30 1.75 6.56 1.00 0.00
0.30 1.75 6.73 1.00 0.00
0.30 1.75 6.91 1.00 0.00
0.30 1.75 7.08 1.00 0.00
0.30 1.75 7.26 1.00 0.00
0.30 1.75 7.43 1.00 0.00
0.30 1.75 7.61 1.00 0.00
0.50 1.75 4.68 1.00 0.00
0.50 1.75 4.85 1.00 0.00
0.50 1.75 5.02 1.00 0.00
0.50 1.75 5.20 1.00 0.00
0.50 1.75 5.37 1.00 0.00
0.50 1.75 5.55 1.00 0.00
0.50 1.75 5.72 1.00 0.00
0.50 1.75 5.90 1.00 0.00
0.50 1.75 6.07 1.00 0.00
0.50 1.75 6.25 1.00 0.00
0.50 1.75 6.42 1.00 0.00
0.50 1.75 6.60 1.00 0.00
0.50 1.75 6.77 1.00 0.00
0.50 1.75 6.94 1.00 0.00
0.50 1.75 7.12 1.00 0.00
0.50 1.75 7.29 1.00 0.00
0.50 1.75 7.47 1.00 0.00
0.50 1.75 7.64 1.00 0.00
0.70 1.75 4.71 1.00 0.00
0.70 1.75 4.89 1.00 0.00
0.70 1.75 5.06 1.00 0.00
0.70 1.75 5.24 1.00 0.00
0.70 1.75 5.41 1.00 0.00
0.70 1.75 5.58 1.00 0.00
0.70 1.75 5.76 1.00 0.00
0.70 1.75 5.93 1.00 0.00
0.70 1.75 6.11 1.00 0.00
0.70 1.75 6.28 1.00 0.00
0.70 1.75 6.46 1.00 0.00
0.70 1.75 6.63 1.00 0.00
0.70 1.75 6.81 1.00 0.00
0.70 1.75 6.98 1.00 0.00
0.70 1.75 7.16 1.00 0.00
0.70 1.75 7.33 1.00 0.00
0.70 1.75 7.50 1.00 0.00
0.70 1.75 7.68 1.00 0.00
0.90 1.75 4.75 1.00 0.00
0.90 1.75 4.92 1.00 0.00
0.90 1.75 5.10 1.00 0.00
0.90 1.75 5.27 1.00 0.00
0.90 1.75 5.45 1.00 0.00
0.90 1.75 5.62 1.00 0.00
0.90 1.75 5.80 1.00 0.00
0.90 1.75 5.97 1.00 0.00
0.90 1.75 6.14 1.00 0.00
0.90 1.75 6.32 1.00 0.00
0.90 1.75 6.49 1.00 0.00
0.90 1.75 6.67 1.00 0.00
0.90 1.75 6.84 1.00 0.00
0.90 1.75 7.02 1.00 0.00
0.90 1.75 7.19 1.00 0.00
0.90 1.75 7.37 1.00 0.00
0.90 1.75 7.54 1.00 0.00
0.90 1.75 7.71 1.00 0.00
1.10 1.75 4.78 1.00 0.00
1.10 1.75 4.96 1.00 0.00
1.10 1.75 5.13 1.00 0.00
1.10 1.75 5.31 1.00 0.00
1.10 1.75 5.48 1.00 0.00
1.10 1.75 5.66 1.00 0.00
1.10 1.75 5.83 1.00 0.00
1.10 1.75 6.01 1.00 0.00
1.10 1.75 6.18 1.00 0.00
1.10 1.75 6.35 1.00 0.00
1.10 1.75 6.53 1.00 0.00
1.10 1.75 6.70 1.00 0.00
1.10 1.75 6.88 1.00 0.00
1.10 1.75 7.05 1.00 0.00
1.10 1.75 7.23 1.00 0.00
1.10 1.75 7.40 1.00 0.00
1.10 1.75 7.58 1.00 0.00
1.10 1.75 7.75 1.00 0.00
0.30 1.92 4.64 1.00 0.00
0.30 1.92 4.81 1.00 0.00
0.30 1.92 4.99 1.00 0.00
0.30 1.92 5.16 1.00 0.00
0.30 1.92 5.33 1.00 0.00
0.30 1.92 5.51 1.00 0.00
0.30 1.92 5.68 1.00 0.00
0.30 1.92 5.86 1.00 0.00
0.30 1.92 6.03 1.00 0.00
0.30 1.92 6.21 1.00 0.00
0.30 1.92 6.38 1.00 0.00
0.30 1.92 6.56 1.00 0.00
0.30 1.92 6.73 1.00 0.00
0.30 1.92 6.91 1.00 0.00
0.30 1.92 7.08 1.00 0.00
0.30 1.92 7.25 1.00 0.00
0.30 1.92 7.43 1.00 0.00
0.30 1.92 7.60 1.00 0.00
0.50 1.92 4.67 1.00 0.00
0.50 1.92 4.85 1.00 0.00
0.50 1.92 5.02 1.00 0.00
0.50 1.92 5.20 1.00 0.00
0.50 1.92 5.37 1.00 0.00
0.50 1.92 5.54 1.00 0.00
0.50 1.92 5.72 1.00 0.00
0.50 1.92 5.89 1.00 0.00
0.50 1.92 6.07 1.00 0.00
0.50 1.92 6.24 1.00 0.00
0.50 1.92 6.42 1.00 0.00
0.50 1.92 6.59 1.00 0.00
0.50 1.92 6.77 1.00 0.00
0.50 1.92 6.94 1.00 0.00
0.50 1.92 7.12 1.00 0.00
0.50 1.92 7.29 1.00 0.00
0.50 1.92 7.46 1.00 0.00
0.50 1.92 7.64 1.00 0.00
0.70 1.92 4.71 1.00 0.00
0.70 1.92 4.88 1.00 0.00
0.70 1.92 5.06 1.00 0.00
0.70 1.92 5.23 1.00 0.00
0.70 1.92 5.40 1.00 0.00
0.70 1.92 5.58 1.00 0.00
0.70 1.92 5.75 1.00 0.00
0.70 1.92 5.93 1.00 0.00
0.70 1.92 6.10 1.00 0.00
0.70 1.92 6.28 1.00 0.00
0.70 1.92 6.45 1.00 0.00
0.70 1.92 6.63 1.00 0.00
0.70 1.92 6.80 1.00 0.00
0.70 1.92 6.98 1.00 0.00
0.70 1.92 7.15 1.00 0.00
0.70 1.92 7.32 1.00 0.00
0.70 1.92 7.50 1.00 0.00
0.70 1.92 7.67 1.00 0.00
0.90 1.92 4.74 1.00 0.00
0.90 1.92 4.91 1.00 0.00
0.90 1.92 5.09 1.00 0.00
0.90 1.92 5.26 1.00 0.00
0.90 1.92 5.44 1.00 0.00
0.90 1.92 5.61 1.00 0.00
0.90 1.92 5.79 1.00 0.00
0.90 1.92 5.96 1.00 0.00
0.90 1.92 6.14 1.00 0.00
0.90 1.92 6.31 1.00 0.00
0.90 1.92 6.49 1.00 0.00
0.90 1.92 6.66 1.00 0.00
0.90 1.92 6.83 1.00 0.00
0.90 1.92 7.01 1.00 0.00
0.90 1.92 7.18 1.00 0.00
0.90 1.92 7.36 1.00 0.00
0.90 1.92 7.53 1.00 0.00
0.90 1.92 7.71 1.00 0.00
1.10 1.92 4.77 1.00 0.00
1.10 1.92 4.95 1.00 0.00
1.10 1.92 5.12 1.00 0.00
1.10 1.92 5.30 1.00 0.00
1.10 1.92 5.47 1.00 0.00
1.10 1.92 5.65 1.00 0.00
1.10 1.92 5.82 1.00 0.00
1.10 1.92 5.99 1.00 0.00
1.10 1.92 6.17 1.00 0.00
1.10 1.92 6.34 1.00 0.00
1.10 1.92 6.52 1.00 0.00
1.10 1.92 6.69 1.00 0.00
1.10 1.92 6.87 1.00 0.00
1.10 1.92 7.04 1.00 0.00
1.10 1.92 7.22 1.00 0.00
1.10 1.92 7.39 1.00 0.00
1.10 1.92 7.56 1.00 0.00
1.10 1.92 7.74 1.00 0.00
0.30 2.09 4.63 1.00 0.00
0.30 2.09 4.81 1.00 0.00
0.30 2.09 4.98 1.00 0.00
0.30 2.09 5.16 1.00 0.00
0.30 2.09 5.33 1.00 0.00
0.30 2.09 5.51 1.00 0.00
0.30 2.09 5.68 1.00 0.00
0.30 2.09 5.85 1.00 0.00
0.30 2.09 6.03 1.00 0.00
0.30 2.09 6.20 1.00 0.00
0.30 2.09 6.38 1.00 0.00
0.30 2.09 6.55 1.00 0.00
0.30 2.09 6.73 1.00 0.00
0.30 2.09 6.90 1.00 0.00
0.30 2.09 7.08 1.00 0.00
0.30 2.09 7.25 1.00 0.00
0.30 2.09 7.43 1.00 0.00
0.30 2.09 7.60 1.00 0.00
0.50 2.09 4.67 1.00 0.00
0.50 2.09 4.84 1.00 0.00
0.50 2.09 5.01 1.00 0.00
0.50 2.09 5.19 1.00 0.00
0.50 2.09 5.36 1.00 0.00
0.50 2.09 5.54 1.00 0.00
0.50 2.09 5.71 1.00 0.00
0.50 2.09 5.89 1.00 0.00
0.50 2.09 6.06 1.00 0.00
0.50 2.09 6.24 1.00 0.00
0.50 2.09 6.41 1.00 0.00
0.50 2.09 6.59 1.00 0.00
0.50 2.09 6.76 1.00 0.00
0.50 2.09 6.93 1.00 0.00
0.50 2.09 7.11 1.00 0.00
0.50 2.09 7.28 1.00 0.00
0.50 2.09 7.46 1.00 0.00
0.50 2.09 7.63 1.00 0.00
0.70 2.09 4.70 1.00 0.00
0.70 2.09 4.87 1.00 0.00
0.70 2.09 5.05 1.00 0.00
0.70 2.09 5.22 1.00 0.00
0.70 2.09 5.40 1.00 0.00
0.70 2.09 5.57 1.00 0.00
0.70 2.09 5.74 1.00 0.00
0.70 2.09 5.92 1.00 0.00
0.70 2.09 6.09 1.00 0.00
0.70 2.09 6.27 1.00 0.00
0.70 2.09 6.44 1.00 0.00
0.70 2.09 6.62 1.00 0.00
0.70 2.09 6.79 1.00 0.00
0.70 2.09 6.97 1.00 0.00
0.70 2.09 7.14 1.00 0.00
0.70 2.09 7.32 1.00 0.00
0.70 2.09 7.49 1.00 0.00
0.70 2.09 7.66 1.00 0.00
0.90 2.09 4.73 1.00 0.00
0.90 2.09 4.90 1.00 0.00
0.90 2.09 5.08 1.00 0.00
0.90 2.09 5.25 1.00 0.00
0.90 2.09 5.43 1.00 0.00
0.90 2.09 5.60 1.00 0.00
0.90 2.09 5.77 1.00 0.00
0.90 2.09 5.95 1.00 0.00
0.90 2.09 6.12 1.00 0.00
0.90 2.09 6.30 1.00 0.00
0.90 2.09 6.47 1.00 0.00
0.90 2.09 6.65 1.00 0.00
0.90 2.09 6.82 1.00 0.00
0.90 2.09 7.00 1.00 0.00
0.90 2.09 7.17 1.00 0.00
0.90 2.09 7.35 1.00 0.00
0.90 2.09 7.52 1.00 0.00
0.90 2.09 7.69 1.00 0.00
1.10 2.09 4.76 1.00 0.00
1.10 2.09 4.93 1.00 0.00
1.10 2.09 5.11 1.00 0.00
1.10 2.09 5.28 1.00 0.00
1.10 2.09 5.45 1.00 0.00
1.10 2.09 5.63 1.00 0.00
1.10 2.09 5.80 1.00 0.00
1.10 2.09 5.98 1.00 0.00
1.10 2.09 6.15 1.00 0.00
1.10 2.09 6.33 1.00 0.00
1.10 2.09 6.50 1.00 0.00
1.10 2.09 6.68 1.00 0.00
1.10 2.09 6.85 1.00 0.00
1.10 2.09 7.03 1.00 0.00
1.10 2.09 7.20 1.00 0.00
1.10 2.09 7.37 1.00 0.00
1.10 2.09 7.55 1.00 0.00
1.10 2.09 7.72 1.00 0.00
0.30 2.27 4.63 1.00 0.00
0.30 2.27 4.80 1.00 0.00
0.30 2.27 4.98 1.00 0.00
0.30 2.27 5.15 1.00 0.00
0.30 2.27 5.33 1.00 0.00
0.30 2.27 5.50 1.00 0.00
0.30 2.27 5.68 1.00 0.00
0.30 2.27 5.85 1.00 0.00
0.30 2.27 6.02 1.00 0.00
0.30 2.27 6.20 1.00 0.00
0.30 2.27 6.37 1.00 0.00
0.30 2.27 6.55 1.00 0.00
0.30 2.27 6.72 1.00 0.00
0.30 2.27 6.90 1.00 0.00
0.30 2.27 7.07 1.00 0.00
0.30 2.27 7.25 1.00 0.00
0.30 2.27 7.42 1.00 0.00
0.30 2.27 7.60 1.00 0.00
0.50 2.27 4.66 1.00 0.00
0.50 2.27 4.83 1.00 0.00
0.50 2.27 5.01 1.00 0.00
0.50 2.27 5.18 1.00 0.00
0.50 2.27 5.36 1.00 0.00
0.50 2.27 5.53 1.00 0.00
0.50 2.27 5.70 1.00 0.00
0.50 2.27 5.88 1.00 0.00
0.50 2.27 6.05 1.00 0.00
0.50 2.27 6.23 1.00 0.00
0.50 2.27 6.40 1.00 0.00
0.50 2.27 6.58 1.00 0.00
0.50 2.27 6.75 1.00 0.00
0.50 2.27 6.93 1.00 0.00
0.50 2.27 7.10 1.00 0.00
0.50 2.27 7.28 1.00 0.00
0.50 2.27 7.45 1.00 0.00
0.50 2.27 7.62 1.00 0.00
0.70 2.27 4.69 1.00 0.00
0.70 2.27 4.86 1.00 0.00
0.70 2.27 5.03 1.00 0.00
0.70 2.27 5.21 1.00 0.00
0.70 2.27 5.38 1.00 0.00
0.70 2.27 5.56 1.00 0.00
0.70 2.27 5.73 1.00 0.00
0.70 2.27 5.91 1.00 0.00
0.70 2.27 6.08 1.00 0.00
0.70 2.27 6.26 1.00 0.00
0.70 2.27 6.43 1.00 0.00
0.70 2.27 6.61 1.00 0.00
0.70 2.27 6.78 1.00 0.00
0.70 2.27 6.95 1.00 0.00
0.70 2.27 7.13 1.00 0.00
0.70 2.27 7.30 1.00 0.00
0.70 2.27 7.48 1.00 0.00
0.70 2.27 7.65 1.00 0.00
0.90 2.27 4.71 1.00 0.00
0.90 2.27 4.89 1.00 0.00
0.90 2.27 5.06 1.00 0.00
0.90 2.27 5.24 1.00 0.00
0.90 2.27 5.41 1.00 0.00
0.90 2.27 5.58 1.00 0.00
0.90 2.27 5.76 1.00 0.00
0.90 2.27 5.93 1.00 0.00
0.90 2.27 6.11 1.00 0.00
0.90 2.27 6.28 1.00 0.00
0.90 2.27 6.46 1.00 0.00
0.90 2.27 6.63 1.00 0.00
0.90 2.27 6.81 1.00 0.00
0.90 2.27 6.98 1.00 0.00
0.90 2.27 7.16 1.00 0.00
0.90 2.27 7.33 1.00 0.00
0.90 2.27 7.50 1.00 0.00
0.90 2.27 7.68 1.00 0.00
1.10 2.27 4.74 1.00 0.00
1.10 2.27 4.91 1.00 0.00
1.10 2.27 5.09 1.00 0.00
1.10 2.27 5.26 1.00 0.00
1.10 2.27 5.44 1.00 0.00
1.10 2.27 5.61 1.00 0.00
1.10 2.27 5.78 1.00 0.00
1.10 2.27 5.96 1.00 0.00
1.10 2.27 6.13 1.00 0.00
1.10 2.27 6.31 1.00 0.00
1.10 2.27 6.48 1.00 0.00
1.10 2.27 6.66 1.00 0.00
1.10 2.27 6.83 1.00 0.00
1.10 2.27 7.01 1.00 0.00
1.10 2.27 7.18 1.00 0.00
1.10 2.27 7.36 1.00 0.00
1.10 2.27 7.53 1.00 0.00
1.10 2.27 7.70 1.00 0.00
0.30 2.44 4.62 1.00 0.00
0.30 2.44 4.80 1.00 0.00
0.30 2.44 4.97 1.00 0.00
0.30 2.44 5.15 1.00 0.00
0.30 2.44 5.32 1.00 0.00
0.30 2.44 5.50 1.00 0.00
0.30 2.44 5.67 1.00 0.00
0.30 2.44 5.84 1.00 0.00
0.30 2.44 6.02 1.00 0.00
0.30 2.44 6.19 1.00 0.00
0.30 2.44 6.37 1.00 0.00
0.30 2.44 6.54 1.00 0.00
0.30 2.44 6.72 1.00 0.00
0.30 2.44 6.89 1.00 0.00
0.30 2.44 7.07 1.00 0.00
0.30 2.44 7.24 1.00 0.00
0.30 2.44 7.41 1.00 0.00
0.30 2.44 7.59 1.00 0.00
0.50 2.44 4.65 1.00 0.00
0.50 2.44 4.82 1.00 0.00
0.50 2.44 5.00 1.00 0.00
0.50 2.44 5.17 1.00 0.00
0.50 2.44 5.35 1.00 0.00
0.50 2.44 5.52 1.00 0.00
0.50 2.44 5.69 1.00 0.00
0.50 2.44 5.87 1.00 0.00
0.50 2.44 6.04 1.00 0.00
0.50 2.44 6.22 1.00 0.00
0.50 2.44 6.39 1.00 0.00
0.50 2.44 6.57 1.00 0.00
0.50 2.44 6.74 1.00 0.00
0.50 2.44 6.92 1.00 0.00
0.50 2.44 7.09 1.00 0.00
0.50 2.44 7.27 1.00 0.00
0.50 2.44 7.44 1.00 0.00
0.50 2.44 7.61 1.00 0.00
0.70 2.44 4.67 1.00 0.00
0.70 2.44 4.85 1.00 0.00
0.70 2.44 5.02 1.00 0.00
0.70 2.44 5.19 1.00 0.00
0.70 2.44 5.37 1.00 0.00
0.70 2.44 5.54 1.00 0.00
0.70 2.44 5.72 1.00 0.00
0.70 2.44 5.89 1.00 0.00
0.70 2.44 6.07 1.00 0.00
0.70 2.44 6.24 1.00 0.00
0.70 2.44 6.42 1.00 0.00
0.70 2.44 6.59 1.00 0.00
0.70 2.44 6.77 1.00 0.00
0.70 2.44 6.94 1.00 0.00
0.70 2.44 7.11 1.00 0.00
0.70 2.44 7.29 1.00 0.00
0.70 2.44 7.46 1.00 0.00
0.70 2.44 7.64 1.00 0.00
0.90 2.44 4.69 1.00 0.00
0.90 2.44 4.87 1.00 0.00
0.90 2.44 5.04 1.00 0.00
0.90 2.44 5.22 1.00 0.00
0.90 2.44 5.39 1.00 0.00
0.90 2.44 5.57 1.00 0.00
0.90 2.44 5.74 1.00 0.00
0.90 2.44 5.92 1.00 0.00
0.90 2.44 6.09 1.00 0.00
0.90 2.44 6.26 1.00 0.00
0.90 2.44 6.44 1.00 0.00
0.90 2.44 6.61 1.00 0.00
0.90 2.44 6.79 1.00 0.00
0.90 2.44 6.96 1.00 0.00
0.90 2.44 7.14 1.00 0.00
0.90 2.44 7.31 1.00 0.00
0.90 2.44 7.49 1.00 0.00
0.90 2.44 7.66 1.00 0.00
1.10 2.44 4.71 1.00 0.00
1.10 2.44 4.89 1.00 0.00
1.10 2.44 5.06 1.00 0.00
1.10 2.44 5.24 1.00 0.00
1.10 2.44 5.41 1.00 0.00
1.10 2.44 5.59 1.00 0.00
1.10 2.44 5.76 1.00 0.00
1.10 2.44 5.94 1.00 0.00
1.10 2.44 6.11 1.00 0.00
1.10 2.44 6.29 1.00 0.00
1.10 2.44 6.46 1.00 0.00
1.10 2.44 6.63 1.00 0.00
1.10 2.44 6.81 1.00 0.00
1.10 2.44 6.98 1.00 0.00
1.10 2.44 7.16 1.00 0.00
1.10 2.44 7.33 1.00 0.00
1.10 2.44 7.51 1.00 0.00
1.10 2.44 7.68 1.00 0.00
0.30 2.62 4.62 1.00 0.00
0.30 2.62 4.79 1.00 0.00
0.30 2.62 4.96 1.00 0.00
0.30 2.62 5.14 1.00 0.00
0.30 2.62 5.31 1.00 0.00
0.30 2.62 5.49 1.00 0.00
0.30 2.62 5.66 1.00 0.00
0.30 2.62 5.84 1.00 0.00
0.30 2.62 6.01 1.00 0.00
0.30 2.62 6.19 1.00 0.00
0.30 2.62 6.36 1.00 0.00
0.30 2.62 6.54 1.00 0.00
0.30 2.62 6.71 1.00 0.00
0.30 2.62 6.88 1.00 0.00
0.30 2.62 7.06 1.00 0.00
0.30 2.62 7.23 1.00 0.00
0.30 2.62 7.41 1.00 0.00
0.30 2.62 7.58 1.00 0.00
0.50 2.62 4.64 1.00 0.00
0.50 2.62 4.81 1.00 0.00
0.50 2.62 4.98 1.00 0.00
0.50 2.62 5.16 1.00 0.00
0.50 2.62 5.33 1.00 0.00
0.50 2.62 5.51 1.00 0.00
0.50 2.62 5.68 1.00 0.00
0.50 2.62 5.86 1.00 0.00
0.50 2.62 6.03 1.00 0.00
0.50 2.62 6.21 1.00 0.00
0.50 2.62 6.38 1.00 0.00
0.50 2.62 6.56 1.00 0.00
0.50 2.62 6.73 1.00 0.00
0.50 2.62 6.90 1.00 0.00
0.50 2.62 7.08 1.00 0.00
0.50 2.62 7.25 1.00 0.00
0.50 2.62 7.43 1.00 0.00
0.50 2.62 7.60 1.00 0.00
0.70 2.62 4.65 1.00 0.00
0.70 2.62 4.83 1.00 0.00
0.70 2.62 5.00 1.00 0.00
0.70 2.62 5.18 1.00 0.00
0.70 2.62 5.35 1.00 0.00
0.70 2.62 5.53 1.00 0.00
0.70 2.62 5.70 1.00 0.00
0.70 2.62 5.88 1.00 0.00
0.70 2.62 6.05 1.00 0.00
0.70 2.62 6.23 1.00 0.00
0.70 2.62 6.40 1.00 0.00
0.70 2.62 6.57 1.00 0.00
0.70 2.62 6.75 1.00 0.00
0.70 2.62 6.92 1.00 0.00
0.70 2.62 7.10 1.00 0.00
0.70 2.62 7.27 1.00 0.00
0.70 2.62 7.45 1.00 0.00
0.70 2.62 7.62 1.00 0.00
0.90 2.62 4.67 1.00 0.00
0.90 2.62 4.85 1.00 0.00
0.90 2.62 5.02 1.00 0.00
0.90 2.62 5.20 1.00 0.00
0.90 2.62 5.37 1.00 0.00
0.90 2.62 5.55 1.00 0.00
0.90 2.62 5.72 1.00 0.00
0.90 2.62 5.89 1.00 0.00
0.90 2.62 6.07 1.00 0.00
0.90 2.62 6.24 1.00 0.00
0.90 2.62 6.42 1.00 0.00
0.90 2.62 6.59 1.00 0.00
0.90 2.62 6.77 1.00 0.00
0.90 2.62 6.94 1.00 0.00
0.90 2.62 7.12 1.00 0.00
0.90 2.62 7.29 1.00 0.00
0.90 2.62 7.47 1.00 0.00
0.90 2.62 7.64 1.00 0.00
1.10 2.62 4.69 1.00 0.00
1.10 2.62 4.86 1.00 0.00
1.10 2.62 5.04 1.00 0.00
1.10 2.62 5.21 1.00 0.00
1.10 2.62 5.39 1.00 0.00
1.10 2.62 5.56 1.00 0.00
1.10 2.62 5.74 1.00 0.00
1.10 2.62 5.91 1.00 0.00
1.10 2.62 6.09 1.00 0.00
1.10 2.62 6.26 1.00 0.00
1.10 2.62 6.43 1.00 0.00
1.10 2.62 6.61 1.00 0.00
1.10 2.62 6.78 1.00 0.00
1.10 2.62 6.96 1.00 0.00
1.10 2.62 7.13 1.00 0.00
1.10 2.62 7.31 1.00 0.00
1.10 2.62 7.48 1.00 0.00
1.10 2.62 7.66 1.00 0.00
0.30 2.79 4.61 1.00 0.00
0.30 2.79 4.78 1.00 0.00
0.30 2.79 4.96 1.00 0.00
0.30 2.79 5.13 1.00 0.00
0.30 2.79 5.31 1.00 0.00
0.30 2.79 5.48 1.00 0.00
0.30 2.79 5.65 1.00 0.00
0.30 2.79 5.83 1.00 0.00
0.30 2.79 6.00 1.00 0.00
0.30 2.79 6.18 1.00 0.00
0.30 2.79 6.35 1.00 0.00
0.30 2.79 6.53 1.00 0.00
0.30 2.79 6.70 1.00 0.00
0.30 2.79 6.88 1.00 0.00
0.30 2.79 7.05 1.00 0.00
0.30 2.79 7.23 1.00 0.00
0.30 2.79 7.40 1.00 0.00
0.30 2.79 7.57 1.00 0.00
0.50 2.79 4.62 1.00 0.00
0.50 2.79 4.80 1.00 0.00
0.50 2.79 4.97 1.00 0.00
0.50 2.79 5.15 1.00 0.00
0.50 2.79 5.32 1.00 0.00
0.50 2.79 5.49 1.00 0.00
0.50 2.79 5.67 1.00 0.00
0.50 2.79 5.84 1.00 0.00
0.50 2.79 6.02 1.00 0.00
0.50 2.79 6.19 1.00 0.00
0.50 2.79 6.37 1.00 0.00
0.50 2.79 6.54 1.00 0.00
0.50 2.79 6.72 1.00 0.00
0.50 2.79 6.89 1.00 0.00
0.50 2.79 7.07 1.00 0.00
0.50 2.79 7.24 1.00 0.00
0.50 2.79 7.41 1.00 0.00
0.50 2.79 7.59 1.00 0.00
0.70 2.79 4.64 1.00 0.00
0.70 2.79 4.81 1.00 0.00
0.70 2.79 4.99 1.00 0.00
0.70 2.79 5.16 1.00 0.00
0.70 2.79 5.33 1.00 0.00
0.70 2.79 5.51 1.00 0.00
0.70 2.79 5.68 1.00 0.00
0.70 2.79 5.86 1.00 0.00
0.70 2.79 6.03 1.00 0.00
0.70 2.79 6.21 1.00 0.00
0.70 2.79 6.38 1.00 0.00
0.70 2.79 6.56 1.00 0.00
0.70 2.79 6.73 1.00 0.00
0.70 2.79 6.91 1.00 0.00
0.70 2.79 7.08 1.00 0.00
0.70 2.79 7.25 1.00 0.00
0.70 2.79 7.43 1.00 0.00
0.70 2.79 7.60 1.00 0.00
0.90 2.79 4.65 1.00 0.00
0.90 2.79 4.82 1.00 0.00
0.90 2.79 5.00 1.00 0.00
0.90 2.79 5.17 1.00 0.00
0.90 2.79 5.35 1.00 0.00
0.90 2.79 5.52 1.00 0.00
0.90 2.79 5.70 1.00 0.00
0.90 2.79 5.87 1.00 0.00
0.90 2.79 6.05 1.00 0.00
0.90 2.79 6.22 1.00 0.00
0.90 2.79 6.40 1.00 0.00
0.90 2.79 6.57 1.00 0.00
0.90 2.79 6.74 1.00 0.00
0.90 2.79 6.92 1.00 0.00
0.90 2.79 7.09 1.00 0.00
0.90 2.79 7.27 1.00 0.00
0.90 2.79 7.44 1.00 0.00
0.90 2.79 7.62 1.00 0.00
1.10 2.79 4.66 1.00 0.00
1.10 2.79 4.84 1.00 0.00
1.10 2.79 5.01 1.00 0.00
1.10 2.79 5.19 1.00 0.00
1.10 2.79 5.36 1.00 0.00
1.10 2.79 5.54 1.00 0.00
1.10 2.79 5.71 1.00 0.00
1.10 2.79 5.88 1.00 0.00
1.10 2.79 6.06 1.00 0.00
1.10 2.79 6.23 1.00 0.00
1.10 2.79 6.41 1.00 0.00
1.10 2.79 6.58 1.00 0.00
1.10 2.79 6.76 1.00 0.00
1.10 2.79 6.93 1.00 0.00
1.10 2.79 7.11 1.00 0.00
1.10 2.79 7.28 1.00 0.00
1.10 2.79 7.46 1.00 0.00
1.10 2.79 7.63 1.00 0.00
0.30 2.97 4.60 1.00 0.00
0.30 2.97 4.77 1.00 0.00
0.30 2.97 4.95 1.00 0.00
0.30 2.97 5.12 1.00 0.00
0.30 2.97 5.30 1.00 0.00
0.30 2.97 5.47 1.00 0.00
0.30 2.97 5.65 1.00 0.00
0.30 2.97 5.82 1.00 0.00
0.30 2.97 5.99 1.00 0.00
0.30 2.97 6.17 1.00 0.00
0.30 2.97 6.34 1.00 0.00
0.30 2.97 6.52 1.00 0.00
0.30 2.97 6.69 1.00 0.00
0.30 2.97 6.87 1.00 0.00
0.30 2.97 7.04 1.00 0.00
0.30 2.97 7.22 1.00 0.00
0.30 2.97 7.39 1.00 0.00
0.30 2.97 7.57 1.00 0.00
0.50 2.97 4.61 1.00 0.00
0.50 2.97 4.78 1.00 0.00
0.50 2.97 4.96 1.00 0.00
0.50 2.97 5.13 1.00 0.00
0.50 2.97 5.31 1.00 0.00
0.50 2.97 5.48 1.00 0.00
0.50 2.97 5.66 1.00 0.00
0.50 2.97 5.83 1.00 0.00
0.50 2.97 6.00 1.00 0.00
0.50 2.97 6.18 1.00 0.00
0.50 2.97 6.35 1.00 0.00
0.50 2.97 6.53 1.00 0.00
0.50 2.97 6.70 1.00 0.00
0.50 2.97 6.88 1.00 0.00
0.50 2.97 7.05 1.00 0.00
0.50 2.97 7.23 1.00 0.00
0.50 2.97 7.40 1.00 0.00
0.50 2.97 7.58 1.00 0.00
0.70 2.97 4.62 1.00 0.00
0.70 2.97 4.79 1.00 0.00
0.70 2.97 4.97 1.00 0.00
0.70 2.97 5.14 1.00 0.00
0.70 2.97 5.32 1.00 0.00
0.70 2.97 5.49 1.00 0.00
0.70 2.97 5.66 1.00 0.00
0.70 2.97 5.84 1.00 0.00
0.70 2.97 6.01 1.00 0.00
0.70 2.97 6.19 1.00 0.00
0.70 2.97 6.36 1.00 0.00
0.70 2.97 6.54 1.00 0.00
0.70 2.97 6.71 1.00 0.00
0.70 2.97 6.89 1.00 0.00
0.70 2.97 7.06 1.00 0.00
0.70 2.97 7.24 1.00 0.00
0.70 2.97 7.41 1.00 0.00
0.70 2.97 7.58 1.00 0.00
0.90 2.97 4.63 1.00 0.00
0.90 2.97 4.80 1.00 0.00
0.90 2.97 4.98 1.00 0.00
0.90 2.97 5.15 1.00 0.00
0.90 2.97 5.32 1.00 0.00
0.90 2.97 5.50 1.00 0.00
0.90 2.97 5.67 1.00 0.00
0.90 2.97 5.85 1.00 0.00
0.90 2.97 6.02 1.00 0.00
0.90 2.97 6.20 1.00 0.00
0.90 2.97 6.37 1.00 0.00
0.90 2.97 6.55 1.00 0.00
0.90 2.97 6.72 1.00 0.00
0.90 2.97 6.89 1.00 0.00
0.90 2.97 7.07 1.00 0.00
0.90 2.97 7.24 1.00 0.00
0.90 2.97 7.42 1.00 0.00
0.90 2.97 7.59 1.00 0.00
1.10 2.97 4.63 1.00 0.00
1.10 2.97 4.81 1.00 0.00
1.10 2.97 4.98 1.00 0.00
1.10 2.97 5.16 1.00 0.00
1.10 2.97 5.33 1.00 0.00
1.10 2.97 5.51 1.00 0.00
1.10 2.97 5.68 1.00 0.00
1.10 2.97 5.86 1.00 0.00
1.10 2.97 6.03 1.00 0.00
1.10 2.97 6.20 1.00 0.00
1.10 2.97 6.38 1.00 0.00
1.10 2.97 6.55 1.00 0.00
1.10 2.97 6.73 1.00 0.00
1.10 2.97 6.90 1.00 0.00
1.10 2.97 7.08 1.00 0.00
1.10 2.97 7.25 1.00 0.00
1.10 2.97 7.43 1.00 0.00
1.10 2.97 7.60 1.00 0.00
0.30 3.14 4.59 1.00 0.00
0.30 3.14 4.76 1.00 0.00
0.30 3.14 4.94 1.00 0.00
0.30 3.14 5.11 1.00 0.00
0.30 3.14 5.29 1.00 0.00
0.30 3.14 5.46 1.00 0.00
0.30 3.14 5.64 1.00 0.00
0.30 3.14 5.81 1.00 0.00
0.30 3.14 5.99 1.00 0.00
0.30 3.14 6.16 1.00 0.00
0.30 3.14 6.33 1.00 0.00
0.30 3.14 6.51 1.00 0.00
0.30 3.14 6.68 1.00 0.00
0.30 3.14 6.86 1.00 0.00
0.30 3.14 7.03 1.00 0.00
0.30 3.14 7.21 1.00 0.00
0.30 3.14 7.38 1.00 0.00
0.30 3.14 7.56 1.00 0.00
0.50 3.14 4.59 1.00 0.00
0.50 3.14 4.77 1.00 0.00
0.50 3.14 4.94 1.00 0.00
0.50 3.14 5.12 1.00 0.00
0.50 3.14 5.29 1.00 0.00
0.50 3.14 5.47 1.00 0.00
0.50 3.14 5.64 1.00 0.00
0.50 3.14 5.82 1.00 0.00
0.50 3.14 5.99 1.00 0.00
0.50 3.14 6.16 1.00 0.00
0.50 3.14 6.34 1.00 0.00
0.50 3.14 6.51 1.00 0.00
0.50 3.14 6.69 1.00 0.00
0.50 3.14 6.86 1.00 0.00
0.50 3.14 7.04 1.00 0.00
0.50 3.14 7.21 1.00 0.00
0.50 3.14 7.39 1.00 0.00
0.50 3.14 7.56 1.00 0.00
0.70 3.14 4.60 1.00 0.00
0.70 3.14 4.77 1.00 0.00
0.70 3.14 4.95 1.00 0.00
0.70 3.14 5.12 1.00 0.00
0.70 3.14 5.30 1.00 0.00
0.70 3.14 5.47 1.00 0.00
0.70 3.14 5.64 1.00 0.00
0.70 3.14 5.82 1.00 0.00
0.70 3.14 5.99 1.00 0.00
0.70 3.14 6.17 1.00 0.00
0.70 3.14 6.34 1.00 0.00
0.70 3.14 6.52 1.00 0.00
0.70 3.14 6.69 1.00 0.00
0.70 3.14 6.87 1.00 0.00
0.70 3.14 7.04 1.00 0.00
0.70 3.14 7.22 1.00 0.00
0.70 3.14 7.39 1.00 0.00
0.70 3.14 7.56 1.00 0.00
0.90 3.14 4.60 1.00 0.00
0.90 3.14 4.78 1.00 0.00
0.90 3.14 4.95 1.00 0.00
0.90 3.14 5.12 1.00 0.00
0.90 3.14 5.30 1.00 0.00
0.90 3.14 5.47 1.00 0.00
0.90 3.14 5.65 1.00 0.00
0.90 3.14 5.82 1.00 0.00
0.90 3.14 6.00 1.00 0.00
0.90 3.14 6.17 1.00 0.00
0.90 3.14 6.35 1.00 0.00
0.90 3.14 6.52 1.00 0.00
0.90 3.14 6.70 1.00 0.00
0.90 3.14 6.87 1.00 0.00
0.90 3.14 7.04 1.00 0.00
0.90 3.14 7.22 1.00 0.00
0.90 3.14 7.39 1.00 0.00
0.90 3.14 7.57 1.00 0.00
1.10 3.14 4.60 1.00 0.00
1.10 3.14 4.78 1.00 0.00
1.10 3.14 4.95 1.00 0.00
1.10 3.14 5.13 1.00 0.00
1.10 3.14 5.30 1.00 0.00
1.10 3.14 5.48 1.00 0.00
1.10 3.14 5.65 1.00 0.00
1.10 3.14 5.83 1.00 0.00
1.10 3.14 6.00 1.00 0.00
1.10 3.14 6.18 1.00 0.00
1.10 3.14 6.35 1.00 0.00
1.10 3.14 6.52 1.00 0.00
1.10 3.14 6.70 1.00 0.00
1.10 3.14 6.87 1.00 0.00
1.10 3.14 7.05 1.00 0.00
1.10 3.14 7.22 1.00 0.00
1.10 3.14 7.40 1.00 0.00
1.10 3.14 7.57 1.00 0.00
0.30 3.32 4.58 1.00 0.00
0.30 3.32 4.75 1.00 0.00
0.30 3.32 4.93 1.00 0.00
0.30 3.32 5.10 1.00 0.00
0.30 3.32 5.28 1.00 0.00
0.30 3.32 5.45 1.00 0.00
0.30 3.32 5.63 1.00 0.00
0.30 3.32 5.80 1.00 0.00
0.30 3.32 5.98 1.00 0.00
0.30 3.32 6.15 1.00 0.00
0.30 3.32 6.33 1.00 0.00
0.30 3.32 6.50 1.00 0.00
0.30 3.32 6.67 1.00 0.00
0.30 3.32 6.85 1.00 0.00
0.30 3.32 7.02 1.00 0.00
0.30 3.32 7.20 1.00 0.00
0.30 3.32 7.37 1.00 0.00
0.30 3.32 7.55 1.00 0.00
0.50 3.32 4.58 1.00 0.00
0.50 3.32 4.75 1.00 0.00
0.50 3.32 4.93 1.00 0.00
0.50 3.32 5.10 1.00 0.00
0.50 3.32 5.28 1.00 0.00
0.50 3.32 5.45 1.00 0.00
0.50 3.32 5.63 1.00 0.00
0.50 3.32 5.80 1.00 0.00
0.50 3.32 5.98 1.00 0.00
0.50 3.32 6.15 1.00 0.00
0.50 3.32 6.32 1.00 0.00
0.50 3.32 6.50 1.00 0.00
0.50 3.32 6.67 1.00 0.00
0.50 3.32 6.85 1.00 0.00
0.50 3.32 7.02 1.00 0.00
0.50 3.32 7.20 1.00 0.00
0.50 3.32 7.37 1.00 0.00
0.50 3.32 7.55 1.00 0.00
0.70 3.32 4.58 1.00 0.00
0.70 3.32 4.75 1.00 0.00
0.70 3.32 4.93 1.00 0.00
0.70 3.32 5.10 1.00 0.00
0.70 3.32 5.28 1.00 0.00
0.70 3.32 5.45 1.00 0.00
0.70 3.32 5.62 1.00 0.00
0.70 3.32 5.80 1.00 0.00
0.70 3.32 5.97 1.00 0.00
0.70 3.32 6.15 1.00 0.00
0.70 3.32 6.32 1.00 0.00
0.70 3.32 6.50 1.00 0.00
0.70 3.32 6.67 1.00 0.00
0.70 3.32 6.85 1.00 0.00
0.70 3.32 7.02 1.00 0.00
0.70 3.32 7.20 1.00 0.00
0.70 3.32 7.37 1.00 0.00
0.70 3.32 7.54 1.00 0.00
0.90 3.32 4.58 1.00 0.00
0.90 3.32 4.75 1.00 0.00
0.90 3.32 4.93 1.00 0.00
0.90 3.32 5.10 1.00 0.00
0.90 3.32 5.27 1.00 0.00
0.90 3.32 5.45 1.00 0.00
0.90 3.32 5.62 1.00 0.00
0.90 3.32 5.80 1.00 0.00
0.90 3.32 5.97 1.00 0.00
0.90 3.32 6.15 1.00 0.00
0.90 3.32 6.32 1.00 0.00
0.90 3.32 6.50 1.00 0.00
0.90 3.32 6.67 1.00 0.00
0.90 3.32 6.85 1.00 0.00
0.90 3.32 7.02 1.00 0.00
0.90 3.32 7.19 1.00 0.00
0.90 3.32 7.37 1.00 0.00
0.90 3.32 7.54 1.00 0.00
1.10 3.32 4.57 1.00 0.00
1.10 3.32 4.75 1.00 0.00
1.10 3.32 4.92 1.00 0.00
1.10 3.32 5.10 1.00 0.00
1.10 3.32 5.27 1.00 0.00
1.10 3.32 5.45 1.00 0.00
1.10 3.32 5.62 1.00 0.00
1.10 3.32 5.80 1.00 0.00
1.10 3.32 5.97 1.00 0.00
1.10 3.32 6.15 1.00 0.00
1.10 3.32 6.32 1.00 0.00
1.10 3.32 6.49 1.00 0.00
1.10 3.32 6.67 1.00 0.00
1.10 3.32 6.84 1.00 0.00
1.10 3.32 7.02 1.00 0.00
1.10 3.32 7.19 1.00 0.00
1.10 3.32 7.37 1.00 0.00
1.10 3.32 7.54 1.00 0.00
0.30 3.49 4.57 1.00 0.00
0.30 3.49 4.75 1.00 0.00
0.30 3.49 4.92 1.00 0.00
0.30 3.49 5.09 1.00 0.00
0.30 3.49 5.27 1.00 0.00
0.30 3.49 5.44 1.00 0.00
0.30 3.49 5.62 1.00 0.00
0.30 3.49 5.79 1.00 0.00
0.30 3.49 5.97 1.00 0.00
0.30 3.49 6.14 1.00 0.00
0.30 3.49 6.32 1.00 0.00
0.30 3.49 6.49 1.00 0.00
0.30 3.49 6.67 1.00 0.00
0.30 3.49 6.84 1.00 0.00
0.30 3.49 7.01 1.00 0.00
0.30 3.49 7.19 1.00 0.00
0.30 3.49 7.36 1.00 0.00
0.30 3.49 7.54 1.00 0.00
0.50 3.49 4.56 1.00 0.00
0.50 3.49 4.74 1.00 0.00
0.50 3.49 4.91 1.00 0.00
0.50 3.49 5.09 1.00 0.00
0.50 3.49 5.26 1.00 0.00
0.50 3.49 5.44 1.00 0.00
0.50 3.49 5.61 1.00 0.00
0.50 3.49 5.79 1.00 0.00
0.50 3.49 5.96 1.00 0.00
0.50 3.49 6.13 1.00 0.00
0.50 3.49 6.31 1.00 0.00
0.50 3.49 6.48 1.00 0.00
0.50 3.49 6.66 1.00 0.00
0.50 3.49 6.83 1.00 0.00
0.50 3.49 7.01 1.00 0.00
0.50 3.49 7.18 1.00 0.00
0.50 3.49 7.36 1.00 0.00
0.50 3.49 7.53 1.00 0.00
0.70 3.49 4.56 1.00 0.00
0.70 3.49 4.73 1.00 0.00
0.70 3.49 4.91 1.00 0.00
0.70 3.49 5.08 1.00 0.00
0.70 3.49 5.26 1.00 0.00
0.70 3.49 5.43 1.00 0.00
0.70 3.49 5.60 1.00 0.00
0.70 3.49 5.78 1.00 0.00
0.70 3.49 5.95 1.00 0.00
0.70 3.49 6.13 1.00 0.00
0.70 3.49 6.30 1.00 0.00
0.70 3.49 6.48 1.00 0.00
0.70 3.49 6.65 1.00 0.00
0.70 3.49 6.83 1.00 0.00
0.70 3.49 7.00 1.00 0.00
0.70 3.49 7.18 1.00 0.00
0.70 3.49 7.35 1.00 0.00
0.70 3.49 7.52 1.00 0.00
0.90 3.49 4.55 1.00 0.00
0.90 3.49 4.73 1.00 0.00
0.90 3.49 4.90 1.00 0.00
0.90 3.49 5.07 1.00 0.00
0.90 3.49 5.25 1.00 0.00
0.90 3.49 5.42 1.00 0.00
0.90 3.49 5.60 1.00 0.00
0.90 3.49 5.77 1.00 0.00
0.90 3.49 5.95 1.00 0.00
0.90 3.49 6.12 1.00 0.00
0.90 3.49 6.30 1.00 0.00
0.90 3.49 6.47 1.00 0.00
0.90 3.49 6.65 1.00 0.00
0.90 3.49 6.82 1.00 0.00
0.90 3.49 6.99 1.00 0.00
0.90 3.49 7.17 1.00 0.00
0.90 3.49 7.34 1.00 0.00
0.90 3.49 7.52 1.00 0.00
1.10 3.49 4.55 1.00 0.00
1.10 3.49 4.72 1.00 0.00
1.10 3.49 4.89 1.00 0.00
1.10 3.49 5.07 1.00 0.00
1.10 3.49 5.24 1.00 0.00
1.10 3.49 5.42 1.00 0.00
1.10 3.49 5.59 1.00 0.00
1.10 3.49 5.77 1.00 0.00
1.10 3.49 5.94 1.00 0.00
1.10 3.49 6.12 1.00 0.00
1.10 3.49 6.29 1.00 0.00
1.10 3.49 6.47 1.00 0.00
1.10 3.49 6.64 1.00 0.00
1.10 3.49 6.81 1.00 0.00
1.10 3.49 6.99 1.00 0.00
1.10 3.49 7.16 1.00 0.00
1.10 3.49 7.34 1.00 0.00
1.10 3.49 7.51 1.00 0.00
0.30 3.67 4.56 1.00 0.00
0.30 3.67 4.74 1.00 0.00
0.30 3.67 4.91 1.00 0.00
0.30 3.67 5.09 1.00 0.00
0.30 3.67 5.26 1.00 0.00
0.30 3.67 5.43 1.00 0.00
0.30 3.67 5.61 1.00 0.00
0.30 3.67 5.78 1.00 0.00
0.30 3.67 5.96 1.00 0.00
0.30 3.67 6.13 1.00 0.00
0.30 3.67 6.31 1.00 0.00
0.30 3.67 6.48 1.00 0.00
0.30 3.67 6.66 1.00 0.00
0.30 3.67 6.83 1.00 0.00
0.30 3.67 7.01 1.00 0.00
0.30 3.67 7.18 1.00 0.00
0.30 3.67 7.35 1.00 0.00
0.30 3.67 7.53 1.00 0.00
0.50 3.67 4.55 1.00 0.00
0.50 3.67 4.72 1.00 0.00
0.50 3.67 4.90 1.00 0.00
0.50 3.67 5.07 1.00 0.00
0.50 3.67 5.25 1.00 0.00
0.50 3.67 5.42 1.00 0.00
0.50 3.67 5.60 1.00 0.00
0.50 3.67 5.77 1.00 0.00
0.50 3.67 5.95 1.00 0.00
0.50 3.67 6.12 1.00 0.00
0.50 3.67 6.29 1.00 0.00
0.50 3.67 6.47 1.00 0.00
0.50 3.67 6.64 1.00 0.00
0.50 3.67 6.82 1.00 0.00
0.50 3.67 6.99 1.00 0.00
0.50 3.67 7.17 1.00 0.00
0.50 3.67 7.34 1.00 0.00
0.50 3.67 7.52 1.00 0.00
0.70 3.67 4.54 1.00 0.00
0.70 3.67 4.71 1.00 0.00
0.70 3.67 4.89 1.00 0.00
0.70 3.67 5.06 1.00 0.00
0.70 3.67 5.24 1.00 0.00
0.70 3.67 5.41 1.00 0.00
0.70 3.67 5.58 1.00 0.00
0.70 3.67 5.76 1.00 0.00
0.70 3.67 5.93 1.00 0.00
0.70 3.67 6.11 1.00 0.00
0.70 3.67 6.28 1.00 0.00
0.70 3.67 6.46 1.00 0.00
0.70 3.67 6.63 1.00 0.00
0.70 3.67 6.81 1.00 0.00
0.70 3.67 6.98 1.00 0.00
0.70 3.67 7.16 1.00 0.00
0.70 3.67 7.33 1.00 0.00
0.70 3.67 7.50 1.00 0.00
0.90 3.67 4.53 1.00 0.00
0.90 3.67 4.70 1.00 0.00
0.90 3.67 4.88 1.00 0.00
0.90 3.67 5.05 1.00 0.00
0.90 3.67 5.22 1.00 0.00
0.90 3.67 5.40 1.00 0.00
0.90 3.67 5.57 1.00 0.00
0.90 3.67 5.75 1.00 0.00
0.90 3.67 5.92 1.00 0.00
0.90 3.67 6.10 1.00 0.00
0.90 3.67 6.27 1.00 0.00
0.90 3.67 6.45 1.00 0.00
0.90 3.67 6.62 1.00 0.00
0.90 3.67 6.80 1.00 0.00
0.90 3.67 6.97 1.00 0.00
0.90 3.67 7.14 1.00 0.00
0.90 3.67 7.32 1.00 0.00
0.90 3.67 7.49 1.00 0.00
1.10 3.67 4.52 1.00 0.00
1.10 3.67 4.69 1.00 0.00
1.10 3.67 4.87 1.00 0.00
1.10 3.67 5.04 1.00 0.00
1.10 3.67 5.21 1.00 0.00
1.10 3.67 5.39 1.00 0.00
1.10 3.67 5.56 1.00 0.00
1.10 3.67 5.74 1.00 0.00
1.10 3.67 5.91 1.00 0.00
1.10 3.67 6.09 1.00 0.00
1.10 3.67 6.26 1.00 0.00
1.10 3.67 6.44 1.00 0.00
1.10 3.67 6.61 1.00 0.00
1.10 3.67 6.79 1.00 0.00
1.10 3.67 6.96 1.00 0.00
1.10 3.67 7.13 1.00 0.00
1.10 3.67 7.31 1.00 0.00
1.10 3.67 7.48 1.00 0.00
0.30 3.84 4.55 1.00 0.00
0.30 3.84 4.73 1.00 0.00
0.30 3.84 4.90 1.00 0.00
0.30 3.84 5.08 1.00 0.00
0.30 3.84 5.25 1.00 0.00
0.30 3.84 5.43 1.00 0.00
0.30 3.84 5.60 1.00 0.00
0.30 3.84 5.78 1.00 0.00
0.30 3.84 5.95 1.00 0.00
0.30 3.84 6.12 1.00 0.00
0.30 3.84 6.30 1.00 0.00
0.30 3.84 6.47 1.00 0.00
0.30 3.84 6.65 1.00 0.00
0.30 3.84 6.82 1.00 0.00
0.30 3.84 7.00 1.00 0.00
0.30 3.84 7.17 1.00 0.00
0.30 3.84 7.35 1.00 0.00
0.30 3.84 7.52 1.00 0.00
0.50 3.84 4.54 1.00 0.00
0.50 3.84 4.71 1.00 0.00
0.50 3.84 4.89 1.00 0.00
0.50 3.84 5.06 1.00 0.00
0.50 3.84 5.23 1.00 0.00
0.50 3.84 5.41 1.00 0.00
0.50 3.84 5.58 1.00 0.00
0.50 3.84 5.76 1.00 0.00
0.50 3.84 5.93 1.00 0.00
0.50 3.84 6.11 1.00 0.00
0.50 3.84 6.28 1.00 0.00
0.50 3.84 6.46 1.00 0.00
0.50 3.84 6.63 1.00 0.00
0.50 3.84 6.80 1.00 0.00
0.50 3.84 6.98 1.00 0.00
0.50 3.84 7.15 1.00 0.00
0.50 3.84 7.33 1.00 0.00
0.50 3.84 7.50 1.00 0.00
0.70 3.84 4.52 1.00 0.00
0.70 3.84 4.69 1.00 0.00
0.70 3.84 4.87 1.00 0.00
0.70 3.84 5.04 1.00 0.00
0.70 3.84 5.22 1.00 0.00
0.70 3.84 5.39 1.00 0.00
0.70 3.84 5.57 1.00 0.00
0.70 3.84 5.74 1.00 0.00
0.70 3.84 5.92 1.00 0.00
0.70 3.84 6.09 1.00 0.00
0.70 3.84 6.26 1.00 0.00
0.70 3.84 6.44 1.00 0.00
0.70 3.84 6.61 1.00 0.00
0.70 3.84 6.79 1.00 0.00
0.70 3.84 6.96 1.00 0.00
0.70 3.84 7.14 1.00 0.00
0.70 3.84 7.31 1.00 0.00
0.70 3.84 7.49 1.00 0.00
0.90 3.84 4.50 1.00 0.00
0.90 3.84 4.68 1.00 0.00
0.90 3.84 4.85 1.00 0.00
0.90 3.84 5.03 1.00 0.00
0.90 3.84 5.20 1.00 0.00
0.90 3.84 5.38 1.00 0.00
0.90 3.84 5.55 1.00 0.00
0.90 3.84 5.73 1.00 0.00
0.90 3.84 5.90 1.00 0.00
0.90 3.84 6.07 1.00 0.00
0.90 3.84 6.25 1.00 0.00
0.90 3.84 6.42 1.00 0.00
0.90 3.84 6.60 1.00 0.00
0.90 3.84 6.77 1.00 0.00
0.90 3.84 6.95 1.00 0.00
0.90 3.84 7.12 1.00 0.00
0.90 3.84 7.30 1.00 0.00
0.90 3.84 7.47 1.00 0.00
1.10 3.84 4.49 1.00 0.00
1.10 3.84 4.66 1.00 0.00
1.10 3.84 4.84 1.00 0.00
1.10 3.84 5.01 1.00 0.00
1.10 3.84 5.19 1.00 0.00
1.10 3.84 5.36 1.00 0.00
1.10 3.84 5.54 1.00 0.00
1.10 3.84 5.71 1.00 0.00
1.10 3.84 5.88 1.00 0.00
1.10 3.84 6.06 1.00 0.00
1.10 3.84 6.23 1.00 0.00
1.10 3.84 6.41 1.00 0.00
1.10 3.84 6.58 1.00 0.00
1.10 3.84 6.76 1.00 0.00
1.10 3.84 6.93 1.00 0.00
1.10 3.84 7.11 1.00 0.00
1.10 3.84 7.28 1.00 0.00
1.10 3.84 7.46 1.00 0.00
0.30 4.01 4.55 1.00 0.00
0.30 4.01 4.72 1.00 0.00
0.30 4.01 4.90 1.00 0.00
0.30 4.01 5.07 1.00 0.00
0.30 4.01 5.24 1.00 0.00
0.30 4.01 5.42 1.00 0.00
0.30 4.01 5.59 1.00 0.00
0.30 4.01 5.77 1.00 0.00
0.30 4.01 5.94 1.00 0.00
0.30 4.01 6.12 1.00 0.00
0.30 4.01 6.29 1.00 0.00
0.30 4.01 6.47 1.00 0.00
0.30 4.01 6.64 1.00 0.00
0.30 4.01 6.82 1.00 0.00
0.30 4.01 6.99 1.00 0.00
0.30 4.01 7.16 1.00 0.00
0.30 4.01 7.34 1.00 0.00
0.30 4.01 7.51 1.00 0.00
0.50 4.01 4.52 1.00 0.00
0.50 4.01 4.70 1.00 0.00
0.50 4.01 4.87 1.00 0.00
0.50 4.01 5.05 1.00 0.00
0.50 4.01 5.22 1.00 0.00
0.50 4.01 5.40 1.00 0.00
0.50 4.01 5.57 1.00 0.00
0.50 4.01 5.75 1.00 0.00
0.50 4.01 5.92 1.00 0.00
0.50 4.01 6.09 1.00 0.00
0.50 4.01 6.27 1.00 0.00
0.50 4.01 6.44 1.00 0.00
0.50 4.01 6.62 1.00 0.00
0.50 4.01 6.79 1.00 0.00
0.50 4.01 6.97 1.00 0.00
0.50 4.01 7.14 1.00 0.00
0.50 4.01 7.32 1.00 0.00
0.50 4.01 7.49 1.00 0.00
0.70 4.01 4.50 1.00 0.00
0.70 4.01 4.68 1.00 0.00
0.70 4.01 4.85 1.00 0.00
0.70 4.01 5.03 1.00 0.00
0.70 4.01 5.20 1.00 0.00
0.70 4.01 5.37 1.00 0.00
0.70 4.01 5.55 1.00 0.00
0.70 4.01 5.72 1.00 0.00
0.70 4.01 5.90 1.00 0.00
0.70 4.01 6.07 1.00 0.00
0.70 4.01 6.25 1.00 0.00
0.70 4.01 6.42 1.00 0.00
0.70 4.01 6.60 1.00 0.00
0.70 4.01 6.77 1.00 0.00
0.70 4.01 6.95 1.00 0.00
0.70 4.01 7.12 1.00 0.00
0.70 4.01 7.29 1.00 0.00
0.70 4.01 7.47 1.00 0.00
0.90 4.01 4.48 1.00 0.00
0.90 4.01 4.66 1.00 0.00
0.90 4.01 4.83 1.00 0.00
0.90 4.01 5.01 1.00 0.00
0.90 4.01 5.18 1.00 0.00
0.90 4.01 5.35 1.00 0.00
0.90 4.01 5.53 1.00 0.00
0.90 4.01 5.70 1.00 0.00
0.90 4.01 5.88 1.00 0.00
0.90 4.01 6.05 1.00 0.00
0.90 4.01 6.23 1.00 0.00
0.90 4.01 6.40 1.00 0.00
0.90 4.01 6.58 1.00 0.00
0.90 4.01 6.75 1.00 0.00
0.90 4.01 6.93 1.00 0.00
0.90 4.01 7.10 1.00 0.00
0.90 4.01 7.27 1.00 0.00
0.90 4.01 7.45 1.00 0.00
1.10 4.01 4.46 1.00 0.00
1.10 4.01 4.64 1.00 0.00
1.10 4.01 4.81 1.00 0.00
1.10 4.01 4.99 1.00 0.00
1.10 4.01 5.16 1.00 0.00
1.10 4.01 5.33 1.00 0.00
1.10 4.01 5.51 1.00 0.00
1.10 4.01 5.68 1.00 0.00
1.10 4.01 5.86 1.00 0.00
1.10 4.01 6.03 1.00 0.00
1.10 4.01 6.21 1.00 0.00
1.10 4.01 6.38 1.00 0.00
1.10 4.01 6.56 1.00 0.00
1.10 4.01 6.73 1.00 0.00
1.10 4.01 6.91 1.00 0.00
1.10 4.01 7.08 1.00 0.00
1.10 4.01 7.25 1.00 0.00
1.10 4.01 7.43 1.00 0.00
0.30 4.19 4.54 1.00 0.00
0.30 4.19 4.71 1.00 0.00
0.30 4.19 4.89 1.00 0.00
0.30 4.19 5.06 1.00 0.00
0.30 4.19 5.24 1.00 0.00
0.30 4.19 5.41 1.00 0.00
0.30 4.19 5.59 1.00 0.00
0.30 4.19 5.76 1.00 0.00
0.30 4.19 5.94 1.00 0.00
0.30 4.19 6.11 1.00 0.00
0.30 4.19 6.28 1.00 0.00
0.30 4.19 6.46 1.00 0.00
0.30 4.19 6.63 1.00 0.00
0.30 4.19 6.81 1.00 0.00
0.30 4.19 6.98 1.00 0.00
0.30 4.19 7.16 1.00 0.00
0.30 4.19 7.33 1.00 0.00
0.30 4.19 7.51 1.00 0.00
0.50 4.19 4.51 1.00 0.00
0.50 4.19 4.69 1.00 0.00
0.50 4.19 4.86 1.00 0.00
0.50 4.19 5.04 1.00 0.00
0.50 4.19 5.21 1.00 0.00
0.50 4.19 5.39 1.00 0.00
0.50 4.19 5.56 1.00 0.00
0.50 4.19 5.73 1.00 0.00
0.50 4.19 5.91 1.00 0.00
0.50 4.19 6.08 1.00 0.00
0.50 4.19 6.26 1.00 0.00
0.50 4.19 6.43 1.00 0.00
0.50 4.19 6.61 1.00 0.00
0.50 4.19 6.78 1.00 0.00
0.50 4.19 6.96 1.00 0.00
0.50 4.19 7.13 1.00 0.00
0.50 4.19 7.30 1.00 0.00
0.50 4.19 7.48 1.00 0.00
0.70 4.19 4.49 1.00 0.00
0.70 4.19 4.66 1.00 0.00
0.70 4.19 4.84 1.00 0.00
0.70 4.19 5.01 1.00 0.00
0.70 4.19 5.18 1.00 0.00
0.70 4.19 5.36 1.00 0.00
0.70 4.19 5.53 1.00 0.00
0.70 4.19 5.71 1.00 0.00
0.70 4.19 5.88 1.00 0.00
0.70 4.19 6.06 1.00 0.00
0.70 4.19 6.23 1.00 0.00
0.70 4.19 6.41 1.00 0.00
0.70 4.19 6.58 1.00 0.00
0.70 4.19 6.76 1.00 0.00
0.70 4.19 6.93 1.00 0.00
0.70 4.19 7.10 1.00 0.00
0.70 4.19 7.28 1.00 0.00
0.70 4.19 7.45 1.00 0.00
0.90 4.19 4.46 1.00 0.00
0.90 4.19 4.64 1.00 0.00
0.90 4.19 4.81 1.00 0.00
0.90 4.19 4.99 1.00 0.00
0.90 4.19 5.16 1.00 0.00
0.90 4.19 5.33 1.00 0.00
0.90 4.19 5.51 1.00 0.00
0.90 4.19 5.68 1.00 0.00
0.90 4.19 5.86 1.00 0.00
0.90 4.19 6.03 1.00 0.00
0.90 4.19 6.21 1.00 0.00
0.90 4.19 6.38 1.00 0.00
0.90 4.19 6.56 1.00 0.00
0.90 4.19 6.73 1.00 0.00
0.90 4.19 6.91 1.00 0.00
0.90 4.19 7.08 1.00 0.00
0.90 4.19 7.25 1.00 0.00
0.90 4.19 7.43 1.00 0.00
1.10 4.19 4.44 1.00 0.00
1.10 4.19 4.61 1.00 0.00
1.10 4.19 4.79 1.00 0.00
1.10 4.19 4.96 1.00 0.00
1.10 4.19 5.14 1.00 0.00
1.10 4.19 5.31 1.00 0.00
1.10 4.19 5.49 1.00 0.00
1.10 4.19 5.66 1.00 0.00
1.10 4.19 5.83 1.00 0.00
1.10 4.19 6.01 1.00 0.00
1.10 4.19 6.18 1.00 0.00
1.10 4.19 6.36 1.00 0.00
1.10 4.19 6.53 1.00 0.00
1.10 4.19 6.71 1.00 0.00
1.10 4.19 6.88 1.00 0.00
1.10 4.19 7.06 1.00 0.00
1.10 4.19 7.23 1.00 0.00
1.10 4.19 7.41 1.00 0.00
0.30 4.36 4.53 1.00 0.00
0.30 4.36 4.71 1.00 0.00
0.30 4.36 4.88 1.00 0.00
0.30 4.36 5.06 1.00 0.00
0.30 4.36 5.23 1.00 0.00
0.30 4.36 5.41 1.00 0.00
0.30 4.36 5.58 1.00 0.00
0.30 4.36 5.76 1.00 0.00
0.30 4.36 5.93 1.00 0.00
0.30 4.36 6.10 1.00 0.00
0.30 4.36 6.28 1.00 0.00
0.30 4.36 6.45 1.00 0.00
0.30 4.36 6.63 1.00 0.00
0.30 4.36 6.80 1.00 0.00
0.30 4.36 6.98 1.00 0.00
0.30 4.36 7.15 1.00 0.00
0.30 4.36 7.33 1.00 0.00
0.30 4.36 7.50 1.00 0.00
0.50 4.36 4.50 1.00 0.00
0.50 4.36 4.68 1.00 0.00
0.50 4.36 4.85 1.00 0.00
0.50 4.36 5.03 1.00 0.00
0.50 4.36 5.20 1.00 0.00
0.50 4.36 5.38 1.00 0.00
0.50 4.36 5.55 1.00 0.00
0.50 4.36 5.72 1.00 0.00
0.50 4.36 5.90 1.00 0.00
0.50 4.36 6.07 1.00 0.00
0.50 4.36 6.25 1.00 0.00
0.50 4.36 6.42 1.00 0.00
0.50 4.36 6.60 1.00 0.00
0.50 4.36 6.77 1.00 0.00
0.50 4.36 6.95 1.00 0.00
0.50 4.36 7.12 1.00 0.00
0.50 4.36 7.30 1.00 0.00
0.50 4.36 7.47 1.00 0.00
0.70 4.36 4.47 1.00 0.00
0.70 4.36 4.65 1.00 0.00
0.70 4.36 4.82 1.00 0.00
0.70 4.36 5.00 1.00 0.00
0.70 4.36 5.17 1.00 0.00
0.70 4.36 5.35 1.00 0.00
0.70 4.36 5.52 1.00 0.00
0.70 4.36 5.70 1.00 0.00
0.70 4.36 5.87 1.00 0.00
0.70 4.36 6.04 1.00 0.00
0.70 4.36 6.22 1.00 0.00
0.70 4.36 6.39 1.00 0.00
0.70 4.36 6.57 1.00 0.00
0.70 4.36 6.74 1.00 0.00
0.70 4.36 6.92 1.00 0.00
0.70 4.36 7.09 1.00 0.00
0.70 4.36 7.27 1.00 0.00
0.70 4.36 7.44 1.00 0.00
0.90 4.36 4.44 1.00 0.00
0.90 4.36 4.62 1.00 0.00
0.90 4.36 4.79 1.00 0.00
0.90 4.36 4.97 1.00 0.00
0.90 4.36 5.14 1.00 0.00
0.90 4.36 5.32 1.00 0.00
0.90 4.36 5.49 1.00 0.00
0.90 4.36 5.67 1.00 0.00
0.90 4.36 5.84 1.00 0.00
0.90 4.36 6.02 1.00 0.00
0.90 4.36 6.19 1.00 0.00
0.90 4.36 6.36 1.00 0.00
0.90 4.36 6.54 1.00 0.00
0.90 4.36 6.71 1.00 0.00
0.90 4.36 6.89 1.00 0.00
0.90 4.36 7.06 1.00 0.00
0.90 4.36 7.24 1.00 0.00
0.90 4.36 7.41 1.00 0.00
1.10 4.36 4.42 1.00 0.00
1.10 4.36 4.59 1.00 0.00
1.10 4.36 4.77 1.00 0.00
1.10 4.36 4.94 1.00 0.00
1.10 4.36 5.12 1.00 0.00
1.10 4.36 5.29 1.00 0.00
1.10 4.36 5.46 1.00 0.00
1.10 4.36 5.64 1.00 0.00
1.10 4.36 5.81 1.00 0.00
1.10 4.36 5.99 1.00 0.00
1.10 4.36 6.16 1.00 0.00
1.10 4.36 6.34 1.00 0.00
1.10 4.36 6.51 1.00 0.00
1.10 4.36 6.69 1.00 0.00
1.10 4.36 6.86 1.00 0.00
1.10 4.36 7.04 1.00 0.00
1.10 4.36 7.21 1.00 0.00
1.10 4.36 7.38 1.00 0.00
0.30 4.54 4.53 1.00 0.00
0.30 4.54 4.70 1.00 0.00
0.30 4.54 4.88 1.00 0.00
0.30 4.54 5.05 1.00 0.00
0.30 4.54 5.23 1.00 0.00
0.30 4.54 5.40 1.00 0.00
0.30 4.54 5.58 1.00 0.00
0.30 4.54 5.75 1.00 0.00
0.30 4.54 5.93 1.00 0.00
0.30 4.54 6.10 1.00 0.00
0.30 4.54 6.28 1.00 0.00
0.30 4.54 6.45 1.00 0.00
0.30 4.54 6.62 1.00 0.00
0.30 4.54 6.80 1.00 0.00
0.30 4.54 6.97 1.00 0.00
0.30 4.54 7.15 1.00 0.00
0.30 4.54 7.32 1.00 0.00
0.30 4.54 7.50 1.00 0.00
0.50 4.54 4.50 1.00 0.00
0.50 4.54 4.67 1.00 0.00
0.50 4.54 4.85 1.00 0.00
0.50 4.54 5.02 1.00 0.00
0.50 4.54 5.19 1.00 0.00
0.50 4.54 5.37 1.00 0.00
0.50 4.54 5.54 1.00 0.00
0.50 4.54 5.72 1.00 0.00
0.50 4.54 5.89 1.00 0.00
0.50 4.54 6.07 1.00 0.00
0.50 4.54 6.24 1.00 0.00
0.50 4.54 6.42 1.00 0.00
0.50 4.54 6.59 1.00 0.00
0.50 4.54 6.76 1.00 0.00
0.50 4.54 6.94 1.00 0.00
0.50 4.54 7.11 1.00 0.00
0.50 4.54 7.29 1.00 0.00
0.50 4.54 7.46 1.00 0.00
0.70 4.54 4.46 1.00 0.00
0.70 4.54 4.64 1.00 0.00
0.70 4.54 4.81 1.00 0.00
0.70 4.54 4.99 1.00 0.00
0.70 4.54 5.16 1.00 0.00
0.70 4.54 5.34 1.00 0.00
0.70 4.54 5.51 1.00 0.00
0.70 4.54 5.68 1.00 0.00
0.70 4.54 5.86 1.00 0.00
0.70 4.54 6.03 1.00 0.00
0.70 4.54 6.21 1.00 0.00
0.70 4.54 6.38 1.00 0.00
0.70 4.54 6.56 1.00 0.00
0.70 4.54 6.73 1.00 0.00
0.70 4.54 6.91 1.00 0.00
0.70 4.54 7.08 1.00 0.00
0.70 4.54 7.26 1.00 0.00
0.70 4.54 7.43 1.00 0.00
0.90 4.54 4.43 1.00 0.00
0.90 4.54 4.61 1.00 0.00
0.90 4.54 4.78 1.00 0.00
0.90 4.54 4.95 1.00 0.00
0.90 4.54 5.13 1.00 0.00
0.90 4.54 5.30 1.00 0.00
0.90 4.54 5.48 1.00 0.00
0.90 4.54 5.65 1.00 0.00
0.90 4.54 5.83 1.00 0.00
0.90 4.54 6.00 1.00 0.00
0.90 4.54 6.18 1.00 0.00
0.90 4.54 6.35 1.00 0.00
0.90 4.54 6.53 1.00 0.00
0.90 4.54 6.70 1.00 0.00
0.90 4.54 6.87 1.00 0.00
0.90 4.54 7.05 1.00 0.00
0.90 4.54 7.22 1.00 0.00
0.90 4.54 7.40 1.00 0.00
1.10 4.54 4.40 1.00 0.00
1.10 4.54 4.57 1.00 0.00
1.10 4.54 4.75 1.00 0.00
1.10 4.54 4.92 1.00 0.00
1.10 4.54 5.10 1.00 0.00
1.10 4.54 5.27 1.00 0.00
1.10 4.54 5.45 1.00 0.00
1.10 4.54 5.62 1.00 0.00
1.10 4.54 5.80 1.00 0.00
1.10 4.54 5.97 1.00 0.00
1.10 4.54 6.15 1.00 0.00
1.10 4.54 6.32 1.00 0.00
1.10 4.54 6.49 1.00 0.00
1.10 4.54 6.67 1.00 0.00
1.10 4.54 6.84 1.00 0.00
1.10 4.54 7.02 1.00 0.00
1.10 4.54 7.19 1.00 0.00
1.10 4.54 7.37 1.00 0.00
0.30 4.71 4.53 1.00 0.00
0.30 4.71 4.70 1.00 0.00
0.30 4.71 4.88 1.00 0.00
0.30 4.71 5.05 1.00 0.00
0.30 4.71 5.23 1.00 0.00
0.30 4.71 5.40 1.00 0.00
0.30 4.71 5.57 1.00 0.00
0.30 4.71 5.75 1.00 0.00
0.30 4.71 5.92 1.00 0.00
0.30 4.71 6.10 1.00 0.00
0.30 4.71 6.27 1.00 0.00
0.30 4.71 6.45 1.00 0.00
0.30 4.71 6.62 1.00 0.00
0.30 4.71 6.80 1.00 0.00
0.30 4.71 6.97 1.00 0.00
0.30 4.71 7.15 1.00 0.00
0.30 4.71 7.32 1.00 0.00
0.30 4.71 7.49 1.00 0.00
0.50 4.71 4.49 1.00 0.00
0.50 4.71 4.67 1.00 0.00
0.50 4.71 4.84 1.00 0.00
0.50 4.71 5.01 1.00 0.00
0.50 4.71 5.19 1.00 0.00
0.50 4.71 5.36 1.00 0.00
0.50 4.71 5.54 1.00 0.00
0.50 4.71 5.71 1.00 0.00
0.50 4.71 5.89 1.00 0.00
0.50 4.71 6.06 1.00 0.00
0.50 4.71 6.24 1.00 0.00
0.50 4.71 6.41 1.00 0.00
0.50 4.71 6.59 1.00 0.00
0.50 4.71 6.76 1.00 0.00
0.50 4.71 6.93 1.00 0.00
0.50 4.71 7.11 1.00 0.00
0.50 4.71 7.28 1.00 0.00
0.50 4.71 7.46 1.00 0.00
0.70 4.71 4.46 1.00 0.00
0.70 4.71 4.63 1.00 0.00
0.70 4.71 4.80 1.00 0.00
0.70 4.71 4.98 1.00 0.00
0.70 4.71 5.15 1.00 0.00
0.70 4.71 5.33 1.00 0.00
0.70 4.71 5.50 1.00 0.00
0.70 4.71 5.68 1.00 0.00
0.70 4.71 5.85 1.00 0.00
0.70 4.71 6.03 1.00 0.00
0.70 4.71 6.20 1.00 0.00
0.70 4.71 6.38 1.00 0.00
0.70 4.71 6.55 1.00 0.00
0.70 4.71 6.72 1.00 0.00
0.70 4.71 6.90 1.00 0.00
0.70 4.71 7.07 1.00 0.00
0.70 4.71 7.25 1.00 0.00
0.70 4.71 7.42 1.00 0.00
0.90 4.71 4.42 1.00 0.00
0.90 4.71 4.60 1.00 0.00
0.90 4.71 4.77 1.00 0.00
0.90 4.71 4.94 1.00 0.00
0.90 4.71 5.12 1.00 0.00
0.90 4.71 5.29 1.00 0.00
0.90 4.71 5.47 1.00 0.00
0.90 4.71 5.64 1.00 0.00
0.90 4.71 5.82 1.00 0.00
0.90 4.71 5.99 1.00 0.00
0.90 4.71 6.17 1.00 0.00
0.90 4.71 6.34 1.00 0.00
0.90 4.71 6.52 1.00 0.00
0.90 4.71 6.69 1.00 0.00
0.90 4.71 6.86 1.00 0.00
0.90 4.71 7.04 1.00 0.00
0.90 4.71 7.21 1.00 0.00
0.90 4.71 7.39 1.00 0.00
1.10 4.71 4.39 1.00 0.00
1.10 4.71 4.56 1.00 0.00
1.10 4.71 4.74 1.00 0.00
1.10 4.71 4.91 1.00 0.00
1.10 4.71 5.08 1.00 0.00
1.10 4.71 5.26 1.00 0.00
1.10 4.71 5.43 1.00 0.00
1.10 4.71 5.61 1.00 0.00
1.10 4.71 5.78 1.00 0.00
1.10 4.71 5.96 1.00 0.00
1.10 4.71 6.13 1.00 0.00
1.10 4.71 6.31 1.00 0.00
1.10 4.71 6.48 1.00 0.00
1.10 4.71 6.66 1.00 0.00
1.10 4.71 6.83 1.00 0.00
1.10 4.71 7.00 1.00 0.00
1.10 4.71 7.18 1.00 0.00
1.10 4.71 7.35 1.00 0.00
0.30 4.89 4.53 1.00 0.00
0.30 4.89 4.70 1.00 0.00
0.30 4.89 4.88 1.00 0.00
0.30 4.89 5.05 1.00 0.00
0.30 4.89 5.22 1.00 0.00
0.30 4.89 5.40 1.00 0.00
0.30 4.89 5.57 1.00 0.00
0.30 4.89 5.75 1.00 0.00
0.30 4.89 5.92 1.00 0.00
0.30 4.89 6.10 1.00 0.00
0.30 4.89 6.27 1.00 0.00
0.30 4.89 6.45 1.00 0.00
0.30 4.89 6.62 1.00 0.00
0.30 4.89 6.80 1.00 0.00
0.30 4.89 6.97 1.00 0.00
0.30 4.89 7.14 1.00 0.00
0.30 4.89 7.32 1.00 0.00
0.30 4.89 7.49 1.00 0.00
0.50 4.89 4.49 1.00 0.00
0.50 4.89 4.66 1.00 0.00
0.50 4.89 4.84 1.00 0.00
0.50 4.89 5.01 1.00 0.00
0.50 4.89 5.19 1.00 0.00
0.50 4.89 5.36 1.00 0.00
0.50 4.89 5.54 1.00 0.00
0.50 4.89 5.71 1.00 0.00
0.50 4.89 5.89 1.00 0.00
0.50 4.89 6.06 1.00 0.00
0.50 4.89 6.23 1.00 0.00
0.50 4.89 6.41 1.00 0.00
0.50 4.89 6.58 1.00 0.00
0.50 4.89 6.76 1.00 0.00
0.50 4.89 6.93 1.00 0.00
0.50 4.89 7.11 1.00 0.00
0.50 4.89 7.28 1.00 0.00
0.50 4.89 7.46 1.00 0.00
0.70 4.89 4.45 1.00 0.00
0.70 4.89 4.63 1.00 0.00
0.70 4.89 4.80 1.00 0.00
0.70 4.89 4.98 1.00 0.00
0.70 4.89 5.15 1.00 0.00
0.70 4.89 5.32 1.00 0.00
0.70 4.89 5.50 1.00 0.00
0.70 4.89 5.67 1.00 0.00
0.70 4.89 5.85 1.00 0.00
0.70 4.89 6.02 1.00 0.00
0.70 4.89 6.20 1.00 0.00
0.70 4.89 6.37 1.00 0.00
0.70 4.89 6.55 1.00 0.00
0.70 4.89 6.72 1.00 0.00
0.70 4.89 6.90 1.00 0.00
0.70 4.89 7.07 1.00 0.00
0.70 4.89 7.24 1.00 0.00
0.70 4.89 7.42 1.00 0.00
0.90 4.89 4.41 1.00 0.00
0.90 4.89 4.59 1.00 0.00
0.90 4.89 4.76 1.00 0.00
0.90 4.89 4.94 1.00 0.00
0.90 4.89 5.11 1.00 0.00
0.90 4.89 5.29 1.00 0.00
0.90 4.89 5.46 1.00 0.00
0.90 4.89 5.64 1.00 0.00
0.90 4.89 5.81 1.00 0.00
0.90 4.89 5.99 1.00 0.00
0.90 4.89 6.16 1.00 0.00
0.90 4.89 6.33 1.00 0.00
0.90 4.89 6.51 1.00 0.00
0.90 4.89 6.68 1.00 0.00
0.90 4.89 6.86 1.00 0.00
0.90 4.89 7.03 1.00 0.00
0.90 4.89 7.21 1.00 0.00
0.90 4.89 7.38 1.00 0.00
1.10 4.89 4.38 1.00 0.00
1.10 4.89 4.55 1.00 0.00
1.10 4.89 4.73 1.00 0.00
1.10 4.89 4.90 1.00 0.00
1.10 4.89 5.08 1.00 0.00
1.10 4.89 5.25 1.00 0.00
1.10 4.89 5.43 1.00 0.00
1.10 4.89 5.60 1.00 0.00
1.10 4.89 5.77 1.00 0.00
1.10 4.89 5.95 1.00 0.00
1.10 4.89 6.12 1.00 0.00
1.10 4.89 6.30 1.00 0.00
1.10 4.89 6.47 1.00 0.00
1.10 4.89 6.65 1.00 0.00
1.10 4.89 6.82 1.00 0.00
1.10 4.89 7.00 1.00 0.00
1.10 4.89 7.17 1.00 0.00
1.10 4.89 7.35 1.00 0.00
0.30 5.06 4.53 1.00 0.00
0.30 5.06 4.70 1.00 0.00
0.30 5.06 4.88 1.00 0.00
0.30 5.06 5.05 1.00 0.00
0.30 5.06 5.23 1.00 0.00
0.30 5.06 5.40 1.00 0.00
0.30 5.06 5.57 1.00 0.00
0.30 5.06 5.75 1.00 0.00
0.30 5.06 5.92 1.00 0.00
0.30 5.06 6.10 1.00 0.00
0.30 5.06 6.27 1.00 0.00
0.30 5.06 6.45 1.00 0.00
0.30 5.06 6.62 1.00 0.00
0.30 5.06 6.80 1.00 0.00
0.30 5.06 6.97 1.00 0.00
0.30 5.06 7.15 1.00 0.00
0.30 5.06 7.32 1.00 0.00
0.30 5.06 7.49 1.00 0.00
0.50 5.06 4.49 1.00 0.00
0.50 5.06 4.66 1.00 0.00
0.50 5.06 4.84 1.00 0.00
0.50 5.06 5.01 1.00 0.00
0.50 5.06 5.19 1.00 0.00
0.50 5.06 5.36 1.00 0.00
0.50 5.06 5.54 1.00 0.00
0.50 5.06 5.71 1.00 0.00
0.50 5.06 5.89 1.00 0.00
0.50 5.06 6.06 1.00 0.00
0.50 5.06 6.23 1.00 0.00
0.50 5.06 6.41 1.00 0.00
0.50 5.06 6.58 1.00 0.00
0.50 5.06 6.76 1.00 0.00
0.50 5.06 6.93 1.00 0.00
0.50 5.06 7.11 1.00 0.00
0.50 5.06 7.28 1.00 0.00
0.50 5.06 7.46 1.00 0.00
0.70 5.06 4.45 1.00 0.00
0.70 5.06 4.63 1.00 0.00
0.70 5.06 4.80 1.00 0.00
0.70 5.06 4.98 1.00 0.00
0.70 5.06 5.15 1.00 0.00
0.70 5.06 5.32 1.00 0.00
0.70 5.06 5.50 1.00 0.00
0.70 5.06 5.67 1.00 0.00
0.70 5.06 5.85 1.00 0.00
0.70 5.06 6.02 1.00 0.00
0.70 5.06 6.20 1.00 0.00
0.70 5.06 6.37 1.00 0.00
0.70 5.06 6.55 1.00 0.00
0.70 5.06 6.72 1.00 0.00
0.70 5.06 6.90 1.00 0.00
0.70 5.06 7.07 1.00 0.00
0.70 5.06 7.24 1.00 0.00
0.70 5.06 7.42 1.00 0.00
0.90 5.06 4.41 1.00 0.00
0.90 5.06 4.59 1.00 0.00
0.90 5.06 4.76 1.00 0.00
0.90 5.06 4.94 1.00 0.00
0.90 5.06 5.11 1.00 0.00
0.90 5.06 5.29 1.00 0.00
0.90 5.06 5.46 1.00 0.00
0.90 5.06 5.64 1.00 0.00
0.90 5.06 5.81 1.00 0.00
0.90 5.06 5.98 1.00 0.00
0.90 5.06 6.16 1.00 0.00
0.90 5.06 6.33 1.00 0.00
0.90 5.06 6.51 1.00 0.00
0.90 5.06 6.68 1.00 0.00
0.90 5.06 6.86 1.00 0.00
0.90 5.06 7.03 1.00 0.00
0.90 5.06 7.21 1.00 0.00
0.90 5.06 7.38 1.00 0.00
1.10 5.06 4.38 1.00 0.00
1.10 5.06 4.55 1.00 0.00
1.10 5.06 4.72 1.00 0.00
1.10 5.06 4.90 1.00 0.00
1.10 5.06 5.07 1.00 0.00
1.10 5.06 5.25 1.00 0.00
1.10 5.06 5.42 1.00 0.00
1.10 5.06 5.60 1.00 0.00
1.10 5.06 5.77 1.00 0.00
1.10 5.06 5.95 1.00 0.00
1.10 5.06 6.12 1.00 0.00
1.10 5.06 6.30 1.00 0.00
1.10 5.06 6.47 1.00 0.00
1.10 5.06 6.64 1.00 0.00
1.10 5.06 6.82 1.00 0.00
1.10 5.06 6.99 1.00 0.00
1.10 5.06 7.17 1.00 0.00
1.10 5.06 7.34 1.00 0.00
0.30 5.24 4.53 1.00 0.00
0.30 5.24 4.70 1.00 0.00
0.30 5.24 4.88 1.00 0.00
0.30 5.24 5.05 1.00 0.00
0.30 5.24 5.23 1.00 0.00
0.30 5.24 5.40 1.00 0.00
0.30 5.24 5.58 1.00 0.00
0.30 5.24 5.75 1.00 0.00
0.30 5.24 5.93 1.00 0.00
0.30 5.24 6.10 1.00 0.00
0.30 5.24 6.27 1.00 0.00
0.30 5.24 6.45 1.00 0.00
0.30 5.24 6.62 1.00 0.00
0.30 5.24 6.80 1.00 0.00
0.30 5.24 6.97 1.00 0.00
0.30 5.24 7.15 1.00 0.00
0.30 5.24 7.32 1.00 0.00
0.30 5.24 7.50 1.00 0.00
0.50 5.24 4.49 1.00 0.00
0.50 5.24 4.67 1.00 0.00
0.50 5.24 4.84 1.00 0.00
0.50 5.24 5.02 1.00 0.00
0.50 5.24 5.19 1.00 0.00
0.50 5.24 5.37 1.00 0.00
0.50 5.24 5.54 1.00 0.00
0.50 5.24 5.71 1.00 0.00
0.50 5.24 5.89 1.00 0.00
0.50 5.24 6.06 1.00 0.00
0.50 5.24 6.24 1.00 0.00
0.50 5.24 6.41 1.00 0.00
0.50 5.24 6.59 1.00 0.00
0.50 5.24 6.76 1.00 0.00
0.50 5.24 6.94 1.00 0.00
0.50 5.24 7.11 1.00 0.00
0.50 5.24 7.29 1.00 0.00
0.50 5.24 7.46 1.00 0.00
0.70 5.24 4.46 1.00 0.00
0.70 5.24 4.63 1.00 0.00
0.70 5.24 4.81 1.00 0.00
0.70 5.24 4.98 1.00 0.00
0.70 5.24 5.15 1.00 0.00
0.70 5.24 5.33 1.00 0.00
0.70 5.24 5.50 1.00 0.00
0.70 5.24 5.68 1.00 0.00
0.70 5.24 5.85 1.00 0.00
0.70 5.24 6.03 1.00 0.00
0.70 5.24 6.20 1.00 0.00
0.70 5.24 6.38 1.00 0.00
0.70 5.24 6.55 1.00 0.00
0.70 5.24 6.72 1.00 0.00
0.70 5.24 6.90 1.00 0.00
0.70 5.24 7.07 1.00 0.00
0.70 5.24 7.25 1.00 0.00
0.70 5.24 7.42 1.00 0.00
0.90 5.24 4.42 1.00 0.00
0.90 5.24 4.59 1.00 0.00
0.90 5.24 4.77 1.00 0.00
0.90 5.24 4.94 1.00 0.00
0.90 5.24 5.12 1.00 0.00
0.90 5.24 5.29 1.00 0.00
0.90 5.24 5.47 1.00 0.00
0.90 5.24 5.64 1.00 0.00
0.90 5.24 5.81 1.00 0.00
0.90 5.24 5.99 1.00 0.00
0.90 5.24 6.16 1.00 0.00
0.90 5.24 6.34 1.00 0.00
0.90 5.24 6.51 1.00 0.00
0.90 5.24 6.69 1.00 0.00
0.90 5.24 6.86 1.00 0.00
0.90 5.24 7.04 1.00 0.00
0.90 5.24 7.21 1.00 0.00
0.90 5.24 7.38 1.00 0.00
1.10 5.24 4.38 1.00 0.00
1.10 5.24 4.55 1.00 0.00
1.10 5.24 4.73 1.00 0.00
1.10 5.24 4.90 1.00 0.00
1.10 5.24 5.08 1.00 0.00
1.10 5.24 5.25 1.00 0.00
1.10 5.24 5.43 1.00 0.00
1.10 5.24 5.60 1.00 0.00
1.10 5.24 5.78 1.00 0.00
1.10 5.24 5.95 1.00 0.00
1.10 5.24 6.12 1.00 0.00
1.10 5.24 6.30 1.00 0.00
1.10 5.24 6.47 1.00 0.00
1.10 5.24 6.65 1.00 0.00
1.10 5.24 6.82 1.00 0.00
1.10 5.24 7.00 1.00 0.00
1.10 5.24 7.17 1.00 0.00
1.10 5.24 7.35 1.00 0.00
0.30 5.41 4.53 1.00 0.00
0.30 5.41 4.71 1.00 0.00
0.30 5.41 4.88 1.00 0.00
0.30 5.41 5.06 1.00 0.00
0.30 5.41 5.23 1.00 0.00
0.30 5.41 5.41 1.00 0.00
0.30 5.41 5.58 1.00 0.00
0.30 5.41 5.76 1.00 0.00
0.30 5.41 5.93 1.00 0.00
0.30 5.41 6.10 1.00 0.00
0.30 5.41 6.28 1.00 0.00
0.30 5.41 6.45 1.00 0.00
0.30 5.41 6.63 1.00 0.00
0.30 5.41 6.80 1.00 0.00
0.30 5.41 6.98 1.00 0.00
0.30 5.41 7.15 1.00 0.00
0.30 5.41 7.33 1.00 0.00
0.30 5.41 7.50 1.00 0.00
0.50 5.41 4.50 1.00 0.00
0.50 5.41 4.67 1.00 0.00
0.50 5.41 4.85 1.00 0.00
0.50 5.41 5.02 1.00 0.00
0.50 5.41 5.20 1.00 0.00
0.50 5.41 5.37 1.00 0.00
0.50 5.41 5.55 1.00 0.00
0.50 5.41 5.72 1.00 0.00
0.50 5.41 5.90 1.00 0.00
0.50 5.41 6.07 1.00 0.00
0.50 5.41 6.25 1.00 0.00
0.50 5.41 6.42 1.00 0.00
0.50 5.41 6.59 1.00 0.00
0.50 5.41 6.77 1.00 0.00
0.50 5.41 6.94 1.00 0.00
0.50 5.41 7.12 1.00 0.00
0.50 5.41 7.29 1.00 0.00
0.50 5.41 7.47 1.00 0.00
0.70 5.41 4.46 1.00 0.00
0.70 5.41 4.64 1.00 0.00
0.70 5.41 4.81 1.00 0.00
0.70 5.41 4.99 1.00 0.00
0.70 5.41 5.16 1.00 0.00
0.70 5.41 5.34 1.00 0.00
0.70 5.41 5.51 1.00 0.00
0.70 5.41 5.69 1.00 0.00
0.70 5.41 5.86 1.00 0.00
0.70 5.41 6.04 1.00 0.00
0.70 5.41 6.21 1.00 0.00
0.70 5.41 6.38 1.00 0.00
0.70 5.41 6.56 1.00 0.00
0.70 5.41 6.73 1.00 0.00
0.70 5.41 6.91 1.00 0.00
0.70 5.41 7.08 1.00 0.00
0.70 5.41 7.26 1.00 0.00
0.70 5.41 7.43 1.00 0.00
0.90 5.41 4.43 1.00 0.00
0.90 5.41 4.60 1.00 0.00
0.90 5.41 4.78 1.00 0.00
0.90 5.41 4.95 1.00 0.00
0.90 5.41 5.13 1.00 0.00
0.90 5.41 5.30 1.00 0.00
0.90 5.41 5.48 1.00 0.00
0.90 5.41 5.65 1.00 0.00
0.90 5.41 5.82 1.00 0.00
0.90 5.41 6.00 1.00 0.00
0.90 5.41 6.17 1.00 0.00
0.90 5.41 6.35 1.00 0.00
0.90 5.41 6.52 1.00 0.00
0.90 5.41 6.70 1.00 0.00
0.90 5.41 6.87 1.00 0.00
0.90 5.41 7.05 1.00 0.00
0.90 5.41 7.22 1.00 0.00
0.90 5.41 7.39 1.00 0.00
1.10 5.41 4.39 1.00 0.00
1.10 5.41 4.56 1.00 0.00
1.10 5.41 4.74 1.00 0.00
1.10 5.41 4.91 1.00 0.00
1.10 5.41 5.09 1.00 0.00
1.10 5.41 5.26 1.00 0.00
1.10 5.41 5.44 1.00 0.00
1.10 5.41 5.61 1.00 0.00
1.10 5.41 5.79 1.00 0.00
1.10 5.41 5.96 1.00 0.00
1.10 5.41 6.14 1.00 0.00
1.10 5.41 6.31 1.00 0.00
1.10 5.41 6.48 1.00 0.00
1.10 5.41 6.66 1.00 0.00
1.10 5.41 6.83 1.00 0.00
1.10 5.41 7.01 1.00 0.00
1.10 5.41 7.18 1.00 0.00
1.10 5.41 7.36 1.00 0.00
0.30 5.59 4.54 1.00 0.00
0.30 5.59 4.71 1.00 0.00
0.30 5.59 4.89 1.00 0.00
0.30 5.59 5.06 1.00 0.00
0.30 5.59 5.24 1.00 0.00
0.30 5.59 5.41 1.00 0.00
0.30 5.59 5.59 1.00 0.00
0.30 5.59 5.76 1.00 0.00
0.30 5.59 5.94 1.00 0.00
0.30 5.59 6.11 1.00 0.00
0.30 5.59 6.28 1.00 0.00
0.30 5.59 6.46 1.00 0.00
0.30 5.59 6.63 1.00 0.00
0.30 5.59 6.81 1.00 0.00
0.30 5.59 6.98 1.00 0.00
0.30 5.59 7.16 1.00 0.00
0.30 5.59 7.33 1.00 0.00
0.30 5.59 7.51 1.00 0.00
0.50 5.59 4.51 1.00 0.00
0.50 5.59 4.68 1.00 0.00
0.50 5.59 4.86 1.00 0.00
0.50 5.59 5.03 1.00 0.00
0.50 5.59 5.21 1.00 0.00
0.50 5.59 5.38 1.00 0.00
0.50 5.59 5.56 1.00 0.00
0.50 5.59 5.73 1.00 0.00
0.50 5.59 5.91 1.00 0.00
0.50 5.59 6.08 1.00 0.00
0.50 5.59 6.25 1.00 0.00
0.50 5.59 6.43 1.00 0.00
0.50 5.59 6.60 1.00 0.00
0.50 5.59 6.78 1.00 0.00
0.50 5.59 6.95 1.00 0.00
0.50 5.59 7.13 1.00 0.00
0.50 5.59 7.30 1.00 0.00
0.50 5.59 7.48 1.00 0.00
0.70 5.59 4.48 1.00 0.00
0.70 5.59 4.65 1.00 0.00
0.70 5.59 4.83 1.00 0.00
0.70 5.59 5.00 1.00 0.00
0.70 5.59 5.18 1.00 0.00
0.70 5.59 5.35 1.00 0.00
0.70 5.59 5.52 1.00 0.00
0.70 5.59 5.70 1.00 0.00
0.70 5.59 5.87 1.00 0.00
0.70 5.59 6.05 1.00 0.00
0.70 5.59 6.22 1.00 0.00
0.70 5.59 6.40 1.00 0.00
0.70 5.59 6.57 1.00 0.00
0.70 5.59 6.75 1.00 0.00
0.70 5.59 6.92 1.00 0.00
0.70 5.59 7.10 1.00 0.00
0.70 5.59 7.27 1.00 0.00
0.70 5.59 7.44 1.00 0.00
0.90 5.59 4.44 1.00 0.00
0.90 5.59 4.62 1.00 0.00
0.90 5.59 4.79 1.00 0.00
0.90 5.59 4.97 1.00 0.00
0.90 5.59 5.14 1.00 0.00
0.90 5.59 5.32 1.00 0.00
0.90 5.59 5.49 1.00 0.00
0.90 5.59 5.67 1.00 0.00
0.90 5.59 5.84 1.00 0.00
0.90 5.59 6.01 1.00 0.00
0.90 5.59 6.19 1.00 0.00
0.90 5.59 6.36 1.00 0.00
0.90 5.59 6.54 1.00 0.00
0.90 5.59 6.71 1.00 0.00
0.90 5.59 6.89 1.00 0.00
0.90 5.59 7.06 1.00 0.00
0.90 5.59 7.24 1.00 0.00
0.90 5.59 7.41 1.00 0.00
1.10 5.59 4.41 1.00 0.00
1.10 5.59 4.58 1.00 0.00
1.10 5.59 4.76 1.00 0.00
1.10 5.59 4.93 1.00 0.00
1.10 5.59 5.11 1.00 0.00
1.10 5.59 5.28 1.00 0.00
1.10 5.59 5.46 1.00 0.00
1.10 5.59 5.63 1.00 0.00
1.10 5.59 5.80 1.00 0.00
1.10 5.59 5.98 1.00 0.00
1.10 5.59 6.15 1.00 0.00
1.10 5.59 6.33 1.00 0.00
1.10 5.59 6.50 1.00 0.00
1.10 5.59 6.68 1.00 0.00
1.10 5.59 6.85 1.00 0.00
1.10 5.59 7.03 1.00 0.00
1.10 5.59 7.20 1.00 0.00
1.10 5.59 7.38 1.00 0.00
0.30 5.76 4.55 1.00 0.00
0.30 5.76 4.72 1.00 0.00
0.30 5.76 4.90 1.00 0.00
0.30 5.76 5.07 1.00 0.00
0.30 5.76 5.25 1.00 0.00
0.30 5.76 5.42 1.00 0.00
0.30 5.76 5.59 1.00 0.00
0.30 5.76 5.77 1.00 0.00
0.30 5.76 5.94 1.00 0.00
0.30 5.76 6.12 1.00 0.00
0.30 5.76 6.29 1.00 0.00
0.30 5.76 6.47 1.00 0.00
0.30 5.76 6.64 1.00 0.00
0.30 5.76 6.82 1.00 0.00
0.30 5.76 6.99 1.00 0.00
0.30 5.76 7.16 1.00 0.00
0.30 5.76 7.34 1.00 0.00
0.30 5.76 7.51 1.00 0.00
0.50 5.76 4.52 1.00 0.00
0.50 5.76 4.70 1.00 0.00
0.50 5.76 4.87 1.00 0.00
0.50 5.76 5.04 1.00 0.00
0.50 5.76 5.22 1.00 0.00
0.50 5.76 5.39 1.00 0.00
0.50 5.76 5.57 1.00 0.00
0.50 5.76 5.74 1.00 0.00
0.50 5.76 5.92 1.00 0.00
0.50 5.76 6.09 1.00 0.00
0.50 5.76 6.27 1.00 0.00
0.50 5.76 6.44 1.00 0.00
0.50 5.76 6.62 1.00 0.00
0.50 5.76 6.79 1.00 0.00
0.50 5.76 6.96 1.00 0.00
0.50 5.76 7.14 1.00 0.00
0.50 5.76 7.31 1.00 0.00
0.50 5.76 7.49 1.00 0.00
0.70 5.76 4.49 1.00 0.00
0.70 5.76 4.67 1.00 0.00
0.70 5.76 4.84 1.00 0.00
0.70 5.76 5.02 1.00 0.00
0.70 5.76 5.19 1.00 0.00
0.70 5.76 5.37 1.00 0.00
0.70 5.76 5.54 1.00 0.00
0.70 5.76 5.72 1.00 0.00
0.70 5.76 5.89 1.00 0.00
0.70 5.76 6.06 1.00 0.00
0.70 5.76 6.24 1.00 0.00
0.70 5.76 6.41 1.00 0.00
0.70 5.76 6.59 1.00 0.00
0.70 5.76 6.76 1.00 0.00
0.70 5.76 6.94 1.00 0.00
0.70 5.76 7.11 1.00 0.00
0.70 5.76 7.29 1.00 0.00
0.70 5.76 7.46 1.00 0.00
0.90 5.76 4.46 1.00 0.00
0.90 5.76 4.64 1.00 0.00
0.90 5.76 4.81 1.00 0.00
0.90 5.76 4.99 1.00 0.00
0.90 5.76 5.16 1.00 0.00
0.90 5.76 5.34 1.00 0.00
0.90 5.76 5.51 1.00 0.00
0.90 5.76 5.69 1.00 0.00
0.90 5.76 5.86 1.00 0.00
0.90 5.76 6.04 1.00 0.00
0.90 5.76 6.21 1.00 0.00
0.90 5.76 6.38 1.00 0.00
0.90 5.76 6.56 1.00 0.00
0.90 5.76 6.73 1.00 0.00
0.90 5.76 6.91 1.00 0.00
0.90 5.76 7.08 1.00 0.00
0.90 5.76 7.26 1.00 0.00
0.90 5.76 7.43 1.00 0.00
1.10 5.76 4.43 1.00 0.00
1.10 5.76 4.61 1.00 0.00
1.10 5.76 4.78 1.00 0.00
1.10 5.76 4.96 1.00 0.00
1.10 5.76 5.13 1.00 0.00
1.10 5.76 5.31 1.00 0.00
1.10 5.76 5.48 1.00 0.00
1.10 5.76 5.66 1.00 0.00
1.10 5.76 5.83 1.00 0.00
1.10 5.76 6.00 1.00 0.00
1.10 5.76 6.18 1.00 0.00
1.10 5.76 6.35 1.00 0.00
1.10 5.76 6.53 1.00 0.00
1.10 5.76 6.70 1.00 0.00
1.10 5.76 6.88 1.00 0.00
1.10 5.76 7.05 1.00 0.00
1.10 5.76 7.23 1.00 0.00
1.10 5.76 7.40 1.00 0.00
0.30 5.93 4.56 1.00 0.00
0.30 5.93 4.73 1.00 0.00
0.30 5.93 4.90 1.00 0.00
0.30 5.93 5.08 1.00 0.00
0.30 5.93 5.25 1.00 0.00
0.30 5.93 5.43 1.00 0.00
0.30 5.93 5.60 1.00 0.00
0.30 5.93 5.78 1.00 0.00
0.30 5.93 5.95 1.00 0.00
0.30 5.93 6.13 1.00 0.00
0.30 5.93 6.30 1.00 0.00
0.30 5.93 6.48 1.00 0.00
0.30 5.93 6.65 1.00 0.00
0.30 5.93 6.82 1.00 0.00
0.30 5.93 7.00 1.00 0.00
0.30 5.93 7.17 1.00 0.00
0.30 5.93 7.35 1.00 0.00
0.30 5.93 7.52 1.00 0.00
0.50 5.93 4.54 1.00 0.00
0.50 5.93 4.71 1.00 0.00
0.50 5.93 4.88 1.00 0.00
0.50 5.93 5.06 1.00 0.00
0.50 5.93 5.23 1.00 0.00
0.50 5.93 5.41 1.00 0.00
0.50 5.93 5.58 1.00 0.00
0.50 5.93 5.76 1.00 0.00
0.50 5.93 5.93 1.00 0.00
0.50 5.93 6.11 1.00 0.00
0.50 5.93 6.28 1.00 0.00
0.50 5.93 6.46 1.00 0.00
0.50 5.93 6.63 1.00 0.00
0.50 5.93 6.80 1.00 0.00
0.50 5.93 6.98 1.00 0.00
0.50 5.93 7.15 1.00 0.00
0.50 5.93 7.33 1.00 0.00
0.50 5.93 7.50 1.00 0.00
0.70 5.93 4.51 1.00 0.00
0.70 5.93 4.69 1.00 0.00
0.70 5.93 4.86 1.00 0.00
0.70 5.93 5.04 1.00 0.00
0.70 5.93 5.21 1.00 0.00
0.70 5.93 5.39 1.00 0.00
0.70 5.93 5.56 1.00 0.00
0.70 5.93 5.74 1.00 0.00
0.70 5.93 5.91 1.00 0.00
0.70 5.93 6.09 1.00 0.00
0.70 5.93 6.26 1.00 0.00
0.70 5.93 6.43 1.00 0.00
0.70 5.93 6.61 1.00 0.00
0.70 5.93 6.78 1.00 0.00
0.70 5.93 6.96 1.00 0.00
0.70 5.93 7.13 1.00 0.00
0.70 5.93 7.31 1.00 0.00
0.70 5.93 7.48 1.00 0.00
0.90 5.93 4.49 1.00 0.00
0.90 5.93 4.67 1.00 0.00
0.90 5.93 4.84 1.00 0.00
0.90 5.93 5.02 1.00 0.00
0.90 5.93 5.19 1.00 0.00
0.90 5.93 5.36 1.00 0.00
0.90 5.93 5.54 1.00 0.00
0.90 5.93 5.71 1.00 0.00
0.90 5.93 5.89 1.00 0.00
0.90 5.93 6.06 1.00 0.00
0.90 5.93 6.24 1.00 0.00
0.90 5.93 6.41 1.00 0.00
0.90 5.93 6.59 1.00 0.00
0.90 5.93 6.76 1.00 0.00
0.90 5.93 6.94 1.00 0.00
0.90 5.93 7.11 1.00 0.00
0.90 5.93 7.28 1.00 0.00
0.90 5.93 7.46 1.00 0.00
1.10 5.93 4.47 1.00 0.00
1.10 5.93 4.64 1.00 0.00
1.10 5.93 4.82 1.00 0.00
1.10 5.93 4.99 1.00 0.00
1.10 5.93 5.17 1.00 0.00
1.10 5.93 5.34 1.00 0.00
1.10 5.93 5.51 1.00 0.00
1.10 5.93 5.69 1.00 0.00
1.10 5.93 5.86 1.00 0.00
1.10 5.93 6.04 1.00 0.00
1.10 5.93 6.21 1.00 0.00
1.10 5.93 6.39 1.00 0.00
1.10 5.93 6.56 1.00 0.00
1.10 5.93 6.74 1.00 0.00
1.10 5.93 6.91 1.00 0.00
1.10 5.93 7.09 1.00 0.00
1.10 5.93 7.26 1.00 0.00
1.10 5.93 7.43 1.00 0.00
0.30 6.11 4.56 1.00 0.00
0.30 6.11 4.74 1.00 0.00
0.30 6.11 4.91 1.00 0.00
0.30 6.11 5.09 1.00 0.00
0.30 6.11 5.26 1.00 0.00
0.30 6.11 5.44 1.00 0.00
0.30 6.11 5.61 1.00 0.00
0.30 6.11 5.79 1.00 0.00
0.30 6.11 5.96 1.00 0.00
0.30 6.11 6.14 1.00 0.00
0.30 6.11 6.31 1.00 0.00
0.30 6.11 6.48 1.00 0.00
0.30 6.11 6.66 1.00 0.00
0.30 6.11 6.83 1.00 0.00
0.30 6.11 7.01 1.00 0.00
0.30 6.11 7.18 1.00 0.00
0.30 6.11 7.36 1.00 0.00
0.30 6.11 7.53 1.00 0.00
0.50 6.11 4.55 1.00 0.00
0.50 6.11 4.73 1.00 0.00
0.50 6.11 4.90 1.00 0.00
0.50 6.11 5.08 1.00 0.00
0.50 6.11 5.25 1.00 0.00
0.50 6.11 5.42 1.00 0.00
0.50 6.11 5.60 1.00 0.00
0.50 6.11 5.77 1.00 0.00
0.50 6.11 5.95 1.00 0.00
0.50 6.11 6.12 1.00 0.00
0.50 6.11 6.30 1.00 0.00
0.50 6.11 6.47 1.00 0.00
0.50 6.11 6.65 1.00 0.00
0.50 6.11 6.82 1.00 0.00
0.50 6.11 7.00 1.00 0.00
0.50 6.11 7.17 1.00 0.00
0.50 6.11 7.34 1.00 0.00
0.50 6.11 7.52 1.00 0.00
0.70 6.11 4.54 1.00 0.00
0.70 6.11 4.71 1.00 0.00
0.70 6.11 4.89 1.00 0.00
0.70 6.11 5.06 1.00 0.00
0.70 6.11 5.24 1.00 0.00
0.70 6.11 5.41 1.00 0.00
0.70 6.11 5.58 1.00 0.00
0.70 6.11 5.76 1.00 0.00
0.70 6.11 5.93 1.00 0.00
0.70 6.11 6.11 1.00 0.00
0.70 6.11 6.28 1.00 0.00
0.70 6.11 6.46 1.00 0.00
0.70 6.11 6.63 1.00 0.00
0.70 6.11 6.81 1.00 0.00
0.70 6.11 6.98 1.00 0.00
0.70 6.11 7.16 1.00 0.00
0.70 6.11 7.33 1.00 0.00
0.70 6.11 7.50 1.00 0.00
0.90 6.11 4.52 1.00 0.00
0.90 6.11 4.70 1.00 0.00
0.90 6.11 4.87 1.00 0.00
0.90 6.11 5.05 1.00 0.00
0.90 6.11 5.22 1.00 0.00
0.90 6.11 5.40 1.00 0.00
0.90 6.11 5.57 1.00 0.00
0.90 6.11 5.74 1.00 0.00
0.90 6.11 5.92 1.00 0.00
0.90 6.11 6.09 1.00 0.00
0.90 6.11 6.27 1.00 0.00
0.90 6.11 6.44 1.00 0.00
0.90 6.11 6.62 1.00 0.00
0.90 6.11 6.79 1.00 0.00
0.90 6.11 6.97 1.00 0.00
0.90 6.11 7.14 1.00 0.00
0.90 6.11 7.32 1.00 0.00
0.90 6.11 7.49 1.00 0.00
1.10 6.11 4.51 1.00 0.00
1.10 6.11 4.68 1.00 0.00
1.10 6.11 4.86 1.00 0.00
1.10 6.11 5.03 1.00 0.00
1.10 6.11 5.20 1.00 0.00
1.10 6.11 5.38 1.00 0.00
1.10 6.11 5.55 1.00 0.00
1.10 6.11 5.73 1.00 0.00
1.10 6.11 5.90 1.00 0.00
1.10 6.11 6.08 1.00 0.00
1.10 6.11 6.25 1.00 0.00
1.10 6.11 6.43 1.00 0.00
1.10 6.11 6.60 1.00 0.00
1.10 6.11 6.77 1.00 0.00
1.10 6.11 6.95 1.00 0.00
1.10 6.11 7.12 1.00 0.00
1.10 6.11 7.30 1.00 0.00
1.10 6.11 7.47 1.00 0.00
