1.06 0.10 1.36
0.88 0.10 1.44
0.70 0.10 1.52
0.52 0.10 1.61
0.33 0.10 1.69
1.05 0.10 1.31
0.85 0.10 1.36
0.66 0.10 1.41
0.46 0.10 1.46
0.27 0.10 1.51
1.04 0.10 1.26
0.84 0.10 1.27
0.64 0.10 1.29
0.44 0.10 1.30
0.24 0.10 1.32
1.04 0.10 1.21
0.84 0.10 1.19
0.64 0.10 1.17
0.44 0.10 1.15
0.24 0.10 1.12
1.05 0.10 1.16
0.86 0.10 1.10
0.66 0.10 1.05
0.47 0.10 0.99
0.28 0.10 0.94
1.07 0.10 1.11
0.89 0.10 1.02
0.71 0.10 0.93
0.53 0.10 0.84
0.35 0.10 0.76
1.09 0.10 1.06
0.93 0.10 0.94
0.77 0.10 0.83
0.61 0.10 0.71
0.45 0.10 0.59
1.13 0.10 1.02
0.99 0.10 0.88
0.85 0.10 0.73
0.71 0.10 0.59
0.57 0.10 0.45
1.17 0.10 0.99
1.06 0.10 0.82
0.95 0.10 0.66
0.83 0.10 0.49
0.72 0.10 0.33
1.22 0.10 0.96
1.13 0.10 0.78
1.05 0.10 0.60
0.97 0.10 0.42
0.89 0.10 0.23
1.26 0.10 0.95
1.22 0.10 0.75
1.17 0.10 0.56
1.12 0.10 0.36
1.07 0.10 0.17
1.32 0.10 0.94
1.30 0.10 0.74
1.29 0.10 0.54
1.27 0.10 0.34
1.26 0.10 0.14
1.37 0.10 0.94
1.39 0.10 0.74
1.41 0.10 0.54
1.43 0.10 0.34
1.45 0.10 0.14
1.42 0.10 0.95
1.48 0.10 0.76
1.53 0.10 0.56
1.58 0.10 0.37
1.64 0.10 0.18
1.47 0.10 0.97
1.56 0.10 0.79
1.64 0.10 0.61
1.73 0.10 0.43
1.82 0.10 0.25
1.51 0.10 0.99
1.63 0.10 0.83
1.75 0.10 0.67
1.87 0.10 0.51
1.98 0.10 0.35
1.55 0.10 1.03
1.70 0.10 0.89
1.84 0.10 0.75
1.98 0.10 0.61
2.13 0.10 0.47
1.59 0.10 1.07
1.75 0.10 0.96
1.92 0.10 0.85
2.08 0.10 0.73
2.25 0.10 0.62
1.61 0.10 1.12
1.79 0.10 1.03
1.98 0.10 0.95
2.16 0.10 0.87
2.34 0.10 0.79
1.63 0.10 1.16
1.82 0.10 1.12
2.02 0.10 1.07
2.21 0.10 1.02
2.40 0.10 0.97
1.64 0.10 1.22
1.84 0.10 1.20
2.04 0.10 1.19
2.24 0.10 1.17
2.44 0.10 1.16
1.64 0.10 1.27
1.84 0.10 1.29
2.03 0.10 1.31
2.23 0.10 1.33
2.43 0.10 1.35
1.63 0.10 1.32
1.82 0.10 1.37
2.01 0.10 1.43
2.20 0.10 1.48
2.40 0.10 1.54
1.61 0.10 1.37
1.79 0.10 1.46
1.97 0.10 1.54
2.15 0.10 1.63
2.33 0.10 1.72
1.58 0.10 1.41
1.74 0.10 1.53
1.90 0.10 1.65
2.07 0.10 1.77
2.23 0.10 1.88
1.55 0.10 1.45
1.69 0.10 1.60
1.82 0.10 1.74
1.96 0.10 1.88
2.10 0.10 2.03
1.51 0.10 1.49
1.62 0.10 1.65
1.73 0.10 1.82
1.84 0.10 1.98
1.95 0.10 2.15
1.46 0.10 1.51
1.54 0.10 1.69
1.62 0.10 1.88
1.71 0.10 2.06
1.79 0.10 2.24
1.41 0.10 1.53
1.46 0.10 1.72
1.51 0.10 1.92
1.56 0.10 2.11
1.61 0.10 2.30
1.36 0.10 1.54
1.37 0.10 1.74
1.39 0.10 1.94
1.40 0.10 2.14
1.42 0.10 2.34
1.31 0.10 1.54
1.29 0.10 1.74
1.27 0.10 1.93
1.25 0.10 2.13
1.22 0.10 2.33
1.26 0.10 1.53
1.20 0.10 1.72
1.15 0.10 1.91
1.09 0.10 2.10
1.04 0.10 2.30
1.21 0.10 1.51
1.12 0.10 1.69
1.03 0.10 1.87
0.94 0.10 2.05
0.86 0.10 2.23
1.16 0.10 1.48
1.04 0.10 1.64
0.93 0.10 1.80
0.81 0.10 1.97
0.69 0.10 2.13
1.12 0.10 1.45
0.98 0.10 1.59
0.84 0.10 1.72
0.69 0.10 1.86
0.55 0.10 2.00
1.09 0.10 1.41
0.92 0.10 1.52
0.76 0.10 1.63
0.59 0.10 1.74
0.43 0.10 1.85
