0.30 0.00 10.53 1.00 0.00
0.30 0.00 10.71 1.00 0.00
0.30 0.00 10.88 1.00 0.00
0.30 0.00 11.06 1.00 0.00
0.30 0.00 11.23 1.00 0.00
0.30 0.00 11.41 1.00 0.00
0.30 0.00 11.58 1.00 0.00
0.30 0.00 11.76 1.00 0.00
0.30 0.00 11.93 1.00 0.00
0.30 0.00 12.11 1.00 0.00
0.30 0.00 12.28 1.00 0.00
0.30 0.00 12.45 1.00 0.00
0.30 0.00 12.63 1.00 0.00
0.30 0.00 12.80 1.00 0.00
0.30 0.00 12.98 1.00 0.00
0.30 0.00 13.15 1.00 0.00
0.30 0.00 13.33 1.00 0.00
0.30 0.00 13.50 1.00 0.00
0.50 0.00 10.50 1.00 0.00
0.50 0.00 10.68 1.00 0.00
0.50 0.00 10.85 1.00 0.00
0.50 0.00 11.03 1.00 0.00
0.50 0.00 11.20 1.00 0.00
0.50 0.00 11.38 1.00 0.00
0.50 0.00 11.55 1.00 0.00
0.50 0.00 11.73 1.00 0.00
0.50 0.00 11.90 1.00 0.00
0.50 0.00 12.08 1.00 0.00
0.50 0.00 12.25 1.00 0.00
0.50 0.00 12.42 1.00 0.00
0.50 0.00 12.60 1.00 0.00
0.50 0.00 12.77 1.00 0.00
0.50 0.00 12.95 1.00 0.00
0.50 0.00 13.12 1.00 0.00
0.50 0.00 13.30 1.00 0.00
0.50 0.00 13.47 1.00 0.00
0.70 0.00 10.47 1.00 0.00
0.70 0.00 10.65 1.00 0.00
0.70 0.00 10.82 1.00 0.00
0.70 0.00 11.00 1.00 0.00
0.70 0.00 11.17 1.00 0.00
0.70 0.00 11.34 1.00 0.00
0.70 0.00 11.52 1.00 0.00
0.70 0.00 11.69 1.00 0.00
0.70 0.00 11.87 1.00 0.00
0.70 0.00 12.04 1.00 0.00
0.70 0.00 12.22 1.00 0.00
0.70 0.00 12.39 1.00 0.00
0.70 0.00 12.57 1.00 0.00
0.70 0.00 12.74 1.00 0.00
0.70 0.00 12.92 1.00 0.00
0.70 0.00 13.09 1.00 0.00
0.70 0.00 13.26 1.00 0.00
0.70 0.00 13.44 1.00 0.00
0.90 0.00 10.43 1.00 0.00
0.90 0.00 10.61 1.00 0.00
0.90 0.00 10.78 1.00 0.00
0.90 0.00 10.96 1.00 0.00
0.90 0.00 11.13 1.00 0.00
0.90 0.00 11.31 1.00 0.00
0.90 0.00 11.48 1.00 0.00
0.90 0.00 11.66 1.00 0.00
0.90 0.00 11.83 1.00 0.00
0.90 0.00 12.01 1.00 0.00
0.90 0.00 12.18 1.00 0.00
0.90 0.00 12.35 1.00 0.00
0.90 0.00 12.53 1.00 0.00
0.90 0.00 12.70 1.00 0.00
0.90 0.00 12.88 1.00 0.00
0.90 0.00 13.05 1.00 0.00
0.90 0.00 13.23 1.00 0.00
0.90 0.00 13.40 1.00 0.00
1.10 0.00 10.39 1.00 0.00
1.10 0.00 10.57 1.00 0.00
1.10 0.00 10.74 1.00 0.00
1.10 0.00 10.92 1.00 0.00
1.10 0.00 11.09 1.00 0.00
1.10 0.00 11.26 1.00 0.00
1.10 0.00 11.44 1.00 0.00
1.10 0.00 11.61 1.00 0.00
1.10 0.00 11.79 1.00 0.00
1.10 0.00 11.96 1.00 0.00
1.10 0.00 12.14 1.00 0.00
1.10 0.00 12.31 1.00 0.00
1.10 0.00 12.49 1.00 0.00
1.10 0.00 12.66 1.00 0.00
1.10 0.00 12.84 1.00 0.00
1.10 0.00 13.01 1.00 0.00
1.10 0.00 13.18 1.00 0.00
1.10 0.00 13.36 1.00 0.00
0.30 0.17 10.55 1.00 0.00
0.30 0.17 10.72 1.00 0.00
0.30 0.17 10.90 1.00 0.00
0.30 0.17 11.07 1.00 0.00
0.30 0.17 11.25 1.00 0.00
0.30 0.17 11.42 1.00 0.00
0.30 0.17 11.60 1.00 0.00
0.30 0.17 11.77 1.00 0.00
0.30 0.17 11.95 1.00 0.00
0.30 0.17 12.12 1.00 0.00
0.30 0.17 12.29 1.00 0.00
0.30 0.17 12.47 1.00 0.00
0.30 0.17 12.64 1.00 0.00
0.30 0.17 12.82 1.00 0.00
0.30 0.17 12.99 1.00 0.00
0.30 0.17 13.17 1.00 0.00
0.30 0.17 13.34 1.00 0.00
0.30 0.17 13.52 1.00 0.00
0.50 0.17 10.53 1.00 0.00
0.50 0.17 10.71 1.00 0.00
0.50 0.17 10.88 1.00 0.00
0.50 0.17 11.06 1.00 0.00
0.50 0.17 11.23 1.00 0.00
0.50 0.17 11.40 1.00 0.00
0.50 0.17 11.58 1.00 0.00
0.50 0.17 11.75 1.00 0.00
0.50 0.17 11.93 1.00 0.00
0.50 0.17 12.10 1.00 0.00
0.50 0.17 12.28 1.00 0.00
0.50 0.17 12.45 1.00 0.00
0.50 0.17 12.63 1.00 0.00
0.50 0.17 12.80 1.00 0.00
0.50 0.17 12.98 1.00 0.00
0.50 0.17 13.15 1.00 0.00
0.50 0.17 13.32 1.00 0.00
0.50 0.17 13.50 1.00 0.00
0.70 0.17 10.51 1.00 0.00
0.70 0.17 10.69 1.00 0.00
0.70 0.17 10.86 1.00 0.00
0.70 0.17 11.03 1.00 0.00
0.70 0.17 11.21 1.00 0.00
0.70 0.17 11.38 1.00 0.00
0.70 0.17 11.56 1.00 0.00
0.70 0.17 11.73 1.00 0.00
0.70 0.17 11.91 1.00 0.00
0.70 0.17 12.08 1.00 0.00
0.70 0.17 12.26 1.00 0.00
0.70 0.17 12.43 1.00 0.00
0.70 0.17 12.61 1.00 0.00
0.70 0.17 12.78 1.00 0.00
0.70 0.17 12.95 1.00 0.00
0.70 0.17 13.13 1.00 0.00
0.70 0.17 13.30 1.00 0.00
0.70 0.17 13.48 1.00 0.00
0.90 0.17 10.49 1.00 0.00
0.90 0.17 10.66 1.00 0.00
0.90 0.17 10.84 1.00 0.00
0.90 0.17 11.01 1.00 0.00
0.90 0.17 11.19 1.00 0.00
0.90 0.17 11.36 1.00 0.00
0.90 0.17 11.54 1.00 0.00
0.90 0.17 11.71 1.00 0.00
0.90 0.17 11.88 1.00 0.00
0.90 0.17 12.06 1.00 0.00
0.90 0.17 12.23 1.00 0.00
0.90 0.17 12.41 1.00 0.00
0.90 0.17 12.58 1.00 0.00
0.90 0.17 12.76 1.00 0.00
0.90 0.17 12.93 1.00 0.00
0.90 0.17 13.11 1.00 0.00
0.90 0.17 13.28 1.00 0.00
0.90 0.17 13.45 1.00 0.00
1.10 0.17 10.46 1.00 0.00
1.10 0.17 10.64 1.00 0.00
1.10 0.17 10.81 1.00 0.00
1.10 0.17 10.98 1.00 0.00
1.10 0.17 11.16 1.00 0.00
1.10 0.17 11.33 1.00 0.00
1.10 0.17 11.51 1.00 0.00
1.10 0.17 11.68 1.00 0.00
1.10 0.17 11.86 1.00 0.00
1.10 0.17 12.03 1.00 0.00
1.10 0.17 12.21 1.00 0.00
1.10 0.17 12.38 1.00 0.00
1.10 0.17 12.56 1.00 0.00
1.10 0.17 12.73 1.00 0.00
1.10 0.17 12.90 1.00 0.00
1.10 0.17 13.08 1.00 0.00
1.10 0.17 13.25 1.00 0.00
1.10 0.17 13.43 1.00 0.00
0.30 0.35 10.57 1.00 0.00
0.30 0.35 10.74 1.00 0.00
0.30 0.35 10.91 1.00 0.00
0.30 0.35 11.09 1.00 0.00
0.30 0.35 11.26 1.00 0.00
0.30 0.35 11.44 1.00 0.00
0.30 0.35 11.61 1.00 0.00
0.30 0.35 11.79 1.00 0.00
0.30 0.35 11.96 1.00 0.00
0.30 0.35 12.14 1.00 0.00
0.30 0.35 12.31 1.00 0.00
0.30 0.35 12.49 1.00 0.00
0.30 0.35 12.66 1.00 0.00
0.30 0.35 12.83 1.00 0.00
0.30 0.35 13.01 1.00 0.00
0.30 0.35 13.18 1.00 0.00
0.30 0.35 13.36 1.00 0.00
0.30 0.35 13.53 1.00 0.00
0.50 0.35 10.56 1.00 0.00
0.50 0.35 10.73 1.00 0.00
0.50 0.35 10.91 1.00 0.00
0.50 0.35 11.08 1.00 0.00
0.50 0.35 11.26 1.00 0.00
0.50 0.35 11.43 1.00 0.00
0.50 0.35 11.61 1.00 0.00
0.50 0.35 11.78 1.00 0.00
0.50 0.35 11.96 1.00 0.00
0.50 0.35 12.13 1.00 0.00
0.50 0.35 12.31 1.00 0.00
0.50 0.35 12.48 1.00 0.00
0.50 0.35 12.65 1.00 0.00
0.50 0.35 12.83 1.00 0.00
0.50 0.35 13.00 1.00 0.00
0.50 0.35 13.18 1.00 0.00
0.50 0.35 13.35 1.00 0.00
0.50 0.35 13.53 1.00 0.00
0.70 0.35 10.55 1.00 0.00
0.70 0.35 10.73 1.00 0.00
0.70 0.35 10.90 1.00 0.00
0.70 0.35 11.08 1.00 0.00
0.70 0.35 11.25 1.00 0.00
0.70 0.35 11.43 1.00 0.00
0.70 0.35 11.60 1.00 0.00
0.70 0.35 11.78 1.00 0.00
0.70 0.35 11.95 1.00 0.00
0.70 0.35 12.12 1.00 0.00
0.70 0.35 12.30 1.00 0.00
0.70 0.35 12.47 1.00 0.00
0.70 0.35 12.65 1.00 0.00
0.70 0.35 12.82 1.00 0.00
0.70 0.35 13.00 1.00 0.00
0.70 0.35 13.17 1.00 0.00
0.70 0.35 13.35 1.00 0.00
0.70 0.35 13.52 1.00 0.00
0.90 0.35 10.55 1.00 0.00
0.90 0.35 10.72 1.00 0.00
0.90 0.35 10.90 1.00 0.00
0.90 0.35 11.07 1.00 0.00
0.90 0.35 11.25 1.00 0.00
0.90 0.35 11.42 1.00 0.00
0.90 0.35 11.59 1.00 0.00
0.90 0.35 11.77 1.00 0.00
0.90 0.35 11.94 1.00 0.00
0.90 0.35 12.12 1.00 0.00
0.90 0.35 12.29 1.00 0.00
0.90 0.35 12.47 1.00 0.00
0.90 0.35 12.64 1.00 0.00
0.90 0.35 12.82 1.00 0.00
0.90 0.35 12.99 1.00 0.00
0.90 0.35 13.16 1.00 0.00
0.90 0.35 13.34 1.00 0.00
0.90 0.35 13.51 1.00 0.00
1.10 0.35 10.54 1.00 0.00
1.10 0.35 10.71 1.00 0.00
1.10 0.35 10.89 1.00 0.00
1.10 0.35 11.06 1.00 0.00
1.10 0.35 11.24 1.00 0.00
1.10 0.35 11.41 1.00 0.00
1.10 0.35 11.59 1.00 0.00
1.10 0.35 11.76 1.00 0.00
1.10 0.35 11.93 1.00 0.00
1.10 0.35 12.11 1.00 0.00
1.10 0.35 12.28 1.00 0.00
1.10 0.35 12.46 1.00 0.00
1.10 0.35 12.63 1.00 0.00
1.10 0.35 12.81 1.00 0.00
1.10 0.35 12.98 1.00 0.00
1.10 0.35 13.16 1.00 0.00
1.10 0.35 13.33 1.00 0.00
1.10 0.35 13.51 1.00 0.00
0.30 0.52 4.30 1.00 0.00
0.30 0.52 4.47 1.00 0.00
0.30 0.52 4.65 1.00 0.00
0.30 0.52 4.82 1.00 0.00
0.30 0.52 5.00 1.00 0.00
0.30 0.52 5.17 1.00 0.00
0.30 0.52 5.35 1.00 0.00
0.30 0.52 5.52 1.00 0.00
0.30 0.52 5.70 1.00 0.00
0.30 0.52 5.87 1.00 0.00
0.30 0.52 6.04 1.00 0.00
0.30 0.52 6.22 1.00 0.00
0.30 0.52 6.39 1.00 0.00
0.30 0.52 6.57 1.00 0.00
0.30 0.52 6.74 1.00 0.00
0.30 0.52 6.92 1.00 0.00
0.30 0.52 7.09 1.00 0.00
0.30 0.52 7.27 1.00 0.00
0.50 0.52 4.31 1.00 0.00
0.50 0.52 4.48 1.00 0.00
0.50 0.52 4.66 1.00 0.00
0.50 0.52 4.83 1.00 0.00
0.50 0.52 5.00 1.00 0.00
0.50 0.52 5.18 1.00 0.00
0.50 0.52 5.35 1.00 0.00
0.50 0.52 5.53 1.00 0.00
0.50 0.52 5.70 1.00 0.00
0.50 0.52 5.88 1.00 0.00
0.50 0.52 6.05 1.00 0.00
0.50 0.52 6.23 1.00 0.00
0.50 0.52 6.40 1.00 0.00
0.50 0.52 6.58 1.00 0.00
0.50 0.52 6.75 1.00 0.00
0.50 0.52 6.92 1.00 0.00
0.50 0.52 7.10 1.00 0.00
0.50 0.52 7.27 1.00 0.00
0.70 0.52 4.31 1.00 0.00
0.70 0.52 4.49 1.00 0.00
0.70 0.52 4.66 1.00 0.00
0.70 0.52 4.84 1.00 0.00
0.70 0.52 5.01 1.00 0.00
0.70 0.52 5.19 1.00 0.00
0.70 0.52 5.36 1.00 0.00
0.70 0.52 5.54 1.00 0.00
0.70 0.52 5.71 1.00 0.00
0.70 0.52 5.89 1.00 0.00
0.70 0.52 6.06 1.00 0.00
0.70 0.52 6.23 1.00 0.00
0.70 0.52 6.41 1.00 0.00
0.70 0.52 6.58 1.00 0.00
0.70 0.52 6.76 1.00 0.00
0.70 0.52 6.93 1.00 0.00
0.70 0.52 7.11 1.00 0.00
0.70 0.52 7.28 1.00 0.00
0.90 0.52 4.32 1.00 0.00
0.90 0.52 4.50 1.00 0.00
0.90 0.52 4.67 1.00 0.00
0.90 0.52 4.85 1.00 0.00
0.90 0.52 5.02 1.00 0.00
0.90 0.52 5.20 1.00 0.00
0.90 0.52 5.37 1.00 0.00
0.90 0.52 5.55 1.00 0.00
0.90 0.52 5.72 1.00 0.00
0.90 0.52 5.90 1.00 0.00
0.90 0.52 6.07 1.00 0.00
0.90 0.52 6.24 1.00 0.00
0.90 0.52 6.42 1.00 0.00
0.90 0.52 6.59 1.00 0.00
0.90 0.52 6.77 1.00 0.00
0.90 0.52 6.94 1.00 0.00
0.90 0.52 7.12 1.00 0.00
0.90 0.52 7.29 1.00 0.00
1.10 0.52 4.34 1.00 0.00
1.10 0.52 4.51 1.00 0.00
1.10 0.52 4.68 1.00 0.00
1.10 0.52 4.86 1.00 0.00
1.10 0.52 5.03 1.00 0.00
1.10 0.52 5.21 1.00 0.00
1.10 0.52 5.38 1.00 0.00
1.10 0.52 5.56 1.00 0.00
1.10 0.52 5.73 1.00 0.00
1.10 0.52 5.91 1.00 0.00
1.10 0.52 6.08 1.00 0.00
1.10 0.52 6.26 1.00 0.00
1.10 0.52 6.43 1.00 0.00
1.10 0.52 6.60 1.00 0.00
1.10 0.52 6.78 1.00 0.00
1.10 0.52 6.95 1.00 0.00
1.10 0.52 7.13 1.00 0.00
1.10 0.52 7.30 1.00 0.00
0.30 0.70 4.32 1.00 0.00
0.30 0.70 4.49 1.00 0.00
0.30 0.70 4.66 1.00 0.00
0.30 0.70 4.84 1.00 0.00
0.30 0.70 5.01 1.00 0.00
0.30 0.70 5.19 1.00 0.00
0.30 0.70 5.36 1.00 0.00
0.30 0.70 5.54 1.00 0.00
0.30 0.70 5.71 1.00 0.00
0.30 0.70 5.89 1.00 0.00
0.30 0.70 6.06 1.00 0.00
0.30 0.70 6.23 1.00 0.00
0.30 0.70 6.41 1.00 0.00
0.30 0.70 6.58 1.00 0.00
0.30 0.70 6.76 1.00 0.00
0.30 0.70 6.93 1.00 0.00
0.30 0.70 7.11 1.00 0.00
0.30 0.70 7.28 1.00 0.00
0.50 0.70 4.33 1.00 0.00
0.50 0.70 4.51 1.00 0.00
0.50 0.70 4.68 1.00 0.00
0.50 0.70 4.86 1.00 0.00
0.50 0.70 5.03 1.00 0.00
0.50 0.70 5.21 1.00 0.00
0.50 0.70 5.38 1.00 0.00
0.50 0.70 5.56 1.00 0.00
0.50 0.70 5.73 1.00 0.00
0.50 0.70 5.91 1.00 0.00
0.50 0.70 6.08 1.00 0.00
0.50 0.70 6.25 1.00 0.00
0.50 0.70 6.43 1.00 0.00
0.50 0.70 6.60 1.00 0.00
0.50 0.70 6.78 1.00 0.00
0.50 0.70 6.95 1.00 0.00
0.50 0.70 7.13 1.00 0.00
0.50 0.70 7.30 1.00 0.00
0.70 0.70 4.36 1.00 0.00
0.70 0.70 4.53 1.00 0.00
0.70 0.70 4.71 1.00 0.00
0.70 0.70 4.88 1.00 0.00
0.70 0.70 5.06 1.00 0.00
0.70 0.70 5.23 1.00 0.00
0.70 0.70 5.40 1.00 0.00
0.70 0.70 5.58 1.00 0.00
0.70 0.70 5.75 1.00 0.00
0.70 0.70 5.93 1.00 0.00
0.70 0.70 6.10 1.00 0.00
0.70 0.70 6.28 1.00 0.00
0.70 0.70 6.45 1.00 0.00
0.70 0.70 6.63 1.00 0.00
0.70 0.70 6.80 1.00 0.00
0.70 0.70 6.98 1.00 0.00
0.70 0.70 7.15 1.00 0.00
0.70 0.70 7.32 1.00 0.00
0.90 0.70 4.38 1.00 0.00
0.90 0.70 4.56 1.00 0.00
0.90 0.70 4.73 1.00 0.00
0.90 0.70 4.91 1.00 0.00
0.90 0.70 5.08 1.00 0.00
0.90 0.70 5.26 1.00 0.00
0.90 0.70 5.43 1.00 0.00
0.90 0.70 5.60 1.00 0.00
0.90 0.70 5.78 1.00 0.00
0.90 0.70 5.95 1.00 0.00
0.90 0.70 6.13 1.00 0.00
0.90 0.70 6.30 1.00 0.00
0.90 0.70 6.48 1.00 0.00
0.90 0.70 6.65 1.00 0.00
0.90 0.70 6.83 1.00 0.00
0.90 0.70 7.00 1.00 0.00
0.90 0.70 7.18 1.00 0.00
0.90 0.70 7.35 1.00 0.00
1.10 0.70 4.41 1.00 0.00
1.10 0.70 4.59 1.00 0.00
1.10 0.70 4.76 1.00 0.00
1.10 0.70 4.94 1.00 0.00
1.10 0.70 5.11 1.00 0.00
1.10 0.70 5.29 1.00 0.00
1.10 0.70 5.46 1.00 0.00
1.10 0.70 5.63 1.00 0.00
1.10 0.70 5.81 1.00 0.00
1.10 0.70 5.98 1.00 0.00
1.10 0.70 6.16 1.00 0.00
1.10 0.70 6.33 1.00 0.00
1.10 0.70 6.51 1.00 0.00
1.10 0.70 6.68 1.00 0.00
1.10 0.70 6.86 1.00 0.00
1.10 0.70 7.03 1.00 0.00
1.10 0.70 7.21 1.00 0.00
1.10 0.70 7.38 1.00 0.00
0.30 0.87 4.33 1.00 0.00
0.30 0.87 4.50 1.00 0.00
0.30 0.87 4.68 1.00 0.00
0.30 0.87 4.85 1.00 0.00
0.30 0.87 5.03 1.00 0.00
0.30 0.87 5.20 1.00 0.00
0.30 0.87 5.38 1.00 0.00
0.30 0.87 5.55 1.00 0.00
0.30 0.87 5.73 1.00 0.00
0.30 0.87 5.90 1.00 0.00
0.30 0.87 6.08 1.00 0.00
0.30 0.87 6.25 1.00 0.00
0.30 0.87 6.42 1.00 0.00
0.30 0.87 6.60 1.00 0.00
0.30 0.87 6.77 1.00 0.00
0.30 0.87 6.95 1.00 0.00
0.30 0.87 7.12 1.00 0.00
0.30 0.87 7.30 1.00 0.00
0.50 0.87 4.36 1.00 0.00
0.50 0.87 4.54 1.00 0.00
0.50 0.87 4.71 1.00 0.00
0.50 0.87 4.88 1.00 0.00
0.50 0.87 5.06 1.00 0.00
0.50 0.87 5.23 1.00 0.00
0.50 0.87 5.41 1.00 0.00
0.50 0.87 5.58 1.00 0.00
0.50 0.87 5.76 1.00 0.00
0.50 0.87 5.93 1.00 0.00
0.50 0.87 6.11 1.00 0.00
0.50 0.87 6.28 1.00 0.00
0.50 0.87 6.46 1.00 0.00
0.50 0.87 6.63 1.00 0.00
0.50 0.87 6.80 1.00 0.00
0.50 0.87 6.98 1.00 0.00
0.50 0.87 7.15 1.00 0.00
0.50 0.87 7.33 1.00 0.00
0.70 0.87 4.40 1.00 0.00
0.70 0.87 4.57 1.00 0.00
0.70 0.87 4.75 1.00 0.00
0.70 0.87 4.92 1.00 0.00
0.70 0.87 5.09 1.00 0.00
0.70 0.87 5.27 1.00 0.00
0.70 0.87 5.44 1.00 0.00
0.70 0.87 5.62 1.00 0.00
0.70 0.87 5.79 1.00 0.00
0.70 0.87 5.97 1.00 0.00
0.70 0.87 6.14 1.00 0.00
0.70 0.87 6.32 1.00 0.00
0.70 0.87 6.49 1.00 0.00
0.70 0.87 6.66 1.00 0.00
0.70 0.87 6.84 1.00 0.00
0.70 0.87 7.01 1.00 0.00
0.70 0.87 7.19 1.00 0.00
0.70 0.87 7.36 1.00 0.00
0.90 0.87 4.44 1.00 0.00
0.90 0.87 4.61 1.00 0.00
0.90 0.87 4.78 1.00 0.00
0.90 0.87 4.96 1.00 0.00
0.90 0.87 5.13 1.00 0.00
0.90 0.87 5.31 1.00 0.00
0.90 0.87 5.48 1.00 0.00
0.90 0.87 5.66 1.00 0.00
0.90 0.87 5.83 1.00 0.00
0.90 0.87 6.01 1.00 0.00
0.90 0.87 6.18 1.00 0.00
0.90 0.87 6.36 1.00 0.00
0.90 0.87 6.53 1.00 0.00
0.90 0.87 6.70 1.00 0.00
0.90 0.87 6.88 1.00 0.00
0.90 0.87 7.05 1.00 0.00
0.90 0.87 7.23 1.00 0.00
0.90 0.87 7.40 1.00 0.00
1.10 0.87 4.48 1.00 0.00
1.10 0.87 4.65 1.00 0.00
1.10 0.87 4.83 1.00 0.00
1.10 0.87 5.00 1.00 0.00
1.10 0.87 5.18 1.00 0.00
1.10 0.87 5.35 1.00 0.00
1.10 0.87 5.53 1.00 0.00
1.10 0.87 5.70 1.00 0.00
1.10 0.87 5.88 1.00 0.00
1.10 0.87 6.05 1.00 0.00
1.10 0.87 6.22 1.00 0.00
1.10 0.87 6.40 1.00 0.00
1.10 0.87 6.57 1.00 0.00
1.10 0.87 6.75 1.00 0.00
1.10 0.87 6.92 1.00 0.00
1.10 0.87 7.10 1.00 0.00
1.10 0.87 7.27 1.00 0.00
1.10 0.87 7.45 1.00 0.00
0.30 1.05 4.34 1.00 0.00
0.30 1.05 4.52 1.00 0.00
0.30 1.05 4.69 1.00 0.00
0.30 1.05 4.87 1.00 0.00
0.30 1.05 5.04 1.00 0.00
0.30 1.05 5.22 1.00 0.00
0.30 1.05 5.39 1.00 0.00
0.30 1.05 5.57 1.00 0.00
0.30 1.05 5.74 1.00 0.00
0.30 1.05 5.91 1.00 0.00
0.30 1.05 6.09 1.00 0.00
0.30 1.05 6.26 1.00 0.00
0.30 1.05 6.44 1.00 0.00
0.30 1.05 6.61 1.00 0.00
0.30 1.05 6.79 1.00 0.00
0.30 1.05 6.96 1.00 0.00
0.30 1.05 7.14 1.00 0.00
0.30 1.05 7.31 1.00 0.00
0.50 1.05 4.38 1.00 0.00
0.50 1.05 4.56 1.00 0.00
0.50 1.05 4.73 1.00 0.00
0.50 1.05 4.91 1.00 0.00
0.50 1.05 5.08 1.00 0.00
0.50 1.05 5.26 1.00 0.00
0.50 1.05 5.43 1.00 0.00
0.50 1.05 5.61 1.00 0.00
0.50 1.05 5.78 1.00 0.00
0.50 1.05 5.96 1.00 0.00
0.50 1.05 6.13 1.00 0.00
0.50 1.05 6.30 1.00 0.00
0.50 1.05 6.48 1.00 0.00
0.50 1.05 6.65 1.00 0.00
0.50 1.05 6.83 1.00 0.00
0.50 1.05 7.00 1.00 0.00
0.50 1.05 7.18 1.00 0.00
0.50 1.05 7.35 1.00 0.00
0.70 1.05 4.43 1.00 0.00
0.70 1.05 4.60 1.00 0.00
0.70 1.05 4.78 1.00 0.00
0.70 1.05 4.95 1.00 0.00
0.70 1.05 5.13 1.00 0.00
0.70 1.05 5.30 1.00 0.00
0.70 1.05 5.48 1.00 0.00
0.70 1.05 5.65 1.00 0.00
0.70 1.05 5.83 1.00 0.00
0.70 1.05 6.00 1.00 0.00
0.70 1.05 6.17 1.00 0.00
0.70 1.05 6.35 1.00 0.00
0.70 1.05 6.52 1.00 0.00
0.70 1.05 6.70 1.00 0.00
0.70 1.05 6.87 1.00 0.00
0.70 1.05 7.05 1.00 0.00
0.70 1.05 7.22 1.00 0.00
0.70 1.05 7.40 1.00 0.00
0.90 1.05 4.48 1.00 0.00
0.90 1.05 4.65 1.00 0.00
0.90 1.05 4.83 1.00 0.00
0.90 1.05 5.00 1.00 0.00
0.90 1.05 5.18 1.00 0.00
0.90 1.05 5.35 1.00 0.00
0.90 1.05 5.53 1.00 0.00
0.90 1.05 5.70 1.00 0.00
0.90 1.05 5.88 1.00 0.00
0.90 1.05 6.05 1.00 0.00
0.90 1.05 6.22 1.00 0.00
0.90 1.05 6.40 1.00 0.00
0.90 1.05 6.57 1.00 0.00
0.90 1.05 6.75 1.00 0.00
0.90 1.05 6.92 1.00 0.00
0.90 1.05 7.10 1.00 0.00
0.90 1.05 7.27 1.00 0.00
0.90 1.05 7.45 1.00 0.00
1.10 1.05 4.53 1.00 0.00
1.10 1.05 4.71 1.00 0.00
1.10 1.05 4.88 1.00 0.00
1.10 1.05 5.06 1.00 0.00
1.10 1.05 5.23 1.00 0.00
1.10 1.05 5.41 1.00 0.00
1.10 1.05 5.58 1.00 0.00
1.10 1.05 5.76 1.00 0.00
1.10 1.05 5.93 1.00 0.00
1.10 1.05 6.10 1.00 0.00
1.10 1.05 6.28 1.00 0.00
1.10 1.05 6.45 1.00 0.00
1.10 1.05 6.63 1.00 0.00
1.10 1.05 6.80 1.00 0.00
1.10 1.05 6.98 1.00 0.00
1.10 1.05 7.15 1.00 0.00
1.10 1.05 7.33 1.00 0.00
1.10 1.05 7.50 1.00 0.00
0.30 1.22 4.36 1.00 0.00
0.30 1.22 4.53 1.00 0.00
0.30 1.22 4.70 1.00 0.00
0.30 1.22 4.88 1.00 0.00
0.30 1.22 5.05 1.00 0.00
0.30 1.22 5.23 1.00 0.00
0.30 1.22 5.40 1.00 0.00
0.30 1.22 5.58 1.00 0.00
0.30 1.22 5.75 1.00 0.00
0.30 1.22 5.93 1.00 0.00
0.30 1.22 6.10 1.00 0.00
0.30 1.22 6.28 1.00 0.00
0.30 1.22 6.45 1.00 0.00
0.30 1.22 6.62 1.00 0.00
0.30 1.22 6.80 1.00 0.00
0.30 1.22 6.97 1.00 0.00
0.30 1.22 7.15 1.00 0.00
0.30 1.22 7.32 1.00 0.00
0.50 1.22 4.40 1.00 0.00
0.50 1.22 4.58 1.00 0.00
0.50 1.22 4.75 1.00 0.00
0.50 1.22 4.93 1.00 0.00
0.50 1.22 5.10 1.00 0.00
0.50 1.22 5.28 1.00 0.00
0.50 1.22 5.45 1.00 0.00
0.50 1.22 5.63 1.00 0.00
0.50 1.22 5.80 1.00 0.00
0.50 1.22 5.97 1.00 0.00
0.50 1.22 6.15 1.00 0.00
0.50 1.22 6.32 1.00 0.00
0.50 1.22 6.50 1.00 0.00
0.50 1.22 6.67 1.00 0.00
0.50 1.22 6.85 1.00 0.00
0.50 1.22 7.02 1.00 0.00
0.50 1.22 7.20 1.00 0.00
0.50 1.22 7.37 1.00 0.00
0.70 1.22 4.46 1.00 0.00
0.70 1.22 4.63 1.00 0.00
0.70 1.22 4.80 1.00 0.00
0.70 1.22 4.98 1.00 0.00
0.70 1.22 5.15 1.00 0.00
0.70 1.22 5.33 1.00 0.00
0.70 1.22 5.50 1.00 0.00
0.70 1.22 5.68 1.00 0.00
0.70 1.22 5.85 1.00 0.00
0.70 1.22 6.03 1.00 0.00
0.70 1.22 6.20 1.00 0.00
0.70 1.22 6.38 1.00 0.00
0.70 1.22 6.55 1.00 0.00
0.70 1.22 6.72 1.00 0.00
0.70 1.22 6.90 1.00 0.00
0.70 1.22 7.07 1.00 0.00
0.70 1.22 7.25 1.00 0.00
0.70 1.22 7.42 1.00 0.00
0.90 1.22 4.51 1.00 0.00
0.90 1.22 4.69 1.00 0.00
0.90 1.22 4.86 1.00 0.00
0.90 1.22 5.04 1.00 0.00
0.90 1.22 5.21 1.00 0.00
0.90 1.22 5.38 1.00 0.00
0.90 1.22 5.56 1.00 0.00
0.90 1.22 5.73 1.00 0.00
0.90 1.22 5.91 1.00 0.00
0.90 1.22 6.08 1.00 0.00
0.90 1.22 6.26 1.00 0.00
0.90 1.22 6.43 1.00 0.00
0.90 1.22 6.61 1.00 0.00
0.90 1.22 6.78 1.00 0.00
0.90 1.22 6.96 1.00 0.00
0.90 1.22 7.13 1.00 0.00
0.90 1.22 7.30 1.00 0.00
0.90 1.22 7.48 1.00 0.00
1.10 1.22 4.57 1.00 0.00
1.10 1.22 4.75 1.00 0.00
1.10 1.22 4.92 1.00 0.00
1.10 1.22 5.10 1.00 0.00
1.10 1.22 5.27 1.00 0.00
1.10 1.22 5.45 1.00 0.00
1.10 1.22 5.62 1.00 0.00
1.10 1.22 5.79 1.00 0.00
1.10 1.22 5.97 1.00 0.00
1.10 1.22 6.14 1.00 0.00
1.10 1.22 6.32 1.00 0.00
1.10 1.22 6.49 1.00 0.00
1.10 1.22 6.67 1.00 0.00
1.10 1.22 6.84 1.00 0.00
1.10 1.22 7.02 1.00 0.00
1.10 1.22 7.19 1.00 0.00
1.10 1.22 7.37 1.00 0.00
1.10 1.22 7.54 1.00 0.00
0.30 1.40 4.36 1.00 0.00
0.30 1.40 4.54 1.00 0.00
0.30 1.40 4.71 1.00 0.00
0.30 1.40 4.89 1.00 0.00
0.30 1.40 5.06 1.00 0.00
0.30 1.40 5.24 1.00 0.00
0.30 1.40 5.41 1.00 0.00
0.30 1.40 5.59 1.00 0.00
0.30 1.40 5.76 1.00 0.00
0.30 1.40 5.94 1.00 0.00
0.30 1.40 6.11 1.00 0.00
0.30 1.40 6.28 1.00 0.00
0.30 1.40 6.46 1.00 0.00
0.30 1.40 6.63 1.00 0.00
0.30 1.40 6.81 1.00 0.00
0.30 1.40 6.98 1.00 0.00
0.30 1.40 7.16 1.00 0.00
0.30 1.40 7.33 1.00 0.00
0.50 1.40 4.42 1.00 0.00
0.50 1.40 4.59 1.00 0.00
0.50 1.40 4.77 1.00 0.00
0.50 1.40 4.94 1.00 0.00
0.50 1.40 5.12 1.00 0.00
0.50 1.40 5.29 1.00 0.00
0.50 1.40 5.47 1.00 0.00
0.50 1.40 5.64 1.00 0.00
0.50 1.40 5.81 1.00 0.00
0.50 1.40 5.99 1.00 0.00
0.50 1.40 6.16 1.00 0.00
0.50 1.40 6.34 1.00 0.00
0.50 1.40 6.51 1.00 0.00
0.50 1.40 6.69 1.00 0.00
0.50 1.40 6.86 1.00 0.00
0.50 1.40 7.04 1.00 0.00
0.50 1.40 7.21 1.00 0.00
0.50 1.40 7.39 1.00 0.00
0.70 1.40 4.48 1.00 0.00
0.70 1.40 4.65 1.00 0.00
0.70 1.40 4.82 1.00 0.00
0.70 1.40 5.00 1.00 0.00
0.70 1.40 5.17 1.00 0.00
0.70 1.40 5.35 1.00 0.00
0.70 1.40 5.52 1.00 0.00
0.70 1.40 5.70 1.00 0.00
0.70 1.40 5.87 1.00 0.00
0.70 1.40 6.05 1.00 0.00
0.70 1.40 6.22 1.00 0.00
0.70 1.40 6.40 1.00 0.00
0.70 1.40 6.57 1.00 0.00
0.70 1.40 6.74 1.00 0.00
0.70 1.40 6.92 1.00 0.00
0.70 1.40 7.09 1.00 0.00
0.70 1.40 7.27 1.00 0.00
0.70 1.40 7.44 1.00 0.00
0.90 1.40 4.54 1.00 0.00
0.90 1.40 4.71 1.00 0.00
0.90 1.40 4.88 1.00 0.00
0.90 1.40 5.06 1.00 0.00
0.90 1.40 5.23 1.00 0.00
0.90 1.40 5.41 1.00 0.00
0.90 1.40 5.58 1.00 0.00
0.90 1.40 5.76 1.00 0.00
0.90 1.40 5.93 1.00 0.00
0.90 1.40 6.11 1.00 0.00
0.90 1.40 6.28 1.00 0.00
0.90 1.40 6.45 1.00 0.00
0.90 1.40 6.63 1.00 0.00
0.90 1.40 6.80 1.00 0.00
0.90 1.40 6.98 1.00 0.00
0.90 1.40 7.15 1.00 0.00
0.90 1.40 7.33 1.00 0.00
0.90 1.40 7.50 1.00 0.00
1.10 1.40 4.60 1.00 0.00
1.10 1.40 4.77 1.00 0.00
1.10 1.40 4.95 1.00 0.00
1.10 1.40 5.12 1.00 0.00
1.10 1.40 5.30 1.00 0.00
1.10 1.40 5.47 1.00 0.00
1.10 1.40 5.64 1.00 0.00
1.10 1.40 5.82 1.00 0.00
1.10 1.40 5.99 1.00 0.00
1.10 1.40 6.17 1.00 0.00
1.10 1.40 6.34 1.00 0.00
1.10 1.40 6.52 1.00 0.00
1.10 1.40 6.69 1.00 0.00
1.10 1.40 6.87 1.00 0.00
1.10 1.40 7.04 1.00 0.00
1.10 1.40 7.22 1.00 0.00
1.10 1.40 7.39 1.00 0.00
1.10 1.40 7.56 1.00 0.00
0.30 1.57 4.37 1.00 0.00
0.30 1.57 4.55 1.00 0.00
0.30 1.57 4.72 1.00 0.00
0.30 1.57 4.89 1.00 0.00
0.30 1.57 5.07 1.00 0.00
0.30 1.57 5.24 1.00 0.00
0.30 1.57 5.42 1.00 0.00
0.30 1.57 5.59 1.00 0.00
0.30 1.57 5.77 1.00 0.00
0.30 1.57 5.94 1.00 0.00
0.30 1.57 6.12 1.00 0.00
0.30 1.57 6.29 1.00 0.00
0.30 1.57 6.47 1.00 0.00
0.30 1.57 6.64 1.00 0.00
0.30 1.57 6.81 1.00 0.00
0.30 1.57 6.99 1.00 0.00
0.30 1.57 7.16 1.00 0.00
0.30 1.57 7.34 1.00 0.00
0.50 1.57 4.43 1.00 0.00
0.50 1.57 4.60 1.00 0.00
0.50 1.57 4.78 1.00 0.00
0.50 1.57 4.95 1.00 0.00
0.50 1.57 5.13 1.00 0.00
0.50 1.57 5.30 1.00 0.00
0.50 1.57 5.48 1.00 0.00
0.50 1.57 5.65 1.00 0.00
0.50 1.57 5.82 1.00 0.00
0.50 1.57 6.00 1.00 0.00
0.50 1.57 6.17 1.00 0.00
0.50 1.57 6.35 1.00 0.00
0.50 1.57 6.52 1.00 0.00
0.50 1.57 6.70 1.00 0.00
0.50 1.57 6.87 1.00 0.00
0.50 1.57 7.05 1.00 0.00
0.50 1.57 7.22 1.00 0.00
0.50 1.57 7.40 1.00 0.00
0.70 1.57 4.49 1.00 0.00
0.70 1.57 4.66 1.00 0.00
0.70 1.57 4.84 1.00 0.00
0.70 1.57 5.01 1.00 0.00
0.70 1.57 5.19 1.00 0.00
0.70 1.57 5.36 1.00 0.00
0.70 1.57 5.53 1.00 0.00
0.70 1.57 5.71 1.00 0.00
0.70 1.57 5.88 1.00 0.00
0.70 1.57 6.06 1.00 0.00
0.70 1.57 6.23 1.00 0.00
0.70 1.57 6.41 1.00 0.00
0.70 1.57 6.58 1.00 0.00
0.70 1.57 6.76 1.00 0.00
0.70 1.57 6.93 1.00 0.00
0.70 1.57 7.11 1.00 0.00
0.70 1.57 7.28 1.00 0.00
0.70 1.57 7.45 1.00 0.00
0.90 1.57 4.55 1.00 0.00
0.90 1.57 4.72 1.00 0.00
0.90 1.57 4.90 1.00 0.00
0.90 1.57 5.07 1.00 0.00
0.90 1.57 5.25 1.00 0.00
0.90 1.57 5.42 1.00 0.00
0.90 1.57 5.60 1.00 0.00
0.90 1.57 5.77 1.00 0.00
0.90 1.57 5.94 1.00 0.00
0.90 1.57 6.12 1.00 0.00
0.90 1.57 6.29 1.00 0.00
0.90 1.57 6.47 1.00 0.00
0.90 1.57 6.64 1.00 0.00
0.90 1.57 6.82 1.00 0.00
0.90 1.57 6.99 1.00 0.00
0.90 1.57 7.17 1.00 0.00
0.90 1.57 7.34 1.00 0.00
0.90 1.57 7.51 1.00 0.00
1.10 1.57 4.61 1.00 0.00
1.10 1.57 4.78 1.00 0.00
1.10 1.57 4.96 1.00 0.00
1.10 1.57 5.13 1.00 0.00
1.10 1.57 5.31 1.00 0.00
1.10 1.57 5.48 1.00 0.00
1.10 1.57 5.66 1.00 0.00
1.10 1.57 5.83 1.00 0.00
1.10 1.57 6.01 1.00 0.00
1.10 1.57 6.18 1.00 0.00
1.10 1.57 6.36 1.00 0.00
1.10 1.57 6.53 1.00 0.00
1.10 1.57 6.70 1.00 0.00
1.10 1.57 6.88 1.00 0.00
1.10 1.57 7.05 1.00 0.00
1.10 1.57 7.23 1.00 0.00
1.10 1.57 7.40 1.00 0.00
1.10 1.57 7.58 1.00 0.00
0.30 1.75 4.37 1.00 0.00
0.30 1.75 4.55 1.00 0.00
0.30 1.75 4.72 1.00 0.00
0.30 1.75 4.90 1.00 0.00
0.30 1.75 5.07 1.00 0.00
0.30 1.75 5.25 1.00 0.00
0.30 1.75 5.42 1.00 0.00
0.30 1.75 5.60 1.00 0.00
0.30 1.75 5.77 1.00 0.00
0.30 1.75 5.95 1.00 0.00
0.30 1.75 6.12 1.00 0.00
0.30 1.75 6.29 1.00 0.00
0.30 1.75 6.47 1.00 0.00
0.30 1.75 6.64 1.00 0.00
0.30 1.75 6.82 1.00 0.00
0.30 1.75 6.99 1.00 0.00
0.30 1.75 7.17 1.00 0.00
0.30 1.75 7.34 1.00 0.00
0.50 1.75 4.43 1.00 0.00
0.50 1.75 4.61 1.00 0.00
0.50 1.75 4.78 1.00 0.00
0.50 1.75 4.96 1.00 0.00
0.50 1.75 5.13 1.00 0.00
0.50 1.75 5.31 1.00 0.00
0.50 1.75 5.48 1.00 0.00
0.50 1.75 5.65 1.00 0.00
0.50 1.75 5.83 1.00 0.00
0.50 1.75 6.00 1.00 0.00
0.50 1.75 6.18 1.00 0.00
0.50 1.75 6.35 1.00 0.00
0.50 1.75 6.53 1.00 0.00
0.50 1.75 6.70 1.00 0.00
0.50 1.75 6.88 1.00 0.00
0.50 1.75 7.05 1.00 0.00
0.50 1.75 7.23 1.00 0.00
0.50 1.75 7.40 1.00 0.00
0.70 1.75 4.49 1.00 0.00
0.70 1.75 4.67 1.00 0.00
0.70 1.75 4.84 1.00 0.00
0.70 1.75 5.02 1.00 0.00
0.70 1.75 5.19 1.00 0.00
0.70 1.75 5.36 1.00 0.00
0.70 1.75 5.54 1.00 0.00
0.70 1.75 5.71 1.00 0.00
0.70 1.75 5.89 1.00 0.00
0.70 1.75 6.06 1.00 0.00
0.70 1.75 6.24 1.00 0.00
0.70 1.75 6.41 1.00 0.00
0.70 1.75 6.59 1.00 0.00
0.70 1.75 6.76 1.00 0.00
0.70 1.75 6.94 1.00 0.00
0.70 1.75 7.11 1.00 0.00
0.70 1.75 7.28 1.00 0.00
0.70 1.75 7.46 1.00 0.00
0.90 1.75 4.55 1.00 0.00
0.90 1.75 4.73 1.00 0.00
0.90 1.75 4.90 1.00 0.00
0.90 1.75 5.08 1.00 0.00
0.90 1.75 5.25 1.00 0.00
0.90 1.75 5.42 1.00 0.00
0.90 1.75 5.60 1.00 0.00
0.90 1.75 5.77 1.00 0.00
0.90 1.75 5.95 1.00 0.00
0.90 1.75 6.12 1.00 0.00
0.90 1.75 6.30 1.00 0.00
0.90 1.75 6.47 1.00 0.00
0.90 1.75 6.65 1.00 0.00
0.90 1.75 6.82 1.00 0.00
0.90 1.75 6.99 1.00 0.00
0.90 1.75 7.17 1.00 0.00
0.90 1.75 7.34 1.00 0.00
0.90 1.75 7.52 1.00 0.00
1.10 1.75 4.61 1.00 0.00
1.10 1.75 4.79 1.00 0.00
1.10 1.75 4.96 1.00 0.00
1.10 1.75 5.13 1.00 0.00
1.10 1.75 5.31 1.00 0.00
1.10 1.75 5.48 1.00 0.00
1.10 1.75 5.66 1.00 0.00
1.10 1.75 5.83 1.00 0.00
1.10 1.75 6.01 1.00 0.00
1.10 1.75 6.18 1.00 0.00
1.10 1.75 6.36 1.00 0.00
1.10 1.75 6.53 1.00 0.00
1.10 1.75 6.71 1.00 0.00
1.10 1.75 6.88 1.00 0.00
1.10 1.75 7.05 1.00 0.00
1.10 1.75 7.23 1.00 0.00
1.10 1.75 7.40 1.00 0.00
1.10 1.75 7.58 1.00 0.00
0.30 1.92 4.38 1.00 0.00
0.30 1.92 4.55 1.00 0.00
0.30 1.92 4.72 1.00 0.00
0.30 1.92 4.90 1.00 0.00
0.30 1.92 5.07 1.00 0.00
0.30 1.92 5.25 1.00 0.00
0.30 1.92 5.42 1.00 0.00
0.30 1.92 5.60 1.00 0.00
0.30 1.92 5.77 1.00 0.00
0.30 1.92 5.95 1.00 0.00
0.30 1.92 6.12 1.00 0.00
0.30 1.92 6.30 1.00 0.00
0.30 1.92 6.47 1.00 0.00
0.30 1.92 6.64 1.00 0.00
0.30 1.92 6.82 1.00 0.00
0.30 1.92 6.99 1.00 0.00
0.30 1.92 7.17 1.00 0.00
0.30 1.92 7.34 1.00 0.00
0.50 1.92 4.43 1.00 0.00
0.50 1.92 4.61 1.00 0.00
0.50 1.92 4.78 1.00 0.00
0.50 1.92 4.96 1.00 0.00
0.50 1.92 5.13 1.00 0.00
0.50 1.92 5.31 1.00 0.00
0.50 1.92 5.48 1.00 0.00
0.50 1.92 5.66 1.00 0.00
0.50 1.92 5.83 1.00 0.00
0.50 1.92 6.00 1.00 0.00
0.50 1.92 6.18 1.00 0.00
0.50 1.92 6.35 1.00 0.00
0.50 1.92 6.53 1.00 0.00
0.50 1.92 6.70 1.00 0.00
0.50 1.92 6.88 1.00 0.00
0.50 1.92 7.05 1.00 0.00
0.50 1.92 7.23 1.00 0.00
0.50 1.92 7.40 1.00 0.00
0.70 1.92 4.49 1.00 0.00
0.70 1.92 4.67 1.00 0.00
0.70 1.92 4.84 1.00 0.00
0.70 1.92 5.01 1.00 0.00
0.70 1.92 5.19 1.00 0.00
0.70 1.92 5.36 1.00 0.00
0.70 1.92 5.54 1.00 0.00
0.70 1.92 5.71 1.00 0.00
0.70 1.92 5.89 1.00 0.00
0.70 1.92 6.06 1.00 0.00
0.70 1.92 6.24 1.00 0.00
0.70 1.92 6.41 1.00 0.00
0.70 1.92 6.59 1.00 0.00
0.70 1.92 6.76 1.00 0.00
0.70 1.92 6.93 1.00 0.00
0.70 1.92 7.11 1.00 0.00
0.70 1.92 7.28 1.00 0.00
0.70 1.92 7.46 1.00 0.00
0.90 1.92 4.55 1.00 0.00
0.90 1.92 4.72 1.00 0.00
0.90 1.92 4.90 1.00 0.00
0.90 1.92 5.07 1.00 0.00
0.90 1.92 5.25 1.00 0.00
0.90 1.92 5.42 1.00 0.00
0.90 1.92 5.59 1.00 0.00
0.90 1.92 5.77 1.00 0.00
0.90 1.92 5.94 1.00 0.00
0.90 1.92 6.12 1.00 0.00
0.90 1.92 6.29 1.00 0.00
0.90 1.92 6.47 1.00 0.00
0.90 1.92 6.64 1.00 0.00
0.90 1.92 6.82 1.00 0.00
0.90 1.92 6.99 1.00 0.00
0.90 1.92 7.16 1.00 0.00
0.90 1.92 7.34 1.00 0.00
0.90 1.92 7.51 1.00 0.00
1.10 1.92 4.60 1.00 0.00
1.10 1.92 4.78 1.00 0.00
1.10 1.92 4.95 1.00 0.00
1.10 1.92 5.13 1.00 0.00
1.10 1.92 5.30 1.00 0.00
1.10 1.92 5.47 1.00 0.00
1.10 1.92 5.65 1.00 0.00
1.10 1.92 5.82 1.00 0.00
1.10 1.92 6.00 1.00 0.00
1.10 1.92 6.17 1.00 0.00
1.10 1.92 6.35 1.00 0.00
1.10 1.92 6.52 1.00 0.00
1.10 1.92 6.70 1.00 0.00
1.10 1.92 6.87 1.00 0.00
1.10 1.92 7.05 1.00 0.00
1.10 1.92 7.22 1.00 0.00
1.10 1.92 7.39 1.00 0.00
1.10 1.92 7.57 1.00 0.00
0.30 2.09 4.37 1.00 0.00
0.30 2.09 4.55 1.00 0.00
0.30 2.09 4.72 1.00 0.00
0.30 2.09 4.90 1.00 0.00
0.30 2.09 5.07 1.00 0.00
0.30 2.09 5.25 1.00 0.00
0.30 2.09 5.42 1.00 0.00
0.30 2.09 5.60 1.00 0.00
0.30 2.09 5.77 1.00 0.00
0.30 2.09 5.95 1.00 0.00
0.30 2.09 6.12 1.00 0.00
0.30 2.09 6.29 1.00 0.00
0.30 2.09 6.47 1.00 0.00
0.30 2.09 6.64 1.00 0.00
0.30 2.09 6.82 1.00 0.00
0.30 2.09 6.99 1.00 0.00
0.30 2.09 7.17 1.00 0.00
0.30 2.09 7.34 1.00 0.00
0.50 2.09 4.43 1.00 0.00
0.50 2.09 4.60 1.00 0.00
0.50 2.09 4.78 1.00 0.00
0.50 2.09 4.95 1.00 0.00
0.50 2.09 5.13 1.00 0.00
0.50 2.09 5.30 1.00 0.00
0.50 2.09 5.48 1.00 0.00
0.50 2.09 5.65 1.00 0.00
0.50 2.09 5.83 1.00 0.00
0.50 2.09 6.00 1.00 0.00
0.50 2.09 6.18 1.00 0.00
0.50 2.09 6.35 1.00 0.00
0.50 2.09 6.52 1.00 0.00
0.50 2.09 6.70 1.00 0.00
0.50 2.09 6.87 1.00 0.00
0.50 2.09 7.05 1.00 0.00
0.50 2.09 7.22 1.00 0.00
0.50 2.09 7.40 1.00 0.00
0.70 2.09 4.48 1.00 0.00
0.70 2.09 4.66 1.00 0.00
0.70 2.09 4.83 1.00 0.00
0.70 2.09 5.01 1.00 0.00
0.70 2.09 5.18 1.00 0.00
0.70 2.09 5.36 1.00 0.00
0.70 2.09 5.53 1.00 0.00
0.70 2.09 5.71 1.00 0.00
0.70 2.09 5.88 1.00 0.00
0.70 2.09 6.05 1.00 0.00
0.70 2.09 6.23 1.00 0.00
0.70 2.09 6.40 1.00 0.00
0.70 2.09 6.58 1.00 0.00
0.70 2.09 6.75 1.00 0.00
0.70 2.09 6.93 1.00 0.00
0.70 2.09 7.10 1.00 0.00
0.70 2.09 7.28 1.00 0.00
0.70 2.09 7.45 1.00 0.00
0.90 2.09 4.54 1.00 0.00
0.90 2.09 4.71 1.00 0.00
0.90 2.09 4.88 1.00 0.00
0.90 2.09 5.06 1.00 0.00
0.90 2.09 5.23 1.00 0.00
0.90 2.09 5.41 1.00 0.00
0.90 2.09 5.58 1.00 0.00
0.90 2.09 5.76 1.00 0.00
0.90 2.09 5.93 1.00 0.00
0.90 2.09 6.11 1.00 0.00
0.90 2.09 6.28 1.00 0.00
0.90 2.09 6.46 1.00 0.00
0.90 2.09 6.63 1.00 0.00
0.90 2.09 6.80 1.00 0.00
0.90 2.09 6.98 1.00 0.00
0.90 2.09 7.15 1.00 0.00
0.90 2.09 7.33 1.00 0.00
0.90 2.09 7.50 1.00 0.00
1.10 2.09 4.59 1.00 0.00
1.10 2.09 4.76 1.00 0.00
1.10 2.09 4.93 1.00 0.00
1.10 2.09 5.11 1.00 0.00
1.10 2.09 5.28 1.00 0.00
1.10 2.09 5.46 1.00 0.00
1.10 2.09 5.63 1.00 0.00
1.10 2.09 5.81 1.00 0.00
1.10 2.09 5.98 1.00 0.00
1.10 2.09 6.16 1.00 0.00
1.10 2.09 6.33 1.00 0.00
1.10 2.09 6.51 1.00 0.00
1.10 2.09 6.68 1.00 0.00
1.10 2.09 6.85 1.00 0.00
1.10 2.09 7.03 1.00 0.00
1.10 2.09 7.20 1.00 0.00
1.10 2.09 7.38 1.00 0.00
1.10 2.09 7.55 1.00 0.00
0.30 2.27 4.37 1.00 0.00
0.30 2.27 4.55 1.00 0.00
0.30 2.27 4.72 1.00 0.00
0.30 2.27 4.89 1.00 0.00
0.30 2.27 5.07 1.00 0.00
0.30 2.27 5.24 1.00 0.00
0.30 2.27 5.42 1.00 0.00
0.30 2.27 5.59 1.00 0.00
0.30 2.27 5.77 1.00 0.00
0.30 2.27 5.94 1.00 0.00
0.30 2.27 6.12 1.00 0.00
0.30 2.27 6.29 1.00 0.00
0.30 2.27 6.46 1.00 0.00
0.30 2.27 6.64 1.00 0.00
0.30 2.27 6.81 1.00 0.00
0.30 2.27 6.99 1.00 0.00
0.30 2.27 7.16 1.00 0.00
0.30 2.27 7.34 1.00 0.00
0.50 2.27 4.42 1.00 0.00
0.50 2.27 4.60 1.00 0.00
0.50 2.27 4.77 1.00 0.00
0.50 2.27 4.95 1.00 0.00
0.50 2.27 5.12 1.00 0.00
0.50 2.27 5.29 1.00 0.00
0.50 2.27 5.47 1.00 0.00
0.50 2.27 5.64 1.00 0.00
0.50 2.27 5.82 1.00 0.00
0.50 2.27 5.99 1.00 0.00
0.50 2.27 6.17 1.00 0.00
0.50 2.27 6.34 1.00 0.00
0.50 2.27 6.52 1.00 0.00
0.50 2.27 6.69 1.00 0.00
0.50 2.27 6.87 1.00 0.00
0.50 2.27 7.04 1.00 0.00
0.50 2.27 7.21 1.00 0.00
0.50 2.27 7.39 1.00 0.00
0.70 2.27 4.47 1.00 0.00
0.70 2.27 4.65 1.00 0.00
0.70 2.27 4.82 1.00 0.00
0.70 2.27 4.99 1.00 0.00
0.70 2.27 5.17 1.00 0.00
0.70 2.27 5.34 1.00 0.00
0.70 2.27 5.52 1.00 0.00
0.70 2.27 5.69 1.00 0.00
0.70 2.27 5.87 1.00 0.00
0.70 2.27 6.04 1.00 0.00
0.70 2.27 6.22 1.00 0.00
0.70 2.27 6.39 1.00 0.00
0.70 2.27 6.57 1.00 0.00
0.70 2.27 6.74 1.00 0.00
0.70 2.27 6.91 1.00 0.00
0.70 2.27 7.09 1.00 0.00
0.70 2.27 7.26 1.00 0.00
0.70 2.27 7.44 1.00 0.00
0.90 2.27 4.52 1.00 0.00
0.90 2.27 4.69 1.00 0.00
0.90 2.27 4.87 1.00 0.00
0.90 2.27 5.04 1.00 0.00
0.90 2.27 5.22 1.00 0.00
0.90 2.27 5.39 1.00 0.00
0.90 2.27 5.57 1.00 0.00
0.90 2.27 5.74 1.00 0.00
0.90 2.27 5.91 1.00 0.00
0.90 2.27 6.09 1.00 0.00
0.90 2.27 6.26 1.00 0.00
0.90 2.27 6.44 1.00 0.00
0.90 2.27 6.61 1.00 0.00
0.90 2.27 6.79 1.00 0.00
0.90 2.27 6.96 1.00 0.00
0.90 2.27 7.14 1.00 0.00
0.90 2.27 7.31 1.00 0.00
0.90 2.27 7.49 1.00 0.00
1.10 2.27 4.56 1.00 0.00
1.10 2.27 4.74 1.00 0.00
1.10 2.27 4.91 1.00 0.00
1.10 2.27 5.09 1.00 0.00
1.10 2.27 5.26 1.00 0.00
1.10 2.27 5.44 1.00 0.00
1.10 2.27 5.61 1.00 0.00
1.10 2.27 5.78 1.00 0.00
1.10 2.27 5.96 1.00 0.00
1.10 2.27 6.13 1.00 0.00
1.10 2.27 6.31 1.00 0.00
1.10 2.27 6.48 1.00 0.00
1.10 2.27 6.66 1.00 0.00
1.10 2.27 6.83 1.00 0.00
1.10 2.27 7.01 1.00 0.00
1.10 2.27 7.18 1.00 0.00
1.10 2.27 7.36 1.00 0.00
1.10 2.27 7.53 1.00 0.00
0.30 2.44 4.36 1.00 0.00
0.30 2.44 4.54 1.00 0.00
0.30 2.44 4.71 1.00 0.00
0.30 2.44 4.89 1.00 0.00
0.30 2.44 5.06 1.00 0.00
0.30 2.44 5.24 1.00 0.00
0.30 2.44 5.41 1.00 0.00
0.30 2.44 5.59 1.00 0.00
0.30 2.44 5.76 1.00 0.00
0.30 2.44 5.94 1.00 0.00
0.30 2.44 6.11 1.00 0.00
0.30 2.44 6.28 1.00 0.00
0.30 2.44 6.46 1.00 0.00
0.30 2.44 6.63 1.00 0.00
0.30 2.44 6.81 1.00 0.00
0.30 2.44 6.98 1.00 0.00
0.30 2.44 7.16 1.00 0.00
0.30 2.44 7.33 1.00 0.00
0.50 2.44 4.41 1.00 0.00
0.50 2.44 4.59 1.00 0.00
0.50 2.44 4.76 1.00 0.00
0.50 2.44 4.93 1.00 0.00
0.50 2.44 5.11 1.00 0.00
0.50 2.44 5.28 1.00 0.00
0.50 2.44 5.46 1.00 0.00
0.50 2.44 5.63 1.00 0.00
0.50 2.44 5.81 1.00 0.00
0.50 2.44 5.98 1.00 0.00
0.50 2.44 6.16 1.00 0.00
0.50 2.44 6.33 1.00 0.00
0.50 2.44 6.51 1.00 0.00
0.50 2.44 6.68 1.00 0.00
0.50 2.44 6.85 1.00 0.00
0.50 2.44 7.03 1.00 0.00
0.50 2.44 7.20 1.00 0.00
0.50 2.44 7.38 1.00 0.00
0.70 2.44 4.45 1.00 0.00
0.70 2.44 4.63 1.00 0.00
0.70 2.44 4.80 1.00 0.00
0.70 2.44 4.98 1.00 0.00
0.70 2.44 5.15 1.00 0.00
0.70 2.44 5.33 1.00 0.00
0.70 2.44 5.50 1.00 0.00
0.70 2.44 5.68 1.00 0.00
0.70 2.44 5.85 1.00 0.00
0.70 2.44 6.03 1.00 0.00
0.70 2.44 6.20 1.00 0.00
0.70 2.44 6.37 1.00 0.00
0.70 2.44 6.55 1.00 0.00
0.70 2.44 6.72 1.00 0.00
0.70 2.44 6.90 1.00 0.00
0.70 2.44 7.07 1.00 0.00
0.70 2.44 7.25 1.00 0.00
0.70 2.44 7.42 1.00 0.00
0.90 2.44 4.50 1.00 0.00
0.90 2.44 4.67 1.00 0.00
0.90 2.44 4.85 1.00 0.00
0.90 2.44 5.02 1.00 0.00
0.90 2.44 5.19 1.00 0.00
0.90 2.44 5.37 1.00 0.00
0.90 2.44 5.54 1.00 0.00
0.90 2.44 5.72 1.00 0.00
0.90 2.44 5.89 1.00 0.00
0.90 2.44 6.07 1.00 0.00
0.90 2.44 6.24 1.00 0.00
0.90 2.44 6.42 1.00 0.00
0.90 2.44 6.59 1.00 0.00
0.90 2.44 6.77 1.00 0.00
0.90 2.44 6.94 1.00 0.00
0.90 2.44 7.11 1.00 0.00
0.90 2.44 7.29 1.00 0.00
0.90 2.44 7.46 1.00 0.00
1.10 2.44 4.53 1.00 0.00
1.10 2.44 4.71 1.00 0.00
1.10 2.44 4.88 1.00 0.00
1.10 2.44 5.06 1.00 0.00
1.10 2.44 5.23 1.00 0.00
1.10 2.44 5.41 1.00 0.00
1.10 2.44 5.58 1.00 0.00
1.10 2.44 5.76 1.00 0.00
1.10 2.44 5.93 1.00 0.00
1.10 2.44 6.11 1.00 0.00
1.10 2.44 6.28 1.00 0.00
1.10 2.44 6.45 1.00 0.00
1.10 2.44 6.63 1.00 0.00
1.10 2.44 6.80 1.00 0.00
1.10 2.44 6.98 1.00 0.00
1.10 2.44 7.15 1.00 0.00
1.10 2.44 7.33 1.00 0.00
1.10 2.44 7.50 1.00 0.00
0.30 2.62 4.36 1.00 0.00
0.30 2.62 4.53 1.00 0.00
0.30 2.62 4.71 1.00 0.00
0.30 2.62 4.88 1.00 0.00
0.30 2.62 5.05 1.00 0.00
0.30 2.62 5.23 1.00 0.00
0.30 2.62 5.40 1.00 0.00
0.30 2.62 5.58 1.00 0.00
0.30 2.62 5.75 1.00 0.00
0.30 2.62 5.93 1.00 0.00
0.30 2.62 6.10 1.00 0.00
0.30 2.62 6.28 1.00 0.00
0.30 2.62 6.45 1.00 0.00
0.30 2.62 6.63 1.00 0.00
0.30 2.62 6.80 1.00 0.00
0.30 2.62 6.97 1.00 0.00
0.30 2.62 7.15 1.00 0.00
0.30 2.62 7.32 1.00 0.00
0.50 2.62 4.40 1.00 0.00
0.50 2.62 4.57 1.00 0.00
0.50 2.62 4.75 1.00 0.00
0.50 2.62 4.92 1.00 0.00
0.50 2.62 5.09 1.00 0.00
0.50 2.62 5.27 1.00 0.00
0.50 2.62 5.44 1.00 0.00
0.50 2.62 5.62 1.00 0.00
0.50 2.62 5.79 1.00 0.00
0.50 2.62 5.97 1.00 0.00
0.50 2.62 6.14 1.00 0.00
0.50 2.62 6.32 1.00 0.00
0.50 2.62 6.49 1.00 0.00
0.50 2.62 6.67 1.00 0.00
0.50 2.62 6.84 1.00 0.00
0.50 2.62 7.01 1.00 0.00
0.50 2.62 7.19 1.00 0.00
0.50 2.62 7.36 1.00 0.00
0.70 2.62 4.43 1.00 0.00
0.70 2.62 4.61 1.00 0.00
0.70 2.62 4.78 1.00 0.00
0.70 2.62 4.96 1.00 0.00
0.70 2.62 5.13 1.00 0.00
0.70 2.62 5.31 1.00 0.00
0.70 2.62 5.48 1.00 0.00
0.70 2.62 5.66 1.00 0.00
0.70 2.62 5.83 1.00 0.00
0.70 2.62 6.01 1.00 0.00
0.70 2.62 6.18 1.00 0.00
0.70 2.62 6.35 1.00 0.00
0.70 2.62 6.53 1.00 0.00
0.70 2.62 6.70 1.00 0.00
0.70 2.62 6.88 1.00 0.00
0.70 2.62 7.05 1.00 0.00
0.70 2.62 7.23 1.00 0.00
0.70 2.62 7.40 1.00 0.00
0.90 2.62 4.47 1.00 0.00
0.90 2.62 4.64 1.00 0.00
0.90 2.62 4.82 1.00 0.00
0.90 2.62 4.99 1.00 0.00
0.90 2.62 5.17 1.00 0.00
0.90 2.62 5.34 1.00 0.00
0.90 2.62 5.52 1.00 0.00
0.90 2.62 5.69 1.00 0.00
0.90 2.62 5.87 1.00 0.00
0.90 2.62 6.04 1.00 0.00
0.90 2.62 6.22 1.00 0.00
0.90 2.62 6.39 1.00 0.00
0.90 2.62 6.56 1.00 0.00
0.90 2.62 6.74 1.00 0.00
0.90 2.62 6.91 1.00 0.00
0.90 2.62 7.09 1.00 0.00
0.90 2.62 7.26 1.00 0.00
0.90 2.62 7.44 1.00 0.00
1.10 2.62 4.50 1.00 0.00
1.10 2.62 4.68 1.00 0.00
1.10 2.62 4.85 1.00 0.00
1.10 2.62 5.03 1.00 0.00
1.10 2.62 5.20 1.00 0.00
1.10 2.62 5.38 1.00 0.00
1.10 2.62 5.55 1.00 0.00
1.10 2.62 5.72 1.00 0.00
1.10 2.62 5.90 1.00 0.00
1.10 2.62 6.07 1.00 0.00
1.10 2.62 6.25 1.00 0.00
1.10 2.62 6.42 1.00 0.00
1.10 2.62 6.60 1.00 0.00
1.10 2.62 6.77 1.00 0.00
1.10 2.62 6.95 1.00 0.00
1.10 2.62 7.12 1.00 0.00
1.10 2.62 7.30 1.00 0.00
1.10 2.62 7.47 1.00 0.00
0.30 2.79 4.35 1.00 0.00
0.30 2.79 4.52 1.00 0.00
0.30 2.79 4.70 1.00 0.00
0.30 2.79 4.87 1.00 0.00
0.30 2.79 5.04 1.00 0.00
0.30 2.79 5.22 1.00 0.00
0.30 2.79 5.39 1.00 0.00
0.30 2.79 5.57 1.00 0.00
0.30 2.79 5.74 1.00 0.00
0.30 2.79 5.92 1.00 0.00
0.30 2.79 6.09 1.00 0.00
0.30 2.79 6.27 1.00 0.00
0.30 2.79 6.44 1.00 0.00
0.30 2.79 6.62 1.00 0.00
0.30 2.79 6.79 1.00 0.00
0.30 2.79 6.96 1.00 0.00
0.30 2.79 7.14 1.00 0.00
0.30 2.79 7.31 1.00 0.00
0.50 2.79 4.38 1.00 0.00
0.50 2.79 4.55 1.00 0.00
0.50 2.79 4.73 1.00 0.00
0.50 2.79 4.90 1.00 0.00
0.50 2.79 5.08 1.00 0.00
0.50 2.79 5.25 1.00 0.00
0.50 2.79 5.43 1.00 0.00
0.50 2.79 5.60 1.00 0.00
0.50 2.79 5.78 1.00 0.00
0.50 2.79 5.95 1.00 0.00
0.50 2.79 6.13 1.00 0.00
0.50 2.79 6.30 1.00 0.00
0.50 2.79 6.47 1.00 0.00
0.50 2.79 6.65 1.00 0.00
0.50 2.79 6.82 1.00 0.00
0.50 2.79 7.00 1.00 0.00
0.50 2.79 7.17 1.00 0.00
0.50 2.79 7.35 1.00 0.00
0.70 2.79 4.41 1.00 0.00
0.70 2.79 4.59 1.00 0.00
0.70 2.79 4.76 1.00 0.00
0.70 2.79 4.94 1.00 0.00
0.70 2.79 5.11 1.00 0.00
0.70 2.79 5.28 1.00 0.00
0.70 2.79 5.46 1.00 0.00
0.70 2.79 5.63 1.00 0.00
0.70 2.79 5.81 1.00 0.00
0.70 2.79 5.98 1.00 0.00
0.70 2.79 6.16 1.00 0.00
0.70 2.79 6.33 1.00 0.00
0.70 2.79 6.51 1.00 0.00
0.70 2.79 6.68 1.00 0.00
0.70 2.79 6.86 1.00 0.00
0.70 2.79 7.03 1.00 0.00
0.70 2.79 7.20 1.00 0.00
0.70 2.79 7.38 1.00 0.00
0.90 2.79 4.44 1.00 0.00
0.90 2.79 4.62 1.00 0.00
0.90 2.79 4.79 1.00 0.00
0.90 2.79 4.96 1.00 0.00
0.90 2.79 5.14 1.00 0.00
0.90 2.79 5.31 1.00 0.00
0.90 2.79 5.49 1.00 0.00
0.90 2.79 5.66 1.00 0.00
0.90 2.79 5.84 1.00 0.00
0.90 2.79 6.01 1.00 0.00
0.90 2.79 6.19 1.00 0.00
0.90 2.79 6.36 1.00 0.00
0.90 2.79 6.54 1.00 0.00
0.90 2.79 6.71 1.00 0.00
0.90 2.79 6.88 1.00 0.00
0.90 2.79 7.06 1.00 0.00
0.90 2.79 7.23 1.00 0.00
0.90 2.79 7.41 1.00 0.00
1.10 2.79 4.47 1.00 0.00
1.10 2.79 4.64 1.00 0.00
1.10 2.79 4.82 1.00 0.00
1.10 2.79 4.99 1.00 0.00
1.10 2.79 5.17 1.00 0.00
1.10 2.79 5.34 1.00 0.00
1.10 2.79 5.51 1.00 0.00
1.10 2.79 5.69 1.00 0.00
1.10 2.79 5.86 1.00 0.00
1.10 2.79 6.04 1.00 0.00
1.10 2.79 6.21 1.00 0.00
1.10 2.79 6.39 1.00 0.00
1.10 2.79 6.56 1.00 0.00
1.10 2.79 6.74 1.00 0.00
1.10 2.79 6.91 1.00 0.00
1.10 2.79 7.09 1.00 0.00
1.10 2.79 7.26 1.00 0.00
1.10 2.79 7.43 1.00 0.00
0.30 2.97 4.33 1.00 0.00
0.30 2.97 4.51 1.00 0.00
0.30 2.97 4.68 1.00 0.00
0.30 2.97 4.86 1.00 0.00
0.30 2.97 5.03 1.00 0.00
0.30 2.97 5.21 1.00 0.00
0.30 2.97 5.38 1.00 0.00
0.30 2.97 5.56 1.00 0.00
0.30 2.97 5.73 1.00 0.00
0.30 2.97 5.91 1.00 0.00
0.30 2.97 6.08 1.00 0.00
0.30 2.97 6.25 1.00 0.00
0.30 2.97 6.43 1.00 0.00
0.30 2.97 6.60 1.00 0.00
0.30 2.97 6.78 1.00 0.00
0.30 2.97 6.95 1.00 0.00
0.30 2.97 7.13 1.00 0.00
0.30 2.97 7.30 1.00 0.00
0.50 2.97 4.36 1.00 0.00
0.50 2.97 4.54 1.00 0.00
0.50 2.97 4.71 1.00 0.00
0.50 2.97 4.89 1.00 0.00
0.50 2.97 5.06 1.00 0.00
0.50 2.97 5.23 1.00 0.00
0.50 2.97 5.41 1.00 0.00
0.50 2.97 5.58 1.00 0.00
0.50 2.97 5.76 1.00 0.00
0.50 2.97 5.93 1.00 0.00
0.50 2.97 6.11 1.00 0.00
0.50 2.97 6.28 1.00 0.00
0.50 2.97 6.46 1.00 0.00
0.50 2.97 6.63 1.00 0.00
0.50 2.97 6.81 1.00 0.00
0.50 2.97 6.98 1.00 0.00
0.50 2.97 7.15 1.00 0.00
0.50 2.97 7.33 1.00 0.00
0.70 2.97 4.39 1.00 0.00
0.70 2.97 4.56 1.00 0.00
0.70 2.97 4.74 1.00 0.00
0.70 2.97 4.91 1.00 0.00
0.70 2.97 5.08 1.00 0.00
0.70 2.97 5.26 1.00 0.00
0.70 2.97 5.43 1.00 0.00
0.70 2.97 5.61 1.00 0.00
0.70 2.97 5.78 1.00 0.00
0.70 2.97 5.96 1.00 0.00
0.70 2.97 6.13 1.00 0.00
0.70 2.97 6.31 1.00 0.00
0.70 2.97 6.48 1.00 0.00
0.70 2.97 6.66 1.00 0.00
0.70 2.97 6.83 1.00 0.00
0.70 2.97 7.00 1.00 0.00
0.70 2.97 7.18 1.00 0.00
0.70 2.97 7.35 1.00 0.00
0.90 2.97 4.41 1.00 0.00
0.90 2.97 4.58 1.00 0.00
0.90 2.97 4.76 1.00 0.00
0.90 2.97 4.93 1.00 0.00
0.90 2.97 5.11 1.00 0.00
0.90 2.97 5.28 1.00 0.00
0.90 2.97 5.46 1.00 0.00
0.90 2.97 5.63 1.00 0.00
0.90 2.97 5.81 1.00 0.00
0.90 2.97 5.98 1.00 0.00
0.90 2.97 6.15 1.00 0.00
0.90 2.97 6.33 1.00 0.00
0.90 2.97 6.50 1.00 0.00
0.90 2.97 6.68 1.00 0.00
0.90 2.97 6.85 1.00 0.00
0.90 2.97 7.03 1.00 0.00
0.90 2.97 7.20 1.00 0.00
0.90 2.97 7.38 1.00 0.00
1.10 2.97 4.43 1.00 0.00
1.10 2.97 4.60 1.00 0.00
1.10 2.97 4.78 1.00 0.00
1.10 2.97 4.95 1.00 0.00
1.10 2.97 5.13 1.00 0.00
1.10 2.97 5.30 1.00 0.00
1.10 2.97 5.48 1.00 0.00
1.10 2.97 5.65 1.00 0.00
1.10 2.97 5.83 1.00 0.00
1.10 2.97 6.00 1.00 0.00
1.10 2.97 6.18 1.00 0.00
1.10 2.97 6.35 1.00 0.00
1.10 2.97 6.52 1.00 0.00
1.10 2.97 6.70 1.00 0.00
1.10 2.97 6.87 1.00 0.00
1.10 2.97 7.05 1.00 0.00
1.10 2.97 7.22 1.00 0.00
1.10 2.97 7.40 1.00 0.00
0.30 3.14 4.32 1.00 0.00
0.30 3.14 4.50 1.00 0.00
0.30 3.14 4.67 1.00 0.00
0.30 3.14 4.85 1.00 0.00
0.30 3.14 5.02 1.00 0.00
0.30 3.14 5.20 1.00 0.00
0.30 3.14 5.37 1.00 0.00
0.30 3.14 5.54 1.00 0.00
0.30 3.14 5.72 1.00 0.00
0.30 3.14 5.89 1.00 0.00
0.30 3.14 6.07 1.00 0.00
0.30 3.14 6.24 1.00 0.00
0.30 3.14 6.42 1.00 0.00
0.30 3.14 6.59 1.00 0.00
0.30 3.14 6.77 1.00 0.00
0.30 3.14 6.94 1.00 0.00
0.30 3.14 7.11 1.00 0.00
0.30 3.14 7.29 1.00 0.00
0.50 3.14 4.34 1.00 0.00
0.50 3.14 4.52 1.00 0.00
0.50 3.14 4.69 1.00 0.00
0.50 3.14 4.87 1.00 0.00
0.50 3.14 5.04 1.00 0.00
0.50 3.14 5.21 1.00 0.00
0.50 3.14 5.39 1.00 0.00
0.50 3.14 5.56 1.00 0.00
0.50 3.14 5.74 1.00 0.00
0.50 3.14 5.91 1.00 0.00
0.50 3.14 6.09 1.00 0.00
0.50 3.14 6.26 1.00 0.00
0.50 3.14 6.44 1.00 0.00
0.50 3.14 6.61 1.00 0.00
0.50 3.14 6.79 1.00 0.00
0.50 3.14 6.96 1.00 0.00
0.50 3.14 7.13 1.00 0.00
0.50 3.14 7.31 1.00 0.00
0.70 3.14 4.36 1.00 0.00
0.70 3.14 4.53 1.00 0.00
0.70 3.14 4.71 1.00 0.00
0.70 3.14 4.88 1.00 0.00
0.70 3.14 5.06 1.00 0.00
0.70 3.14 5.23 1.00 0.00
0.70 3.14 5.41 1.00 0.00
0.70 3.14 5.58 1.00 0.00
0.70 3.14 5.76 1.00 0.00
0.70 3.14 5.93 1.00 0.00
0.70 3.14 6.10 1.00 0.00
0.70 3.14 6.28 1.00 0.00
0.70 3.14 6.45 1.00 0.00
0.70 3.14 6.63 1.00 0.00
0.70 3.14 6.80 1.00 0.00
0.70 3.14 6.98 1.00 0.00
0.70 3.14 7.15 1.00 0.00
0.70 3.14 7.33 1.00 0.00
0.90 3.14 4.38 1.00 0.00
0.90 3.14 4.55 1.00 0.00
0.90 3.14 4.72 1.00 0.00
0.90 3.14 4.90 1.00 0.00
0.90 3.14 5.07 1.00 0.00
0.90 3.14 5.25 1.00 0.00
0.90 3.14 5.42 1.00 0.00
0.90 3.14 5.60 1.00 0.00
0.90 3.14 5.77 1.00 0.00
0.90 3.14 5.95 1.00 0.00
0.90 3.14 6.12 1.00 0.00
0.90 3.14 6.30 1.00 0.00
0.90 3.14 6.47 1.00 0.00
0.90 3.14 6.64 1.00 0.00
0.90 3.14 6.82 1.00 0.00
0.90 3.14 6.99 1.00 0.00
0.90 3.14 7.17 1.00 0.00
0.90 3.14 7.34 1.00 0.00
1.10 3.14 4.39 1.00 0.00
1.10 3.14 4.56 1.00 0.00
1.10 3.14 4.74 1.00 0.00
1.10 3.14 4.91 1.00 0.00
1.10 3.14 5.09 1.00 0.00
1.10 3.14 5.26 1.00 0.00
1.10 3.14 5.44 1.00 0.00
1.10 3.14 5.61 1.00 0.00
1.10 3.14 5.79 1.00 0.00
1.10 3.14 5.96 1.00 0.00
1.10 3.14 6.14 1.00 0.00
1.10 3.14 6.31 1.00 0.00
1.10 3.14 6.48 1.00 0.00
1.10 3.14 6.66 1.00 0.00
1.10 3.14 6.83 1.00 0.00
1.10 3.14 7.01 1.00 0.00
1.10 3.14 7.18 1.00 0.00
1.10 3.14 7.36 1.00 0.00
0.30 3.32 4.31 1.00 0.00
0.30 3.32 4.48 1.00 0.00
0.30 3.32 4.66 1.00 0.00
0.30 3.32 4.83 1.00 0.00
0.30 3.32 5.01 1.00 0.00
0.30 3.32 5.18 1.00 0.00
0.30 3.32 5.36 1.00 0.00
0.30 3.32 5.53 1.00 0.00
0.30 3.32 5.71 1.00 0.00
0.30 3.32 5.88 1.00 0.00
0.30 3.32 6.05 1.00 0.00
0.30 3.32 6.23 1.00 0.00
0.30 3.32 6.40 1.00 0.00
0.30 3.32 6.58 1.00 0.00
0.30 3.32 6.75 1.00 0.00
0.30 3.32 6.93 1.00 0.00
0.30 3.32 7.10 1.00 0.00
0.30 3.32 7.28 1.00 0.00
0.50 3.32 4.32 1.00 0.00
0.50 3.32 4.50 1.00 0.00
0.50 3.32 4.67 1.00 0.00
0.50 3.32 4.84 1.00 0.00
0.50 3.32 5.02 1.00 0.00
0.50 3.32 5.19 1.00 0.00
0.50 3.32 5.37 1.00 0.00
0.50 3.32 5.54 1.00 0.00
0.50 3.32 5.72 1.00 0.00
0.50 3.32 5.89 1.00 0.00
0.50 3.32 6.07 1.00 0.00
0.50 3.32 6.24 1.00 0.00
0.50 3.32 6.41 1.00 0.00
0.50 3.32 6.59 1.00 0.00
0.50 3.32 6.76 1.00 0.00
0.50 3.32 6.94 1.00 0.00
0.50 3.32 7.11 1.00 0.00
0.50 3.32 7.29 1.00 0.00
0.70 3.32 4.33 1.00 0.00
0.70 3.32 4.51 1.00 0.00
0.70 3.32 4.68 1.00 0.00
0.70 3.32 4.85 1.00 0.00
0.70 3.32 5.03 1.00 0.00
0.70 3.32 5.20 1.00 0.00
0.70 3.32 5.38 1.00 0.00
0.70 3.32 5.55 1.00 0.00
0.70 3.32 5.73 1.00 0.00
0.70 3.32 5.90 1.00 0.00
0.70 3.32 6.08 1.00 0.00
0.70 3.32 6.25 1.00 0.00
0.70 3.32 6.43 1.00 0.00
0.70 3.32 6.60 1.00 0.00
0.70 3.32 6.77 1.00 0.00
0.70 3.32 6.95 1.00 0.00
0.70 3.32 7.12 1.00 0.00
0.70 3.32 7.30 1.00 0.00
0.90 3.32 4.34 1.00 0.00
0.90 3.32 4.51 1.00 0.00
0.90 3.32 4.69 1.00 0.00
0.90 3.32 4.86 1.00 0.00
0.90 3.32 5.04 1.00 0.00
0.90 3.32 5.21 1.00 0.00
0.90 3.32 5.39 1.00 0.00
0.90 3.32 5.56 1.00 0.00
0.90 3.32 5.74 1.00 0.00
0.90 3.32 5.91 1.00 0.00
0.90 3.32 6.09 1.00 0.00
0.90 3.32 6.26 1.00 0.00
0.90 3.32 6.43 1.00 0.00
0.90 3.32 6.61 1.00 0.00
0.90 3.32 6.78 1.00 0.00
0.90 3.32 6.96 1.00 0.00
0.90 3.32 7.13 1.00 0.00
0.90 3.32 7.31 1.00 0.00
1.10 3.32 4.35 1.00 0.00
1.10 3.32 4.52 1.00 0.00
1.10 3.32 4.70 1.00 0.00
1.10 3.32 4.87 1.00 0.00
1.10 3.32 5.05 1.00 0.00
1.10 3.32 5.22 1.00 0.00
1.10 3.32 5.40 1.00 0.00
1.10 3.32 5.57 1.00 0.00
1.10 3.32 5.75 1.00 0.00
1.10 3.32 5.92 1.00 0.00
1.10 3.32 6.09 1.00 0.00
1.10 3.32 6.27 1.00 0.00
1.10 3.32 6.44 1.00 0.00
1.10 3.32 6.62 1.00 0.00
1.10 3.32 6.79 1.00 0.00
1.10 3.32 6.97 1.00 0.00
1.10 3.32 7.14 1.00 0.00
1.10 3.32 7.32 1.00 0.00
0.30 3.49 4.30 1.00 0.00
0.30 3.49 4.47 1.00 0.00
0.30 3.49 4.64 1.00 0.00
0.30 3.49 4.82 1.00 0.00
0.30 3.49 4.99 1.00 0.00
0.30 3.49 5.17 1.00 0.00
0.30 3.49 5.34 1.00 0.00
0.30 3.49 5.52 1.00 0.00
0.30 3.49 5.69 1.00 0.00
0.30 3.49 5.87 1.00 0.00
0.30 3.49 6.04 1.00 0.00
0.30 3.49 6.22 1.00 0.00
0.30 3.49 6.39 1.00 0.00
0.30 3.49 6.56 1.00 0.00
0.30 3.49 6.74 1.00 0.00
0.30 3.49 6.91 1.00 0.00
0.30 3.49 7.09 1.00 0.00
0.30 3.49 7.26 1.00 0.00
0.50 3.49 4.30 1.00 0.00
0.50 3.49 4.47 1.00 0.00
0.50 3.49 4.65 1.00 0.00
0.50 3.49 4.82 1.00 0.00
0.50 3.49 5.00 1.00 0.00
0.50 3.49 5.17 1.00 0.00
0.50 3.49 5.35 1.00 0.00
0.50 3.49 5.52 1.00 0.00
0.50 3.49 5.70 1.00 0.00
0.50 3.49 5.87 1.00 0.00
0.50 3.49 6.04 1.00 0.00
0.50 3.49 6.22 1.00 0.00
0.50 3.49 6.39 1.00 0.00
0.50 3.49 6.57 1.00 0.00
0.50 3.49 6.74 1.00 0.00
0.50 3.49 6.92 1.00 0.00
0.50 3.49 7.09 1.00 0.00
0.50 3.49 7.27 1.00 0.00
0.70 3.49 4.30 1.00 0.00
0.70 3.49 4.48 1.00 0.00
0.70 3.49 4.65 1.00 0.00
0.70 3.49 4.83 1.00 0.00
0.70 3.49 5.00 1.00 0.00
0.70 3.49 5.17 1.00 0.00
0.70 3.49 5.35 1.00 0.00
0.70 3.49 5.52 1.00 0.00
0.70 3.49 5.70 1.00 0.00
0.70 3.49 5.87 1.00 0.00
0.70 3.49 6.05 1.00 0.00
0.70 3.49 6.22 1.00 0.00
0.70 3.49 6.40 1.00 0.00
0.70 3.49 6.57 1.00 0.00
0.70 3.49 6.75 1.00 0.00
0.70 3.49 6.92 1.00 0.00
0.70 3.49 7.09 1.00 0.00
0.70 3.49 7.27 1.00 0.00
0.90 3.49 4.30 1.00 0.00
0.90 3.49 4.48 1.00 0.00
0.90 3.49 4.65 1.00 0.00
0.90 3.49 4.83 1.00 0.00
0.90 3.49 5.00 1.00 0.00
0.90 3.49 5.18 1.00 0.00
0.90 3.49 5.35 1.00 0.00
0.90 3.49 5.53 1.00 0.00
0.90 3.49 5.70 1.00 0.00
0.90 3.49 5.88 1.00 0.00
0.90 3.49 6.05 1.00 0.00
0.90 3.49 6.22 1.00 0.00
0.90 3.49 6.40 1.00 0.00
0.90 3.49 6.57 1.00 0.00
0.90 3.49 6.75 1.00 0.00
0.90 3.49 6.92 1.00 0.00
0.90 3.49 7.10 1.00 0.00
0.90 3.49 7.27 1.00 0.00
1.10 3.49 4.31 1.00 0.00
1.10 3.49 4.48 1.00 0.00
1.10 3.49 4.66 1.00 0.00
1.10 3.49 4.83 1.00 0.00
1.10 3.49 5.01 1.00 0.00
1.10 3.49 5.18 1.00 0.00
1.10 3.49 5.35 1.00 0.00
1.10 3.49 5.53 1.00 0.00
1.10 3.49 5.70 1.00 0.00
1.10 3.49 5.88 1.00 0.00
1.10 3.49 6.05 1.00 0.00
1.10 3.49 6.23 1.00 0.00
1.10 3.49 6.40 1.00 0.00
1.10 3.49 6.58 1.00 0.00
1.10 3.49 6.75 1.00 0.00
1.10 3.49 6.93 1.00 0.00
1.10 3.49 7.10 1.00 0.00
1.10 3.49 7.27 1.00 0.00
0.30 3.67 10.56 1.00 0.00
0.30 3.67 10.74 1.00 0.00
0.30 3.67 10.91 1.00 0.00
0.30 3.67 11.09 1.00 0.00
0.30 3.67 11.26 1.00 0.00
0.30 3.67 11.44 1.00 0.00
0.30 3.67 11.61 1.00 0.00
0.30 3.67 11.79 1.00 0.00
0.30 3.67 11.96 1.00 0.00
0.30 3.67 12.14 1.00 0.00
0.30 3.67 12.31 1.00 0.00
0.30 3.67 12.48 1.00 0.00
0.30 3.67 12.66 1.00 0.00
0.30 3.67 12.83 1.00 0.00
0.30 3.67 13.01 1.00 0.00
0.30 3.67 13.18 1.00 0.00
0.30 3.67 13.36 1.00 0.00
0.30 3.67 13.53 1.00 0.00
0.50 3.67 10.56 1.00 0.00
0.50 3.67 10.73 1.00 0.00
0.50 3.67 10.91 1.00 0.00
0.50 3.67 11.08 1.00 0.00
0.50 3.67 11.26 1.00 0.00
0.50 3.67 11.43 1.00 0.00
0.50 3.67 11.61 1.00 0.00
0.50 3.67 11.78 1.00 0.00
0.50 3.67 11.96 1.00 0.00
0.50 3.67 12.13 1.00 0.00
0.50 3.67 12.31 1.00 0.00
0.50 3.67 12.48 1.00 0.00
0.50 3.67 12.65 1.00 0.00
0.50 3.67 12.83 1.00 0.00
0.50 3.67 13.00 1.00 0.00
0.50 3.67 13.18 1.00 0.00
0.50 3.67 13.35 1.00 0.00
0.50 3.67 13.53 1.00 0.00
0.70 3.67 10.56 1.00 0.00
0.70 3.67 10.73 1.00 0.00
0.70 3.67 10.90 1.00 0.00
0.70 3.67 11.08 1.00 0.00
0.70 3.67 11.25 1.00 0.00
0.70 3.67 11.43 1.00 0.00
0.70 3.67 11.60 1.00 0.00
0.70 3.67 11.78 1.00 0.00
0.70 3.67 11.95 1.00 0.00
0.70 3.67 12.13 1.00 0.00
0.70 3.67 12.30 1.00 0.00
0.70 3.67 12.48 1.00 0.00
0.70 3.67 12.65 1.00 0.00
0.70 3.67 12.82 1.00 0.00
0.70 3.67 13.00 1.00 0.00
0.70 3.67 13.17 1.00 0.00
0.70 3.67 13.35 1.00 0.00
0.70 3.67 13.52 1.00 0.00
0.90 3.67 10.55 1.00 0.00
0.90 3.67 10.73 1.00 0.00
0.90 3.67 10.90 1.00 0.00
0.90 3.67 11.08 1.00 0.00
0.90 3.67 11.25 1.00 0.00
0.90 3.67 11.42 1.00 0.00
0.90 3.67 11.60 1.00 0.00
0.90 3.67 11.77 1.00 0.00
0.90 3.67 11.95 1.00 0.00
0.90 3.67 12.12 1.00 0.00
0.90 3.67 12.30 1.00 0.00
0.90 3.67 12.47 1.00 0.00
0.90 3.67 12.65 1.00 0.00
0.90 3.67 12.82 1.00 0.00
0.90 3.67 13.00 1.00 0.00
0.90 3.67 13.17 1.00 0.00
0.90 3.67 13.34 1.00 0.00
0.90 3.67 13.52 1.00 0.00
1.10 3.67 10.55 1.00 0.00
1.10 3.67 10.72 1.00 0.00
1.10 3.67 10.90 1.00 0.00
1.10 3.67 11.07 1.00 0.00
1.10 3.67 11.25 1.00 0.00
1.10 3.67 11.42 1.00 0.00
1.10 3.67 11.60 1.00 0.00
1.10 3.67 11.77 1.00 0.00
1.10 3.67 11.94 1.00 0.00
1.10 3.67 12.12 1.00 0.00
1.10 3.67 12.29 1.00 0.00
1.10 3.67 12.47 1.00 0.00
1.10 3.67 12.64 1.00 0.00
1.10 3.67 12.82 1.00 0.00
1.10 3.67 12.99 1.00 0.00
1.10 3.67 13.17 1.00 0.00
1.10 3.67 13.34 1.00 0.00
1.10 3.67 13.52 1.00 0.00
0.30 3.84 10.55 1.00 0.00
0.30 3.84 10.73 1.00 0.00
0.30 3.84 10.90 1.00 0.00
0.30 3.84 11.07 1.00 0.00
0.30 3.84 11.25 1.00 0.00
0.30 3.84 11.42 1.00 0.00
0.30 3.84 11.60 1.00 0.00
0.30 3.84 11.77 1.00 0.00
0.30 3.84 11.95 1.00 0.00
0.30 3.84 12.12 1.00 0.00
0.30 3.84 12.30 1.00 0.00
0.30 3.84 12.47 1.00 0.00
0.30 3.84 12.65 1.00 0.00
0.30 3.84 12.82 1.00 0.00
0.30 3.84 12.99 1.00 0.00
0.30 3.84 13.17 1.00 0.00
0.30 3.84 13.34 1.00 0.00
0.30 3.84 13.52 1.00 0.00
0.50 3.84 10.54 1.00 0.00
0.50 3.84 10.71 1.00 0.00
0.50 3.84 10.89 1.00 0.00
0.50 3.84 11.06 1.00 0.00
0.50 3.84 11.24 1.00 0.00
0.50 3.84 11.41 1.00 0.00
0.50 3.84 11.59 1.00 0.00
0.50 3.84 11.76 1.00 0.00
0.50 3.84 11.93 1.00 0.00
0.50 3.84 12.11 1.00 0.00
0.50 3.84 12.28 1.00 0.00
0.50 3.84 12.46 1.00 0.00
0.50 3.84 12.63 1.00 0.00
0.50 3.84 12.81 1.00 0.00
0.50 3.84 12.98 1.00 0.00
0.50 3.84 13.16 1.00 0.00
0.50 3.84 13.33 1.00 0.00
0.50 3.84 13.51 1.00 0.00
0.70 3.84 10.53 1.00 0.00
0.70 3.84 10.70 1.00 0.00
0.70 3.84 10.88 1.00 0.00
0.70 3.84 11.05 1.00 0.00
0.70 3.84 11.23 1.00 0.00
0.70 3.84 11.40 1.00 0.00
0.70 3.84 11.57 1.00 0.00
0.70 3.84 11.75 1.00 0.00
0.70 3.84 11.92 1.00 0.00
0.70 3.84 12.10 1.00 0.00
0.70 3.84 12.27 1.00 0.00
0.70 3.84 12.45 1.00 0.00
0.70 3.84 12.62 1.00 0.00
0.70 3.84 12.80 1.00 0.00
0.70 3.84 12.97 1.00 0.00
0.70 3.84 13.14 1.00 0.00
0.70 3.84 13.32 1.00 0.00
0.70 3.84 13.49 1.00 0.00
0.90 3.84 10.52 1.00 0.00
0.90 3.84 10.69 1.00 0.00
0.90 3.84 10.87 1.00 0.00
0.90 3.84 11.04 1.00 0.00
0.90 3.84 11.21 1.00 0.00
0.90 3.84 11.39 1.00 0.00
0.90 3.84 11.56 1.00 0.00
0.90 3.84 11.74 1.00 0.00
0.90 3.84 11.91 1.00 0.00
0.90 3.84 12.09 1.00 0.00
0.90 3.84 12.26 1.00 0.00
0.90 3.84 12.44 1.00 0.00
0.90 3.84 12.61 1.00 0.00
0.90 3.84 12.79 1.00 0.00
0.90 3.84 12.96 1.00 0.00
0.90 3.84 13.13 1.00 0.00
0.90 3.84 13.31 1.00 0.00
0.90 3.84 13.48 1.00 0.00
1.10 3.84 10.51 1.00 0.00
1.10 3.84 10.68 1.00 0.00
1.10 3.84 10.86 1.00 0.00
1.10 3.84 11.03 1.00 0.00
1.10 3.84 11.20 1.00 0.00
1.10 3.84 11.38 1.00 0.00
1.10 3.84 11.55 1.00 0.00
1.10 3.84 11.73 1.00 0.00
1.10 3.84 11.90 1.00 0.00
1.10 3.84 12.08 1.00 0.00
1.10 3.84 12.25 1.00 0.00
1.10 3.84 12.43 1.00 0.00
1.10 3.84 12.60 1.00 0.00
1.10 3.84 12.78 1.00 0.00
1.10 3.84 12.95 1.00 0.00
1.10 3.84 13.12 1.00 0.00
1.10 3.84 13.30 1.00 0.00
1.10 3.84 13.47 1.00 0.00
0.30 4.01 10.54 1.00 0.00
0.30 4.01 10.71 1.00 0.00
0.30 4.01 10.89 1.00 0.00
0.30 4.01 11.06 1.00 0.00
0.30 4.01 11.24 1.00 0.00
0.30 4.01 11.41 1.00 0.00
0.30 4.01 11.59 1.00 0.00
0.30 4.01 11.76 1.00 0.00
0.30 4.01 11.93 1.00 0.00
0.30 4.01 12.11 1.00 0.00
0.30 4.01 12.28 1.00 0.00
0.30 4.01 12.46 1.00 0.00
0.30 4.01 12.63 1.00 0.00
0.30 4.01 12.81 1.00 0.00
0.30 4.01 12.98 1.00 0.00
0.30 4.01 13.16 1.00 0.00
0.30 4.01 13.33 1.00 0.00
0.30 4.01 13.50 1.00 0.00
0.50 4.01 10.52 1.00 0.00
0.50 4.01 10.69 1.00 0.00
0.50 4.01 10.87 1.00 0.00
0.50 4.01 11.04 1.00 0.00
0.50 4.01 11.22 1.00 0.00
0.50 4.01 11.39 1.00 0.00
0.50 4.01 11.56 1.00 0.00
0.50 4.01 11.74 1.00 0.00
0.50 4.01 11.91 1.00 0.00
0.50 4.01 12.09 1.00 0.00
0.50 4.01 12.26 1.00 0.00
0.50 4.01 12.44 1.00 0.00
0.50 4.01 12.61 1.00 0.00
0.50 4.01 12.79 1.00 0.00
0.50 4.01 12.96 1.00 0.00
0.50 4.01 13.14 1.00 0.00
0.50 4.01 13.31 1.00 0.00
0.50 4.01 13.48 1.00 0.00
0.70 4.01 10.50 1.00 0.00
0.70 4.01 10.67 1.00 0.00
0.70 4.01 10.85 1.00 0.00
0.70 4.01 11.02 1.00 0.00
0.70 4.01 11.20 1.00 0.00
0.70 4.01 11.37 1.00 0.00
0.70 4.01 11.55 1.00 0.00
0.70 4.01 11.72 1.00 0.00
0.70 4.01 11.89 1.00 0.00
0.70 4.01 12.07 1.00 0.00
0.70 4.01 12.24 1.00 0.00
0.70 4.01 12.42 1.00 0.00
0.70 4.01 12.59 1.00 0.00
0.70 4.01 12.77 1.00 0.00
0.70 4.01 12.94 1.00 0.00
0.70 4.01 13.12 1.00 0.00
0.70 4.01 13.29 1.00 0.00
0.70 4.01 13.47 1.00 0.00
0.90 4.01 10.48 1.00 0.00
0.90 4.01 10.66 1.00 0.00
0.90 4.01 10.83 1.00 0.00
0.90 4.01 11.01 1.00 0.00
0.90 4.01 11.18 1.00 0.00
0.90 4.01 11.35 1.00 0.00
0.90 4.01 11.53 1.00 0.00
0.90 4.01 11.70 1.00 0.00
0.90 4.01 11.88 1.00 0.00
0.90 4.01 12.05 1.00 0.00
0.90 4.01 12.23 1.00 0.00
0.90 4.01 12.40 1.00 0.00
0.90 4.01 12.58 1.00 0.00
0.90 4.01 12.75 1.00 0.00
0.90 4.01 12.93 1.00 0.00
0.90 4.01 13.10 1.00 0.00
0.90 4.01 13.27 1.00 0.00
0.90 4.01 13.45 1.00 0.00
1.10 4.01 10.47 1.00 0.00
1.10 4.01 10.64 1.00 0.00
1.10 4.01 10.82 1.00 0.00
1.10 4.01 10.99 1.00 0.00
1.10 4.01 11.16 1.00 0.00
1.10 4.01 11.34 1.00 0.00
1.10 4.01 11.51 1.00 0.00
1.10 4.01 11.69 1.00 0.00
1.10 4.01 11.86 1.00 0.00
1.10 4.01 12.04 1.00 0.00
1.10 4.01 12.21 1.00 0.00
1.10 4.01 12.39 1.00 0.00
1.10 4.01 12.56 1.00 0.00
1.10 4.01 12.73 1.00 0.00
1.10 4.01 12.91 1.00 0.00
1.10 4.01 13.08 1.00 0.00
1.10 4.01 13.26 1.00 0.00
1.10 4.01 13.43 1.00 0.00
0.30 4.19 10.53 1.00 0.00
0.30 4.19 10.70 1.00 0.00
0.30 4.19 10.87 1.00 0.00
0.30 4.19 11.05 1.00 0.00
0.30 4.19 11.22 1.00 0.00
0.30 4.19 11.40 1.00 0.00
0.30 4.19 11.57 1.00 0.00
0.30 4.19 11.75 1.00 0.00
0.30 4.19 11.92 1.00 0.00
0.30 4.19 12.10 1.00 0.00
0.30 4.19 12.27 1.00 0.00
0.30 4.19 12.45 1.00 0.00
0.30 4.19 12.62 1.00 0.00
0.30 4.19 12.79 1.00 0.00
0.30 4.19 12.97 1.00 0.00
0.30 4.19 13.14 1.00 0.00
0.30 4.19 13.32 1.00 0.00
0.30 4.19 13.49 1.00 0.00
0.50 4.19 10.50 1.00 0.00
0.50 4.19 10.67 1.00 0.00
0.50 4.19 10.85 1.00 0.00
0.50 4.19 11.02 1.00 0.00
0.50 4.19 11.20 1.00 0.00
0.50 4.19 11.37 1.00 0.00
0.50 4.19 11.54 1.00 0.00
0.50 4.19 11.72 1.00 0.00
0.50 4.19 11.89 1.00 0.00
0.50 4.19 12.07 1.00 0.00
0.50 4.19 12.24 1.00 0.00
0.50 4.19 12.42 1.00 0.00
0.50 4.19 12.59 1.00 0.00
0.50 4.19 12.77 1.00 0.00
0.50 4.19 12.94 1.00 0.00
0.50 4.19 13.12 1.00 0.00
0.50 4.19 13.29 1.00 0.00
0.50 4.19 13.46 1.00 0.00
0.70 4.19 10.47 1.00 0.00
0.70 4.19 10.65 1.00 0.00
0.70 4.19 10.82 1.00 0.00
0.70 4.19 11.00 1.00 0.00
0.70 4.19 11.17 1.00 0.00
0.70 4.19 11.34 1.00 0.00
0.70 4.19 11.52 1.00 0.00
0.70 4.19 11.69 1.00 0.00
0.70 4.19 11.87 1.00 0.00
0.70 4.19 12.04 1.00 0.00
0.70 4.19 12.22 1.00 0.00
0.70 4.19 12.39 1.00 0.00
0.70 4.19 12.57 1.00 0.00
0.70 4.19 12.74 1.00 0.00
0.70 4.19 12.92 1.00 0.00
0.70 4.19 13.09 1.00 0.00
0.70 4.19 13.26 1.00 0.00
0.70 4.19 13.44 1.00 0.00
0.90 4.19 10.45 1.00 0.00
0.90 4.19 10.62 1.00 0.00
0.90 4.19 10.80 1.00 0.00
0.90 4.19 10.97 1.00 0.00
0.90 4.19 11.15 1.00 0.00
0.90 4.19 11.32 1.00 0.00
0.90 4.19 11.50 1.00 0.00
0.90 4.19 11.67 1.00 0.00
0.90 4.19 11.84 1.00 0.00
0.90 4.19 12.02 1.00 0.00
0.90 4.19 12.19 1.00 0.00
0.90 4.19 12.37 1.00 0.00
0.90 4.19 12.54 1.00 0.00
0.90 4.19 12.72 1.00 0.00
0.90 4.19 12.89 1.00 0.00
0.90 4.19 13.07 1.00 0.00
0.90 4.19 13.24 1.00 0.00
0.90 4.19 13.42 1.00 0.00
1.10 4.19 10.43 1.00 0.00
1.10 4.19 10.60 1.00 0.00
1.10 4.19 10.78 1.00 0.00
1.10 4.19 10.95 1.00 0.00
1.10 4.19 11.12 1.00 0.00
1.10 4.19 11.30 1.00 0.00
1.10 4.19 11.47 1.00 0.00
1.10 4.19 11.65 1.00 0.00
1.10 4.19 11.82 1.00 0.00
1.10 4.19 12.00 1.00 0.00
1.10 4.19 12.17 1.00 0.00
1.10 4.19 12.35 1.00 0.00
1.10 4.19 12.52 1.00 0.00
1.10 4.19 12.70 1.00 0.00
1.10 4.19 12.87 1.00 0.00
1.10 4.19 13.04 1.00 0.00
1.10 4.19 13.22 1.00 0.00
1.10 4.19 13.39 1.00 0.00
0.30 4.36 10.51 1.00 0.00
0.30 4.36 10.69 1.00 0.00
0.30 4.36 10.86 1.00 0.00
0.30 4.36 11.04 1.00 0.00
0.30 4.36 11.21 1.00 0.00
0.30 4.36 11.39 1.00 0.00
0.30 4.36 11.56 1.00 0.00
0.30 4.36 11.74 1.00 0.00
0.30 4.36 11.91 1.00 0.00
0.30 4.36 12.09 1.00 0.00
0.30 4.36 12.26 1.00 0.00
0.30 4.36 12.43 1.00 0.00
0.30 4.36 12.61 1.00 0.00
0.30 4.36 12.78 1.00 0.00
0.30 4.36 12.96 1.00 0.00
0.30 4.36 13.13 1.00 0.00
0.30 4.36 13.31 1.00 0.00
0.30 4.36 13.48 1.00 0.00
0.50 4.36 10.48 1.00 0.00
0.50 4.36 10.65 1.00 0.00
0.50 4.36 10.83 1.00 0.00
0.50 4.36 11.00 1.00 0.00
0.50 4.36 11.18 1.00 0.00
0.50 4.36 11.35 1.00 0.00
0.50 4.36 11.53 1.00 0.00
0.50 4.36 11.70 1.00 0.00
0.50 4.36 11.88 1.00 0.00
0.50 4.36 12.05 1.00 0.00
0.50 4.36 12.22 1.00 0.00
0.50 4.36 12.40 1.00 0.00
0.50 4.36 12.57 1.00 0.00
0.50 4.36 12.75 1.00 0.00
0.50 4.36 12.92 1.00 0.00
0.50 4.36 13.10 1.00 0.00
0.50 4.36 13.27 1.00 0.00
0.50 4.36 13.45 1.00 0.00
0.70 4.36 10.45 1.00 0.00
0.70 4.36 10.62 1.00 0.00
0.70 4.36 10.80 1.00 0.00
0.70 4.36 10.97 1.00 0.00
0.70 4.36 11.14 1.00 0.00
0.70 4.36 11.32 1.00 0.00
0.70 4.36 11.49 1.00 0.00
0.70 4.36 11.67 1.00 0.00
0.70 4.36 11.84 1.00 0.00
0.70 4.36 12.02 1.00 0.00
0.70 4.36 12.19 1.00 0.00
0.70 4.36 12.37 1.00 0.00
0.70 4.36 12.54 1.00 0.00
0.70 4.36 12.72 1.00 0.00
0.70 4.36 12.89 1.00 0.00
0.70 4.36 13.06 1.00 0.00
0.70 4.36 13.24 1.00 0.00
0.70 4.36 13.41 1.00 0.00
0.90 4.36 10.42 1.00 0.00
0.90 4.36 10.59 1.00 0.00
0.90 4.36 10.77 1.00 0.00
0.90 4.36 10.94 1.00 0.00
0.90 4.36 11.11 1.00 0.00
0.90 4.36 11.29 1.00 0.00
0.90 4.36 11.46 1.00 0.00
0.90 4.36 11.64 1.00 0.00
0.90 4.36 11.81 1.00 0.00
0.90 4.36 11.99 1.00 0.00
0.90 4.36 12.16 1.00 0.00
0.90 4.36 12.34 1.00 0.00
0.90 4.36 12.51 1.00 0.00
0.90 4.36 12.69 1.00 0.00
0.90 4.36 12.86 1.00 0.00
0.90 4.36 13.03 1.00 0.00
0.90 4.36 13.21 1.00 0.00
0.90 4.36 13.38 1.00 0.00
1.10 4.36 10.39 1.00 0.00
1.10 4.36 10.56 1.00 0.00
1.10 4.36 10.74 1.00 0.00
1.10 4.36 10.91 1.00 0.00
1.10 4.36 11.09 1.00 0.00
1.10 4.36 11.26 1.00 0.00
1.10 4.36 11.44 1.00 0.00
1.10 4.36 11.61 1.00 0.00
1.10 4.36 11.79 1.00 0.00
1.10 4.36 11.96 1.00 0.00
1.10 4.36 12.13 1.00 0.00
1.10 4.36 12.31 1.00 0.00
1.10 4.36 12.48 1.00 0.00
1.10 4.36 12.66 1.00 0.00
1.10 4.36 12.83 1.00 0.00
1.10 4.36 13.01 1.00 0.00
1.10 4.36 13.18 1.00 0.00
1.10 4.36 13.36 1.00 0.00
0.30 4.54 10.50 1.00 0.00
0.30 4.54 10.68 1.00 0.00
0.30 4.54 10.85 1.00 0.00
0.30 4.54 11.03 1.00 0.00
0.30 4.54 11.20 1.00 0.00
0.30 4.54 11.38 1.00 0.00
0.30 4.54 11.55 1.00 0.00
0.30 4.54 11.73 1.00 0.00
0.30 4.54 11.90 1.00 0.00
0.30 4.54 12.08 1.00 0.00
0.30 4.54 12.25 1.00 0.00
0.30 4.54 12.42 1.00 0.00
0.30 4.54 12.60 1.00 0.00
0.30 4.54 12.77 1.00 0.00
0.30 4.54 12.95 1.00 0.00
0.30 4.54 13.12 1.00 0.00
0.30 4.54 13.30 1.00 0.00
0.30 4.54 13.47 1.00 0.00
0.50 4.54 10.46 1.00 0.00
0.50 4.54 10.64 1.00 0.00
0.50 4.54 10.81 1.00 0.00
0.50 4.54 10.99 1.00 0.00
0.50 4.54 11.16 1.00 0.00
0.50 4.54 11.34 1.00 0.00
0.50 4.54 11.51 1.00 0.00
0.50 4.54 11.68 1.00 0.00
0.50 4.54 11.86 1.00 0.00
0.50 4.54 12.03 1.00 0.00
0.50 4.54 12.21 1.00 0.00
0.50 4.54 12.38 1.00 0.00
0.50 4.54 12.56 1.00 0.00
0.50 4.54 12.73 1.00 0.00
0.50 4.54 12.91 1.00 0.00
0.50 4.54 13.08 1.00 0.00
0.50 4.54 13.26 1.00 0.00
0.50 4.54 13.43 1.00 0.00
0.70 4.54 10.42 1.00 0.00
0.70 4.54 10.60 1.00 0.00
0.70 4.54 10.77 1.00 0.00
0.70 4.54 10.95 1.00 0.00
0.70 4.54 11.12 1.00 0.00
0.70 4.54 11.30 1.00 0.00
0.70 4.54 11.47 1.00 0.00
0.70 4.54 11.65 1.00 0.00
0.70 4.54 11.82 1.00 0.00
0.70 4.54 12.00 1.00 0.00
0.70 4.54 12.17 1.00 0.00
0.70 4.54 12.34 1.00 0.00
0.70 4.54 12.52 1.00 0.00
0.70 4.54 12.69 1.00 0.00
0.70 4.54 12.87 1.00 0.00
0.70 4.54 13.04 1.00 0.00
0.70 4.54 13.22 1.00 0.00
0.70 4.54 13.39 1.00 0.00
0.90 4.54 10.39 1.00 0.00
0.90 4.54 10.56 1.00 0.00
0.90 4.54 10.74 1.00 0.00
0.90 4.54 10.91 1.00 0.00
0.90 4.54 11.09 1.00 0.00
0.90 4.54 11.26 1.00 0.00
0.90 4.54 11.44 1.00 0.00
0.90 4.54 11.61 1.00 0.00
0.90 4.54 11.78 1.00 0.00
0.90 4.54 11.96 1.00 0.00
0.90 4.54 12.13 1.00 0.00
0.90 4.54 12.31 1.00 0.00
0.90 4.54 12.48 1.00 0.00
0.90 4.54 12.66 1.00 0.00
0.90 4.54 12.83 1.00 0.00
0.90 4.54 13.01 1.00 0.00
0.90 4.54 13.18 1.00 0.00
0.90 4.54 13.36 1.00 0.00
1.10 4.54 10.35 1.00 0.00
1.10 4.54 10.53 1.00 0.00
1.10 4.54 10.70 1.00 0.00
1.10 4.54 10.88 1.00 0.00
1.10 4.54 11.05 1.00 0.00
1.10 4.54 11.23 1.00 0.00
1.10 4.54 11.40 1.00 0.00
1.10 4.54 11.58 1.00 0.00
1.10 4.54 11.75 1.00 0.00
1.10 4.54 11.92 1.00 0.00
1.10 4.54 12.10 1.00 0.00
1.10 4.54 12.27 1.00 0.00
1.10 4.54 12.45 1.00 0.00
1.10 4.54 12.62 1.00 0.00
1.10 4.54 12.80 1.00 0.00
1.10 4.54 12.97 1.00 0.00
1.10 4.54 13.15 1.00 0.00
1.10 4.54 13.32 1.00 0.00
0.30 4.71 10.50 1.00 0.00
0.30 4.71 10.67 1.00 0.00
0.30 4.71 10.85 1.00 0.00
0.30 4.71 11.02 1.00 0.00
0.30 4.71 11.19 1.00 0.00
0.30 4.71 11.37 1.00 0.00
0.30 4.71 11.54 1.00 0.00
0.30 4.71 11.72 1.00 0.00
0.30 4.71 11.89 1.00 0.00
0.30 4.71 12.07 1.00 0.00
0.30 4.71 12.24 1.00 0.00
0.30 4.71 12.42 1.00 0.00
0.30 4.71 12.59 1.00 0.00
0.30 4.71 12.77 1.00 0.00
0.30 4.71 12.94 1.00 0.00
0.30 4.71 13.11 1.00 0.00
0.30 4.71 13.29 1.00 0.00
0.30 4.71 13.46 1.00 0.00
0.50 4.71 10.45 1.00 0.00
0.50 4.71 10.62 1.00 0.00
0.50 4.71 10.80 1.00 0.00
0.50 4.71 10.97 1.00 0.00
0.50 4.71 11.15 1.00 0.00
0.50 4.71 11.32 1.00 0.00
0.50 4.71 11.50 1.00 0.00
0.50 4.71 11.67 1.00 0.00
0.50 4.71 11.85 1.00 0.00
0.50 4.71 12.02 1.00 0.00
0.50 4.71 12.19 1.00 0.00
0.50 4.71 12.37 1.00 0.00
0.50 4.71 12.54 1.00 0.00
0.50 4.71 12.72 1.00 0.00
0.50 4.71 12.89 1.00 0.00
0.50 4.71 13.07 1.00 0.00
0.50 4.71 13.24 1.00 0.00
0.50 4.71 13.42 1.00 0.00
0.70 4.71 10.40 1.00 0.00
0.70 4.71 10.58 1.00 0.00
0.70 4.71 10.75 1.00 0.00
0.70 4.71 10.93 1.00 0.00
0.70 4.71 11.10 1.00 0.00
0.70 4.71 11.28 1.00 0.00
0.70 4.71 11.45 1.00 0.00
0.70 4.71 11.63 1.00 0.00
0.70 4.71 11.80 1.00 0.00
0.70 4.71 11.98 1.00 0.00
0.70 4.71 12.15 1.00 0.00
0.70 4.71 12.32 1.00 0.00
0.70 4.71 12.50 1.00 0.00
0.70 4.71 12.67 1.00 0.00
0.70 4.71 12.85 1.00 0.00
0.70 4.71 13.02 1.00 0.00
0.70 4.71 13.20 1.00 0.00
0.70 4.71 13.37 1.00 0.00
0.90 4.71 10.36 1.00 0.00
0.90 4.71 10.54 1.00 0.00
0.90 4.71 10.71 1.00 0.00
0.90 4.71 10.89 1.00 0.00
0.90 4.71 11.06 1.00 0.00
0.90 4.71 11.24 1.00 0.00
0.90 4.71 11.41 1.00 0.00
0.90 4.71 11.58 1.00 0.00
0.90 4.71 11.76 1.00 0.00
0.90 4.71 11.93 1.00 0.00
0.90 4.71 12.11 1.00 0.00
0.90 4.71 12.28 1.00 0.00
0.90 4.71 12.46 1.00 0.00
0.90 4.71 12.63 1.00 0.00
0.90 4.71 12.81 1.00 0.00
0.90 4.71 12.98 1.00 0.00
0.90 4.71 13.15 1.00 0.00
0.90 4.71 13.33 1.00 0.00
1.10 4.71 10.32 1.00 0.00
1.10 4.71 10.50 1.00 0.00
1.10 4.71 10.67 1.00 0.00
1.10 4.71 10.85 1.00 0.00
1.10 4.71 11.02 1.00 0.00
1.10 4.71 11.20 1.00 0.00
1.10 4.71 11.37 1.00 0.00
1.10 4.71 11.54 1.00 0.00
1.10 4.71 11.72 1.00 0.00
1.10 4.71 11.89 1.00 0.00
1.10 4.71 12.07 1.00 0.00
1.10 4.71 12.24 1.00 0.00
1.10 4.71 12.42 1.00 0.00
1.10 4.71 12.59 1.00 0.00
1.10 4.71 12.77 1.00 0.00
1.10 4.71 12.94 1.00 0.00
1.10 4.71 13.12 1.00 0.00
1.10 4.71 13.29 1.00 0.00
0.30 4.89 10.49 1.00 0.00
0.30 4.89 10.67 1.00 0.00
0.30 4.89 10.84 1.00 0.00
0.30 4.89 11.01 1.00 0.00
0.30 4.89 11.19 1.00 0.00
0.30 4.89 11.36 1.00 0.00
0.30 4.89 11.54 1.00 0.00
0.30 4.89 11.71 1.00 0.00
0.30 4.89 11.89 1.00 0.00
0.30 4.89 12.06 1.00 0.00
0.30 4.89 12.24 1.00 0.00
0.30 4.89 12.41 1.00 0.00
0.30 4.89 12.59 1.00 0.00
0.30 4.89 12.76 1.00 0.00
0.30 4.89 12.93 1.00 0.00
0.30 4.89 13.11 1.00 0.00
0.30 4.89 13.28 1.00 0.00
0.30 4.89 13.46 1.00 0.00
0.50 4.89 10.44 1.00 0.00
0.50 4.89 10.61 1.00 0.00
0.50 4.89 10.79 1.00 0.00
0.50 4.89 10.96 1.00 0.00
0.50 4.89 11.14 1.00 0.00
0.50 4.89 11.31 1.00 0.00
0.50 4.89 11.49 1.00 0.00
0.50 4.89 11.66 1.00 0.00
0.50 4.89 11.84 1.00 0.00
0.50 4.89 12.01 1.00 0.00
0.50 4.89 12.18 1.00 0.00
0.50 4.89 12.36 1.00 0.00
0.50 4.89 12.53 1.00 0.00
0.50 4.89 12.71 1.00 0.00
0.50 4.89 12.88 1.00 0.00
0.50 4.89 13.06 1.00 0.00
0.50 4.89 13.23 1.00 0.00
0.50 4.89 13.41 1.00 0.00
0.70 4.89 10.39 1.00 0.00
0.70 4.89 10.56 1.00 0.00
0.70 4.89 10.74 1.00 0.00
0.70 4.89 10.91 1.00 0.00
0.70 4.89 11.09 1.00 0.00
0.70 4.89 11.26 1.00 0.00
0.70 4.89 11.44 1.00 0.00
0.70 4.89 11.61 1.00 0.00
0.70 4.89 11.79 1.00 0.00
0.70 4.89 11.96 1.00 0.00
0.70 4.89 12.13 1.00 0.00
0.70 4.89 12.31 1.00 0.00
0.70 4.89 12.48 1.00 0.00
0.70 4.89 12.66 1.00 0.00
0.70 4.89 12.83 1.00 0.00
0.70 4.89 13.01 1.00 0.00
0.70 4.89 13.18 1.00 0.00
0.70 4.89 13.36 1.00 0.00
0.90 4.89 10.34 1.00 0.00
0.90 4.89 10.52 1.00 0.00
0.90 4.89 10.69 1.00 0.00
0.90 4.89 10.86 1.00 0.00
0.90 4.89 11.04 1.00 0.00
0.90 4.89 11.21 1.00 0.00
0.90 4.89 11.39 1.00 0.00
0.90 4.89 11.56 1.00 0.00
0.90 4.89 11.74 1.00 0.00
0.90 4.89 11.91 1.00 0.00
0.90 4.89 12.09 1.00 0.00
0.90 4.89 12.26 1.00 0.00
0.90 4.89 12.44 1.00 0.00
0.90 4.89 12.61 1.00 0.00
0.90 4.89 12.78 1.00 0.00
0.90 4.89 12.96 1.00 0.00
0.90 4.89 13.13 1.00 0.00
0.90 4.89 13.31 1.00 0.00
1.10 4.89 10.30 1.00 0.00
1.10 4.89 10.47 1.00 0.00
1.10 4.89 10.64 1.00 0.00
1.10 4.89 10.82 1.00 0.00
1.10 4.89 10.99 1.00 0.00
1.10 4.89 11.17 1.00 0.00
1.10 4.89 11.34 1.00 0.00
1.10 4.89 11.52 1.00 0.00
1.10 4.89 11.69 1.00 0.00
1.10 4.89 11.87 1.00 0.00
1.10 4.89 12.04 1.00 0.00
1.10 4.89 12.22 1.00 0.00
1.10 4.89 12.39 1.00 0.00
1.10 4.89 12.56 1.00 0.00
1.10 4.89 12.74 1.00 0.00
1.10 4.89 12.91 1.00 0.00
1.10 4.89 13.09 1.00 0.00
1.10 4.89 13.26 1.00 0.00
0.30 5.06 10.49 1.00 0.00
0.30 5.06 10.66 1.00 0.00
0.30 5.06 10.84 1.00 0.00
0.30 5.06 11.01 1.00 0.00
0.30 5.06 11.19 1.00 0.00
0.30 5.06 11.36 1.00 0.00
0.30 5.06 11.53 1.00 0.00
0.30 5.06 11.71 1.00 0.00
0.30 5.06 11.88 1.00 0.00
0.30 5.06 12.06 1.00 0.00
0.30 5.06 12.23 1.00 0.00
0.30 5.06 12.41 1.00 0.00
0.30 5.06 12.58 1.00 0.00
0.30 5.06 12.76 1.00 0.00
0.30 5.06 12.93 1.00 0.00
0.30 5.06 13.11 1.00 0.00
0.30 5.06 13.28 1.00 0.00
0.30 5.06 13.45 1.00 0.00
0.50 5.06 10.43 1.00 0.00
0.50 5.06 10.61 1.00 0.00
0.50 5.06 10.78 1.00 0.00
0.50 5.06 10.96 1.00 0.00
0.50 5.06 11.13 1.00 0.00
0.50 5.06 11.30 1.00 0.00
0.50 5.06 11.48 1.00 0.00
0.50 5.06 11.65 1.00 0.00
0.50 5.06 11.83 1.00 0.00
0.50 5.06 12.00 1.00 0.00
0.50 5.06 12.18 1.00 0.00
0.50 5.06 12.35 1.00 0.00
0.50 5.06 12.53 1.00 0.00
0.50 5.06 12.70 1.00 0.00
0.50 5.06 12.88 1.00 0.00
0.50 5.06 13.05 1.00 0.00
0.50 5.06 13.22 1.00 0.00
0.50 5.06 13.40 1.00 0.00
0.70 5.06 10.38 1.00 0.00
0.70 5.06 10.55 1.00 0.00
0.70 5.06 10.73 1.00 0.00
0.70 5.06 10.90 1.00 0.00
0.70 5.06 11.08 1.00 0.00
0.70 5.06 11.25 1.00 0.00
0.70 5.06 11.42 1.00 0.00
0.70 5.06 11.60 1.00 0.00
0.70 5.06 11.77 1.00 0.00
0.70 5.06 11.95 1.00 0.00
0.70 5.06 12.12 1.00 0.00
0.70 5.06 12.30 1.00 0.00
0.70 5.06 12.47 1.00 0.00
0.70 5.06 12.65 1.00 0.00
0.70 5.06 12.82 1.00 0.00
0.70 5.06 13.00 1.00 0.00
0.70 5.06 13.17 1.00 0.00
0.70 5.06 13.34 1.00 0.00
0.90 5.06 10.32 1.00 0.00
0.90 5.06 10.50 1.00 0.00
0.90 5.06 10.67 1.00 0.00
0.90 5.06 10.85 1.00 0.00
0.90 5.06 11.02 1.00 0.00
0.90 5.06 11.20 1.00 0.00
0.90 5.06 11.37 1.00 0.00
0.90 5.06 11.55 1.00 0.00
0.90 5.06 11.72 1.00 0.00
0.90 5.06 11.90 1.00 0.00
0.90 5.06 12.07 1.00 0.00
0.90 5.06 12.24 1.00 0.00
0.90 5.06 12.42 1.00 0.00
0.90 5.06 12.59 1.00 0.00
0.90 5.06 12.77 1.00 0.00
0.90 5.06 12.94 1.00 0.00
0.90 5.06 13.12 1.00 0.00
0.90 5.06 13.29 1.00 0.00
1.10 5.06 10.27 1.00 0.00
1.10 5.06 10.45 1.00 0.00
1.10 5.06 10.62 1.00 0.00
1.10 5.06 10.80 1.00 0.00
1.10 5.06 10.97 1.00 0.00
1.10 5.06 11.15 1.00 0.00
1.10 5.06 11.32 1.00 0.00
1.10 5.06 11.50 1.00 0.00
1.10 5.06 11.67 1.00 0.00
1.10 5.06 11.84 1.00 0.00
1.10 5.06 12.02 1.00 0.00
1.10 5.06 12.19 1.00 0.00
1.10 5.06 12.37 1.00 0.00
1.10 5.06 12.54 1.00 0.00
1.10 5.06 12.72 1.00 0.00
1.10 5.06 12.89 1.00 0.00
1.10 5.06 13.07 1.00 0.00
1.10 5.06 13.24 1.00 0.00
0.30 5.24 10.49 1.00 0.00
0.30 5.24 10.66 1.00 0.00
0.30 5.24 10.84 1.00 0.00
0.30 5.24 11.01 1.00 0.00
0.30 5.24 11.18 1.00 0.00
0.30 5.24 11.36 1.00 0.00
0.30 5.24 11.53 1.00 0.00
0.30 5.24 11.71 1.00 0.00
0.30 5.24 11.88 1.00 0.00
0.30 5.24 12.06 1.00 0.00
0.30 5.24 12.23 1.00 0.00
0.30 5.24 12.41 1.00 0.00
0.30 5.24 12.58 1.00 0.00
0.30 5.24 12.76 1.00 0.00
0.30 5.24 12.93 1.00 0.00
0.30 5.24 13.10 1.00 0.00
0.30 5.24 13.28 1.00 0.00
0.30 5.24 13.45 1.00 0.00
0.50 5.24 10.43 1.00 0.00
0.50 5.24 10.60 1.00 0.00
0.50 5.24 10.78 1.00 0.00
0.50 5.24 10.95 1.00 0.00
0.50 5.24 11.13 1.00 0.00
0.50 5.24 11.30 1.00 0.00
0.50 5.24 11.48 1.00 0.00
0.50 5.24 11.65 1.00 0.00
0.50 5.24 11.82 1.00 0.00
0.50 5.24 12.00 1.00 0.00
0.50 5.24 12.17 1.00 0.00
0.50 5.24 12.35 1.00 0.00
0.50 5.24 12.52 1.00 0.00
0.50 5.24 12.70 1.00 0.00
0.50 5.24 12.87 1.00 0.00
0.50 5.24 13.05 1.00 0.00
0.50 5.24 13.22 1.00 0.00
0.50 5.24 13.40 1.00 0.00
0.70 5.24 10.37 1.00 0.00
0.70 5.24 10.55 1.00 0.00
0.70 5.24 10.72 1.00 0.00
0.70 5.24 10.89 1.00 0.00
0.70 5.24 11.07 1.00 0.00
0.70 5.24 11.24 1.00 0.00
0.70 5.24 11.42 1.00 0.00
0.70 5.24 11.59 1.00 0.00
0.70 5.24 11.77 1.00 0.00
0.70 5.24 11.94 1.00 0.00
0.70 5.24 12.12 1.00 0.00
0.70 5.24 12.29 1.00 0.00
0.70 5.24 12.47 1.00 0.00
0.70 5.24 12.64 1.00 0.00
0.70 5.24 12.81 1.00 0.00
0.70 5.24 12.99 1.00 0.00
0.70 5.24 13.16 1.00 0.00
0.70 5.24 13.34 1.00 0.00
0.90 5.24 10.31 1.00 0.00
0.90 5.24 10.49 1.00 0.00
0.90 5.24 10.66 1.00 0.00
0.90 5.24 10.84 1.00 0.00
0.90 5.24 11.01 1.00 0.00
0.90 5.24 11.19 1.00 0.00
0.90 5.24 11.36 1.00 0.00
0.90 5.24 11.54 1.00 0.00
0.90 5.24 11.71 1.00 0.00
0.90 5.24 11.88 1.00 0.00
0.90 5.24 12.06 1.00 0.00
0.90 5.24 12.23 1.00 0.00
0.90 5.24 12.41 1.00 0.00
0.90 5.24 12.58 1.00 0.00
0.90 5.24 12.76 1.00 0.00
0.90 5.24 12.93 1.00 0.00
0.90 5.24 13.11 1.00 0.00
0.90 5.24 13.28 1.00 0.00
1.10 5.24 10.26 1.00 0.00
1.10 5.24 10.43 1.00 0.00
1.10 5.24 10.61 1.00 0.00
1.10 5.24 10.78 1.00 0.00
1.10 5.24 10.96 1.00 0.00
1.10 5.24 11.13 1.00 0.00
1.10 5.24 11.31 1.00 0.00
1.10 5.24 11.48 1.00 0.00
1.10 5.24 11.65 1.00 0.00
1.10 5.24 11.83 1.00 0.00
1.10 5.24 12.00 1.00 0.00
1.10 5.24 12.18 1.00 0.00
1.10 5.24 12.35 1.00 0.00
1.10 5.24 12.53 1.00 0.00
1.10 5.24 12.70 1.00 0.00
1.10 5.24 12.88 1.00 0.00
1.10 5.24 13.05 1.00 0.00
1.10 5.24 13.23 1.00 0.00
0.30 5.41 10.49 1.00 0.00
0.30 5.41 10.66 1.00 0.00
0.30 5.41 10.84 1.00 0.00
0.30 5.41 11.01 1.00 0.00
0.30 5.41 11.19 1.00 0.00
0.30 5.41 11.36 1.00 0.00
0.30 5.41 11.54 1.00 0.00
0.30 5.41 11.71 1.00 0.00
0.30 5.41 11.88 1.00 0.00
0.30 5.41 12.06 1.00 0.00
0.30 5.41 12.23 1.00 0.00
0.30 5.41 12.41 1.00 0.00
0.30 5.41 12.58 1.00 0.00
0.30 5.41 12.76 1.00 0.00
0.30 5.41 12.93 1.00 0.00
0.30 5.41 13.11 1.00 0.00
0.30 5.41 13.28 1.00 0.00
0.30 5.41 13.45 1.00 0.00
0.50 5.41 10.43 1.00 0.00
0.50 5.41 10.60 1.00 0.00
0.50 5.41 10.78 1.00 0.00
0.50 5.41 10.95 1.00 0.00
0.50 5.41 11.13 1.00 0.00
0.50 5.41 11.30 1.00 0.00
0.50 5.41 11.48 1.00 0.00
0.50 5.41 11.65 1.00 0.00
0.50 5.41 11.83 1.00 0.00
0.50 5.41 12.00 1.00 0.00
0.50 5.41 12.17 1.00 0.00
0.50 5.41 12.35 1.00 0.00
0.50 5.41 12.52 1.00 0.00
0.50 5.41 12.70 1.00 0.00
0.50 5.41 12.87 1.00 0.00
0.50 5.41 13.05 1.00 0.00
0.50 5.41 13.22 1.00 0.00
0.50 5.41 13.40 1.00 0.00
0.70 5.41 10.37 1.00 0.00
0.70 5.41 10.54 1.00 0.00
0.70 5.41 10.72 1.00 0.00
0.70 5.41 10.89 1.00 0.00
0.70 5.41 11.07 1.00 0.00
0.70 5.41 11.24 1.00 0.00
0.70 5.41 11.42 1.00 0.00
0.70 5.41 11.59 1.00 0.00
0.70 5.41 11.77 1.00 0.00
0.70 5.41 11.94 1.00 0.00
0.70 5.41 12.12 1.00 0.00
0.70 5.41 12.29 1.00 0.00
0.70 5.41 12.46 1.00 0.00
0.70 5.41 12.64 1.00 0.00
0.70 5.41 12.81 1.00 0.00
0.70 5.41 12.99 1.00 0.00
0.70 5.41 13.16 1.00 0.00
0.70 5.41 13.34 1.00 0.00
0.90 5.41 10.31 1.00 0.00
0.90 5.41 10.49 1.00 0.00
0.90 5.41 10.66 1.00 0.00
0.90 5.41 10.83 1.00 0.00
0.90 5.41 11.01 1.00 0.00
0.90 5.41 11.18 1.00 0.00
0.90 5.41 11.36 1.00 0.00
0.90 5.41 11.53 1.00 0.00
0.90 5.41 11.71 1.00 0.00
0.90 5.41 11.88 1.00 0.00
0.90 5.41 12.06 1.00 0.00
0.90 5.41 12.23 1.00 0.00
0.90 5.41 12.41 1.00 0.00
0.90 5.41 12.58 1.00 0.00
0.90 5.41 12.75 1.00 0.00
0.90 5.41 12.93 1.00 0.00
0.90 5.41 13.10 1.00 0.00
0.90 5.41 13.28 1.00 0.00
1.10 5.41 10.25 1.00 0.00
1.10 5.41 10.43 1.00 0.00
1.10 5.41 10.60 1.00 0.00
1.10 5.41 10.77 1.00 0.00
1.10 5.41 10.95 1.00 0.00
1.10 5.41 11.12 1.00 0.00
1.10 5.41 11.30 1.00 0.00
1.10 5.41 11.47 1.00 0.00
1.10 5.41 11.65 1.00 0.00
1.10 5.41 11.82 1.00 0.00
1.10 5.41 12.00 1.00 0.00
1.10 5.41 12.17 1.00 0.00
1.10 5.41 12.35 1.00 0.00
1.10 5.41 12.52 1.00 0.00
1.10 5.41 12.69 1.00 0.00
1.10 5.41 12.87 1.00 0.00
1.10 5.41 13.04 1.00 0.00
1.10 5.41 13.22 1.00 0.00
0.30 5.59 10.49 1.00 0.00
0.30 5.59 10.67 1.00 0.00
0.30 5.59 10.84 1.00 0.00
0.30 5.59 11.02 1.00 0.00
0.30 5.59 11.19 1.00 0.00
0.30 5.59 11.36 1.00 0.00
0.30 5.59 11.54 1.00 0.00
0.30 5.59 11.71 1.00 0.00
0.30 5.59 11.89 1.00 0.00
0.30 5.59 12.06 1.00 0.00
0.30 5.59 12.24 1.00 0.00
0.30 5.59 12.41 1.00 0.00
0.30 5.59 12.59 1.00 0.00
0.30 5.59 12.76 1.00 0.00
0.30 5.59 12.94 1.00 0.00
0.30 5.59 13.11 1.00 0.00
0.30 5.59 13.28 1.00 0.00
0.30 5.59 13.46 1.00 0.00
0.50 5.59 10.44 1.00 0.00
0.50 5.59 10.61 1.00 0.00
0.50 5.59 10.78 1.00 0.00
0.50 5.59 10.96 1.00 0.00
0.50 5.59 11.13 1.00 0.00
0.50 5.59 11.31 1.00 0.00
0.50 5.59 11.48 1.00 0.00
0.50 5.59 11.66 1.00 0.00
0.50 5.59 11.83 1.00 0.00
0.50 5.59 12.01 1.00 0.00
0.50 5.59 12.18 1.00 0.00
0.50 5.59 12.36 1.00 0.00
0.50 5.59 12.53 1.00 0.00
0.50 5.59 12.70 1.00 0.00
0.50 5.59 12.88 1.00 0.00
0.50 5.59 13.05 1.00 0.00
0.50 5.59 13.23 1.00 0.00
0.50 5.59 13.40 1.00 0.00
0.70 5.59 10.38 1.00 0.00
0.70 5.59 10.55 1.00 0.00
0.70 5.59 10.73 1.00 0.00
0.70 5.59 10.90 1.00 0.00
0.70 5.59 11.07 1.00 0.00
0.70 5.59 11.25 1.00 0.00
0.70 5.59 11.42 1.00 0.00
0.70 5.59 11.60 1.00 0.00
0.70 5.59 11.77 1.00 0.00
0.70 5.59 11.95 1.00 0.00
0.70 5.59 12.12 1.00 0.00
0.70 5.59 12.30 1.00 0.00
0.70 5.59 12.47 1.00 0.00
0.70 5.59 12.65 1.00 0.00
0.70 5.59 12.82 1.00 0.00
0.70 5.59 12.99 1.00 0.00
0.70 5.59 13.17 1.00 0.00
0.70 5.59 13.34 1.00 0.00
0.90 5.59 10.32 1.00 0.00
0.90 5.59 10.49 1.00 0.00
0.90 5.59 10.66 1.00 0.00
0.90 5.59 10.84 1.00 0.00
0.90 5.59 11.01 1.00 0.00
0.90 5.59 11.19 1.00 0.00
0.90 5.59 11.36 1.00 0.00
0.90 5.59 11.54 1.00 0.00
0.90 5.59 11.71 1.00 0.00
0.90 5.59 11.89 1.00 0.00
0.90 5.59 12.06 1.00 0.00
0.90 5.59 12.24 1.00 0.00
0.90 5.59 12.41 1.00 0.00
0.90 5.59 12.58 1.00 0.00
0.90 5.59 12.76 1.00 0.00
0.90 5.59 12.93 1.00 0.00
0.90 5.59 13.11 1.00 0.00
0.90 5.59 13.28 1.00 0.00
1.10 5.59 10.25 1.00 0.00
1.10 5.59 10.43 1.00 0.00
1.10 5.59 10.60 1.00 0.00
1.10 5.59 10.78 1.00 0.00
1.10 5.59 10.95 1.00 0.00
1.10 5.59 11.13 1.00 0.00
1.10 5.59 11.30 1.00 0.00
1.10 5.59 11.48 1.00 0.00
1.10 5.59 11.65 1.00 0.00
1.10 5.59 11.82 1.00 0.00
1.10 5.59 12.00 1.00 0.00
1.10 5.59 12.17 1.00 0.00
1.10 5.59 12.35 1.00 0.00
1.10 5.59 12.52 1.00 0.00
1.10 5.59 12.70 1.00 0.00
1.10 5.59 12.87 1.00 0.00
1.10 5.59 13.05 1.00 0.00
1.10 5.59 13.22 1.00 0.00
0.30 5.76 10.50 1.00 0.00
0.30 5.76 10.67 1.00 0.00
0.30 5.76 10.85 1.00 0.00
0.30 5.76 11.02 1.00 0.00
0.30 5.76 11.20 1.00 0.00
0.30 5.76 11.37 1.00 0.00
0.30 5.76 11.55 1.00 0.00
0.30 5.76 11.72 1.00 0.00
0.30 5.76 11.90 1.00 0.00
0.30 5.76 12.07 1.00 0.00
0.30 5.76 12.24 1.00 0.00
0.30 5.76 12.42 1.00 0.00
0.30 5.76 12.59 1.00 0.00
0.30 5.76 12.77 1.00 0.00
0.30 5.76 12.94 1.00 0.00
0.30 5.76 13.12 1.00 0.00
0.30 5.76 13.29 1.00 0.00
0.30 5.76 13.47 1.00 0.00
0.50 5.76 10.45 1.00 0.00
0.50 5.76 10.62 1.00 0.00
0.50 5.76 10.80 1.00 0.00
0.50 5.76 10.97 1.00 0.00
0.50 5.76 11.14 1.00 0.00
0.50 5.76 11.32 1.00 0.00
0.50 5.76 11.49 1.00 0.00
0.50 5.76 11.67 1.00 0.00
0.50 5.76 11.84 1.00 0.00
0.50 5.76 12.02 1.00 0.00
0.50 5.76 12.19 1.00 0.00
0.50 5.76 12.37 1.00 0.00
0.50 5.76 12.54 1.00 0.00
0.50 5.76 12.71 1.00 0.00
0.50 5.76 12.89 1.00 0.00
0.50 5.76 13.06 1.00 0.00
0.50 5.76 13.24 1.00 0.00
0.50 5.76 13.41 1.00 0.00
0.70 5.76 10.39 1.00 0.00
0.70 5.76 10.56 1.00 0.00
0.70 5.76 10.74 1.00 0.00
0.70 5.76 10.91 1.00 0.00
0.70 5.76 11.09 1.00 0.00
0.70 5.76 11.26 1.00 0.00
0.70 5.76 11.44 1.00 0.00
0.70 5.76 11.61 1.00 0.00
0.70 5.76 11.79 1.00 0.00
0.70 5.76 11.96 1.00 0.00
0.70 5.76 12.13 1.00 0.00
0.70 5.76 12.31 1.00 0.00
0.70 5.76 12.48 1.00 0.00
0.70 5.76 12.66 1.00 0.00
0.70 5.76 12.83 1.00 0.00
0.70 5.76 13.01 1.00 0.00
0.70 5.76 13.18 1.00 0.00
0.70 5.76 13.36 1.00 0.00
0.90 5.76 10.33 1.00 0.00
0.90 5.76 10.50 1.00 0.00
0.90 5.76 10.68 1.00 0.00
0.90 5.76 10.85 1.00 0.00
0.90 5.76 11.03 1.00 0.00
0.90 5.76 11.20 1.00 0.00
0.90 5.76 11.38 1.00 0.00
0.90 5.76 11.55 1.00 0.00
0.90 5.76 11.73 1.00 0.00
0.90 5.76 11.90 1.00 0.00
0.90 5.76 12.08 1.00 0.00
0.90 5.76 12.25 1.00 0.00
0.90 5.76 12.42 1.00 0.00
0.90 5.76 12.60 1.00 0.00
0.90 5.76 12.77 1.00 0.00
0.90 5.76 12.95 1.00 0.00
0.90 5.76 13.12 1.00 0.00
0.90 5.76 13.30 1.00 0.00
1.10 5.76 10.27 1.00 0.00
1.10 5.76 10.44 1.00 0.00
1.10 5.76 10.62 1.00 0.00
1.10 5.76 10.79 1.00 0.00
1.10 5.76 10.97 1.00 0.00
1.10 5.76 11.14 1.00 0.00
1.10 5.76 11.31 1.00 0.00
1.10 5.76 11.49 1.00 0.00
1.10 5.76 11.66 1.00 0.00
1.10 5.76 11.84 1.00 0.00
1.10 5.76 12.01 1.00 0.00
1.10 5.76 12.19 1.00 0.00
1.10 5.76 12.36 1.00 0.00
1.10 5.76 12.54 1.00 0.00
1.10 5.76 12.71 1.00 0.00
1.10 5.76 12.89 1.00 0.00
1.10 5.76 13.06 1.00 0.00
1.10 5.76 13.23 1.00 0.00
0.30 5.93 10.51 1.00 0.00
0.30 5.93 10.68 1.00 0.00
0.30 5.93 10.86 1.00 0.00
0.30 5.93 11.03 1.00 0.00
0.30 5.93 11.21 1.00 0.00
0.30 5.93 11.38 1.00 0.00
0.30 5.93 11.56 1.00 0.00
0.30 5.93 11.73 1.00 0.00
0.30 5.93 11.90 1.00 0.00
0.30 5.93 12.08 1.00 0.00
0.30 5.93 12.25 1.00 0.00
0.30 5.93 12.43 1.00 0.00
0.30 5.93 12.60 1.00 0.00
0.30 5.93 12.78 1.00 0.00
0.30 5.93 12.95 1.00 0.00
0.30 5.93 13.13 1.00 0.00
0.30 5.93 13.30 1.00 0.00
0.30 5.93 13.48 1.00 0.00
0.50 5.93 10.46 1.00 0.00
0.50 5.93 10.64 1.00 0.00
0.50 5.93 10.81 1.00 0.00
0.50 5.93 10.98 1.00 0.00
0.50 5.93 11.16 1.00 0.00
0.50 5.93 11.33 1.00 0.00
0.50 5.93 11.51 1.00 0.00
0.50 5.93 11.68 1.00 0.00
0.50 5.93 11.86 1.00 0.00
0.50 5.93 12.03 1.00 0.00
0.50 5.93 12.21 1.00 0.00
0.50 5.93 12.38 1.00 0.00
0.50 5.93 12.56 1.00 0.00
0.50 5.93 12.73 1.00 0.00
0.50 5.93 12.90 1.00 0.00
0.50 5.93 13.08 1.00 0.00
0.50 5.93 13.25 1.00 0.00
0.50 5.93 13.43 1.00 0.00
0.70 5.93 10.41 1.00 0.00
0.70 5.93 10.58 1.00 0.00
0.70 5.93 10.76 1.00 0.00
0.70 5.93 10.93 1.00 0.00
0.70 5.93 11.11 1.00 0.00
0.70 5.93 11.28 1.00 0.00
0.70 5.93 11.46 1.00 0.00
0.70 5.93 11.63 1.00 0.00
0.70 5.93 11.81 1.00 0.00
0.70 5.93 11.98 1.00 0.00
0.70 5.93 12.16 1.00 0.00
0.70 5.93 12.33 1.00 0.00
0.70 5.93 12.50 1.00 0.00
0.70 5.93 12.68 1.00 0.00
0.70 5.93 12.85 1.00 0.00
0.70 5.93 13.03 1.00 0.00
0.70 5.93 13.20 1.00 0.00
0.70 5.93 13.38 1.00 0.00
0.90 5.93 10.35 1.00 0.00
0.90 5.93 10.53 1.00 0.00
0.90 5.93 10.70 1.00 0.00
0.90 5.93 10.88 1.00 0.00
0.90 5.93 11.05 1.00 0.00
0.90 5.93 11.23 1.00 0.00
0.90 5.93 11.40 1.00 0.00
0.90 5.93 11.58 1.00 0.00
0.90 5.93 11.75 1.00 0.00
0.90 5.93 11.93 1.00 0.00
0.90 5.93 12.10 1.00 0.00
0.90 5.93 12.27 1.00 0.00
0.90 5.93 12.45 1.00 0.00
0.90 5.93 12.62 1.00 0.00
0.90 5.93 12.80 1.00 0.00
0.90 5.93 12.97 1.00 0.00
0.90 5.93 13.15 1.00 0.00
0.90 5.93 13.32 1.00 0.00
1.10 5.93 10.29 1.00 0.00
1.10 5.93 10.47 1.00 0.00
1.10 5.93 10.64 1.00 0.00
1.10 5.93 10.82 1.00 0.00
1.10 5.93 10.99 1.00 0.00
1.10 5.93 11.17 1.00 0.00
1.10 5.93 11.34 1.00 0.00
1.10 5.93 11.52 1.00 0.00
1.10 5.93 11.69 1.00 0.00
1.10 5.93 11.87 1.00 0.00
1.10 5.93 12.04 1.00 0.00
1.10 5.93 12.21 1.00 0.00
1.10 5.93 12.39 1.00 0.00
1.10 5.93 12.56 1.00 0.00
1.10 5.93 12.74 1.00 0.00
1.10 5.93 12.91 1.00 0.00
1.10 5.93 13.09 1.00 0.00
1.10 5.93 13.26 1.00 0.00
0.30 6.11 10.52 1.00 0.00
0.30 6.11 10.69 1.00 0.00
0.30 6.11 10.87 1.00 0.00
0.30 6.11 11.04 1.00 0.00
0.30 6.11 11.22 1.00 0.00
0.30 6.11 11.39 1.00 0.00
0.30 6.11 11.57 1.00 0.00
0.30 6.11 11.74 1.00 0.00
0.30 6.11 11.92 1.00 0.00
0.30 6.11 12.09 1.00 0.00
0.30 6.11 12.27 1.00 0.00
0.30 6.11 12.44 1.00 0.00
0.30 6.11 12.61 1.00 0.00
0.30 6.11 12.79 1.00 0.00
0.30 6.11 12.96 1.00 0.00
0.30 6.11 13.14 1.00 0.00
0.30 6.11 13.31 1.00 0.00
0.30 6.11 13.49 1.00 0.00
0.50 6.11 10.48 1.00 0.00
0.50 6.11 10.66 1.00 0.00
0.50 6.11 10.83 1.00 0.00
0.50 6.11 11.00 1.00 0.00
0.50 6.11 11.18 1.00 0.00
0.50 6.11 11.35 1.00 0.00
0.50 6.11 11.53 1.00 0.00
0.50 6.11 11.70 1.00 0.00
0.50 6.11 11.88 1.00 0.00
0.50 6.11 12.05 1.00 0.00
0.50 6.11 12.23 1.00 0.00
0.50 6.11 12.40 1.00 0.00
0.50 6.11 12.58 1.00 0.00
0.50 6.11 12.75 1.00 0.00
0.50 6.11 12.92 1.00 0.00
0.50 6.11 13.10 1.00 0.00
0.50 6.11 13.27 1.00 0.00
0.50 6.11 13.45 1.00 0.00
0.70 6.11 10.44 1.00 0.00
0.70 6.11 10.61 1.00 0.00
0.70 6.11 10.79 1.00 0.00
0.70 6.11 10.96 1.00 0.00
0.70 6.11 11.14 1.00 0.00
0.70 6.11 11.31 1.00 0.00
0.70 6.11 11.48 1.00 0.00
0.70 6.11 11.66 1.00 0.00
0.70 6.11 11.83 1.00 0.00
0.70 6.11 12.01 1.00 0.00
0.70 6.11 12.18 1.00 0.00
0.70 6.11 12.36 1.00 0.00
0.70 6.11 12.53 1.00 0.00
0.70 6.11 12.71 1.00 0.00
0.70 6.11 12.88 1.00 0.00
0.70 6.11 13.06 1.00 0.00
0.70 6.11 13.23 1.00 0.00
0.70 6.11 13.40 1.00 0.00
0.90 6.11 10.39 1.00 0.00
0.90 6.11 10.56 1.00 0.00
0.90 6.11 10.74 1.00 0.00
0.90 6.11 10.91 1.00 0.00
0.90 6.11 11.09 1.00 0.00
0.90 6.11 11.26 1.00 0.00
0.90 6.11 11.44 1.00 0.00
0.90 6.11 11.61 1.00 0.00
0.90 6.11 11.79 1.00 0.00
0.90 6.11 11.96 1.00 0.00
0.90 6.11 12.13 1.00 0.00
0.90 6.11 12.31 1.00 0.00
0.90 6.11 12.48 1.00 0.00
0.90 6.11 12.66 1.00 0.00
0.90 6.11 12.83 1.00 0.00
0.90 6.11 13.01 1.00 0.00
0.90 6.11 13.18 1.00 0.00
0.90 6.11 13.36 1.00 0.00
1.10 6.11 10.34 1.00 0.00
1.10 6.11 10.51 1.00 0.00
1.10 6.11 10.69 1.00 0.00
1.10 6.11 10.86 1.00 0.00
1.10 6.11 11.03 1.00 0.00
1.10 6.11 11.21 1.00 0.00
1.10 6.11 11.38 1.00 0.00
1.10 6.11 11.56 1.00 0.00
1.10 6.11 11.73 1.00 0.00
1.10 6.11 11.91 1.00 0.00
1.10 6.11 12.08 1.00 0.00
1.10 6.11 12.26 1.00 0.00
1.10 6.11 12.43 1.00 0.00
1.10 6.11 12.61 1.00 0.00
1.10 6.11 12.78 1.00 0.00
1.10 6.11 12.95 1.00 0.00
1.10 6.11 13.13 1.00 0.00
1.10 6.11 13.30 1.00 0.00
