1.07 0.10 1.37
0.89 0.10 1.46
0.71 0.10 1.56
0.54 0.10 1.65
0.36 0.10 1.74
1.05 0.10 1.33
0.86 0.10 1.38
0.67 0.10 1.44
0.48 0.10 1.50
0.29 0.10 1.56
1.04 0.10 1.27
0.84 0.10 1.30
0.64 0.10 1.32
0.44 0.10 1.35
0.25 0.10 1.37
1.04 0.10 1.22
0.84 0.10 1.21
0.64 0.10 1.20
0.44 0.10 1.19
0.24 0.10 1.18
1.05 0.10 1.17
0.85 0.10 1.12
0.66 0.10 1.08
0.46 0.10 1.03
0.27 0.10 0.99
1.06 0.10 1.12
0.88 0.10 1.04
0.69 0.10 0.96
0.51 0.10 0.89
0.33 0.10 0.81
1.09 0.10 1.07
0.92 0.10 0.97
0.75 0.10 0.86
0.58 0.10 0.75
0.42 0.10 0.64
1.12 0.10 1.03
0.97 0.10 0.90
0.83 0.10 0.76
0.68 0.10 0.62
0.53 0.10 0.49
1.16 0.10 1.00
1.04 0.10 0.84
0.92 0.10 0.68
0.80 0.10 0.52
0.68 0.10 0.36
1.20 0.10 0.97
1.11 0.10 0.79
1.02 0.10 0.61
0.93 0.10 0.44
0.84 0.10 0.26
1.25 0.10 0.95
1.19 0.10 0.76
1.13 0.10 0.57
1.08 0.10 0.38
1.02 0.10 0.19
1.30 0.10 0.94
1.28 0.10 0.74
1.25 0.10 0.54
1.23 0.10 0.34
1.20 0.10 0.15
1.35 0.10 0.94
1.36 0.10 0.74
1.38 0.10 0.54
1.39 0.10 0.34
1.40 0.10 0.14
1.41 0.10 0.95
1.45 0.10 0.75
1.50 0.10 0.56
1.54 0.10 0.36
1.59 0.10 0.17
1.46 0.10 0.96
1.53 0.10 0.78
1.61 0.10 0.59
1.69 0.10 0.41
1.77 0.10 0.23
1.50 0.10 0.99
1.61 0.10 0.82
1.72 0.10 0.65
1.83 0.10 0.48
1.94 0.10 0.32
1.54 0.10 1.02
1.68 0.10 0.87
1.82 0.10 0.73
1.95 0.10 0.58
2.09 0.10 0.43
1.58 0.10 1.06
1.74 0.10 0.94
1.90 0.10 0.82
2.06 0.10 0.70
2.22 0.10 0.58
1.61 0.10 1.10
1.78 0.10 1.01
1.96 0.10 0.92
2.14 0.10 0.83
2.32 0.10 0.74
1.62 0.10 1.15
1.82 0.10 1.09
2.01 0.10 1.03
2.20 0.10 0.98
2.39 0.10 0.92
1.64 0.10 1.20
1.83 0.10 1.18
2.03 0.10 1.15
2.23 0.10 1.13
2.43 0.10 1.10
1.64 0.10 1.25
1.84 0.10 1.26
2.04 0.10 1.28
2.24 0.10 1.29
2.44 0.10 1.30
1.63 0.10 1.31
1.82 0.10 1.35
2.02 0.10 1.40
2.21 0.10 1.44
2.41 0.10 1.49
1.61 0.10 1.36
1.80 0.10 1.43
1.98 0.10 1.51
2.17 0.10 1.59
2.35 0.10 1.67
1.59 0.10 1.40
1.76 0.10 1.51
1.92 0.10 1.62
2.09 0.10 1.73
2.26 0.10 1.84
1.56 0.10 1.44
1.70 0.10 1.58
1.85 0.10 1.72
2.00 0.10 1.85
2.14 0.10 1.99
1.52 0.10 1.48
1.64 0.10 1.64
1.76 0.10 1.80
1.88 0.10 1.96
2.00 0.10 2.12
1.47 0.10 1.51
1.56 0.10 1.68
1.66 0.10 1.86
1.75 0.10 2.04
1.84 0.10 2.22
1.43 0.10 1.52
1.48 0.10 1.72
1.54 0.10 1.91
1.60 0.10 2.10
1.66 0.10 2.29
1.37 0.10 1.54
1.40 0.10 1.73
1.42 0.10 1.93
1.45 0.10 2.13
1.47 0.10 2.33
1.32 0.10 1.54
1.31 0.10 1.74
1.30 0.10 1.94
1.29 0.10 2.14
1.28 0.10 2.34
1.27 0.10 1.53
1.22 0.10 1.72
1.18 0.10 1.92
1.13 0.10 2.11
1.09 0.10 2.31
1.22 0.10 1.51
1.14 0.10 1.70
1.06 0.10 1.88
0.99 0.10 2.07
0.91 0.10 2.25
1.17 0.10 1.49
1.07 0.10 1.66
0.96 0.10 1.82
0.85 0.10 1.99
0.74 0.10 2.16
1.13 0.10 1.46
1.00 0.10 1.60
0.86 0.10 1.75
0.72 0.10 1.90
0.59 0.10 2.04
1.10 0.10 1.42
0.94 0.10 1.54
0.78 0.10 1.66
0.62 0.10 1.78
0.46 0.10 1.90
