0.30 0.00 10.48 1.00 0.00
0.30 0.00 10.65 1.00 0.00
0.30 0.00 10.83 1.00 0.00
0.30 0.00 11.00 1.00 0.00
0.30 0.00 11.18 1.00 0.00
0.30 0.00 11.35 1.00 0.00
0.30 0.00 11.53 1.00 0.00
0.30 0.00 11.70 1.00 0.00
0.30 0.00 11.88 1.00 0.00
0.30 0.00 12.05 1.00 0.00
0.30 0.00 12.23 1.00 0.00
0.30 0.00 12.40 1.00 0.00
0.30 0.00 12.57 1.00 0.00
0.30 0.00 12.75 1.00 0.00
0.30 0.00 12.92 1.00 0.00
0.30 0.00 13.10 1.00 0.00
0.30 0.00 13.27 1.00 0.00
0.30 0.00 13.45 1.00 0.00
0.50 0.00 10.45 1.00 0.00
0.50 0.00 10.62 1.00 0.00
0.50 0.00 10.80 1.00 0.00
0.50 0.00 10.97 1.00 0.00
0.50 0.00 11.15 1.00 0.00
0.50 0.00 11.32 1.00 0.00
0.50 0.00 11.49 1.00 0.00
0.50 0.00 11.67 1.00 0.00
0.50 0.00 11.84 1.00 0.00
0.50 0.00 12.02 1.00 0.00
0.50 0.00 12.19 1.00 0.00
0.50 0.00 12.37 1.00 0.00
0.50 0.00 12.54 1.00 0.00
0.50 0.00 12.72 1.00 0.00
0.50 0.00 12.89 1.00 0.00
0.50 0.00 13.07 1.00 0.00
0.50 0.00 13.24 1.00 0.00
0.50 0.00 13.41 1.00 0.00
0.70 0.00 10.41 1.00 0.00
0.70 0.00 10.59 1.00 0.00
0.70 0.00 10.76 1.00 0.00
0.70 0.00 10.93 1.00 0.00
0.70 0.00 11.11 1.00 0.00
0.70 0.00 11.28 1.00 0.00
0.70 0.00 11.46 1.00 0.00
0.70 0.00 11.63 1.00 0.00
0.70 0.00 11.81 1.00 0.00
0.70 0.00 11.98 1.00 0.00
0.70 0.00 12.16 1.00 0.00
0.70 0.00 12.33 1.00 0.00
0.70 0.00 12.51 1.00 0.00
0.70 0.00 12.68 1.00 0.00
0.70 0.00 12.85 1.00 0.00
0.70 0.00 13.03 1.00 0.00
0.70 0.00 13.20 1.00 0.00
0.70 0.00 13.38 1.00 0.00
0.90 0.00 10.37 1.00 0.00
0.90 0.00 10.55 1.00 0.00
0.90 0.00 10.72 1.00 0.00
0.90 0.00 10.89 1.00 0.00
0.90 0.00 11.07 1.00 0.00
0.90 0.00 11.24 1.00 0.00
0.90 0.00 11.42 1.00 0.00
0.90 0.00 11.59 1.00 0.00
0.90 0.00 11.77 1.00 0.00
0.90 0.00 11.94 1.00 0.00
0.90 0.00 12.12 1.00 0.00
0.90 0.00 12.29 1.00 0.00
0.90 0.00 12.47 1.00 0.00
0.90 0.00 12.64 1.00 0.00
0.90 0.00 12.81 1.00 0.00
0.90 0.00 12.99 1.00 0.00
0.90 0.00 13.16 1.00 0.00
0.90 0.00 13.34 1.00 0.00
1.10 0.00 10.32 1.00 0.00
1.10 0.00 10.50 1.00 0.00
1.10 0.00 10.67 1.00 0.00
1.10 0.00 10.85 1.00 0.00
1.10 0.00 11.02 1.00 0.00
1.10 0.00 11.20 1.00 0.00
1.10 0.00 11.37 1.00 0.00
1.10 0.00 11.55 1.00 0.00
1.10 0.00 11.72 1.00 0.00
1.10 0.00 11.90 1.00 0.00
1.10 0.00 12.07 1.00 0.00
1.10 0.00 12.24 1.00 0.00
1.10 0.00 12.42 1.00 0.00
1.10 0.00 12.59 1.00 0.00
1.10 0.00 12.77 1.00 0.00
1.10 0.00 12.94 1.00 0.00
1.10 0.00 13.12 1.00 0.00
1.10 0.00 13.29 1.00 0.00
0.30 0.17 10.50 1.00 0.00
0.30 0.17 10.67 1.00 0.00
0.30 0.17 10.84 1.00 0.00
0.30 0.17 11.02 1.00 0.00
0.30 0.17 11.19 1.00 0.00
0.30 0.17 11.37 1.00 0.00
0.30 0.17 11.54 1.00 0.00
0.30 0.17 11.72 1.00 0.00
0.30 0.17 11.89 1.00 0.00
0.30 0.17 12.07 1.00 0.00
0.30 0.17 12.24 1.00 0.00
0.30 0.17 12.41 1.00 0.00
0.30 0.17 12.59 1.00 0.00
0.30 0.17 12.76 1.00 0.00
0.30 0.17 12.94 1.00 0.00
0.30 0.17 13.11 1.00 0.00
0.30 0.17 13.29 1.00 0.00
0.30 0.17 13.46 1.00 0.00
0.50 0.17 10.47 1.00 0.00
0.50 0.17 10.65 1.00 0.00
0.50 0.17 10.82 1.00 0.00
0.50 0.17 11.00 1.00 0.00
0.50 0.17 11.17 1.00 0.00
0.50 0.17 11.35 1.00 0.00
0.50 0.17 11.52 1.00 0.00
0.50 0.17 11.70 1.00 0.00
0.50 0.17 11.87 1.00 0.00
0.50 0.17 12.04 1.00 0.00
0.50 0.17 12.22 1.00 0.00
0.50 0.17 12.39 1.00 0.00
0.50 0.17 12.57 1.00 0.00
0.50 0.17 12.74 1.00 0.00
0.50 0.17 12.92 1.00 0.00
0.50 0.17 13.09 1.00 0.00
0.50 0.17 13.27 1.00 0.00
0.50 0.17 13.44 1.00 0.00
0.70 0.17 10.45 1.00 0.00
0.70 0.17 10.62 1.00 0.00
0.70 0.17 10.80 1.00 0.00
0.70 0.17 10.97 1.00 0.00
0.70 0.17 11.15 1.00 0.00
0.70 0.17 11.32 1.00 0.00
0.70 0.17 11.50 1.00 0.00
0.70 0.17 11.67 1.00 0.00
0.70 0.17 11.85 1.00 0.00
0.70 0.17 12.02 1.00 0.00
0.70 0.17 12.19 1.00 0.00
0.70 0.17 12.37 1.00 0.00
0.70 0.17 12.54 1.00 0.00
0.70 0.17 12.72 1.00 0.00
0.70 0.17 12.89 1.00 0.00
0.70 0.17 13.07 1.00 0.00
0.70 0.17 13.24 1.00 0.00
0.70 0.17 13.42 1.00 0.00
0.90 0.17 10.42 1.00 0.00
0.90 0.17 10.60 1.00 0.00
0.90 0.17 10.77 1.00 0.00
0.90 0.17 10.95 1.00 0.00
0.90 0.17 11.12 1.00 0.00
0.90 0.17 11.29 1.00 0.00
0.90 0.17 11.47 1.00 0.00
0.90 0.17 11.64 1.00 0.00
0.90 0.17 11.82 1.00 0.00
0.90 0.17 11.99 1.00 0.00
0.90 0.17 12.17 1.00 0.00
0.90 0.17 12.34 1.00 0.00
0.90 0.17 12.52 1.00 0.00
0.90 0.17 12.69 1.00 0.00
0.90 0.17 12.87 1.00 0.00
0.90 0.17 13.04 1.00 0.00
0.90 0.17 13.21 1.00 0.00
0.90 0.17 13.39 1.00 0.00
1.10 0.17 10.39 1.00 0.00
1.10 0.17 10.56 1.00 0.00
1.10 0.17 10.74 1.00 0.00
1.10 0.17 10.91 1.00 0.00
1.10 0.17 11.09 1.00 0.00
1.10 0.17 11.26 1.00 0.00
1.10 0.17 11.44 1.00 0.00
1.10 0.17 11.61 1.00 0.00
1.10 0.17 11.79 1.00 0.00
1.10 0.17 11.96 1.00 0.00
1.10 0.17 12.14 1.00 0.00
1.10 0.17 12.31 1.00 0.00
1.10 0.17 12.48 1.00 0.00
1.10 0.17 12.66 1.00 0.00
1.10 0.17 12.83 1.00 0.00
1.10 0.17 13.01 1.00 0.00
1.10 0.17 13.18 1.00 0.00
1.10 0.17 13.36 1.00 0.00
0.30 0.35 10.51 1.00 0.00
0.30 0.35 10.69 1.00 0.00
0.30 0.35 10.86 1.00 0.00
0.30 0.35 11.03 1.00 0.00
0.30 0.35 11.21 1.00 0.00
0.30 0.35 11.38 1.00 0.00
0.30 0.35 11.56 1.00 0.00
0.30 0.35 11.73 1.00 0.00
0.30 0.35 11.91 1.00 0.00
0.30 0.35 12.08 1.00 0.00
0.30 0.35 12.26 1.00 0.00
0.30 0.35 12.43 1.00 0.00
0.30 0.35 12.61 1.00 0.00
0.30 0.35 12.78 1.00 0.00
0.30 0.35 12.95 1.00 0.00
0.30 0.35 13.13 1.00 0.00
0.30 0.35 13.30 1.00 0.00
0.30 0.35 13.48 1.00 0.00
0.50 0.35 10.50 1.00 0.00
0.50 0.35 10.68 1.00 0.00
0.50 0.35 10.85 1.00 0.00
0.50 0.35 11.03 1.00 0.00
0.50 0.35 11.20 1.00 0.00
0.50 0.35 11.37 1.00 0.00
0.50 0.35 11.55 1.00 0.00
0.50 0.35 11.72 1.00 0.00
0.50 0.35 11.90 1.00 0.00
0.50 0.35 12.07 1.00 0.00
0.50 0.35 12.25 1.00 0.00
0.50 0.35 12.42 1.00 0.00
0.50 0.35 12.60 1.00 0.00
0.50 0.35 12.77 1.00 0.00
0.50 0.35 12.95 1.00 0.00
0.50 0.35 13.12 1.00 0.00
0.50 0.35 13.29 1.00 0.00
0.50 0.35 13.47 1.00 0.00
0.70 0.35 10.49 1.00 0.00
0.70 0.35 10.67 1.00 0.00
0.70 0.35 10.84 1.00 0.00
0.70 0.35 11.02 1.00 0.00
0.70 0.35 11.19 1.00 0.00
0.70 0.35 11.36 1.00 0.00
0.70 0.35 11.54 1.00 0.00
0.70 0.35 11.71 1.00 0.00
0.70 0.35 11.89 1.00 0.00
0.70 0.35 12.06 1.00 0.00
0.70 0.35 12.24 1.00 0.00
0.70 0.35 12.41 1.00 0.00
0.70 0.35 12.59 1.00 0.00
0.70 0.35 12.76 1.00 0.00
0.70 0.35 12.94 1.00 0.00
0.70 0.35 13.11 1.00 0.00
0.70 0.35 13.28 1.00 0.00
0.70 0.35 13.46 1.00 0.00
0.90 0.35 10.48 1.00 0.00
0.90 0.35 10.65 1.00 0.00
0.90 0.35 10.83 1.00 0.00
0.90 0.35 11.00 1.00 0.00
0.90 0.35 11.18 1.00 0.00
0.90 0.35 11.35 1.00 0.00
0.90 0.35 11.53 1.00 0.00
0.90 0.35 11.70 1.00 0.00
0.90 0.35 11.88 1.00 0.00
0.90 0.35 12.05 1.00 0.00
0.90 0.35 12.23 1.00 0.00
0.90 0.35 12.40 1.00 0.00
0.90 0.35 12.57 1.00 0.00
0.90 0.35 12.75 1.00 0.00
0.90 0.35 12.92 1.00 0.00
0.90 0.35 13.10 1.00 0.00
0.90 0.35 13.27 1.00 0.00
0.90 0.35 13.45 1.00 0.00
1.10 0.35 10.47 1.00 0.00
1.10 0.35 10.64 1.00 0.00
1.10 0.35 10.81 1.00 0.00
1.10 0.35 10.99 1.00 0.00
1.10 0.35 11.16 1.00 0.00
1.10 0.35 11.34 1.00 0.00
1.10 0.35 11.51 1.00 0.00
1.10 0.35 11.69 1.00 0.00
1.10 0.35 11.86 1.00 0.00
1.10 0.35 12.04 1.00 0.00
1.10 0.35 12.21 1.00 0.00
1.10 0.35 12.39 1.00 0.00
1.10 0.35 12.56 1.00 0.00
1.10 0.35 12.73 1.00 0.00
1.10 0.35 12.91 1.00 0.00
1.10 0.35 13.08 1.00 0.00
1.10 0.35 13.26 1.00 0.00
1.10 0.35 13.43 1.00 0.00
0.30 0.52 4.24 1.00 0.00
0.30 0.52 4.42 1.00 0.00
0.30 0.52 4.59 1.00 0.00
0.30 0.52 4.77 1.00 0.00
0.30 0.52 4.94 1.00 0.00
0.30 0.52 5.12 1.00 0.00
0.30 0.52 5.29 1.00 0.00
0.30 0.52 5.47 1.00 0.00
0.30 0.52 5.64 1.00 0.00
0.30 0.52 5.82 1.00 0.00
0.30 0.52 5.99 1.00 0.00
0.30 0.52 6.16 1.00 0.00
0.30 0.52 6.34 1.00 0.00
0.30 0.52 6.51 1.00 0.00
0.30 0.52 6.69 1.00 0.00
0.30 0.52 6.86 1.00 0.00
0.30 0.52 7.04 1.00 0.00
0.30 0.52 7.21 1.00 0.00
0.50 0.52 4.25 1.00 0.00
0.50 0.52 4.42 1.00 0.00
0.50 0.52 4.60 1.00 0.00
0.50 0.52 4.77 1.00 0.00
0.50 0.52 4.95 1.00 0.00
0.50 0.52 5.12 1.00 0.00
0.50 0.52 5.30 1.00 0.00
0.50 0.52 5.47 1.00 0.00
0.50 0.52 5.64 1.00 0.00
0.50 0.52 5.82 1.00 0.00
0.50 0.52 5.99 1.00 0.00
0.50 0.52 6.17 1.00 0.00
0.50 0.52 6.34 1.00 0.00
0.50 0.52 6.52 1.00 0.00
0.50 0.52 6.69 1.00 0.00
0.50 0.52 6.87 1.00 0.00
0.50 0.52 7.04 1.00 0.00
0.50 0.52 7.22 1.00 0.00
0.70 0.52 4.25 1.00 0.00
0.70 0.52 4.43 1.00 0.00
0.70 0.52 4.60 1.00 0.00
0.70 0.52 4.78 1.00 0.00
0.70 0.52 4.95 1.00 0.00
0.70 0.52 5.12 1.00 0.00
0.70 0.52 5.30 1.00 0.00
0.70 0.52 5.47 1.00 0.00
0.70 0.52 5.65 1.00 0.00
0.70 0.52 5.82 1.00 0.00
0.70 0.52 6.00 1.00 0.00
0.70 0.52 6.17 1.00 0.00
0.70 0.52 6.35 1.00 0.00
0.70 0.52 6.52 1.00 0.00
0.70 0.52 6.70 1.00 0.00
0.70 0.52 6.87 1.00 0.00
0.70 0.52 7.04 1.00 0.00
0.70 0.52 7.22 1.00 0.00
0.90 0.52 4.26 1.00 0.00
0.90 0.52 4.43 1.00 0.00
0.90 0.52 4.61 1.00 0.00
0.90 0.52 4.78 1.00 0.00
0.90 0.52 4.96 1.00 0.00
0.90 0.52 5.13 1.00 0.00
0.90 0.52 5.30 1.00 0.00
0.90 0.52 5.48 1.00 0.00
0.90 0.52 5.65 1.00 0.00
0.90 0.52 5.83 1.00 0.00
0.90 0.52 6.00 1.00 0.00
0.90 0.52 6.18 1.00 0.00
0.90 0.52 6.35 1.00 0.00
0.90 0.52 6.53 1.00 0.00
0.90 0.52 6.70 1.00 0.00
0.90 0.52 6.88 1.00 0.00
0.90 0.52 7.05 1.00 0.00
0.90 0.52 7.22 1.00 0.00
1.10 0.52 4.26 1.00 0.00
1.10 0.52 4.44 1.00 0.00
1.10 0.52 4.61 1.00 0.00
1.10 0.52 4.79 1.00 0.00
1.10 0.52 4.96 1.00 0.00
1.10 0.52 5.14 1.00 0.00
1.10 0.52 5.31 1.00 0.00
1.10 0.52 5.48 1.00 0.00
1.10 0.52 5.66 1.00 0.00
1.10 0.52 5.83 1.00 0.00
1.10 0.52 6.01 1.00 0.00
1.10 0.52 6.18 1.00 0.00
1.10 0.52 6.36 1.00 0.00
1.10 0.52 6.53 1.00 0.00
1.10 0.52 6.71 1.00 0.00
1.10 0.52 6.88 1.00 0.00
1.10 0.52 7.06 1.00 0.00
1.10 0.52 7.23 1.00 0.00
0.30 0.70 4.26 1.00 0.00
0.30 0.70 4.44 1.00 0.00
0.30 0.70 4.61 1.00 0.00
0.30 0.70 4.78 1.00 0.00
0.30 0.70 4.96 1.00 0.00
0.30 0.70 5.13 1.00 0.00
0.30 0.70 5.31 1.00 0.00
0.30 0.70 5.48 1.00 0.00
0.30 0.70 5.66 1.00 0.00
0.30 0.70 5.83 1.00 0.00
0.30 0.70 6.01 1.00 0.00
0.30 0.70 6.18 1.00 0.00
0.30 0.70 6.35 1.00 0.00
0.30 0.70 6.53 1.00 0.00
0.30 0.70 6.70 1.00 0.00
0.30 0.70 6.88 1.00 0.00
0.30 0.70 7.05 1.00 0.00
0.30 0.70 7.23 1.00 0.00
0.50 0.70 4.28 1.00 0.00
0.50 0.70 4.45 1.00 0.00
0.50 0.70 4.63 1.00 0.00
0.50 0.70 4.80 1.00 0.00
0.50 0.70 4.97 1.00 0.00
0.50 0.70 5.15 1.00 0.00
0.50 0.70 5.32 1.00 0.00
0.50 0.70 5.50 1.00 0.00
0.50 0.70 5.67 1.00 0.00
0.50 0.70 5.85 1.00 0.00
0.50 0.70 6.02 1.00 0.00
0.50 0.70 6.20 1.00 0.00
0.50 0.70 6.37 1.00 0.00
0.50 0.70 6.55 1.00 0.00
0.50 0.70 6.72 1.00 0.00
0.50 0.70 6.89 1.00 0.00
0.50 0.70 7.07 1.00 0.00
0.50 0.70 7.24 1.00 0.00
0.70 0.70 4.30 1.00 0.00
0.70 0.70 4.47 1.00 0.00
0.70 0.70 4.64 1.00 0.00
0.70 0.70 4.82 1.00 0.00
0.70 0.70 4.99 1.00 0.00
0.70 0.70 5.17 1.00 0.00
0.70 0.70 5.34 1.00 0.00
0.70 0.70 5.52 1.00 0.00
0.70 0.70 5.69 1.00 0.00
0.70 0.70 5.87 1.00 0.00
0.70 0.70 6.04 1.00 0.00
0.70 0.70 6.22 1.00 0.00
0.70 0.70 6.39 1.00 0.00
0.70 0.70 6.56 1.00 0.00
0.70 0.70 6.74 1.00 0.00
0.70 0.70 6.91 1.00 0.00
0.70 0.70 7.09 1.00 0.00
0.70 0.70 7.26 1.00 0.00
0.90 0.70 4.32 1.00 0.00
0.90 0.70 4.49 1.00 0.00
0.90 0.70 4.67 1.00 0.00
0.90 0.70 4.84 1.00 0.00
0.90 0.70 5.01 1.00 0.00
0.90 0.70 5.19 1.00 0.00
0.90 0.70 5.36 1.00 0.00
0.90 0.70 5.54 1.00 0.00
0.90 0.70 5.71 1.00 0.00
0.90 0.70 5.89 1.00 0.00
0.90 0.70 6.06 1.00 0.00
0.90 0.70 6.24 1.00 0.00
0.90 0.70 6.41 1.00 0.00
0.90 0.70 6.59 1.00 0.00
0.90 0.70 6.76 1.00 0.00
0.90 0.70 6.93 1.00 0.00
0.90 0.70 7.11 1.00 0.00
0.90 0.70 7.28 1.00 0.00
1.10 0.70 4.34 1.00 0.00
1.10 0.70 4.52 1.00 0.00
1.10 0.70 4.69 1.00 0.00
1.10 0.70 4.86 1.00 0.00
1.10 0.70 5.04 1.00 0.00
1.10 0.70 5.21 1.00 0.00
1.10 0.70 5.39 1.00 0.00
1.10 0.70 5.56 1.00 0.00
1.10 0.70 5.74 1.00 0.00
1.10 0.70 5.91 1.00 0.00
1.10 0.70 6.09 1.00 0.00
1.10 0.70 6.26 1.00 0.00
1.10 0.70 6.44 1.00 0.00
1.10 0.70 6.61 1.00 0.00
1.10 0.70 6.78 1.00 0.00
1.10 0.70 6.96 1.00 0.00
1.10 0.70 7.13 1.00 0.00
1.10 0.70 7.31 1.00 0.00
0.30 0.87 4.28 1.00 0.00
0.30 0.87 4.45 1.00 0.00
0.30 0.87 4.63 1.00 0.00
0.30 0.87 4.80 1.00 0.00
0.30 0.87 4.97 1.00 0.00
0.30 0.87 5.15 1.00 0.00
0.30 0.87 5.32 1.00 0.00
0.30 0.87 5.50 1.00 0.00
0.30 0.87 5.67 1.00 0.00
0.30 0.87 5.85 1.00 0.00
0.30 0.87 6.02 1.00 0.00
0.30 0.87 6.20 1.00 0.00
0.30 0.87 6.37 1.00 0.00
0.30 0.87 6.54 1.00 0.00
0.30 0.87 6.72 1.00 0.00
0.30 0.87 6.89 1.00 0.00
0.30 0.87 7.07 1.00 0.00
0.30 0.87 7.24 1.00 0.00
0.50 0.87 4.30 1.00 0.00
0.50 0.87 4.48 1.00 0.00
0.50 0.87 4.65 1.00 0.00
0.50 0.87 4.83 1.00 0.00
0.50 0.87 5.00 1.00 0.00
0.50 0.87 5.18 1.00 0.00
0.50 0.87 5.35 1.00 0.00
0.50 0.87 5.53 1.00 0.00
0.50 0.87 5.70 1.00 0.00
0.50 0.87 5.87 1.00 0.00
0.50 0.87 6.05 1.00 0.00
0.50 0.87 6.22 1.00 0.00
0.50 0.87 6.40 1.00 0.00
0.50 0.87 6.57 1.00 0.00
0.50 0.87 6.75 1.00 0.00
0.50 0.87 6.92 1.00 0.00
0.50 0.87 7.10 1.00 0.00
0.50 0.87 7.27 1.00 0.00
0.70 0.87 4.34 1.00 0.00
0.70 0.87 4.51 1.00 0.00
0.70 0.87 4.68 1.00 0.00
0.70 0.87 4.86 1.00 0.00
0.70 0.87 5.03 1.00 0.00
0.70 0.87 5.21 1.00 0.00
0.70 0.87 5.38 1.00 0.00
0.70 0.87 5.56 1.00 0.00
0.70 0.87 5.73 1.00 0.00
0.70 0.87 5.91 1.00 0.00
0.70 0.87 6.08 1.00 0.00
0.70 0.87 6.26 1.00 0.00
0.70 0.87 6.43 1.00 0.00
0.70 0.87 6.60 1.00 0.00
0.70 0.87 6.78 1.00 0.00
0.70 0.87 6.95 1.00 0.00
0.70 0.87 7.13 1.00 0.00
0.70 0.87 7.30 1.00 0.00
0.90 0.87 4.37 1.00 0.00
0.90 0.87 4.55 1.00 0.00
0.90 0.87 4.72 1.00 0.00
0.90 0.87 4.89 1.00 0.00
0.90 0.87 5.07 1.00 0.00
0.90 0.87 5.24 1.00 0.00
0.90 0.87 5.42 1.00 0.00
0.90 0.87 5.59 1.00 0.00
0.90 0.87 5.77 1.00 0.00
0.90 0.87 5.94 1.00 0.00
0.90 0.87 6.12 1.00 0.00
0.90 0.87 6.29 1.00 0.00
0.90 0.87 6.47 1.00 0.00
0.90 0.87 6.64 1.00 0.00
0.90 0.87 6.81 1.00 0.00
0.90 0.87 6.99 1.00 0.00
0.90 0.87 7.16 1.00 0.00
0.90 0.87 7.34 1.00 0.00
1.10 0.87 4.41 1.00 0.00
1.10 0.87 4.59 1.00 0.00
1.10 0.87 4.76 1.00 0.00
1.10 0.87 4.94 1.00 0.00
1.10 0.87 5.11 1.00 0.00
1.10 0.87 5.28 1.00 0.00
1.10 0.87 5.46 1.00 0.00
1.10 0.87 5.63 1.00 0.00
1.10 0.87 5.81 1.00 0.00
1.10 0.87 5.98 1.00 0.00
1.10 0.87 6.16 1.00 0.00
1.10 0.87 6.33 1.00 0.00
1.10 0.87 6.51 1.00 0.00
1.10 0.87 6.68 1.00 0.00
1.10 0.87 6.86 1.00 0.00
1.10 0.87 7.03 1.00 0.00
1.10 0.87 7.20 1.00 0.00
1.10 0.87 7.38 1.00 0.00
0.30 1.05 4.29 1.00 0.00
0.30 1.05 4.46 1.00 0.00
0.30 1.05 4.64 1.00 0.00
0.30 1.05 4.81 1.00 0.00
0.30 1.05 4.99 1.00 0.00
0.30 1.05 5.16 1.00 0.00
0.30 1.05 5.34 1.00 0.00
0.30 1.05 5.51 1.00 0.00
0.30 1.05 5.69 1.00 0.00
0.30 1.05 5.86 1.00 0.00
0.30 1.05 6.04 1.00 0.00
0.30 1.05 6.21 1.00 0.00
0.30 1.05 6.38 1.00 0.00
0.30 1.05 6.56 1.00 0.00
0.30 1.05 6.73 1.00 0.00
0.30 1.05 6.91 1.00 0.00
0.30 1.05 7.08 1.00 0.00
0.30 1.05 7.26 1.00 0.00
0.50 1.05 4.33 1.00 0.00
0.50 1.05 4.50 1.00 0.00
0.50 1.05 4.68 1.00 0.00
0.50 1.05 4.85 1.00 0.00
0.50 1.05 5.03 1.00 0.00
0.50 1.05 5.20 1.00 0.00
0.50 1.05 5.38 1.00 0.00
0.50 1.05 5.55 1.00 0.00
0.50 1.05 5.72 1.00 0.00
0.50 1.05 5.90 1.00 0.00
0.50 1.05 6.07 1.00 0.00
0.50 1.05 6.25 1.00 0.00
0.50 1.05 6.42 1.00 0.00
0.50 1.05 6.60 1.00 0.00
0.50 1.05 6.77 1.00 0.00
0.50 1.05 6.95 1.00 0.00
0.50 1.05 7.12 1.00 0.00
0.50 1.05 7.30 1.00 0.00
0.70 1.05 4.37 1.00 0.00
0.70 1.05 4.54 1.00 0.00
0.70 1.05 4.72 1.00 0.00
0.70 1.05 4.89 1.00 0.00
0.70 1.05 5.07 1.00 0.00
0.70 1.05 5.24 1.00 0.00
0.70 1.05 5.42 1.00 0.00
0.70 1.05 5.59 1.00 0.00
0.70 1.05 5.77 1.00 0.00
0.70 1.05 5.94 1.00 0.00
0.70 1.05 6.12 1.00 0.00
0.70 1.05 6.29 1.00 0.00
0.70 1.05 6.46 1.00 0.00
0.70 1.05 6.64 1.00 0.00
0.70 1.05 6.81 1.00 0.00
0.70 1.05 6.99 1.00 0.00
0.70 1.05 7.16 1.00 0.00
0.70 1.05 7.34 1.00 0.00
0.90 1.05 4.42 1.00 0.00
0.90 1.05 4.59 1.00 0.00
0.90 1.05 4.77 1.00 0.00
0.90 1.05 4.94 1.00 0.00
0.90 1.05 5.12 1.00 0.00
0.90 1.05 5.29 1.00 0.00
0.90 1.05 5.46 1.00 0.00
0.90 1.05 5.64 1.00 0.00
0.90 1.05 5.81 1.00 0.00
0.90 1.05 5.99 1.00 0.00
0.90 1.05 6.16 1.00 0.00
0.90 1.05 6.34 1.00 0.00
0.90 1.05 6.51 1.00 0.00
0.90 1.05 6.69 1.00 0.00
0.90 1.05 6.86 1.00 0.00
0.90 1.05 7.04 1.00 0.00
0.90 1.05 7.21 1.00 0.00
0.90 1.05 7.38 1.00 0.00
1.10 1.05 4.47 1.00 0.00
1.10 1.05 4.64 1.00 0.00
1.10 1.05 4.82 1.00 0.00
1.10 1.05 4.99 1.00 0.00
1.10 1.05 5.17 1.00 0.00
1.10 1.05 5.34 1.00 0.00
1.10 1.05 5.52 1.00 0.00
1.10 1.05 5.69 1.00 0.00
1.10 1.05 5.87 1.00 0.00
1.10 1.05 6.04 1.00 0.00
1.10 1.05 6.21 1.00 0.00
1.10 1.05 6.39 1.00 0.00
1.10 1.05 6.56 1.00 0.00
1.10 1.05 6.74 1.00 0.00
1.10 1.05 6.91 1.00 0.00
1.10 1.05 7.09 1.00 0.00
1.10 1.05 7.26 1.00 0.00
1.10 1.05 7.44 1.00 0.00
0.30 1.22 4.30 1.00 0.00
0.30 1.22 4.48 1.00 0.00
0.30 1.22 4.65 1.00 0.00
0.30 1.22 4.83 1.00 0.00
0.30 1.22 5.00 1.00 0.00
0.30 1.22 5.17 1.00 0.00
0.30 1.22 5.35 1.00 0.00
0.30 1.22 5.52 1.00 0.00
0.30 1.22 5.70 1.00 0.00
0.30 1.22 5.87 1.00 0.00
0.30 1.22 6.05 1.00 0.00
0.30 1.22 6.22 1.00 0.00
0.30 1.22 6.40 1.00 0.00
0.30 1.22 6.57 1.00 0.00
0.30 1.22 6.75 1.00 0.00
0.30 1.22 6.92 1.00 0.00
0.30 1.22 7.09 1.00 0.00
0.30 1.22 7.27 1.00 0.00
0.50 1.22 4.35 1.00 0.00
0.50 1.22 4.52 1.00 0.00
0.50 1.22 4.70 1.00 0.00
0.50 1.22 4.87 1.00 0.00
0.50 1.22 5.05 1.00 0.00
0.50 1.22 5.22 1.00 0.00
0.50 1.22 5.40 1.00 0.00
0.50 1.22 5.57 1.00 0.00
0.50 1.22 5.74 1.00 0.00
0.50 1.22 5.92 1.00 0.00
0.50 1.22 6.09 1.00 0.00
0.50 1.22 6.27 1.00 0.00
0.50 1.22 6.44 1.00 0.00
0.50 1.22 6.62 1.00 0.00
0.50 1.22 6.79 1.00 0.00
0.50 1.22 6.97 1.00 0.00
0.50 1.22 7.14 1.00 0.00
0.50 1.22 7.32 1.00 0.00
0.70 1.22 4.40 1.00 0.00
0.70 1.22 4.57 1.00 0.00
0.70 1.22 4.75 1.00 0.00
0.70 1.22 4.92 1.00 0.00
0.70 1.22 5.10 1.00 0.00
0.70 1.22 5.27 1.00 0.00
0.70 1.22 5.45 1.00 0.00
0.70 1.22 5.62 1.00 0.00
0.70 1.22 5.80 1.00 0.00
0.70 1.22 5.97 1.00 0.00
0.70 1.22 6.14 1.00 0.00
0.70 1.22 6.32 1.00 0.00
0.70 1.22 6.49 1.00 0.00
0.70 1.22 6.67 1.00 0.00
0.70 1.22 6.84 1.00 0.00
0.70 1.22 7.02 1.00 0.00
0.70 1.22 7.19 1.00 0.00
0.70 1.22 7.37 1.00 0.00
0.90 1.22 4.45 1.00 0.00
0.90 1.22 4.63 1.00 0.00
0.90 1.22 4.80 1.00 0.00
0.90 1.22 4.98 1.00 0.00
0.90 1.22 5.15 1.00 0.00
0.90 1.22 5.33 1.00 0.00
0.90 1.22 5.50 1.00 0.00
0.90 1.22 5.68 1.00 0.00
0.90 1.22 5.85 1.00 0.00
0.90 1.22 6.02 1.00 0.00
0.90 1.22 6.20 1.00 0.00
0.90 1.22 6.37 1.00 0.00
0.90 1.22 6.55 1.00 0.00
0.90 1.22 6.72 1.00 0.00
0.90 1.22 6.90 1.00 0.00
0.90 1.22 7.07 1.00 0.00
0.90 1.22 7.25 1.00 0.00
0.90 1.22 7.42 1.00 0.00
1.10 1.22 4.51 1.00 0.00
1.10 1.22 4.69 1.00 0.00
1.10 1.22 4.86 1.00 0.00
1.10 1.22 5.04 1.00 0.00
1.10 1.22 5.21 1.00 0.00
1.10 1.22 5.39 1.00 0.00
1.10 1.22 5.56 1.00 0.00
1.10 1.22 5.73 1.00 0.00
1.10 1.22 5.91 1.00 0.00
1.10 1.22 6.08 1.00 0.00
1.10 1.22 6.26 1.00 0.00
1.10 1.22 6.43 1.00 0.00
1.10 1.22 6.61 1.00 0.00
1.10 1.22 6.78 1.00 0.00
1.10 1.22 6.96 1.00 0.00
1.10 1.22 7.13 1.00 0.00
1.10 1.22 7.31 1.00 0.00
1.10 1.22 7.48 1.00 0.00
0.30 1.40 4.31 1.00 0.00
0.30 1.40 4.49 1.00 0.00
0.30 1.40 4.66 1.00 0.00
0.30 1.40 4.84 1.00 0.00
0.30 1.40 5.01 1.00 0.00
0.30 1.40 5.18 1.00 0.00
0.30 1.40 5.36 1.00 0.00
0.30 1.40 5.53 1.00 0.00
0.30 1.40 5.71 1.00 0.00
0.30 1.40 5.88 1.00 0.00
0.30 1.40 6.06 1.00 0.00
0.30 1.40 6.23 1.00 0.00
0.30 1.40 6.41 1.00 0.00
0.30 1.40 6.58 1.00 0.00
0.30 1.40 6.76 1.00 0.00
0.30 1.40 6.93 1.00 0.00
0.30 1.40 7.10 1.00 0.00
0.30 1.40 7.28 1.00 0.00
0.50 1.40 4.36 1.00 0.00
0.50 1.40 4.54 1.00 0.00
0.50 1.40 4.71 1.00 0.00
0.50 1.40 4.89 1.00 0.00
0.50 1.40 5.06 1.00 0.00
0.50 1.40 5.24 1.00 0.00
0.50 1.40 5.41 1.00 0.00
0.50 1.40 5.59 1.00 0.00
0.50 1.40 5.76 1.00 0.00
0.50 1.40 5.94 1.00 0.00
0.50 1.40 6.11 1.00 0.00
0.50 1.40 6.28 1.00 0.00
0.50 1.40 6.46 1.00 0.00
0.50 1.40 6.63 1.00 0.00
0.50 1.40 6.81 1.00 0.00
0.50 1.40 6.98 1.00 0.00
0.50 1.40 7.16 1.00 0.00
0.50 1.40 7.33 1.00 0.00
0.70 1.40 4.42 1.00 0.00
0.70 1.40 4.59 1.00 0.00
0.70 1.40 4.77 1.00 0.00
0.70 1.40 4.94 1.00 0.00
0.70 1.40 5.12 1.00 0.00
0.70 1.40 5.29 1.00 0.00
0.70 1.40 5.47 1.00 0.00
0.70 1.40 5.64 1.00 0.00
0.70 1.40 5.82 1.00 0.00
0.70 1.40 5.99 1.00 0.00
0.70 1.40 6.17 1.00 0.00
0.70 1.40 6.34 1.00 0.00
0.70 1.40 6.51 1.00 0.00
0.70 1.40 6.69 1.00 0.00
0.70 1.40 6.86 1.00 0.00
0.70 1.40 7.04 1.00 0.00
0.70 1.40 7.21 1.00 0.00
0.70 1.40 7.39 1.00 0.00
0.90 1.40 4.48 1.00 0.00
0.90 1.40 4.65 1.00 0.00
0.90 1.40 4.83 1.00 0.00
0.90 1.40 5.00 1.00 0.00
0.90 1.40 5.18 1.00 0.00
0.90 1.40 5.35 1.00 0.00
0.90 1.40 5.53 1.00 0.00
0.90 1.40 5.70 1.00 0.00
0.90 1.40 5.88 1.00 0.00
0.90 1.40 6.05 1.00 0.00
0.90 1.40 6.22 1.00 0.00
0.90 1.40 6.40 1.00 0.00
0.90 1.40 6.57 1.00 0.00
0.90 1.40 6.75 1.00 0.00
0.90 1.40 6.92 1.00 0.00
0.90 1.40 7.10 1.00 0.00
0.90 1.40 7.27 1.00 0.00
0.90 1.40 7.45 1.00 0.00
1.10 1.40 4.54 1.00 0.00
1.10 1.40 4.72 1.00 0.00
1.10 1.40 4.89 1.00 0.00
1.10 1.40 5.07 1.00 0.00
1.10 1.40 5.24 1.00 0.00
1.10 1.40 5.41 1.00 0.00
1.10 1.40 5.59 1.00 0.00
1.10 1.40 5.76 1.00 0.00
1.10 1.40 5.94 1.00 0.00
1.10 1.40 6.11 1.00 0.00
1.10 1.40 6.29 1.00 0.00
1.10 1.40 6.46 1.00 0.00
1.10 1.40 6.64 1.00 0.00
1.10 1.40 6.81 1.00 0.00
1.10 1.40 6.99 1.00 0.00
1.10 1.40 7.16 1.00 0.00
1.10 1.40 7.33 1.00 0.00
1.10 1.40 7.51 1.00 0.00
0.30 1.57 4.32 1.00 0.00
0.30 1.57 4.49 1.00 0.00
0.30 1.57 4.67 1.00 0.00
0.30 1.57 4.84 1.00 0.00
0.30 1.57 5.02 1.00 0.00
0.30 1.57 5.19 1.00 0.00
0.30 1.57 5.37 1.00 0.00
0.30 1.57 5.54 1.00 0.00
0.30 1.57 5.72 1.00 0.00
0.30 1.57 5.89 1.00 0.00
0.30 1.57 6.06 1.00 0.00
0.30 1.57 6.24 1.00 0.00
0.30 1.57 6.41 1.00 0.00
0.30 1.57 6.59 1.00 0.00
0.30 1.57 6.76 1.00 0.00
0.30 1.57 6.94 1.00 0.00
0.30 1.57 7.11 1.00 0.00
0.30 1.57 7.29 1.00 0.00
0.50 1.57 4.38 1.00 0.00
0.50 1.57 4.55 1.00 0.00
0.50 1.57 4.72 1.00 0.00
0.50 1.57 4.90 1.00 0.00
0.50 1.57 5.07 1.00 0.00
0.50 1.57 5.25 1.00 0.00
0.50 1.57 5.42 1.00 0.00
0.50 1.57 5.60 1.00 0.00
0.50 1.57 5.77 1.00 0.00
0.50 1.57 5.95 1.00 0.00
0.50 1.57 6.12 1.00 0.00
0.50 1.57 6.30 1.00 0.00
0.50 1.57 6.47 1.00 0.00
0.50 1.57 6.64 1.00 0.00
0.50 1.57 6.82 1.00 0.00
0.50 1.57 6.99 1.00 0.00
0.50 1.57 7.17 1.00 0.00
0.50 1.57 7.34 1.00 0.00
0.70 1.57 4.43 1.00 0.00
0.70 1.57 4.61 1.00 0.00
0.70 1.57 4.78 1.00 0.00
0.70 1.57 4.96 1.00 0.00
0.70 1.57 5.13 1.00 0.00
0.70 1.57 5.31 1.00 0.00
0.70 1.57 5.48 1.00 0.00
0.70 1.57 5.66 1.00 0.00
0.70 1.57 5.83 1.00 0.00
0.70 1.57 6.01 1.00 0.00
0.70 1.57 6.18 1.00 0.00
0.70 1.57 6.35 1.00 0.00
0.70 1.57 6.53 1.00 0.00
0.70 1.57 6.70 1.00 0.00
0.70 1.57 6.88 1.00 0.00
0.70 1.57 7.05 1.00 0.00
0.70 1.57 7.23 1.00 0.00
0.70 1.57 7.40 1.00 0.00
0.90 1.57 4.50 1.00 0.00
0.90 1.57 4.67 1.00 0.00
0.90 1.57 4.84 1.00 0.00
0.90 1.57 5.02 1.00 0.00
0.90 1.57 5.19 1.00 0.00
0.90 1.57 5.37 1.00 0.00
0.90 1.57 5.54 1.00 0.00
0.90 1.57 5.72 1.00 0.00
0.90 1.57 5.89 1.00 0.00
0.90 1.57 6.07 1.00 0.00
0.90 1.57 6.24 1.00 0.00
0.90 1.57 6.42 1.00 0.00
0.90 1.57 6.59 1.00 0.00
0.90 1.57 6.76 1.00 0.00
0.90 1.57 6.94 1.00 0.00
0.90 1.57 7.11 1.00 0.00
0.90 1.57 7.29 1.00 0.00
0.90 1.57 7.46 1.00 0.00
1.10 1.57 4.56 1.00 0.00
1.10 1.57 4.73 1.00 0.00
1.10 1.57 4.91 1.00 0.00
1.10 1.57 5.08 1.00 0.00
1.10 1.57 5.26 1.00 0.00
1.10 1.57 5.43 1.00 0.00
1.10 1.57 5.60 1.00 0.00
1.10 1.57 5.78 1.00 0.00
1.10 1.57 5.95 1.00 0.00
1.10 1.57 6.13 1.00 0.00
1.10 1.57 6.30 1.00 0.00
1.10 1.57 6.48 1.00 0.00
1.10 1.57 6.65 1.00 0.00
1.10 1.57 6.83 1.00 0.00
1.10 1.57 7.00 1.00 0.00
1.10 1.57 7.18 1.00 0.00
1.10 1.57 7.35 1.00 0.00
1.10 1.57 7.52 1.00 0.00
0.30 1.75 4.32 1.00 0.00
0.30 1.75 4.50 1.00 0.00
0.30 1.75 4.67 1.00 0.00
0.30 1.75 4.85 1.00 0.00
0.30 1.75 5.02 1.00 0.00
0.30 1.75 5.20 1.00 0.00
0.30 1.75 5.37 1.00 0.00
0.30 1.75 5.55 1.00 0.00
0.30 1.75 5.72 1.00 0.00
0.30 1.75 5.89 1.00 0.00
0.30 1.75 6.07 1.00 0.00
0.30 1.75 6.24 1.00 0.00
0.30 1.75 6.42 1.00 0.00
0.30 1.75 6.59 1.00 0.00
0.30 1.75 6.77 1.00 0.00
0.30 1.75 6.94 1.00 0.00
0.30 1.75 7.12 1.00 0.00
0.30 1.75 7.29 1.00 0.00
0.50 1.75 4.38 1.00 0.00
0.50 1.75 4.56 1.00 0.00
0.50 1.75 4.73 1.00 0.00
0.50 1.75 4.91 1.00 0.00
0.50 1.75 5.08 1.00 0.00
0.50 1.75 5.25 1.00 0.00
0.50 1.75 5.43 1.00 0.00
0.50 1.75 5.60 1.00 0.00
0.50 1.75 5.78 1.00 0.00
0.50 1.75 5.95 1.00 0.00
0.50 1.75 6.13 1.00 0.00
0.50 1.75 6.30 1.00 0.00
0.50 1.75 6.48 1.00 0.00
0.50 1.75 6.65 1.00 0.00
0.50 1.75 6.83 1.00 0.00
0.50 1.75 7.00 1.00 0.00
0.50 1.75 7.17 1.00 0.00
0.50 1.75 7.35 1.00 0.00
0.70 1.75 4.44 1.00 0.00
0.70 1.75 4.62 1.00 0.00
0.70 1.75 4.79 1.00 0.00
0.70 1.75 4.96 1.00 0.00
0.70 1.75 5.14 1.00 0.00
0.70 1.75 5.31 1.00 0.00
0.70 1.75 5.49 1.00 0.00
0.70 1.75 5.66 1.00 0.00
0.70 1.75 5.84 1.00 0.00
0.70 1.75 6.01 1.00 0.00
0.70 1.75 6.19 1.00 0.00
0.70 1.75 6.36 1.00 0.00
0.70 1.75 6.54 1.00 0.00
0.70 1.75 6.71 1.00 0.00
0.70 1.75 6.88 1.00 0.00
0.70 1.75 7.06 1.00 0.00
0.70 1.75 7.23 1.00 0.00
0.70 1.75 7.41 1.00 0.00
0.90 1.75 4.50 1.00 0.00
0.90 1.75 4.68 1.00 0.00
0.90 1.75 4.85 1.00 0.00
0.90 1.75 5.02 1.00 0.00
0.90 1.75 5.20 1.00 0.00
0.90 1.75 5.37 1.00 0.00
0.90 1.75 5.55 1.00 0.00
0.90 1.75 5.72 1.00 0.00
0.90 1.75 5.90 1.00 0.00
0.90 1.75 6.07 1.00 0.00
0.90 1.75 6.25 1.00 0.00
0.90 1.75 6.42 1.00 0.00
0.90 1.75 6.60 1.00 0.00
0.90 1.75 6.77 1.00 0.00
0.90 1.75 6.94 1.00 0.00
0.90 1.75 7.12 1.00 0.00
0.90 1.75 7.29 1.00 0.00
0.90 1.75 7.47 1.00 0.00
1.10 1.75 4.56 1.00 0.00
1.10 1.75 4.74 1.00 0.00
1.10 1.75 4.91 1.00 0.00
1.10 1.75 5.09 1.00 0.00
1.10 1.75 5.26 1.00 0.00
1.10 1.75 5.43 1.00 0.00
1.10 1.75 5.61 1.00 0.00
1.10 1.75 5.78 1.00 0.00
1.10 1.75 5.96 1.00 0.00
1.10 1.75 6.13 1.00 0.00
1.10 1.75 6.31 1.00 0.00
1.10 1.75 6.48 1.00 0.00
1.10 1.75 6.66 1.00 0.00
1.10 1.75 6.83 1.00 0.00
1.10 1.75 7.00 1.00 0.00
1.10 1.75 7.18 1.00 0.00
1.10 1.75 7.35 1.00 0.00
1.10 1.75 7.53 1.00 0.00
0.30 1.92 4.33 1.00 0.00
0.30 1.92 4.50 1.00 0.00
0.30 1.92 4.67 1.00 0.00
0.30 1.92 4.85 1.00 0.00
0.30 1.92 5.02 1.00 0.00
0.30 1.92 5.20 1.00 0.00
0.30 1.92 5.37 1.00 0.00
0.30 1.92 5.55 1.00 0.00
0.30 1.92 5.72 1.00 0.00
0.30 1.92 5.90 1.00 0.00
0.30 1.92 6.07 1.00 0.00
0.30 1.92 6.25 1.00 0.00
0.30 1.92 6.42 1.00 0.00
0.30 1.92 6.59 1.00 0.00
0.30 1.92 6.77 1.00 0.00
0.30 1.92 6.94 1.00 0.00
0.30 1.92 7.12 1.00 0.00
0.30 1.92 7.29 1.00 0.00
0.50 1.92 4.38 1.00 0.00
0.50 1.92 4.56 1.00 0.00
0.50 1.92 4.73 1.00 0.00
0.50 1.92 4.91 1.00 0.00
0.50 1.92 5.08 1.00 0.00
0.50 1.92 5.26 1.00 0.00
0.50 1.92 5.43 1.00 0.00
0.50 1.92 5.61 1.00 0.00
0.50 1.92 5.78 1.00 0.00
0.50 1.92 5.95 1.00 0.00
0.50 1.92 6.13 1.00 0.00
0.50 1.92 6.30 1.00 0.00
0.50 1.92 6.48 1.00 0.00
0.50 1.92 6.65 1.00 0.00
0.50 1.92 6.83 1.00 0.00
0.50 1.92 7.00 1.00 0.00
0.50 1.92 7.18 1.00 0.00
0.50 1.92 7.35 1.00 0.00
0.70 1.92 4.44 1.00 0.00
0.70 1.92 4.62 1.00 0.00
0.70 1.92 4.79 1.00 0.00
0.70 1.92 4.97 1.00 0.00
0.70 1.92 5.14 1.00 0.00
0.70 1.92 5.31 1.00 0.00
0.70 1.92 5.49 1.00 0.00
0.70 1.92 5.66 1.00 0.00
0.70 1.92 5.84 1.00 0.00
0.70 1.92 6.01 1.00 0.00
0.70 1.92 6.19 1.00 0.00
0.70 1.92 6.36 1.00 0.00
0.70 1.92 6.54 1.00 0.00
0.70 1.92 6.71 1.00 0.00
0.70 1.92 6.89 1.00 0.00
0.70 1.92 7.06 1.00 0.00
0.70 1.92 7.23 1.00 0.00
0.70 1.92 7.41 1.00 0.00
0.90 1.92 4.50 1.00 0.00
0.90 1.92 4.67 1.00 0.00
0.90 1.92 4.85 1.00 0.00
0.90 1.92 5.02 1.00 0.00
0.90 1.92 5.20 1.00 0.00
0.90 1.92 5.37 1.00 0.00
0.90 1.92 5.55 1.00 0.00
0.90 1.92 5.72 1.00 0.00
0.90 1.92 5.90 1.00 0.00
0.90 1.92 6.07 1.00 0.00
0.90 1.92 6.24 1.00 0.00
0.90 1.92 6.42 1.00 0.00
0.90 1.92 6.59 1.00 0.00
0.90 1.92 6.77 1.00 0.00
0.90 1.92 6.94 1.00 0.00
0.90 1.92 7.12 1.00 0.00
0.90 1.92 7.29 1.00 0.00
0.90 1.92 7.47 1.00 0.00
1.10 1.92 4.56 1.00 0.00
1.10 1.92 4.73 1.00 0.00
1.10 1.92 4.90 1.00 0.00
1.10 1.92 5.08 1.00 0.00
1.10 1.92 5.25 1.00 0.00
1.10 1.92 5.43 1.00 0.00
1.10 1.92 5.60 1.00 0.00
1.10 1.92 5.78 1.00 0.00
1.10 1.92 5.95 1.00 0.00
1.10 1.92 6.13 1.00 0.00
1.10 1.92 6.30 1.00 0.00
1.10 1.92 6.48 1.00 0.00
1.10 1.92 6.65 1.00 0.00
1.10 1.92 6.82 1.00 0.00
1.10 1.92 7.00 1.00 0.00
1.10 1.92 7.17 1.00 0.00
1.10 1.92 7.35 1.00 0.00
1.10 1.92 7.52 1.00 0.00
0.30 2.09 4.33 1.00 0.00
0.30 2.09 4.50 1.00 0.00
0.30 2.09 4.67 1.00 0.00
0.30 2.09 4.85 1.00 0.00
0.30 2.09 5.02 1.00 0.00
0.30 2.09 5.20 1.00 0.00
0.30 2.09 5.37 1.00 0.00
0.30 2.09 5.55 1.00 0.00
0.30 2.09 5.72 1.00 0.00
0.30 2.09 5.90 1.00 0.00
0.30 2.09 6.07 1.00 0.00
0.30 2.09 6.24 1.00 0.00
0.30 2.09 6.42 1.00 0.00
0.30 2.09 6.59 1.00 0.00
0.30 2.09 6.77 1.00 0.00
0.30 2.09 6.94 1.00 0.00
0.30 2.09 7.12 1.00 0.00
0.30 2.09 7.29 1.00 0.00
0.50 2.09 4.38 1.00 0.00
0.50 2.09 4.56 1.00 0.00
0.50 2.09 4.73 1.00 0.00
0.50 2.09 4.90 1.00 0.00
0.50 2.09 5.08 1.00 0.00
0.50 2.09 5.25 1.00 0.00
0.50 2.09 5.43 1.00 0.00
0.50 2.09 5.60 1.00 0.00
0.50 2.09 5.78 1.00 0.00
0.50 2.09 5.95 1.00 0.00
0.50 2.09 6.13 1.00 0.00
0.50 2.09 6.30 1.00 0.00
0.50 2.09 6.48 1.00 0.00
0.50 2.09 6.65 1.00 0.00
0.50 2.09 6.82 1.00 0.00
0.50 2.09 7.00 1.00 0.00
0.50 2.09 7.17 1.00 0.00
0.50 2.09 7.35 1.00 0.00
0.70 2.09 4.44 1.00 0.00
0.70 2.09 4.61 1.00 0.00
0.70 2.09 4.79 1.00 0.00
0.70 2.09 4.96 1.00 0.00
0.70 2.09 5.13 1.00 0.00
0.70 2.09 5.31 1.00 0.00
0.70 2.09 5.48 1.00 0.00
0.70 2.09 5.66 1.00 0.00
0.70 2.09 5.83 1.00 0.00
0.70 2.09 6.01 1.00 0.00
0.70 2.09 6.18 1.00 0.00
0.70 2.09 6.36 1.00 0.00
0.70 2.09 6.53 1.00 0.00
0.70 2.09 6.70 1.00 0.00
0.70 2.09 6.88 1.00 0.00
0.70 2.09 7.05 1.00 0.00
0.70 2.09 7.23 1.00 0.00
0.70 2.09 7.40 1.00 0.00
0.90 2.09 4.49 1.00 0.00
0.90 2.09 4.66 1.00 0.00
0.90 2.09 4.84 1.00 0.00
0.90 2.09 5.01 1.00 0.00
0.90 2.09 5.19 1.00 0.00
0.90 2.09 5.36 1.00 0.00
0.90 2.09 5.54 1.00 0.00
0.90 2.09 5.71 1.00 0.00
0.90 2.09 5.89 1.00 0.00
0.90 2.09 6.06 1.00 0.00
0.90 2.09 6.23 1.00 0.00
0.90 2.09 6.41 1.00 0.00
0.90 2.09 6.58 1.00 0.00
0.90 2.09 6.76 1.00 0.00
0.90 2.09 6.93 1.00 0.00
0.90 2.09 7.11 1.00 0.00
0.90 2.09 7.28 1.00 0.00
0.90 2.09 7.46 1.00 0.00
1.10 2.09 4.54 1.00 0.00
1.10 2.09 4.72 1.00 0.00
1.10 2.09 4.89 1.00 0.00
1.10 2.09 5.06 1.00 0.00
1.10 2.09 5.24 1.00 0.00
1.10 2.09 5.41 1.00 0.00
1.10 2.09 5.59 1.00 0.00
1.10 2.09 5.76 1.00 0.00
1.10 2.09 5.94 1.00 0.00
1.10 2.09 6.11 1.00 0.00
1.10 2.09 6.29 1.00 0.00
1.10 2.09 6.46 1.00 0.00
1.10 2.09 6.64 1.00 0.00
1.10 2.09 6.81 1.00 0.00
1.10 2.09 6.98 1.00 0.00
1.10 2.09 7.16 1.00 0.00
1.10 2.09 7.33 1.00 0.00
1.10 2.09 7.51 1.00 0.00
0.30 2.27 4.32 1.00 0.00
0.30 2.27 4.50 1.00 0.00
0.30 2.27 4.67 1.00 0.00
0.30 2.27 4.85 1.00 0.00
0.30 2.27 5.02 1.00 0.00
0.30 2.27 5.19 1.00 0.00
0.30 2.27 5.37 1.00 0.00
0.30 2.27 5.54 1.00 0.00
0.30 2.27 5.72 1.00 0.00
0.30 2.27 5.89 1.00 0.00
0.30 2.27 6.07 1.00 0.00
0.30 2.27 6.24 1.00 0.00
0.30 2.27 6.42 1.00 0.00
0.30 2.27 6.59 1.00 0.00
0.30 2.27 6.77 1.00 0.00
0.30 2.27 6.94 1.00 0.00
0.30 2.27 7.11 1.00 0.00
0.30 2.27 7.29 1.00 0.00
0.50 2.27 4.37 1.00 0.00
0.50 2.27 4.55 1.00 0.00
0.50 2.27 4.72 1.00 0.00
0.50 2.27 4.90 1.00 0.00
0.50 2.27 5.07 1.00 0.00
0.50 2.27 5.25 1.00 0.00
0.50 2.27 5.42 1.00 0.00
0.50 2.27 5.60 1.00 0.00
0.50 2.27 5.77 1.00 0.00
0.50 2.27 5.95 1.00 0.00
0.50 2.27 6.12 1.00 0.00
0.50 2.27 6.29 1.00 0.00
0.50 2.27 6.47 1.00 0.00
0.50 2.27 6.64 1.00 0.00
0.50 2.27 6.82 1.00 0.00
0.50 2.27 6.99 1.00 0.00
0.50 2.27 7.17 1.00 0.00
0.50 2.27 7.34 1.00 0.00
0.70 2.27 4.43 1.00 0.00
0.70 2.27 4.60 1.00 0.00
0.70 2.27 4.77 1.00 0.00
0.70 2.27 4.95 1.00 0.00
0.70 2.27 5.12 1.00 0.00
0.70 2.27 5.30 1.00 0.00
0.70 2.27 5.47 1.00 0.00
0.70 2.27 5.65 1.00 0.00
0.70 2.27 5.82 1.00 0.00
0.70 2.27 6.00 1.00 0.00
0.70 2.27 6.17 1.00 0.00
0.70 2.27 6.35 1.00 0.00
0.70 2.27 6.52 1.00 0.00
0.70 2.27 6.69 1.00 0.00
0.70 2.27 6.87 1.00 0.00
0.70 2.27 7.04 1.00 0.00
0.70 2.27 7.22 1.00 0.00
0.70 2.27 7.39 1.00 0.00
0.90 2.27 4.47 1.00 0.00
0.90 2.27 4.65 1.00 0.00
0.90 2.27 4.82 1.00 0.00
0.90 2.27 5.00 1.00 0.00
0.90 2.27 5.17 1.00 0.00
0.90 2.27 5.35 1.00 0.00
0.90 2.27 5.52 1.00 0.00
0.90 2.27 5.70 1.00 0.00
0.90 2.27 5.87 1.00 0.00
0.90 2.27 6.04 1.00 0.00
0.90 2.27 6.22 1.00 0.00
0.90 2.27 6.39 1.00 0.00
0.90 2.27 6.57 1.00 0.00
0.90 2.27 6.74 1.00 0.00
0.90 2.27 6.92 1.00 0.00
0.90 2.27 7.09 1.00 0.00
0.90 2.27 7.27 1.00 0.00
0.90 2.27 7.44 1.00 0.00
1.10 2.27 4.52 1.00 0.00
1.10 2.27 4.69 1.00 0.00
1.10 2.27 4.87 1.00 0.00
1.10 2.27 5.04 1.00 0.00
1.10 2.27 5.22 1.00 0.00
1.10 2.27 5.39 1.00 0.00
1.10 2.27 5.57 1.00 0.00
1.10 2.27 5.74 1.00 0.00
1.10 2.27 5.92 1.00 0.00
1.10 2.27 6.09 1.00 0.00
1.10 2.27 6.27 1.00 0.00
1.10 2.27 6.44 1.00 0.00
1.10 2.27 6.61 1.00 0.00
1.10 2.27 6.79 1.00 0.00
1.10 2.27 6.96 1.00 0.00
1.10 2.27 7.14 1.00 0.00
1.10 2.27 7.31 1.00 0.00
1.10 2.27 7.49 1.00 0.00
0.30 2.44 4.32 1.00 0.00
0.30 2.44 4.49 1.00 0.00
0.30 2.44 4.67 1.00 0.00
0.30 2.44 4.84 1.00 0.00
0.30 2.44 5.01 1.00 0.00
0.30 2.44 5.19 1.00 0.00
0.30 2.44 5.36 1.00 0.00
0.30 2.44 5.54 1.00 0.00
0.30 2.44 5.71 1.00 0.00
0.30 2.44 5.89 1.00 0.00
0.30 2.44 6.06 1.00 0.00
0.30 2.44 6.24 1.00 0.00
0.30 2.44 6.41 1.00 0.00
0.30 2.44 6.59 1.00 0.00
0.30 2.44 6.76 1.00 0.00
0.30 2.44 6.93 1.00 0.00
0.30 2.44 7.11 1.00 0.00
0.30 2.44 7.28 1.00 0.00
0.50 2.44 4.36 1.00 0.00
0.50 2.44 4.54 1.00 0.00
0.50 2.44 4.71 1.00 0.00
0.50 2.44 4.89 1.00 0.00
0.50 2.44 5.06 1.00 0.00
0.50 2.44 5.24 1.00 0.00
0.50 2.44 5.41 1.00 0.00
0.50 2.44 5.59 1.00 0.00
0.50 2.44 5.76 1.00 0.00
0.50 2.44 5.94 1.00 0.00
0.50 2.44 6.11 1.00 0.00
0.50 2.44 6.28 1.00 0.00
0.50 2.44 6.46 1.00 0.00
0.50 2.44 6.63 1.00 0.00
0.50 2.44 6.81 1.00 0.00
0.50 2.44 6.98 1.00 0.00
0.50 2.44 7.16 1.00 0.00
0.50 2.44 7.33 1.00 0.00
0.70 2.44 4.41 1.00 0.00
0.70 2.44 4.58 1.00 0.00
0.70 2.44 4.76 1.00 0.00
0.70 2.44 4.93 1.00 0.00
0.70 2.44 5.11 1.00 0.00
0.70 2.44 5.28 1.00 0.00
0.70 2.44 5.46 1.00 0.00
0.70 2.44 5.63 1.00 0.00
0.70 2.44 5.81 1.00 0.00
0.70 2.44 5.98 1.00 0.00
0.70 2.44 6.16 1.00 0.00
0.70 2.44 6.33 1.00 0.00
0.70 2.44 6.50 1.00 0.00
0.70 2.44 6.68 1.00 0.00
0.70 2.44 6.85 1.00 0.00
0.70 2.44 7.03 1.00 0.00
0.70 2.44 7.20 1.00 0.00
0.70 2.44 7.38 1.00 0.00
0.90 2.44 4.45 1.00 0.00
0.90 2.44 4.63 1.00 0.00
0.90 2.44 4.80 1.00 0.00
0.90 2.44 4.98 1.00 0.00
0.90 2.44 5.15 1.00 0.00
0.90 2.44 5.33 1.00 0.00
0.90 2.44 5.50 1.00 0.00
0.90 2.44 5.67 1.00 0.00
0.90 2.44 5.85 1.00 0.00
0.90 2.44 6.02 1.00 0.00
0.90 2.44 6.20 1.00 0.00
0.90 2.44 6.37 1.00 0.00
0.90 2.44 6.55 1.00 0.00
0.90 2.44 6.72 1.00 0.00
0.90 2.44 6.90 1.00 0.00
0.90 2.44 7.07 1.00 0.00
0.90 2.44 7.25 1.00 0.00
0.90 2.44 7.42 1.00 0.00
1.10 2.44 4.49 1.00 0.00
1.10 2.44 4.67 1.00 0.00
1.10 2.44 4.84 1.00 0.00
1.10 2.44 5.02 1.00 0.00
1.10 2.44 5.19 1.00 0.00
1.10 2.44 5.37 1.00 0.00
1.10 2.44 5.54 1.00 0.00
1.10 2.44 5.72 1.00 0.00
1.10 2.44 5.89 1.00 0.00
1.10 2.44 6.06 1.00 0.00
1.10 2.44 6.24 1.00 0.00
1.10 2.44 6.41 1.00 0.00
1.10 2.44 6.59 1.00 0.00
1.10 2.44 6.76 1.00 0.00
1.10 2.44 6.94 1.00 0.00
1.10 2.44 7.11 1.00 0.00
1.10 2.44 7.29 1.00 0.00
1.10 2.44 7.46 1.00 0.00
0.30 2.62 4.31 1.00 0.00
0.30 2.62 4.48 1.00 0.00
0.30 2.62 4.66 1.00 0.00
0.30 2.62 4.83 1.00 0.00
0.30 2.62 5.01 1.00 0.00
0.30 2.62 5.18 1.00 0.00
0.30 2.62 5.36 1.00 0.00
0.30 2.62 5.53 1.00 0.00
0.30 2.62 5.70 1.00 0.00
0.30 2.62 5.88 1.00 0.00
0.30 2.62 6.05 1.00 0.00
0.30 2.62 6.23 1.00 0.00
0.30 2.62 6.40 1.00 0.00
0.30 2.62 6.58 1.00 0.00
0.30 2.62 6.75 1.00 0.00
0.30 2.62 6.93 1.00 0.00
0.30 2.62 7.10 1.00 0.00
0.30 2.62 7.28 1.00 0.00
0.50 2.62 4.35 1.00 0.00
0.50 2.62 4.53 1.00 0.00
0.50 2.62 4.70 1.00 0.00
0.50 2.62 4.87 1.00 0.00
0.50 2.62 5.05 1.00 0.00
0.50 2.62 5.22 1.00 0.00
0.50 2.62 5.40 1.00 0.00
0.50 2.62 5.57 1.00 0.00
0.50 2.62 5.75 1.00 0.00
0.50 2.62 5.92 1.00 0.00
0.50 2.62 6.10 1.00 0.00
0.50 2.62 6.27 1.00 0.00
0.50 2.62 6.45 1.00 0.00
0.50 2.62 6.62 1.00 0.00
0.50 2.62 6.79 1.00 0.00
0.50 2.62 6.97 1.00 0.00
0.50 2.62 7.14 1.00 0.00
0.50 2.62 7.32 1.00 0.00
0.70 2.62 4.39 1.00 0.00
0.70 2.62 4.57 1.00 0.00
0.70 2.62 4.74 1.00 0.00
0.70 2.62 4.91 1.00 0.00
0.70 2.62 5.09 1.00 0.00
0.70 2.62 5.26 1.00 0.00
0.70 2.62 5.44 1.00 0.00
0.70 2.62 5.61 1.00 0.00
0.70 2.62 5.79 1.00 0.00
0.70 2.62 5.96 1.00 0.00
0.70 2.62 6.14 1.00 0.00
0.70 2.62 6.31 1.00 0.00
0.70 2.62 6.49 1.00 0.00
0.70 2.62 6.66 1.00 0.00
0.70 2.62 6.83 1.00 0.00
0.70 2.62 7.01 1.00 0.00
0.70 2.62 7.18 1.00 0.00
0.70 2.62 7.36 1.00 0.00
0.90 2.62 4.43 1.00 0.00
0.90 2.62 4.60 1.00 0.00
0.90 2.62 4.78 1.00 0.00
0.90 2.62 4.95 1.00 0.00
0.90 2.62 5.13 1.00 0.00
0.90 2.62 5.30 1.00 0.00
0.90 2.62 5.48 1.00 0.00
0.90 2.62 5.65 1.00 0.00
0.90 2.62 5.82 1.00 0.00
0.90 2.62 6.00 1.00 0.00
0.90 2.62 6.17 1.00 0.00
0.90 2.62 6.35 1.00 0.00
0.90 2.62 6.52 1.00 0.00
0.90 2.62 6.70 1.00 0.00
0.90 2.62 6.87 1.00 0.00
0.90 2.62 7.05 1.00 0.00
0.90 2.62 7.22 1.00 0.00
0.90 2.62 7.39 1.00 0.00
1.10 2.62 4.46 1.00 0.00
1.10 2.62 4.64 1.00 0.00
1.10 2.62 4.81 1.00 0.00
1.10 2.62 4.99 1.00 0.00
1.10 2.62 5.16 1.00 0.00
1.10 2.62 5.34 1.00 0.00
1.10 2.62 5.51 1.00 0.00
1.10 2.62 5.68 1.00 0.00
1.10 2.62 5.86 1.00 0.00
1.10 2.62 6.03 1.00 0.00
1.10 2.62 6.21 1.00 0.00
1.10 2.62 6.38 1.00 0.00
1.10 2.62 6.56 1.00 0.00
1.10 2.62 6.73 1.00 0.00
1.10 2.62 6.91 1.00 0.00
1.10 2.62 7.08 1.00 0.00
1.10 2.62 7.25 1.00 0.00
1.10 2.62 7.43 1.00 0.00
0.30 2.79 4.30 1.00 0.00
0.30 2.79 4.47 1.00 0.00
0.30 2.79 4.65 1.00 0.00
0.30 2.79 4.82 1.00 0.00
0.30 2.79 5.00 1.00 0.00
0.30 2.79 5.17 1.00 0.00
0.30 2.79 5.35 1.00 0.00
0.30 2.79 5.52 1.00 0.00
0.30 2.79 5.70 1.00 0.00
0.30 2.79 5.87 1.00 0.00
0.30 2.79 6.04 1.00 0.00
0.30 2.79 6.22 1.00 0.00
0.30 2.79 6.39 1.00 0.00
0.30 2.79 6.57 1.00 0.00
0.30 2.79 6.74 1.00 0.00
0.30 2.79 6.92 1.00 0.00
0.30 2.79 7.09 1.00 0.00
0.30 2.79 7.27 1.00 0.00
0.50 2.79 4.34 1.00 0.00
0.50 2.79 4.51 1.00 0.00
0.50 2.79 4.68 1.00 0.00
0.50 2.79 4.86 1.00 0.00
0.50 2.79 5.03 1.00 0.00
0.50 2.79 5.21 1.00 0.00
0.50 2.79 5.38 1.00 0.00
0.50 2.79 5.56 1.00 0.00
0.50 2.79 5.73 1.00 0.00
0.50 2.79 5.91 1.00 0.00
0.50 2.79 6.08 1.00 0.00
0.50 2.79 6.26 1.00 0.00
0.50 2.79 6.43 1.00 0.00
0.50 2.79 6.60 1.00 0.00
0.50 2.79 6.78 1.00 0.00
0.50 2.79 6.95 1.00 0.00
0.50 2.79 7.13 1.00 0.00
0.50 2.79 7.30 1.00 0.00
0.70 2.79 4.37 1.00 0.00
0.70 2.79 4.54 1.00 0.00
0.70 2.79 4.72 1.00 0.00
0.70 2.79 4.89 1.00 0.00
0.70 2.79 5.07 1.00 0.00
0.70 2.79 5.24 1.00 0.00
0.70 2.79 5.42 1.00 0.00
0.70 2.79 5.59 1.00 0.00
0.70 2.79 5.76 1.00 0.00
0.70 2.79 5.94 1.00 0.00
0.70 2.79 6.11 1.00 0.00
0.70 2.79 6.29 1.00 0.00
0.70 2.79 6.46 1.00 0.00
0.70 2.79 6.64 1.00 0.00
0.70 2.79 6.81 1.00 0.00
0.70 2.79 6.99 1.00 0.00
0.70 2.79 7.16 1.00 0.00
0.70 2.79 7.34 1.00 0.00
0.90 2.79 4.40 1.00 0.00
0.90 2.79 4.57 1.00 0.00
0.90 2.79 4.75 1.00 0.00
0.90 2.79 4.92 1.00 0.00
0.90 2.79 5.10 1.00 0.00
0.90 2.79 5.27 1.00 0.00
0.90 2.79 5.45 1.00 0.00
0.90 2.79 5.62 1.00 0.00
0.90 2.79 5.80 1.00 0.00
0.90 2.79 5.97 1.00 0.00
0.90 2.79 6.14 1.00 0.00
0.90 2.79 6.32 1.00 0.00
0.90 2.79 6.49 1.00 0.00
0.90 2.79 6.67 1.00 0.00
0.90 2.79 6.84 1.00 0.00
0.90 2.79 7.02 1.00 0.00
0.90 2.79 7.19 1.00 0.00
0.90 2.79 7.37 1.00 0.00
1.10 2.79 4.43 1.00 0.00
1.10 2.79 4.60 1.00 0.00
1.10 2.79 4.78 1.00 0.00
1.10 2.79 4.95 1.00 0.00
1.10 2.79 5.13 1.00 0.00
1.10 2.79 5.30 1.00 0.00
1.10 2.79 5.48 1.00 0.00
1.10 2.79 5.65 1.00 0.00
1.10 2.79 5.82 1.00 0.00
1.10 2.79 6.00 1.00 0.00
1.10 2.79 6.17 1.00 0.00
1.10 2.79 6.35 1.00 0.00
1.10 2.79 6.52 1.00 0.00
1.10 2.79 6.70 1.00 0.00
1.10 2.79 6.87 1.00 0.00
1.10 2.79 7.05 1.00 0.00
1.10 2.79 7.22 1.00 0.00
1.10 2.79 7.40 1.00 0.00
0.30 2.97 4.29 1.00 0.00
0.30 2.97 4.46 1.00 0.00
0.30 2.97 4.64 1.00 0.00
0.30 2.97 4.81 1.00 0.00
0.30 2.97 4.99 1.00 0.00
0.30 2.97 5.16 1.00 0.00
0.30 2.97 5.34 1.00 0.00
0.30 2.97 5.51 1.00 0.00
0.30 2.97 5.68 1.00 0.00
0.30 2.97 5.86 1.00 0.00
0.30 2.97 6.03 1.00 0.00
0.30 2.97 6.21 1.00 0.00
0.30 2.97 6.38 1.00 0.00
0.30 2.97 6.56 1.00 0.00
0.30 2.97 6.73 1.00 0.00
0.30 2.97 6.91 1.00 0.00
0.30 2.97 7.08 1.00 0.00
0.30 2.97 7.26 1.00 0.00
0.50 2.97 4.32 1.00 0.00
0.50 2.97 4.49 1.00 0.00
0.50 2.97 4.67 1.00 0.00
0.50 2.97 4.84 1.00 0.00
0.50 2.97 5.02 1.00 0.00
0.50 2.97 5.19 1.00 0.00
0.50 2.97 5.36 1.00 0.00
0.50 2.97 5.54 1.00 0.00
0.50 2.97 5.71 1.00 0.00
0.50 2.97 5.89 1.00 0.00
0.50 2.97 6.06 1.00 0.00
0.50 2.97 6.24 1.00 0.00
0.50 2.97 6.41 1.00 0.00
0.50 2.97 6.59 1.00 0.00
0.50 2.97 6.76 1.00 0.00
0.50 2.97 6.94 1.00 0.00
0.50 2.97 7.11 1.00 0.00
0.50 2.97 7.28 1.00 0.00
0.70 2.97 4.34 1.00 0.00
0.70 2.97 4.52 1.00 0.00
0.70 2.97 4.69 1.00 0.00
0.70 2.97 4.87 1.00 0.00
0.70 2.97 5.04 1.00 0.00
0.70 2.97 5.22 1.00 0.00
0.70 2.97 5.39 1.00 0.00
0.70 2.97 5.57 1.00 0.00
0.70 2.97 5.74 1.00 0.00
0.70 2.97 5.91 1.00 0.00
0.70 2.97 6.09 1.00 0.00
0.70 2.97 6.26 1.00 0.00
0.70 2.97 6.44 1.00 0.00
0.70 2.97 6.61 1.00 0.00
0.70 2.97 6.79 1.00 0.00
0.70 2.97 6.96 1.00 0.00
0.70 2.97 7.14 1.00 0.00
0.70 2.97 7.31 1.00 0.00
0.90 2.97 4.37 1.00 0.00
0.90 2.97 4.54 1.00 0.00
0.90 2.97 4.72 1.00 0.00
0.90 2.97 4.89 1.00 0.00
0.90 2.97 5.07 1.00 0.00
0.90 2.97 5.24 1.00 0.00
0.90 2.97 5.42 1.00 0.00
0.90 2.97 5.59 1.00 0.00
0.90 2.97 5.76 1.00 0.00
0.90 2.97 5.94 1.00 0.00
0.90 2.97 6.11 1.00 0.00
0.90 2.97 6.29 1.00 0.00
0.90 2.97 6.46 1.00 0.00
0.90 2.97 6.64 1.00 0.00
0.90 2.97 6.81 1.00 0.00
0.90 2.97 6.99 1.00 0.00
0.90 2.97 7.16 1.00 0.00
0.90 2.97 7.34 1.00 0.00
1.10 2.97 4.39 1.00 0.00
1.10 2.97 4.57 1.00 0.00
1.10 2.97 4.74 1.00 0.00
1.10 2.97 4.91 1.00 0.00
1.10 2.97 5.09 1.00 0.00
1.10 2.97 5.26 1.00 0.00
1.10 2.97 5.44 1.00 0.00
1.10 2.97 5.61 1.00 0.00
1.10 2.97 5.79 1.00 0.00
1.10 2.97 5.96 1.00 0.00
1.10 2.97 6.14 1.00 0.00
1.10 2.97 6.31 1.00 0.00
1.10 2.97 6.49 1.00 0.00
1.10 2.97 6.66 1.00 0.00
1.10 2.97 6.83 1.00 0.00
1.10 2.97 7.01 1.00 0.00
1.10 2.97 7.18 1.00 0.00
1.10 2.97 7.36 1.00 0.00
0.30 3.14 4.28 1.00 0.00
0.30 3.14 4.45 1.00 0.00
0.30 3.14 4.63 1.00 0.00
0.30 3.14 4.80 1.00 0.00
0.30 3.14 4.97 1.00 0.00
0.30 3.14 5.15 1.00 0.00
0.30 3.14 5.32 1.00 0.00
0.30 3.14 5.50 1.00 0.00
0.30 3.14 5.67 1.00 0.00
0.30 3.14 5.85 1.00 0.00
0.30 3.14 6.02 1.00 0.00
0.30 3.14 6.20 1.00 0.00
0.30 3.14 6.37 1.00 0.00
0.30 3.14 6.54 1.00 0.00
0.30 3.14 6.72 1.00 0.00
0.30 3.14 6.89 1.00 0.00
0.30 3.14 7.07 1.00 0.00
0.30 3.14 7.24 1.00 0.00
0.50 3.14 4.30 1.00 0.00
0.50 3.14 4.47 1.00 0.00
0.50 3.14 4.65 1.00 0.00
0.50 3.14 4.82 1.00 0.00
0.50 3.14 5.00 1.00 0.00
0.50 3.14 5.17 1.00 0.00
0.50 3.14 5.34 1.00 0.00
0.50 3.14 5.52 1.00 0.00
0.50 3.14 5.69 1.00 0.00
0.50 3.14 5.87 1.00 0.00
0.50 3.14 6.04 1.00 0.00
0.50 3.14 6.22 1.00 0.00
0.50 3.14 6.39 1.00 0.00
0.50 3.14 6.57 1.00 0.00
0.50 3.14 6.74 1.00 0.00
0.50 3.14 6.92 1.00 0.00
0.50 3.14 7.09 1.00 0.00
0.50 3.14 7.26 1.00 0.00
0.70 3.14 4.32 1.00 0.00
0.70 3.14 4.49 1.00 0.00
0.70 3.14 4.67 1.00 0.00
0.70 3.14 4.84 1.00 0.00
0.70 3.14 5.02 1.00 0.00
0.70 3.14 5.19 1.00 0.00
0.70 3.14 5.36 1.00 0.00
0.70 3.14 5.54 1.00 0.00
0.70 3.14 5.71 1.00 0.00
0.70 3.14 5.89 1.00 0.00
0.70 3.14 6.06 1.00 0.00
0.70 3.14 6.24 1.00 0.00
0.70 3.14 6.41 1.00 0.00
0.70 3.14 6.59 1.00 0.00
0.70 3.14 6.76 1.00 0.00
0.70 3.14 6.94 1.00 0.00
0.70 3.14 7.11 1.00 0.00
0.70 3.14 7.28 1.00 0.00
0.90 3.14 4.34 1.00 0.00
0.90 3.14 4.51 1.00 0.00
0.90 3.14 4.68 1.00 0.00
0.90 3.14 4.86 1.00 0.00
0.90 3.14 5.03 1.00 0.00
0.90 3.14 5.21 1.00 0.00
0.90 3.14 5.38 1.00 0.00
0.90 3.14 5.56 1.00 0.00
0.90 3.14 5.73 1.00 0.00
0.90 3.14 5.91 1.00 0.00
0.90 3.14 6.08 1.00 0.00
0.90 3.14 6.25 1.00 0.00
0.90 3.14 6.43 1.00 0.00
0.90 3.14 6.60 1.00 0.00
0.90 3.14 6.78 1.00 0.00
0.90 3.14 6.95 1.00 0.00
0.90 3.14 7.13 1.00 0.00
0.90 3.14 7.30 1.00 0.00
1.10 3.14 4.35 1.00 0.00
1.10 3.14 4.53 1.00 0.00
1.10 3.14 4.70 1.00 0.00
1.10 3.14 4.88 1.00 0.00
1.10 3.14 5.05 1.00 0.00
1.10 3.14 5.22 1.00 0.00
1.10 3.14 5.40 1.00 0.00
1.10 3.14 5.57 1.00 0.00
1.10 3.14 5.75 1.00 0.00
1.10 3.14 5.92 1.00 0.00
1.10 3.14 6.10 1.00 0.00
1.10 3.14 6.27 1.00 0.00
1.10 3.14 6.45 1.00 0.00
1.10 3.14 6.62 1.00 0.00
1.10 3.14 6.79 1.00 0.00
1.10 3.14 6.97 1.00 0.00
1.10 3.14 7.14 1.00 0.00
1.10 3.14 7.32 1.00 0.00
0.30 3.32 4.26 1.00 0.00
0.30 3.32 4.44 1.00 0.00
0.30 3.32 4.61 1.00 0.00
0.30 3.32 4.79 1.00 0.00
0.30 3.32 4.96 1.00 0.00
0.30 3.32 5.14 1.00 0.00
0.30 3.32 5.31 1.00 0.00
0.30 3.32 5.48 1.00 0.00
0.30 3.32 5.66 1.00 0.00
0.30 3.32 5.83 1.00 0.00
0.30 3.32 6.01 1.00 0.00
0.30 3.32 6.18 1.00 0.00
0.30 3.32 6.36 1.00 0.00
0.30 3.32 6.53 1.00 0.00
0.30 3.32 6.71 1.00 0.00
0.30 3.32 6.88 1.00 0.00
0.30 3.32 7.06 1.00 0.00
0.30 3.32 7.23 1.00 0.00
0.50 3.32 4.28 1.00 0.00
0.50 3.32 4.45 1.00 0.00
0.50 3.32 4.63 1.00 0.00
0.50 3.32 4.80 1.00 0.00
0.50 3.32 4.97 1.00 0.00
0.50 3.32 5.15 1.00 0.00
0.50 3.32 5.32 1.00 0.00
0.50 3.32 5.50 1.00 0.00
0.50 3.32 5.67 1.00 0.00
0.50 3.32 5.85 1.00 0.00
0.50 3.32 6.02 1.00 0.00
0.50 3.32 6.20 1.00 0.00
0.50 3.32 6.37 1.00 0.00
0.50 3.32 6.55 1.00 0.00
0.50 3.32 6.72 1.00 0.00
0.50 3.32 6.89 1.00 0.00
0.50 3.32 7.07 1.00 0.00
0.50 3.32 7.24 1.00 0.00
0.70 3.32 4.29 1.00 0.00
0.70 3.32 4.46 1.00 0.00
0.70 3.32 4.64 1.00 0.00
0.70 3.32 4.81 1.00 0.00
0.70 3.32 4.99 1.00 0.00
0.70 3.32 5.16 1.00 0.00
0.70 3.32 5.34 1.00 0.00
0.70 3.32 5.51 1.00 0.00
0.70 3.32 5.69 1.00 0.00
0.70 3.32 5.86 1.00 0.00
0.70 3.32 6.03 1.00 0.00
0.70 3.32 6.21 1.00 0.00
0.70 3.32 6.38 1.00 0.00
0.70 3.32 6.56 1.00 0.00
0.70 3.32 6.73 1.00 0.00
0.70 3.32 6.91 1.00 0.00
0.70 3.32 7.08 1.00 0.00
0.70 3.32 7.26 1.00 0.00
0.90 3.32 4.30 1.00 0.00
0.90 3.32 4.47 1.00 0.00
0.90 3.32 4.65 1.00 0.00
0.90 3.32 4.82 1.00 0.00
0.90 3.32 5.00 1.00 0.00
0.90 3.32 5.17 1.00 0.00
0.90 3.32 5.35 1.00 0.00
0.90 3.32 5.52 1.00 0.00
0.90 3.32 5.70 1.00 0.00
0.90 3.32 5.87 1.00 0.00
0.90 3.32 6.05 1.00 0.00
0.90 3.32 6.22 1.00 0.00
0.90 3.32 6.39 1.00 0.00
0.90 3.32 6.57 1.00 0.00
0.90 3.32 6.74 1.00 0.00
0.90 3.32 6.92 1.00 0.00
0.90 3.32 7.09 1.00 0.00
0.90 3.32 7.27 1.00 0.00
1.10 3.32 4.31 1.00 0.00
1.10 3.32 4.49 1.00 0.00
1.10 3.32 4.66 1.00 0.00
1.10 3.32 4.83 1.00 0.00
1.10 3.32 5.01 1.00 0.00
1.10 3.32 5.18 1.00 0.00
1.10 3.32 5.36 1.00 0.00
1.10 3.32 5.53 1.00 0.00
1.10 3.32 5.71 1.00 0.00
1.10 3.32 5.88 1.00 0.00
1.10 3.32 6.06 1.00 0.00
1.10 3.32 6.23 1.00 0.00
1.10 3.32 6.41 1.00 0.00
1.10 3.32 6.58 1.00 0.00
1.10 3.32 6.75 1.00 0.00
1.10 3.32 6.93 1.00 0.00
1.10 3.32 7.10 1.00 0.00
1.10 3.32 7.28 1.00 0.00
0.30 3.49 4.25 1.00 0.00
0.30 3.49 4.42 1.00 0.00
0.30 3.49 4.60 1.00 0.00
0.30 3.49 4.77 1.00 0.00
0.30 3.49 4.95 1.00 0.00
0.30 3.49 5.12 1.00 0.00
0.30 3.49 5.30 1.00 0.00
0.30 3.49 5.47 1.00 0.00
0.30 3.49 5.65 1.00 0.00
0.30 3.49 5.82 1.00 0.00
0.30 3.49 5.99 1.00 0.00
0.30 3.49 6.17 1.00 0.00
0.30 3.49 6.34 1.00 0.00
0.30 3.49 6.52 1.00 0.00
0.30 3.49 6.69 1.00 0.00
0.30 3.49 6.87 1.00 0.00
0.30 3.49 7.04 1.00 0.00
0.30 3.49 7.22 1.00 0.00
0.50 3.49 4.26 1.00 0.00
0.50 3.49 4.43 1.00 0.00
0.50 3.49 4.60 1.00 0.00
0.50 3.49 4.78 1.00 0.00
0.50 3.49 4.95 1.00 0.00
0.50 3.49 5.13 1.00 0.00
0.50 3.49 5.30 1.00 0.00
0.50 3.49 5.48 1.00 0.00
0.50 3.49 5.65 1.00 0.00
0.50 3.49 5.83 1.00 0.00
0.50 3.49 6.00 1.00 0.00
0.50 3.49 6.17 1.00 0.00
0.50 3.49 6.35 1.00 0.00
0.50 3.49 6.52 1.00 0.00
0.50 3.49 6.70 1.00 0.00
0.50 3.49 6.87 1.00 0.00
0.50 3.49 7.05 1.00 0.00
0.50 3.49 7.22 1.00 0.00
0.70 3.49 4.26 1.00 0.00
0.70 3.49 4.43 1.00 0.00
0.70 3.49 4.61 1.00 0.00
0.70 3.49 4.78 1.00 0.00
0.70 3.49 4.96 1.00 0.00
0.70 3.49 5.13 1.00 0.00
0.70 3.49 5.31 1.00 0.00
0.70 3.49 5.48 1.00 0.00
0.70 3.49 5.66 1.00 0.00
0.70 3.49 5.83 1.00 0.00
0.70 3.49 6.01 1.00 0.00
0.70 3.49 6.18 1.00 0.00
0.70 3.49 6.35 1.00 0.00
0.70 3.49 6.53 1.00 0.00
0.70 3.49 6.70 1.00 0.00
0.70 3.49 6.88 1.00 0.00
0.70 3.49 7.05 1.00 0.00
0.70 3.49 7.23 1.00 0.00
0.90 3.49 4.26 1.00 0.00
0.90 3.49 4.44 1.00 0.00
0.90 3.49 4.61 1.00 0.00
0.90 3.49 4.79 1.00 0.00
0.90 3.49 4.96 1.00 0.00
0.90 3.49 5.14 1.00 0.00
0.90 3.49 5.31 1.00 0.00
0.90 3.49 5.49 1.00 0.00
0.90 3.49 5.66 1.00 0.00
0.90 3.49 5.84 1.00 0.00
0.90 3.49 6.01 1.00 0.00
0.90 3.49 6.18 1.00 0.00
0.90 3.49 6.36 1.00 0.00
0.90 3.49 6.53 1.00 0.00
0.90 3.49 6.71 1.00 0.00
0.90 3.49 6.88 1.00 0.00
0.90 3.49 7.06 1.00 0.00
0.90 3.49 7.23 1.00 0.00
1.10 3.49 4.27 1.00 0.00
1.10 3.49 4.44 1.00 0.00
1.10 3.49 4.62 1.00 0.00
1.10 3.49 4.79 1.00 0.00
1.10 3.49 4.97 1.00 0.00
1.10 3.49 5.14 1.00 0.00
1.10 3.49 5.32 1.00 0.00
1.10 3.49 5.49 1.00 0.00
1.10 3.49 5.67 1.00 0.00
1.10 3.49 5.84 1.00 0.00
1.10 3.49 6.01 1.00 0.00
1.10 3.49 6.19 1.00 0.00
1.10 3.49 6.36 1.00 0.00
1.10 3.49 6.54 1.00 0.00
1.10 3.49 6.71 1.00 0.00
1.10 3.49 6.89 1.00 0.00
1.10 3.49 7.06 1.00 0.00
1.10 3.49 7.24 1.00 0.00
0.30 3.67 10.52 1.00 0.00
0.30 3.67 10.69 1.00 0.00
0.30 3.67 10.87 1.00 0.00
0.30 3.67 11.04 1.00 0.00
0.30 3.67 11.22 1.00 0.00
0.30 3.67 11.39 1.00 0.00
0.30 3.67 11.57 1.00 0.00
0.30 3.67 11.74 1.00 0.00
0.30 3.67 11.91 1.00 0.00
0.30 3.67 12.09 1.00 0.00
0.30 3.67 12.26 1.00 0.00
0.30 3.67 12.44 1.00 0.00
0.30 3.67 12.61 1.00 0.00
0.30 3.67 12.79 1.00 0.00
0.30 3.67 12.96 1.00 0.00
0.30 3.67 13.14 1.00 0.00
0.30 3.67 13.31 1.00 0.00
0.30 3.67 13.49 1.00 0.00
0.50 3.67 10.52 1.00 0.00
0.50 3.67 10.69 1.00 0.00
0.50 3.67 10.87 1.00 0.00
0.50 3.67 11.04 1.00 0.00
0.50 3.67 11.21 1.00 0.00
0.50 3.67 11.39 1.00 0.00
0.50 3.67 11.56 1.00 0.00
0.50 3.67 11.74 1.00 0.00
0.50 3.67 11.91 1.00 0.00
0.50 3.67 12.09 1.00 0.00
0.50 3.67 12.26 1.00 0.00
0.50 3.67 12.44 1.00 0.00
0.50 3.67 12.61 1.00 0.00
0.50 3.67 12.79 1.00 0.00
0.50 3.67 12.96 1.00 0.00
0.50 3.67 13.13 1.00 0.00
0.50 3.67 13.31 1.00 0.00
0.50 3.67 13.48 1.00 0.00
0.70 3.67 10.51 1.00 0.00
0.70 3.67 10.69 1.00 0.00
0.70 3.67 10.86 1.00 0.00
0.70 3.67 11.04 1.00 0.00
0.70 3.67 11.21 1.00 0.00
0.70 3.67 11.39 1.00 0.00
0.70 3.67 11.56 1.00 0.00
0.70 3.67 11.74 1.00 0.00
0.70 3.67 11.91 1.00 0.00
0.70 3.67 12.08 1.00 0.00
0.70 3.67 12.26 1.00 0.00
0.70 3.67 12.43 1.00 0.00
0.70 3.67 12.61 1.00 0.00
0.70 3.67 12.78 1.00 0.00
0.70 3.67 12.96 1.00 0.00
0.70 3.67 13.13 1.00 0.00
0.70 3.67 13.31 1.00 0.00
0.70 3.67 13.48 1.00 0.00
0.90 3.67 10.51 1.00 0.00
0.90 3.67 10.69 1.00 0.00
0.90 3.67 10.86 1.00 0.00
0.90 3.67 11.04 1.00 0.00
0.90 3.67 11.21 1.00 0.00
0.90 3.67 11.38 1.00 0.00
0.90 3.67 11.56 1.00 0.00
0.90 3.67 11.73 1.00 0.00
0.90 3.67 11.91 1.00 0.00
0.90 3.67 12.08 1.00 0.00
0.90 3.67 12.26 1.00 0.00
0.90 3.67 12.43 1.00 0.00
0.90 3.67 12.61 1.00 0.00
0.90 3.67 12.78 1.00 0.00
0.90 3.67 12.96 1.00 0.00
0.90 3.67 13.13 1.00 0.00
0.90 3.67 13.30 1.00 0.00
0.90 3.67 13.48 1.00 0.00
1.10 3.67 10.51 1.00 0.00
1.10 3.67 10.69 1.00 0.00
1.10 3.67 10.86 1.00 0.00
1.10 3.67 11.03 1.00 0.00
1.10 3.67 11.21 1.00 0.00
1.10 3.67 11.38 1.00 0.00
1.10 3.67 11.56 1.00 0.00
1.10 3.67 11.73 1.00 0.00
1.10 3.67 11.91 1.00 0.00
1.10 3.67 12.08 1.00 0.00
1.10 3.67 12.26 1.00 0.00
1.10 3.67 12.43 1.00 0.00
1.10 3.67 12.60 1.00 0.00
1.10 3.67 12.78 1.00 0.00
1.10 3.67 12.95 1.00 0.00
1.10 3.67 13.13 1.00 0.00
1.10 3.67 13.30 1.00 0.00
1.10 3.67 13.48 1.00 0.00
0.30 3.84 10.50 1.00 0.00
0.30 3.84 10.68 1.00 0.00
0.30 3.84 10.85 1.00 0.00
0.30 3.84 11.03 1.00 0.00
0.30 3.84 11.20 1.00 0.00
0.30 3.84 11.38 1.00 0.00
0.30 3.84 11.55 1.00 0.00
0.30 3.84 11.73 1.00 0.00
0.30 3.84 11.90 1.00 0.00
0.30 3.84 12.08 1.00 0.00
0.30 3.84 12.25 1.00 0.00
0.30 3.84 12.42 1.00 0.00
0.30 3.84 12.60 1.00 0.00
0.30 3.84 12.77 1.00 0.00
0.30 3.84 12.95 1.00 0.00
0.30 3.84 13.12 1.00 0.00
0.30 3.84 13.30 1.00 0.00
0.30 3.84 13.47 1.00 0.00
0.50 3.84 10.49 1.00 0.00
0.50 3.84 10.67 1.00 0.00
0.50 3.84 10.84 1.00 0.00
0.50 3.84 11.02 1.00 0.00
0.50 3.84 11.19 1.00 0.00
0.50 3.84 11.37 1.00 0.00
0.50 3.84 11.54 1.00 0.00
0.50 3.84 11.72 1.00 0.00
0.50 3.84 11.89 1.00 0.00
0.50 3.84 12.07 1.00 0.00
0.50 3.84 12.24 1.00 0.00
0.50 3.84 12.41 1.00 0.00
0.50 3.84 12.59 1.00 0.00
0.50 3.84 12.76 1.00 0.00
0.50 3.84 12.94 1.00 0.00
0.50 3.84 13.11 1.00 0.00
0.50 3.84 13.29 1.00 0.00
0.50 3.84 13.46 1.00 0.00
0.70 3.84 10.49 1.00 0.00
0.70 3.84 10.66 1.00 0.00
0.70 3.84 10.83 1.00 0.00
0.70 3.84 11.01 1.00 0.00
0.70 3.84 11.18 1.00 0.00
0.70 3.84 11.36 1.00 0.00
0.70 3.84 11.53 1.00 0.00
0.70 3.84 11.71 1.00 0.00
0.70 3.84 11.88 1.00 0.00
0.70 3.84 12.06 1.00 0.00
0.70 3.84 12.23 1.00 0.00
0.70 3.84 12.40 1.00 0.00
0.70 3.84 12.58 1.00 0.00
0.70 3.84 12.75 1.00 0.00
0.70 3.84 12.93 1.00 0.00
0.70 3.84 13.10 1.00 0.00
0.70 3.84 13.28 1.00 0.00
0.70 3.84 13.45 1.00 0.00
0.90 3.84 10.48 1.00 0.00
0.90 3.84 10.65 1.00 0.00
0.90 3.84 10.83 1.00 0.00
0.90 3.84 11.00 1.00 0.00
0.90 3.84 11.17 1.00 0.00
0.90 3.84 11.35 1.00 0.00
0.90 3.84 11.52 1.00 0.00
0.90 3.84 11.70 1.00 0.00
0.90 3.84 11.87 1.00 0.00
0.90 3.84 12.05 1.00 0.00
0.90 3.84 12.22 1.00 0.00
0.90 3.84 12.40 1.00 0.00
0.90 3.84 12.57 1.00 0.00
0.90 3.84 12.75 1.00 0.00
0.90 3.84 12.92 1.00 0.00
0.90 3.84 13.09 1.00 0.00
0.90 3.84 13.27 1.00 0.00
0.90 3.84 13.44 1.00 0.00
1.10 3.84 10.47 1.00 0.00
1.10 3.84 10.64 1.00 0.00
1.10 3.84 10.82 1.00 0.00
1.10 3.84 10.99 1.00 0.00
1.10 3.84 11.17 1.00 0.00
1.10 3.84 11.34 1.00 0.00
1.10 3.84 11.52 1.00 0.00
1.10 3.84 11.69 1.00 0.00
1.10 3.84 11.86 1.00 0.00
1.10 3.84 12.04 1.00 0.00
1.10 3.84 12.21 1.00 0.00
1.10 3.84 12.39 1.00 0.00
1.10 3.84 12.56 1.00 0.00
1.10 3.84 12.74 1.00 0.00
1.10 3.84 12.91 1.00 0.00
1.10 3.84 13.09 1.00 0.00
1.10 3.84 13.26 1.00 0.00
1.10 3.84 13.44 1.00 0.00
0.30 4.01 10.49 1.00 0.00
0.30 4.01 10.67 1.00 0.00
0.30 4.01 10.84 1.00 0.00
0.30 4.01 11.02 1.00 0.00
0.30 4.01 11.19 1.00 0.00
0.30 4.01 11.36 1.00 0.00
0.30 4.01 11.54 1.00 0.00
0.30 4.01 11.71 1.00 0.00
0.30 4.01 11.89 1.00 0.00
0.30 4.01 12.06 1.00 0.00
0.30 4.01 12.24 1.00 0.00
0.30 4.01 12.41 1.00 0.00
0.30 4.01 12.59 1.00 0.00
0.30 4.01 12.76 1.00 0.00
0.30 4.01 12.94 1.00 0.00
0.30 4.01 13.11 1.00 0.00
0.30 4.01 13.28 1.00 0.00
0.30 4.01 13.46 1.00 0.00
0.50 4.01 10.47 1.00 0.00
0.50 4.01 10.65 1.00 0.00
0.50 4.01 10.82 1.00 0.00
0.50 4.01 11.00 1.00 0.00
0.50 4.01 11.17 1.00 0.00
0.50 4.01 11.35 1.00 0.00
0.50 4.01 11.52 1.00 0.00
0.50 4.01 11.70 1.00 0.00
0.50 4.01 11.87 1.00 0.00
0.50 4.01 12.04 1.00 0.00
0.50 4.01 12.22 1.00 0.00
0.50 4.01 12.39 1.00 0.00
0.50 4.01 12.57 1.00 0.00
0.50 4.01 12.74 1.00 0.00
0.50 4.01 12.92 1.00 0.00
0.50 4.01 13.09 1.00 0.00
0.50 4.01 13.27 1.00 0.00
0.50 4.01 13.44 1.00 0.00
0.70 4.01 10.46 1.00 0.00
0.70 4.01 10.63 1.00 0.00
0.70 4.01 10.81 1.00 0.00
0.70 4.01 10.98 1.00 0.00
0.70 4.01 11.15 1.00 0.00
0.70 4.01 11.33 1.00 0.00
0.70 4.01 11.50 1.00 0.00
0.70 4.01 11.68 1.00 0.00
0.70 4.01 11.85 1.00 0.00
0.70 4.01 12.03 1.00 0.00
0.70 4.01 12.20 1.00 0.00
0.70 4.01 12.38 1.00 0.00
0.70 4.01 12.55 1.00 0.00
0.70 4.01 12.73 1.00 0.00
0.70 4.01 12.90 1.00 0.00
0.70 4.01 13.07 1.00 0.00
0.70 4.01 13.25 1.00 0.00
0.70 4.01 13.42 1.00 0.00
0.90 4.01 10.44 1.00 0.00
0.90 4.01 10.62 1.00 0.00
0.90 4.01 10.79 1.00 0.00
0.90 4.01 10.97 1.00 0.00
0.90 4.01 11.14 1.00 0.00
0.90 4.01 11.31 1.00 0.00
0.90 4.01 11.49 1.00 0.00
0.90 4.01 11.66 1.00 0.00
0.90 4.01 11.84 1.00 0.00
0.90 4.01 12.01 1.00 0.00
0.90 4.01 12.19 1.00 0.00
0.90 4.01 12.36 1.00 0.00
0.90 4.01 12.54 1.00 0.00
0.90 4.01 12.71 1.00 0.00
0.90 4.01 12.88 1.00 0.00
0.90 4.01 13.06 1.00 0.00
0.90 4.01 13.23 1.00 0.00
0.90 4.01 13.41 1.00 0.00
1.10 4.01 10.43 1.00 0.00
1.10 4.01 10.60 1.00 0.00
1.10 4.01 10.78 1.00 0.00
1.10 4.01 10.95 1.00 0.00
1.10 4.01 11.13 1.00 0.00
1.10 4.01 11.30 1.00 0.00
1.10 4.01 11.47 1.00 0.00
1.10 4.01 11.65 1.00 0.00
1.10 4.01 11.82 1.00 0.00
1.10 4.01 12.00 1.00 0.00
1.10 4.01 12.17 1.00 0.00
1.10 4.01 12.35 1.00 0.00
1.10 4.01 12.52 1.00 0.00
1.10 4.01 12.70 1.00 0.00
1.10 4.01 12.87 1.00 0.00
1.10 4.01 13.05 1.00 0.00
1.10 4.01 13.22 1.00 0.00
1.10 4.01 13.39 1.00 0.00
0.30 4.19 10.48 1.00 0.00
0.30 4.19 10.65 1.00 0.00
0.30 4.19 10.83 1.00 0.00
0.30 4.19 11.00 1.00 0.00
0.30 4.19 11.18 1.00 0.00
0.30 4.19 11.35 1.00 0.00
0.30 4.19 11.53 1.00 0.00
0.30 4.19 11.70 1.00 0.00
0.30 4.19 11.88 1.00 0.00
0.30 4.19 12.05 1.00 0.00
0.30 4.19 12.22 1.00 0.00
0.30 4.19 12.40 1.00 0.00
0.30 4.19 12.57 1.00 0.00
0.30 4.19 12.75 1.00 0.00
0.30 4.19 12.92 1.00 0.00
0.30 4.19 13.10 1.00 0.00
0.30 4.19 13.27 1.00 0.00
0.30 4.19 13.45 1.00 0.00
0.50 4.19 10.45 1.00 0.00
0.50 4.19 10.63 1.00 0.00
0.50 4.19 10.80 1.00 0.00
0.50 4.19 10.98 1.00 0.00
0.50 4.19 11.15 1.00 0.00
0.50 4.19 11.33 1.00 0.00
0.50 4.19 11.50 1.00 0.00
0.50 4.19 11.67 1.00 0.00
0.50 4.19 11.85 1.00 0.00
0.50 4.19 12.02 1.00 0.00
0.50 4.19 12.20 1.00 0.00
0.50 4.19 12.37 1.00 0.00
0.50 4.19 12.55 1.00 0.00
0.50 4.19 12.72 1.00 0.00
0.50 4.19 12.90 1.00 0.00
0.50 4.19 13.07 1.00 0.00
0.50 4.19 13.25 1.00 0.00
0.50 4.19 13.42 1.00 0.00
0.70 4.19 10.43 1.00 0.00
0.70 4.19 10.60 1.00 0.00
0.70 4.19 10.78 1.00 0.00
0.70 4.19 10.95 1.00 0.00
0.70 4.19 11.13 1.00 0.00
0.70 4.19 11.30 1.00 0.00
0.70 4.19 11.48 1.00 0.00
0.70 4.19 11.65 1.00 0.00
0.70 4.19 11.83 1.00 0.00
0.70 4.19 12.00 1.00 0.00
0.70 4.19 12.17 1.00 0.00
0.70 4.19 12.35 1.00 0.00
0.70 4.19 12.52 1.00 0.00
0.70 4.19 12.70 1.00 0.00
0.70 4.19 12.87 1.00 0.00
0.70 4.19 13.05 1.00 0.00
0.70 4.19 13.22 1.00 0.00
0.70 4.19 13.40 1.00 0.00
0.90 4.19 10.41 1.00 0.00
0.90 4.19 10.58 1.00 0.00
0.90 4.19 10.76 1.00 0.00
0.90 4.19 10.93 1.00 0.00
0.90 4.19 11.11 1.00 0.00
0.90 4.19 11.28 1.00 0.00
0.90 4.19 11.45 1.00 0.00
0.90 4.19 11.63 1.00 0.00
0.90 4.19 11.80 1.00 0.00
0.90 4.19 11.98 1.00 0.00
0.90 4.19 12.15 1.00 0.00
0.90 4.19 12.33 1.00 0.00
0.90 4.19 12.50 1.00 0.00
0.90 4.19 12.68 1.00 0.00
0.90 4.19 12.85 1.00 0.00
0.90 4.19 13.03 1.00 0.00
0.90 4.19 13.20 1.00 0.00
0.90 4.19 13.37 1.00 0.00
1.10 4.19 10.39 1.00 0.00
1.10 4.19 10.56 1.00 0.00
1.10 4.19 10.74 1.00 0.00
1.10 4.19 10.91 1.00 0.00
1.10 4.19 11.09 1.00 0.00
1.10 4.19 11.26 1.00 0.00
1.10 4.19 11.43 1.00 0.00
1.10 4.19 11.61 1.00 0.00
1.10 4.19 11.78 1.00 0.00
1.10 4.19 11.96 1.00 0.00
1.10 4.19 12.13 1.00 0.00
1.10 4.19 12.31 1.00 0.00
1.10 4.19 12.48 1.00 0.00
1.10 4.19 12.66 1.00 0.00
1.10 4.19 12.83 1.00 0.00
1.10 4.19 13.01 1.00 0.00
1.10 4.19 13.18 1.00 0.00
1.10 4.19 13.35 1.00 0.00
0.30 4.36 10.47 1.00 0.00
0.30 4.36 10.64 1.00 0.00
0.30 4.36 10.82 1.00 0.00
0.30 4.36 10.99 1.00 0.00
0.30 4.36 11.17 1.00 0.00
0.30 4.36 11.34 1.00 0.00
0.30 4.36 11.51 1.00 0.00
0.30 4.36 11.69 1.00 0.00
0.30 4.36 11.86 1.00 0.00
0.30 4.36 12.04 1.00 0.00
0.30 4.36 12.21 1.00 0.00
0.30 4.36 12.39 1.00 0.00
0.30 4.36 12.56 1.00 0.00
0.30 4.36 12.74 1.00 0.00
0.30 4.36 12.91 1.00 0.00
0.30 4.36 13.09 1.00 0.00
0.30 4.36 13.26 1.00 0.00
0.30 4.36 13.43 1.00 0.00
0.50 4.36 10.43 1.00 0.00
0.50 4.36 10.61 1.00 0.00
0.50 4.36 10.78 1.00 0.00
0.50 4.36 10.96 1.00 0.00
0.50 4.36 11.13 1.00 0.00
0.50 4.36 11.31 1.00 0.00
0.50 4.36 11.48 1.00 0.00
0.50 4.36 11.66 1.00 0.00
0.50 4.36 11.83 1.00 0.00
0.50 4.36 12.01 1.00 0.00
0.50 4.36 12.18 1.00 0.00
0.50 4.36 12.35 1.00 0.00
0.50 4.36 12.53 1.00 0.00
0.50 4.36 12.70 1.00 0.00
0.50 4.36 12.88 1.00 0.00
0.50 4.36 13.05 1.00 0.00
0.50 4.36 13.23 1.00 0.00
0.50 4.36 13.40 1.00 0.00
0.70 4.36 10.40 1.00 0.00
0.70 4.36 10.58 1.00 0.00
0.70 4.36 10.75 1.00 0.00
0.70 4.36 10.93 1.00 0.00
0.70 4.36 11.10 1.00 0.00
0.70 4.36 11.28 1.00 0.00
0.70 4.36 11.45 1.00 0.00
0.70 4.36 11.63 1.00 0.00
0.70 4.36 11.80 1.00 0.00
0.70 4.36 11.97 1.00 0.00
0.70 4.36 12.15 1.00 0.00
0.70 4.36 12.32 1.00 0.00
0.70 4.36 12.50 1.00 0.00
0.70 4.36 12.67 1.00 0.00
0.70 4.36 12.85 1.00 0.00
0.70 4.36 13.02 1.00 0.00
0.70 4.36 13.20 1.00 0.00
0.70 4.36 13.37 1.00 0.00
0.90 4.36 10.38 1.00 0.00
0.90 4.36 10.55 1.00 0.00
0.90 4.36 10.72 1.00 0.00
0.90 4.36 10.90 1.00 0.00
0.90 4.36 11.07 1.00 0.00
0.90 4.36 11.25 1.00 0.00
0.90 4.36 11.42 1.00 0.00
0.90 4.36 11.60 1.00 0.00
0.90 4.36 11.77 1.00 0.00
0.90 4.36 11.95 1.00 0.00
0.90 4.36 12.12 1.00 0.00
0.90 4.36 12.30 1.00 0.00
0.90 4.36 12.47 1.00 0.00
0.90 4.36 12.64 1.00 0.00
0.90 4.36 12.82 1.00 0.00
0.90 4.36 12.99 1.00 0.00
0.90 4.36 13.17 1.00 0.00
0.90 4.36 13.34 1.00 0.00
1.10 4.36 10.35 1.00 0.00
1.10 4.36 10.52 1.00 0.00
1.10 4.36 10.70 1.00 0.00
1.10 4.36 10.87 1.00 0.00
1.10 4.36 11.05 1.00 0.00
1.10 4.36 11.22 1.00 0.00
1.10 4.36 11.40 1.00 0.00
1.10 4.36 11.57 1.00 0.00
1.10 4.36 11.75 1.00 0.00
1.10 4.36 11.92 1.00 0.00
1.10 4.36 12.09 1.00 0.00
1.10 4.36 12.27 1.00 0.00
1.10 4.36 12.44 1.00 0.00
1.10 4.36 12.62 1.00 0.00
1.10 4.36 12.79 1.00 0.00
1.10 4.36 12.97 1.00 0.00
1.10 4.36 13.14 1.00 0.00
1.10 4.36 13.32 1.00 0.00
0.30 4.54 10.46 1.00 0.00
0.30 4.54 10.63 1.00 0.00
0.30 4.54 10.81 1.00 0.00
0.30 4.54 10.98 1.00 0.00
0.30 4.54 11.16 1.00 0.00
0.30 4.54 11.33 1.00 0.00
0.30 4.54 11.50 1.00 0.00
0.30 4.54 11.68 1.00 0.00
0.30 4.54 11.85 1.00 0.00
0.30 4.54 12.03 1.00 0.00
0.30 4.54 12.20 1.00 0.00
0.30 4.54 12.38 1.00 0.00
0.30 4.54 12.55 1.00 0.00
0.30 4.54 12.73 1.00 0.00
0.30 4.54 12.90 1.00 0.00
0.30 4.54 13.08 1.00 0.00
0.30 4.54 13.25 1.00 0.00
0.30 4.54 13.42 1.00 0.00
0.50 4.54 10.42 1.00 0.00
0.50 4.54 10.59 1.00 0.00
0.50 4.54 10.77 1.00 0.00
0.50 4.54 10.94 1.00 0.00
0.50 4.54 11.12 1.00 0.00
0.50 4.54 11.29 1.00 0.00
0.50 4.54 11.46 1.00 0.00
0.50 4.54 11.64 1.00 0.00
0.50 4.54 11.81 1.00 0.00
0.50 4.54 11.99 1.00 0.00
0.50 4.54 12.16 1.00 0.00
0.50 4.54 12.34 1.00 0.00
0.50 4.54 12.51 1.00 0.00
0.50 4.54 12.69 1.00 0.00
0.50 4.54 12.86 1.00 0.00
0.50 4.54 13.04 1.00 0.00
0.50 4.54 13.21 1.00 0.00
0.50 4.54 13.38 1.00 0.00
0.70 4.54 10.38 1.00 0.00
0.70 4.54 10.55 1.00 0.00
0.70 4.54 10.73 1.00 0.00
0.70 4.54 10.90 1.00 0.00
0.70 4.54 11.08 1.00 0.00
0.70 4.54 11.25 1.00 0.00
0.70 4.54 11.43 1.00 0.00
0.70 4.54 11.60 1.00 0.00
0.70 4.54 11.78 1.00 0.00
0.70 4.54 11.95 1.00 0.00
0.70 4.54 12.13 1.00 0.00
0.70 4.54 12.30 1.00 0.00
0.70 4.54 12.47 1.00 0.00
0.70 4.54 12.65 1.00 0.00
0.70 4.54 12.82 1.00 0.00
0.70 4.54 13.00 1.00 0.00
0.70 4.54 13.17 1.00 0.00
0.70 4.54 13.35 1.00 0.00
0.90 4.54 10.35 1.00 0.00
0.90 4.54 10.52 1.00 0.00
0.90 4.54 10.69 1.00 0.00
0.90 4.54 10.87 1.00 0.00
0.90 4.54 11.04 1.00 0.00
0.90 4.54 11.22 1.00 0.00
0.90 4.54 11.39 1.00 0.00
0.90 4.54 11.57 1.00 0.00
0.90 4.54 11.74 1.00 0.00
0.90 4.54 11.92 1.00 0.00
0.90 4.54 12.09 1.00 0.00
0.90 4.54 12.27 1.00 0.00
0.90 4.54 12.44 1.00 0.00
0.90 4.54 12.61 1.00 0.00
0.90 4.54 12.79 1.00 0.00
0.90 4.54 12.96 1.00 0.00
0.90 4.54 13.14 1.00 0.00
0.90 4.54 13.31 1.00 0.00
1.10 4.54 10.31 1.00 0.00
1.10 4.54 10.49 1.00 0.00
1.10 4.54 10.66 1.00 0.00
1.10 4.54 10.84 1.00 0.00
1.10 4.54 11.01 1.00 0.00
1.10 4.54 11.19 1.00 0.00
1.10 4.54 11.36 1.00 0.00
1.10 4.54 11.54 1.00 0.00
1.10 4.54 11.71 1.00 0.00
1.10 4.54 11.88 1.00 0.00
1.10 4.54 12.06 1.00 0.00
1.10 4.54 12.23 1.00 0.00
1.10 4.54 12.41 1.00 0.00
1.10 4.54 12.58 1.00 0.00
1.10 4.54 12.76 1.00 0.00
1.10 4.54 12.93 1.00 0.00
1.10 4.54 13.11 1.00 0.00
1.10 4.54 13.28 1.00 0.00
0.30 4.71 10.45 1.00 0.00
0.30 4.71 10.62 1.00 0.00
0.30 4.71 10.80 1.00 0.00
0.30 4.71 10.97 1.00 0.00
0.30 4.71 11.15 1.00 0.00
0.30 4.71 11.32 1.00 0.00
0.30 4.71 11.50 1.00 0.00
0.30 4.71 11.67 1.00 0.00
0.30 4.71 11.85 1.00 0.00
0.30 4.71 12.02 1.00 0.00
0.30 4.71 12.19 1.00 0.00
0.30 4.71 12.37 1.00 0.00
0.30 4.71 12.54 1.00 0.00
0.30 4.71 12.72 1.00 0.00
0.30 4.71 12.89 1.00 0.00
0.30 4.71 13.07 1.00 0.00
0.30 4.71 13.24 1.00 0.00
0.30 4.71 13.42 1.00 0.00
0.50 4.71 10.40 1.00 0.00
0.50 4.71 10.58 1.00 0.00
0.50 4.71 10.75 1.00 0.00
0.50 4.71 10.93 1.00 0.00
0.50 4.71 11.10 1.00 0.00
0.50 4.71 11.28 1.00 0.00
0.50 4.71 11.45 1.00 0.00
0.50 4.71 11.62 1.00 0.00
0.50 4.71 11.80 1.00 0.00
0.50 4.71 11.97 1.00 0.00
0.50 4.71 12.15 1.00 0.00
0.50 4.71 12.32 1.00 0.00
0.50 4.71 12.50 1.00 0.00
0.50 4.71 12.67 1.00 0.00
0.50 4.71 12.85 1.00 0.00
0.50 4.71 13.02 1.00 0.00
0.50 4.71 13.20 1.00 0.00
0.50 4.71 13.37 1.00 0.00
0.70 4.71 10.36 1.00 0.00
0.70 4.71 10.53 1.00 0.00
0.70 4.71 10.71 1.00 0.00
0.70 4.71 10.88 1.00 0.00
0.70 4.71 11.06 1.00 0.00
0.70 4.71 11.23 1.00 0.00
0.70 4.71 11.41 1.00 0.00
0.70 4.71 11.58 1.00 0.00
0.70 4.71 11.76 1.00 0.00
0.70 4.71 11.93 1.00 0.00
0.70 4.71 12.11 1.00 0.00
0.70 4.71 12.28 1.00 0.00
0.70 4.71 12.45 1.00 0.00
0.70 4.71 12.63 1.00 0.00
0.70 4.71 12.80 1.00 0.00
0.70 4.71 12.98 1.00 0.00
0.70 4.71 13.15 1.00 0.00
0.70 4.71 13.33 1.00 0.00
0.90 4.71 10.32 1.00 0.00
0.90 4.71 10.49 1.00 0.00
0.90 4.71 10.67 1.00 0.00
0.90 4.71 10.84 1.00 0.00
0.90 4.71 11.02 1.00 0.00
0.90 4.71 11.19 1.00 0.00
0.90 4.71 11.37 1.00 0.00
0.90 4.71 11.54 1.00 0.00
0.90 4.71 11.72 1.00 0.00
0.90 4.71 11.89 1.00 0.00
0.90 4.71 12.06 1.00 0.00
0.90 4.71 12.24 1.00 0.00
0.90 4.71 12.41 1.00 0.00
0.90 4.71 12.59 1.00 0.00
0.90 4.71 12.76 1.00 0.00
0.90 4.71 12.94 1.00 0.00
0.90 4.71 13.11 1.00 0.00
0.90 4.71 13.29 1.00 0.00
1.10 4.71 10.28 1.00 0.00
1.10 4.71 10.46 1.00 0.00
1.10 4.71 10.63 1.00 0.00
1.10 4.71 10.80 1.00 0.00
1.10 4.71 10.98 1.00 0.00
1.10 4.71 11.15 1.00 0.00
1.10 4.71 11.33 1.00 0.00
1.10 4.71 11.50 1.00 0.00
1.10 4.71 11.68 1.00 0.00
1.10 4.71 11.85 1.00 0.00
1.10 4.71 12.03 1.00 0.00
1.10 4.71 12.20 1.00 0.00
1.10 4.71 12.38 1.00 0.00
1.10 4.71 12.55 1.00 0.00
1.10 4.71 12.72 1.00 0.00
1.10 4.71 12.90 1.00 0.00
1.10 4.71 13.07 1.00 0.00
1.10 4.71 13.25 1.00 0.00
0.30 4.89 10.44 1.00 0.00
0.30 4.89 10.62 1.00 0.00
0.30 4.89 10.79 1.00 0.00
0.30 4.89 10.97 1.00 0.00
0.30 4.89 11.14 1.00 0.00
0.30 4.89 11.32 1.00 0.00
0.30 4.89 11.49 1.00 0.00
0.30 4.89 11.66 1.00 0.00
0.30 4.89 11.84 1.00 0.00
0.30 4.89 12.01 1.00 0.00
0.30 4.89 12.19 1.00 0.00
0.30 4.89 12.36 1.00 0.00
0.30 4.89 12.54 1.00 0.00
0.30 4.89 12.71 1.00 0.00
0.30 4.89 12.89 1.00 0.00
0.30 4.89 13.06 1.00 0.00
0.30 4.89 13.23 1.00 0.00
0.30 4.89 13.41 1.00 0.00
0.50 4.89 10.39 1.00 0.00
0.50 4.89 10.57 1.00 0.00
0.50 4.89 10.74 1.00 0.00
0.50 4.89 10.92 1.00 0.00
0.50 4.89 11.09 1.00 0.00
0.50 4.89 11.26 1.00 0.00
0.50 4.89 11.44 1.00 0.00
0.50 4.89 11.61 1.00 0.00
0.50 4.89 11.79 1.00 0.00
0.50 4.89 11.96 1.00 0.00
0.50 4.89 12.14 1.00 0.00
0.50 4.89 12.31 1.00 0.00
0.50 4.89 12.49 1.00 0.00
0.50 4.89 12.66 1.00 0.00
0.50 4.89 12.83 1.00 0.00
0.50 4.89 13.01 1.00 0.00
0.50 4.89 13.18 1.00 0.00
0.50 4.89 13.36 1.00 0.00
0.70 4.89 10.34 1.00 0.00
0.70 4.89 10.52 1.00 0.00
0.70 4.89 10.69 1.00 0.00
0.70 4.89 10.87 1.00 0.00
0.70 4.89 11.04 1.00 0.00
0.70 4.89 11.22 1.00 0.00
0.70 4.89 11.39 1.00 0.00
0.70 4.89 11.56 1.00 0.00
0.70 4.89 11.74 1.00 0.00
0.70 4.89 11.91 1.00 0.00
0.70 4.89 12.09 1.00 0.00
0.70 4.89 12.26 1.00 0.00
0.70 4.89 12.44 1.00 0.00
0.70 4.89 12.61 1.00 0.00
0.70 4.89 12.79 1.00 0.00
0.70 4.89 12.96 1.00 0.00
0.70 4.89 13.14 1.00 0.00
0.70 4.89 13.31 1.00 0.00
0.90 4.89 10.30 1.00 0.00
0.90 4.89 10.47 1.00 0.00
0.90 4.89 10.65 1.00 0.00
0.90 4.89 10.82 1.00 0.00
0.90 4.89 10.99 1.00 0.00
0.90 4.89 11.17 1.00 0.00
0.90 4.89 11.34 1.00 0.00
0.90 4.89 11.52 1.00 0.00
0.90 4.89 11.69 1.00 0.00
0.90 4.89 11.87 1.00 0.00
0.90 4.89 12.04 1.00 0.00
0.90 4.89 12.22 1.00 0.00
0.90 4.89 12.39 1.00 0.00
0.90 4.89 12.57 1.00 0.00
0.90 4.89 12.74 1.00 0.00
0.90 4.89 12.91 1.00 0.00
0.90 4.89 13.09 1.00 0.00
0.90 4.89 13.26 1.00 0.00
1.10 4.89 10.25 1.00 0.00
1.10 4.89 10.43 1.00 0.00
1.10 4.89 10.60 1.00 0.00
1.10 4.89 10.78 1.00 0.00
1.10 4.89 10.95 1.00 0.00
1.10 4.89 11.13 1.00 0.00
1.10 4.89 11.30 1.00 0.00
1.10 4.89 11.47 1.00 0.00
1.10 4.89 11.65 1.00 0.00
1.10 4.89 11.82 1.00 0.00
1.10 4.89 12.00 1.00 0.00
1.10 4.89 12.17 1.00 0.00
1.10 4.89 12.35 1.00 0.00
1.10 4.89 12.52 1.00 0.00
1.10 4.89 12.70 1.00 0.00
1.10 4.89 12.87 1.00 0.00
1.10 4.89 13.05 1.00 0.00
1.10 4.89 13.22 1.00 0.00
0.30 5.06 10.44 1.00 0.00
0.30 5.06 10.61 1.00 0.00
0.30 5.06 10.79 1.00 0.00
0.30 5.06 10.96 1.00 0.00
0.30 5.06 11.14 1.00 0.00
0.30 5.06 11.31 1.00 0.00
0.30 5.06 11.49 1.00 0.00
0.30 5.06 11.66 1.00 0.00
0.30 5.06 11.83 1.00 0.00
0.30 5.06 12.01 1.00 0.00
0.30 5.06 12.18 1.00 0.00
0.30 5.06 12.36 1.00 0.00
0.30 5.06 12.53 1.00 0.00
0.30 5.06 12.71 1.00 0.00
0.30 5.06 12.88 1.00 0.00
0.30 5.06 13.06 1.00 0.00
0.30 5.06 13.23 1.00 0.00
0.30 5.06 13.41 1.00 0.00
0.50 5.06 10.38 1.00 0.00
0.50 5.06 10.56 1.00 0.00
0.50 5.06 10.73 1.00 0.00
0.50 5.06 10.91 1.00 0.00
0.50 5.06 11.08 1.00 0.00
0.50 5.06 11.26 1.00 0.00
0.50 5.06 11.43 1.00 0.00
0.50 5.06 11.61 1.00 0.00
0.50 5.06 11.78 1.00 0.00
0.50 5.06 11.95 1.00 0.00
0.50 5.06 12.13 1.00 0.00
0.50 5.06 12.30 1.00 0.00
0.50 5.06 12.48 1.00 0.00
0.50 5.06 12.65 1.00 0.00
0.50 5.06 12.83 1.00 0.00
0.50 5.06 13.00 1.00 0.00
0.50 5.06 13.18 1.00 0.00
0.50 5.06 13.35 1.00 0.00
0.70 5.06 10.33 1.00 0.00
0.70 5.06 10.50 1.00 0.00
0.70 5.06 10.68 1.00 0.00
0.70 5.06 10.85 1.00 0.00
0.70 5.06 11.03 1.00 0.00
0.70 5.06 11.20 1.00 0.00
0.70 5.06 11.38 1.00 0.00
0.70 5.06 11.55 1.00 0.00
0.70 5.06 11.73 1.00 0.00
0.70 5.06 11.90 1.00 0.00
0.70 5.06 12.08 1.00 0.00
0.70 5.06 12.25 1.00 0.00
0.70 5.06 12.42 1.00 0.00
0.70 5.06 12.60 1.00 0.00
0.70 5.06 12.77 1.00 0.00
0.70 5.06 12.95 1.00 0.00
0.70 5.06 13.12 1.00 0.00
0.70 5.06 13.30 1.00 0.00
0.90 5.06 10.28 1.00 0.00
0.90 5.06 10.45 1.00 0.00
0.90 5.06 10.63 1.00 0.00
0.90 5.06 10.80 1.00 0.00
0.90 5.06 10.98 1.00 0.00
0.90 5.06 11.15 1.00 0.00
0.90 5.06 11.33 1.00 0.00
0.90 5.06 11.50 1.00 0.00
0.90 5.06 11.67 1.00 0.00
0.90 5.06 11.85 1.00 0.00
0.90 5.06 12.02 1.00 0.00
0.90 5.06 12.20 1.00 0.00
0.90 5.06 12.37 1.00 0.00
0.90 5.06 12.55 1.00 0.00
0.90 5.06 12.72 1.00 0.00
0.90 5.06 12.90 1.00 0.00
0.90 5.06 13.07 1.00 0.00
0.90 5.06 13.25 1.00 0.00
1.10 5.06 10.23 1.00 0.00
1.10 5.06 10.40 1.00 0.00
1.10 5.06 10.58 1.00 0.00
1.10 5.06 10.75 1.00 0.00
1.10 5.06 10.93 1.00 0.00
1.10 5.06 11.10 1.00 0.00
1.10 5.06 11.28 1.00 0.00
1.10 5.06 11.45 1.00 0.00
1.10 5.06 11.63 1.00 0.00
1.10 5.06 11.80 1.00 0.00
1.10 5.06 11.97 1.00 0.00
1.10 5.06 12.15 1.00 0.00
1.10 5.06 12.32 1.00 0.00
1.10 5.06 12.50 1.00 0.00
1.10 5.06 12.67 1.00 0.00
1.10 5.06 12.85 1.00 0.00
1.10 5.06 13.02 1.00 0.00
1.10 5.06 13.20 1.00 0.00
0.30 5.24 10.44 1.00 0.00
0.30 5.24 10.61 1.00 0.00
0.30 5.24 10.79 1.00 0.00
0.30 5.24 10.96 1.00 0.00
0.30 5.24 11.13 1.00 0.00
0.30 5.24 11.31 1.00 0.00
0.30 5.24 11.48 1.00 0.00
0.30 5.24 11.66 1.00 0.00
0.30 5.24 11.83 1.00 0.00
0.30 5.24 12.01 1.00 0.00
0.30 5.24 12.18 1.00 0.00
0.30 5.24 12.36 1.00 0.00
0.30 5.24 12.53 1.00 0.00
0.30 5.24 12.71 1.00 0.00
0.30 5.24 12.88 1.00 0.00
0.30 5.24 13.05 1.00 0.00
0.30 5.24 13.23 1.00 0.00
0.30 5.24 13.40 1.00 0.00
0.50 5.24 10.38 1.00 0.00
0.50 5.24 10.55 1.00 0.00
0.50 5.24 10.73 1.00 0.00
0.50 5.24 10.90 1.00 0.00
0.50 5.24 11.08 1.00 0.00
0.50 5.24 11.25 1.00 0.00
0.50 5.24 11.43 1.00 0.00
0.50 5.24 11.60 1.00 0.00
0.50 5.24 11.78 1.00 0.00
0.50 5.24 11.95 1.00 0.00
0.50 5.24 12.12 1.00 0.00
0.50 5.24 12.30 1.00 0.00
0.50 5.24 12.47 1.00 0.00
0.50 5.24 12.65 1.00 0.00
0.50 5.24 12.82 1.00 0.00
0.50 5.24 13.00 1.00 0.00
0.50 5.24 13.17 1.00 0.00
0.50 5.24 13.35 1.00 0.00
0.70 5.24 10.32 1.00 0.00
0.70 5.24 10.50 1.00 0.00
0.70 5.24 10.67 1.00 0.00
0.70 5.24 10.85 1.00 0.00
0.70 5.24 11.02 1.00 0.00
0.70 5.24 11.19 1.00 0.00
0.70 5.24 11.37 1.00 0.00
0.70 5.24 11.54 1.00 0.00
0.70 5.24 11.72 1.00 0.00
0.70 5.24 11.89 1.00 0.00
0.70 5.24 12.07 1.00 0.00
0.70 5.24 12.24 1.00 0.00
0.70 5.24 12.42 1.00 0.00
0.70 5.24 12.59 1.00 0.00
0.70 5.24 12.77 1.00 0.00
0.70 5.24 12.94 1.00 0.00
0.70 5.24 13.11 1.00 0.00
0.70 5.24 13.29 1.00 0.00
0.90 5.24 10.27 1.00 0.00
0.90 5.24 10.44 1.00 0.00
0.90 5.24 10.62 1.00 0.00
0.90 5.24 10.79 1.00 0.00
0.90 5.24 10.96 1.00 0.00
0.90 5.24 11.14 1.00 0.00
0.90 5.24 11.31 1.00 0.00
0.90 5.24 11.49 1.00 0.00
0.90 5.24 11.66 1.00 0.00
0.90 5.24 11.84 1.00 0.00
0.90 5.24 12.01 1.00 0.00
0.90 5.24 12.19 1.00 0.00
0.90 5.24 12.36 1.00 0.00
0.90 5.24 12.54 1.00 0.00
0.90 5.24 12.71 1.00 0.00
0.90 5.24 12.88 1.00 0.00
0.90 5.24 13.06 1.00 0.00
0.90 5.24 13.23 1.00 0.00
1.10 5.24 10.21 1.00 0.00
1.10 5.24 10.39 1.00 0.00
1.10 5.24 10.56 1.00 0.00
1.10 5.24 10.74 1.00 0.00
1.10 5.24 10.91 1.00 0.00
1.10 5.24 11.08 1.00 0.00
1.10 5.24 11.26 1.00 0.00
1.10 5.24 11.43 1.00 0.00
1.10 5.24 11.61 1.00 0.00
1.10 5.24 11.78 1.00 0.00
1.10 5.24 11.96 1.00 0.00
1.10 5.24 12.13 1.00 0.00
1.10 5.24 12.31 1.00 0.00
1.10 5.24 12.48 1.00 0.00
1.10 5.24 12.66 1.00 0.00
1.10 5.24 12.83 1.00 0.00
1.10 5.24 13.00 1.00 0.00
1.10 5.24 13.18 1.00 0.00
0.30 5.41 10.44 1.00 0.00
0.30 5.41 10.61 1.00 0.00
0.30 5.41 10.79 1.00 0.00
0.30 5.41 10.96 1.00 0.00
0.30 5.41 11.14 1.00 0.00
0.30 5.41 11.31 1.00 0.00
0.30 5.41 11.48 1.00 0.00
0.30 5.41 11.66 1.00 0.00
0.30 5.41 11.83 1.00 0.00
0.30 5.41 12.01 1.00 0.00
0.30 5.41 12.18 1.00 0.00
0.30 5.41 12.36 1.00 0.00
0.30 5.41 12.53 1.00 0.00
0.30 5.41 12.71 1.00 0.00
0.30 5.41 12.88 1.00 0.00
0.30 5.41 13.06 1.00 0.00
0.30 5.41 13.23 1.00 0.00
0.30 5.41 13.40 1.00 0.00
0.50 5.41 10.38 1.00 0.00
0.50 5.41 10.55 1.00 0.00
0.50 5.41 10.73 1.00 0.00
0.50 5.41 10.90 1.00 0.00
0.50 5.41 11.08 1.00 0.00
0.50 5.41 11.25 1.00 0.00
0.50 5.41 11.43 1.00 0.00
0.50 5.41 11.60 1.00 0.00
0.50 5.41 11.78 1.00 0.00
0.50 5.41 11.95 1.00 0.00
0.50 5.41 12.12 1.00 0.00
0.50 5.41 12.30 1.00 0.00
0.50 5.41 12.47 1.00 0.00
0.50 5.41 12.65 1.00 0.00
0.50 5.41 12.82 1.00 0.00
0.50 5.41 13.00 1.00 0.00
0.50 5.41 13.17 1.00 0.00
0.50 5.41 13.35 1.00 0.00
0.70 5.41 10.32 1.00 0.00
0.70 5.41 10.49 1.00 0.00
0.70 5.41 10.67 1.00 0.00
0.70 5.41 10.84 1.00 0.00
0.70 5.41 11.02 1.00 0.00
0.70 5.41 11.19 1.00 0.00
0.70 5.41 11.37 1.00 0.00
0.70 5.41 11.54 1.00 0.00
0.70 5.41 11.72 1.00 0.00
0.70 5.41 11.89 1.00 0.00
0.70 5.41 12.07 1.00 0.00
0.70 5.41 12.24 1.00 0.00
0.70 5.41 12.41 1.00 0.00
0.70 5.41 12.59 1.00 0.00
0.70 5.41 12.76 1.00 0.00
0.70 5.41 12.94 1.00 0.00
0.70 5.41 13.11 1.00 0.00
0.70 5.41 13.29 1.00 0.00
0.90 5.41 10.26 1.00 0.00
0.90 5.41 10.44 1.00 0.00
0.90 5.41 10.61 1.00 0.00
0.90 5.41 10.78 1.00 0.00
0.90 5.41 10.96 1.00 0.00
0.90 5.41 11.13 1.00 0.00
0.90 5.41 11.31 1.00 0.00
0.90 5.41 11.48 1.00 0.00
0.90 5.41 11.66 1.00 0.00
0.90 5.41 11.83 1.00 0.00
0.90 5.41 12.01 1.00 0.00
0.90 5.41 12.18 1.00 0.00
0.90 5.41 12.36 1.00 0.00
0.90 5.41 12.53 1.00 0.00
0.90 5.41 12.70 1.00 0.00
0.90 5.41 12.88 1.00 0.00
0.90 5.41 13.05 1.00 0.00
0.90 5.41 13.23 1.00 0.00
1.10 5.41 10.20 1.00 0.00
1.10 5.41 10.38 1.00 0.00
1.10 5.41 10.55 1.00 0.00
1.10 5.41 10.73 1.00 0.00
1.10 5.41 10.90 1.00 0.00
1.10 5.41 11.07 1.00 0.00
1.10 5.41 11.25 1.00 0.00
1.10 5.41 11.42 1.00 0.00
1.10 5.41 11.60 1.00 0.00
1.10 5.41 11.77 1.00 0.00
1.10 5.41 11.95 1.00 0.00
1.10 5.41 12.12 1.00 0.00
1.10 5.41 12.30 1.00 0.00
1.10 5.41 12.47 1.00 0.00
1.10 5.41 12.65 1.00 0.00
1.10 5.41 12.82 1.00 0.00
1.10 5.41 12.99 1.00 0.00
1.10 5.41 13.17 1.00 0.00
0.30 5.59 10.44 1.00 0.00
0.30 5.59 10.62 1.00 0.00
0.30 5.59 10.79 1.00 0.00
0.30 5.59 10.96 1.00 0.00
0.30 5.59 11.14 1.00 0.00
0.30 5.59 11.31 1.00 0.00
0.30 5.59 11.49 1.00 0.00
0.30 5.59 11.66 1.00 0.00
0.30 5.59 11.84 1.00 0.00
0.30 5.59 12.01 1.00 0.00
0.30 5.59 12.19 1.00 0.00
0.30 5.59 12.36 1.00 0.00
0.30 5.59 12.54 1.00 0.00
0.30 5.59 12.71 1.00 0.00
0.30 5.59 12.88 1.00 0.00
0.30 5.59 13.06 1.00 0.00
0.30 5.59 13.23 1.00 0.00
0.30 5.59 13.41 1.00 0.00
0.50 5.59 10.38 1.00 0.00
0.50 5.59 10.56 1.00 0.00
0.50 5.59 10.73 1.00 0.00
0.50 5.59 10.91 1.00 0.00
0.50 5.59 11.08 1.00 0.00
0.50 5.59 11.26 1.00 0.00
0.50 5.59 11.43 1.00 0.00
0.50 5.59 11.60 1.00 0.00
0.50 5.59 11.78 1.00 0.00
0.50 5.59 11.95 1.00 0.00
0.50 5.59 12.13 1.00 0.00
0.50 5.59 12.30 1.00 0.00
0.50 5.59 12.48 1.00 0.00
0.50 5.59 12.65 1.00 0.00
0.50 5.59 12.83 1.00 0.00
0.50 5.59 13.00 1.00 0.00
0.50 5.59 13.18 1.00 0.00
0.50 5.59 13.35 1.00 0.00
0.70 5.59 10.32 1.00 0.00
0.70 5.59 10.50 1.00 0.00
0.70 5.59 10.67 1.00 0.00
0.70 5.59 10.85 1.00 0.00
0.70 5.59 11.02 1.00 0.00
0.70 5.59 11.20 1.00 0.00
0.70 5.59 11.37 1.00 0.00
0.70 5.59 11.55 1.00 0.00
0.70 5.59 11.72 1.00 0.00
0.70 5.59 11.89 1.00 0.00
0.70 5.59 12.07 1.00 0.00
0.70 5.59 12.24 1.00 0.00
0.70 5.59 12.42 1.00 0.00
0.70 5.59 12.59 1.00 0.00
0.70 5.59 12.77 1.00 0.00
0.70 5.59 12.94 1.00 0.00
0.70 5.59 13.12 1.00 0.00
0.70 5.59 13.29 1.00 0.00
0.90 5.59 10.26 1.00 0.00
0.90 5.59 10.44 1.00 0.00
0.90 5.59 10.61 1.00 0.00
0.90 5.59 10.79 1.00 0.00
0.90 5.59 10.96 1.00 0.00
0.90 5.59 11.14 1.00 0.00
0.90 5.59 11.31 1.00 0.00
0.90 5.59 11.49 1.00 0.00
0.90 5.59 11.66 1.00 0.00
0.90 5.59 11.83 1.00 0.00
0.90 5.59 12.01 1.00 0.00
0.90 5.59 12.18 1.00 0.00
0.90 5.59 12.36 1.00 0.00
0.90 5.59 12.53 1.00 0.00
0.90 5.59 12.71 1.00 0.00
0.90 5.59 12.88 1.00 0.00
0.90 5.59 13.06 1.00 0.00
0.90 5.59 13.23 1.00 0.00
1.10 5.59 10.20 1.00 0.00
1.10 5.59 10.38 1.00 0.00
1.10 5.59 10.55 1.00 0.00
1.10 5.59 10.73 1.00 0.00
1.10 5.59 10.90 1.00 0.00
1.10 5.59 11.07 1.00 0.00
1.10 5.59 11.25 1.00 0.00
1.10 5.59 11.42 1.00 0.00
1.10 5.59 11.60 1.00 0.00
1.10 5.59 11.77 1.00 0.00
1.10 5.59 11.95 1.00 0.00
1.10 5.59 12.12 1.00 0.00
1.10 5.59 12.30 1.00 0.00
1.10 5.59 12.47 1.00 0.00
1.10 5.59 12.65 1.00 0.00
1.10 5.59 12.82 1.00 0.00
1.10 5.59 12.99 1.00 0.00
1.10 5.59 13.17 1.00 0.00
0.30 5.76 10.45 1.00 0.00
0.30 5.76 10.62 1.00 0.00
0.30 5.76 10.80 1.00 0.00
0.30 5.76 10.97 1.00 0.00
0.30 5.76 11.14 1.00 0.00
0.30 5.76 11.32 1.00 0.00
0.30 5.76 11.49 1.00 0.00
0.30 5.76 11.67 1.00 0.00
0.30 5.76 11.84 1.00 0.00
0.30 5.76 12.02 1.00 0.00
0.30 5.76 12.19 1.00 0.00
0.30 5.76 12.37 1.00 0.00
0.30 5.76 12.54 1.00 0.00
0.30 5.76 12.72 1.00 0.00
0.30 5.76 12.89 1.00 0.00
0.30 5.76 13.06 1.00 0.00
0.30 5.76 13.24 1.00 0.00
0.30 5.76 13.41 1.00 0.00
0.50 5.76 10.39 1.00 0.00
0.50 5.76 10.57 1.00 0.00
0.50 5.76 10.74 1.00 0.00
0.50 5.76 10.92 1.00 0.00
0.50 5.76 11.09 1.00 0.00
0.50 5.76 11.27 1.00 0.00
0.50 5.76 11.44 1.00 0.00
0.50 5.76 11.61 1.00 0.00
0.50 5.76 11.79 1.00 0.00
0.50 5.76 11.96 1.00 0.00
0.50 5.76 12.14 1.00 0.00
0.50 5.76 12.31 1.00 0.00
0.50 5.76 12.49 1.00 0.00
0.50 5.76 12.66 1.00 0.00
0.50 5.76 12.84 1.00 0.00
0.50 5.76 13.01 1.00 0.00
0.50 5.76 13.18 1.00 0.00
0.50 5.76 13.36 1.00 0.00
0.70 5.76 10.34 1.00 0.00
0.70 5.76 10.51 1.00 0.00
0.70 5.76 10.68 1.00 0.00
0.70 5.76 10.86 1.00 0.00
0.70 5.76 11.03 1.00 0.00
0.70 5.76 11.21 1.00 0.00
0.70 5.76 11.38 1.00 0.00
0.70 5.76 11.56 1.00 0.00
0.70 5.76 11.73 1.00 0.00
0.70 5.76 11.91 1.00 0.00
0.70 5.76 12.08 1.00 0.00
0.70 5.76 12.25 1.00 0.00
0.70 5.76 12.43 1.00 0.00
0.70 5.76 12.60 1.00 0.00
0.70 5.76 12.78 1.00 0.00
0.70 5.76 12.95 1.00 0.00
0.70 5.76 13.13 1.00 0.00
0.70 5.76 13.30 1.00 0.00
0.90 5.76 10.27 1.00 0.00
0.90 5.76 10.45 1.00 0.00
0.90 5.76 10.62 1.00 0.00
0.90 5.76 10.80 1.00 0.00
0.90 5.76 10.97 1.00 0.00
0.90 5.76 11.15 1.00 0.00
0.90 5.76 11.32 1.00 0.00
0.90 5.76 11.50 1.00 0.00
0.90 5.76 11.67 1.00 0.00
0.90 5.76 11.85 1.00 0.00
0.90 5.76 12.02 1.00 0.00
0.90 5.76 12.19 1.00 0.00
0.90 5.76 12.37 1.00 0.00
0.90 5.76 12.54 1.00 0.00
0.90 5.76 12.72 1.00 0.00
0.90 5.76 12.89 1.00 0.00
0.90 5.76 13.07 1.00 0.00
0.90 5.76 13.24 1.00 0.00
1.10 5.76 10.21 1.00 0.00
1.10 5.76 10.39 1.00 0.00
1.10 5.76 10.56 1.00 0.00
1.10 5.76 10.74 1.00 0.00
1.10 5.76 10.91 1.00 0.00
1.10 5.76 11.08 1.00 0.00
1.10 5.76 11.26 1.00 0.00
1.10 5.76 11.43 1.00 0.00
1.10 5.76 11.61 1.00 0.00
1.10 5.76 11.78 1.00 0.00
1.10 5.76 11.96 1.00 0.00
1.10 5.76 12.13 1.00 0.00
1.10 5.76 12.31 1.00 0.00
1.10 5.76 12.48 1.00 0.00
1.10 5.76 12.66 1.00 0.00
1.10 5.76 12.83 1.00 0.00
1.10 5.76 13.00 1.00 0.00
1.10 5.76 13.18 1.00 0.00
0.30 5.93 10.46 1.00 0.00
0.30 5.93 10.63 1.00 0.00
0.30 5.93 10.80 1.00 0.00
0.30 5.93 10.98 1.00 0.00
0.30 5.93 11.15 1.00 0.00
0.30 5.93 11.33 1.00 0.00
0.30 5.93 11.50 1.00 0.00
0.30 5.93 11.68 1.00 0.00
0.30 5.93 11.85 1.00 0.00
0.30 5.93 12.03 1.00 0.00
0.30 5.93 12.20 1.00 0.00
0.30 5.93 12.38 1.00 0.00
0.30 5.93 12.55 1.00 0.00
0.30 5.93 12.72 1.00 0.00
0.30 5.93 12.90 1.00 0.00
0.30 5.93 13.07 1.00 0.00
0.30 5.93 13.25 1.00 0.00
0.30 5.93 13.42 1.00 0.00
0.50 5.93 10.41 1.00 0.00
0.50 5.93 10.58 1.00 0.00
0.50 5.93 10.76 1.00 0.00
0.50 5.93 10.93 1.00 0.00
0.50 5.93 11.10 1.00 0.00
0.50 5.93 11.28 1.00 0.00
0.50 5.93 11.45 1.00 0.00
0.50 5.93 11.63 1.00 0.00
0.50 5.93 11.80 1.00 0.00
0.50 5.93 11.98 1.00 0.00
0.50 5.93 12.15 1.00 0.00
0.50 5.93 12.33 1.00 0.00
0.50 5.93 12.50 1.00 0.00
0.50 5.93 12.68 1.00 0.00
0.50 5.93 12.85 1.00 0.00
0.50 5.93 13.02 1.00 0.00
0.50 5.93 13.20 1.00 0.00
0.50 5.93 13.37 1.00 0.00
0.70 5.93 10.35 1.00 0.00
0.70 5.93 10.53 1.00 0.00
0.70 5.93 10.70 1.00 0.00
0.70 5.93 10.88 1.00 0.00
0.70 5.93 11.05 1.00 0.00
0.70 5.93 11.23 1.00 0.00
0.70 5.93 11.40 1.00 0.00
0.70 5.93 11.58 1.00 0.00
0.70 5.93 11.75 1.00 0.00
0.70 5.93 11.92 1.00 0.00
0.70 5.93 12.10 1.00 0.00
0.70 5.93 12.27 1.00 0.00
0.70 5.93 12.45 1.00 0.00
0.70 5.93 12.62 1.00 0.00
0.70 5.93 12.80 1.00 0.00
0.70 5.93 12.97 1.00 0.00
0.70 5.93 13.15 1.00 0.00
0.70 5.93 13.32 1.00 0.00
0.90 5.93 10.30 1.00 0.00
0.90 5.93 10.47 1.00 0.00
0.90 5.93 10.65 1.00 0.00
0.90 5.93 10.82 1.00 0.00
0.90 5.93 10.99 1.00 0.00
0.90 5.93 11.17 1.00 0.00
0.90 5.93 11.34 1.00 0.00
0.90 5.93 11.52 1.00 0.00
0.90 5.93 11.69 1.00 0.00
0.90 5.93 11.87 1.00 0.00
0.90 5.93 12.04 1.00 0.00
0.90 5.93 12.22 1.00 0.00
0.90 5.93 12.39 1.00 0.00
0.90 5.93 12.57 1.00 0.00
0.90 5.93 12.74 1.00 0.00
0.90 5.93 12.91 1.00 0.00
0.90 5.93 13.09 1.00 0.00
0.90 5.93 13.26 1.00 0.00
1.10 5.93 10.24 1.00 0.00
1.10 5.93 10.41 1.00 0.00
1.10 5.93 10.58 1.00 0.00
1.10 5.93 10.76 1.00 0.00
1.10 5.93 10.93 1.00 0.00
1.10 5.93 11.11 1.00 0.00
1.10 5.93 11.28 1.00 0.00
1.10 5.93 11.46 1.00 0.00
1.10 5.93 11.63 1.00 0.00
1.10 5.93 11.81 1.00 0.00
1.10 5.93 11.98 1.00 0.00
1.10 5.93 12.16 1.00 0.00
1.10 5.93 12.33 1.00 0.00
1.10 5.93 12.50 1.00 0.00
1.10 5.93 12.68 1.00 0.00
1.10 5.93 12.85 1.00 0.00
1.10 5.93 13.03 1.00 0.00
1.10 5.93 13.20 1.00 0.00
0.30 6.11 10.47 1.00 0.00
0.30 6.11 10.64 1.00 0.00
0.30 6.11 10.82 1.00 0.00
0.30 6.11 10.99 1.00 0.00
0.30 6.11 11.16 1.00 0.00
0.30 6.11 11.34 1.00 0.00
0.30 6.11 11.51 1.00 0.00
0.30 6.11 11.69 1.00 0.00
0.30 6.11 11.86 1.00 0.00
0.30 6.11 12.04 1.00 0.00
0.30 6.11 12.21 1.00 0.00
0.30 6.11 12.39 1.00 0.00
0.30 6.11 12.56 1.00 0.00
0.30 6.11 12.74 1.00 0.00
0.30 6.11 12.91 1.00 0.00
0.30 6.11 13.08 1.00 0.00
0.30 6.11 13.26 1.00 0.00
0.30 6.11 13.43 1.00 0.00
0.50 6.11 10.43 1.00 0.00
0.50 6.11 10.60 1.00 0.00
0.50 6.11 10.77 1.00 0.00
0.50 6.11 10.95 1.00 0.00
0.50 6.11 11.12 1.00 0.00
0.50 6.11 11.30 1.00 0.00
0.50 6.11 11.47 1.00 0.00
0.50 6.11 11.65 1.00 0.00
0.50 6.11 11.82 1.00 0.00
0.50 6.11 12.00 1.00 0.00
0.50 6.11 12.17 1.00 0.00
0.50 6.11 12.34 1.00 0.00
0.50 6.11 12.52 1.00 0.00
0.50 6.11 12.69 1.00 0.00
0.50 6.11 12.87 1.00 0.00
0.50 6.11 13.04 1.00 0.00
0.50 6.11 13.22 1.00 0.00
0.50 6.11 13.39 1.00 0.00
0.70 6.11 10.38 1.00 0.00
0.70 6.11 10.55 1.00 0.00
0.70 6.11 10.73 1.00 0.00
0.70 6.11 10.90 1.00 0.00
0.70 6.11 11.08 1.00 0.00
0.70 6.11 11.25 1.00 0.00
0.70 6.11 11.43 1.00 0.00
0.70 6.11 11.60 1.00 0.00
0.70 6.11 11.78 1.00 0.00
0.70 6.11 11.95 1.00 0.00
0.70 6.11 12.12 1.00 0.00
0.70 6.11 12.30 1.00 0.00
0.70 6.11 12.47 1.00 0.00
0.70 6.11 12.65 1.00 0.00
0.70 6.11 12.82 1.00 0.00
0.70 6.11 13.00 1.00 0.00
0.70 6.11 13.17 1.00 0.00
0.70 6.11 13.35 1.00 0.00
0.90 6.11 10.33 1.00 0.00
0.90 6.11 10.50 1.00 0.00
0.90 6.11 10.68 1.00 0.00
0.90 6.11 10.85 1.00 0.00
0.90 6.11 11.03 1.00 0.00
0.90 6.11 11.20 1.00 0.00
0.90 6.11 11.38 1.00 0.00
0.90 6.11 11.55 1.00 0.00
0.90 6.11 11.72 1.00 0.00
0.90 6.11 11.90 1.00 0.00
0.90 6.11 12.07 1.00 0.00
0.90 6.11 12.25 1.00 0.00
0.90 6.11 12.42 1.00 0.00
0.90 6.11 12.60 1.00 0.00
0.90 6.11 12.77 1.00 0.00
0.90 6.11 12.95 1.00 0.00
0.90 6.11 13.12 1.00 0.00
0.90 6.11 13.30 1.00 0.00
1.10 6.11 10.27 1.00 0.00
1.10 6.11 10.45 1.00 0.00
1.10 6.11 10.62 1.00 0.00
1.10 6.11 10.80 1.00 0.00
1.10 6.11 10.97 1.00 0.00
1.10 6.11 11.15 1.00 0.00
1.10 6.11 11.32 1.00 0.00
1.10 6.11 11.49 1.00 0.00
1.10 6.11 11.67 1.00 0.00
1.10 6.11 11.84 1.00 0.00
1.10 6.11 12.02 1.00 0.00
1.10 6.11 12.19 1.00 0.00
1.10 6.11 12.37 1.00 0.00
1.10 6.11 12.54 1.00 0.00
1.10 6.11 12.72 1.00 0.00
1.10 6.11 12.89 1.00 0.00
1.10 6.11 13.07 1.00 0.00
1.10 6.11 13.24 1.00 0.00
