0.30 0.00 10.43 1.00 0.00
0.30 0.00 10.60 1.00 0.00
0.30 0.00 10.78 1.00 0.00
0.30 0.00 10.95 1.00 0.00
0.30 0.00 11.12 1.00 0.00
0.30 0.00 11.30 1.00 0.00
0.30 0.00 11.47 1.00 0.00
0.30 0.00 11.65 1.00 0.00
0.30 0.00 11.82 1.00 0.00
0.30 0.00 12.00 1.00 0.00
0.30 0.00 12.17 1.00 0.00
0.30 0.00 12.35 1.00 0.00
0.30 0.00 12.52 1.00 0.00
0.30 0.00 12.70 1.00 0.00
0.30 0.00 12.87 1.00 0.00
0.30 0.00 13.04 1.00 0.00
0.30 0.00 13.22 1.00 0.00
0.30 0.00 13.39 1.00 0.00
0.50 0.00 10.39 1.00 0.00
0.50 0.00 10.57 1.00 0.00
0.50 0.00 10.74 1.00 0.00
0.50 0.00 10.91 1.00 0.00
0.50 0.00 11.09 1.00 0.00
0.50 0.00 11.26 1.00 0.00
0.50 0.00 11.44 1.00 0.00
0.50 0.00 11.61 1.00 0.00
0.50 0.00 11.79 1.00 0.00
0.50 0.00 11.96 1.00 0.00
0.50 0.00 12.14 1.00 0.00
0.50 0.00 12.31 1.00 0.00
0.50 0.00 12.49 1.00 0.00
0.50 0.00 12.66 1.00 0.00
0.50 0.00 12.83 1.00 0.00
0.50 0.00 13.01 1.00 0.00
0.50 0.00 13.18 1.00 0.00
0.50 0.00 13.36 1.00 0.00
0.70 0.00 10.35 1.00 0.00
0.70 0.00 10.53 1.00 0.00
0.70 0.00 10.70 1.00 0.00
0.70 0.00 10.88 1.00 0.00
0.70 0.00 11.05 1.00 0.00
0.70 0.00 11.22 1.00 0.00
0.70 0.00 11.40 1.00 0.00
0.70 0.00 11.57 1.00 0.00
0.70 0.00 11.75 1.00 0.00
0.70 0.00 11.92 1.00 0.00
0.70 0.00 12.10 1.00 0.00
0.70 0.00 12.27 1.00 0.00
0.70 0.00 12.45 1.00 0.00
0.70 0.00 12.62 1.00 0.00
0.70 0.00 12.79 1.00 0.00
0.70 0.00 12.97 1.00 0.00
0.70 0.00 13.14 1.00 0.00
0.70 0.00 13.32 1.00 0.00
0.90 0.00 10.31 1.00 0.00
0.90 0.00 10.48 1.00 0.00
0.90 0.00 10.66 1.00 0.00
0.90 0.00 10.83 1.00 0.00
0.90 0.00 11.01 1.00 0.00
0.90 0.00 11.18 1.00 0.00
0.90 0.00 11.35 1.00 0.00
0.90 0.00 11.53 1.00 0.00
0.90 0.00 11.70 1.00 0.00
0.90 0.00 11.88 1.00 0.00
0.90 0.00 12.05 1.00 0.00
0.90 0.00 12.23 1.00 0.00
0.90 0.00 12.40 1.00 0.00
0.90 0.00 12.58 1.00 0.00
0.90 0.00 12.75 1.00 0.00
0.90 0.00 12.93 1.00 0.00
0.90 0.00 13.10 1.00 0.00
0.90 0.00 13.27 1.00 0.00
1.10 0.00 10.26 1.00 0.00
1.10 0.00 10.43 1.00 0.00
1.10 0.00 10.61 1.00 0.00
1.10 0.00 10.78 1.00 0.00
1.10 0.00 10.96 1.00 0.00
1.10 0.00 11.13 1.00 0.00
1.10 0.00 11.31 1.00 0.00
1.10 0.00 11.48 1.00 0.00
1.10 0.00 11.65 1.00 0.00
1.10 0.00 11.83 1.00 0.00
1.10 0.00 12.00 1.00 0.00
1.10 0.00 12.18 1.00 0.00
1.10 0.00 12.35 1.00 0.00
1.10 0.00 12.53 1.00 0.00
1.10 0.00 12.70 1.00 0.00
1.10 0.00 12.88 1.00 0.00
1.10 0.00 13.05 1.00 0.00
1.10 0.00 13.23 1.00 0.00
0.30 0.17 10.44 1.00 0.00
0.30 0.17 10.62 1.00 0.00
0.30 0.17 10.79 1.00 0.00
0.30 0.17 10.96 1.00 0.00
0.30 0.17 11.14 1.00 0.00
0.30 0.17 11.31 1.00 0.00
0.30 0.17 11.49 1.00 0.00
0.30 0.17 11.66 1.00 0.00
0.30 0.17 11.84 1.00 0.00
0.30 0.17 12.01 1.00 0.00
0.30 0.17 12.19 1.00 0.00
0.30 0.17 12.36 1.00 0.00
0.30 0.17 12.54 1.00 0.00
0.30 0.17 12.71 1.00 0.00
0.30 0.17 12.88 1.00 0.00
0.30 0.17 13.06 1.00 0.00
0.30 0.17 13.23 1.00 0.00
0.30 0.17 13.41 1.00 0.00
0.50 0.17 10.42 1.00 0.00
0.50 0.17 10.59 1.00 0.00
0.50 0.17 10.77 1.00 0.00
0.50 0.17 10.94 1.00 0.00
0.50 0.17 11.11 1.00 0.00
0.50 0.17 11.29 1.00 0.00
0.50 0.17 11.46 1.00 0.00
0.50 0.17 11.64 1.00 0.00
0.50 0.17 11.81 1.00 0.00
0.50 0.17 11.99 1.00 0.00
0.50 0.17 12.16 1.00 0.00
0.50 0.17 12.34 1.00 0.00
0.50 0.17 12.51 1.00 0.00
0.50 0.17 12.68 1.00 0.00
0.50 0.17 12.86 1.00 0.00
0.50 0.17 13.03 1.00 0.00
0.50 0.17 13.21 1.00 0.00
0.50 0.17 13.38 1.00 0.00
0.70 0.17 10.39 1.00 0.00
0.70 0.17 10.56 1.00 0.00
0.70 0.17 10.74 1.00 0.00
0.70 0.17 10.91 1.00 0.00
0.70 0.17 11.09 1.00 0.00
0.70 0.17 11.26 1.00 0.00
0.70 0.17 11.44 1.00 0.00
0.70 0.17 11.61 1.00 0.00
0.70 0.17 11.78 1.00 0.00
0.70 0.17 11.96 1.00 0.00
0.70 0.17 12.13 1.00 0.00
0.70 0.17 12.31 1.00 0.00
0.70 0.17 12.48 1.00 0.00
0.70 0.17 12.66 1.00 0.00
0.70 0.17 12.83 1.00 0.00
0.70 0.17 13.01 1.00 0.00
0.70 0.17 13.18 1.00 0.00
0.70 0.17 13.36 1.00 0.00
0.90 0.17 10.36 1.00 0.00
0.90 0.17 10.53 1.00 0.00
0.90 0.17 10.71 1.00 0.00
0.90 0.17 10.88 1.00 0.00
0.90 0.17 11.05 1.00 0.00
0.90 0.17 11.23 1.00 0.00
0.90 0.17 11.40 1.00 0.00
0.90 0.17 11.58 1.00 0.00
0.90 0.17 11.75 1.00 0.00
0.90 0.17 11.93 1.00 0.00
0.90 0.17 12.10 1.00 0.00
0.90 0.17 12.28 1.00 0.00
0.90 0.17 12.45 1.00 0.00
0.90 0.17 12.63 1.00 0.00
0.90 0.17 12.80 1.00 0.00
0.90 0.17 12.97 1.00 0.00
0.90 0.17 13.15 1.00 0.00
0.90 0.17 13.32 1.00 0.00
1.10 0.17 10.32 1.00 0.00
1.10 0.17 10.49 1.00 0.00
1.10 0.17 10.67 1.00 0.00
1.10 0.17 10.84 1.00 0.00
1.10 0.17 11.02 1.00 0.00
1.10 0.17 11.19 1.00 0.00
1.10 0.17 11.37 1.00 0.00
1.10 0.17 11.54 1.00 0.00
1.10 0.17 11.72 1.00 0.00
1.10 0.17 11.89 1.00 0.00
1.10 0.17 12.07 1.00 0.00
1.10 0.17 12.24 1.00 0.00
1.10 0.17 12.41 1.00 0.00
1.10 0.17 12.59 1.00 0.00
1.10 0.17 12.76 1.00 0.00
1.10 0.17 12.94 1.00 0.00
1.10 0.17 13.11 1.00 0.00
1.10 0.17 13.29 1.00 0.00
0.30 0.35 10.46 1.00 0.00
0.30 0.35 10.63 1.00 0.00
0.30 0.35 10.81 1.00 0.00
0.30 0.35 10.98 1.00 0.00
0.30 0.35 11.15 1.00 0.00
0.30 0.35 11.33 1.00 0.00
0.30 0.35 11.50 1.00 0.00
0.30 0.35 11.68 1.00 0.00
0.30 0.35 11.85 1.00 0.00
0.30 0.35 12.03 1.00 0.00
0.30 0.35 12.20 1.00 0.00
0.30 0.35 12.38 1.00 0.00
0.30 0.35 12.55 1.00 0.00
0.30 0.35 12.73 1.00 0.00
0.30 0.35 12.90 1.00 0.00
0.30 0.35 13.07 1.00 0.00
0.30 0.35 13.25 1.00 0.00
0.30 0.35 13.42 1.00 0.00
0.50 0.35 10.44 1.00 0.00
0.50 0.35 10.62 1.00 0.00
0.50 0.35 10.79 1.00 0.00
0.50 0.35 10.97 1.00 0.00
0.50 0.35 11.14 1.00 0.00
0.50 0.35 11.32 1.00 0.00
0.50 0.35 11.49 1.00 0.00
0.50 0.35 11.67 1.00 0.00
0.50 0.35 11.84 1.00 0.00
0.50 0.35 12.01 1.00 0.00
0.50 0.35 12.19 1.00 0.00
0.50 0.35 12.36 1.00 0.00
0.50 0.35 12.54 1.00 0.00
0.50 0.35 12.71 1.00 0.00
0.50 0.35 12.89 1.00 0.00
0.50 0.35 13.06 1.00 0.00
0.50 0.35 13.24 1.00 0.00
0.50 0.35 13.41 1.00 0.00
0.70 0.35 10.43 1.00 0.00
0.70 0.35 10.60 1.00 0.00
0.70 0.35 10.78 1.00 0.00
0.70 0.35 10.95 1.00 0.00
0.70 0.35 11.13 1.00 0.00
0.70 0.35 11.30 1.00 0.00
0.70 0.35 11.48 1.00 0.00
0.70 0.35 11.65 1.00 0.00
0.70 0.35 11.83 1.00 0.00
0.70 0.35 12.00 1.00 0.00
0.70 0.35 12.17 1.00 0.00
0.70 0.35 12.35 1.00 0.00
0.70 0.35 12.52 1.00 0.00
0.70 0.35 12.70 1.00 0.00
0.70 0.35 12.87 1.00 0.00
0.70 0.35 13.05 1.00 0.00
0.70 0.35 13.22 1.00 0.00
0.70 0.35 13.40 1.00 0.00
0.90 0.35 10.41 1.00 0.00
0.90 0.35 10.59 1.00 0.00
0.90 0.35 10.76 1.00 0.00
0.90 0.35 10.94 1.00 0.00
0.90 0.35 11.11 1.00 0.00
0.90 0.35 11.29 1.00 0.00
0.90 0.35 11.46 1.00 0.00
0.90 0.35 11.63 1.00 0.00
0.90 0.35 11.81 1.00 0.00
0.90 0.35 11.98 1.00 0.00
0.90 0.35 12.16 1.00 0.00
0.90 0.35 12.33 1.00 0.00
0.90 0.35 12.51 1.00 0.00
0.90 0.35 12.68 1.00 0.00
0.90 0.35 12.86 1.00 0.00
0.90 0.35 13.03 1.00 0.00
0.90 0.35 13.21 1.00 0.00
0.90 0.35 13.38 1.00 0.00
1.10 0.35 10.39 1.00 0.00
1.10 0.35 10.57 1.00 0.00
1.10 0.35 10.74 1.00 0.00
1.10 0.35 10.92 1.00 0.00
1.10 0.35 11.09 1.00 0.00
1.10 0.35 11.27 1.00 0.00
1.10 0.35 11.44 1.00 0.00
1.10 0.35 11.62 1.00 0.00
1.10 0.35 11.79 1.00 0.00
1.10 0.35 11.96 1.00 0.00
1.10 0.35 12.14 1.00 0.00
1.10 0.35 12.31 1.00 0.00
1.10 0.35 12.49 1.00 0.00
1.10 0.35 12.66 1.00 0.00
1.10 0.35 12.84 1.00 0.00
1.10 0.35 13.01 1.00 0.00
1.10 0.35 13.19 1.00 0.00
1.10 0.35 13.36 1.00 0.00
0.30 0.52 10.47 1.00 0.00
0.30 0.52 10.65 1.00 0.00
0.30 0.52 10.82 1.00 0.00
0.30 0.52 11.00 1.00 0.00
0.30 0.52 11.17 1.00 0.00
0.30 0.52 11.35 1.00 0.00
0.30 0.52 11.52 1.00 0.00
0.30 0.52 11.69 1.00 0.00
0.30 0.52 11.87 1.00 0.00
0.30 0.52 12.04 1.00 0.00
0.30 0.52 12.22 1.00 0.00
0.30 0.52 12.39 1.00 0.00
0.30 0.52 12.57 1.00 0.00
0.30 0.52 12.74 1.00 0.00
0.30 0.52 12.92 1.00 0.00
0.30 0.52 13.09 1.00 0.00
0.30 0.52 13.27 1.00 0.00
0.30 0.52 13.44 1.00 0.00
0.50 0.52 10.47 1.00 0.00
0.50 0.52 10.65 1.00 0.00
0.50 0.52 10.82 1.00 0.00
0.50 0.52 11.00 1.00 0.00
0.50 0.52 11.17 1.00 0.00
0.50 0.52 11.35 1.00 0.00
0.50 0.52 11.52 1.00 0.00
0.50 0.52 11.69 1.00 0.00
0.50 0.52 11.87 1.00 0.00
0.50 0.52 12.04 1.00 0.00
0.50 0.52 12.22 1.00 0.00
0.50 0.52 12.39 1.00 0.00
0.50 0.52 12.57 1.00 0.00
0.50 0.52 12.74 1.00 0.00
0.50 0.52 12.92 1.00 0.00
0.50 0.52 13.09 1.00 0.00
0.50 0.52 13.27 1.00 0.00
0.50 0.52 13.44 1.00 0.00
0.70 0.52 10.47 1.00 0.00
0.70 0.52 10.65 1.00 0.00
0.70 0.52 10.82 1.00 0.00
0.70 0.52 11.00 1.00 0.00
0.70 0.52 11.17 1.00 0.00
0.70 0.52 11.35 1.00 0.00
0.70 0.52 11.52 1.00 0.00
0.70 0.52 11.69 1.00 0.00
0.70 0.52 11.87 1.00 0.00
0.70 0.52 12.04 1.00 0.00
0.70 0.52 12.22 1.00 0.00
0.70 0.52 12.39 1.00 0.00
0.70 0.52 12.57 1.00 0.00
0.70 0.52 12.74 1.00 0.00
0.70 0.52 12.92 1.00 0.00
0.70 0.52 13.09 1.00 0.00
0.70 0.52 13.27 1.00 0.00
0.70 0.52 13.44 1.00 0.00
0.90 0.52 10.47 1.00 0.00
0.90 0.52 10.65 1.00 0.00
0.90 0.52 10.82 1.00 0.00
0.90 0.52 11.00 1.00 0.00
0.90 0.52 11.17 1.00 0.00
0.90 0.52 11.35 1.00 0.00
0.90 0.52 11.52 1.00 0.00
0.90 0.52 11.69 1.00 0.00
0.90 0.52 11.87 1.00 0.00
0.90 0.52 12.04 1.00 0.00
0.90 0.52 12.22 1.00 0.00
0.90 0.52 12.39 1.00 0.00
0.90 0.52 12.57 1.00 0.00
0.90 0.52 12.74 1.00 0.00
0.90 0.52 12.92 1.00 0.00
0.90 0.52 13.09 1.00 0.00
0.90 0.52 13.27 1.00 0.00
0.90 0.52 13.44 1.00 0.00
1.10 0.52 10.47 1.00 0.00
1.10 0.52 10.65 1.00 0.00
1.10 0.52 10.82 1.00 0.00
1.10 0.52 11.00 1.00 0.00
1.10 0.52 11.17 1.00 0.00
1.10 0.52 11.35 1.00 0.00
1.10 0.52 11.52 1.00 0.00
1.10 0.52 11.69 1.00 0.00
1.10 0.52 11.87 1.00 0.00
1.10 0.52 12.04 1.00 0.00
1.10 0.52 12.22 1.00 0.00
1.10 0.52 12.39 1.00 0.00
1.10 0.52 12.57 1.00 0.00
1.10 0.52 12.74 1.00 0.00
1.10 0.52 12.92 1.00 0.00
1.10 0.52 13.09 1.00 0.00
1.10 0.52 13.27 1.00 0.00
1.10 0.52 13.44 1.00 0.00
0.30 0.70 4.21 1.00 0.00
0.30 0.70 4.38 1.00 0.00
0.30 0.70 4.56 1.00 0.00
0.30 0.70 4.73 1.00 0.00
0.30 0.70 4.90 1.00 0.00
0.30 0.70 5.08 1.00 0.00
0.30 0.70 5.25 1.00 0.00
0.30 0.70 5.43 1.00 0.00
0.30 0.70 5.60 1.00 0.00
0.30 0.70 5.78 1.00 0.00
0.30 0.70 5.95 1.00 0.00
0.30 0.70 6.13 1.00 0.00
0.30 0.70 6.30 1.00 0.00
0.30 0.70 6.47 1.00 0.00
0.30 0.70 6.65 1.00 0.00
0.30 0.70 6.82 1.00 0.00
0.30 0.70 7.00 1.00 0.00
0.30 0.70 7.17 1.00 0.00
0.50 0.70 4.22 1.00 0.00
0.50 0.70 4.39 1.00 0.00
0.50 0.70 4.57 1.00 0.00
0.50 0.70 4.74 1.00 0.00
0.50 0.70 4.92 1.00 0.00
0.50 0.70 5.09 1.00 0.00
0.50 0.70 5.27 1.00 0.00
0.50 0.70 5.44 1.00 0.00
0.50 0.70 5.61 1.00 0.00
0.50 0.70 5.79 1.00 0.00
0.50 0.70 5.96 1.00 0.00
0.50 0.70 6.14 1.00 0.00
0.50 0.70 6.31 1.00 0.00
0.50 0.70 6.49 1.00 0.00
0.50 0.70 6.66 1.00 0.00
0.50 0.70 6.84 1.00 0.00
0.50 0.70 7.01 1.00 0.00
0.50 0.70 7.19 1.00 0.00
0.70 0.70 4.23 1.00 0.00
0.70 0.70 4.41 1.00 0.00
0.70 0.70 4.58 1.00 0.00
0.70 0.70 4.76 1.00 0.00
0.70 0.70 4.93 1.00 0.00
0.70 0.70 5.11 1.00 0.00
0.70 0.70 5.28 1.00 0.00
0.70 0.70 5.46 1.00 0.00
0.70 0.70 5.63 1.00 0.00
0.70 0.70 5.80 1.00 0.00
0.70 0.70 5.98 1.00 0.00
0.70 0.70 6.15 1.00 0.00
0.70 0.70 6.33 1.00 0.00
0.70 0.70 6.50 1.00 0.00
0.70 0.70 6.68 1.00 0.00
0.70 0.70 6.85 1.00 0.00
0.70 0.70 7.03 1.00 0.00
0.70 0.70 7.20 1.00 0.00
0.90 0.70 4.25 1.00 0.00
0.90 0.70 4.42 1.00 0.00
0.90 0.70 4.60 1.00 0.00
0.90 0.70 4.77 1.00 0.00
0.90 0.70 4.95 1.00 0.00
0.90 0.70 5.12 1.00 0.00
0.90 0.70 5.30 1.00 0.00
0.90 0.70 5.47 1.00 0.00
0.90 0.70 5.65 1.00 0.00
0.90 0.70 5.82 1.00 0.00
0.90 0.70 6.00 1.00 0.00
0.90 0.70 6.17 1.00 0.00
0.90 0.70 6.34 1.00 0.00
0.90 0.70 6.52 1.00 0.00
0.90 0.70 6.69 1.00 0.00
0.90 0.70 6.87 1.00 0.00
0.90 0.70 7.04 1.00 0.00
0.90 0.70 7.22 1.00 0.00
1.10 0.70 4.27 1.00 0.00
1.10 0.70 4.44 1.00 0.00
1.10 0.70 4.62 1.00 0.00
1.10 0.70 4.79 1.00 0.00
1.10 0.70 4.97 1.00 0.00
1.10 0.70 5.14 1.00 0.00
1.10 0.70 5.32 1.00 0.00
1.10 0.70 5.49 1.00 0.00
1.10 0.70 5.67 1.00 0.00
1.10 0.70 5.84 1.00 0.00
1.10 0.70 6.01 1.00 0.00
1.10 0.70 6.19 1.00 0.00
1.10 0.70 6.36 1.00 0.00
1.10 0.70 6.54 1.00 0.00
1.10 0.70 6.71 1.00 0.00
1.10 0.70 6.89 1.00 0.00
1.10 0.70 7.06 1.00 0.00
1.10 0.70 7.24 1.00 0.00
0.30 0.87 4.22 1.00 0.00
0.30 0.87 4.40 1.00 0.00
0.30 0.87 4.57 1.00 0.00
0.30 0.87 4.75 1.00 0.00
0.30 0.87 4.92 1.00 0.00
0.30 0.87 5.09 1.00 0.00
0.30 0.87 5.27 1.00 0.00
0.30 0.87 5.44 1.00 0.00
0.30 0.87 5.62 1.00 0.00
0.30 0.87 5.79 1.00 0.00
0.30 0.87 5.97 1.00 0.00
0.30 0.87 6.14 1.00 0.00
0.30 0.87 6.32 1.00 0.00
0.30 0.87 6.49 1.00 0.00
0.30 0.87 6.67 1.00 0.00
0.30 0.87 6.84 1.00 0.00
0.30 0.87 7.01 1.00 0.00
0.30 0.87 7.19 1.00 0.00
0.50 0.87 4.25 1.00 0.00
0.50 0.87 4.42 1.00 0.00
0.50 0.87 4.60 1.00 0.00
0.50 0.87 4.77 1.00 0.00
0.50 0.87 4.94 1.00 0.00
0.50 0.87 5.12 1.00 0.00
0.50 0.87 5.29 1.00 0.00
0.50 0.87 5.47 1.00 0.00
0.50 0.87 5.64 1.00 0.00
0.50 0.87 5.82 1.00 0.00
0.50 0.87 5.99 1.00 0.00
0.50 0.87 6.17 1.00 0.00
0.50 0.87 6.34 1.00 0.00
0.50 0.87 6.52 1.00 0.00
0.50 0.87 6.69 1.00 0.00
0.50 0.87 6.86 1.00 0.00
0.50 0.87 7.04 1.00 0.00
0.50 0.87 7.21 1.00 0.00
0.70 0.87 4.27 1.00 0.00
0.70 0.87 4.45 1.00 0.00
0.70 0.87 4.62 1.00 0.00
0.70 0.87 4.80 1.00 0.00
0.70 0.87 4.97 1.00 0.00
0.70 0.87 5.15 1.00 0.00
0.70 0.87 5.32 1.00 0.00
0.70 0.87 5.50 1.00 0.00
0.70 0.87 5.67 1.00 0.00
0.70 0.87 5.85 1.00 0.00
0.70 0.87 6.02 1.00 0.00
0.70 0.87 6.19 1.00 0.00
0.70 0.87 6.37 1.00 0.00
0.70 0.87 6.54 1.00 0.00
0.70 0.87 6.72 1.00 0.00
0.70 0.87 6.89 1.00 0.00
0.70 0.87 7.07 1.00 0.00
0.70 0.87 7.24 1.00 0.00
0.90 0.87 4.31 1.00 0.00
0.90 0.87 4.48 1.00 0.00
0.90 0.87 4.66 1.00 0.00
0.90 0.87 4.83 1.00 0.00
0.90 0.87 5.00 1.00 0.00
0.90 0.87 5.18 1.00 0.00
0.90 0.87 5.35 1.00 0.00
0.90 0.87 5.53 1.00 0.00
0.90 0.87 5.70 1.00 0.00
0.90 0.87 5.88 1.00 0.00
0.90 0.87 6.05 1.00 0.00
0.90 0.87 6.23 1.00 0.00
0.90 0.87 6.40 1.00 0.00
0.90 0.87 6.58 1.00 0.00
0.90 0.87 6.75 1.00 0.00
0.90 0.87 6.92 1.00 0.00
0.90 0.87 7.10 1.00 0.00
0.90 0.87 7.27 1.00 0.00
1.10 0.87 4.34 1.00 0.00
1.10 0.87 4.52 1.00 0.00
1.10 0.87 4.69 1.00 0.00
1.10 0.87 4.87 1.00 0.00
1.10 0.87 5.04 1.00 0.00
1.10 0.87 5.22 1.00 0.00
1.10 0.87 5.39 1.00 0.00
1.10 0.87 5.56 1.00 0.00
1.10 0.87 5.74 1.00 0.00
1.10 0.87 5.91 1.00 0.00
1.10 0.87 6.09 1.00 0.00
1.10 0.87 6.26 1.00 0.00
1.10 0.87 6.44 1.00 0.00
1.10 0.87 6.61 1.00 0.00
1.10 0.87 6.79 1.00 0.00
1.10 0.87 6.96 1.00 0.00
1.10 0.87 7.14 1.00 0.00
1.10 0.87 7.31 1.00 0.00
0.30 1.05 4.24 1.00 0.00
0.30 1.05 4.41 1.00 0.00
0.30 1.05 4.59 1.00 0.00
0.30 1.05 4.76 1.00 0.00
0.30 1.05 4.93 1.00 0.00
0.30 1.05 5.11 1.00 0.00
0.30 1.05 5.28 1.00 0.00
0.30 1.05 5.46 1.00 0.00
0.30 1.05 5.63 1.00 0.00
0.30 1.05 5.81 1.00 0.00
0.30 1.05 5.98 1.00 0.00
0.30 1.05 6.16 1.00 0.00
0.30 1.05 6.33 1.00 0.00
0.30 1.05 6.51 1.00 0.00
0.30 1.05 6.68 1.00 0.00
0.30 1.05 6.85 1.00 0.00
0.30 1.05 7.03 1.00 0.00
0.30 1.05 7.20 1.00 0.00
0.50 1.05 4.27 1.00 0.00
0.50 1.05 4.45 1.00 0.00
0.50 1.05 4.62 1.00 0.00
0.50 1.05 4.80 1.00 0.00
0.50 1.05 4.97 1.00 0.00
0.50 1.05 5.14 1.00 0.00
0.50 1.05 5.32 1.00 0.00
0.50 1.05 5.49 1.00 0.00
0.50 1.05 5.67 1.00 0.00
0.50 1.05 5.84 1.00 0.00
0.50 1.05 6.02 1.00 0.00
0.50 1.05 6.19 1.00 0.00
0.50 1.05 6.37 1.00 0.00
0.50 1.05 6.54 1.00 0.00
0.50 1.05 6.72 1.00 0.00
0.50 1.05 6.89 1.00 0.00
0.50 1.05 7.06 1.00 0.00
0.50 1.05 7.24 1.00 0.00
0.70 1.05 4.31 1.00 0.00
0.70 1.05 4.49 1.00 0.00
0.70 1.05 4.66 1.00 0.00
0.70 1.05 4.83 1.00 0.00
0.70 1.05 5.01 1.00 0.00
0.70 1.05 5.18 1.00 0.00
0.70 1.05 5.36 1.00 0.00
0.70 1.05 5.53 1.00 0.00
0.70 1.05 5.71 1.00 0.00
0.70 1.05 5.88 1.00 0.00
0.70 1.05 6.06 1.00 0.00
0.70 1.05 6.23 1.00 0.00
0.70 1.05 6.41 1.00 0.00
0.70 1.05 6.58 1.00 0.00
0.70 1.05 6.75 1.00 0.00
0.70 1.05 6.93 1.00 0.00
0.70 1.05 7.10 1.00 0.00
0.70 1.05 7.28 1.00 0.00
0.90 1.05 4.36 1.00 0.00
0.90 1.05 4.53 1.00 0.00
0.90 1.05 4.70 1.00 0.00
0.90 1.05 4.88 1.00 0.00
0.90 1.05 5.05 1.00 0.00
0.90 1.05 5.23 1.00 0.00
0.90 1.05 5.40 1.00 0.00
0.90 1.05 5.58 1.00 0.00
0.90 1.05 5.75 1.00 0.00
0.90 1.05 5.93 1.00 0.00
0.90 1.05 6.10 1.00 0.00
0.90 1.05 6.27 1.00 0.00
0.90 1.05 6.45 1.00 0.00
0.90 1.05 6.62 1.00 0.00
0.90 1.05 6.80 1.00 0.00
0.90 1.05 6.97 1.00 0.00
0.90 1.05 7.15 1.00 0.00
0.90 1.05 7.32 1.00 0.00
1.10 1.05 4.40 1.00 0.00
1.10 1.05 4.58 1.00 0.00
1.10 1.05 4.75 1.00 0.00
1.10 1.05 4.93 1.00 0.00
1.10 1.05 5.10 1.00 0.00
1.10 1.05 5.28 1.00 0.00
1.10 1.05 5.45 1.00 0.00
1.10 1.05 5.63 1.00 0.00
1.10 1.05 5.80 1.00 0.00
1.10 1.05 5.98 1.00 0.00
1.10 1.05 6.15 1.00 0.00
1.10 1.05 6.32 1.00 0.00
1.10 1.05 6.50 1.00 0.00
1.10 1.05 6.67 1.00 0.00
1.10 1.05 6.85 1.00 0.00
1.10 1.05 7.02 1.00 0.00
1.10 1.05 7.20 1.00 0.00
1.10 1.05 7.37 1.00 0.00
0.30 1.22 4.25 1.00 0.00
0.30 1.22 4.42 1.00 0.00
0.30 1.22 4.60 1.00 0.00
0.30 1.22 4.77 1.00 0.00
0.30 1.22 4.95 1.00 0.00
0.30 1.22 5.12 1.00 0.00
0.30 1.22 5.30 1.00 0.00
0.30 1.22 5.47 1.00 0.00
0.30 1.22 5.65 1.00 0.00
0.30 1.22 5.82 1.00 0.00
0.30 1.22 5.99 1.00 0.00
0.30 1.22 6.17 1.00 0.00
0.30 1.22 6.34 1.00 0.00
0.30 1.22 6.52 1.00 0.00
0.30 1.22 6.69 1.00 0.00
0.30 1.22 6.87 1.00 0.00
0.30 1.22 7.04 1.00 0.00
0.30 1.22 7.22 1.00 0.00
0.50 1.22 4.29 1.00 0.00
0.50 1.22 4.47 1.00 0.00
0.50 1.22 4.64 1.00 0.00
0.50 1.22 4.82 1.00 0.00
0.50 1.22 4.99 1.00 0.00
0.50 1.22 5.17 1.00 0.00
0.50 1.22 5.34 1.00 0.00
0.50 1.22 5.51 1.00 0.00
0.50 1.22 5.69 1.00 0.00
0.50 1.22 5.86 1.00 0.00
0.50 1.22 6.04 1.00 0.00
0.50 1.22 6.21 1.00 0.00
0.50 1.22 6.39 1.00 0.00
0.50 1.22 6.56 1.00 0.00
0.50 1.22 6.74 1.00 0.00
0.50 1.22 6.91 1.00 0.00
0.50 1.22 7.09 1.00 0.00
0.50 1.22 7.26 1.00 0.00
0.70 1.22 4.34 1.00 0.00
0.70 1.22 4.52 1.00 0.00
0.70 1.22 4.69 1.00 0.00
0.70 1.22 4.87 1.00 0.00
0.70 1.22 5.04 1.00 0.00
0.70 1.22 5.21 1.00 0.00
0.70 1.22 5.39 1.00 0.00
0.70 1.22 5.56 1.00 0.00
0.70 1.22 5.74 1.00 0.00
0.70 1.22 5.91 1.00 0.00
0.70 1.22 6.09 1.00 0.00
0.70 1.22 6.26 1.00 0.00
0.70 1.22 6.44 1.00 0.00
0.70 1.22 6.61 1.00 0.00
0.70 1.22 6.78 1.00 0.00
0.70 1.22 6.96 1.00 0.00
0.70 1.22 7.13 1.00 0.00
0.70 1.22 7.31 1.00 0.00
0.90 1.22 4.39 1.00 0.00
0.90 1.22 4.57 1.00 0.00
0.90 1.22 4.74 1.00 0.00
0.90 1.22 4.92 1.00 0.00
0.90 1.22 5.09 1.00 0.00
0.90 1.22 5.27 1.00 0.00
0.90 1.22 5.44 1.00 0.00
0.90 1.22 5.62 1.00 0.00
0.90 1.22 5.79 1.00 0.00
0.90 1.22 5.97 1.00 0.00
0.90 1.22 6.14 1.00 0.00
0.90 1.22 6.31 1.00 0.00
0.90 1.22 6.49 1.00 0.00
0.90 1.22 6.66 1.00 0.00
0.90 1.22 6.84 1.00 0.00
0.90 1.22 7.01 1.00 0.00
0.90 1.22 7.19 1.00 0.00
0.90 1.22 7.36 1.00 0.00
1.10 1.22 4.45 1.00 0.00
1.10 1.22 4.63 1.00 0.00
1.10 1.22 4.80 1.00 0.00
1.10 1.22 4.98 1.00 0.00
1.10 1.22 5.15 1.00 0.00
1.10 1.22 5.32 1.00 0.00
1.10 1.22 5.50 1.00 0.00
1.10 1.22 5.67 1.00 0.00
1.10 1.22 5.85 1.00 0.00
1.10 1.22 6.02 1.00 0.00
1.10 1.22 6.20 1.00 0.00
1.10 1.22 6.37 1.00 0.00
1.10 1.22 6.55 1.00 0.00
1.10 1.22 6.72 1.00 0.00
1.10 1.22 6.90 1.00 0.00
1.10 1.22 7.07 1.00 0.00
1.10 1.22 7.24 1.00 0.00
1.10 1.22 7.42 1.00 0.00
0.30 1.40 4.26 1.00 0.00
0.30 1.40 4.43 1.00 0.00
0.30 1.40 4.61 1.00 0.00
0.30 1.40 4.78 1.00 0.00
0.30 1.40 4.96 1.00 0.00
0.30 1.40 5.13 1.00 0.00
0.30 1.40 5.31 1.00 0.00
0.30 1.40 5.48 1.00 0.00
0.30 1.40 5.66 1.00 0.00
0.30 1.40 5.83 1.00 0.00
0.30 1.40 6.00 1.00 0.00
0.30 1.40 6.18 1.00 0.00
0.30 1.40 6.35 1.00 0.00
0.30 1.40 6.53 1.00 0.00
0.30 1.40 6.70 1.00 0.00
0.30 1.40 6.88 1.00 0.00
0.30 1.40 7.05 1.00 0.00
0.30 1.40 7.23 1.00 0.00
0.50 1.40 4.31 1.00 0.00
0.50 1.40 4.48 1.00 0.00
0.50 1.40 4.66 1.00 0.00
0.50 1.40 4.83 1.00 0.00
0.50 1.40 5.01 1.00 0.00
0.50 1.40 5.18 1.00 0.00
0.50 1.40 5.36 1.00 0.00
0.50 1.40 5.53 1.00 0.00
0.50 1.40 5.71 1.00 0.00
0.50 1.40 5.88 1.00 0.00
0.50 1.40 6.06 1.00 0.00
0.50 1.40 6.23 1.00 0.00
0.50 1.40 6.40 1.00 0.00
0.50 1.40 6.58 1.00 0.00
0.50 1.40 6.75 1.00 0.00
0.50 1.40 6.93 1.00 0.00
0.50 1.40 7.10 1.00 0.00
0.50 1.40 7.28 1.00 0.00
0.70 1.40 4.36 1.00 0.00
0.70 1.40 4.54 1.00 0.00
0.70 1.40 4.71 1.00 0.00
0.70 1.40 4.89 1.00 0.00
0.70 1.40 5.06 1.00 0.00
0.70 1.40 5.24 1.00 0.00
0.70 1.40 5.41 1.00 0.00
0.70 1.40 5.59 1.00 0.00
0.70 1.40 5.76 1.00 0.00
0.70 1.40 5.94 1.00 0.00
0.70 1.40 6.11 1.00 0.00
0.70 1.40 6.28 1.00 0.00
0.70 1.40 6.46 1.00 0.00
0.70 1.40 6.63 1.00 0.00
0.70 1.40 6.81 1.00 0.00
0.70 1.40 6.98 1.00 0.00
0.70 1.40 7.16 1.00 0.00
0.70 1.40 7.33 1.00 0.00
0.90 1.40 4.42 1.00 0.00
0.90 1.40 4.60 1.00 0.00
0.90 1.40 4.77 1.00 0.00
0.90 1.40 4.95 1.00 0.00
0.90 1.40 5.12 1.00 0.00
0.90 1.40 5.30 1.00 0.00
0.90 1.40 5.47 1.00 0.00
0.90 1.40 5.64 1.00 0.00
0.90 1.40 5.82 1.00 0.00
0.90 1.40 5.99 1.00 0.00
0.90 1.40 6.17 1.00 0.00
0.90 1.40 6.34 1.00 0.00
0.90 1.40 6.52 1.00 0.00
0.90 1.40 6.69 1.00 0.00
0.90 1.40 6.87 1.00 0.00
0.90 1.40 7.04 1.00 0.00
0.90 1.40 7.22 1.00 0.00
0.90 1.40 7.39 1.00 0.00
1.10 1.40 4.49 1.00 0.00
1.10 1.40 4.66 1.00 0.00
1.10 1.40 4.83 1.00 0.00
1.10 1.40 5.01 1.00 0.00
1.10 1.40 5.18 1.00 0.00
1.10 1.40 5.36 1.00 0.00
1.10 1.40 5.53 1.00 0.00
1.10 1.40 5.71 1.00 0.00
1.10 1.40 5.88 1.00 0.00
1.10 1.40 6.06 1.00 0.00
1.10 1.40 6.23 1.00 0.00
1.10 1.40 6.40 1.00 0.00
1.10 1.40 6.58 1.00 0.00
1.10 1.40 6.75 1.00 0.00
1.10 1.40 6.93 1.00 0.00
1.10 1.40 7.10 1.00 0.00
1.10 1.40 7.28 1.00 0.00
1.10 1.40 7.45 1.00 0.00
0.30 1.57 4.27 1.00 0.00
0.30 1.57 4.44 1.00 0.00
0.30 1.57 4.62 1.00 0.00
0.30 1.57 4.79 1.00 0.00
0.30 1.57 4.97 1.00 0.00
0.30 1.57 5.14 1.00 0.00
0.30 1.57 5.31 1.00 0.00
0.30 1.57 5.49 1.00 0.00
0.30 1.57 5.66 1.00 0.00
0.30 1.57 5.84 1.00 0.00
0.30 1.57 6.01 1.00 0.00
0.30 1.57 6.19 1.00 0.00
0.30 1.57 6.36 1.00 0.00
0.30 1.57 6.54 1.00 0.00
0.30 1.57 6.71 1.00 0.00
0.30 1.57 6.89 1.00 0.00
0.30 1.57 7.06 1.00 0.00
0.30 1.57 7.23 1.00 0.00
0.50 1.57 4.32 1.00 0.00
0.50 1.57 4.50 1.00 0.00
0.50 1.57 4.67 1.00 0.00
0.50 1.57 4.85 1.00 0.00
0.50 1.57 5.02 1.00 0.00
0.50 1.57 5.20 1.00 0.00
0.50 1.57 5.37 1.00 0.00
0.50 1.57 5.54 1.00 0.00
0.50 1.57 5.72 1.00 0.00
0.50 1.57 5.89 1.00 0.00
0.50 1.57 6.07 1.00 0.00
0.50 1.57 6.24 1.00 0.00
0.50 1.57 6.42 1.00 0.00
0.50 1.57 6.59 1.00 0.00
0.50 1.57 6.77 1.00 0.00
0.50 1.57 6.94 1.00 0.00
0.50 1.57 7.12 1.00 0.00
0.50 1.57 7.29 1.00 0.00
0.70 1.57 4.38 1.00 0.00
0.70 1.57 4.56 1.00 0.00
0.70 1.57 4.73 1.00 0.00
0.70 1.57 4.90 1.00 0.00
0.70 1.57 5.08 1.00 0.00
0.70 1.57 5.25 1.00 0.00
0.70 1.57 5.43 1.00 0.00
0.70 1.57 5.60 1.00 0.00
0.70 1.57 5.78 1.00 0.00
0.70 1.57 5.95 1.00 0.00
0.70 1.57 6.13 1.00 0.00
0.70 1.57 6.30 1.00 0.00
0.70 1.57 6.48 1.00 0.00
0.70 1.57 6.65 1.00 0.00
0.70 1.57 6.82 1.00 0.00
0.70 1.57 7.00 1.00 0.00
0.70 1.57 7.17 1.00 0.00
0.70 1.57 7.35 1.00 0.00
0.90 1.57 4.44 1.00 0.00
0.90 1.57 4.62 1.00 0.00
0.90 1.57 4.79 1.00 0.00
0.90 1.57 4.97 1.00 0.00
0.90 1.57 5.14 1.00 0.00
0.90 1.57 5.31 1.00 0.00
0.90 1.57 5.49 1.00 0.00
0.90 1.57 5.66 1.00 0.00
0.90 1.57 5.84 1.00 0.00
0.90 1.57 6.01 1.00 0.00
0.90 1.57 6.19 1.00 0.00
0.90 1.57 6.36 1.00 0.00
0.90 1.57 6.54 1.00 0.00
0.90 1.57 6.71 1.00 0.00
0.90 1.57 6.89 1.00 0.00
0.90 1.57 7.06 1.00 0.00
0.90 1.57 7.23 1.00 0.00
0.90 1.57 7.41 1.00 0.00
1.10 1.57 4.50 1.00 0.00
1.10 1.57 4.68 1.00 0.00
1.10 1.57 4.85 1.00 0.00
1.10 1.57 5.03 1.00 0.00
1.10 1.57 5.20 1.00 0.00
1.10 1.57 5.38 1.00 0.00
1.10 1.57 5.55 1.00 0.00
1.10 1.57 5.73 1.00 0.00
1.10 1.57 5.90 1.00 0.00
1.10 1.57 6.08 1.00 0.00
1.10 1.57 6.25 1.00 0.00
1.10 1.57 6.42 1.00 0.00
1.10 1.57 6.60 1.00 0.00
1.10 1.57 6.77 1.00 0.00
1.10 1.57 6.95 1.00 0.00
1.10 1.57 7.12 1.00 0.00
1.10 1.57 7.30 1.00 0.00
1.10 1.57 7.47 1.00 0.00
0.30 1.75 4.27 1.00 0.00
0.30 1.75 4.45 1.00 0.00
0.30 1.75 4.62 1.00 0.00
0.30 1.75 4.80 1.00 0.00
0.30 1.75 4.97 1.00 0.00
0.30 1.75 5.15 1.00 0.00
0.30 1.75 5.32 1.00 0.00
0.30 1.75 5.49 1.00 0.00
0.30 1.75 5.67 1.00 0.00
0.30 1.75 5.84 1.00 0.00
0.30 1.75 6.02 1.00 0.00
0.30 1.75 6.19 1.00 0.00
0.30 1.75 6.37 1.00 0.00
0.30 1.75 6.54 1.00 0.00
0.30 1.75 6.72 1.00 0.00
0.30 1.75 6.89 1.00 0.00
0.30 1.75 7.07 1.00 0.00
0.30 1.75 7.24 1.00 0.00
0.50 1.75 4.33 1.00 0.00
0.50 1.75 4.51 1.00 0.00
0.50 1.75 4.68 1.00 0.00
0.50 1.75 4.85 1.00 0.00
0.50 1.75 5.03 1.00 0.00
0.50 1.75 5.20 1.00 0.00
0.50 1.75 5.38 1.00 0.00
0.50 1.75 5.55 1.00 0.00
0.50 1.75 5.73 1.00 0.00
0.50 1.75 5.90 1.00 0.00
0.50 1.75 6.08 1.00 0.00
0.50 1.75 6.25 1.00 0.00
0.50 1.75 6.43 1.00 0.00
0.50 1.75 6.60 1.00 0.00
0.50 1.75 6.77 1.00 0.00
0.50 1.75 6.95 1.00 0.00
0.50 1.75 7.12 1.00 0.00
0.50 1.75 7.30 1.00 0.00
0.70 1.75 4.39 1.00 0.00
0.70 1.75 4.56 1.00 0.00
0.70 1.75 4.74 1.00 0.00
0.70 1.75 4.91 1.00 0.00
0.70 1.75 5.09 1.00 0.00
0.70 1.75 5.26 1.00 0.00
0.70 1.75 5.44 1.00 0.00
0.70 1.75 5.61 1.00 0.00
0.70 1.75 5.79 1.00 0.00
0.70 1.75 5.96 1.00 0.00
0.70 1.75 6.14 1.00 0.00
0.70 1.75 6.31 1.00 0.00
0.70 1.75 6.48 1.00 0.00
0.70 1.75 6.66 1.00 0.00
0.70 1.75 6.83 1.00 0.00
0.70 1.75 7.01 1.00 0.00
0.70 1.75 7.18 1.00 0.00
0.70 1.75 7.36 1.00 0.00
0.90 1.75 4.45 1.00 0.00
0.90 1.75 4.62 1.00 0.00
0.90 1.75 4.80 1.00 0.00
0.90 1.75 4.97 1.00 0.00
0.90 1.75 5.15 1.00 0.00
0.90 1.75 5.32 1.00 0.00
0.90 1.75 5.50 1.00 0.00
0.90 1.75 5.67 1.00 0.00
0.90 1.75 5.85 1.00 0.00
0.90 1.75 6.02 1.00 0.00
0.90 1.75 6.20 1.00 0.00
0.90 1.75 6.37 1.00 0.00
0.90 1.75 6.54 1.00 0.00
0.90 1.75 6.72 1.00 0.00
0.90 1.75 6.89 1.00 0.00
0.90 1.75 7.07 1.00 0.00
0.90 1.75 7.24 1.00 0.00
0.90 1.75 7.42 1.00 0.00
1.10 1.75 4.51 1.00 0.00
1.10 1.75 4.69 1.00 0.00
1.10 1.75 4.86 1.00 0.00
1.10 1.75 5.04 1.00 0.00
1.10 1.75 5.21 1.00 0.00
1.10 1.75 5.38 1.00 0.00
1.10 1.75 5.56 1.00 0.00
1.10 1.75 5.73 1.00 0.00
1.10 1.75 5.91 1.00 0.00
1.10 1.75 6.08 1.00 0.00
1.10 1.75 6.26 1.00 0.00
1.10 1.75 6.43 1.00 0.00
1.10 1.75 6.61 1.00 0.00
1.10 1.75 6.78 1.00 0.00
1.10 1.75 6.95 1.00 0.00
1.10 1.75 7.13 1.00 0.00
1.10 1.75 7.30 1.00 0.00
1.10 1.75 7.48 1.00 0.00
0.30 1.92 4.28 1.00 0.00
0.30 1.92 4.45 1.00 0.00
0.30 1.92 4.62 1.00 0.00
0.30 1.92 4.80 1.00 0.00
0.30 1.92 4.97 1.00 0.00
0.30 1.92 5.15 1.00 0.00
0.30 1.92 5.32 1.00 0.00
0.30 1.92 5.50 1.00 0.00
0.30 1.92 5.67 1.00 0.00
0.30 1.92 5.85 1.00 0.00
0.30 1.92 6.02 1.00 0.00
0.30 1.92 6.20 1.00 0.00
0.30 1.92 6.37 1.00 0.00
0.30 1.92 6.54 1.00 0.00
0.30 1.92 6.72 1.00 0.00
0.30 1.92 6.89 1.00 0.00
0.30 1.92 7.07 1.00 0.00
0.30 1.92 7.24 1.00 0.00
0.50 1.92 4.33 1.00 0.00
0.50 1.92 4.51 1.00 0.00
0.50 1.92 4.68 1.00 0.00
0.50 1.92 4.86 1.00 0.00
0.50 1.92 5.03 1.00 0.00
0.50 1.92 5.21 1.00 0.00
0.50 1.92 5.38 1.00 0.00
0.50 1.92 5.56 1.00 0.00
0.50 1.92 5.73 1.00 0.00
0.50 1.92 5.90 1.00 0.00
0.50 1.92 6.08 1.00 0.00
0.50 1.92 6.25 1.00 0.00
0.50 1.92 6.43 1.00 0.00
0.50 1.92 6.60 1.00 0.00
0.50 1.92 6.78 1.00 0.00
0.50 1.92 6.95 1.00 0.00
0.50 1.92 7.13 1.00 0.00
0.50 1.92 7.30 1.00 0.00
0.70 1.92 4.39 1.00 0.00
0.70 1.92 4.57 1.00 0.00
0.70 1.92 4.74 1.00 0.00
0.70 1.92 4.92 1.00 0.00
0.70 1.92 5.09 1.00 0.00
0.70 1.92 5.26 1.00 0.00
0.70 1.92 5.44 1.00 0.00
0.70 1.92 5.61 1.00 0.00
0.70 1.92 5.79 1.00 0.00
0.70 1.92 5.96 1.00 0.00
0.70 1.92 6.14 1.00 0.00
0.70 1.92 6.31 1.00 0.00
0.70 1.92 6.49 1.00 0.00
0.70 1.92 6.66 1.00 0.00
0.70 1.92 6.84 1.00 0.00
0.70 1.92 7.01 1.00 0.00
0.70 1.92 7.18 1.00 0.00
0.70 1.92 7.36 1.00 0.00
0.90 1.92 4.45 1.00 0.00
0.90 1.92 4.62 1.00 0.00
0.90 1.92 4.80 1.00 0.00
0.90 1.92 4.97 1.00 0.00
0.90 1.92 5.15 1.00 0.00
0.90 1.92 5.32 1.00 0.00
0.90 1.92 5.50 1.00 0.00
0.90 1.92 5.67 1.00 0.00
0.90 1.92 5.85 1.00 0.00
0.90 1.92 6.02 1.00 0.00
0.90 1.92 6.20 1.00 0.00
0.90 1.92 6.37 1.00 0.00
0.90 1.92 6.54 1.00 0.00
0.90 1.92 6.72 1.00 0.00
0.90 1.92 6.89 1.00 0.00
0.90 1.92 7.07 1.00 0.00
0.90 1.92 7.24 1.00 0.00
0.90 1.92 7.42 1.00 0.00
1.10 1.92 4.51 1.00 0.00
1.10 1.92 4.68 1.00 0.00
1.10 1.92 4.86 1.00 0.00
1.10 1.92 5.03 1.00 0.00
1.10 1.92 5.21 1.00 0.00
1.10 1.92 5.38 1.00 0.00
1.10 1.92 5.56 1.00 0.00
1.10 1.92 5.73 1.00 0.00
1.10 1.92 5.90 1.00 0.00
1.10 1.92 6.08 1.00 0.00
1.10 1.92 6.25 1.00 0.00
1.10 1.92 6.43 1.00 0.00
1.10 1.92 6.60 1.00 0.00
1.10 1.92 6.78 1.00 0.00
1.10 1.92 6.95 1.00 0.00
1.10 1.92 7.13 1.00 0.00
1.10 1.92 7.30 1.00 0.00
1.10 1.92 7.48 1.00 0.00
0.30 2.09 4.28 1.00 0.00
0.30 2.09 4.45 1.00 0.00
0.30 2.09 4.62 1.00 0.00
0.30 2.09 4.80 1.00 0.00
0.30 2.09 4.97 1.00 0.00
0.30 2.09 5.15 1.00 0.00
0.30 2.09 5.32 1.00 0.00
0.30 2.09 5.50 1.00 0.00
0.30 2.09 5.67 1.00 0.00
0.30 2.09 5.85 1.00 0.00
0.30 2.09 6.02 1.00 0.00
0.30 2.09 6.20 1.00 0.00
0.30 2.09 6.37 1.00 0.00
0.30 2.09 6.54 1.00 0.00
0.30 2.09 6.72 1.00 0.00
0.30 2.09 6.89 1.00 0.00
0.30 2.09 7.07 1.00 0.00
0.30 2.09 7.24 1.00 0.00
0.50 2.09 4.33 1.00 0.00
0.50 2.09 4.51 1.00 0.00
0.50 2.09 4.68 1.00 0.00
0.50 2.09 4.86 1.00 0.00
0.50 2.09 5.03 1.00 0.00
0.50 2.09 5.21 1.00 0.00
0.50 2.09 5.38 1.00 0.00
0.50 2.09 5.55 1.00 0.00
0.50 2.09 5.73 1.00 0.00
0.50 2.09 5.90 1.00 0.00
0.50 2.09 6.08 1.00 0.00
0.50 2.09 6.25 1.00 0.00
0.50 2.09 6.43 1.00 0.00
0.50 2.09 6.60 1.00 0.00
0.50 2.09 6.78 1.00 0.00
0.50 2.09 6.95 1.00 0.00
0.50 2.09 7.12 1.00 0.00
0.50 2.09 7.30 1.00 0.00
0.70 2.09 4.39 1.00 0.00
0.70 2.09 4.56 1.00 0.00
0.70 2.09 4.74 1.00 0.00
0.70 2.09 4.91 1.00 0.00
0.70 2.09 5.09 1.00 0.00
0.70 2.09 5.26 1.00 0.00
0.70 2.09 5.44 1.00 0.00
0.70 2.09 5.61 1.00 0.00
0.70 2.09 5.78 1.00 0.00
0.70 2.09 5.96 1.00 0.00
0.70 2.09 6.13 1.00 0.00
0.70 2.09 6.31 1.00 0.00
0.70 2.09 6.48 1.00 0.00
0.70 2.09 6.66 1.00 0.00
0.70 2.09 6.83 1.00 0.00
0.70 2.09 7.01 1.00 0.00
0.70 2.09 7.18 1.00 0.00
0.70 2.09 7.36 1.00 0.00
0.90 2.09 4.44 1.00 0.00
0.90 2.09 4.62 1.00 0.00
0.90 2.09 4.79 1.00 0.00
0.90 2.09 4.97 1.00 0.00
0.90 2.09 5.14 1.00 0.00
0.90 2.09 5.32 1.00 0.00
0.90 2.09 5.49 1.00 0.00
0.90 2.09 5.66 1.00 0.00
0.90 2.09 5.84 1.00 0.00
0.90 2.09 6.01 1.00 0.00
0.90 2.09 6.19 1.00 0.00
0.90 2.09 6.36 1.00 0.00
0.90 2.09 6.54 1.00 0.00
0.90 2.09 6.71 1.00 0.00
0.90 2.09 6.89 1.00 0.00
0.90 2.09 7.06 1.00 0.00
0.90 2.09 7.24 1.00 0.00
0.90 2.09 7.41 1.00 0.00
1.10 2.09 4.50 1.00 0.00
1.10 2.09 4.67 1.00 0.00
1.10 2.09 4.85 1.00 0.00
1.10 2.09 5.02 1.00 0.00
1.10 2.09 5.19 1.00 0.00
1.10 2.09 5.37 1.00 0.00
1.10 2.09 5.54 1.00 0.00
1.10 2.09 5.72 1.00 0.00
1.10 2.09 5.89 1.00 0.00
1.10 2.09 6.07 1.00 0.00
1.10 2.09 6.24 1.00 0.00
1.10 2.09 6.42 1.00 0.00
1.10 2.09 6.59 1.00 0.00
1.10 2.09 6.76 1.00 0.00
1.10 2.09 6.94 1.00 0.00
1.10 2.09 7.11 1.00 0.00
1.10 2.09 7.29 1.00 0.00
1.10 2.09 7.46 1.00 0.00
0.30 2.27 4.27 1.00 0.00
0.30 2.27 4.45 1.00 0.00
0.30 2.27 4.62 1.00 0.00
0.30 2.27 4.80 1.00 0.00
0.30 2.27 4.97 1.00 0.00
0.30 2.27 5.15 1.00 0.00
0.30 2.27 5.32 1.00 0.00
0.30 2.27 5.49 1.00 0.00
0.30 2.27 5.67 1.00 0.00
0.30 2.27 5.84 1.00 0.00
0.30 2.27 6.02 1.00 0.00
0.30 2.27 6.19 1.00 0.00
0.30 2.27 6.37 1.00 0.00
0.30 2.27 6.54 1.00 0.00
0.30 2.27 6.72 1.00 0.00
0.30 2.27 6.89 1.00 0.00
0.30 2.27 7.07 1.00 0.00
0.30 2.27 7.24 1.00 0.00
0.50 2.27 4.33 1.00 0.00
0.50 2.27 4.50 1.00 0.00
0.50 2.27 4.68 1.00 0.00
0.50 2.27 4.85 1.00 0.00
0.50 2.27 5.02 1.00 0.00
0.50 2.27 5.20 1.00 0.00
0.50 2.27 5.37 1.00 0.00
0.50 2.27 5.55 1.00 0.00
0.50 2.27 5.72 1.00 0.00
0.50 2.27 5.90 1.00 0.00
0.50 2.27 6.07 1.00 0.00
0.50 2.27 6.25 1.00 0.00
0.50 2.27 6.42 1.00 0.00
0.50 2.27 6.60 1.00 0.00
0.50 2.27 6.77 1.00 0.00
0.50 2.27 6.94 1.00 0.00
0.50 2.27 7.12 1.00 0.00
0.50 2.27 7.29 1.00 0.00
0.70 2.27 4.38 1.00 0.00
0.70 2.27 4.55 1.00 0.00
0.70 2.27 4.73 1.00 0.00
0.70 2.27 4.90 1.00 0.00
0.70 2.27 5.08 1.00 0.00
0.70 2.27 5.25 1.00 0.00
0.70 2.27 5.43 1.00 0.00
0.70 2.27 5.60 1.00 0.00
0.70 2.27 5.78 1.00 0.00
0.70 2.27 5.95 1.00 0.00
0.70 2.27 6.12 1.00 0.00
0.70 2.27 6.30 1.00 0.00
0.70 2.27 6.47 1.00 0.00
0.70 2.27 6.65 1.00 0.00
0.70 2.27 6.82 1.00 0.00
0.70 2.27 7.00 1.00 0.00
0.70 2.27 7.17 1.00 0.00
0.70 2.27 7.35 1.00 0.00
0.90 2.27 4.43 1.00 0.00
0.90 2.27 4.60 1.00 0.00
0.90 2.27 4.78 1.00 0.00
0.90 2.27 4.95 1.00 0.00
0.90 2.27 5.13 1.00 0.00
0.90 2.27 5.30 1.00 0.00
0.90 2.27 5.48 1.00 0.00
0.90 2.27 5.65 1.00 0.00
0.90 2.27 5.83 1.00 0.00
0.90 2.27 6.00 1.00 0.00
0.90 2.27 6.17 1.00 0.00
0.90 2.27 6.35 1.00 0.00
0.90 2.27 6.52 1.00 0.00
0.90 2.27 6.70 1.00 0.00
0.90 2.27 6.87 1.00 0.00
0.90 2.27 7.05 1.00 0.00
0.90 2.27 7.22 1.00 0.00
0.90 2.27 7.40 1.00 0.00
1.10 2.27 4.48 1.00 0.00
1.10 2.27 4.65 1.00 0.00
1.10 2.27 4.83 1.00 0.00
1.10 2.27 5.00 1.00 0.00
1.10 2.27 5.17 1.00 0.00
1.10 2.27 5.35 1.00 0.00
1.10 2.27 5.52 1.00 0.00
1.10 2.27 5.70 1.00 0.00
1.10 2.27 5.87 1.00 0.00
1.10 2.27 6.05 1.00 0.00
1.10 2.27 6.22 1.00 0.00
1.10 2.27 6.40 1.00 0.00
1.10 2.27 6.57 1.00 0.00
1.10 2.27 6.75 1.00 0.00
1.10 2.27 6.92 1.00 0.00
1.10 2.27 7.09 1.00 0.00
1.10 2.27 7.27 1.00 0.00
1.10 2.27 7.44 1.00 0.00
0.30 2.44 4.27 1.00 0.00
0.30 2.44 4.44 1.00 0.00
0.30 2.44 4.62 1.00 0.00
0.30 2.44 4.79 1.00 0.00
0.30 2.44 4.97 1.00 0.00
0.30 2.44 5.14 1.00 0.00
0.30 2.44 5.32 1.00 0.00
0.30 2.44 5.49 1.00 0.00
0.30 2.44 5.66 1.00 0.00
0.30 2.44 5.84 1.00 0.00
0.30 2.44 6.01 1.00 0.00
0.30 2.44 6.19 1.00 0.00
0.30 2.44 6.36 1.00 0.00
0.30 2.44 6.54 1.00 0.00
0.30 2.44 6.71 1.00 0.00
0.30 2.44 6.89 1.00 0.00
0.30 2.44 7.06 1.00 0.00
0.30 2.44 7.24 1.00 0.00
0.50 2.44 4.32 1.00 0.00
0.50 2.44 4.49 1.00 0.00
0.50 2.44 4.67 1.00 0.00
0.50 2.44 4.84 1.00 0.00
0.50 2.44 5.02 1.00 0.00
0.50 2.44 5.19 1.00 0.00
0.50 2.44 5.36 1.00 0.00
0.50 2.44 5.54 1.00 0.00
0.50 2.44 5.71 1.00 0.00
0.50 2.44 5.89 1.00 0.00
0.50 2.44 6.06 1.00 0.00
0.50 2.44 6.24 1.00 0.00
0.50 2.44 6.41 1.00 0.00
0.50 2.44 6.59 1.00 0.00
0.50 2.44 6.76 1.00 0.00
0.50 2.44 6.94 1.00 0.00
0.50 2.44 7.11 1.00 0.00
0.50 2.44 7.28 1.00 0.00
0.70 2.44 4.36 1.00 0.00
0.70 2.44 4.54 1.00 0.00
0.70 2.44 4.71 1.00 0.00
0.70 2.44 4.89 1.00 0.00
0.70 2.44 5.06 1.00 0.00
0.70 2.44 5.24 1.00 0.00
0.70 2.44 5.41 1.00 0.00
0.70 2.44 5.59 1.00 0.00
0.70 2.44 5.76 1.00 0.00
0.70 2.44 5.94 1.00 0.00
0.70 2.44 6.11 1.00 0.00
0.70 2.44 6.28 1.00 0.00
0.70 2.44 6.46 1.00 0.00
0.70 2.44 6.63 1.00 0.00
0.70 2.44 6.81 1.00 0.00
0.70 2.44 6.98 1.00 0.00
0.70 2.44 7.16 1.00 0.00
0.70 2.44 7.33 1.00 0.00
0.90 2.44 4.41 1.00 0.00
0.90 2.44 4.58 1.00 0.00
0.90 2.44 4.76 1.00 0.00
0.90 2.44 4.93 1.00 0.00
0.90 2.44 5.11 1.00 0.00
0.90 2.44 5.28 1.00 0.00
0.90 2.44 5.46 1.00 0.00
0.90 2.44 5.63 1.00 0.00
0.90 2.44 5.81 1.00 0.00
0.90 2.44 5.98 1.00 0.00
0.90 2.44 6.15 1.00 0.00
0.90 2.44 6.33 1.00 0.00
0.90 2.44 6.50 1.00 0.00
0.90 2.44 6.68 1.00 0.00
0.90 2.44 6.85 1.00 0.00
0.90 2.44 7.03 1.00 0.00
0.90 2.44 7.20 1.00 0.00
0.90 2.44 7.38 1.00 0.00
1.10 2.44 4.45 1.00 0.00
1.10 2.44 4.63 1.00 0.00
1.10 2.44 4.80 1.00 0.00
1.10 2.44 4.98 1.00 0.00
1.10 2.44 5.15 1.00 0.00
1.10 2.44 5.32 1.00 0.00
1.10 2.44 5.50 1.00 0.00
1.10 2.44 5.67 1.00 0.00
1.10 2.44 5.85 1.00 0.00
1.10 2.44 6.02 1.00 0.00
1.10 2.44 6.20 1.00 0.00
1.10 2.44 6.37 1.00 0.00
1.10 2.44 6.55 1.00 0.00
1.10 2.44 6.72 1.00 0.00
1.10 2.44 6.90 1.00 0.00
1.10 2.44 7.07 1.00 0.00
1.10 2.44 7.24 1.00 0.00
1.10 2.44 7.42 1.00 0.00
0.30 2.62 4.26 1.00 0.00
0.30 2.62 4.44 1.00 0.00
0.30 2.62 4.61 1.00 0.00
0.30 2.62 4.78 1.00 0.00
0.30 2.62 4.96 1.00 0.00
0.30 2.62 5.13 1.00 0.00
0.30 2.62 5.31 1.00 0.00
0.30 2.62 5.48 1.00 0.00
0.30 2.62 5.66 1.00 0.00
0.30 2.62 5.83 1.00 0.00
0.30 2.62 6.01 1.00 0.00
0.30 2.62 6.18 1.00 0.00
0.30 2.62 6.36 1.00 0.00
0.30 2.62 6.53 1.00 0.00
0.30 2.62 6.70 1.00 0.00
0.30 2.62 6.88 1.00 0.00
0.30 2.62 7.05 1.00 0.00
0.30 2.62 7.23 1.00 0.00
0.50 2.62 4.31 1.00 0.00
0.50 2.62 4.48 1.00 0.00
0.50 2.62 4.65 1.00 0.00
0.50 2.62 4.83 1.00 0.00
0.50 2.62 5.00 1.00 0.00
0.50 2.62 5.18 1.00 0.00
0.50 2.62 5.35 1.00 0.00
0.50 2.62 5.53 1.00 0.00
0.50 2.62 5.70 1.00 0.00
0.50 2.62 5.88 1.00 0.00
0.50 2.62 6.05 1.00 0.00
0.50 2.62 6.23 1.00 0.00
0.50 2.62 6.40 1.00 0.00
0.50 2.62 6.57 1.00 0.00
0.50 2.62 6.75 1.00 0.00
0.50 2.62 6.92 1.00 0.00
0.50 2.62 7.10 1.00 0.00
0.50 2.62 7.27 1.00 0.00
0.70 2.62 4.35 1.00 0.00
0.70 2.62 4.52 1.00 0.00
0.70 2.62 4.70 1.00 0.00
0.70 2.62 4.87 1.00 0.00
0.70 2.62 5.04 1.00 0.00
0.70 2.62 5.22 1.00 0.00
0.70 2.62 5.39 1.00 0.00
0.70 2.62 5.57 1.00 0.00
0.70 2.62 5.74 1.00 0.00
0.70 2.62 5.92 1.00 0.00
0.70 2.62 6.09 1.00 0.00
0.70 2.62 6.27 1.00 0.00
0.70 2.62 6.44 1.00 0.00
0.70 2.62 6.62 1.00 0.00
0.70 2.62 6.79 1.00 0.00
0.70 2.62 6.96 1.00 0.00
0.70 2.62 7.14 1.00 0.00
0.70 2.62 7.31 1.00 0.00
0.90 2.62 4.39 1.00 0.00
0.90 2.62 4.56 1.00 0.00
0.90 2.62 4.73 1.00 0.00
0.90 2.62 4.91 1.00 0.00
0.90 2.62 5.08 1.00 0.00
0.90 2.62 5.26 1.00 0.00
0.90 2.62 5.43 1.00 0.00
0.90 2.62 5.61 1.00 0.00
0.90 2.62 5.78 1.00 0.00
0.90 2.62 5.96 1.00 0.00
0.90 2.62 6.13 1.00 0.00
0.90 2.62 6.31 1.00 0.00
0.90 2.62 6.48 1.00 0.00
0.90 2.62 6.65 1.00 0.00
0.90 2.62 6.83 1.00 0.00
0.90 2.62 7.00 1.00 0.00
0.90 2.62 7.18 1.00 0.00
0.90 2.62 7.35 1.00 0.00
1.10 2.62 4.42 1.00 0.00
1.10 2.62 4.60 1.00 0.00
1.10 2.62 4.77 1.00 0.00
1.10 2.62 4.95 1.00 0.00
1.10 2.62 5.12 1.00 0.00
1.10 2.62 5.29 1.00 0.00
1.10 2.62 5.47 1.00 0.00
1.10 2.62 5.64 1.00 0.00
1.10 2.62 5.82 1.00 0.00
1.10 2.62 5.99 1.00 0.00
1.10 2.62 6.17 1.00 0.00
1.10 2.62 6.34 1.00 0.00
1.10 2.62 6.52 1.00 0.00
1.10 2.62 6.69 1.00 0.00
1.10 2.62 6.87 1.00 0.00
1.10 2.62 7.04 1.00 0.00
1.10 2.62 7.21 1.00 0.00
1.10 2.62 7.39 1.00 0.00
0.30 2.79 4.25 1.00 0.00
0.30 2.79 4.43 1.00 0.00
0.30 2.79 4.60 1.00 0.00
0.30 2.79 4.78 1.00 0.00
0.30 2.79 4.95 1.00 0.00
0.30 2.79 5.12 1.00 0.00
0.30 2.79 5.30 1.00 0.00
0.30 2.79 5.47 1.00 0.00
0.30 2.79 5.65 1.00 0.00
0.30 2.79 5.82 1.00 0.00
0.30 2.79 6.00 1.00 0.00
0.30 2.79 6.17 1.00 0.00
0.30 2.79 6.35 1.00 0.00
0.30 2.79 6.52 1.00 0.00
0.30 2.79 6.70 1.00 0.00
0.30 2.79 6.87 1.00 0.00
0.30 2.79 7.04 1.00 0.00
0.30 2.79 7.22 1.00 0.00
0.50 2.79 4.29 1.00 0.00
0.50 2.79 4.46 1.00 0.00
0.50 2.79 4.64 1.00 0.00
0.50 2.79 4.81 1.00 0.00
0.50 2.79 4.99 1.00 0.00
0.50 2.79 5.16 1.00 0.00
0.50 2.79 5.34 1.00 0.00
0.50 2.79 5.51 1.00 0.00
0.50 2.79 5.69 1.00 0.00
0.50 2.79 5.86 1.00 0.00
0.50 2.79 6.04 1.00 0.00
0.50 2.79 6.21 1.00 0.00
0.50 2.79 6.38 1.00 0.00
0.50 2.79 6.56 1.00 0.00
0.50 2.79 6.73 1.00 0.00
0.50 2.79 6.91 1.00 0.00
0.50 2.79 7.08 1.00 0.00
0.50 2.79 7.26 1.00 0.00
0.70 2.79 4.33 1.00 0.00
0.70 2.79 4.50 1.00 0.00
0.70 2.79 4.67 1.00 0.00
0.70 2.79 4.85 1.00 0.00
0.70 2.79 5.02 1.00 0.00
0.70 2.79 5.20 1.00 0.00
0.70 2.79 5.37 1.00 0.00
0.70 2.79 5.55 1.00 0.00
0.70 2.79 5.72 1.00 0.00
0.70 2.79 5.90 1.00 0.00
0.70 2.79 6.07 1.00 0.00
0.70 2.79 6.25 1.00 0.00
0.70 2.79 6.42 1.00 0.00
0.70 2.79 6.59 1.00 0.00
0.70 2.79 6.77 1.00 0.00
0.70 2.79 6.94 1.00 0.00
0.70 2.79 7.12 1.00 0.00
0.70 2.79 7.29 1.00 0.00
0.90 2.79 4.36 1.00 0.00
0.90 2.79 4.53 1.00 0.00
0.90 2.79 4.71 1.00 0.00
0.90 2.79 4.88 1.00 0.00
0.90 2.79 5.06 1.00 0.00
0.90 2.79 5.23 1.00 0.00
0.90 2.79 5.41 1.00 0.00
0.90 2.79 5.58 1.00 0.00
0.90 2.79 5.75 1.00 0.00
0.90 2.79 5.93 1.00 0.00
0.90 2.79 6.10 1.00 0.00
0.90 2.79 6.28 1.00 0.00
0.90 2.79 6.45 1.00 0.00
0.90 2.79 6.63 1.00 0.00
0.90 2.79 6.80 1.00 0.00
0.90 2.79 6.98 1.00 0.00
0.90 2.79 7.15 1.00 0.00
0.90 2.79 7.32 1.00 0.00
1.10 2.79 4.39 1.00 0.00
1.10 2.79 4.56 1.00 0.00
1.10 2.79 4.74 1.00 0.00
1.10 2.79 4.91 1.00 0.00
1.10 2.79 5.09 1.00 0.00
1.10 2.79 5.26 1.00 0.00
1.10 2.79 5.44 1.00 0.00
1.10 2.79 5.61 1.00 0.00
1.10 2.79 5.78 1.00 0.00
1.10 2.79 5.96 1.00 0.00
1.10 2.79 6.13 1.00 0.00
1.10 2.79 6.31 1.00 0.00
1.10 2.79 6.48 1.00 0.00
1.10 2.79 6.66 1.00 0.00
1.10 2.79 6.83 1.00 0.00
1.10 2.79 7.01 1.00 0.00
1.10 2.79 7.18 1.00 0.00
1.10 2.79 7.36 1.00 0.00
0.30 2.97 4.24 1.00 0.00
0.30 2.97 4.42 1.00 0.00
0.30 2.97 4.59 1.00 0.00
0.30 2.97 4.77 1.00 0.00
0.30 2.97 4.94 1.00 0.00
0.30 2.97 5.11 1.00 0.00
0.30 2.97 5.29 1.00 0.00
0.30 2.97 5.46 1.00 0.00
0.30 2.97 5.64 1.00 0.00
0.30 2.97 5.81 1.00 0.00
0.30 2.97 5.99 1.00 0.00
0.30 2.97 6.16 1.00 0.00
0.30 2.97 6.34 1.00 0.00
0.30 2.97 6.51 1.00 0.00
0.30 2.97 6.68 1.00 0.00
0.30 2.97 6.86 1.00 0.00
0.30 2.97 7.03 1.00 0.00
0.30 2.97 7.21 1.00 0.00
0.50 2.97 4.27 1.00 0.00
0.50 2.97 4.45 1.00 0.00
0.50 2.97 4.62 1.00 0.00
0.50 2.97 4.80 1.00 0.00
0.50 2.97 4.97 1.00 0.00
0.50 2.97 5.15 1.00 0.00
0.50 2.97 5.32 1.00 0.00
0.50 2.97 5.49 1.00 0.00
0.50 2.97 5.67 1.00 0.00
0.50 2.97 5.84 1.00 0.00
0.50 2.97 6.02 1.00 0.00
0.50 2.97 6.19 1.00 0.00
0.50 2.97 6.37 1.00 0.00
0.50 2.97 6.54 1.00 0.00
0.50 2.97 6.72 1.00 0.00
0.50 2.97 6.89 1.00 0.00
0.50 2.97 7.07 1.00 0.00
0.50 2.97 7.24 1.00 0.00
0.70 2.97 4.30 1.00 0.00
0.70 2.97 4.48 1.00 0.00
0.70 2.97 4.65 1.00 0.00
0.70 2.97 4.82 1.00 0.00
0.70 2.97 5.00 1.00 0.00
0.70 2.97 5.17 1.00 0.00
0.70 2.97 5.35 1.00 0.00
0.70 2.97 5.52 1.00 0.00
0.70 2.97 5.70 1.00 0.00
0.70 2.97 5.87 1.00 0.00
0.70 2.97 6.05 1.00 0.00
0.70 2.97 6.22 1.00 0.00
0.70 2.97 6.40 1.00 0.00
0.70 2.97 6.57 1.00 0.00
0.70 2.97 6.74 1.00 0.00
0.70 2.97 6.92 1.00 0.00
0.70 2.97 7.09 1.00 0.00
0.70 2.97 7.27 1.00 0.00
0.90 2.97 4.33 1.00 0.00
0.90 2.97 4.50 1.00 0.00
0.90 2.97 4.68 1.00 0.00
0.90 2.97 4.85 1.00 0.00
0.90 2.97 5.03 1.00 0.00
0.90 2.97 5.20 1.00 0.00
0.90 2.97 5.37 1.00 0.00
0.90 2.97 5.55 1.00 0.00
0.90 2.97 5.72 1.00 0.00
0.90 2.97 5.90 1.00 0.00
0.90 2.97 6.07 1.00 0.00
0.90 2.97 6.25 1.00 0.00
0.90 2.97 6.42 1.00 0.00
0.90 2.97 6.60 1.00 0.00
0.90 2.97 6.77 1.00 0.00
0.90 2.97 6.95 1.00 0.00
0.90 2.97 7.12 1.00 0.00
0.90 2.97 7.29 1.00 0.00
1.10 2.97 4.35 1.00 0.00
1.10 2.97 4.53 1.00 0.00
1.10 2.97 4.70 1.00 0.00
1.10 2.97 4.88 1.00 0.00
1.10 2.97 5.05 1.00 0.00
1.10 2.97 5.22 1.00 0.00
1.10 2.97 5.40 1.00 0.00
1.10 2.97 5.57 1.00 0.00
1.10 2.97 5.75 1.00 0.00
1.10 2.97 5.92 1.00 0.00
1.10 2.97 6.10 1.00 0.00
1.10 2.97 6.27 1.00 0.00
1.10 2.97 6.45 1.00 0.00
1.10 2.97 6.62 1.00 0.00
1.10 2.97 6.80 1.00 0.00
1.10 2.97 6.97 1.00 0.00
1.10 2.97 7.14 1.00 0.00
1.10 2.97 7.32 1.00 0.00
0.30 3.14 4.23 1.00 0.00
0.30 3.14 4.40 1.00 0.00
0.30 3.14 4.58 1.00 0.00
0.30 3.14 4.75 1.00 0.00
0.30 3.14 4.93 1.00 0.00
0.30 3.14 5.10 1.00 0.00
0.30 3.14 5.28 1.00 0.00
0.30 3.14 5.45 1.00 0.00
0.30 3.14 5.63 1.00 0.00
0.30 3.14 5.80 1.00 0.00
0.30 3.14 5.97 1.00 0.00
0.30 3.14 6.15 1.00 0.00
0.30 3.14 6.32 1.00 0.00
0.30 3.14 6.50 1.00 0.00
0.30 3.14 6.67 1.00 0.00
0.30 3.14 6.85 1.00 0.00
0.30 3.14 7.02 1.00 0.00
0.30 3.14 7.20 1.00 0.00
0.50 3.14 4.25 1.00 0.00
0.50 3.14 4.43 1.00 0.00
0.50 3.14 4.60 1.00 0.00
0.50 3.14 4.78 1.00 0.00
0.50 3.14 4.95 1.00 0.00
0.50 3.14 5.13 1.00 0.00
0.50 3.14 5.30 1.00 0.00
0.50 3.14 5.48 1.00 0.00
0.50 3.14 5.65 1.00 0.00
0.50 3.14 5.82 1.00 0.00
0.50 3.14 6.00 1.00 0.00
0.50 3.14 6.17 1.00 0.00
0.50 3.14 6.35 1.00 0.00
0.50 3.14 6.52 1.00 0.00
0.50 3.14 6.70 1.00 0.00
0.50 3.14 6.87 1.00 0.00
0.50 3.14 7.05 1.00 0.00
0.50 3.14 7.22 1.00 0.00
0.70 3.14 4.27 1.00 0.00
0.70 3.14 4.45 1.00 0.00
0.70 3.14 4.62 1.00 0.00
0.70 3.14 4.80 1.00 0.00
0.70 3.14 4.97 1.00 0.00
0.70 3.14 5.15 1.00 0.00
0.70 3.14 5.32 1.00 0.00
0.70 3.14 5.50 1.00 0.00
0.70 3.14 5.67 1.00 0.00
0.70 3.14 5.85 1.00 0.00
0.70 3.14 6.02 1.00 0.00
0.70 3.14 6.19 1.00 0.00
0.70 3.14 6.37 1.00 0.00
0.70 3.14 6.54 1.00 0.00
0.70 3.14 6.72 1.00 0.00
0.70 3.14 6.89 1.00 0.00
0.70 3.14 7.07 1.00 0.00
0.70 3.14 7.24 1.00 0.00
0.90 3.14 4.29 1.00 0.00
0.90 3.14 4.47 1.00 0.00
0.90 3.14 4.64 1.00 0.00
0.90 3.14 4.82 1.00 0.00
0.90 3.14 4.99 1.00 0.00
0.90 3.14 5.17 1.00 0.00
0.90 3.14 5.34 1.00 0.00
0.90 3.14 5.52 1.00 0.00
0.90 3.14 5.69 1.00 0.00
0.90 3.14 5.87 1.00 0.00
0.90 3.14 6.04 1.00 0.00
0.90 3.14 6.21 1.00 0.00
0.90 3.14 6.39 1.00 0.00
0.90 3.14 6.56 1.00 0.00
0.90 3.14 6.74 1.00 0.00
0.90 3.14 6.91 1.00 0.00
0.90 3.14 7.09 1.00 0.00
0.90 3.14 7.26 1.00 0.00
1.10 3.14 4.31 1.00 0.00
1.10 3.14 4.49 1.00 0.00
1.10 3.14 4.66 1.00 0.00
1.10 3.14 4.84 1.00 0.00
1.10 3.14 5.01 1.00 0.00
1.10 3.14 5.19 1.00 0.00
1.10 3.14 5.36 1.00 0.00
1.10 3.14 5.53 1.00 0.00
1.10 3.14 5.71 1.00 0.00
1.10 3.14 5.88 1.00 0.00
1.10 3.14 6.06 1.00 0.00
1.10 3.14 6.23 1.00 0.00
1.10 3.14 6.41 1.00 0.00
1.10 3.14 6.58 1.00 0.00
1.10 3.14 6.76 1.00 0.00
1.10 3.14 6.93 1.00 0.00
1.10 3.14 7.11 1.00 0.00
1.10 3.14 7.28 1.00 0.00
0.30 3.32 4.22 1.00 0.00
0.30 3.32 4.39 1.00 0.00
0.30 3.32 4.57 1.00 0.00
0.30 3.32 4.74 1.00 0.00
0.30 3.32 4.91 1.00 0.00
0.30 3.32 5.09 1.00 0.00
0.30 3.32 5.26 1.00 0.00
0.30 3.32 5.44 1.00 0.00
0.30 3.32 5.61 1.00 0.00
0.30 3.32 5.79 1.00 0.00
0.30 3.32 5.96 1.00 0.00
0.30 3.32 6.14 1.00 0.00
0.30 3.32 6.31 1.00 0.00
0.30 3.32 6.49 1.00 0.00
0.30 3.32 6.66 1.00 0.00
0.30 3.32 6.83 1.00 0.00
0.30 3.32 7.01 1.00 0.00
0.30 3.32 7.18 1.00 0.00
0.50 3.32 4.23 1.00 0.00
0.50 3.32 4.41 1.00 0.00
0.50 3.32 4.58 1.00 0.00
0.50 3.32 4.76 1.00 0.00
0.50 3.32 4.93 1.00 0.00
0.50 3.32 5.11 1.00 0.00
0.50 3.32 5.28 1.00 0.00
0.50 3.32 5.45 1.00 0.00
0.50 3.32 5.63 1.00 0.00
0.50 3.32 5.80 1.00 0.00
0.50 3.32 5.98 1.00 0.00
0.50 3.32 6.15 1.00 0.00
0.50 3.32 6.33 1.00 0.00
0.50 3.32 6.50 1.00 0.00
0.50 3.32 6.68 1.00 0.00
0.50 3.32 6.85 1.00 0.00
0.50 3.32 7.03 1.00 0.00
0.50 3.32 7.20 1.00 0.00
0.70 3.32 4.25 1.00 0.00
0.70 3.32 4.42 1.00 0.00
0.70 3.32 4.60 1.00 0.00
0.70 3.32 4.77 1.00 0.00
0.70 3.32 4.95 1.00 0.00
0.70 3.32 5.12 1.00 0.00
0.70 3.32 5.29 1.00 0.00
0.70 3.32 5.47 1.00 0.00
0.70 3.32 5.64 1.00 0.00
0.70 3.32 5.82 1.00 0.00
0.70 3.32 5.99 1.00 0.00
0.70 3.32 6.17 1.00 0.00
0.70 3.32 6.34 1.00 0.00
0.70 3.32 6.52 1.00 0.00
0.70 3.32 6.69 1.00 0.00
0.70 3.32 6.87 1.00 0.00
0.70 3.32 7.04 1.00 0.00
0.70 3.32 7.21 1.00 0.00
0.90 3.32 4.26 1.00 0.00
0.90 3.32 4.44 1.00 0.00
0.90 3.32 4.61 1.00 0.00
0.90 3.32 4.78 1.00 0.00
0.90 3.32 4.96 1.00 0.00
0.90 3.32 5.13 1.00 0.00
0.90 3.32 5.31 1.00 0.00
0.90 3.32 5.48 1.00 0.00
0.90 3.32 5.66 1.00 0.00
0.90 3.32 5.83 1.00 0.00
0.90 3.32 6.01 1.00 0.00
0.90 3.32 6.18 1.00 0.00
0.90 3.32 6.35 1.00 0.00
0.90 3.32 6.53 1.00 0.00
0.90 3.32 6.70 1.00 0.00
0.90 3.32 6.88 1.00 0.00
0.90 3.32 7.05 1.00 0.00
0.90 3.32 7.23 1.00 0.00
1.10 3.32 4.27 1.00 0.00
1.10 3.32 4.45 1.00 0.00
1.10 3.32 4.62 1.00 0.00
1.10 3.32 4.80 1.00 0.00
1.10 3.32 4.97 1.00 0.00
1.10 3.32 5.15 1.00 0.00
1.10 3.32 5.32 1.00 0.00
1.10 3.32 5.49 1.00 0.00
1.10 3.32 5.67 1.00 0.00
1.10 3.32 5.84 1.00 0.00
1.10 3.32 6.02 1.00 0.00
1.10 3.32 6.19 1.00 0.00
1.10 3.32 6.37 1.00 0.00
1.10 3.32 6.54 1.00 0.00
1.10 3.32 6.72 1.00 0.00
1.10 3.32 6.89 1.00 0.00
1.10 3.32 7.07 1.00 0.00
1.10 3.32 7.24 1.00 0.00
0.30 3.49 4.20 1.00 0.00
0.30 3.49 4.38 1.00 0.00
0.30 3.49 4.55 1.00 0.00
0.30 3.49 4.73 1.00 0.00
0.30 3.49 4.90 1.00 0.00
0.30 3.49 5.08 1.00 0.00
0.30 3.49 5.25 1.00 0.00
0.30 3.49 5.42 1.00 0.00
0.30 3.49 5.60 1.00 0.00
0.30 3.49 5.77 1.00 0.00
0.30 3.49 5.95 1.00 0.00
0.30 3.49 6.12 1.00 0.00
0.30 3.49 6.30 1.00 0.00
0.30 3.49 6.47 1.00 0.00
0.30 3.49 6.65 1.00 0.00
0.30 3.49 6.82 1.00 0.00
0.30 3.49 7.00 1.00 0.00
0.30 3.49 7.17 1.00 0.00
0.50 3.49 4.21 1.00 0.00
0.50 3.49 4.39 1.00 0.00
0.50 3.49 4.56 1.00 0.00
0.50 3.49 4.73 1.00 0.00
0.50 3.49 4.91 1.00 0.00
0.50 3.49 5.08 1.00 0.00
0.50 3.49 5.26 1.00 0.00
0.50 3.49 5.43 1.00 0.00
0.50 3.49 5.61 1.00 0.00
0.50 3.49 5.78 1.00 0.00
0.50 3.49 5.96 1.00 0.00
0.50 3.49 6.13 1.00 0.00
0.50 3.49 6.31 1.00 0.00
0.50 3.49 6.48 1.00 0.00
0.50 3.49 6.65 1.00 0.00
0.50 3.49 6.83 1.00 0.00
0.50 3.49 7.00 1.00 0.00
0.50 3.49 7.18 1.00 0.00
0.70 3.49 4.22 1.00 0.00
0.70 3.49 4.39 1.00 0.00
0.70 3.49 4.57 1.00 0.00
0.70 3.49 4.74 1.00 0.00
0.70 3.49 4.92 1.00 0.00
0.70 3.49 5.09 1.00 0.00
0.70 3.49 5.27 1.00 0.00
0.70 3.49 5.44 1.00 0.00
0.70 3.49 5.61 1.00 0.00
0.70 3.49 5.79 1.00 0.00
0.70 3.49 5.96 1.00 0.00
0.70 3.49 6.14 1.00 0.00
0.70 3.49 6.31 1.00 0.00
0.70 3.49 6.49 1.00 0.00
0.70 3.49 6.66 1.00 0.00
0.70 3.49 6.84 1.00 0.00
0.70 3.49 7.01 1.00 0.00
0.70 3.49 7.19 1.00 0.00
0.90 3.49 4.23 1.00 0.00
0.90 3.49 4.40 1.00 0.00
0.90 3.49 4.57 1.00 0.00
0.90 3.49 4.75 1.00 0.00
0.90 3.49 4.92 1.00 0.00
0.90 3.49 5.10 1.00 0.00
0.90 3.49 5.27 1.00 0.00
0.90 3.49 5.45 1.00 0.00
0.90 3.49 5.62 1.00 0.00
0.90 3.49 5.80 1.00 0.00
0.90 3.49 5.97 1.00 0.00
0.90 3.49 6.15 1.00 0.00
0.90 3.49 6.32 1.00 0.00
0.90 3.49 6.49 1.00 0.00
0.90 3.49 6.67 1.00 0.00
0.90 3.49 6.84 1.00 0.00
0.90 3.49 7.02 1.00 0.00
0.90 3.49 7.19 1.00 0.00
1.10 3.49 4.23 1.00 0.00
1.10 3.49 4.41 1.00 0.00
1.10 3.49 4.58 1.00 0.00
1.10 3.49 4.75 1.00 0.00
1.10 3.49 4.93 1.00 0.00
1.10 3.49 5.10 1.00 0.00
1.10 3.49 5.28 1.00 0.00
1.10 3.49 5.45 1.00 0.00
1.10 3.49 5.63 1.00 0.00
1.10 3.49 5.80 1.00 0.00
1.10 3.49 5.98 1.00 0.00
1.10 3.49 6.15 1.00 0.00
1.10 3.49 6.33 1.00 0.00
1.10 3.49 6.50 1.00 0.00
1.10 3.49 6.67 1.00 0.00
1.10 3.49 6.85 1.00 0.00
1.10 3.49 7.02 1.00 0.00
1.10 3.49 7.20 1.00 0.00
0.30 3.67 10.47 1.00 0.00
0.30 3.67 10.65 1.00 0.00
0.30 3.67 10.82 1.00 0.00
0.30 3.67 11.00 1.00 0.00
0.30 3.67 11.17 1.00 0.00
0.30 3.67 11.35 1.00 0.00
0.30 3.67 11.52 1.00 0.00
0.30 3.67 11.69 1.00 0.00
0.30 3.67 11.87 1.00 0.00
0.30 3.67 12.04 1.00 0.00
0.30 3.67 12.22 1.00 0.00
0.30 3.67 12.39 1.00 0.00
0.30 3.67 12.57 1.00 0.00
0.30 3.67 12.74 1.00 0.00
0.30 3.67 12.92 1.00 0.00
0.30 3.67 13.09 1.00 0.00
0.30 3.67 13.27 1.00 0.00
0.30 3.67 13.44 1.00 0.00
0.50 3.67 10.47 1.00 0.00
0.50 3.67 10.65 1.00 0.00
0.50 3.67 10.82 1.00 0.00
0.50 3.67 11.00 1.00 0.00
0.50 3.67 11.17 1.00 0.00
0.50 3.67 11.35 1.00 0.00
0.50 3.67 11.52 1.00 0.00
0.50 3.67 11.69 1.00 0.00
0.50 3.67 11.87 1.00 0.00
0.50 3.67 12.04 1.00 0.00
0.50 3.67 12.22 1.00 0.00
0.50 3.67 12.39 1.00 0.00
0.50 3.67 12.57 1.00 0.00
0.50 3.67 12.74 1.00 0.00
0.50 3.67 12.92 1.00 0.00
0.50 3.67 13.09 1.00 0.00
0.50 3.67 13.27 1.00 0.00
0.50 3.67 13.44 1.00 0.00
0.70 3.67 10.47 1.00 0.00
0.70 3.67 10.65 1.00 0.00
0.70 3.67 10.82 1.00 0.00
0.70 3.67 11.00 1.00 0.00
0.70 3.67 11.17 1.00 0.00
0.70 3.67 11.35 1.00 0.00
0.70 3.67 11.52 1.00 0.00
0.70 3.67 11.69 1.00 0.00
0.70 3.67 11.87 1.00 0.00
0.70 3.67 12.04 1.00 0.00
0.70 3.67 12.22 1.00 0.00
0.70 3.67 12.39 1.00 0.00
0.70 3.67 12.57 1.00 0.00
0.70 3.67 12.74 1.00 0.00
0.70 3.67 12.92 1.00 0.00
0.70 3.67 13.09 1.00 0.00
0.70 3.67 13.27 1.00 0.00
0.70 3.67 13.44 1.00 0.00
0.90 3.67 10.47 1.00 0.00
0.90 3.67 10.65 1.00 0.00
0.90 3.67 10.82 1.00 0.00
0.90 3.67 11.00 1.00 0.00
0.90 3.67 11.17 1.00 0.00
0.90 3.67 11.35 1.00 0.00
0.90 3.67 11.52 1.00 0.00
0.90 3.67 11.69 1.00 0.00
0.90 3.67 11.87 1.00 0.00
0.90 3.67 12.04 1.00 0.00
0.90 3.67 12.22 1.00 0.00
0.90 3.67 12.39 1.00 0.00
0.90 3.67 12.57 1.00 0.00
0.90 3.67 12.74 1.00 0.00
0.90 3.67 12.92 1.00 0.00
0.90 3.67 13.09 1.00 0.00
0.90 3.67 13.27 1.00 0.00
0.90 3.67 13.44 1.00 0.00
1.10 3.67 10.47 1.00 0.00
1.10 3.67 10.65 1.00 0.00
1.10 3.67 10.82 1.00 0.00
1.10 3.67 11.00 1.00 0.00
1.10 3.67 11.17 1.00 0.00
1.10 3.67 11.35 1.00 0.00
1.10 3.67 11.52 1.00 0.00
1.10 3.67 11.69 1.00 0.00
1.10 3.67 11.87 1.00 0.00
1.10 3.67 12.04 1.00 0.00
1.10 3.67 12.22 1.00 0.00
1.10 3.67 12.39 1.00 0.00
1.10 3.67 12.57 1.00 0.00
1.10 3.67 12.74 1.00 0.00
1.10 3.67 12.92 1.00 0.00
1.10 3.67 13.09 1.00 0.00
1.10 3.67 13.27 1.00 0.00
1.10 3.67 13.44 1.00 0.00
0.30 3.84 10.46 1.00 0.00
0.30 3.84 10.63 1.00 0.00
0.30 3.84 10.81 1.00 0.00
0.30 3.84 10.98 1.00 0.00
0.30 3.84 11.16 1.00 0.00
0.30 3.84 11.33 1.00 0.00
0.30 3.84 11.51 1.00 0.00
0.30 3.84 11.68 1.00 0.00
0.30 3.84 11.86 1.00 0.00
0.30 3.84 12.03 1.00 0.00
0.30 3.84 12.20 1.00 0.00
0.30 3.84 12.38 1.00 0.00
0.30 3.84 12.55 1.00 0.00
0.30 3.84 12.73 1.00 0.00
0.30 3.84 12.90 1.00 0.00
0.30 3.84 13.08 1.00 0.00
0.30 3.84 13.25 1.00 0.00
0.30 3.84 13.43 1.00 0.00
0.50 3.84 10.45 1.00 0.00
0.50 3.84 10.63 1.00 0.00
0.50 3.84 10.80 1.00 0.00
0.50 3.84 10.97 1.00 0.00
0.50 3.84 11.15 1.00 0.00
0.50 3.84 11.32 1.00 0.00
0.50 3.84 11.50 1.00 0.00
0.50 3.84 11.67 1.00 0.00
0.50 3.84 11.85 1.00 0.00
0.50 3.84 12.02 1.00 0.00
0.50 3.84 12.20 1.00 0.00
0.50 3.84 12.37 1.00 0.00
0.50 3.84 12.55 1.00 0.00
0.50 3.84 12.72 1.00 0.00
0.50 3.84 12.89 1.00 0.00
0.50 3.84 13.07 1.00 0.00
0.50 3.84 13.24 1.00 0.00
0.50 3.84 13.42 1.00 0.00
0.70 3.84 10.44 1.00 0.00
0.70 3.84 10.62 1.00 0.00
0.70 3.84 10.79 1.00 0.00
0.70 3.84 10.97 1.00 0.00
0.70 3.84 11.14 1.00 0.00
0.70 3.84 11.32 1.00 0.00
0.70 3.84 11.49 1.00 0.00
0.70 3.84 11.67 1.00 0.00
0.70 3.84 11.84 1.00 0.00
0.70 3.84 12.01 1.00 0.00
0.70 3.84 12.19 1.00 0.00
0.70 3.84 12.36 1.00 0.00
0.70 3.84 12.54 1.00 0.00
0.70 3.84 12.71 1.00 0.00
0.70 3.84 12.89 1.00 0.00
0.70 3.84 13.06 1.00 0.00
0.70 3.84 13.24 1.00 0.00
0.70 3.84 13.41 1.00 0.00
0.90 3.84 10.44 1.00 0.00
0.90 3.84 10.61 1.00 0.00
0.90 3.84 10.79 1.00 0.00
0.90 3.84 10.96 1.00 0.00
0.90 3.84 11.13 1.00 0.00
0.90 3.84 11.31 1.00 0.00
0.90 3.84 11.48 1.00 0.00
0.90 3.84 11.66 1.00 0.00
0.90 3.84 11.83 1.00 0.00
0.90 3.84 12.01 1.00 0.00
0.90 3.84 12.18 1.00 0.00
0.90 3.84 12.36 1.00 0.00
0.90 3.84 12.53 1.00 0.00
0.90 3.84 12.71 1.00 0.00
0.90 3.84 12.88 1.00 0.00
0.90 3.84 13.05 1.00 0.00
0.90 3.84 13.23 1.00 0.00
0.90 3.84 13.40 1.00 0.00
1.10 3.84 10.43 1.00 0.00
1.10 3.84 10.61 1.00 0.00
1.10 3.84 10.78 1.00 0.00
1.10 3.84 10.95 1.00 0.00
1.10 3.84 11.13 1.00 0.00
1.10 3.84 11.30 1.00 0.00
1.10 3.84 11.48 1.00 0.00
1.10 3.84 11.65 1.00 0.00
1.10 3.84 11.83 1.00 0.00
1.10 3.84 12.00 1.00 0.00
1.10 3.84 12.18 1.00 0.00
1.10 3.84 12.35 1.00 0.00
1.10 3.84 12.53 1.00 0.00
1.10 3.84 12.70 1.00 0.00
1.10 3.84 12.87 1.00 0.00
1.10 3.84 13.05 1.00 0.00
1.10 3.84 13.22 1.00 0.00
1.10 3.84 13.40 1.00 0.00
0.30 4.01 10.45 1.00 0.00
0.30 4.01 10.62 1.00 0.00
0.30 4.01 10.79 1.00 0.00
0.30 4.01 10.97 1.00 0.00
0.30 4.01 11.14 1.00 0.00
0.30 4.01 11.32 1.00 0.00
0.30 4.01 11.49 1.00 0.00
0.30 4.01 11.67 1.00 0.00
0.30 4.01 11.84 1.00 0.00
0.30 4.01 12.02 1.00 0.00
0.30 4.01 12.19 1.00 0.00
0.30 4.01 12.37 1.00 0.00
0.30 4.01 12.54 1.00 0.00
0.30 4.01 12.71 1.00 0.00
0.30 4.01 12.89 1.00 0.00
0.30 4.01 13.06 1.00 0.00
0.30 4.01 13.24 1.00 0.00
0.30 4.01 13.41 1.00 0.00
0.50 4.01 10.43 1.00 0.00
0.50 4.01 10.60 1.00 0.00
0.50 4.01 10.78 1.00 0.00
0.50 4.01 10.95 1.00 0.00
0.50 4.01 11.13 1.00 0.00
0.50 4.01 11.30 1.00 0.00
0.50 4.01 11.48 1.00 0.00
0.50 4.01 11.65 1.00 0.00
0.50 4.01 11.83 1.00 0.00
0.50 4.01 12.00 1.00 0.00
0.50 4.01 12.17 1.00 0.00
0.50 4.01 12.35 1.00 0.00
0.50 4.01 12.52 1.00 0.00
0.50 4.01 12.70 1.00 0.00
0.50 4.01 12.87 1.00 0.00
0.50 4.01 13.05 1.00 0.00
0.50 4.01 13.22 1.00 0.00
0.50 4.01 13.40 1.00 0.00
0.70 4.01 10.41 1.00 0.00
0.70 4.01 10.59 1.00 0.00
0.70 4.01 10.76 1.00 0.00
0.70 4.01 10.94 1.00 0.00
0.70 4.01 11.11 1.00 0.00
0.70 4.01 11.29 1.00 0.00
0.70 4.01 11.46 1.00 0.00
0.70 4.01 11.64 1.00 0.00
0.70 4.01 11.81 1.00 0.00
0.70 4.01 11.99 1.00 0.00
0.70 4.01 12.16 1.00 0.00
0.70 4.01 12.33 1.00 0.00
0.70 4.01 12.51 1.00 0.00
0.70 4.01 12.68 1.00 0.00
0.70 4.01 12.86 1.00 0.00
0.70 4.01 13.03 1.00 0.00
0.70 4.01 13.21 1.00 0.00
0.70 4.01 13.38 1.00 0.00
0.90 4.01 10.40 1.00 0.00
0.90 4.01 10.58 1.00 0.00
0.90 4.01 10.75 1.00 0.00
0.90 4.01 10.93 1.00 0.00
0.90 4.01 11.10 1.00 0.00
0.90 4.01 11.27 1.00 0.00
0.90 4.01 11.45 1.00 0.00
0.90 4.01 11.62 1.00 0.00
0.90 4.01 11.80 1.00 0.00
0.90 4.01 11.97 1.00 0.00
0.90 4.01 12.15 1.00 0.00
0.90 4.01 12.32 1.00 0.00
0.90 4.01 12.50 1.00 0.00
0.90 4.01 12.67 1.00 0.00
0.90 4.01 12.84 1.00 0.00
0.90 4.01 13.02 1.00 0.00
0.90 4.01 13.19 1.00 0.00
0.90 4.01 13.37 1.00 0.00
1.10 4.01 10.39 1.00 0.00
1.10 4.01 10.56 1.00 0.00
1.10 4.01 10.74 1.00 0.00
1.10 4.01 10.91 1.00 0.00
1.10 4.01 11.09 1.00 0.00
1.10 4.01 11.26 1.00 0.00
1.10 4.01 11.44 1.00 0.00
1.10 4.01 11.61 1.00 0.00
1.10 4.01 11.79 1.00 0.00
1.10 4.01 11.96 1.00 0.00
1.10 4.01 12.13 1.00 0.00
1.10 4.01 12.31 1.00 0.00
1.10 4.01 12.48 1.00 0.00
1.10 4.01 12.66 1.00 0.00
1.10 4.01 12.83 1.00 0.00
1.10 4.01 13.01 1.00 0.00
1.10 4.01 13.18 1.00 0.00
1.10 4.01 13.36 1.00 0.00
0.30 4.19 10.43 1.00 0.00
0.30 4.19 10.61 1.00 0.00
0.30 4.19 10.78 1.00 0.00
0.30 4.19 10.96 1.00 0.00
0.30 4.19 11.13 1.00 0.00
0.30 4.19 11.31 1.00 0.00
0.30 4.19 11.48 1.00 0.00
0.30 4.19 11.65 1.00 0.00
0.30 4.19 11.83 1.00 0.00
0.30 4.19 12.00 1.00 0.00
0.30 4.19 12.18 1.00 0.00
0.30 4.19 12.35 1.00 0.00
0.30 4.19 12.53 1.00 0.00
0.30 4.19 12.70 1.00 0.00
0.30 4.19 12.88 1.00 0.00
0.30 4.19 13.05 1.00 0.00
0.30 4.19 13.23 1.00 0.00
0.30 4.19 13.40 1.00 0.00
0.50 4.19 10.41 1.00 0.00
0.50 4.19 10.58 1.00 0.00
0.50 4.19 10.76 1.00 0.00
0.50 4.19 10.93 1.00 0.00
0.50 4.19 11.11 1.00 0.00
0.50 4.19 11.28 1.00 0.00
0.50 4.19 11.46 1.00 0.00
0.50 4.19 11.63 1.00 0.00
0.50 4.19 11.81 1.00 0.00
0.50 4.19 11.98 1.00 0.00
0.50 4.19 12.15 1.00 0.00
0.50 4.19 12.33 1.00 0.00
0.50 4.19 12.50 1.00 0.00
0.50 4.19 12.68 1.00 0.00
0.50 4.19 12.85 1.00 0.00
0.50 4.19 13.03 1.00 0.00
0.50 4.19 13.20 1.00 0.00
0.50 4.19 13.38 1.00 0.00
0.70 4.19 10.39 1.00 0.00
0.70 4.19 10.56 1.00 0.00
0.70 4.19 10.74 1.00 0.00
0.70 4.19 10.91 1.00 0.00
0.70 4.19 11.09 1.00 0.00
0.70 4.19 11.26 1.00 0.00
0.70 4.19 11.43 1.00 0.00
0.70 4.19 11.61 1.00 0.00
0.70 4.19 11.78 1.00 0.00
0.70 4.19 11.96 1.00 0.00
0.70 4.19 12.13 1.00 0.00
0.70 4.19 12.31 1.00 0.00
0.70 4.19 12.48 1.00 0.00
0.70 4.19 12.66 1.00 0.00
0.70 4.19 12.83 1.00 0.00
0.70 4.19 13.01 1.00 0.00
0.70 4.19 13.18 1.00 0.00
0.70 4.19 13.35 1.00 0.00
0.90 4.19 10.37 1.00 0.00
0.90 4.19 10.54 1.00 0.00
0.90 4.19 10.72 1.00 0.00
0.90 4.19 10.89 1.00 0.00
0.90 4.19 11.07 1.00 0.00
0.90 4.19 11.24 1.00 0.00
0.90 4.19 11.41 1.00 0.00
0.90 4.19 11.59 1.00 0.00
0.90 4.19 11.76 1.00 0.00
0.90 4.19 11.94 1.00 0.00
0.90 4.19 12.11 1.00 0.00
0.90 4.19 12.29 1.00 0.00
0.90 4.19 12.46 1.00 0.00
0.90 4.19 12.64 1.00 0.00
0.90 4.19 12.81 1.00 0.00
0.90 4.19 12.99 1.00 0.00
0.90 4.19 13.16 1.00 0.00
0.90 4.19 13.33 1.00 0.00
1.10 4.19 10.35 1.00 0.00
1.10 4.19 10.52 1.00 0.00
1.10 4.19 10.70 1.00 0.00
1.10 4.19 10.87 1.00 0.00
1.10 4.19 11.05 1.00 0.00
1.10 4.19 11.22 1.00 0.00
1.10 4.19 11.40 1.00 0.00
1.10 4.19 11.57 1.00 0.00
1.10 4.19 11.75 1.00 0.00
1.10 4.19 11.92 1.00 0.00
1.10 4.19 12.09 1.00 0.00
1.10 4.19 12.27 1.00 0.00
1.10 4.19 12.44 1.00 0.00
1.10 4.19 12.62 1.00 0.00
1.10 4.19 12.79 1.00 0.00
1.10 4.19 12.97 1.00 0.00
1.10 4.19 13.14 1.00 0.00
1.10 4.19 13.32 1.00 0.00
0.30 4.36 10.42 1.00 0.00
0.30 4.36 10.60 1.00 0.00
0.30 4.36 10.77 1.00 0.00
0.30 4.36 10.94 1.00 0.00
0.30 4.36 11.12 1.00 0.00
0.30 4.36 11.29 1.00 0.00
0.30 4.36 11.47 1.00 0.00
0.30 4.36 11.64 1.00 0.00
0.30 4.36 11.82 1.00 0.00
0.30 4.36 11.99 1.00 0.00
0.30 4.36 12.17 1.00 0.00
0.30 4.36 12.34 1.00 0.00
0.30 4.36 12.52 1.00 0.00
0.30 4.36 12.69 1.00 0.00
0.30 4.36 12.86 1.00 0.00
0.30 4.36 13.04 1.00 0.00
0.30 4.36 13.21 1.00 0.00
0.30 4.36 13.39 1.00 0.00
0.50 4.36 10.39 1.00 0.00
0.50 4.36 10.56 1.00 0.00
0.50 4.36 10.74 1.00 0.00
0.50 4.36 10.91 1.00 0.00
0.50 4.36 11.09 1.00 0.00
0.50 4.36 11.26 1.00 0.00
0.50 4.36 11.44 1.00 0.00
0.50 4.36 11.61 1.00 0.00
0.50 4.36 11.79 1.00 0.00
0.50 4.36 11.96 1.00 0.00
0.50 4.36 12.13 1.00 0.00
0.50 4.36 12.31 1.00 0.00
0.50 4.36 12.48 1.00 0.00
0.50 4.36 12.66 1.00 0.00
0.50 4.36 12.83 1.00 0.00
0.50 4.36 13.01 1.00 0.00
0.50 4.36 13.18 1.00 0.00
0.50 4.36 13.36 1.00 0.00
0.70 4.36 10.36 1.00 0.00
0.70 4.36 10.54 1.00 0.00
0.70 4.36 10.71 1.00 0.00
0.70 4.36 10.88 1.00 0.00
0.70 4.36 11.06 1.00 0.00
0.70 4.36 11.23 1.00 0.00
0.70 4.36 11.41 1.00 0.00
0.70 4.36 11.58 1.00 0.00
0.70 4.36 11.76 1.00 0.00
0.70 4.36 11.93 1.00 0.00
0.70 4.36 12.11 1.00 0.00
0.70 4.36 12.28 1.00 0.00
0.70 4.36 12.46 1.00 0.00
0.70 4.36 12.63 1.00 0.00
0.70 4.36 12.80 1.00 0.00
0.70 4.36 12.98 1.00 0.00
0.70 4.36 13.15 1.00 0.00
0.70 4.36 13.33 1.00 0.00
0.90 4.36 10.33 1.00 0.00
0.90 4.36 10.51 1.00 0.00
0.90 4.36 10.68 1.00 0.00
0.90 4.36 10.86 1.00 0.00
0.90 4.36 11.03 1.00 0.00
0.90 4.36 11.21 1.00 0.00
0.90 4.36 11.38 1.00 0.00
0.90 4.36 11.56 1.00 0.00
0.90 4.36 11.73 1.00 0.00
0.90 4.36 11.91 1.00 0.00
0.90 4.36 12.08 1.00 0.00
0.90 4.36 12.25 1.00 0.00
0.90 4.36 12.43 1.00 0.00
0.90 4.36 12.60 1.00 0.00
0.90 4.36 12.78 1.00 0.00
0.90 4.36 12.95 1.00 0.00
0.90 4.36 13.13 1.00 0.00
0.90 4.36 13.30 1.00 0.00
1.10 4.36 10.31 1.00 0.00
1.10 4.36 10.48 1.00 0.00
1.10 4.36 10.66 1.00 0.00
1.10 4.36 10.83 1.00 0.00
1.10 4.36 11.01 1.00 0.00
1.10 4.36 11.18 1.00 0.00
1.10 4.36 11.36 1.00 0.00
1.10 4.36 11.53 1.00 0.00
1.10 4.36 11.71 1.00 0.00
1.10 4.36 11.88 1.00 0.00
1.10 4.36 12.06 1.00 0.00
1.10 4.36 12.23 1.00 0.00
1.10 4.36 12.40 1.00 0.00
1.10 4.36 12.58 1.00 0.00
1.10 4.36 12.75 1.00 0.00
1.10 4.36 12.93 1.00 0.00
1.10 4.36 13.10 1.00 0.00
1.10 4.36 13.28 1.00 0.00
0.30 4.54 10.41 1.00 0.00
0.30 4.54 10.58 1.00 0.00
0.30 4.54 10.76 1.00 0.00
0.30 4.54 10.93 1.00 0.00
0.30 4.54 11.11 1.00 0.00
0.30 4.54 11.28 1.00 0.00
0.30 4.54 11.46 1.00 0.00
0.30 4.54 11.63 1.00 0.00
0.30 4.54 11.81 1.00 0.00
0.30 4.54 11.98 1.00 0.00
0.30 4.54 12.16 1.00 0.00
0.30 4.54 12.33 1.00 0.00
0.30 4.54 12.50 1.00 0.00
0.30 4.54 12.68 1.00 0.00
0.30 4.54 12.85 1.00 0.00
0.30 4.54 13.03 1.00 0.00
0.30 4.54 13.20 1.00 0.00
0.30 4.54 13.38 1.00 0.00
0.50 4.54 10.37 1.00 0.00
0.50 4.54 10.55 1.00 0.00
0.50 4.54 10.72 1.00 0.00
0.50 4.54 10.90 1.00 0.00
0.50 4.54 11.07 1.00 0.00
0.50 4.54 11.24 1.00 0.00
0.50 4.54 11.42 1.00 0.00
0.50 4.54 11.59 1.00 0.00
0.50 4.54 11.77 1.00 0.00
0.50 4.54 11.94 1.00 0.00
0.50 4.54 12.12 1.00 0.00
0.50 4.54 12.29 1.00 0.00
0.50 4.54 12.47 1.00 0.00
0.50 4.54 12.64 1.00 0.00
0.50 4.54 12.82 1.00 0.00
0.50 4.54 12.99 1.00 0.00
0.50 4.54 13.16 1.00 0.00
0.50 4.54 13.34 1.00 0.00
0.70 4.54 10.34 1.00 0.00
0.70 4.54 10.51 1.00 0.00
0.70 4.54 10.69 1.00 0.00
0.70 4.54 10.86 1.00 0.00
0.70 4.54 11.03 1.00 0.00
0.70 4.54 11.21 1.00 0.00
0.70 4.54 11.38 1.00 0.00
0.70 4.54 11.56 1.00 0.00
0.70 4.54 11.73 1.00 0.00
0.70 4.54 11.91 1.00 0.00
0.70 4.54 12.08 1.00 0.00
0.70 4.54 12.26 1.00 0.00
0.70 4.54 12.43 1.00 0.00
0.70 4.54 12.61 1.00 0.00
0.70 4.54 12.78 1.00 0.00
0.70 4.54 12.95 1.00 0.00
0.70 4.54 13.13 1.00 0.00
0.70 4.54 13.30 1.00 0.00
0.90 4.54 10.30 1.00 0.00
0.90 4.54 10.48 1.00 0.00
0.90 4.54 10.65 1.00 0.00
0.90 4.54 10.83 1.00 0.00
0.90 4.54 11.00 1.00 0.00
0.90 4.54 11.18 1.00 0.00
0.90 4.54 11.35 1.00 0.00
0.90 4.54 11.53 1.00 0.00
0.90 4.54 11.70 1.00 0.00
0.90 4.54 11.87 1.00 0.00
0.90 4.54 12.05 1.00 0.00
0.90 4.54 12.22 1.00 0.00
0.90 4.54 12.40 1.00 0.00
0.90 4.54 12.57 1.00 0.00
0.90 4.54 12.75 1.00 0.00
0.90 4.54 12.92 1.00 0.00
0.90 4.54 13.10 1.00 0.00
0.90 4.54 13.27 1.00 0.00
1.10 4.54 10.27 1.00 0.00
1.10 4.54 10.45 1.00 0.00
1.10 4.54 10.62 1.00 0.00
1.10 4.54 10.80 1.00 0.00
1.10 4.54 10.97 1.00 0.00
1.10 4.54 11.15 1.00 0.00
1.10 4.54 11.32 1.00 0.00
1.10 4.54 11.50 1.00 0.00
1.10 4.54 11.67 1.00 0.00
1.10 4.54 11.84 1.00 0.00
1.10 4.54 12.02 1.00 0.00
1.10 4.54 12.19 1.00 0.00
1.10 4.54 12.37 1.00 0.00
1.10 4.54 12.54 1.00 0.00
1.10 4.54 12.72 1.00 0.00
1.10 4.54 12.89 1.00 0.00
1.10 4.54 13.07 1.00 0.00
1.10 4.54 13.24 1.00 0.00
0.30 4.71 10.40 1.00 0.00
0.30 4.71 10.58 1.00 0.00
0.30 4.71 10.75 1.00 0.00
0.30 4.71 10.92 1.00 0.00
0.30 4.71 11.10 1.00 0.00
0.30 4.71 11.27 1.00 0.00
0.30 4.71 11.45 1.00 0.00
0.30 4.71 11.62 1.00 0.00
0.30 4.71 11.80 1.00 0.00
0.30 4.71 11.97 1.00 0.00
0.30 4.71 12.15 1.00 0.00
0.30 4.71 12.32 1.00 0.00
0.30 4.71 12.50 1.00 0.00
0.30 4.71 12.67 1.00 0.00
0.30 4.71 12.84 1.00 0.00
0.30 4.71 13.02 1.00 0.00
0.30 4.71 13.19 1.00 0.00
0.30 4.71 13.37 1.00 0.00
0.50 4.71 10.36 1.00 0.00
0.50 4.71 10.53 1.00 0.00
0.50 4.71 10.71 1.00 0.00
0.50 4.71 10.88 1.00 0.00
0.50 4.71 11.06 1.00 0.00
0.50 4.71 11.23 1.00 0.00
0.50 4.71 11.40 1.00 0.00
0.50 4.71 11.58 1.00 0.00
0.50 4.71 11.75 1.00 0.00
0.50 4.71 11.93 1.00 0.00
0.50 4.71 12.10 1.00 0.00
0.50 4.71 12.28 1.00 0.00
0.50 4.71 12.45 1.00 0.00
0.50 4.71 12.63 1.00 0.00
0.50 4.71 12.80 1.00 0.00
0.50 4.71 12.97 1.00 0.00
0.50 4.71 13.15 1.00 0.00
0.50 4.71 13.32 1.00 0.00
0.70 4.71 10.32 1.00 0.00
0.70 4.71 10.49 1.00 0.00
0.70 4.71 10.66 1.00 0.00
0.70 4.71 10.84 1.00 0.00
0.70 4.71 11.01 1.00 0.00
0.70 4.71 11.19 1.00 0.00
0.70 4.71 11.36 1.00 0.00
0.70 4.71 11.54 1.00 0.00
0.70 4.71 11.71 1.00 0.00
0.70 4.71 11.89 1.00 0.00
0.70 4.71 12.06 1.00 0.00
0.70 4.71 12.24 1.00 0.00
0.70 4.71 12.41 1.00 0.00
0.70 4.71 12.58 1.00 0.00
0.70 4.71 12.76 1.00 0.00
0.70 4.71 12.93 1.00 0.00
0.70 4.71 13.11 1.00 0.00
0.70 4.71 13.28 1.00 0.00
0.90 4.71 10.28 1.00 0.00
0.90 4.71 10.45 1.00 0.00
0.90 4.71 10.63 1.00 0.00
0.90 4.71 10.80 1.00 0.00
0.90 4.71 10.97 1.00 0.00
0.90 4.71 11.15 1.00 0.00
0.90 4.71 11.32 1.00 0.00
0.90 4.71 11.50 1.00 0.00
0.90 4.71 11.67 1.00 0.00
0.90 4.71 11.85 1.00 0.00
0.90 4.71 12.02 1.00 0.00
0.90 4.71 12.20 1.00 0.00
0.90 4.71 12.37 1.00 0.00
0.90 4.71 12.55 1.00 0.00
0.90 4.71 12.72 1.00 0.00
0.90 4.71 12.89 1.00 0.00
0.90 4.71 13.07 1.00 0.00
0.90 4.71 13.24 1.00 0.00
1.10 4.71 10.24 1.00 0.00
1.10 4.71 10.41 1.00 0.00
1.10 4.71 10.59 1.00 0.00
1.10 4.71 10.76 1.00 0.00
1.10 4.71 10.94 1.00 0.00
1.10 4.71 11.11 1.00 0.00
1.10 4.71 11.29 1.00 0.00
1.10 4.71 11.46 1.00 0.00
1.10 4.71 11.64 1.00 0.00
1.10 4.71 11.81 1.00 0.00
1.10 4.71 11.99 1.00 0.00
1.10 4.71 12.16 1.00 0.00
1.10 4.71 12.33 1.00 0.00
1.10 4.71 12.51 1.00 0.00
1.10 4.71 12.68 1.00 0.00
1.10 4.71 12.86 1.00 0.00
1.10 4.71 13.03 1.00 0.00
1.10 4.71 13.21 1.00 0.00
0.30 4.89 10.39 1.00 0.00
0.30 4.89 10.57 1.00 0.00
0.30 4.89 10.74 1.00 0.00
0.30 4.89 10.92 1.00 0.00
0.30 4.89 11.09 1.00 0.00
0.30 4.89 11.27 1.00 0.00
0.30 4.89 11.44 1.00 0.00
0.30 4.89 11.62 1.00 0.00
0.30 4.89 11.79 1.00 0.00
0.30 4.89 11.96 1.00 0.00
0.30 4.89 12.14 1.00 0.00
0.30 4.89 12.31 1.00 0.00
0.30 4.89 12.49 1.00 0.00
0.30 4.89 12.66 1.00 0.00
0.30 4.89 12.84 1.00 0.00
0.30 4.89 13.01 1.00 0.00
0.30 4.89 13.19 1.00 0.00
0.30 4.89 13.36 1.00 0.00
0.50 4.89 10.34 1.00 0.00
0.50 4.89 10.52 1.00 0.00
0.50 4.89 10.69 1.00 0.00
0.50 4.89 10.87 1.00 0.00
0.50 4.89 11.04 1.00 0.00
0.50 4.89 11.22 1.00 0.00
0.50 4.89 11.39 1.00 0.00
0.50 4.89 11.57 1.00 0.00
0.50 4.89 11.74 1.00 0.00
0.50 4.89 11.92 1.00 0.00
0.50 4.89 12.09 1.00 0.00
0.50 4.89 12.26 1.00 0.00
0.50 4.89 12.44 1.00 0.00
0.50 4.89 12.61 1.00 0.00
0.50 4.89 12.79 1.00 0.00
0.50 4.89 12.96 1.00 0.00
0.50 4.89 13.14 1.00 0.00
0.50 4.89 13.31 1.00 0.00
0.70 4.89 10.30 1.00 0.00
0.70 4.89 10.47 1.00 0.00
0.70 4.89 10.65 1.00 0.00
0.70 4.89 10.82 1.00 0.00
0.70 4.89 11.00 1.00 0.00
0.70 4.89 11.17 1.00 0.00
0.70 4.89 11.34 1.00 0.00
0.70 4.89 11.52 1.00 0.00
0.70 4.89 11.69 1.00 0.00
0.70 4.89 11.87 1.00 0.00
0.70 4.89 12.04 1.00 0.00
0.70 4.89 12.22 1.00 0.00
0.70 4.89 12.39 1.00 0.00
0.70 4.89 12.57 1.00 0.00
0.70 4.89 12.74 1.00 0.00
0.70 4.89 12.92 1.00 0.00
0.70 4.89 13.09 1.00 0.00
0.70 4.89 13.26 1.00 0.00
0.90 4.89 10.25 1.00 0.00
0.90 4.89 10.43 1.00 0.00
0.90 4.89 10.60 1.00 0.00
0.90 4.89 10.78 1.00 0.00
0.90 4.89 10.95 1.00 0.00
0.90 4.89 11.13 1.00 0.00
0.90 4.89 11.30 1.00 0.00
0.90 4.89 11.47 1.00 0.00
0.90 4.89 11.65 1.00 0.00
0.90 4.89 11.82 1.00 0.00
0.90 4.89 12.00 1.00 0.00
0.90 4.89 12.17 1.00 0.00
0.90 4.89 12.35 1.00 0.00
0.90 4.89 12.52 1.00 0.00
0.90 4.89 12.70 1.00 0.00
0.90 4.89 12.87 1.00 0.00
0.90 4.89 13.05 1.00 0.00
0.90 4.89 13.22 1.00 0.00
1.10 4.89 10.21 1.00 0.00
1.10 4.89 10.38 1.00 0.00
1.10 4.89 10.56 1.00 0.00
1.10 4.89 10.73 1.00 0.00
1.10 4.89 10.91 1.00 0.00
1.10 4.89 11.08 1.00 0.00
1.10 4.89 11.26 1.00 0.00
1.10 4.89 11.43 1.00 0.00
1.10 4.89 11.61 1.00 0.00
1.10 4.89 11.78 1.00 0.00
1.10 4.89 11.96 1.00 0.00
1.10 4.89 12.13 1.00 0.00
1.10 4.89 12.30 1.00 0.00
1.10 4.89 12.48 1.00 0.00
1.10 4.89 12.65 1.00 0.00
1.10 4.89 12.83 1.00 0.00
1.10 4.89 13.00 1.00 0.00
1.10 4.89 13.18 1.00 0.00
0.30 5.06 10.39 1.00 0.00
0.30 5.06 10.56 1.00 0.00
0.30 5.06 10.74 1.00 0.00
0.30 5.06 10.91 1.00 0.00
0.30 5.06 11.09 1.00 0.00
0.30 5.06 11.26 1.00 0.00
0.30 5.06 11.44 1.00 0.00
0.30 5.06 11.61 1.00 0.00
0.30 5.06 11.79 1.00 0.00
0.30 5.06 11.96 1.00 0.00
0.30 5.06 12.13 1.00 0.00
0.30 5.06 12.31 1.00 0.00
0.30 5.06 12.48 1.00 0.00
0.30 5.06 12.66 1.00 0.00
0.30 5.06 12.83 1.00 0.00
0.30 5.06 13.01 1.00 0.00
0.30 5.06 13.18 1.00 0.00
0.30 5.06 13.36 1.00 0.00
0.50 5.06 10.34 1.00 0.00
0.50 5.06 10.51 1.00 0.00
0.50 5.06 10.68 1.00 0.00
0.50 5.06 10.86 1.00 0.00
0.50 5.06 11.03 1.00 0.00
0.50 5.06 11.21 1.00 0.00
0.50 5.06 11.38 1.00 0.00
0.50 5.06 11.56 1.00 0.00
0.50 5.06 11.73 1.00 0.00
0.50 5.06 11.91 1.00 0.00
0.50 5.06 12.08 1.00 0.00
0.50 5.06 12.26 1.00 0.00
0.50 5.06 12.43 1.00 0.00
0.50 5.06 12.60 1.00 0.00
0.50 5.06 12.78 1.00 0.00
0.50 5.06 12.95 1.00 0.00
0.50 5.06 13.13 1.00 0.00
0.50 5.06 13.30 1.00 0.00
0.70 5.06 10.28 1.00 0.00
0.70 5.06 10.46 1.00 0.00
0.70 5.06 10.63 1.00 0.00
0.70 5.06 10.81 1.00 0.00
0.70 5.06 10.98 1.00 0.00
0.70 5.06 11.16 1.00 0.00
0.70 5.06 11.33 1.00 0.00
0.70 5.06 11.51 1.00 0.00
0.70 5.06 11.68 1.00 0.00
0.70 5.06 11.85 1.00 0.00
0.70 5.06 12.03 1.00 0.00
0.70 5.06 12.20 1.00 0.00
0.70 5.06 12.38 1.00 0.00
0.70 5.06 12.55 1.00 0.00
0.70 5.06 12.73 1.00 0.00
0.70 5.06 12.90 1.00 0.00
0.70 5.06 13.08 1.00 0.00
0.70 5.06 13.25 1.00 0.00
0.90 5.06 10.23 1.00 0.00
0.90 5.06 10.41 1.00 0.00
0.90 5.06 10.58 1.00 0.00
0.90 5.06 10.76 1.00 0.00
0.90 5.06 10.93 1.00 0.00
0.90 5.06 11.11 1.00 0.00
0.90 5.06 11.28 1.00 0.00
0.90 5.06 11.46 1.00 0.00
0.90 5.06 11.63 1.00 0.00
0.90 5.06 11.80 1.00 0.00
0.90 5.06 11.98 1.00 0.00
0.90 5.06 12.15 1.00 0.00
0.90 5.06 12.33 1.00 0.00
0.90 5.06 12.50 1.00 0.00
0.90 5.06 12.68 1.00 0.00
0.90 5.06 12.85 1.00 0.00
0.90 5.06 13.03 1.00 0.00
0.90 5.06 13.20 1.00 0.00
1.10 5.06 10.19 1.00 0.00
1.10 5.06 10.36 1.00 0.00
1.10 5.06 10.53 1.00 0.00
1.10 5.06 10.71 1.00 0.00
1.10 5.06 10.88 1.00 0.00
1.10 5.06 11.06 1.00 0.00
1.10 5.06 11.23 1.00 0.00
1.10 5.06 11.41 1.00 0.00
1.10 5.06 11.58 1.00 0.00
1.10 5.06 11.76 1.00 0.00
1.10 5.06 11.93 1.00 0.00
1.10 5.06 12.11 1.00 0.00
1.10 5.06 12.28 1.00 0.00
1.10 5.06 12.45 1.00 0.00
1.10 5.06 12.63 1.00 0.00
1.10 5.06 12.80 1.00 0.00
1.10 5.06 12.98 1.00 0.00
1.10 5.06 13.15 1.00 0.00
0.30 5.24 10.39 1.00 0.00
0.30 5.24 10.56 1.00 0.00
0.30 5.24 10.74 1.00 0.00
0.30 5.24 10.91 1.00 0.00
0.30 5.24 11.08 1.00 0.00
0.30 5.24 11.26 1.00 0.00
0.30 5.24 11.43 1.00 0.00
0.30 5.24 11.61 1.00 0.00
0.30 5.24 11.78 1.00 0.00
0.30 5.24 11.96 1.00 0.00
0.30 5.24 12.13 1.00 0.00
0.30 5.24 12.31 1.00 0.00
0.30 5.24 12.48 1.00 0.00
0.30 5.24 12.66 1.00 0.00
0.30 5.24 12.83 1.00 0.00
0.30 5.24 13.00 1.00 0.00
0.30 5.24 13.18 1.00 0.00
0.30 5.24 13.35 1.00 0.00
0.50 5.24 10.33 1.00 0.00
0.50 5.24 10.50 1.00 0.00
0.50 5.24 10.68 1.00 0.00
0.50 5.24 10.85 1.00 0.00
0.50 5.24 11.03 1.00 0.00
0.50 5.24 11.20 1.00 0.00
0.50 5.24 11.38 1.00 0.00
0.50 5.24 11.55 1.00 0.00
0.50 5.24 11.73 1.00 0.00
0.50 5.24 11.90 1.00 0.00
0.50 5.24 12.08 1.00 0.00
0.50 5.24 12.25 1.00 0.00
0.50 5.24 12.42 1.00 0.00
0.50 5.24 12.60 1.00 0.00
0.50 5.24 12.77 1.00 0.00
0.50 5.24 12.95 1.00 0.00
0.50 5.24 13.12 1.00 0.00
0.50 5.24 13.30 1.00 0.00
0.70 5.24 10.27 1.00 0.00
0.70 5.24 10.45 1.00 0.00
0.70 5.24 10.62 1.00 0.00
0.70 5.24 10.80 1.00 0.00
0.70 5.24 10.97 1.00 0.00
0.70 5.24 11.15 1.00 0.00
0.70 5.24 11.32 1.00 0.00
0.70 5.24 11.50 1.00 0.00
0.70 5.24 11.67 1.00 0.00
0.70 5.24 11.84 1.00 0.00
0.70 5.24 12.02 1.00 0.00
0.70 5.24 12.19 1.00 0.00
0.70 5.24 12.37 1.00 0.00
0.70 5.24 12.54 1.00 0.00
0.70 5.24 12.72 1.00 0.00
0.70 5.24 12.89 1.00 0.00
0.70 5.24 13.07 1.00 0.00
0.70 5.24 13.24 1.00 0.00
0.90 5.24 10.22 1.00 0.00
0.90 5.24 10.39 1.00 0.00
0.90 5.24 10.57 1.00 0.00
0.90 5.24 10.74 1.00 0.00
0.90 5.24 10.92 1.00 0.00
0.90 5.24 11.09 1.00 0.00
0.90 5.24 11.27 1.00 0.00
0.90 5.24 11.44 1.00 0.00
0.90 5.24 11.62 1.00 0.00
0.90 5.24 11.79 1.00 0.00
0.90 5.24 11.96 1.00 0.00
0.90 5.24 12.14 1.00 0.00
0.90 5.24 12.31 1.00 0.00
0.90 5.24 12.49 1.00 0.00
0.90 5.24 12.66 1.00 0.00
0.90 5.24 12.84 1.00 0.00
0.90 5.24 13.01 1.00 0.00
0.90 5.24 13.19 1.00 0.00
1.10 5.24 10.17 1.00 0.00
1.10 5.24 10.34 1.00 0.00
1.10 5.24 10.52 1.00 0.00
1.10 5.24 10.69 1.00 0.00
1.10 5.24 10.86 1.00 0.00
1.10 5.24 11.04 1.00 0.00
1.10 5.24 11.21 1.00 0.00
1.10 5.24 11.39 1.00 0.00
1.10 5.24 11.56 1.00 0.00
1.10 5.24 11.74 1.00 0.00
1.10 5.24 11.91 1.00 0.00
1.10 5.24 12.09 1.00 0.00
1.10 5.24 12.26 1.00 0.00
1.10 5.24 12.44 1.00 0.00
1.10 5.24 12.61 1.00 0.00
1.10 5.24 12.78 1.00 0.00
1.10 5.24 12.96 1.00 0.00
1.10 5.24 13.13 1.00 0.00
0.30 5.41 10.39 1.00 0.00
0.30 5.41 10.56 1.00 0.00
0.30 5.41 10.74 1.00 0.00
0.30 5.41 10.91 1.00 0.00
0.30 5.41 11.08 1.00 0.00
0.30 5.41 11.26 1.00 0.00
0.30 5.41 11.43 1.00 0.00
0.30 5.41 11.61 1.00 0.00
0.30 5.41 11.78 1.00 0.00
0.30 5.41 11.96 1.00 0.00
0.30 5.41 12.13 1.00 0.00
0.30 5.41 12.31 1.00 0.00
0.30 5.41 12.48 1.00 0.00
0.30 5.41 12.66 1.00 0.00
0.30 5.41 12.83 1.00 0.00
0.30 5.41 13.00 1.00 0.00
0.30 5.41 13.18 1.00 0.00
0.30 5.41 13.35 1.00 0.00
0.50 5.41 10.33 1.00 0.00
0.50 5.41 10.50 1.00 0.00
0.50 5.41 10.68 1.00 0.00
0.50 5.41 10.85 1.00 0.00
0.50 5.41 11.03 1.00 0.00
0.50 5.41 11.20 1.00 0.00
0.50 5.41 11.38 1.00 0.00
0.50 5.41 11.55 1.00 0.00
0.50 5.41 11.72 1.00 0.00
0.50 5.41 11.90 1.00 0.00
0.50 5.41 12.07 1.00 0.00
0.50 5.41 12.25 1.00 0.00
0.50 5.41 12.42 1.00 0.00
0.50 5.41 12.60 1.00 0.00
0.50 5.41 12.77 1.00 0.00
0.50 5.41 12.95 1.00 0.00
0.50 5.41 13.12 1.00 0.00
0.50 5.41 13.30 1.00 0.00
0.70 5.41 10.27 1.00 0.00
0.70 5.41 10.44 1.00 0.00
0.70 5.41 10.62 1.00 0.00
0.70 5.41 10.79 1.00 0.00
0.70 5.41 10.97 1.00 0.00
0.70 5.41 11.14 1.00 0.00
0.70 5.41 11.32 1.00 0.00
0.70 5.41 11.49 1.00 0.00
0.70 5.41 11.67 1.00 0.00
0.70 5.41 11.84 1.00 0.00
0.70 5.41 12.02 1.00 0.00
0.70 5.41 12.19 1.00 0.00
0.70 5.41 12.36 1.00 0.00
0.70 5.41 12.54 1.00 0.00
0.70 5.41 12.71 1.00 0.00
0.70 5.41 12.89 1.00 0.00
0.70 5.41 13.06 1.00 0.00
0.70 5.41 13.24 1.00 0.00
0.90 5.41 10.21 1.00 0.00
0.90 5.41 10.39 1.00 0.00
0.90 5.41 10.56 1.00 0.00
0.90 5.41 10.74 1.00 0.00
0.90 5.41 10.91 1.00 0.00
0.90 5.41 11.08 1.00 0.00
0.90 5.41 11.26 1.00 0.00
0.90 5.41 11.43 1.00 0.00
0.90 5.41 11.61 1.00 0.00
0.90 5.41 11.78 1.00 0.00
0.90 5.41 11.96 1.00 0.00
0.90 5.41 12.13 1.00 0.00
0.90 5.41 12.31 1.00 0.00
0.90 5.41 12.48 1.00 0.00
0.90 5.41 12.66 1.00 0.00
0.90 5.41 12.83 1.00 0.00
0.90 5.41 13.00 1.00 0.00
0.90 5.41 13.18 1.00 0.00
1.10 5.41 10.15 1.00 0.00
1.10 5.41 10.33 1.00 0.00
1.10 5.41 10.50 1.00 0.00
1.10 5.41 10.68 1.00 0.00
1.10 5.41 10.85 1.00 0.00
1.10 5.41 11.03 1.00 0.00
1.10 5.41 11.20 1.00 0.00
1.10 5.41 11.38 1.00 0.00
1.10 5.41 11.55 1.00 0.00
1.10 5.41 11.72 1.00 0.00
1.10 5.41 11.90 1.00 0.00
1.10 5.41 12.07 1.00 0.00
1.10 5.41 12.25 1.00 0.00
1.10 5.41 12.42 1.00 0.00
1.10 5.41 12.60 1.00 0.00
1.10 5.41 12.77 1.00 0.00
1.10 5.41 12.95 1.00 0.00
1.10 5.41 13.12 1.00 0.00
0.30 5.59 10.39 1.00 0.00
0.30 5.59 10.56 1.00 0.00
0.30 5.59 10.74 1.00 0.00
0.30 5.59 10.91 1.00 0.00
0.30 5.59 11.09 1.00 0.00
0.30 5.59 11.26 1.00 0.00
0.30 5.59 11.44 1.00 0.00
0.30 5.59 11.61 1.00 0.00
0.30 5.59 11.79 1.00 0.00
0.30 5.59 11.96 1.00 0.00
0.30 5.59 12.13 1.00 0.00
0.30 5.59 12.31 1.00 0.00
0.30 5.59 12.48 1.00 0.00
0.30 5.59 12.66 1.00 0.00
0.30 5.59 12.83 1.00 0.00
0.30 5.59 13.01 1.00 0.00
0.30 5.59 13.18 1.00 0.00
0.30 5.59 13.36 1.00 0.00
0.50 5.59 10.33 1.00 0.00
0.50 5.59 10.51 1.00 0.00
0.50 5.59 10.68 1.00 0.00
0.50 5.59 10.86 1.00 0.00
0.50 5.59 11.03 1.00 0.00
0.50 5.59 11.20 1.00 0.00
0.50 5.59 11.38 1.00 0.00
0.50 5.59 11.55 1.00 0.00
0.50 5.59 11.73 1.00 0.00
0.50 5.59 11.90 1.00 0.00
0.50 5.59 12.08 1.00 0.00
0.50 5.59 12.25 1.00 0.00
0.50 5.59 12.43 1.00 0.00
0.50 5.59 12.60 1.00 0.00
0.50 5.59 12.77 1.00 0.00
0.50 5.59 12.95 1.00 0.00
0.50 5.59 13.12 1.00 0.00
0.50 5.59 13.30 1.00 0.00
0.70 5.59 10.27 1.00 0.00
0.70 5.59 10.45 1.00 0.00
0.70 5.59 10.62 1.00 0.00
0.70 5.59 10.80 1.00 0.00
0.70 5.59 10.97 1.00 0.00
0.70 5.59 11.14 1.00 0.00
0.70 5.59 11.32 1.00 0.00
0.70 5.59 11.49 1.00 0.00
0.70 5.59 11.67 1.00 0.00
0.70 5.59 11.84 1.00 0.00
0.70 5.59 12.02 1.00 0.00
0.70 5.59 12.19 1.00 0.00
0.70 5.59 12.37 1.00 0.00
0.70 5.59 12.54 1.00 0.00
0.70 5.59 12.72 1.00 0.00
0.70 5.59 12.89 1.00 0.00
0.70 5.59 13.06 1.00 0.00
0.70 5.59 13.24 1.00 0.00
0.90 5.59 10.21 1.00 0.00
0.90 5.59 10.39 1.00 0.00
0.90 5.59 10.56 1.00 0.00
0.90 5.59 10.74 1.00 0.00
0.90 5.59 10.91 1.00 0.00
0.90 5.59 11.08 1.00 0.00
0.90 5.59 11.26 1.00 0.00
0.90 5.59 11.43 1.00 0.00
0.90 5.59 11.61 1.00 0.00
0.90 5.59 11.78 1.00 0.00
0.90 5.59 11.96 1.00 0.00
0.90 5.59 12.13 1.00 0.00
0.90 5.59 12.31 1.00 0.00
0.90 5.59 12.48 1.00 0.00
0.90 5.59 12.66 1.00 0.00
0.90 5.59 12.83 1.00 0.00
0.90 5.59 13.00 1.00 0.00
0.90 5.59 13.18 1.00 0.00
1.10 5.59 10.15 1.00 0.00
1.10 5.59 10.33 1.00 0.00
1.10 5.59 10.50 1.00 0.00
1.10 5.59 10.67 1.00 0.00
1.10 5.59 10.85 1.00 0.00
1.10 5.59 11.02 1.00 0.00
1.10 5.59 11.20 1.00 0.00
1.10 5.59 11.37 1.00 0.00
1.10 5.59 11.55 1.00 0.00
1.10 5.59 11.72 1.00 0.00
1.10 5.59 11.90 1.00 0.00
1.10 5.59 12.07 1.00 0.00
1.10 5.59 12.25 1.00 0.00
1.10 5.59 12.42 1.00 0.00
1.10 5.59 12.59 1.00 0.00
1.10 5.59 12.77 1.00 0.00
1.10 5.59 12.94 1.00 0.00
1.10 5.59 13.12 1.00 0.00
0.30 5.76 10.39 1.00 0.00
0.30 5.76 10.57 1.00 0.00
0.30 5.76 10.74 1.00 0.00
0.30 5.76 10.92 1.00 0.00
0.30 5.76 11.09 1.00 0.00
0.30 5.76 11.27 1.00 0.00
0.30 5.76 11.44 1.00 0.00
0.30 5.76 11.62 1.00 0.00
0.30 5.76 11.79 1.00 0.00
0.30 5.76 11.97 1.00 0.00
0.30 5.76 12.14 1.00 0.00
0.30 5.76 12.31 1.00 0.00
0.30 5.76 12.49 1.00 0.00
0.30 5.76 12.66 1.00 0.00
0.30 5.76 12.84 1.00 0.00
0.30 5.76 13.01 1.00 0.00
0.30 5.76 13.19 1.00 0.00
0.30 5.76 13.36 1.00 0.00
0.50 5.76 10.34 1.00 0.00
0.50 5.76 10.51 1.00 0.00
0.50 5.76 10.69 1.00 0.00
0.50 5.76 10.86 1.00 0.00
0.50 5.76 11.04 1.00 0.00
0.50 5.76 11.21 1.00 0.00
0.50 5.76 11.39 1.00 0.00
0.50 5.76 11.56 1.00 0.00
0.50 5.76 11.74 1.00 0.00
0.50 5.76 11.91 1.00 0.00
0.50 5.76 12.08 1.00 0.00
0.50 5.76 12.26 1.00 0.00
0.50 5.76 12.43 1.00 0.00
0.50 5.76 12.61 1.00 0.00
0.50 5.76 12.78 1.00 0.00
0.50 5.76 12.96 1.00 0.00
0.50 5.76 13.13 1.00 0.00
0.50 5.76 13.31 1.00 0.00
0.70 5.76 10.28 1.00 0.00
0.70 5.76 10.46 1.00 0.00
0.70 5.76 10.63 1.00 0.00
0.70 5.76 10.80 1.00 0.00
0.70 5.76 10.98 1.00 0.00
0.70 5.76 11.15 1.00 0.00
0.70 5.76 11.33 1.00 0.00
0.70 5.76 11.50 1.00 0.00
0.70 5.76 11.68 1.00 0.00
0.70 5.76 11.85 1.00 0.00
0.70 5.76 12.03 1.00 0.00
0.70 5.76 12.20 1.00 0.00
0.70 5.76 12.38 1.00 0.00
0.70 5.76 12.55 1.00 0.00
0.70 5.76 12.72 1.00 0.00
0.70 5.76 12.90 1.00 0.00
0.70 5.76 13.07 1.00 0.00
0.70 5.76 13.25 1.00 0.00
0.90 5.76 10.22 1.00 0.00
0.90 5.76 10.40 1.00 0.00
0.90 5.76 10.57 1.00 0.00
0.90 5.76 10.74 1.00 0.00
0.90 5.76 10.92 1.00 0.00
0.90 5.76 11.09 1.00 0.00
0.90 5.76 11.27 1.00 0.00
0.90 5.76 11.44 1.00 0.00
0.90 5.76 11.62 1.00 0.00
0.90 5.76 11.79 1.00 0.00
0.90 5.76 11.97 1.00 0.00
0.90 5.76 12.14 1.00 0.00
0.90 5.76 12.32 1.00 0.00
0.90 5.76 12.49 1.00 0.00
0.90 5.76 12.66 1.00 0.00
0.90 5.76 12.84 1.00 0.00
0.90 5.76 13.01 1.00 0.00
0.90 5.76 13.19 1.00 0.00
1.10 5.76 10.16 1.00 0.00
1.10 5.76 10.33 1.00 0.00
1.10 5.76 10.51 1.00 0.00
1.10 5.76 10.68 1.00 0.00
1.10 5.76 10.86 1.00 0.00
1.10 5.76 11.03 1.00 0.00
1.10 5.76 11.21 1.00 0.00
1.10 5.76 11.38 1.00 0.00
1.10 5.76 11.55 1.00 0.00
1.10 5.76 11.73 1.00 0.00
1.10 5.76 11.90 1.00 0.00
1.10 5.76 12.08 1.00 0.00
1.10 5.76 12.25 1.00 0.00
1.10 5.76 12.43 1.00 0.00
1.10 5.76 12.60 1.00 0.00
1.10 5.76 12.78 1.00 0.00
1.10 5.76 12.95 1.00 0.00
1.10 5.76 13.13 1.00 0.00
0.30 5.93 10.40 1.00 0.00
0.30 5.93 10.58 1.00 0.00
0.30 5.93 10.75 1.00 0.00
0.30 5.93 10.93 1.00 0.00
0.30 5.93 11.10 1.00 0.00
0.30 5.93 11.28 1.00 0.00
0.30 5.93 11.45 1.00 0.00
0.30 5.93 11.62 1.00 0.00
0.30 5.93 11.80 1.00 0.00
0.30 5.93 11.97 1.00 0.00
0.30 5.93 12.15 1.00 0.00
0.30 5.93 12.32 1.00 0.00
0.30 5.93 12.50 1.00 0.00
0.30 5.93 12.67 1.00 0.00
0.30 5.93 12.85 1.00 0.00
0.30 5.93 13.02 1.00 0.00
0.30 5.93 13.20 1.00 0.00
0.30 5.93 13.37 1.00 0.00
0.50 5.93 10.35 1.00 0.00
0.50 5.93 10.53 1.00 0.00
0.50 5.93 10.70 1.00 0.00
0.50 5.93 10.88 1.00 0.00
0.50 5.93 11.05 1.00 0.00
0.50 5.93 11.22 1.00 0.00
0.50 5.93 11.40 1.00 0.00
0.50 5.93 11.57 1.00 0.00
0.50 5.93 11.75 1.00 0.00
0.50 5.93 11.92 1.00 0.00
0.50 5.93 12.10 1.00 0.00
0.50 5.93 12.27 1.00 0.00
0.50 5.93 12.45 1.00 0.00
0.50 5.93 12.62 1.00 0.00
0.50 5.93 12.80 1.00 0.00
0.50 5.93 12.97 1.00 0.00
0.50 5.93 13.14 1.00 0.00
0.50 5.93 13.32 1.00 0.00
0.70 5.93 10.30 1.00 0.00
0.70 5.93 10.47 1.00 0.00
0.70 5.93 10.65 1.00 0.00
0.70 5.93 10.82 1.00 0.00
0.70 5.93 11.00 1.00 0.00
0.70 5.93 11.17 1.00 0.00
0.70 5.93 11.34 1.00 0.00
0.70 5.93 11.52 1.00 0.00
0.70 5.93 11.69 1.00 0.00
0.70 5.93 11.87 1.00 0.00
0.70 5.93 12.04 1.00 0.00
0.70 5.93 12.22 1.00 0.00
0.70 5.93 12.39 1.00 0.00
0.70 5.93 12.57 1.00 0.00
0.70 5.93 12.74 1.00 0.00
0.70 5.93 12.92 1.00 0.00
0.70 5.93 13.09 1.00 0.00
0.70 5.93 13.26 1.00 0.00
0.90 5.93 10.24 1.00 0.00
0.90 5.93 10.41 1.00 0.00
0.90 5.93 10.59 1.00 0.00
0.90 5.93 10.76 1.00 0.00
0.90 5.93 10.94 1.00 0.00
0.90 5.93 11.11 1.00 0.00
0.90 5.93 11.29 1.00 0.00
0.90 5.93 11.46 1.00 0.00
0.90 5.93 11.64 1.00 0.00
0.90 5.93 11.81 1.00 0.00
0.90 5.93 11.98 1.00 0.00
0.90 5.93 12.16 1.00 0.00
0.90 5.93 12.33 1.00 0.00
0.90 5.93 12.51 1.00 0.00
0.90 5.93 12.68 1.00 0.00
0.90 5.93 12.86 1.00 0.00
0.90 5.93 13.03 1.00 0.00
0.90 5.93 13.21 1.00 0.00
1.10 5.93 10.18 1.00 0.00
1.10 5.93 10.35 1.00 0.00
1.10 5.93 10.53 1.00 0.00
1.10 5.93 10.70 1.00 0.00
1.10 5.93 10.88 1.00 0.00
1.10 5.93 11.05 1.00 0.00
1.10 5.93 11.22 1.00 0.00
1.10 5.93 11.40 1.00 0.00
1.10 5.93 11.57 1.00 0.00
1.10 5.93 11.75 1.00 0.00
1.10 5.93 11.92 1.00 0.00
1.10 5.93 12.10 1.00 0.00
1.10 5.93 12.27 1.00 0.00
1.10 5.93 12.45 1.00 0.00
1.10 5.93 12.62 1.00 0.00
1.10 5.93 12.80 1.00 0.00
1.10 5.93 12.97 1.00 0.00
1.10 5.93 13.14 1.00 0.00
0.30 6.11 10.41 1.00 0.00
0.30 6.11 10.59 1.00 0.00
0.30 6.11 10.76 1.00 0.00
0.30 6.11 10.94 1.00 0.00
0.30 6.11 11.11 1.00 0.00
0.30 6.11 11.29 1.00 0.00
0.30 6.11 11.46 1.00 0.00
0.30 6.11 11.64 1.00 0.00
0.30 6.11 11.81 1.00 0.00
0.30 6.11 11.98 1.00 0.00
0.30 6.11 12.16 1.00 0.00
0.30 6.11 12.33 1.00 0.00
0.30 6.11 12.51 1.00 0.00
0.30 6.11 12.68 1.00 0.00
0.30 6.11 12.86 1.00 0.00
0.30 6.11 13.03 1.00 0.00
0.30 6.11 13.21 1.00 0.00
0.30 6.11 13.38 1.00 0.00
0.50 6.11 10.37 1.00 0.00
0.50 6.11 10.54 1.00 0.00
0.50 6.11 10.72 1.00 0.00
0.50 6.11 10.89 1.00 0.00
0.50 6.11 11.07 1.00 0.00
0.50 6.11 11.24 1.00 0.00
0.50 6.11 11.42 1.00 0.00
0.50 6.11 11.59 1.00 0.00
0.50 6.11 11.77 1.00 0.00
0.50 6.11 11.94 1.00 0.00
0.50 6.11 12.11 1.00 0.00
0.50 6.11 12.29 1.00 0.00
0.50 6.11 12.46 1.00 0.00
0.50 6.11 12.64 1.00 0.00
0.50 6.11 12.81 1.00 0.00
0.50 6.11 12.99 1.00 0.00
0.50 6.11 13.16 1.00 0.00
0.50 6.11 13.34 1.00 0.00
0.70 6.11 10.32 1.00 0.00
0.70 6.11 10.50 1.00 0.00
0.70 6.11 10.67 1.00 0.00
0.70 6.11 10.84 1.00 0.00
0.70 6.11 11.02 1.00 0.00
0.70 6.11 11.19 1.00 0.00
0.70 6.11 11.37 1.00 0.00
0.70 6.11 11.54 1.00 0.00
0.70 6.11 11.72 1.00 0.00
0.70 6.11 11.89 1.00 0.00
0.70 6.11 12.07 1.00 0.00
0.70 6.11 12.24 1.00 0.00
0.70 6.11 12.42 1.00 0.00
0.70 6.11 12.59 1.00 0.00
0.70 6.11 12.76 1.00 0.00
0.70 6.11 12.94 1.00 0.00
0.70 6.11 13.11 1.00 0.00
0.70 6.11 13.29 1.00 0.00
0.90 6.11 10.27 1.00 0.00
0.90 6.11 10.44 1.00 0.00
0.90 6.11 10.62 1.00 0.00
0.90 6.11 10.79 1.00 0.00
0.90 6.11 10.97 1.00 0.00
0.90 6.11 11.14 1.00 0.00
0.90 6.11 11.32 1.00 0.00
0.90 6.11 11.49 1.00 0.00
0.90 6.11 11.66 1.00 0.00
0.90 6.11 11.84 1.00 0.00
0.90 6.11 12.01 1.00 0.00
0.90 6.11 12.19 1.00 0.00
0.90 6.11 12.36 1.00 0.00
0.90 6.11 12.54 1.00 0.00
0.90 6.11 12.71 1.00 0.00
0.90 6.11 12.89 1.00 0.00
0.90 6.11 13.06 1.00 0.00
0.90 6.11 13.24 1.00 0.00
1.10 6.11 10.21 1.00 0.00
1.10 6.11 10.39 1.00 0.00
1.10 6.11 10.56 1.00 0.00
1.10 6.11 10.73 1.00 0.00
1.10 6.11 10.91 1.00 0.00
1.10 6.11 11.08 1.00 0.00
1.10 6.11 11.26 1.00 0.00
1.10 6.11 11.43 1.00 0.00
1.10 6.11 11.61 1.00 0.00
1.10 6.11 11.78 1.00 0.00
1.10 6.11 11.96 1.00 0.00
1.10 6.11 12.13 1.00 0.00
1.10 6.11 12.30 1.00 0.00
1.10 6.11 12.48 1.00 0.00
1.10 6.11 12.65 1.00 0.00
1.10 6.11 12.83 1.00 0.00
1.10 6.11 13.00 1.00 0.00
1.10 6.11 13.18 1.00 0.00
