1.08 0.10 1.39
0.90 0.10 1.49
0.73 0.10 1.59
0.56 0.10 1.69
0.38 0.10 1.78
1.06 0.10 1.34
0.87 0.10 1.41
0.68 0.10 1.48
0.49 0.10 1.54
0.30 0.10 1.61
1.04 0.10 1.29
0.85 0.10 1.32
0.65 0.10 1.36
0.45 0.10 1.39
0.25 0.10 1.43
1.04 0.10 1.24
0.84 0.10 1.24
0.64 0.10 1.24
0.44 0.10 1.23
0.24 0.10 1.23
1.04 0.10 1.18
0.85 0.10 1.15
0.65 0.10 1.11
0.45 0.10 1.08
0.26 0.10 1.04
1.06 0.10 1.13
0.87 0.10 1.07
0.68 0.10 1.00
0.49 0.10 0.93
0.31 0.10 0.86
1.08 0.10 1.09
0.91 0.10 0.99
0.73 0.10 0.89
0.56 0.10 0.79
0.39 0.10 0.68
1.11 0.10 1.04
0.96 0.10 0.92
0.80 0.10 0.79
0.65 0.10 0.66
0.50 0.10 0.53
1.15 0.10 1.01
1.02 0.10 0.85
0.89 0.10 0.70
0.76 0.10 0.55
0.63 0.10 0.39
1.19 0.10 0.98
1.09 0.10 0.80
0.99 0.10 0.63
0.89 0.10 0.46
0.79 0.10 0.28
1.24 0.10 0.96
1.17 0.10 0.77
1.10 0.10 0.58
1.03 0.10 0.39
0.97 0.10 0.20
1.29 0.10 0.94
1.25 0.10 0.75
1.22 0.10 0.55
1.18 0.10 0.35
1.15 0.10 0.15
1.34 0.10 0.94
1.34 0.10 0.74
1.34 0.10 0.54
1.34 0.10 0.34
1.34 0.10 0.14
1.39 0.10 0.94
1.43 0.10 0.75
1.46 0.10 0.55
1.50 0.10 0.35
1.53 0.10 0.16
1.44 0.10 0.96
1.51 0.10 0.77
1.58 0.10 0.58
1.65 0.10 0.39
1.72 0.10 0.21
1.49 0.10 0.98
1.59 0.10 0.81
1.69 0.10 0.63
1.79 0.10 0.46
1.89 0.10 0.29
1.53 0.10 1.01
1.66 0.10 0.86
1.79 0.10 0.70
1.92 0.10 0.55
2.05 0.10 0.40
1.57 0.10 1.05
1.72 0.10 0.92
1.88 0.10 0.79
2.03 0.10 0.66
2.18 0.10 0.53
1.60 0.10 1.09
1.77 0.10 0.99
1.95 0.10 0.89
2.12 0.10 0.79
2.29 0.10 0.69
1.62 0.10 1.14
1.81 0.10 1.07
2.00 0.10 1.00
2.18 0.10 0.93
2.37 0.10 0.86
1.63 0.10 1.19
1.83 0.10 1.15
2.03 0.10 1.12
2.22 0.10 1.08
2.42 0.10 1.05
1.64 0.10 1.24
1.84 0.10 1.24
2.04 0.10 1.24
2.24 0.10 1.24
2.44 0.10 1.24
1.63 0.10 1.29
1.83 0.10 1.33
2.03 0.10 1.36
2.22 0.10 1.40
2.42 0.10 1.43
1.62 0.10 1.34
1.81 0.10 1.41
1.99 0.10 1.48
2.18 0.10 1.55
2.37 0.10 1.62
1.60 0.10 1.39
1.77 0.10 1.49
1.94 0.10 1.59
2.12 0.10 1.69
2.29 0.10 1.79
1.57 0.10 1.43
1.72 0.10 1.56
1.87 0.10 1.69
2.03 0.10 1.82
2.18 0.10 1.95
1.53 0.10 1.47
1.66 0.10 1.62
1.79 0.10 1.78
1.91 0.10 1.93
2.04 0.10 2.08
1.49 0.10 1.50
1.59 0.10 1.67
1.69 0.10 1.85
1.79 0.10 2.02
1.88 0.10 2.19
1.44 0.10 1.52
1.51 0.10 1.71
1.58 0.10 1.90
1.64 0.10 2.08
1.71 0.10 2.27
1.39 0.10 1.53
1.42 0.10 1.73
1.46 0.10 1.93
1.49 0.10 2.12
1.53 0.10 2.32
1.34 0.10 1.54
1.34 0.10 1.74
1.34 0.10 1.94
1.33 0.10 2.14
1.33 0.10 2.34
1.28 0.10 1.53
1.25 0.10 1.73
1.21 0.10 1.93
1.18 0.10 2.12
1.14 0.10 2.32
1.23 0.10 1.52
1.17 0.10 1.71
1.10 0.10 1.89
1.03 0.10 2.08
0.96 0.10 2.27
1.19 0.10 1.50
1.09 0.10 1.67
0.99 0.10 1.84
0.89 0.10 2.02
0.78 0.10 2.19
1.14 0.10 1.47
1.02 0.10 1.62
0.89 0.10 1.77
0.76 0.10 1.93
0.63 0.10 2.08
1.11 0.10 1.43
0.95 0.10 1.56
0.80 0.10 1.69
0.65 0.10 1.81
0.49 0.10 1.94
