0.30 0.00 7.45 1.00 0.00
0.30 0.00 7.62 1.00 0.00
0.30 0.00 7.80 1.00 0.00
0.30 0.00 7.97 1.00 0.00
0.30 0.00 8.15 1.00 0.00
0.30 0.00 8.32 1.00 0.00
0.30 0.00 8.50 1.00 0.00
0.30 0.00 8.67 1.00 0.00
0.30 0.00 8.85 1.00 0.00
0.30 0.00 9.02 1.00 0.00
0.30 0.00 9.19 1.00 0.00
0.30 0.00 9.37 1.00 0.00
0.30 0.00 9.54 1.00 0.00
0.30 0.00 9.72 1.00 0.00
0.30 0.00 9.89 1.00 0.00
0.30 0.00 10.07 1.00 0.00
0.30 0.00 10.24 1.00 0.00
0.30 0.00 10.42 1.00 0.00
0.50 0.00 7.47 1.00 0.00
0.50 0.00 7.65 1.00 0.00
0.50 0.00 7.82 1.00 0.00
0.50 0.00 8.00 1.00 0.00
0.50 0.00 8.17 1.00 0.00
0.50 0.00 8.35 1.00 0.00
0.50 0.00 8.52 1.00 0.00
0.50 0.00 8.70 1.00 0.00
0.50 0.00 8.87 1.00 0.00
0.50 0.00 9.05 1.00 0.00
0.50 0.00 9.22 1.00 0.00
0.50 0.00 9.39 1.00 0.00
0.50 0.00 9.57 1.00 0.00
0.50 0.00 9.74 1.00 0.00
0.50 0.00 9.92 1.00 0.00
0.50 0.00 10.09 1.00 0.00
0.50 0.00 10.27 1.00 0.00
0.50 0.00 10.44 1.00 0.00
0.70 0.00 7.50 1.00 0.00
0.70 0.00 7.67 1.00 0.00
0.70 0.00 7.85 1.00 0.00
0.70 0.00 8.02 1.00 0.00
0.70 0.00 8.20 1.00 0.00
0.70 0.00 8.37 1.00 0.00
0.70 0.00 8.54 1.00 0.00
0.70 0.00 8.72 1.00 0.00
0.70 0.00 8.89 1.00 0.00
0.70 0.00 9.07 1.00 0.00
0.70 0.00 9.24 1.00 0.00
0.70 0.00 9.42 1.00 0.00
0.70 0.00 9.59 1.00 0.00
0.70 0.00 9.77 1.00 0.00
0.70 0.00 9.94 1.00 0.00
0.70 0.00 10.11 1.00 0.00
0.70 0.00 10.29 1.00 0.00
0.70 0.00 10.46 1.00 0.00
0.90 0.00 1.23 1.00 0.00
0.90 0.00 1.41 1.00 0.00
0.90 0.00 1.58 1.00 0.00
0.90 0.00 1.76 1.00 0.00
0.90 0.00 1.93 1.00 0.00
0.90 0.00 2.11 1.00 0.00
0.90 0.00 2.28 1.00 0.00
0.90 0.00 2.46 1.00 0.00
0.90 0.00 2.63 1.00 0.00
0.90 0.00 2.80 1.00 0.00
0.90 0.00 2.98 1.00 0.00
0.90 0.00 3.15 1.00 0.00
0.90 0.00 3.33 1.00 0.00
0.90 0.00 3.50 1.00 0.00
0.90 0.00 3.68 1.00 0.00
0.90 0.00 3.85 1.00 0.00
0.90 0.00 4.03 1.00 0.00
0.90 0.00 4.20 1.00 0.00
1.10 0.00 1.25 1.00 0.00
1.10 0.00 1.43 1.00 0.00
1.10 0.00 1.60 1.00 0.00
1.10 0.00 1.78 1.00 0.00
1.10 0.00 1.95 1.00 0.00
1.10 0.00 2.12 1.00 0.00
1.10 0.00 2.30 1.00 0.00
1.10 0.00 2.47 1.00 0.00
1.10 0.00 2.65 1.00 0.00
1.10 0.00 2.82 1.00 0.00
1.10 0.00 3.00 1.00 0.00
1.10 0.00 3.17 1.00 0.00
1.10 0.00 3.35 1.00 0.00
1.10 0.00 3.52 1.00 0.00
1.10 0.00 3.70 1.00 0.00
1.10 0.00 3.87 1.00 0.00
1.10 0.00 4.04 1.00 0.00
1.10 0.00 4.22 1.00 0.00
0.30 0.17 7.43 1.00 0.00
0.30 0.17 7.61 1.00 0.00
0.30 0.17 7.78 1.00 0.00
0.30 0.17 7.96 1.00 0.00
0.30 0.17 8.13 1.00 0.00
0.30 0.17 8.31 1.00 0.00
0.30 0.17 8.48 1.00 0.00
0.30 0.17 8.65 1.00 0.00
0.30 0.17 8.83 1.00 0.00
0.30 0.17 9.00 1.00 0.00
0.30 0.17 9.18 1.00 0.00
0.30 0.17 9.35 1.00 0.00
0.30 0.17 9.53 1.00 0.00
0.30 0.17 9.70 1.00 0.00
0.30 0.17 9.88 1.00 0.00
0.30 0.17 10.05 1.00 0.00
0.30 0.17 10.23 1.00 0.00
0.30 0.17 10.40 1.00 0.00
0.50 0.17 7.45 1.00 0.00
0.50 0.17 7.62 1.00 0.00
0.50 0.17 7.80 1.00 0.00
0.50 0.17 7.97 1.00 0.00
0.50 0.17 8.15 1.00 0.00
0.50 0.17 8.32 1.00 0.00
0.50 0.17 8.50 1.00 0.00
0.50 0.17 8.67 1.00 0.00
0.50 0.17 8.84 1.00 0.00
0.50 0.17 9.02 1.00 0.00
0.50 0.17 9.19 1.00 0.00
0.50 0.17 9.37 1.00 0.00
0.50 0.17 9.54 1.00 0.00
0.50 0.17 9.72 1.00 0.00
0.50 0.17 9.89 1.00 0.00
0.50 0.17 10.07 1.00 0.00
0.50 0.17 10.24 1.00 0.00
0.50 0.17 10.42 1.00 0.00
0.70 0.17 7.46 1.00 0.00
0.70 0.17 7.64 1.00 0.00
0.70 0.17 7.81 1.00 0.00
0.70 0.17 7.99 1.00 0.00
0.70 0.17 8.16 1.00 0.00
0.70 0.17 8.33 1.00 0.00
0.70 0.17 8.51 1.00 0.00
0.70 0.17 8.68 1.00 0.00
0.70 0.17 8.86 1.00 0.00
0.70 0.17 9.03 1.00 0.00
0.70 0.17 9.21 1.00 0.00
0.70 0.17 9.38 1.00 0.00
0.70 0.17 9.56 1.00 0.00
0.70 0.17 9.73 1.00 0.00
0.70 0.17 9.91 1.00 0.00
0.70 0.17 10.08 1.00 0.00
0.70 0.17 10.25 1.00 0.00
0.70 0.17 10.43 1.00 0.00
0.90 0.17 7.47 1.00 0.00
0.90 0.17 7.65 1.00 0.00
0.90 0.17 7.82 1.00 0.00
0.90 0.17 8.00 1.00 0.00
0.90 0.17 8.17 1.00 0.00
0.90 0.17 8.35 1.00 0.00
0.90 0.17 8.52 1.00 0.00
0.90 0.17 8.70 1.00 0.00
0.90 0.17 8.87 1.00 0.00
0.90 0.17 9.04 1.00 0.00
0.90 0.17 9.22 1.00 0.00
0.90 0.17 9.39 1.00 0.00
0.90 0.17 9.57 1.00 0.00
0.90 0.17 9.74 1.00 0.00
0.90 0.17 9.92 1.00 0.00
0.90 0.17 10.09 1.00 0.00
0.90 0.17 10.27 1.00 0.00
0.90 0.17 10.44 1.00 0.00
1.10 0.17 7.48 1.00 0.00
1.10 0.17 7.66 1.00 0.00
1.10 0.17 7.83 1.00 0.00
1.10 0.17 8.01 1.00 0.00
1.10 0.17 8.18 1.00 0.00
1.10 0.17 8.36 1.00 0.00
1.10 0.17 8.53 1.00 0.00
1.10 0.17 8.71 1.00 0.00
1.10 0.17 8.88 1.00 0.00
1.10 0.17 9.06 1.00 0.00
1.10 0.17 9.23 1.00 0.00
1.10 0.17 9.40 1.00 0.00
1.10 0.17 9.58 1.00 0.00
1.10 0.17 9.75 1.00 0.00
1.10 0.17 9.93 1.00 0.00
1.10 0.17 10.10 1.00 0.00
1.10 0.17 10.28 1.00 0.00
1.10 0.17 10.45 1.00 0.00
0.30 0.35 7.42 1.00 0.00
0.30 0.35 7.59 1.00 0.00
0.30 0.35 7.76 1.00 0.00
0.30 0.35 7.94 1.00 0.00
0.30 0.35 8.11 1.00 0.00
0.30 0.35 8.29 1.00 0.00
0.30 0.35 8.46 1.00 0.00
0.30 0.35 8.64 1.00 0.00
0.30 0.35 8.81 1.00 0.00
0.30 0.35 8.99 1.00 0.00
0.30 0.35 9.16 1.00 0.00
0.30 0.35 9.34 1.00 0.00
0.30 0.35 9.51 1.00 0.00
0.30 0.35 9.68 1.00 0.00
0.30 0.35 9.86 1.00 0.00
0.30 0.35 10.03 1.00 0.00
0.30 0.35 10.21 1.00 0.00
0.30 0.35 10.38 1.00 0.00
0.50 0.35 7.42 1.00 0.00
0.50 0.35 7.60 1.00 0.00
0.50 0.35 7.77 1.00 0.00
0.50 0.35 7.94 1.00 0.00
0.50 0.35 8.12 1.00 0.00
0.50 0.35 8.29 1.00 0.00
0.50 0.35 8.47 1.00 0.00
0.50 0.35 8.64 1.00 0.00
0.50 0.35 8.82 1.00 0.00
0.50 0.35 8.99 1.00 0.00
0.50 0.35 9.17 1.00 0.00
0.50 0.35 9.34 1.00 0.00
0.50 0.35 9.52 1.00 0.00
0.50 0.35 9.69 1.00 0.00
0.50 0.35 9.86 1.00 0.00
0.50 0.35 10.04 1.00 0.00
0.50 0.35 10.21 1.00 0.00
0.50 0.35 10.39 1.00 0.00
0.70 0.35 7.43 1.00 0.00
0.70 0.35 7.60 1.00 0.00
0.70 0.35 7.78 1.00 0.00
0.70 0.35 7.95 1.00 0.00
0.70 0.35 8.12 1.00 0.00
0.70 0.35 8.30 1.00 0.00
0.70 0.35 8.47 1.00 0.00
0.70 0.35 8.65 1.00 0.00
0.70 0.35 8.82 1.00 0.00
0.70 0.35 9.00 1.00 0.00
0.70 0.35 9.17 1.00 0.00
0.70 0.35 9.35 1.00 0.00
0.70 0.35 9.52 1.00 0.00
0.70 0.35 9.70 1.00 0.00
0.70 0.35 9.87 1.00 0.00
0.70 0.35 10.04 1.00 0.00
0.70 0.35 10.22 1.00 0.00
0.70 0.35 10.39 1.00 0.00
0.90 0.35 7.43 1.00 0.00
0.90 0.35 7.61 1.00 0.00
0.90 0.35 7.78 1.00 0.00
0.90 0.35 7.95 1.00 0.00
0.90 0.35 8.13 1.00 0.00
0.90 0.35 8.30 1.00 0.00
0.90 0.35 8.48 1.00 0.00
0.90 0.35 8.65 1.00 0.00
0.90 0.35 8.83 1.00 0.00
0.90 0.35 9.00 1.00 0.00
0.90 0.35 9.18 1.00 0.00
0.90 0.35 9.35 1.00 0.00
0.90 0.35 9.52 1.00 0.00
0.90 0.35 9.70 1.00 0.00
0.90 0.35 9.87 1.00 0.00
0.90 0.35 10.05 1.00 0.00
0.90 0.35 10.22 1.00 0.00
0.90 0.35 10.40 1.00 0.00
1.10 0.35 7.43 1.00 0.00
1.10 0.35 7.61 1.00 0.00
1.10 0.35 7.78 1.00 0.00
1.10 0.35 7.96 1.00 0.00
1.10 0.35 8.13 1.00 0.00
1.10 0.35 8.31 1.00 0.00
1.10 0.35 8.48 1.00 0.00
1.10 0.35 8.66 1.00 0.00
1.10 0.35 8.83 1.00 0.00
1.10 0.35 9.01 1.00 0.00
1.10 0.35 9.18 1.00 0.00
1.10 0.35 9.35 1.00 0.00
1.10 0.35 9.53 1.00 0.00
1.10 0.35 9.70 1.00 0.00
1.10 0.35 9.88 1.00 0.00
1.10 0.35 10.05 1.00 0.00
1.10 0.35 10.23 1.00 0.00
1.10 0.35 10.40 1.00 0.00
0.30 0.52 7.40 1.00 0.00
0.30 0.52 7.57 1.00 0.00
0.30 0.52 7.75 1.00 0.00
0.30 0.52 7.92 1.00 0.00
0.30 0.52 8.10 1.00 0.00
0.30 0.52 8.27 1.00 0.00
0.30 0.52 8.45 1.00 0.00
0.30 0.52 8.62 1.00 0.00
0.30 0.52 8.79 1.00 0.00
0.30 0.52 8.97 1.00 0.00
0.30 0.52 9.14 1.00 0.00
0.30 0.52 9.32 1.00 0.00
0.30 0.52 9.49 1.00 0.00
0.30 0.52 9.67 1.00 0.00
0.30 0.52 9.84 1.00 0.00
0.30 0.52 10.02 1.00 0.00
0.30 0.52 10.19 1.00 0.00
0.30 0.52 10.37 1.00 0.00
0.50 0.52 7.39 1.00 0.00
0.50 0.52 7.57 1.00 0.00
0.50 0.52 7.74 1.00 0.00
0.50 0.52 7.92 1.00 0.00
0.50 0.52 8.09 1.00 0.00
0.50 0.52 8.27 1.00 0.00
0.50 0.52 8.44 1.00 0.00
0.50 0.52 8.62 1.00 0.00
0.50 0.52 8.79 1.00 0.00
0.50 0.52 8.96 1.00 0.00
0.50 0.52 9.14 1.00 0.00
0.50 0.52 9.31 1.00 0.00
0.50 0.52 9.49 1.00 0.00
0.50 0.52 9.66 1.00 0.00
0.50 0.52 9.84 1.00 0.00
0.50 0.52 10.01 1.00 0.00
0.50 0.52 10.19 1.00 0.00
0.50 0.52 10.36 1.00 0.00
0.70 0.52 7.39 1.00 0.00
0.70 0.52 7.56 1.00 0.00
0.70 0.52 7.74 1.00 0.00
0.70 0.52 7.91 1.00 0.00
0.70 0.52 8.09 1.00 0.00
0.70 0.52 8.26 1.00 0.00
0.70 0.52 8.44 1.00 0.00
0.70 0.52 8.61 1.00 0.00
0.70 0.52 8.79 1.00 0.00
0.70 0.52 8.96 1.00 0.00
0.70 0.52 9.14 1.00 0.00
0.70 0.52 9.31 1.00 0.00
0.70 0.52 9.48 1.00 0.00
0.70 0.52 9.66 1.00 0.00
0.70 0.52 9.83 1.00 0.00
0.70 0.52 10.01 1.00 0.00
0.70 0.52 10.18 1.00 0.00
0.70 0.52 10.36 1.00 0.00
0.90 0.52 7.39 1.00 0.00
0.90 0.52 7.56 1.00 0.00
0.90 0.52 7.74 1.00 0.00
0.90 0.52 7.91 1.00 0.00
0.90 0.52 8.08 1.00 0.00
0.90 0.52 8.26 1.00 0.00
0.90 0.52 8.43 1.00 0.00
0.90 0.52 8.61 1.00 0.00
0.90 0.52 8.78 1.00 0.00
0.90 0.52 8.96 1.00 0.00
0.90 0.52 9.13 1.00 0.00
0.90 0.52 9.31 1.00 0.00
0.90 0.52 9.48 1.00 0.00
0.90 0.52 9.66 1.00 0.00
0.90 0.52 9.83 1.00 0.00
0.90 0.52 10.00 1.00 0.00
0.90 0.52 10.18 1.00 0.00
0.90 0.52 10.35 1.00 0.00
1.10 0.52 7.38 1.00 0.00
1.10 0.52 7.56 1.00 0.00
1.10 0.52 7.73 1.00 0.00
1.10 0.52 7.91 1.00 0.00
1.10 0.52 8.08 1.00 0.00
1.10 0.52 8.26 1.00 0.00
1.10 0.52 8.43 1.00 0.00
1.10 0.52 8.61 1.00 0.00
1.10 0.52 8.78 1.00 0.00
1.10 0.52 8.95 1.00 0.00
1.10 0.52 9.13 1.00 0.00
1.10 0.52 9.30 1.00 0.00
1.10 0.52 9.48 1.00 0.00
1.10 0.52 9.65 1.00 0.00
1.10 0.52 9.83 1.00 0.00
1.10 0.52 10.00 1.00 0.00
1.10 0.52 10.18 1.00 0.00
1.10 0.52 10.35 1.00 0.00
0.30 0.70 7.38 1.00 0.00
0.30 0.70 7.56 1.00 0.00
0.30 0.70 7.73 1.00 0.00
0.30 0.70 7.90 1.00 0.00
0.30 0.70 8.08 1.00 0.00
0.30 0.70 8.25 1.00 0.00
0.30 0.70 8.43 1.00 0.00
0.30 0.70 8.60 1.00 0.00
0.30 0.70 8.78 1.00 0.00
0.30 0.70 8.95 1.00 0.00
0.30 0.70 9.13 1.00 0.00
0.30 0.70 9.30 1.00 0.00
0.30 0.70 9.48 1.00 0.00
0.30 0.70 9.65 1.00 0.00
0.30 0.70 9.82 1.00 0.00
0.30 0.70 10.00 1.00 0.00
0.30 0.70 10.17 1.00 0.00
0.30 0.70 10.35 1.00 0.00
0.50 0.70 7.37 1.00 0.00
0.50 0.70 7.54 1.00 0.00
0.50 0.70 7.72 1.00 0.00
0.50 0.70 7.89 1.00 0.00
0.50 0.70 8.06 1.00 0.00
0.50 0.70 8.24 1.00 0.00
0.50 0.70 8.41 1.00 0.00
0.50 0.70 8.59 1.00 0.00
0.50 0.70 8.76 1.00 0.00
0.50 0.70 8.94 1.00 0.00
0.50 0.70 9.11 1.00 0.00
0.50 0.70 9.29 1.00 0.00
0.50 0.70 9.46 1.00 0.00
0.50 0.70 9.64 1.00 0.00
0.50 0.70 9.81 1.00 0.00
0.50 0.70 9.98 1.00 0.00
0.50 0.70 10.16 1.00 0.00
0.50 0.70 10.33 1.00 0.00
0.70 0.70 7.35 1.00 0.00
0.70 0.70 7.53 1.00 0.00
0.70 0.70 7.70 1.00 0.00
0.70 0.70 7.88 1.00 0.00
0.70 0.70 8.05 1.00 0.00
0.70 0.70 8.23 1.00 0.00
0.70 0.70 8.40 1.00 0.00
0.70 0.70 8.58 1.00 0.00
0.70 0.70 8.75 1.00 0.00
0.70 0.70 8.92 1.00 0.00
0.70 0.70 9.10 1.00 0.00
0.70 0.70 9.27 1.00 0.00
0.70 0.70 9.45 1.00 0.00
0.70 0.70 9.62 1.00 0.00
0.70 0.70 9.80 1.00 0.00
0.70 0.70 9.97 1.00 0.00
0.70 0.70 10.15 1.00 0.00
0.70 0.70 10.32 1.00 0.00
0.90 0.70 7.34 1.00 0.00
0.90 0.70 7.52 1.00 0.00
0.90 0.70 7.69 1.00 0.00
0.90 0.70 7.87 1.00 0.00
0.90 0.70 8.04 1.00 0.00
0.90 0.70 8.22 1.00 0.00
0.90 0.70 8.39 1.00 0.00
0.90 0.70 8.56 1.00 0.00
0.90 0.70 8.74 1.00 0.00
0.90 0.70 8.91 1.00 0.00
0.90 0.70 9.09 1.00 0.00
0.90 0.70 9.26 1.00 0.00
0.90 0.70 9.44 1.00 0.00
0.90 0.70 9.61 1.00 0.00
0.90 0.70 9.79 1.00 0.00
0.90 0.70 9.96 1.00 0.00
0.90 0.70 10.14 1.00 0.00
0.90 0.70 10.31 1.00 0.00
1.10 0.70 7.33 1.00 0.00
1.10 0.70 7.51 1.00 0.00
1.10 0.70 7.68 1.00 0.00
1.10 0.70 7.86 1.00 0.00
1.10 0.70 8.03 1.00 0.00
1.10 0.70 8.21 1.00 0.00
1.10 0.70 8.38 1.00 0.00
1.10 0.70 8.55 1.00 0.00
1.10 0.70 8.73 1.00 0.00
1.10 0.70 8.90 1.00 0.00
1.10 0.70 9.08 1.00 0.00
1.10 0.70 9.25 1.00 0.00
1.10 0.70 9.43 1.00 0.00
1.10 0.70 9.60 1.00 0.00
1.10 0.70 9.78 1.00 0.00
1.10 0.70 9.95 1.00 0.00
1.10 0.70 10.13 1.00 0.00
1.10 0.70 10.30 1.00 0.00
0.30 0.87 7.36 1.00 0.00
0.30 0.87 7.54 1.00 0.00
0.30 0.87 7.71 1.00 0.00
0.30 0.87 7.89 1.00 0.00
0.30 0.87 8.06 1.00 0.00
0.30 0.87 8.24 1.00 0.00
0.30 0.87 8.41 1.00 0.00
0.30 0.87 8.59 1.00 0.00
0.30 0.87 8.76 1.00 0.00
0.30 0.87 8.93 1.00 0.00
0.30 0.87 9.11 1.00 0.00
0.30 0.87 9.28 1.00 0.00
0.30 0.87 9.46 1.00 0.00
0.30 0.87 9.63 1.00 0.00
0.30 0.87 9.81 1.00 0.00
0.30 0.87 9.98 1.00 0.00
0.30 0.87 10.16 1.00 0.00
0.30 0.87 10.33 1.00 0.00
0.50 0.87 7.34 1.00 0.00
0.50 0.87 7.51 1.00 0.00
0.50 0.87 7.69 1.00 0.00
0.50 0.87 7.86 1.00 0.00
0.50 0.87 8.04 1.00 0.00
0.50 0.87 8.21 1.00 0.00
0.50 0.87 8.39 1.00 0.00
0.50 0.87 8.56 1.00 0.00
0.50 0.87 8.74 1.00 0.00
0.50 0.87 8.91 1.00 0.00
0.50 0.87 9.09 1.00 0.00
0.50 0.87 9.26 1.00 0.00
0.50 0.87 9.43 1.00 0.00
0.50 0.87 9.61 1.00 0.00
0.50 0.87 9.78 1.00 0.00
0.50 0.87 9.96 1.00 0.00
0.50 0.87 10.13 1.00 0.00
0.50 0.87 10.31 1.00 0.00
0.70 0.87 7.32 1.00 0.00
0.70 0.87 7.49 1.00 0.00
0.70 0.87 7.67 1.00 0.00
0.70 0.87 7.84 1.00 0.00
0.70 0.87 8.02 1.00 0.00
0.70 0.87 8.19 1.00 0.00
0.70 0.87 8.37 1.00 0.00
0.70 0.87 8.54 1.00 0.00
0.70 0.87 8.72 1.00 0.00
0.70 0.87 8.89 1.00 0.00
0.70 0.87 9.06 1.00 0.00
0.70 0.87 9.24 1.00 0.00
0.70 0.87 9.41 1.00 0.00
0.70 0.87 9.59 1.00 0.00
0.70 0.87 9.76 1.00 0.00
0.70 0.87 9.94 1.00 0.00
0.70 0.87 10.11 1.00 0.00
0.70 0.87 10.29 1.00 0.00
0.90 0.87 7.30 1.00 0.00
0.90 0.87 7.47 1.00 0.00
0.90 0.87 7.65 1.00 0.00
0.90 0.87 7.82 1.00 0.00
0.90 0.87 8.00 1.00 0.00
0.90 0.87 8.17 1.00 0.00
0.90 0.87 8.35 1.00 0.00
0.90 0.87 8.52 1.00 0.00
0.90 0.87 8.70 1.00 0.00
0.90 0.87 8.87 1.00 0.00
0.90 0.87 9.05 1.00 0.00
0.90 0.87 9.22 1.00 0.00
0.90 0.87 9.39 1.00 0.00
0.90 0.87 9.57 1.00 0.00
0.90 0.87 9.74 1.00 0.00
0.90 0.87 9.92 1.00 0.00
0.90 0.87 10.09 1.00 0.00
0.90 0.87 10.27 1.00 0.00
1.10 0.87 7.28 1.00 0.00
1.10 0.87 7.46 1.00 0.00
1.10 0.87 7.63 1.00 0.00
1.10 0.87 7.81 1.00 0.00
1.10 0.87 7.98 1.00 0.00
1.10 0.87 8.16 1.00 0.00
1.10 0.87 8.33 1.00 0.00
1.10 0.87 8.51 1.00 0.00
1.10 0.87 8.68 1.00 0.00
1.10 0.87 8.85 1.00 0.00
1.10 0.87 9.03 1.00 0.00
1.10 0.87 9.20 1.00 0.00
1.10 0.87 9.38 1.00 0.00
1.10 0.87 9.55 1.00 0.00
1.10 0.87 9.73 1.00 0.00
1.10 0.87 9.90 1.00 0.00
1.10 0.87 10.08 1.00 0.00
1.10 0.87 10.25 1.00 0.00
0.30 1.05 7.35 1.00 0.00
0.30 1.05 7.52 1.00 0.00
0.30 1.05 7.70 1.00 0.00
0.30 1.05 7.87 1.00 0.00
0.30 1.05 8.05 1.00 0.00
0.30 1.05 8.22 1.00 0.00
0.30 1.05 8.40 1.00 0.00
0.30 1.05 8.57 1.00 0.00
0.30 1.05 8.74 1.00 0.00
0.30 1.05 8.92 1.00 0.00
0.30 1.05 9.09 1.00 0.00
0.30 1.05 9.27 1.00 0.00
0.30 1.05 9.44 1.00 0.00
0.30 1.05 9.62 1.00 0.00
0.30 1.05 9.79 1.00 0.00
0.30 1.05 9.97 1.00 0.00
0.30 1.05 10.14 1.00 0.00
0.30 1.05 10.32 1.00 0.00
0.50 1.05 7.31 1.00 0.00
0.50 1.05 7.49 1.00 0.00
0.50 1.05 7.66 1.00 0.00
0.50 1.05 7.84 1.00 0.00
0.50 1.05 8.01 1.00 0.00
0.50 1.05 8.19 1.00 0.00
0.50 1.05 8.36 1.00 0.00
0.50 1.05 8.54 1.00 0.00
0.50 1.05 8.71 1.00 0.00
0.50 1.05 8.89 1.00 0.00
0.50 1.05 9.06 1.00 0.00
0.50 1.05 9.23 1.00 0.00
0.50 1.05 9.41 1.00 0.00
0.50 1.05 9.58 1.00 0.00
0.50 1.05 9.76 1.00 0.00
0.50 1.05 9.93 1.00 0.00
0.50 1.05 10.11 1.00 0.00
0.50 1.05 10.28 1.00 0.00
0.70 1.05 7.29 1.00 0.00
0.70 1.05 7.46 1.00 0.00
0.70 1.05 7.63 1.00 0.00
0.70 1.05 7.81 1.00 0.00
0.70 1.05 7.98 1.00 0.00
0.70 1.05 8.16 1.00 0.00
0.70 1.05 8.33 1.00 0.00
0.70 1.05 8.51 1.00 0.00
0.70 1.05 8.68 1.00 0.00
0.70 1.05 8.86 1.00 0.00
0.70 1.05 9.03 1.00 0.00
0.70 1.05 9.21 1.00 0.00
0.70 1.05 9.38 1.00 0.00
0.70 1.05 9.55 1.00 0.00
0.70 1.05 9.73 1.00 0.00
0.70 1.05 9.90 1.00 0.00
0.70 1.05 10.08 1.00 0.00
0.70 1.05 10.25 1.00 0.00
0.90 1.05 7.26 1.00 0.00
0.90 1.05 7.43 1.00 0.00
0.90 1.05 7.61 1.00 0.00
0.90 1.05 7.78 1.00 0.00
0.90 1.05 7.96 1.00 0.00
0.90 1.05 8.13 1.00 0.00
0.90 1.05 8.31 1.00 0.00
0.90 1.05 8.48 1.00 0.00
0.90 1.05 8.65 1.00 0.00
0.90 1.05 8.83 1.00 0.00
0.90 1.05 9.00 1.00 0.00
0.90 1.05 9.18 1.00 0.00
0.90 1.05 9.35 1.00 0.00
0.90 1.05 9.53 1.00 0.00
0.90 1.05 9.70 1.00 0.00
0.90 1.05 9.88 1.00 0.00
0.90 1.05 10.05 1.00 0.00
0.90 1.05 10.23 1.00 0.00
1.10 1.05 7.23 1.00 0.00
1.10 1.05 7.41 1.00 0.00
1.10 1.05 7.58 1.00 0.00
1.10 1.05 7.76 1.00 0.00
1.10 1.05 7.93 1.00 0.00
1.10 1.05 8.11 1.00 0.00
1.10 1.05 8.28 1.00 0.00
1.10 1.05 8.46 1.00 0.00
1.10 1.05 8.63 1.00 0.00
1.10 1.05 8.81 1.00 0.00
1.10 1.05 8.98 1.00 0.00
1.10 1.05 9.15 1.00 0.00
1.10 1.05 9.33 1.00 0.00
1.10 1.05 9.50 1.00 0.00
1.10 1.05 9.68 1.00 0.00
1.10 1.05 9.85 1.00 0.00
1.10 1.05 10.03 1.00 0.00
1.10 1.05 10.20 1.00 0.00
0.30 1.22 7.33 1.00 0.00
0.30 1.22 7.51 1.00 0.00
0.30 1.22 7.68 1.00 0.00
0.30 1.22 7.86 1.00 0.00
0.30 1.22 8.03 1.00 0.00
0.30 1.22 8.21 1.00 0.00
0.30 1.22 8.38 1.00 0.00
0.30 1.22 8.56 1.00 0.00
0.30 1.22 8.73 1.00 0.00
0.30 1.22 8.90 1.00 0.00
0.30 1.22 9.08 1.00 0.00
0.30 1.22 9.25 1.00 0.00
0.30 1.22 9.43 1.00 0.00
0.30 1.22 9.60 1.00 0.00
0.30 1.22 9.78 1.00 0.00
0.30 1.22 9.95 1.00 0.00
0.30 1.22 10.13 1.00 0.00
0.30 1.22 10.30 1.00 0.00
0.50 1.22 7.29 1.00 0.00
0.50 1.22 7.47 1.00 0.00
0.50 1.22 7.64 1.00 0.00
0.50 1.22 7.81 1.00 0.00
0.50 1.22 7.99 1.00 0.00
0.50 1.22 8.16 1.00 0.00
0.50 1.22 8.34 1.00 0.00
0.50 1.22 8.51 1.00 0.00
0.50 1.22 8.69 1.00 0.00
0.50 1.22 8.86 1.00 0.00
0.50 1.22 9.04 1.00 0.00
0.50 1.22 9.21 1.00 0.00
0.50 1.22 9.39 1.00 0.00
0.50 1.22 9.56 1.00 0.00
0.50 1.22 9.73 1.00 0.00
0.50 1.22 9.91 1.00 0.00
0.50 1.22 10.08 1.00 0.00
0.50 1.22 10.26 1.00 0.00
0.70 1.22 7.25 1.00 0.00
0.70 1.22 7.43 1.00 0.00
0.70 1.22 7.60 1.00 0.00
0.70 1.22 7.78 1.00 0.00
0.70 1.22 7.95 1.00 0.00
0.70 1.22 8.13 1.00 0.00
0.70 1.22 8.30 1.00 0.00
0.70 1.22 8.47 1.00 0.00
0.70 1.22 8.65 1.00 0.00
0.70 1.22 8.82 1.00 0.00
0.70 1.22 9.00 1.00 0.00
0.70 1.22 9.17 1.00 0.00
0.70 1.22 9.35 1.00 0.00
0.70 1.22 9.52 1.00 0.00
0.70 1.22 9.70 1.00 0.00
0.70 1.22 9.87 1.00 0.00
0.70 1.22 10.05 1.00 0.00
0.70 1.22 10.22 1.00 0.00
0.90 1.22 7.22 1.00 0.00
0.90 1.22 7.39 1.00 0.00
0.90 1.22 7.57 1.00 0.00
0.90 1.22 7.74 1.00 0.00
0.90 1.22 7.92 1.00 0.00
0.90 1.22 8.09 1.00 0.00
0.90 1.22 8.27 1.00 0.00
0.90 1.22 8.44 1.00 0.00
0.90 1.22 8.62 1.00 0.00
0.90 1.22 8.79 1.00 0.00
0.90 1.22 8.96 1.00 0.00
0.90 1.22 9.14 1.00 0.00
0.90 1.22 9.31 1.00 0.00
0.90 1.22 9.49 1.00 0.00
0.90 1.22 9.66 1.00 0.00
0.90 1.22 9.84 1.00 0.00
0.90 1.22 10.01 1.00 0.00
0.90 1.22 10.19 1.00 0.00
1.10 1.22 7.19 1.00 0.00
1.10 1.22 7.36 1.00 0.00
1.10 1.22 7.54 1.00 0.00
1.10 1.22 7.71 1.00 0.00
1.10 1.22 7.89 1.00 0.00
1.10 1.22 8.06 1.00 0.00
1.10 1.22 8.23 1.00 0.00
1.10 1.22 8.41 1.00 0.00
1.10 1.22 8.58 1.00 0.00
1.10 1.22 8.76 1.00 0.00
1.10 1.22 8.93 1.00 0.00
1.10 1.22 9.11 1.00 0.00
1.10 1.22 9.28 1.00 0.00
1.10 1.22 9.46 1.00 0.00
1.10 1.22 9.63 1.00 0.00
1.10 1.22 9.81 1.00 0.00
1.10 1.22 9.98 1.00 0.00
1.10 1.22 10.15 1.00 0.00
0.30 1.40 7.32 1.00 0.00
0.30 1.40 7.50 1.00 0.00
0.30 1.40 7.67 1.00 0.00
0.30 1.40 7.84 1.00 0.00
0.30 1.40 8.02 1.00 0.00
0.30 1.40 8.19 1.00 0.00
0.30 1.40 8.37 1.00 0.00
0.30 1.40 8.54 1.00 0.00
0.30 1.40 8.72 1.00 0.00
0.30 1.40 8.89 1.00 0.00
0.30 1.40 9.07 1.00 0.00
0.30 1.40 9.24 1.00 0.00
0.30 1.40 9.41 1.00 0.00
0.30 1.40 9.59 1.00 0.00
0.30 1.40 9.76 1.00 0.00
0.30 1.40 9.94 1.00 0.00
0.30 1.40 10.11 1.00 0.00
0.30 1.40 10.29 1.00 0.00
0.50 1.40 7.27 1.00 0.00
0.50 1.40 7.44 1.00 0.00
0.50 1.40 7.62 1.00 0.00
0.50 1.40 7.79 1.00 0.00
0.50 1.40 7.97 1.00 0.00
0.50 1.40 8.14 1.00 0.00
0.50 1.40 8.32 1.00 0.00
0.50 1.40 8.49 1.00 0.00
0.50 1.40 8.67 1.00 0.00
0.50 1.40 8.84 1.00 0.00
0.50 1.40 9.02 1.00 0.00
0.50 1.40 9.19 1.00 0.00
0.50 1.40 9.36 1.00 0.00
0.50 1.40 9.54 1.00 0.00
0.50 1.40 9.71 1.00 0.00
0.50 1.40 9.89 1.00 0.00
0.50 1.40 10.06 1.00 0.00
0.50 1.40 10.24 1.00 0.00
0.70 1.40 7.22 1.00 0.00
0.70 1.40 7.40 1.00 0.00
0.70 1.40 7.57 1.00 0.00
0.70 1.40 7.75 1.00 0.00
0.70 1.40 7.92 1.00 0.00
0.70 1.40 8.10 1.00 0.00
0.70 1.40 8.27 1.00 0.00
0.70 1.40 8.45 1.00 0.00
0.70 1.40 8.62 1.00 0.00
0.70 1.40 8.79 1.00 0.00
0.70 1.40 8.97 1.00 0.00
0.70 1.40 9.14 1.00 0.00
0.70 1.40 9.32 1.00 0.00
0.70 1.40 9.49 1.00 0.00
0.70 1.40 9.67 1.00 0.00
0.70 1.40 9.84 1.00 0.00
0.70 1.40 10.02 1.00 0.00
0.70 1.40 10.19 1.00 0.00
0.90 1.40 7.18 1.00 0.00
0.90 1.40 7.36 1.00 0.00
0.90 1.40 7.53 1.00 0.00
0.90 1.40 7.71 1.00 0.00
0.90 1.40 7.88 1.00 0.00
0.90 1.40 8.05 1.00 0.00
0.90 1.40 8.23 1.00 0.00
0.90 1.40 8.40 1.00 0.00
0.90 1.40 8.58 1.00 0.00
0.90 1.40 8.75 1.00 0.00
0.90 1.40 8.93 1.00 0.00
0.90 1.40 9.10 1.00 0.00
0.90 1.40 9.28 1.00 0.00
0.90 1.40 9.45 1.00 0.00
0.90 1.40 9.62 1.00 0.00
0.90 1.40 9.80 1.00 0.00
0.90 1.40 9.97 1.00 0.00
0.90 1.40 10.15 1.00 0.00
1.10 1.40 7.14 1.00 0.00
1.10 1.40 7.32 1.00 0.00
1.10 1.40 7.49 1.00 0.00
1.10 1.40 7.67 1.00 0.00
1.10 1.40 7.84 1.00 0.00
1.10 1.40 8.02 1.00 0.00
1.10 1.40 8.19 1.00 0.00
1.10 1.40 8.36 1.00 0.00
1.10 1.40 8.54 1.00 0.00
1.10 1.40 8.71 1.00 0.00
1.10 1.40 8.89 1.00 0.00
1.10 1.40 9.06 1.00 0.00
1.10 1.40 9.24 1.00 0.00
1.10 1.40 9.41 1.00 0.00
1.10 1.40 9.59 1.00 0.00
1.10 1.40 9.76 1.00 0.00
1.10 1.40 9.94 1.00 0.00
1.10 1.40 10.11 1.00 0.00
0.30 1.57 7.31 1.00 0.00
0.30 1.57 7.48 1.00 0.00
0.30 1.57 7.66 1.00 0.00
0.30 1.57 7.83 1.00 0.00
0.30 1.57 8.01 1.00 0.00
0.30 1.57 8.18 1.00 0.00
0.30 1.57 8.36 1.00 0.00
0.30 1.57 8.53 1.00 0.00
0.30 1.57 8.71 1.00 0.00
0.30 1.57 8.88 1.00 0.00
0.30 1.57 9.06 1.00 0.00
0.30 1.57 9.23 1.00 0.00
0.30 1.57 9.40 1.00 0.00
0.30 1.57 9.58 1.00 0.00
0.30 1.57 9.75 1.00 0.00
0.30 1.57 9.93 1.00 0.00
0.30 1.57 10.10 1.00 0.00
0.30 1.57 10.28 1.00 0.00
0.50 1.57 7.25 1.00 0.00
0.50 1.57 7.43 1.00 0.00
0.50 1.57 7.60 1.00 0.00
0.50 1.57 7.78 1.00 0.00
0.50 1.57 7.95 1.00 0.00
0.50 1.57 8.12 1.00 0.00
0.50 1.57 8.30 1.00 0.00
0.50 1.57 8.47 1.00 0.00
0.50 1.57 8.65 1.00 0.00
0.50 1.57 8.82 1.00 0.00
0.50 1.57 9.00 1.00 0.00
0.50 1.57 9.17 1.00 0.00
0.50 1.57 9.35 1.00 0.00
0.50 1.57 9.52 1.00 0.00
0.50 1.57 9.69 1.00 0.00
0.50 1.57 9.87 1.00 0.00
0.50 1.57 10.04 1.00 0.00
0.50 1.57 10.22 1.00 0.00
0.70 1.57 7.20 1.00 0.00
0.70 1.57 7.37 1.00 0.00
0.70 1.57 7.55 1.00 0.00
0.70 1.57 7.72 1.00 0.00
0.70 1.57 7.90 1.00 0.00
0.70 1.57 8.07 1.00 0.00
0.70 1.57 8.24 1.00 0.00
0.70 1.57 8.42 1.00 0.00
0.70 1.57 8.59 1.00 0.00
0.70 1.57 8.77 1.00 0.00
0.70 1.57 8.94 1.00 0.00
0.70 1.57 9.12 1.00 0.00
0.70 1.57 9.29 1.00 0.00
0.70 1.57 9.47 1.00 0.00
0.70 1.57 9.64 1.00 0.00
0.70 1.57 9.82 1.00 0.00
0.70 1.57 9.99 1.00 0.00
0.70 1.57 10.16 1.00 0.00
0.90 1.57 7.15 1.00 0.00
0.90 1.57 7.32 1.00 0.00
0.90 1.57 7.50 1.00 0.00
0.90 1.57 7.67 1.00 0.00
0.90 1.57 7.85 1.00 0.00
0.90 1.57 8.02 1.00 0.00
0.90 1.57 8.19 1.00 0.00
0.90 1.57 8.37 1.00 0.00
0.90 1.57 8.54 1.00 0.00
0.90 1.57 8.72 1.00 0.00
0.90 1.57 8.89 1.00 0.00
0.90 1.57 9.07 1.00 0.00
0.90 1.57 9.24 1.00 0.00
0.90 1.57 9.42 1.00 0.00
0.90 1.57 9.59 1.00 0.00
0.90 1.57 9.77 1.00 0.00
0.90 1.57 9.94 1.00 0.00
0.90 1.57 10.11 1.00 0.00
1.10 1.57 7.10 1.00 0.00
1.10 1.57 7.28 1.00 0.00
1.10 1.57 7.45 1.00 0.00
1.10 1.57 7.63 1.00 0.00
1.10 1.57 7.80 1.00 0.00
1.10 1.57 7.97 1.00 0.00
1.10 1.57 8.15 1.00 0.00
1.10 1.57 8.32 1.00 0.00
1.10 1.57 8.50 1.00 0.00
1.10 1.57 8.67 1.00 0.00
1.10 1.57 8.85 1.00 0.00
1.10 1.57 9.02 1.00 0.00
1.10 1.57 9.20 1.00 0.00
1.10 1.57 9.37 1.00 0.00
1.10 1.57 9.54 1.00 0.00
1.10 1.57 9.72 1.00 0.00
1.10 1.57 9.89 1.00 0.00
1.10 1.57 10.07 1.00 0.00
0.30 1.75 7.30 1.00 0.00
0.30 1.75 7.48 1.00 0.00
0.30 1.75 7.65 1.00 0.00
0.30 1.75 7.83 1.00 0.00
0.30 1.75 8.00 1.00 0.00
0.30 1.75 8.17 1.00 0.00
0.30 1.75 8.35 1.00 0.00
0.30 1.75 8.52 1.00 0.00
0.30 1.75 8.70 1.00 0.00
0.30 1.75 8.87 1.00 0.00
0.30 1.75 9.05 1.00 0.00
0.30 1.75 9.22 1.00 0.00
0.30 1.75 9.40 1.00 0.00
0.30 1.75 9.57 1.00 0.00
0.30 1.75 9.74 1.00 0.00
0.30 1.75 9.92 1.00 0.00
0.30 1.75 10.09 1.00 0.00
0.30 1.75 10.27 1.00 0.00
0.50 1.75 7.24 1.00 0.00
0.50 1.75 7.41 1.00 0.00
0.50 1.75 7.59 1.00 0.00
0.50 1.75 7.76 1.00 0.00
0.50 1.75 7.93 1.00 0.00
0.50 1.75 8.11 1.00 0.00
0.50 1.75 8.28 1.00 0.00
0.50 1.75 8.46 1.00 0.00
0.50 1.75 8.63 1.00 0.00
0.50 1.75 8.81 1.00 0.00
0.50 1.75 8.98 1.00 0.00
0.50 1.75 9.16 1.00 0.00
0.50 1.75 9.33 1.00 0.00
0.50 1.75 9.51 1.00 0.00
0.50 1.75 9.68 1.00 0.00
0.50 1.75 9.85 1.00 0.00
0.50 1.75 10.03 1.00 0.00
0.50 1.75 10.20 1.00 0.00
0.70 1.75 7.18 1.00 0.00
0.70 1.75 7.35 1.00 0.00
0.70 1.75 7.52 1.00 0.00
0.70 1.75 7.70 1.00 0.00
0.70 1.75 7.87 1.00 0.00
0.70 1.75 8.05 1.00 0.00
0.70 1.75 8.22 1.00 0.00
0.70 1.75 8.40 1.00 0.00
0.70 1.75 8.57 1.00 0.00
0.70 1.75 8.75 1.00 0.00
0.70 1.75 8.92 1.00 0.00
0.70 1.75 9.09 1.00 0.00
0.70 1.75 9.27 1.00 0.00
0.70 1.75 9.44 1.00 0.00
0.70 1.75 9.62 1.00 0.00
0.70 1.75 9.79 1.00 0.00
0.70 1.75 9.97 1.00 0.00
0.70 1.75 10.14 1.00 0.00
0.90 1.75 7.12 1.00 0.00
0.90 1.75 7.29 1.00 0.00
0.90 1.75 7.47 1.00 0.00
0.90 1.75 7.64 1.00 0.00
0.90 1.75 7.82 1.00 0.00
0.90 1.75 7.99 1.00 0.00
0.90 1.75 8.16 1.00 0.00
0.90 1.75 8.34 1.00 0.00
0.90 1.75 8.51 1.00 0.00
0.90 1.75 8.69 1.00 0.00
0.90 1.75 8.86 1.00 0.00
0.90 1.75 9.04 1.00 0.00
0.90 1.75 9.21 1.00 0.00
0.90 1.75 9.39 1.00 0.00
0.90 1.75 9.56 1.00 0.00
0.90 1.75 9.74 1.00 0.00
0.90 1.75 9.91 1.00 0.00
0.90 1.75 10.08 1.00 0.00
1.10 1.75 7.06 1.00 0.00
1.10 1.75 7.24 1.00 0.00
1.10 1.75 7.41 1.00 0.00
1.10 1.75 7.59 1.00 0.00
1.10 1.75 7.76 1.00 0.00
1.10 1.75 7.94 1.00 0.00
1.10 1.75 8.11 1.00 0.00
1.10 1.75 8.29 1.00 0.00
1.10 1.75 8.46 1.00 0.00
1.10 1.75 8.63 1.00 0.00
1.10 1.75 8.81 1.00 0.00
1.10 1.75 8.98 1.00 0.00
1.10 1.75 9.16 1.00 0.00
1.10 1.75 9.33 1.00 0.00
1.10 1.75 9.51 1.00 0.00
1.10 1.75 9.68 1.00 0.00
1.10 1.75 9.86 1.00 0.00
1.10 1.75 10.03 1.00 0.00
0.30 1.92 7.30 1.00 0.00
0.30 1.92 7.47 1.00 0.00
0.30 1.92 7.65 1.00 0.00
0.30 1.92 7.82 1.00 0.00
0.30 1.92 7.99 1.00 0.00
0.30 1.92 8.17 1.00 0.00
0.30 1.92 8.34 1.00 0.00
0.30 1.92 8.52 1.00 0.00
0.30 1.92 8.69 1.00 0.00
0.30 1.92 8.87 1.00 0.00
0.30 1.92 9.04 1.00 0.00
0.30 1.92 9.22 1.00 0.00
0.30 1.92 9.39 1.00 0.00
0.30 1.92 9.56 1.00 0.00
0.30 1.92 9.74 1.00 0.00
0.30 1.92 9.91 1.00 0.00
0.30 1.92 10.09 1.00 0.00
0.30 1.92 10.26 1.00 0.00
0.50 1.92 7.23 1.00 0.00
0.50 1.92 7.40 1.00 0.00
0.50 1.92 7.57 1.00 0.00
0.50 1.92 7.75 1.00 0.00
0.50 1.92 7.92 1.00 0.00
0.50 1.92 8.10 1.00 0.00
0.50 1.92 8.27 1.00 0.00
0.50 1.92 8.45 1.00 0.00
0.50 1.92 8.62 1.00 0.00
0.50 1.92 8.80 1.00 0.00
0.50 1.92 8.97 1.00 0.00
0.50 1.92 9.15 1.00 0.00
0.50 1.92 9.32 1.00 0.00
0.50 1.92 9.49 1.00 0.00
0.50 1.92 9.67 1.00 0.00
0.50 1.92 9.84 1.00 0.00
0.50 1.92 10.02 1.00 0.00
0.50 1.92 10.19 1.00 0.00
0.70 1.92 7.16 1.00 0.00
0.70 1.92 7.33 1.00 0.00
0.70 1.92 7.51 1.00 0.00
0.70 1.92 7.68 1.00 0.00
0.70 1.92 7.86 1.00 0.00
0.70 1.92 8.03 1.00 0.00
0.70 1.92 8.20 1.00 0.00
0.70 1.92 8.38 1.00 0.00
0.70 1.92 8.55 1.00 0.00
0.70 1.92 8.73 1.00 0.00
0.70 1.92 8.90 1.00 0.00
0.70 1.92 9.08 1.00 0.00
0.70 1.92 9.25 1.00 0.00
0.70 1.92 9.43 1.00 0.00
0.70 1.92 9.60 1.00 0.00
0.70 1.92 9.78 1.00 0.00
0.70 1.92 9.95 1.00 0.00
0.70 1.92 10.12 1.00 0.00
0.90 1.92 7.09 1.00 0.00
0.90 1.92 7.27 1.00 0.00
0.90 1.92 7.44 1.00 0.00
0.90 1.92 7.62 1.00 0.00
0.90 1.92 7.79 1.00 0.00
0.90 1.92 7.97 1.00 0.00
0.90 1.92 8.14 1.00 0.00
0.90 1.92 8.31 1.00 0.00
0.90 1.92 8.49 1.00 0.00
0.90 1.92 8.66 1.00 0.00
0.90 1.92 8.84 1.00 0.00
0.90 1.92 9.01 1.00 0.00
0.90 1.92 9.19 1.00 0.00
0.90 1.92 9.36 1.00 0.00
0.90 1.92 9.54 1.00 0.00
0.90 1.92 9.71 1.00 0.00
0.90 1.92 9.89 1.00 0.00
0.90 1.92 10.06 1.00 0.00
1.10 1.92 7.03 1.00 0.00
1.10 1.92 7.21 1.00 0.00
1.10 1.92 7.38 1.00 0.00
1.10 1.92 7.56 1.00 0.00
1.10 1.92 7.73 1.00 0.00
1.10 1.92 7.90 1.00 0.00
1.10 1.92 8.08 1.00 0.00
1.10 1.92 8.25 1.00 0.00
1.10 1.92 8.43 1.00 0.00
1.10 1.92 8.60 1.00 0.00
1.10 1.92 8.78 1.00 0.00
1.10 1.92 8.95 1.00 0.00
1.10 1.92 9.13 1.00 0.00
1.10 1.92 9.30 1.00 0.00
1.10 1.92 9.48 1.00 0.00
1.10 1.92 9.65 1.00 0.00
1.10 1.92 9.82 1.00 0.00
1.10 1.92 10.00 1.00 0.00
0.30 2.09 7.29 1.00 0.00
0.30 2.09 7.47 1.00 0.00
0.30 2.09 7.64 1.00 0.00
0.30 2.09 7.82 1.00 0.00
0.30 2.09 7.99 1.00 0.00
0.30 2.09 8.17 1.00 0.00
0.30 2.09 8.34 1.00 0.00
0.30 2.09 8.52 1.00 0.00
0.30 2.09 8.69 1.00 0.00
0.30 2.09 8.86 1.00 0.00
0.30 2.09 9.04 1.00 0.00
0.30 2.09 9.21 1.00 0.00
0.30 2.09 9.39 1.00 0.00
0.30 2.09 9.56 1.00 0.00
0.30 2.09 9.74 1.00 0.00
0.30 2.09 9.91 1.00 0.00
0.30 2.09 10.09 1.00 0.00
0.30 2.09 10.26 1.00 0.00
0.50 2.09 7.22 1.00 0.00
0.50 2.09 7.39 1.00 0.00
0.50 2.09 7.57 1.00 0.00
0.50 2.09 7.74 1.00 0.00
0.50 2.09 7.92 1.00 0.00
0.50 2.09 8.09 1.00 0.00
0.50 2.09 8.27 1.00 0.00
0.50 2.09 8.44 1.00 0.00
0.50 2.09 8.62 1.00 0.00
0.50 2.09 8.79 1.00 0.00
0.50 2.09 8.96 1.00 0.00
0.50 2.09 9.14 1.00 0.00
0.50 2.09 9.31 1.00 0.00
0.50 2.09 9.49 1.00 0.00
0.50 2.09 9.66 1.00 0.00
0.50 2.09 9.84 1.00 0.00
0.50 2.09 10.01 1.00 0.00
0.50 2.09 10.19 1.00 0.00
0.70 2.09 7.15 1.00 0.00
0.70 2.09 7.32 1.00 0.00
0.70 2.09 7.50 1.00 0.00
0.70 2.09 7.67 1.00 0.00
0.70 2.09 7.84 1.00 0.00
0.70 2.09 8.02 1.00 0.00
0.70 2.09 8.19 1.00 0.00
0.70 2.09 8.37 1.00 0.00
0.70 2.09 8.54 1.00 0.00
0.70 2.09 8.72 1.00 0.00
0.70 2.09 8.89 1.00 0.00
0.70 2.09 9.07 1.00 0.00
0.70 2.09 9.24 1.00 0.00
0.70 2.09 9.42 1.00 0.00
0.70 2.09 9.59 1.00 0.00
0.70 2.09 9.76 1.00 0.00
0.70 2.09 9.94 1.00 0.00
0.70 2.09 10.11 1.00 0.00
0.90 2.09 7.07 1.00 0.00
0.90 2.09 7.25 1.00 0.00
0.90 2.09 7.42 1.00 0.00
0.90 2.09 7.60 1.00 0.00
0.90 2.09 7.77 1.00 0.00
0.90 2.09 7.95 1.00 0.00
0.90 2.09 8.12 1.00 0.00
0.90 2.09 8.30 1.00 0.00
0.90 2.09 8.47 1.00 0.00
0.90 2.09 8.65 1.00 0.00
0.90 2.09 8.82 1.00 0.00
0.90 2.09 8.99 1.00 0.00
0.90 2.09 9.17 1.00 0.00
0.90 2.09 9.34 1.00 0.00
0.90 2.09 9.52 1.00 0.00
0.90 2.09 9.69 1.00 0.00
0.90 2.09 9.87 1.00 0.00
0.90 2.09 10.04 1.00 0.00
1.10 2.09 7.01 1.00 0.00
1.10 2.09 7.18 1.00 0.00
1.10 2.09 7.36 1.00 0.00
1.10 2.09 7.53 1.00 0.00
1.10 2.09 7.70 1.00 0.00
1.10 2.09 7.88 1.00 0.00
1.10 2.09 8.05 1.00 0.00
1.10 2.09 8.23 1.00 0.00
1.10 2.09 8.40 1.00 0.00
1.10 2.09 8.58 1.00 0.00
1.10 2.09 8.75 1.00 0.00
1.10 2.09 8.93 1.00 0.00
1.10 2.09 9.10 1.00 0.00
1.10 2.09 9.28 1.00 0.00
1.10 2.09 9.45 1.00 0.00
1.10 2.09 9.62 1.00 0.00
1.10 2.09 9.80 1.00 0.00
1.10 2.09 9.97 1.00 0.00
0.30 2.27 7.29 1.00 0.00
0.30 2.27 7.47 1.00 0.00
0.30 2.27 7.64 1.00 0.00
0.30 2.27 7.82 1.00 0.00
0.30 2.27 7.99 1.00 0.00
0.30 2.27 8.17 1.00 0.00
0.30 2.27 8.34 1.00 0.00
0.30 2.27 8.52 1.00 0.00
0.30 2.27 8.69 1.00 0.00
0.30 2.27 8.87 1.00 0.00
0.30 2.27 9.04 1.00 0.00
0.30 2.27 9.21 1.00 0.00
0.30 2.27 9.39 1.00 0.00
0.30 2.27 9.56 1.00 0.00
0.30 2.27 9.74 1.00 0.00
0.30 2.27 9.91 1.00 0.00
0.30 2.27 10.09 1.00 0.00
0.30 2.27 10.26 1.00 0.00
0.50 2.27 7.22 1.00 0.00
0.50 2.27 7.39 1.00 0.00
0.50 2.27 7.57 1.00 0.00
0.50 2.27 7.74 1.00 0.00
0.50 2.27 7.92 1.00 0.00
0.50 2.27 8.09 1.00 0.00
0.50 2.27 8.27 1.00 0.00
0.50 2.27 8.44 1.00 0.00
0.50 2.27 8.61 1.00 0.00
0.50 2.27 8.79 1.00 0.00
0.50 2.27 8.96 1.00 0.00
0.50 2.27 9.14 1.00 0.00
0.50 2.27 9.31 1.00 0.00
0.50 2.27 9.49 1.00 0.00
0.50 2.27 9.66 1.00 0.00
0.50 2.27 9.84 1.00 0.00
0.50 2.27 10.01 1.00 0.00
0.50 2.27 10.19 1.00 0.00
0.70 2.27 7.14 1.00 0.00
0.70 2.27 7.32 1.00 0.00
0.70 2.27 7.49 1.00 0.00
0.70 2.27 7.67 1.00 0.00
0.70 2.27 7.84 1.00 0.00
0.70 2.27 8.01 1.00 0.00
0.70 2.27 8.19 1.00 0.00
0.70 2.27 8.36 1.00 0.00
0.70 2.27 8.54 1.00 0.00
0.70 2.27 8.71 1.00 0.00
0.70 2.27 8.89 1.00 0.00
0.70 2.27 9.06 1.00 0.00
0.70 2.27 9.24 1.00 0.00
0.70 2.27 9.41 1.00 0.00
0.70 2.27 9.59 1.00 0.00
0.70 2.27 9.76 1.00 0.00
0.70 2.27 9.93 1.00 0.00
0.70 2.27 10.11 1.00 0.00
0.90 2.27 7.06 1.00 0.00
0.90 2.27 7.24 1.00 0.00
0.90 2.27 7.41 1.00 0.00
0.90 2.27 7.59 1.00 0.00
0.90 2.27 7.76 1.00 0.00
0.90 2.27 7.94 1.00 0.00
0.90 2.27 8.11 1.00 0.00
0.90 2.27 8.29 1.00 0.00
0.90 2.27 8.46 1.00 0.00
0.90 2.27 8.64 1.00 0.00
0.90 2.27 8.81 1.00 0.00
0.90 2.27 8.98 1.00 0.00
0.90 2.27 9.16 1.00 0.00
0.90 2.27 9.33 1.00 0.00
0.90 2.27 9.51 1.00 0.00
0.90 2.27 9.68 1.00 0.00
0.90 2.27 9.86 1.00 0.00
0.90 2.27 10.03 1.00 0.00
1.10 2.27 6.99 1.00 0.00
1.10 2.27 7.16 1.00 0.00
1.10 2.27 7.34 1.00 0.00
1.10 2.27 7.51 1.00 0.00
1.10 2.27 7.69 1.00 0.00
1.10 2.27 7.86 1.00 0.00
1.10 2.27 8.04 1.00 0.00
1.10 2.27 8.21 1.00 0.00
1.10 2.27 8.39 1.00 0.00
1.10 2.27 8.56 1.00 0.00
1.10 2.27 8.73 1.00 0.00
1.10 2.27 8.91 1.00 0.00
1.10 2.27 9.08 1.00 0.00
1.10 2.27 9.26 1.00 0.00
1.10 2.27 9.43 1.00 0.00
1.10 2.27 9.61 1.00 0.00
1.10 2.27 9.78 1.00 0.00
1.10 2.27 9.96 1.00 0.00
0.30 2.44 7.30 1.00 0.00
0.30 2.44 7.47 1.00 0.00
0.30 2.44 7.65 1.00 0.00
0.30 2.44 7.82 1.00 0.00
0.30 2.44 8.00 1.00 0.00
0.30 2.44 8.17 1.00 0.00
0.30 2.44 8.35 1.00 0.00
0.30 2.44 8.52 1.00 0.00
0.30 2.44 8.70 1.00 0.00
0.30 2.44 8.87 1.00 0.00
0.30 2.44 9.04 1.00 0.00
0.30 2.44 9.22 1.00 0.00
0.30 2.44 9.39 1.00 0.00
0.30 2.44 9.57 1.00 0.00
0.30 2.44 9.74 1.00 0.00
0.30 2.44 9.92 1.00 0.00
0.30 2.44 10.09 1.00 0.00
0.30 2.44 10.27 1.00 0.00
0.50 2.44 7.22 1.00 0.00
0.50 2.44 7.40 1.00 0.00
0.50 2.44 7.57 1.00 0.00
0.50 2.44 7.75 1.00 0.00
0.50 2.44 7.92 1.00 0.00
0.50 2.44 8.10 1.00 0.00
0.50 2.44 8.27 1.00 0.00
0.50 2.44 8.45 1.00 0.00
0.50 2.44 8.62 1.00 0.00
0.50 2.44 8.79 1.00 0.00
0.50 2.44 8.97 1.00 0.00
0.50 2.44 9.14 1.00 0.00
0.50 2.44 9.32 1.00 0.00
0.50 2.44 9.49 1.00 0.00
0.50 2.44 9.67 1.00 0.00
0.50 2.44 9.84 1.00 0.00
0.50 2.44 10.02 1.00 0.00
0.50 2.44 10.19 1.00 0.00
0.70 2.44 7.15 1.00 0.00
0.70 2.44 7.32 1.00 0.00
0.70 2.44 7.49 1.00 0.00
0.70 2.44 7.67 1.00 0.00
0.70 2.44 7.84 1.00 0.00
0.70 2.44 8.02 1.00 0.00
0.70 2.44 8.19 1.00 0.00
0.70 2.44 8.37 1.00 0.00
0.70 2.44 8.54 1.00 0.00
0.70 2.44 8.72 1.00 0.00
0.70 2.44 8.89 1.00 0.00
0.70 2.44 9.07 1.00 0.00
0.70 2.44 9.24 1.00 0.00
0.70 2.44 9.41 1.00 0.00
0.70 2.44 9.59 1.00 0.00
0.70 2.44 9.76 1.00 0.00
0.70 2.44 9.94 1.00 0.00
0.70 2.44 10.11 1.00 0.00
0.90 2.44 7.06 1.00 0.00
0.90 2.44 7.24 1.00 0.00
0.90 2.44 7.41 1.00 0.00
0.90 2.44 7.59 1.00 0.00
0.90 2.44 7.76 1.00 0.00
0.90 2.44 7.94 1.00 0.00
0.90 2.44 8.11 1.00 0.00
0.90 2.44 8.29 1.00 0.00
0.90 2.44 8.46 1.00 0.00
0.90 2.44 8.64 1.00 0.00
0.90 2.44 8.81 1.00 0.00
0.90 2.44 8.98 1.00 0.00
0.90 2.44 9.16 1.00 0.00
0.90 2.44 9.33 1.00 0.00
0.90 2.44 9.51 1.00 0.00
0.90 2.44 9.68 1.00 0.00
0.90 2.44 9.86 1.00 0.00
0.90 2.44 10.03 1.00 0.00
1.10 2.44 6.98 1.00 0.00
1.10 2.44 7.16 1.00 0.00
1.10 2.44 7.33 1.00 0.00
1.10 2.44 7.51 1.00 0.00
1.10 2.44 7.68 1.00 0.00
1.10 2.44 7.86 1.00 0.00
1.10 2.44 8.03 1.00 0.00
1.10 2.44 8.20 1.00 0.00
1.10 2.44 8.38 1.00 0.00
1.10 2.44 8.55 1.00 0.00
1.10 2.44 8.73 1.00 0.00
1.10 2.44 8.90 1.00 0.00
1.10 2.44 9.08 1.00 0.00
1.10 2.44 9.25 1.00 0.00
1.10 2.44 9.43 1.00 0.00
1.10 2.44 9.60 1.00 0.00
1.10 2.44 9.78 1.00 0.00
1.10 2.44 9.95 1.00 0.00
0.30 2.62 7.31 1.00 0.00
0.30 2.62 7.48 1.00 0.00
0.30 2.62 7.66 1.00 0.00
0.30 2.62 7.83 1.00 0.00
0.30 2.62 8.01 1.00 0.00
0.30 2.62 8.18 1.00 0.00
0.30 2.62 8.35 1.00 0.00
0.30 2.62 8.53 1.00 0.00
0.30 2.62 8.70 1.00 0.00
0.30 2.62 8.88 1.00 0.00
0.30 2.62 9.05 1.00 0.00
0.30 2.62 9.23 1.00 0.00
0.30 2.62 9.40 1.00 0.00
0.30 2.62 9.58 1.00 0.00
0.30 2.62 9.75 1.00 0.00
0.30 2.62 9.93 1.00 0.00
0.30 2.62 10.10 1.00 0.00
0.30 2.62 10.27 1.00 0.00
0.50 2.62 7.24 1.00 0.00
0.50 2.62 7.41 1.00 0.00
0.50 2.62 7.58 1.00 0.00
0.50 2.62 7.76 1.00 0.00
0.50 2.62 7.93 1.00 0.00
0.50 2.62 8.11 1.00 0.00
0.50 2.62 8.28 1.00 0.00
0.50 2.62 8.46 1.00 0.00
0.50 2.62 8.63 1.00 0.00
0.50 2.62 8.81 1.00 0.00
0.50 2.62 8.98 1.00 0.00
0.50 2.62 9.16 1.00 0.00
0.50 2.62 9.33 1.00 0.00
0.50 2.62 9.50 1.00 0.00
0.50 2.62 9.68 1.00 0.00
0.50 2.62 9.85 1.00 0.00
0.50 2.62 10.03 1.00 0.00
0.50 2.62 10.20 1.00 0.00
0.70 2.62 7.16 1.00 0.00
0.70 2.62 7.33 1.00 0.00
0.70 2.62 7.51 1.00 0.00
0.70 2.62 7.68 1.00 0.00
0.70 2.62 7.86 1.00 0.00
0.70 2.62 8.03 1.00 0.00
0.70 2.62 8.21 1.00 0.00
0.70 2.62 8.38 1.00 0.00
0.70 2.62 8.55 1.00 0.00
0.70 2.62 8.73 1.00 0.00
0.70 2.62 8.90 1.00 0.00
0.70 2.62 9.08 1.00 0.00
0.70 2.62 9.25 1.00 0.00
0.70 2.62 9.43 1.00 0.00
0.70 2.62 9.60 1.00 0.00
0.70 2.62 9.78 1.00 0.00
0.70 2.62 9.95 1.00 0.00
0.70 2.62 10.13 1.00 0.00
0.90 2.62 7.08 1.00 0.00
0.90 2.62 7.25 1.00 0.00
0.90 2.62 7.43 1.00 0.00
0.90 2.62 7.60 1.00 0.00
0.90 2.62 7.77 1.00 0.00
0.90 2.62 7.95 1.00 0.00
0.90 2.62 8.12 1.00 0.00
0.90 2.62 8.30 1.00 0.00
0.90 2.62 8.47 1.00 0.00
0.90 2.62 8.65 1.00 0.00
0.90 2.62 8.82 1.00 0.00
0.90 2.62 9.00 1.00 0.00
0.90 2.62 9.17 1.00 0.00
0.90 2.62 9.35 1.00 0.00
0.90 2.62 9.52 1.00 0.00
0.90 2.62 9.69 1.00 0.00
0.90 2.62 9.87 1.00 0.00
0.90 2.62 10.04 1.00 0.00
1.10 2.62 6.99 1.00 0.00
1.10 2.62 7.17 1.00 0.00
1.10 2.62 7.34 1.00 0.00
1.10 2.62 7.51 1.00 0.00
1.10 2.62 7.69 1.00 0.00
1.10 2.62 7.86 1.00 0.00
1.10 2.62 8.04 1.00 0.00
1.10 2.62 8.21 1.00 0.00
1.10 2.62 8.39 1.00 0.00
1.10 2.62 8.56 1.00 0.00
1.10 2.62 8.74 1.00 0.00
1.10 2.62 8.91 1.00 0.00
1.10 2.62 9.08 1.00 0.00
1.10 2.62 9.26 1.00 0.00
1.10 2.62 9.43 1.00 0.00
1.10 2.62 9.61 1.00 0.00
1.10 2.62 9.78 1.00 0.00
1.10 2.62 9.96 1.00 0.00
0.30 2.79 7.32 1.00 0.00
0.30 2.79 7.49 1.00 0.00
0.30 2.79 7.67 1.00 0.00
0.30 2.79 7.84 1.00 0.00
0.30 2.79 8.02 1.00 0.00
0.30 2.79 8.19 1.00 0.00
0.30 2.79 8.37 1.00 0.00
0.30 2.79 8.54 1.00 0.00
0.30 2.79 8.72 1.00 0.00
0.30 2.79 8.89 1.00 0.00
0.30 2.79 9.06 1.00 0.00
0.30 2.79 9.24 1.00 0.00
0.30 2.79 9.41 1.00 0.00
0.30 2.79 9.59 1.00 0.00
0.30 2.79 9.76 1.00 0.00
0.30 2.79 9.94 1.00 0.00
0.30 2.79 10.11 1.00 0.00
0.30 2.79 10.29 1.00 0.00
0.50 2.79 7.25 1.00 0.00
0.50 2.79 7.43 1.00 0.00
0.50 2.79 7.60 1.00 0.00
0.50 2.79 7.78 1.00 0.00
0.50 2.79 7.95 1.00 0.00
0.50 2.79 8.13 1.00 0.00
0.50 2.79 8.30 1.00 0.00
0.50 2.79 8.48 1.00 0.00
0.50 2.79 8.65 1.00 0.00
0.50 2.79 8.82 1.00 0.00
0.50 2.79 9.00 1.00 0.00
0.50 2.79 9.17 1.00 0.00
0.50 2.79 9.35 1.00 0.00
0.50 2.79 9.52 1.00 0.00
0.50 2.79 9.70 1.00 0.00
0.50 2.79 9.87 1.00 0.00
0.50 2.79 10.05 1.00 0.00
0.50 2.79 10.22 1.00 0.00
0.70 2.79 7.18 1.00 0.00
0.70 2.79 7.36 1.00 0.00
0.70 2.79 7.53 1.00 0.00
0.70 2.79 7.70 1.00 0.00
0.70 2.79 7.88 1.00 0.00
0.70 2.79 8.05 1.00 0.00
0.70 2.79 8.23 1.00 0.00
0.70 2.79 8.40 1.00 0.00
0.70 2.79 8.58 1.00 0.00
0.70 2.79 8.75 1.00 0.00
0.70 2.79 8.93 1.00 0.00
0.70 2.79 9.10 1.00 0.00
0.70 2.79 9.28 1.00 0.00
0.70 2.79 9.45 1.00 0.00
0.70 2.79 9.62 1.00 0.00
0.70 2.79 9.80 1.00 0.00
0.70 2.79 9.97 1.00 0.00
0.70 2.79 10.15 1.00 0.00
0.90 2.79 7.10 1.00 0.00
0.90 2.79 7.28 1.00 0.00
0.90 2.79 7.45 1.00 0.00
0.90 2.79 7.63 1.00 0.00
0.90 2.79 7.80 1.00 0.00
0.90 2.79 7.97 1.00 0.00
0.90 2.79 8.15 1.00 0.00
0.90 2.79 8.32 1.00 0.00
0.90 2.79 8.50 1.00 0.00
0.90 2.79 8.67 1.00 0.00
0.90 2.79 8.85 1.00 0.00
0.90 2.79 9.02 1.00 0.00
0.90 2.79 9.20 1.00 0.00
0.90 2.79 9.37 1.00 0.00
0.90 2.79 9.55 1.00 0.00
0.90 2.79 9.72 1.00 0.00
0.90 2.79 9.89 1.00 0.00
0.90 2.79 10.07 1.00 0.00
1.10 2.79 7.02 1.00 0.00
1.10 2.79 7.19 1.00 0.00
1.10 2.79 7.36 1.00 0.00
1.10 2.79 7.54 1.00 0.00
1.10 2.79 7.71 1.00 0.00
1.10 2.79 7.89 1.00 0.00
1.10 2.79 8.06 1.00 0.00
1.10 2.79 8.24 1.00 0.00
1.10 2.79 8.41 1.00 0.00
1.10 2.79 8.59 1.00 0.00
1.10 2.79 8.76 1.00 0.00
1.10 2.79 8.94 1.00 0.00
1.10 2.79 9.11 1.00 0.00
1.10 2.79 9.28 1.00 0.00
1.10 2.79 9.46 1.00 0.00
1.10 2.79 9.63 1.00 0.00
1.10 2.79 9.81 1.00 0.00
1.10 2.79 9.98 1.00 0.00
0.30 2.97 7.33 1.00 0.00
0.30 2.97 7.51 1.00 0.00
0.30 2.97 7.68 1.00 0.00
0.30 2.97 7.86 1.00 0.00
0.30 2.97 8.03 1.00 0.00
0.30 2.97 8.21 1.00 0.00
0.30 2.97 8.38 1.00 0.00
0.30 2.97 8.56 1.00 0.00
0.30 2.97 8.73 1.00 0.00
0.30 2.97 8.90 1.00 0.00
0.30 2.97 9.08 1.00 0.00
0.30 2.97 9.25 1.00 0.00
0.30 2.97 9.43 1.00 0.00
0.30 2.97 9.60 1.00 0.00
0.30 2.97 9.78 1.00 0.00
0.30 2.97 9.95 1.00 0.00
0.30 2.97 10.13 1.00 0.00
0.30 2.97 10.30 1.00 0.00
0.50 2.97 7.28 1.00 0.00
0.50 2.97 7.45 1.00 0.00
0.50 2.97 7.63 1.00 0.00
0.50 2.97 7.80 1.00 0.00
0.50 2.97 7.98 1.00 0.00
0.50 2.97 8.15 1.00 0.00
0.50 2.97 8.33 1.00 0.00
0.50 2.97 8.50 1.00 0.00
0.50 2.97 8.67 1.00 0.00
0.50 2.97 8.85 1.00 0.00
0.50 2.97 9.02 1.00 0.00
0.50 2.97 9.20 1.00 0.00
0.50 2.97 9.37 1.00 0.00
0.50 2.97 9.55 1.00 0.00
0.50 2.97 9.72 1.00 0.00
0.50 2.97 9.90 1.00 0.00
0.50 2.97 10.07 1.00 0.00
0.50 2.97 10.25 1.00 0.00
0.70 2.97 7.21 1.00 0.00
0.70 2.97 7.39 1.00 0.00
0.70 2.97 7.56 1.00 0.00
0.70 2.97 7.74 1.00 0.00
0.70 2.97 7.91 1.00 0.00
0.70 2.97 8.09 1.00 0.00
0.70 2.97 8.26 1.00 0.00
0.70 2.97 8.44 1.00 0.00
0.70 2.97 8.61 1.00 0.00
0.70 2.97 8.79 1.00 0.00
0.70 2.97 8.96 1.00 0.00
0.70 2.97 9.13 1.00 0.00
0.70 2.97 9.31 1.00 0.00
0.70 2.97 9.48 1.00 0.00
0.70 2.97 9.66 1.00 0.00
0.70 2.97 9.83 1.00 0.00
0.70 2.97 10.01 1.00 0.00
0.70 2.97 10.18 1.00 0.00
0.90 2.97 7.14 1.00 0.00
0.90 2.97 7.32 1.00 0.00
0.90 2.97 7.49 1.00 0.00
0.90 2.97 7.67 1.00 0.00
0.90 2.97 7.84 1.00 0.00
0.90 2.97 8.02 1.00 0.00
0.90 2.97 8.19 1.00 0.00
0.90 2.97 8.36 1.00 0.00
0.90 2.97 8.54 1.00 0.00
0.90 2.97 8.71 1.00 0.00
0.90 2.97 8.89 1.00 0.00
0.90 2.97 9.06 1.00 0.00
0.90 2.97 9.24 1.00 0.00
0.90 2.97 9.41 1.00 0.00
0.90 2.97 9.59 1.00 0.00
0.90 2.97 9.76 1.00 0.00
0.90 2.97 9.94 1.00 0.00
0.90 2.97 10.11 1.00 0.00
1.10 2.97 7.06 1.00 0.00
1.10 2.97 7.24 1.00 0.00
1.10 2.97 7.41 1.00 0.00
1.10 2.97 7.58 1.00 0.00
1.10 2.97 7.76 1.00 0.00
1.10 2.97 7.93 1.00 0.00
1.10 2.97 8.11 1.00 0.00
1.10 2.97 8.28 1.00 0.00
1.10 2.97 8.46 1.00 0.00
1.10 2.97 8.63 1.00 0.00
1.10 2.97 8.81 1.00 0.00
1.10 2.97 8.98 1.00 0.00
1.10 2.97 9.16 1.00 0.00
1.10 2.97 9.33 1.00 0.00
1.10 2.97 9.50 1.00 0.00
1.10 2.97 9.68 1.00 0.00
1.10 2.97 9.85 1.00 0.00
1.10 2.97 10.03 1.00 0.00
0.30 3.14 7.35 1.00 0.00
0.30 3.14 7.53 1.00 0.00
0.30 3.14 7.70 1.00 0.00
0.30 3.14 7.88 1.00 0.00
0.30 3.14 8.05 1.00 0.00
0.30 3.14 8.22 1.00 0.00
0.30 3.14 8.40 1.00 0.00
0.30 3.14 8.57 1.00 0.00
0.30 3.14 8.75 1.00 0.00
0.30 3.14 8.92 1.00 0.00
0.30 3.14 9.10 1.00 0.00
0.30 3.14 9.27 1.00 0.00
0.30 3.14 9.45 1.00 0.00
0.30 3.14 9.62 1.00 0.00
0.30 3.14 9.80 1.00 0.00
0.30 3.14 9.97 1.00 0.00
0.30 3.14 10.14 1.00 0.00
0.30 3.14 10.32 1.00 0.00
0.50 3.14 7.31 1.00 0.00
0.50 3.14 7.48 1.00 0.00
0.50 3.14 7.66 1.00 0.00
0.50 3.14 7.83 1.00 0.00
0.50 3.14 8.01 1.00 0.00
0.50 3.14 8.18 1.00 0.00
0.50 3.14 8.36 1.00 0.00
0.50 3.14 8.53 1.00 0.00
0.50 3.14 8.71 1.00 0.00
0.50 3.14 8.88 1.00 0.00
0.50 3.14 9.05 1.00 0.00
0.50 3.14 9.23 1.00 0.00
0.50 3.14 9.40 1.00 0.00
0.50 3.14 9.58 1.00 0.00
0.50 3.14 9.75 1.00 0.00
0.50 3.14 9.93 1.00 0.00
0.50 3.14 10.10 1.00 0.00
0.50 3.14 10.28 1.00 0.00
0.70 3.14 7.26 1.00 0.00
0.70 3.14 7.43 1.00 0.00
0.70 3.14 7.61 1.00 0.00
0.70 3.14 7.78 1.00 0.00
0.70 3.14 7.96 1.00 0.00
0.70 3.14 8.13 1.00 0.00
0.70 3.14 8.31 1.00 0.00
0.70 3.14 8.48 1.00 0.00
0.70 3.14 8.66 1.00 0.00
0.70 3.14 8.83 1.00 0.00
0.70 3.14 9.00 1.00 0.00
0.70 3.14 9.18 1.00 0.00
0.70 3.14 9.35 1.00 0.00
0.70 3.14 9.53 1.00 0.00
0.70 3.14 9.70 1.00 0.00
0.70 3.14 9.88 1.00 0.00
0.70 3.14 10.05 1.00 0.00
0.70 3.14 10.23 1.00 0.00
0.90 3.14 7.20 1.00 0.00
0.90 3.14 7.37 1.00 0.00
0.90 3.14 7.55 1.00 0.00
0.90 3.14 7.72 1.00 0.00
0.90 3.14 7.90 1.00 0.00
0.90 3.14 8.07 1.00 0.00
0.90 3.14 8.25 1.00 0.00
0.90 3.14 8.42 1.00 0.00
0.90 3.14 8.60 1.00 0.00
0.90 3.14 8.77 1.00 0.00
0.90 3.14 8.95 1.00 0.00
0.90 3.14 9.12 1.00 0.00
0.90 3.14 9.29 1.00 0.00
0.90 3.14 9.47 1.00 0.00
0.90 3.14 9.64 1.00 0.00
0.90 3.14 9.82 1.00 0.00
0.90 3.14 9.99 1.00 0.00
0.90 3.14 10.17 1.00 0.00
1.10 3.14 7.13 1.00 0.00
1.10 3.14 7.31 1.00 0.00
1.10 3.14 7.48 1.00 0.00
1.10 3.14 7.65 1.00 0.00
1.10 3.14 7.83 1.00 0.00
1.10 3.14 8.00 1.00 0.00
1.10 3.14 8.18 1.00 0.00
1.10 3.14 8.35 1.00 0.00
1.10 3.14 8.53 1.00 0.00
1.10 3.14 8.70 1.00 0.00
1.10 3.14 8.88 1.00 0.00
1.10 3.14 9.05 1.00 0.00
1.10 3.14 9.23 1.00 0.00
1.10 3.14 9.40 1.00 0.00
1.10 3.14 9.57 1.00 0.00
1.10 3.14 9.75 1.00 0.00
1.10 3.14 9.92 1.00 0.00
1.10 3.14 10.10 1.00 0.00
0.30 3.32 7.37 1.00 0.00
0.30 3.32 7.55 1.00 0.00
0.30 3.32 7.72 1.00 0.00
0.30 3.32 7.90 1.00 0.00
0.30 3.32 8.07 1.00 0.00
0.30 3.32 8.24 1.00 0.00
0.30 3.32 8.42 1.00 0.00
0.30 3.32 8.59 1.00 0.00
0.30 3.32 8.77 1.00 0.00
0.30 3.32 8.94 1.00 0.00
0.30 3.32 9.12 1.00 0.00
0.30 3.32 9.29 1.00 0.00
0.30 3.32 9.47 1.00 0.00
0.30 3.32 9.64 1.00 0.00
0.30 3.32 9.82 1.00 0.00
0.30 3.32 9.99 1.00 0.00
0.30 3.32 10.16 1.00 0.00
0.30 3.32 10.34 1.00 0.00
0.50 3.32 7.34 1.00 0.00
0.50 3.32 7.52 1.00 0.00
0.50 3.32 7.69 1.00 0.00
0.50 3.32 7.87 1.00 0.00
0.50 3.32 8.04 1.00 0.00
0.50 3.32 8.22 1.00 0.00
0.50 3.32 8.39 1.00 0.00
0.50 3.32 8.57 1.00 0.00
0.50 3.32 8.74 1.00 0.00
0.50 3.32 8.92 1.00 0.00
0.50 3.32 9.09 1.00 0.00
0.50 3.32 9.26 1.00 0.00
0.50 3.32 9.44 1.00 0.00
0.50 3.32 9.61 1.00 0.00
0.50 3.32 9.79 1.00 0.00
0.50 3.32 9.96 1.00 0.00
0.50 3.32 10.14 1.00 0.00
0.50 3.32 10.31 1.00 0.00
0.70 3.32 7.31 1.00 0.00
0.70 3.32 7.49 1.00 0.00
0.70 3.32 7.66 1.00 0.00
0.70 3.32 7.84 1.00 0.00
0.70 3.32 8.01 1.00 0.00
0.70 3.32 8.18 1.00 0.00
0.70 3.32 8.36 1.00 0.00
0.70 3.32 8.53 1.00 0.00
0.70 3.32 8.71 1.00 0.00
0.70 3.32 8.88 1.00 0.00
0.70 3.32 9.06 1.00 0.00
0.70 3.32 9.23 1.00 0.00
0.70 3.32 9.41 1.00 0.00
0.70 3.32 9.58 1.00 0.00
0.70 3.32 9.76 1.00 0.00
0.70 3.32 9.93 1.00 0.00
0.70 3.32 10.10 1.00 0.00
0.70 3.32 10.28 1.00 0.00
0.90 3.32 7.27 1.00 0.00
0.90 3.32 7.45 1.00 0.00
0.90 3.32 7.62 1.00 0.00
0.90 3.32 7.80 1.00 0.00
0.90 3.32 7.97 1.00 0.00
0.90 3.32 8.15 1.00 0.00
0.90 3.32 8.32 1.00 0.00
0.90 3.32 8.49 1.00 0.00
0.90 3.32 8.67 1.00 0.00
0.90 3.32 8.84 1.00 0.00
0.90 3.32 9.02 1.00 0.00
0.90 3.32 9.19 1.00 0.00
0.90 3.32 9.37 1.00 0.00
0.90 3.32 9.54 1.00 0.00
0.90 3.32 9.72 1.00 0.00
0.90 3.32 9.89 1.00 0.00
0.90 3.32 10.06 1.00 0.00
0.90 3.32 10.24 1.00 0.00
1.10 3.32 7.22 1.00 0.00
1.10 3.32 7.40 1.00 0.00
1.10 3.32 7.57 1.00 0.00
1.10 3.32 7.75 1.00 0.00
1.10 3.32 7.92 1.00 0.00
1.10 3.32 8.10 1.00 0.00
1.10 3.32 8.27 1.00 0.00
1.10 3.32 8.45 1.00 0.00
1.10 3.32 8.62 1.00 0.00
1.10 3.32 8.80 1.00 0.00
1.10 3.32 8.97 1.00 0.00
1.10 3.32 9.14 1.00 0.00
1.10 3.32 9.32 1.00 0.00
1.10 3.32 9.49 1.00 0.00
1.10 3.32 9.67 1.00 0.00
1.10 3.32 9.84 1.00 0.00
1.10 3.32 10.02 1.00 0.00
1.10 3.32 10.19 1.00 0.00
0.30 3.49 7.39 1.00 0.00
0.30 3.49 7.57 1.00 0.00
0.30 3.49 7.74 1.00 0.00
0.30 3.49 7.92 1.00 0.00
0.30 3.49 8.09 1.00 0.00
0.30 3.49 8.27 1.00 0.00
0.30 3.49 8.44 1.00 0.00
0.30 3.49 8.61 1.00 0.00
0.30 3.49 8.79 1.00 0.00
0.30 3.49 8.96 1.00 0.00
0.30 3.49 9.14 1.00 0.00
0.30 3.49 9.31 1.00 0.00
0.30 3.49 9.49 1.00 0.00
0.30 3.49 9.66 1.00 0.00
0.30 3.49 9.84 1.00 0.00
0.30 3.49 10.01 1.00 0.00
0.30 3.49 10.19 1.00 0.00
0.30 3.49 10.36 1.00 0.00
0.50 3.49 7.38 1.00 0.00
0.50 3.49 7.56 1.00 0.00
0.50 3.49 7.73 1.00 0.00
0.50 3.49 7.91 1.00 0.00
0.50 3.49 8.08 1.00 0.00
0.50 3.49 8.26 1.00 0.00
0.50 3.49 8.43 1.00 0.00
0.50 3.49 8.60 1.00 0.00
0.50 3.49 8.78 1.00 0.00
0.50 3.49 8.95 1.00 0.00
0.50 3.49 9.13 1.00 0.00
0.50 3.49 9.30 1.00 0.00
0.50 3.49 9.48 1.00 0.00
0.50 3.49 9.65 1.00 0.00
0.50 3.49 9.83 1.00 0.00
0.50 3.49 10.00 1.00 0.00
0.50 3.49 10.18 1.00 0.00
0.50 3.49 10.35 1.00 0.00
0.70 3.49 7.37 1.00 0.00
0.70 3.49 7.55 1.00 0.00
0.70 3.49 7.72 1.00 0.00
0.70 3.49 7.89 1.00 0.00
0.70 3.49 8.07 1.00 0.00
0.70 3.49 8.24 1.00 0.00
0.70 3.49 8.42 1.00 0.00
0.70 3.49 8.59 1.00 0.00
0.70 3.49 8.77 1.00 0.00
0.70 3.49 8.94 1.00 0.00
0.70 3.49 9.12 1.00 0.00
0.70 3.49 9.29 1.00 0.00
0.70 3.49 9.47 1.00 0.00
0.70 3.49 9.64 1.00 0.00
0.70 3.49 9.81 1.00 0.00
0.70 3.49 9.99 1.00 0.00
0.70 3.49 10.16 1.00 0.00
0.70 3.49 10.34 1.00 0.00
0.90 3.49 7.36 1.00 0.00
0.90 3.49 7.53 1.00 0.00
0.90 3.49 7.70 1.00 0.00
0.90 3.49 7.88 1.00 0.00
0.90 3.49 8.05 1.00 0.00
0.90 3.49 8.23 1.00 0.00
0.90 3.49 8.40 1.00 0.00
0.90 3.49 8.58 1.00 0.00
0.90 3.49 8.75 1.00 0.00
0.90 3.49 8.93 1.00 0.00
0.90 3.49 9.10 1.00 0.00
0.90 3.49 9.28 1.00 0.00
0.90 3.49 9.45 1.00 0.00
0.90 3.49 9.62 1.00 0.00
0.90 3.49 9.80 1.00 0.00
0.90 3.49 9.97 1.00 0.00
0.90 3.49 10.15 1.00 0.00
0.90 3.49 10.32 1.00 0.00
1.10 3.49 7.34 1.00 0.00
1.10 3.49 7.51 1.00 0.00
1.10 3.49 7.69 1.00 0.00
1.10 3.49 7.86 1.00 0.00
1.10 3.49 8.04 1.00 0.00
1.10 3.49 8.21 1.00 0.00
1.10 3.49 8.38 1.00 0.00
1.10 3.49 8.56 1.00 0.00
1.10 3.49 8.73 1.00 0.00
1.10 3.49 8.91 1.00 0.00
1.10 3.49 9.08 1.00 0.00
1.10 3.49 9.26 1.00 0.00
1.10 3.49 9.43 1.00 0.00
1.10 3.49 9.61 1.00 0.00
1.10 3.49 9.78 1.00 0.00
1.10 3.49 9.96 1.00 0.00
1.10 3.49 10.13 1.00 0.00
1.10 3.49 10.30 1.00 0.00
0.30 3.67 7.42 1.00 0.00
0.30 3.67 7.59 1.00 0.00
0.30 3.67 7.76 1.00 0.00
0.30 3.67 7.94 1.00 0.00
0.30 3.67 8.11 1.00 0.00
0.30 3.67 8.29 1.00 0.00
0.30 3.67 8.46 1.00 0.00
0.30 3.67 8.64 1.00 0.00
0.30 3.67 8.81 1.00 0.00
0.30 3.67 8.99 1.00 0.00
0.30 3.67 9.16 1.00 0.00
0.30 3.67 9.33 1.00 0.00
0.30 3.67 9.51 1.00 0.00
0.30 3.67 9.68 1.00 0.00
0.30 3.67 9.86 1.00 0.00
0.30 3.67 10.03 1.00 0.00
0.30 3.67 10.21 1.00 0.00
0.30 3.67 10.38 1.00 0.00
0.50 3.67 7.42 1.00 0.00
0.50 3.67 7.60 1.00 0.00
0.50 3.67 7.77 1.00 0.00
0.50 3.67 7.95 1.00 0.00
0.50 3.67 8.12 1.00 0.00
0.50 3.67 8.30 1.00 0.00
0.50 3.67 8.47 1.00 0.00
0.50 3.67 8.64 1.00 0.00
0.50 3.67 8.82 1.00 0.00
0.50 3.67 8.99 1.00 0.00
0.50 3.67 9.17 1.00 0.00
0.50 3.67 9.34 1.00 0.00
0.50 3.67 9.52 1.00 0.00
0.50 3.67 9.69 1.00 0.00
0.50 3.67 9.87 1.00 0.00
0.50 3.67 10.04 1.00 0.00
0.50 3.67 10.22 1.00 0.00
0.50 3.67 10.39 1.00 0.00
0.70 3.67 7.43 1.00 0.00
0.70 3.67 7.61 1.00 0.00
0.70 3.67 7.78 1.00 0.00
0.70 3.67 7.96 1.00 0.00
0.70 3.67 8.13 1.00 0.00
0.70 3.67 8.30 1.00 0.00
0.70 3.67 8.48 1.00 0.00
0.70 3.67 8.65 1.00 0.00
0.70 3.67 8.83 1.00 0.00
0.70 3.67 9.00 1.00 0.00
0.70 3.67 9.18 1.00 0.00
0.70 3.67 9.35 1.00 0.00
0.70 3.67 9.53 1.00 0.00
0.70 3.67 9.70 1.00 0.00
0.70 3.67 9.88 1.00 0.00
0.70 3.67 10.05 1.00 0.00
0.70 3.67 10.22 1.00 0.00
0.70 3.67 10.40 1.00 0.00
0.90 3.67 7.44 1.00 0.00
0.90 3.67 7.62 1.00 0.00
0.90 3.67 7.79 1.00 0.00
0.90 3.67 7.97 1.00 0.00
0.90 3.67 8.14 1.00 0.00
0.90 3.67 8.32 1.00 0.00
0.90 3.67 8.49 1.00 0.00
0.90 3.67 8.67 1.00 0.00
0.90 3.67 8.84 1.00 0.00
0.90 3.67 9.01 1.00 0.00
0.90 3.67 9.19 1.00 0.00
0.90 3.67 9.36 1.00 0.00
0.90 3.67 9.54 1.00 0.00
0.90 3.67 9.71 1.00 0.00
0.90 3.67 9.89 1.00 0.00
0.90 3.67 10.06 1.00 0.00
0.90 3.67 10.24 1.00 0.00
0.90 3.67 10.41 1.00 0.00
1.10 3.67 7.46 1.00 0.00
1.10 3.67 7.63 1.00 0.00
1.10 3.67 7.81 1.00 0.00
1.10 3.67 7.98 1.00 0.00
1.10 3.67 8.16 1.00 0.00
1.10 3.67 8.33 1.00 0.00
1.10 3.67 8.50 1.00 0.00
1.10 3.67 8.68 1.00 0.00
1.10 3.67 8.85 1.00 0.00
1.10 3.67 9.03 1.00 0.00
1.10 3.67 9.20 1.00 0.00
1.10 3.67 9.38 1.00 0.00
1.10 3.67 9.55 1.00 0.00
1.10 3.67 9.73 1.00 0.00
1.10 3.67 9.90 1.00 0.00
1.10 3.67 10.08 1.00 0.00
1.10 3.67 10.25 1.00 0.00
1.10 3.67 10.42 1.00 0.00
0.30 3.84 7.44 1.00 0.00
0.30 3.84 7.61 1.00 0.00
0.30 3.84 7.79 1.00 0.00
0.30 3.84 7.96 1.00 0.00
0.30 3.84 8.13 1.00 0.00
0.30 3.84 8.31 1.00 0.00
0.30 3.84 8.48 1.00 0.00
0.30 3.84 8.66 1.00 0.00
0.30 3.84 8.83 1.00 0.00
0.30 3.84 9.01 1.00 0.00
0.30 3.84 9.18 1.00 0.00
0.30 3.84 9.36 1.00 0.00
0.30 3.84 9.53 1.00 0.00
0.30 3.84 9.71 1.00 0.00
0.30 3.84 9.88 1.00 0.00
0.30 3.84 10.05 1.00 0.00
0.30 3.84 10.23 1.00 0.00
0.30 3.84 10.40 1.00 0.00
0.50 3.84 7.46 1.00 0.00
0.50 3.84 7.64 1.00 0.00
0.50 3.84 7.81 1.00 0.00
0.50 3.84 7.99 1.00 0.00
0.50 3.84 8.16 1.00 0.00
0.50 3.84 8.33 1.00 0.00
0.50 3.84 8.51 1.00 0.00
0.50 3.84 8.68 1.00 0.00
0.50 3.84 8.86 1.00 0.00
0.50 3.84 9.03 1.00 0.00
0.50 3.84 9.21 1.00 0.00
0.50 3.84 9.38 1.00 0.00
0.50 3.84 9.56 1.00 0.00
0.50 3.84 9.73 1.00 0.00
0.50 3.84 9.91 1.00 0.00
0.50 3.84 10.08 1.00 0.00
0.50 3.84 10.25 1.00 0.00
0.50 3.84 10.43 1.00 0.00
0.70 3.84 7.49 1.00 0.00
0.70 3.84 7.67 1.00 0.00
0.70 3.84 7.84 1.00 0.00
0.70 3.84 8.02 1.00 0.00
0.70 3.84 8.19 1.00 0.00
0.70 3.84 8.36 1.00 0.00
0.70 3.84 8.54 1.00 0.00
0.70 3.84 8.71 1.00 0.00
0.70 3.84 8.89 1.00 0.00
0.70 3.84 9.06 1.00 0.00
0.70 3.84 9.24 1.00 0.00
0.70 3.84 9.41 1.00 0.00
0.70 3.84 9.59 1.00 0.00
0.70 3.84 9.76 1.00 0.00
0.70 3.84 9.94 1.00 0.00
0.70 3.84 10.11 1.00 0.00
0.70 3.84 10.28 1.00 0.00
0.70 3.84 10.46 1.00 0.00
0.90 3.84 1.24 1.00 0.00
0.90 3.84 1.42 1.00 0.00
0.90 3.84 1.59 1.00 0.00
0.90 3.84 1.77 1.00 0.00
0.90 3.84 1.94 1.00 0.00
0.90 3.84 2.12 1.00 0.00
0.90 3.84 2.29 1.00 0.00
0.90 3.84 2.47 1.00 0.00
0.90 3.84 2.64 1.00 0.00
0.90 3.84 2.82 1.00 0.00
0.90 3.84 2.99 1.00 0.00
0.90 3.84 3.16 1.00 0.00
0.90 3.84 3.34 1.00 0.00
0.90 3.84 3.51 1.00 0.00
0.90 3.84 3.69 1.00 0.00
0.90 3.84 3.86 1.00 0.00
0.90 3.84 4.04 1.00 0.00
0.90 3.84 4.21 1.00 0.00
1.10 3.84 1.29 1.00 0.00
1.10 3.84 1.46 1.00 0.00
1.10 3.84 1.64 1.00 0.00
1.10 3.84 1.81 1.00 0.00
1.10 3.84 1.99 1.00 0.00
1.10 3.84 2.16 1.00 0.00
1.10 3.84 2.34 1.00 0.00
1.10 3.84 2.51 1.00 0.00
1.10 3.84 2.69 1.00 0.00
1.10 3.84 2.86 1.00 0.00
1.10 3.84 3.03 1.00 0.00
1.10 3.84 3.21 1.00 0.00
1.10 3.84 3.38 1.00 0.00
1.10 3.84 3.56 1.00 0.00
1.10 3.84 3.73 1.00 0.00
1.10 3.84 3.91 1.00 0.00
1.10 3.84 4.08 1.00 0.00
1.10 3.84 4.26 1.00 0.00
0.30 4.01 7.46 1.00 0.00
0.30 4.01 7.63 1.00 0.00
0.30 4.01 7.81 1.00 0.00
0.30 4.01 7.98 1.00 0.00
0.30 4.01 8.16 1.00 0.00
0.30 4.01 8.33 1.00 0.00
0.30 4.01 8.50 1.00 0.00
0.30 4.01 8.68 1.00 0.00
0.30 4.01 8.85 1.00 0.00
0.30 4.01 9.03 1.00 0.00
0.30 4.01 9.20 1.00 0.00
0.30 4.01 9.38 1.00 0.00
0.30 4.01 9.55 1.00 0.00
0.30 4.01 9.73 1.00 0.00
0.30 4.01 9.90 1.00 0.00
0.30 4.01 10.07 1.00 0.00
0.30 4.01 10.25 1.00 0.00
0.30 4.01 10.42 1.00 0.00
0.50 4.01 7.50 1.00 0.00
0.50 4.01 7.67 1.00 0.00
0.50 4.01 7.85 1.00 0.00
0.50 4.01 8.02 1.00 0.00
0.50 4.01 8.20 1.00 0.00
0.50 4.01 8.37 1.00 0.00
0.50 4.01 8.55 1.00 0.00
0.50 4.01 8.72 1.00 0.00
0.50 4.01 8.89 1.00 0.00
0.50 4.01 9.07 1.00 0.00
0.50 4.01 9.24 1.00 0.00
0.50 4.01 9.42 1.00 0.00
0.50 4.01 9.59 1.00 0.00
0.50 4.01 9.77 1.00 0.00
0.50 4.01 9.94 1.00 0.00
0.50 4.01 10.12 1.00 0.00
0.50 4.01 10.29 1.00 0.00
0.50 4.01 10.46 1.00 0.00
0.70 4.01 1.26 1.00 0.00
0.70 4.01 1.44 1.00 0.00
0.70 4.01 1.61 1.00 0.00
0.70 4.01 1.79 1.00 0.00
0.70 4.01 1.96 1.00 0.00
0.70 4.01 2.14 1.00 0.00
0.70 4.01 2.31 1.00 0.00
0.70 4.01 2.48 1.00 0.00
0.70 4.01 2.66 1.00 0.00
0.70 4.01 2.83 1.00 0.00
0.70 4.01 3.01 1.00 0.00
0.70 4.01 3.18 1.00 0.00
0.70 4.01 3.36 1.00 0.00
0.70 4.01 3.53 1.00 0.00
0.70 4.01 3.71 1.00 0.00
0.70 4.01 3.88 1.00 0.00
0.70 4.01 4.06 1.00 0.00
0.70 4.01 4.23 1.00 0.00
0.90 4.01 1.32 1.00 0.00
0.90 4.01 1.49 1.00 0.00
0.90 4.01 1.67 1.00 0.00
0.90 4.01 1.84 1.00 0.00
0.90 4.01 2.02 1.00 0.00
0.90 4.01 2.19 1.00 0.00
0.90 4.01 2.37 1.00 0.00
0.90 4.01 2.54 1.00 0.00
0.90 4.01 2.72 1.00 0.00
0.90 4.01 2.89 1.00 0.00
0.90 4.01 3.06 1.00 0.00
0.90 4.01 3.24 1.00 0.00
0.90 4.01 3.41 1.00 0.00
0.90 4.01 3.59 1.00 0.00
0.90 4.01 3.76 1.00 0.00
0.90 4.01 3.94 1.00 0.00
0.90 4.01 4.11 1.00 0.00
0.90 4.01 4.29 1.00 0.00
1.10 4.01 1.39 1.00 0.00
1.10 4.01 1.56 1.00 0.00
1.10 4.01 1.73 1.00 0.00
1.10 4.01 1.91 1.00 0.00
1.10 4.01 2.08 1.00 0.00
1.10 4.01 2.26 1.00 0.00
1.10 4.01 2.43 1.00 0.00
1.10 4.01 2.61 1.00 0.00
1.10 4.01 2.78 1.00 0.00
1.10 4.01 2.96 1.00 0.00
1.10 4.01 3.13 1.00 0.00
1.10 4.01 3.31 1.00 0.00
1.10 4.01 3.48 1.00 0.00
1.10 4.01 3.65 1.00 0.00
1.10 4.01 3.83 1.00 0.00
1.10 4.01 4.00 1.00 0.00
1.10 4.01 4.18 1.00 0.00
1.10 4.01 4.35 1.00 0.00
0.30 4.19 7.48 1.00 0.00
0.30 4.19 7.65 1.00 0.00
0.30 4.19 7.82 1.00 0.00
0.30 4.19 8.00 1.00 0.00
0.30 4.19 8.17 1.00 0.00
0.30 4.19 8.35 1.00 0.00
0.30 4.19 8.52 1.00 0.00
0.30 4.19 8.70 1.00 0.00
0.30 4.19 8.87 1.00 0.00
0.30 4.19 9.05 1.00 0.00
0.30 4.19 9.22 1.00 0.00
0.30 4.19 9.39 1.00 0.00
0.30 4.19 9.57 1.00 0.00
0.30 4.19 9.74 1.00 0.00
0.30 4.19 9.92 1.00 0.00
0.30 4.19 10.09 1.00 0.00
0.30 4.19 10.27 1.00 0.00
0.30 4.19 10.44 1.00 0.00
0.50 4.19 1.25 1.00 0.00
0.50 4.19 1.42 1.00 0.00
0.50 4.19 1.60 1.00 0.00
0.50 4.19 1.77 1.00 0.00
0.50 4.19 1.94 1.00 0.00
0.50 4.19 2.12 1.00 0.00
0.50 4.19 2.29 1.00 0.00
0.50 4.19 2.47 1.00 0.00
0.50 4.19 2.64 1.00 0.00
0.50 4.19 2.82 1.00 0.00
0.50 4.19 2.99 1.00 0.00
0.50 4.19 3.17 1.00 0.00
0.50 4.19 3.34 1.00 0.00
0.50 4.19 3.51 1.00 0.00
0.50 4.19 3.69 1.00 0.00
0.50 4.19 3.86 1.00 0.00
0.50 4.19 4.04 1.00 0.00
0.50 4.19 4.21 1.00 0.00
0.70 4.19 1.31 1.00 0.00
0.70 4.19 1.48 1.00 0.00
0.70 4.19 1.66 1.00 0.00
0.70 4.19 1.83 1.00 0.00
0.70 4.19 2.01 1.00 0.00
0.70 4.19 2.18 1.00 0.00
0.70 4.19 2.36 1.00 0.00
0.70 4.19 2.53 1.00 0.00
0.70 4.19 2.70 1.00 0.00
0.70 4.19 2.88 1.00 0.00
0.70 4.19 3.05 1.00 0.00
0.70 4.19 3.23 1.00 0.00
0.70 4.19 3.40 1.00 0.00
0.70 4.19 3.58 1.00 0.00
0.70 4.19 3.75 1.00 0.00
0.70 4.19 3.93 1.00 0.00
0.70 4.19 4.10 1.00 0.00
0.70 4.19 4.27 1.00 0.00
0.90 4.19 1.38 1.00 0.00
0.90 4.19 1.55 1.00 0.00
0.90 4.19 1.73 1.00 0.00
0.90 4.19 1.90 1.00 0.00
0.90 4.19 2.08 1.00 0.00
0.90 4.19 2.25 1.00 0.00
0.90 4.19 2.43 1.00 0.00
0.90 4.19 2.60 1.00 0.00
0.90 4.19 2.77 1.00 0.00
0.90 4.19 2.95 1.00 0.00
0.90 4.19 3.12 1.00 0.00
0.90 4.19 3.30 1.00 0.00
0.90 4.19 3.47 1.00 0.00
0.90 4.19 3.65 1.00 0.00
0.90 4.19 3.82 1.00 0.00
0.90 4.19 4.00 1.00 0.00
0.90 4.19 4.17 1.00 0.00
0.90 4.19 4.35 1.00 0.00
1.10 4.19 1.46 1.00 0.00
1.10 4.19 1.63 1.00 0.00
1.10 4.19 1.81 1.00 0.00
1.10 4.19 1.98 1.00 0.00
1.10 4.19 2.16 1.00 0.00
1.10 4.19 2.33 1.00 0.00
1.10 4.19 2.51 1.00 0.00
1.10 4.19 2.68 1.00 0.00
1.10 4.19 2.86 1.00 0.00
1.10 4.19 3.03 1.00 0.00
1.10 4.19 3.20 1.00 0.00
1.10 4.19 3.38 1.00 0.00
1.10 4.19 3.55 1.00 0.00
1.10 4.19 3.73 1.00 0.00
1.10 4.19 3.90 1.00 0.00
1.10 4.19 4.08 1.00 0.00
1.10 4.19 4.25 1.00 0.00
1.10 4.19 4.43 1.00 0.00
0.30 4.36 7.49 1.00 0.00
0.30 4.36 7.66 1.00 0.00
0.30 4.36 7.84 1.00 0.00
0.30 4.36 8.01 1.00 0.00
0.30 4.36 8.19 1.00 0.00
0.30 4.36 8.36 1.00 0.00
0.30 4.36 8.54 1.00 0.00
0.30 4.36 8.71 1.00 0.00
0.30 4.36 8.89 1.00 0.00
0.30 4.36 9.06 1.00 0.00
0.30 4.36 9.24 1.00 0.00
0.30 4.36 9.41 1.00 0.00
0.30 4.36 9.58 1.00 0.00
0.30 4.36 9.76 1.00 0.00
0.30 4.36 9.93 1.00 0.00
0.30 4.36 10.11 1.00 0.00
0.30 4.36 10.28 1.00 0.00
0.30 4.36 10.46 1.00 0.00
0.50 4.36 1.27 1.00 0.00
0.50 4.36 1.45 1.00 0.00
0.50 4.36 1.62 1.00 0.00
0.50 4.36 1.80 1.00 0.00
0.50 4.36 1.97 1.00 0.00
0.50 4.36 2.14 1.00 0.00
0.50 4.36 2.32 1.00 0.00
0.50 4.36 2.49 1.00 0.00
0.50 4.36 2.67 1.00 0.00
0.50 4.36 2.84 1.00 0.00
0.50 4.36 3.02 1.00 0.00
0.50 4.36 3.19 1.00 0.00
0.50 4.36 3.37 1.00 0.00
0.50 4.36 3.54 1.00 0.00
0.50 4.36 3.72 1.00 0.00
0.50 4.36 3.89 1.00 0.00
0.50 4.36 4.06 1.00 0.00
0.50 4.36 4.24 1.00 0.00
0.70 4.36 1.34 1.00 0.00
0.70 4.36 1.52 1.00 0.00
0.70 4.36 1.69 1.00 0.00
0.70 4.36 1.87 1.00 0.00
0.70 4.36 2.04 1.00 0.00
0.70 4.36 2.22 1.00 0.00
0.70 4.36 2.39 1.00 0.00
0.70 4.36 2.56 1.00 0.00
0.70 4.36 2.74 1.00 0.00
0.70 4.36 2.91 1.00 0.00
0.70 4.36 3.09 1.00 0.00
0.70 4.36 3.26 1.00 0.00
0.70 4.36 3.44 1.00 0.00
0.70 4.36 3.61 1.00 0.00
0.70 4.36 3.79 1.00 0.00
0.70 4.36 3.96 1.00 0.00
0.70 4.36 4.14 1.00 0.00
0.70 4.36 4.31 1.00 0.00
0.90 4.36 1.42 1.00 0.00
0.90 4.36 1.60 1.00 0.00
0.90 4.36 1.77 1.00 0.00
0.90 4.36 1.95 1.00 0.00
0.90 4.36 2.12 1.00 0.00
0.90 4.36 2.29 1.00 0.00
0.90 4.36 2.47 1.00 0.00
0.90 4.36 2.64 1.00 0.00
0.90 4.36 2.82 1.00 0.00
0.90 4.36 2.99 1.00 0.00
0.90 4.36 3.17 1.00 0.00
0.90 4.36 3.34 1.00 0.00
0.90 4.36 3.52 1.00 0.00
0.90 4.36 3.69 1.00 0.00
0.90 4.36 3.87 1.00 0.00
0.90 4.36 4.04 1.00 0.00
0.90 4.36 4.21 1.00 0.00
0.90 4.36 4.39 1.00 0.00
1.10 4.36 1.51 1.00 0.00
1.10 4.36 1.68 1.00 0.00
1.10 4.36 1.86 1.00 0.00
1.10 4.36 2.03 1.00 0.00
1.10 4.36 2.21 1.00 0.00
1.10 4.36 2.38 1.00 0.00
1.10 4.36 2.56 1.00 0.00
1.10 4.36 2.73 1.00 0.00
1.10 4.36 2.90 1.00 0.00
1.10 4.36 3.08 1.00 0.00
1.10 4.36 3.25 1.00 0.00
1.10 4.36 3.43 1.00 0.00
1.10 4.36 3.60 1.00 0.00
1.10 4.36 3.78 1.00 0.00
1.10 4.36 3.95 1.00 0.00
1.10 4.36 4.13 1.00 0.00
1.10 4.36 4.30 1.00 0.00
1.10 4.36 4.47 1.00 0.00
0.30 4.54 7.50 1.00 0.00
0.30 4.54 7.68 1.00 0.00
0.30 4.54 7.85 1.00 0.00
0.30 4.54 8.03 1.00 0.00
0.30 4.54 8.20 1.00 0.00
0.30 4.54 8.38 1.00 0.00
0.30 4.54 8.55 1.00 0.00
0.30 4.54 8.72 1.00 0.00
0.30 4.54 8.90 1.00 0.00
0.30 4.54 9.07 1.00 0.00
0.30 4.54 9.25 1.00 0.00
0.30 4.54 9.42 1.00 0.00
0.30 4.54 9.60 1.00 0.00
0.30 4.54 9.77 1.00 0.00
0.30 4.54 9.95 1.00 0.00
0.30 4.54 10.12 1.00 0.00
0.30 4.54 10.30 1.00 0.00
0.30 4.54 10.47 1.00 0.00
0.50 4.54 1.29 1.00 0.00
0.50 4.54 1.47 1.00 0.00
0.50 4.54 1.64 1.00 0.00
0.50 4.54 1.81 1.00 0.00
0.50 4.54 1.99 1.00 0.00
0.50 4.54 2.16 1.00 0.00
0.50 4.54 2.34 1.00 0.00
0.50 4.54 2.51 1.00 0.00
0.50 4.54 2.69 1.00 0.00
0.50 4.54 2.86 1.00 0.00
0.50 4.54 3.04 1.00 0.00
0.50 4.54 3.21 1.00 0.00
0.50 4.54 3.39 1.00 0.00
0.50 4.54 3.56 1.00 0.00
0.50 4.54 3.73 1.00 0.00
0.50 4.54 3.91 1.00 0.00
0.50 4.54 4.08 1.00 0.00
0.50 4.54 4.26 1.00 0.00
0.70 4.54 1.37 1.00 0.00
0.70 4.54 1.54 1.00 0.00
0.70 4.54 1.72 1.00 0.00
0.70 4.54 1.89 1.00 0.00
0.70 4.54 2.07 1.00 0.00
0.70 4.54 2.24 1.00 0.00
0.70 4.54 2.41 1.00 0.00
0.70 4.54 2.59 1.00 0.00
0.70 4.54 2.76 1.00 0.00
0.70 4.54 2.94 1.00 0.00
0.70 4.54 3.11 1.00 0.00
0.70 4.54 3.29 1.00 0.00
0.70 4.54 3.46 1.00 0.00
0.70 4.54 3.64 1.00 0.00
0.70 4.54 3.81 1.00 0.00
0.70 4.54 3.99 1.00 0.00
0.70 4.54 4.16 1.00 0.00
0.70 4.54 4.33 1.00 0.00
0.90 4.54 1.45 1.00 0.00
0.90 4.54 1.62 1.00 0.00
0.90 4.54 1.80 1.00 0.00
0.90 4.54 1.97 1.00 0.00
0.90 4.54 2.15 1.00 0.00
0.90 4.54 2.32 1.00 0.00
0.90 4.54 2.50 1.00 0.00
0.90 4.54 2.67 1.00 0.00
0.90 4.54 2.85 1.00 0.00
0.90 4.54 3.02 1.00 0.00
0.90 4.54 3.19 1.00 0.00
0.90 4.54 3.37 1.00 0.00
0.90 4.54 3.54 1.00 0.00
0.90 4.54 3.72 1.00 0.00
0.90 4.54 3.89 1.00 0.00
0.90 4.54 4.07 1.00 0.00
0.90 4.54 4.24 1.00 0.00
0.90 4.54 4.42 1.00 0.00
1.10 4.54 1.54 1.00 0.00
1.10 4.54 1.71 1.00 0.00
1.10 4.54 1.88 1.00 0.00
1.10 4.54 2.06 1.00 0.00
1.10 4.54 2.23 1.00 0.00
1.10 4.54 2.41 1.00 0.00
1.10 4.54 2.58 1.00 0.00
1.10 4.54 2.76 1.00 0.00
1.10 4.54 2.93 1.00 0.00
1.10 4.54 3.11 1.00 0.00
1.10 4.54 3.28 1.00 0.00
1.10 4.54 3.46 1.00 0.00
1.10 4.54 3.63 1.00 0.00
1.10 4.54 3.80 1.00 0.00
1.10 4.54 3.98 1.00 0.00
1.10 4.54 4.15 1.00 0.00
1.10 4.54 4.33 1.00 0.00
1.10 4.54 4.50 1.00 0.00
0.30 4.71 1.23 1.00 0.00
0.30 4.71 1.40 1.00 0.00
0.30 4.71 1.58 1.00 0.00
0.30 4.71 1.75 1.00 0.00
0.30 4.71 1.93 1.00 0.00
0.30 4.71 2.10 1.00 0.00
0.30 4.71 2.28 1.00 0.00
0.30 4.71 2.45 1.00 0.00
0.30 4.71 2.62 1.00 0.00
0.30 4.71 2.80 1.00 0.00
0.30 4.71 2.97 1.00 0.00
0.30 4.71 3.15 1.00 0.00
0.30 4.71 3.32 1.00 0.00
0.30 4.71 3.50 1.00 0.00
0.30 4.71 3.67 1.00 0.00
0.30 4.71 3.85 1.00 0.00
0.30 4.71 4.02 1.00 0.00
0.30 4.71 4.20 1.00 0.00
0.50 4.71 1.30 1.00 0.00
0.50 4.71 1.48 1.00 0.00
0.50 4.71 1.65 1.00 0.00
0.50 4.71 1.83 1.00 0.00
0.50 4.71 2.00 1.00 0.00
0.50 4.71 2.18 1.00 0.00
0.50 4.71 2.35 1.00 0.00
0.50 4.71 2.53 1.00 0.00
0.50 4.71 2.70 1.00 0.00
0.50 4.71 2.87 1.00 0.00
0.50 4.71 3.05 1.00 0.00
0.50 4.71 3.22 1.00 0.00
0.50 4.71 3.40 1.00 0.00
0.50 4.71 3.57 1.00 0.00
0.50 4.71 3.75 1.00 0.00
0.50 4.71 3.92 1.00 0.00
0.50 4.71 4.10 1.00 0.00
0.50 4.71 4.27 1.00 0.00
0.70 4.71 1.38 1.00 0.00
0.70 4.71 1.56 1.00 0.00
0.70 4.71 1.73 1.00 0.00
0.70 4.71 1.91 1.00 0.00
0.70 4.71 2.08 1.00 0.00
0.70 4.71 2.25 1.00 0.00
0.70 4.71 2.43 1.00 0.00
0.70 4.71 2.60 1.00 0.00
0.70 4.71 2.78 1.00 0.00
0.70 4.71 2.95 1.00 0.00
0.70 4.71 3.13 1.00 0.00
0.70 4.71 3.30 1.00 0.00
0.70 4.71 3.48 1.00 0.00
0.70 4.71 3.65 1.00 0.00
0.70 4.71 3.83 1.00 0.00
0.70 4.71 4.00 1.00 0.00
0.70 4.71 4.17 1.00 0.00
0.70 4.71 4.35 1.00 0.00
0.90 4.71 1.46 1.00 0.00
0.90 4.71 1.64 1.00 0.00
0.90 4.71 1.81 1.00 0.00
0.90 4.71 1.99 1.00 0.00
0.90 4.71 2.16 1.00 0.00
0.90 4.71 2.34 1.00 0.00
0.90 4.71 2.51 1.00 0.00
0.90 4.71 2.68 1.00 0.00
0.90 4.71 2.86 1.00 0.00
0.90 4.71 3.03 1.00 0.00
0.90 4.71 3.21 1.00 0.00
0.90 4.71 3.38 1.00 0.00
0.90 4.71 3.56 1.00 0.00
0.90 4.71 3.73 1.00 0.00
0.90 4.71 3.91 1.00 0.00
0.90 4.71 4.08 1.00 0.00
0.90 4.71 4.26 1.00 0.00
0.90 4.71 4.43 1.00 0.00
1.10 4.71 1.54 1.00 0.00
1.10 4.71 1.72 1.00 0.00
1.10 4.71 1.89 1.00 0.00
1.10 4.71 2.07 1.00 0.00
1.10 4.71 2.24 1.00 0.00
1.10 4.71 2.42 1.00 0.00
1.10 4.71 2.59 1.00 0.00
1.10 4.71 2.77 1.00 0.00
1.10 4.71 2.94 1.00 0.00
1.10 4.71 3.12 1.00 0.00
1.10 4.71 3.29 1.00 0.00
1.10 4.71 3.46 1.00 0.00
1.10 4.71 3.64 1.00 0.00
1.10 4.71 3.81 1.00 0.00
1.10 4.71 3.99 1.00 0.00
1.10 4.71 4.16 1.00 0.00
1.10 4.71 4.34 1.00 0.00
1.10 4.71 4.51 1.00 0.00
0.30 4.89 1.23 1.00 0.00
0.30 4.89 1.41 1.00 0.00
0.30 4.89 1.58 1.00 0.00
0.30 4.89 1.76 1.00 0.00
0.30 4.89 1.93 1.00 0.00
0.30 4.89 2.11 1.00 0.00
0.30 4.89 2.28 1.00 0.00
0.30 4.89 2.45 1.00 0.00
0.30 4.89 2.63 1.00 0.00
0.30 4.89 2.80 1.00 0.00
0.30 4.89 2.98 1.00 0.00
0.30 4.89 3.15 1.00 0.00
0.30 4.89 3.33 1.00 0.00
0.30 4.89 3.50 1.00 0.00
0.30 4.89 3.68 1.00 0.00
0.30 4.89 3.85 1.00 0.00
0.30 4.89 4.03 1.00 0.00
0.30 4.89 4.20 1.00 0.00
0.50 4.89 1.31 1.00 0.00
0.50 4.89 1.48 1.00 0.00
0.50 4.89 1.66 1.00 0.00
0.50 4.89 1.83 1.00 0.00
0.50 4.89 2.01 1.00 0.00
0.50 4.89 2.18 1.00 0.00
0.50 4.89 2.36 1.00 0.00
0.50 4.89 2.53 1.00 0.00
0.50 4.89 2.71 1.00 0.00
0.50 4.89 2.88 1.00 0.00
0.50 4.89 3.05 1.00 0.00
0.50 4.89 3.23 1.00 0.00
0.50 4.89 3.40 1.00 0.00
0.50 4.89 3.58 1.00 0.00
0.50 4.89 3.75 1.00 0.00
0.50 4.89 3.93 1.00 0.00
0.50 4.89 4.10 1.00 0.00
0.50 4.89 4.28 1.00 0.00
0.70 4.89 1.39 1.00 0.00
0.70 4.89 1.56 1.00 0.00
0.70 4.89 1.74 1.00 0.00
0.70 4.89 1.91 1.00 0.00
0.70 4.89 2.08 1.00 0.00
0.70 4.89 2.26 1.00 0.00
0.70 4.89 2.43 1.00 0.00
0.70 4.89 2.61 1.00 0.00
0.70 4.89 2.78 1.00 0.00
0.70 4.89 2.96 1.00 0.00
0.70 4.89 3.13 1.00 0.00
0.70 4.89 3.31 1.00 0.00
0.70 4.89 3.48 1.00 0.00
0.70 4.89 3.66 1.00 0.00
0.70 4.89 3.83 1.00 0.00
0.70 4.89 4.00 1.00 0.00
0.70 4.89 4.18 1.00 0.00
0.70 4.89 4.35 1.00 0.00
0.90 4.89 1.46 1.00 0.00
0.90 4.89 1.64 1.00 0.00
0.90 4.89 1.81 1.00 0.00
0.90 4.89 1.99 1.00 0.00
0.90 4.89 2.16 1.00 0.00
0.90 4.89 2.34 1.00 0.00
0.90 4.89 2.51 1.00 0.00
0.90 4.89 2.69 1.00 0.00
0.90 4.89 2.86 1.00 0.00
0.90 4.89 3.03 1.00 0.00
0.90 4.89 3.21 1.00 0.00
0.90 4.89 3.38 1.00 0.00
0.90 4.89 3.56 1.00 0.00
0.90 4.89 3.73 1.00 0.00
0.90 4.89 3.91 1.00 0.00
0.90 4.89 4.08 1.00 0.00
0.90 4.89 4.26 1.00 0.00
0.90 4.89 4.43 1.00 0.00
1.10 4.89 1.54 1.00 0.00
1.10 4.89 1.72 1.00 0.00
1.10 4.89 1.89 1.00 0.00
1.10 4.89 2.06 1.00 0.00
1.10 4.89 2.24 1.00 0.00
1.10 4.89 2.41 1.00 0.00
1.10 4.89 2.59 1.00 0.00
1.10 4.89 2.76 1.00 0.00
1.10 4.89 2.94 1.00 0.00
1.10 4.89 3.11 1.00 0.00
1.10 4.89 3.29 1.00 0.00
1.10 4.89 3.46 1.00 0.00
1.10 4.89 3.63 1.00 0.00
1.10 4.89 3.81 1.00 0.00
1.10 4.89 3.98 1.00 0.00
1.10 4.89 4.16 1.00 0.00
1.10 4.89 4.33 1.00 0.00
1.10 4.89 4.51 1.00 0.00
0.30 5.06 1.23 1.00 0.00
0.30 5.06 1.41 1.00 0.00
0.30 5.06 1.58 1.00 0.00
0.30 5.06 1.76 1.00 0.00
0.30 5.06 1.93 1.00 0.00
0.30 5.06 2.11 1.00 0.00
0.30 5.06 2.28 1.00 0.00
0.30 5.06 2.46 1.00 0.00
0.30 5.06 2.63 1.00 0.00
0.30 5.06 2.81 1.00 0.00
0.30 5.06 2.98 1.00 0.00
0.30 5.06 3.15 1.00 0.00
0.30 5.06 3.33 1.00 0.00
0.30 5.06 3.50 1.00 0.00
0.30 5.06 3.68 1.00 0.00
0.30 5.06 3.85 1.00 0.00
0.30 5.06 4.03 1.00 0.00
0.30 5.06 4.20 1.00 0.00
0.50 5.06 1.31 1.00 0.00
0.50 5.06 1.48 1.00 0.00
0.50 5.06 1.66 1.00 0.00
0.50 5.06 1.83 1.00 0.00
0.50 5.06 2.01 1.00 0.00
0.50 5.06 2.18 1.00 0.00
0.50 5.06 2.36 1.00 0.00
0.50 5.06 2.53 1.00 0.00
0.50 5.06 2.71 1.00 0.00
0.50 5.06 2.88 1.00 0.00
0.50 5.06 3.05 1.00 0.00
0.50 5.06 3.23 1.00 0.00
0.50 5.06 3.40 1.00 0.00
0.50 5.06 3.58 1.00 0.00
0.50 5.06 3.75 1.00 0.00
0.50 5.06 3.93 1.00 0.00
0.50 5.06 4.10 1.00 0.00
0.50 5.06 4.28 1.00 0.00
0.70 5.06 1.38 1.00 0.00
0.70 5.06 1.56 1.00 0.00
0.70 5.06 1.73 1.00 0.00
0.70 5.06 1.91 1.00 0.00
0.70 5.06 2.08 1.00 0.00
0.70 5.06 2.26 1.00 0.00
0.70 5.06 2.43 1.00 0.00
0.70 5.06 2.60 1.00 0.00
0.70 5.06 2.78 1.00 0.00
0.70 5.06 2.95 1.00 0.00
0.70 5.06 3.13 1.00 0.00
0.70 5.06 3.30 1.00 0.00
0.70 5.06 3.48 1.00 0.00
0.70 5.06 3.65 1.00 0.00
0.70 5.06 3.83 1.00 0.00
0.70 5.06 4.00 1.00 0.00
0.70 5.06 4.18 1.00 0.00
0.70 5.06 4.35 1.00 0.00
0.90 5.06 1.46 1.00 0.00
0.90 5.06 1.63 1.00 0.00
0.90 5.06 1.80 1.00 0.00
0.90 5.06 1.98 1.00 0.00
0.90 5.06 2.15 1.00 0.00
0.90 5.06 2.33 1.00 0.00
0.90 5.06 2.50 1.00 0.00
0.90 5.06 2.68 1.00 0.00
0.90 5.06 2.85 1.00 0.00
0.90 5.06 3.03 1.00 0.00
0.90 5.06 3.20 1.00 0.00
0.90 5.06 3.37 1.00 0.00
0.90 5.06 3.55 1.00 0.00
0.90 5.06 3.72 1.00 0.00
0.90 5.06 3.90 1.00 0.00
0.90 5.06 4.07 1.00 0.00
0.90 5.06 4.25 1.00 0.00
0.90 5.06 4.42 1.00 0.00
1.10 5.06 1.52 1.00 0.00
1.10 5.06 1.70 1.00 0.00
1.10 5.06 1.87 1.00 0.00
1.10 5.06 2.05 1.00 0.00
1.10 5.06 2.22 1.00 0.00
1.10 5.06 2.40 1.00 0.00
1.10 5.06 2.57 1.00 0.00
1.10 5.06 2.75 1.00 0.00
1.10 5.06 2.92 1.00 0.00
1.10 5.06 3.10 1.00 0.00
1.10 5.06 3.27 1.00 0.00
1.10 5.06 3.44 1.00 0.00
1.10 5.06 3.62 1.00 0.00
1.10 5.06 3.79 1.00 0.00
1.10 5.06 3.97 1.00 0.00
1.10 5.06 4.14 1.00 0.00
1.10 5.06 4.32 1.00 0.00
1.10 5.06 4.49 1.00 0.00
0.30 5.24 1.23 1.00 0.00
0.30 5.24 1.41 1.00 0.00
0.30 5.24 1.58 1.00 0.00
0.30 5.24 1.76 1.00 0.00
0.30 5.24 1.93 1.00 0.00
0.30 5.24 2.11 1.00 0.00
0.30 5.24 2.28 1.00 0.00
0.30 5.24 2.45 1.00 0.00
0.30 5.24 2.63 1.00 0.00
0.30 5.24 2.80 1.00 0.00
0.30 5.24 2.98 1.00 0.00
0.30 5.24 3.15 1.00 0.00
0.30 5.24 3.33 1.00 0.00
0.30 5.24 3.50 1.00 0.00
0.30 5.24 3.68 1.00 0.00
0.30 5.24 3.85 1.00 0.00
0.30 5.24 4.03 1.00 0.00
0.30 5.24 4.20 1.00 0.00
0.50 5.24 1.30 1.00 0.00
0.50 5.24 1.48 1.00 0.00
0.50 5.24 1.65 1.00 0.00
0.50 5.24 1.83 1.00 0.00
0.50 5.24 2.00 1.00 0.00
0.50 5.24 2.18 1.00 0.00
0.50 5.24 2.35 1.00 0.00
0.50 5.24 2.53 1.00 0.00
0.50 5.24 2.70 1.00 0.00
0.50 5.24 2.87 1.00 0.00
0.50 5.24 3.05 1.00 0.00
0.50 5.24 3.22 1.00 0.00
0.50 5.24 3.40 1.00 0.00
0.50 5.24 3.57 1.00 0.00
0.50 5.24 3.75 1.00 0.00
0.50 5.24 3.92 1.00 0.00
0.50 5.24 4.10 1.00 0.00
0.50 5.24 4.27 1.00 0.00
0.70 5.24 1.37 1.00 0.00
0.70 5.24 1.55 1.00 0.00
0.70 5.24 1.72 1.00 0.00
0.70 5.24 1.90 1.00 0.00
0.70 5.24 2.07 1.00 0.00
0.70 5.24 2.25 1.00 0.00
0.70 5.24 2.42 1.00 0.00
0.70 5.24 2.59 1.00 0.00
0.70 5.24 2.77 1.00 0.00
0.70 5.24 2.94 1.00 0.00
0.70 5.24 3.12 1.00 0.00
0.70 5.24 3.29 1.00 0.00
0.70 5.24 3.47 1.00 0.00
0.70 5.24 3.64 1.00 0.00
0.70 5.24 3.82 1.00 0.00
0.70 5.24 3.99 1.00 0.00
0.70 5.24 4.16 1.00 0.00
0.70 5.24 4.34 1.00 0.00
0.90 5.24 1.44 1.00 0.00
0.90 5.24 1.61 1.00 0.00
0.90 5.24 1.79 1.00 0.00
0.90 5.24 1.96 1.00 0.00
0.90 5.24 2.14 1.00 0.00
0.90 5.24 2.31 1.00 0.00
0.90 5.24 2.49 1.00 0.00
0.90 5.24 2.66 1.00 0.00
0.90 5.24 2.83 1.00 0.00
0.90 5.24 3.01 1.00 0.00
0.90 5.24 3.18 1.00 0.00
0.90 5.24 3.36 1.00 0.00
0.90 5.24 3.53 1.00 0.00
0.90 5.24 3.71 1.00 0.00
0.90 5.24 3.88 1.00 0.00
0.90 5.24 4.06 1.00 0.00
0.90 5.24 4.23 1.00 0.00
0.90 5.24 4.41 1.00 0.00
1.10 5.24 1.50 1.00 0.00
1.10 5.24 1.67 1.00 0.00
1.10 5.24 1.85 1.00 0.00
1.10 5.24 2.02 1.00 0.00
1.10 5.24 2.20 1.00 0.00
1.10 5.24 2.37 1.00 0.00
1.10 5.24 2.55 1.00 0.00
1.10 5.24 2.72 1.00 0.00
1.10 5.24 2.90 1.00 0.00
1.10 5.24 3.07 1.00 0.00
1.10 5.24 3.25 1.00 0.00
1.10 5.24 3.42 1.00 0.00
1.10 5.24 3.59 1.00 0.00
1.10 5.24 3.77 1.00 0.00
1.10 5.24 3.94 1.00 0.00
1.10 5.24 4.12 1.00 0.00
1.10 5.24 4.29 1.00 0.00
1.10 5.24 4.47 1.00 0.00
0.30 5.41 1.23 1.00 0.00
0.30 5.41 1.40 1.00 0.00
0.30 5.41 1.58 1.00 0.00
0.30 5.41 1.75 1.00 0.00
0.30 5.41 1.93 1.00 0.00
0.30 5.41 2.10 1.00 0.00
0.30 5.41 2.27 1.00 0.00
0.30 5.41 2.45 1.00 0.00
0.30 5.41 2.62 1.00 0.00
0.30 5.41 2.80 1.00 0.00
0.30 5.41 2.97 1.00 0.00
0.30 5.41 3.15 1.00 0.00
0.30 5.41 3.32 1.00 0.00
0.30 5.41 3.50 1.00 0.00
0.30 5.41 3.67 1.00 0.00
0.30 5.41 3.85 1.00 0.00
0.30 5.41 4.02 1.00 0.00
0.30 5.41 4.19 1.00 0.00
0.50 5.41 1.29 1.00 0.00
0.50 5.41 1.47 1.00 0.00
0.50 5.41 1.64 1.00 0.00
0.50 5.41 1.82 1.00 0.00
0.50 5.41 1.99 1.00 0.00
0.50 5.41 2.17 1.00 0.00
0.50 5.41 2.34 1.00 0.00
0.50 5.41 2.52 1.00 0.00
0.50 5.41 2.69 1.00 0.00
0.50 5.41 2.86 1.00 0.00
0.50 5.41 3.04 1.00 0.00
0.50 5.41 3.21 1.00 0.00
0.50 5.41 3.39 1.00 0.00
0.50 5.41 3.56 1.00 0.00
0.50 5.41 3.74 1.00 0.00
0.50 5.41 3.91 1.00 0.00
0.50 5.41 4.09 1.00 0.00
0.50 5.41 4.26 1.00 0.00
0.70 5.41 1.36 1.00 0.00
0.70 5.41 1.53 1.00 0.00
0.70 5.41 1.70 1.00 0.00
0.70 5.41 1.88 1.00 0.00
0.70 5.41 2.05 1.00 0.00
0.70 5.41 2.23 1.00 0.00
0.70 5.41 2.40 1.00 0.00
0.70 5.41 2.58 1.00 0.00
0.70 5.41 2.75 1.00 0.00
0.70 5.41 2.93 1.00 0.00
0.70 5.41 3.10 1.00 0.00
0.70 5.41 3.28 1.00 0.00
0.70 5.41 3.45 1.00 0.00
0.70 5.41 3.62 1.00 0.00
0.70 5.41 3.80 1.00 0.00
0.70 5.41 3.97 1.00 0.00
0.70 5.41 4.15 1.00 0.00
0.70 5.41 4.32 1.00 0.00
0.90 5.41 1.41 1.00 0.00
0.90 5.41 1.59 1.00 0.00
0.90 5.41 1.76 1.00 0.00
0.90 5.41 1.94 1.00 0.00
0.90 5.41 2.11 1.00 0.00
0.90 5.41 2.29 1.00 0.00
0.90 5.41 2.46 1.00 0.00
0.90 5.41 2.64 1.00 0.00
0.90 5.41 2.81 1.00 0.00
0.90 5.41 2.98 1.00 0.00
0.90 5.41 3.16 1.00 0.00
0.90 5.41 3.33 1.00 0.00
0.90 5.41 3.51 1.00 0.00
0.90 5.41 3.68 1.00 0.00
0.90 5.41 3.86 1.00 0.00
0.90 5.41 4.03 1.00 0.00
0.90 5.41 4.21 1.00 0.00
0.90 5.41 4.38 1.00 0.00
1.10 5.41 1.47 1.00 0.00
1.10 5.41 1.64 1.00 0.00
1.10 5.41 1.82 1.00 0.00
1.10 5.41 1.99 1.00 0.00
1.10 5.41 2.17 1.00 0.00
1.10 5.41 2.34 1.00 0.00
1.10 5.41 2.52 1.00 0.00
1.10 5.41 2.69 1.00 0.00
1.10 5.41 2.87 1.00 0.00
1.10 5.41 3.04 1.00 0.00
1.10 5.41 3.21 1.00 0.00
1.10 5.41 3.39 1.00 0.00
1.10 5.41 3.56 1.00 0.00
1.10 5.41 3.74 1.00 0.00
1.10 5.41 3.91 1.00 0.00
1.10 5.41 4.09 1.00 0.00
1.10 5.41 4.26 1.00 0.00
1.10 5.41 4.44 1.00 0.00
0.30 5.59 7.50 1.00 0.00
0.30 5.59 7.68 1.00 0.00
0.30 5.59 7.85 1.00 0.00
0.30 5.59 8.03 1.00 0.00
0.30 5.59 8.20 1.00 0.00
0.30 5.59 8.38 1.00 0.00
0.30 5.59 8.55 1.00 0.00
0.30 5.59 8.72 1.00 0.00
0.30 5.59 8.90 1.00 0.00
0.30 5.59 9.07 1.00 0.00
0.30 5.59 9.25 1.00 0.00
0.30 5.59 9.42 1.00 0.00
0.30 5.59 9.60 1.00 0.00
0.30 5.59 9.77 1.00 0.00
0.30 5.59 9.95 1.00 0.00
0.30 5.59 10.12 1.00 0.00
0.30 5.59 10.30 1.00 0.00
0.30 5.59 10.47 1.00 0.00
0.50 5.59 1.28 1.00 0.00
0.50 5.59 1.45 1.00 0.00
0.50 5.59 1.63 1.00 0.00
0.50 5.59 1.80 1.00 0.00
0.50 5.59 1.98 1.00 0.00
0.50 5.59 2.15 1.00 0.00
0.50 5.59 2.33 1.00 0.00
0.50 5.59 2.50 1.00 0.00
0.50 5.59 2.68 1.00 0.00
0.50 5.59 2.85 1.00 0.00
0.50 5.59 3.02 1.00 0.00
0.50 5.59 3.20 1.00 0.00
0.50 5.59 3.37 1.00 0.00
0.50 5.59 3.55 1.00 0.00
0.50 5.59 3.72 1.00 0.00
0.50 5.59 3.90 1.00 0.00
0.50 5.59 4.07 1.00 0.00
0.50 5.59 4.25 1.00 0.00
0.70 5.59 1.33 1.00 0.00
0.70 5.59 1.51 1.00 0.00
0.70 5.59 1.68 1.00 0.00
0.70 5.59 1.86 1.00 0.00
0.70 5.59 2.03 1.00 0.00
0.70 5.59 2.21 1.00 0.00
0.70 5.59 2.38 1.00 0.00
0.70 5.59 2.56 1.00 0.00
0.70 5.59 2.73 1.00 0.00
0.70 5.59 2.90 1.00 0.00
0.70 5.59 3.08 1.00 0.00
0.70 5.59 3.25 1.00 0.00
0.70 5.59 3.43 1.00 0.00
0.70 5.59 3.60 1.00 0.00
0.70 5.59 3.78 1.00 0.00
0.70 5.59 3.95 1.00 0.00
0.70 5.59 4.13 1.00 0.00
0.70 5.59 4.30 1.00 0.00
0.90 5.59 1.38 1.00 0.00
0.90 5.59 1.56 1.00 0.00
0.90 5.59 1.73 1.00 0.00
0.90 5.59 1.91 1.00 0.00
0.90 5.59 2.08 1.00 0.00
0.90 5.59 2.26 1.00 0.00
0.90 5.59 2.43 1.00 0.00
0.90 5.59 2.61 1.00 0.00
0.90 5.59 2.78 1.00 0.00
0.90 5.59 2.96 1.00 0.00
0.90 5.59 3.13 1.00 0.00
0.90 5.59 3.30 1.00 0.00
0.90 5.59 3.48 1.00 0.00
0.90 5.59 3.65 1.00 0.00
0.90 5.59 3.83 1.00 0.00
0.90 5.59 4.00 1.00 0.00
0.90 5.59 4.18 1.00 0.00
0.90 5.59 4.35 1.00 0.00
1.10 5.59 1.43 1.00 0.00
1.10 5.59 1.61 1.00 0.00
1.10 5.59 1.78 1.00 0.00
1.10 5.59 1.96 1.00 0.00
1.10 5.59 2.13 1.00 0.00
1.10 5.59 2.30 1.00 0.00
1.10 5.59 2.48 1.00 0.00
1.10 5.59 2.65 1.00 0.00
1.10 5.59 2.83 1.00 0.00
1.10 5.59 3.00 1.00 0.00
1.10 5.59 3.18 1.00 0.00
1.10 5.59 3.35 1.00 0.00
1.10 5.59 3.53 1.00 0.00
1.10 5.59 3.70 1.00 0.00
1.10 5.59 3.88 1.00 0.00
1.10 5.59 4.05 1.00 0.00
1.10 5.59 4.22 1.00 0.00
1.10 5.59 4.40 1.00 0.00
0.30 5.76 7.49 1.00 0.00
0.30 5.76 7.67 1.00 0.00
0.30 5.76 7.84 1.00 0.00
0.30 5.76 8.02 1.00 0.00
0.30 5.76 8.19 1.00 0.00
0.30 5.76 8.37 1.00 0.00
0.30 5.76 8.54 1.00 0.00
0.30 5.76 8.71 1.00 0.00
0.30 5.76 8.89 1.00 0.00
0.30 5.76 9.06 1.00 0.00
0.30 5.76 9.24 1.00 0.00
0.30 5.76 9.41 1.00 0.00
0.30 5.76 9.59 1.00 0.00
0.30 5.76 9.76 1.00 0.00
0.30 5.76 9.94 1.00 0.00
0.30 5.76 10.11 1.00 0.00
0.30 5.76 10.28 1.00 0.00
0.30 5.76 10.46 1.00 0.00
0.50 5.76 1.26 1.00 0.00
0.50 5.76 1.44 1.00 0.00
0.50 5.76 1.61 1.00 0.00
0.50 5.76 1.78 1.00 0.00
0.50 5.76 1.96 1.00 0.00
0.50 5.76 2.13 1.00 0.00
0.50 5.76 2.31 1.00 0.00
0.50 5.76 2.48 1.00 0.00
0.50 5.76 2.66 1.00 0.00
0.50 5.76 2.83 1.00 0.00
0.50 5.76 3.01 1.00 0.00
0.50 5.76 3.18 1.00 0.00
0.50 5.76 3.36 1.00 0.00
0.50 5.76 3.53 1.00 0.00
0.50 5.76 3.70 1.00 0.00
0.50 5.76 3.88 1.00 0.00
0.50 5.76 4.05 1.00 0.00
0.50 5.76 4.23 1.00 0.00
0.70 5.76 1.31 1.00 0.00
0.70 5.76 1.48 1.00 0.00
0.70 5.76 1.66 1.00 0.00
0.70 5.76 1.83 1.00 0.00
0.70 5.76 2.01 1.00 0.00
0.70 5.76 2.18 1.00 0.00
0.70 5.76 2.36 1.00 0.00
0.70 5.76 2.53 1.00 0.00
0.70 5.76 2.70 1.00 0.00
0.70 5.76 2.88 1.00 0.00
0.70 5.76 3.05 1.00 0.00
0.70 5.76 3.23 1.00 0.00
0.70 5.76 3.40 1.00 0.00
0.70 5.76 3.58 1.00 0.00
0.70 5.76 3.75 1.00 0.00
0.70 5.76 3.93 1.00 0.00
0.70 5.76 4.10 1.00 0.00
0.70 5.76 4.28 1.00 0.00
0.90 5.76 1.35 1.00 0.00
0.90 5.76 1.53 1.00 0.00
0.90 5.76 1.70 1.00 0.00
0.90 5.76 1.88 1.00 0.00
0.90 5.76 2.05 1.00 0.00
0.90 5.76 2.22 1.00 0.00
0.90 5.76 2.40 1.00 0.00
0.90 5.76 2.57 1.00 0.00
0.90 5.76 2.75 1.00 0.00
0.90 5.76 2.92 1.00 0.00
0.90 5.76 3.10 1.00 0.00
0.90 5.76 3.27 1.00 0.00
0.90 5.76 3.45 1.00 0.00
0.90 5.76 3.62 1.00 0.00
0.90 5.76 3.79 1.00 0.00
0.90 5.76 3.97 1.00 0.00
0.90 5.76 4.14 1.00 0.00
0.90 5.76 4.32 1.00 0.00
1.10 5.76 1.39 1.00 0.00
1.10 5.76 1.57 1.00 0.00
1.10 5.76 1.74 1.00 0.00
1.10 5.76 1.91 1.00 0.00
1.10 5.76 2.09 1.00 0.00
1.10 5.76 2.26 1.00 0.00
1.10 5.76 2.44 1.00 0.00
1.10 5.76 2.61 1.00 0.00
1.10 5.76 2.79 1.00 0.00
1.10 5.76 2.96 1.00 0.00
1.10 5.76 3.14 1.00 0.00
1.10 5.76 3.31 1.00 0.00
1.10 5.76 3.49 1.00 0.00
1.10 5.76 3.66 1.00 0.00
1.10 5.76 3.83 1.00 0.00
1.10 5.76 4.01 1.00 0.00
1.10 5.76 4.18 1.00 0.00
1.10 5.76 4.36 1.00 0.00
0.30 5.93 7.48 1.00 0.00
0.30 5.93 7.65 1.00 0.00
0.30 5.93 7.83 1.00 0.00
0.30 5.93 8.00 1.00 0.00
0.30 5.93 8.18 1.00 0.00
0.30 5.93 8.35 1.00 0.00
0.30 5.93 8.53 1.00 0.00
0.30 5.93 8.70 1.00 0.00
0.30 5.93 8.88 1.00 0.00
0.30 5.93 9.05 1.00 0.00
0.30 5.93 9.23 1.00 0.00
0.30 5.93 9.40 1.00 0.00
0.30 5.93 9.57 1.00 0.00
0.30 5.93 9.75 1.00 0.00
0.30 5.93 9.92 1.00 0.00
0.30 5.93 10.10 1.00 0.00
0.30 5.93 10.27 1.00 0.00
0.30 5.93 10.45 1.00 0.00
0.50 5.93 1.24 1.00 0.00
0.50 5.93 1.41 1.00 0.00
0.50 5.93 1.59 1.00 0.00
0.50 5.93 1.76 1.00 0.00
0.50 5.93 1.94 1.00 0.00
0.50 5.93 2.11 1.00 0.00
0.50 5.93 2.29 1.00 0.00
0.50 5.93 2.46 1.00 0.00
0.50 5.93 2.64 1.00 0.00
0.50 5.93 2.81 1.00 0.00
0.50 5.93 2.99 1.00 0.00
0.50 5.93 3.16 1.00 0.00
0.50 5.93 3.33 1.00 0.00
0.50 5.93 3.51 1.00 0.00
0.50 5.93 3.68 1.00 0.00
0.50 5.93 3.86 1.00 0.00
0.50 5.93 4.03 1.00 0.00
0.50 5.93 4.21 1.00 0.00
0.70 5.93 1.28 1.00 0.00
0.70 5.93 1.45 1.00 0.00
0.70 5.93 1.63 1.00 0.00
0.70 5.93 1.80 1.00 0.00
0.70 5.93 1.98 1.00 0.00
0.70 5.93 2.15 1.00 0.00
0.70 5.93 2.33 1.00 0.00
0.70 5.93 2.50 1.00 0.00
0.70 5.93 2.68 1.00 0.00
0.70 5.93 2.85 1.00 0.00
0.70 5.93 3.02 1.00 0.00
0.70 5.93 3.20 1.00 0.00
0.70 5.93 3.37 1.00 0.00
0.70 5.93 3.55 1.00 0.00
0.70 5.93 3.72 1.00 0.00
0.70 5.93 3.90 1.00 0.00
0.70 5.93 4.07 1.00 0.00
0.70 5.93 4.25 1.00 0.00
0.90 5.93 1.31 1.00 0.00
0.90 5.93 1.49 1.00 0.00
0.90 5.93 1.66 1.00 0.00
0.90 5.93 1.84 1.00 0.00
0.90 5.93 2.01 1.00 0.00
0.90 5.93 2.19 1.00 0.00
0.90 5.93 2.36 1.00 0.00
0.90 5.93 2.54 1.00 0.00
0.90 5.93 2.71 1.00 0.00
0.90 5.93 2.89 1.00 0.00
0.90 5.93 3.06 1.00 0.00
0.90 5.93 3.23 1.00 0.00
0.90 5.93 3.41 1.00 0.00
0.90 5.93 3.58 1.00 0.00
0.90 5.93 3.76 1.00 0.00
0.90 5.93 3.93 1.00 0.00
0.90 5.93 4.11 1.00 0.00
0.90 5.93 4.28 1.00 0.00
1.10 5.93 1.35 1.00 0.00
1.10 5.93 1.52 1.00 0.00
1.10 5.93 1.70 1.00 0.00
1.10 5.93 1.87 1.00 0.00
1.10 5.93 2.04 1.00 0.00
1.10 5.93 2.22 1.00 0.00
1.10 5.93 2.39 1.00 0.00
1.10 5.93 2.57 1.00 0.00
1.10 5.93 2.74 1.00 0.00
1.10 5.93 2.92 1.00 0.00
1.10 5.93 3.09 1.00 0.00
1.10 5.93 3.27 1.00 0.00
1.10 5.93 3.44 1.00 0.00
1.10 5.93 3.62 1.00 0.00
1.10 5.93 3.79 1.00 0.00
1.10 5.93 3.96 1.00 0.00
1.10 5.93 4.14 1.00 0.00
1.10 5.93 4.31 1.00 0.00
0.30 6.11 7.47 1.00 0.00
0.30 6.11 7.64 1.00 0.00
0.30 6.11 7.81 1.00 0.00
0.30 6.11 7.99 1.00 0.00
0.30 6.11 8.16 1.00 0.00
0.30 6.11 8.34 1.00 0.00
0.30 6.11 8.51 1.00 0.00
0.30 6.11 8.69 1.00 0.00
0.30 6.11 8.86 1.00 0.00
0.30 6.11 9.04 1.00 0.00
0.30 6.11 9.21 1.00 0.00
0.30 6.11 9.39 1.00 0.00
0.30 6.11 9.56 1.00 0.00
0.30 6.11 9.73 1.00 0.00
0.30 6.11 9.91 1.00 0.00
0.30 6.11 10.08 1.00 0.00
0.30 6.11 10.26 1.00 0.00
0.30 6.11 10.43 1.00 0.00
0.50 6.11 7.50 1.00 0.00
0.50 6.11 7.67 1.00 0.00
0.50 6.11 7.85 1.00 0.00
0.50 6.11 8.02 1.00 0.00
0.50 6.11 8.20 1.00 0.00
0.50 6.11 8.37 1.00 0.00
0.50 6.11 8.55 1.00 0.00
0.50 6.11 8.72 1.00 0.00
0.50 6.11 8.90 1.00 0.00
0.50 6.11 9.07 1.00 0.00
0.50 6.11 9.25 1.00 0.00
0.50 6.11 9.42 1.00 0.00
0.50 6.11 9.59 1.00 0.00
0.50 6.11 9.77 1.00 0.00
0.50 6.11 9.94 1.00 0.00
0.50 6.11 10.12 1.00 0.00
0.50 6.11 10.29 1.00 0.00
0.50 6.11 10.47 1.00 0.00
0.70 6.11 1.25 1.00 0.00
0.70 6.11 1.42 1.00 0.00
0.70 6.11 1.60 1.00 0.00
0.70 6.11 1.77 1.00 0.00
0.70 6.11 1.95 1.00 0.00
0.70 6.11 2.12 1.00 0.00
0.70 6.11 2.29 1.00 0.00
0.70 6.11 2.47 1.00 0.00
0.70 6.11 2.64 1.00 0.00
0.70 6.11 2.82 1.00 0.00
0.70 6.11 2.99 1.00 0.00
0.70 6.11 3.17 1.00 0.00
0.70 6.11 3.34 1.00 0.00
0.70 6.11 3.52 1.00 0.00
0.70 6.11 3.69 1.00 0.00
0.70 6.11 3.87 1.00 0.00
0.70 6.11 4.04 1.00 0.00
0.70 6.11 4.21 1.00 0.00
0.90 6.11 1.28 1.00 0.00
0.90 6.11 1.45 1.00 0.00
0.90 6.11 1.62 1.00 0.00
0.90 6.11 1.80 1.00 0.00
0.90 6.11 1.97 1.00 0.00
0.90 6.11 2.15 1.00 0.00
0.90 6.11 2.32 1.00 0.00
0.90 6.11 2.50 1.00 0.00
0.90 6.11 2.67 1.00 0.00
0.90 6.11 2.85 1.00 0.00
0.90 6.11 3.02 1.00 0.00
0.90 6.11 3.19 1.00 0.00
0.90 6.11 3.37 1.00 0.00
0.90 6.11 3.54 1.00 0.00
0.90 6.11 3.72 1.00 0.00
0.90 6.11 3.89 1.00 0.00
0.90 6.11 4.07 1.00 0.00
0.90 6.11 4.24 1.00 0.00
1.10 6.11 1.30 1.00 0.00
1.10 6.11 1.47 1.00 0.00
1.10 6.11 1.65 1.00 0.00
1.10 6.11 1.82 1.00 0.00
1.10 6.11 2.00 1.00 0.00
1.10 6.11 2.17 1.00 0.00
1.10 6.11 2.35 1.00 0.00
1.10 6.11 2.52 1.00 0.00
1.10 6.11 2.70 1.00 0.00
1.10 6.11 2.87 1.00 0.00
1.10 6.11 3.05 1.00 0.00
1.10 6.11 3.22 1.00 0.00
1.10 6.11 3.39 1.00 0.00
1.10 6.11 3.57 1.00 0.00
1.10 6.11 3.74 1.00 0.00
1.10 6.11 3.92 1.00 0.00
1.10 6.11 4.09 1.00 0.00
1.10 6.11 4.27 1.00 0.00
