1.09 0.10 1.40
0.92 0.10 1.51
0.75 0.10 1.62
0.58 0.10 1.72
0.41 0.10 1.83
1.06 0.10 1.35
0.88 0.10 1.43
0.69 0.10 1.51
0.51 0.10 1.58
0.32 0.10 1.66
1.05 0.10 1.30
0.85 0.10 1.35
0.65 0.10 1.39
0.46 0.10 1.44
0.26 0.10 1.48
1.04 0.10 1.25
0.84 0.10 1.26
0.64 0.10 1.27
0.44 0.10 1.28
0.24 0.10 1.29
1.04 0.10 1.20
0.84 0.10 1.17
0.64 0.10 1.15
0.45 0.10 1.12
0.25 0.10 1.10
1.05 0.10 1.15
0.86 0.10 1.09
0.67 0.10 1.03
0.48 0.10 0.97
0.29 0.10 0.91
1.07 0.10 1.10
0.89 0.10 1.01
0.72 0.10 0.92
0.54 0.10 0.82
0.36 0.10 0.73
1.10 0.10 1.06
0.94 0.10 0.93
0.78 0.10 0.81
0.62 0.10 0.69
0.46 0.10 0.57
1.13 0.10 1.02
1.00 0.10 0.87
0.86 0.10 0.72
0.73 0.10 0.58
0.59 0.10 0.43
1.18 0.10 0.99
1.07 0.10 0.82
0.96 0.10 0.65
0.85 0.10 0.48
0.74 0.10 0.31
1.22 0.10 0.96
1.15 0.10 0.78
1.07 0.10 0.59
0.99 0.10 0.41
0.91 0.10 0.22
1.27 0.10 0.95
1.23 0.10 0.75
1.18 0.10 0.55
1.14 0.10 0.36
1.10 0.10 0.16
1.32 0.10 0.94
1.31 0.10 0.74
1.31 0.10 0.54
1.30 0.10 0.34
1.29 0.10 0.14
1.38 0.10 0.94
1.40 0.10 0.74
1.43 0.10 0.54
1.45 0.10 0.35
1.48 0.10 0.15
1.43 0.10 0.95
1.49 0.10 0.76
1.55 0.10 0.57
1.61 0.10 0.38
1.67 0.10 0.19
1.48 0.10 0.97
1.57 0.10 0.79
1.66 0.10 0.62
1.75 0.10 0.44
1.84 0.10 0.26
1.52 0.10 1.00
1.64 0.10 0.84
1.76 0.10 0.68
1.88 0.10 0.52
2.00 0.10 0.36
1.56 0.10 1.03
1.71 0.10 0.90
1.85 0.10 0.76
2.00 0.10 0.63
2.15 0.10 0.49
1.59 0.10 1.08
1.76 0.10 0.97
1.93 0.10 0.86
2.10 0.10 0.75
2.26 0.10 0.64
1.61 0.10 1.12
1.80 0.10 1.05
1.98 0.10 0.97
2.17 0.10 0.89
2.35 0.10 0.81
1.63 0.10 1.17
1.83 0.10 1.13
2.02 0.10 1.08
2.22 0.10 1.04
2.41 0.10 1.00
1.64 0.10 1.22
1.84 0.10 1.21
2.04 0.10 1.21
2.24 0.10 1.20
2.44 0.10 1.19
1.64 0.10 1.28
1.83 0.10 1.30
2.03 0.10 1.33
2.23 0.10 1.35
2.43 0.10 1.38
1.62 0.10 1.33
1.82 0.10 1.39
2.01 0.10 1.45
2.20 0.10 1.51
2.39 0.10 1.57
1.60 0.10 1.38
1.78 0.10 1.47
1.96 0.10 1.56
2.14 0.10 1.65
2.32 0.10 1.74
1.58 0.10 1.42
1.74 0.10 1.54
1.89 0.10 1.66
2.05 0.10 1.78
2.21 0.10 1.90
1.54 0.10 1.46
1.68 0.10 1.61
1.81 0.10 1.75
1.95 0.10 1.90
2.08 0.10 2.05
1.50 0.10 1.49
1.61 0.10 1.66
1.72 0.10 1.83
1.82 0.10 2.00
1.93 0.10 2.16
1.45 0.10 1.51
1.53 0.10 1.70
1.61 0.10 1.88
1.68 0.10 2.07
1.76 0.10 2.25
1.40 0.10 1.53
1.45 0.10 1.73
1.49 0.10 1.92
1.54 0.10 2.12
1.58 0.10 2.31
1.35 0.10 1.54
1.36 0.10 1.74
1.37 0.10 1.94
1.38 0.10 2.14
1.39 0.10 2.34
1.30 0.10 1.54
1.27 0.10 1.73
1.25 0.10 1.93
1.22 0.10 2.13
1.20 0.10 2.33
1.25 0.10 1.52
1.19 0.10 1.72
1.13 0.10 1.91
1.07 0.10 2.10
1.01 0.10 2.29
1.20 0.10 1.50
1.11 0.10 1.68
1.02 0.10 1.86
0.92 0.10 2.04
0.83 0.10 2.22
1.16 0.10 1.48
1.03 0.10 1.64
0.91 0.10 1.79
0.79 0.10 1.95
0.67 0.10 2.11
1.12 0.10 1.44
0.97 0.10 1.58
0.82 0.10 1.71
0.68 0.10 1.85
0.53 0.10 1.98
