0.30 0.00 10.37 1.00 0.00
0.30 0.00 10.55 1.00 0.00
0.30 0.00 10.72 1.00 0.00
0.30 0.00 10.90 1.00 0.00
0.30 0.00 11.07 1.00 0.00
0.30 0.00 11.24 1.00 0.00
0.30 0.00 11.42 1.00 0.00
0.30 0.00 11.59 1.00 0.00
0.30 0.00 11.77 1.00 0.00
0.30 0.00 11.94 1.00 0.00
0.30 0.00 12.12 1.00 0.00
0.30 0.00 12.29 1.00 0.00
0.30 0.00 12.47 1.00 0.00
0.30 0.00 12.64 1.00 0.00
0.30 0.00 12.82 1.00 0.00
0.30 0.00 12.99 1.00 0.00
0.30 0.00 13.16 1.00 0.00
0.30 0.00 13.34 1.00 0.00
0.50 0.00 10.33 1.00 0.00
0.50 0.00 10.51 1.00 0.00
0.50 0.00 10.68 1.00 0.00
0.50 0.00 10.86 1.00 0.00
0.50 0.00 11.03 1.00 0.00
0.50 0.00 11.21 1.00 0.00
0.50 0.00 11.38 1.00 0.00
0.50 0.00 11.56 1.00 0.00
0.50 0.00 11.73 1.00 0.00
0.50 0.00 11.91 1.00 0.00
0.50 0.00 12.08 1.00 0.00
0.50 0.00 12.25 1.00 0.00
0.50 0.00 12.43 1.00 0.00
0.50 0.00 12.60 1.00 0.00
0.50 0.00 12.78 1.00 0.00
0.50 0.00 12.95 1.00 0.00
0.50 0.00 13.13 1.00 0.00
0.50 0.00 13.30 1.00 0.00
0.70 0.00 10.29 1.00 0.00
0.70 0.00 10.47 1.00 0.00
0.70 0.00 10.64 1.00 0.00
0.70 0.00 10.82 1.00 0.00
0.70 0.00 10.99 1.00 0.00
0.70 0.00 11.16 1.00 0.00
0.70 0.00 11.34 1.00 0.00
0.70 0.00 11.51 1.00 0.00
0.70 0.00 11.69 1.00 0.00
0.70 0.00 11.86 1.00 0.00
0.70 0.00 12.04 1.00 0.00
0.70 0.00 12.21 1.00 0.00
0.70 0.00 12.39 1.00 0.00
0.70 0.00 12.56 1.00 0.00
0.70 0.00 12.74 1.00 0.00
0.70 0.00 12.91 1.00 0.00
0.70 0.00 13.08 1.00 0.00
0.70 0.00 13.26 1.00 0.00
0.90 0.00 10.25 1.00 0.00
0.90 0.00 10.42 1.00 0.00
0.90 0.00 10.59 1.00 0.00
0.90 0.00 10.77 1.00 0.00
0.90 0.00 10.94 1.00 0.00
0.90 0.00 11.12 1.00 0.00
0.90 0.00 11.29 1.00 0.00
0.90 0.00 11.47 1.00 0.00
0.90 0.00 11.64 1.00 0.00
0.90 0.00 11.82 1.00 0.00
0.90 0.00 11.99 1.00 0.00
0.90 0.00 12.17 1.00 0.00
0.90 0.00 12.34 1.00 0.00
0.90 0.00 12.51 1.00 0.00
0.90 0.00 12.69 1.00 0.00
0.90 0.00 12.86 1.00 0.00
0.90 0.00 13.04 1.00 0.00
0.90 0.00 13.21 1.00 0.00
1.10 0.00 10.19 1.00 0.00
1.10 0.00 10.37 1.00 0.00
1.10 0.00 10.54 1.00 0.00
1.10 0.00 10.72 1.00 0.00
1.10 0.00 10.89 1.00 0.00
1.10 0.00 11.07 1.00 0.00
1.10 0.00 11.24 1.00 0.00
1.10 0.00 11.41 1.00 0.00
1.10 0.00 11.59 1.00 0.00
1.10 0.00 11.76 1.00 0.00
1.10 0.00 11.94 1.00 0.00
1.10 0.00 12.11 1.00 0.00
1.10 0.00 12.29 1.00 0.00
1.10 0.00 12.46 1.00 0.00
1.10 0.00 12.64 1.00 0.00
1.10 0.00 12.81 1.00 0.00
1.10 0.00 12.99 1.00 0.00
1.10 0.00 13.16 1.00 0.00
0.30 0.17 10.39 1.00 0.00
0.30 0.17 10.56 1.00 0.00
0.30 0.17 10.74 1.00 0.00
0.30 0.17 10.91 1.00 0.00
0.30 0.17 11.08 1.00 0.00
0.30 0.17 11.26 1.00 0.00
0.30 0.17 11.43 1.00 0.00
0.30 0.17 11.61 1.00 0.00
0.30 0.17 11.78 1.00 0.00
0.30 0.17 11.96 1.00 0.00
0.30 0.17 12.13 1.00 0.00
0.30 0.17 12.31 1.00 0.00
0.30 0.17 12.48 1.00 0.00
0.30 0.17 12.66 1.00 0.00
0.30 0.17 12.83 1.00 0.00
0.30 0.17 13.00 1.00 0.00
0.30 0.17 13.18 1.00 0.00
0.30 0.17 13.35 1.00 0.00
0.50 0.17 10.36 1.00 0.00
0.50 0.17 10.53 1.00 0.00
0.50 0.17 10.71 1.00 0.00
0.50 0.17 10.88 1.00 0.00
0.50 0.17 11.06 1.00 0.00
0.50 0.17 11.23 1.00 0.00
0.50 0.17 11.41 1.00 0.00
0.50 0.17 11.58 1.00 0.00
0.50 0.17 11.75 1.00 0.00
0.50 0.17 11.93 1.00 0.00
0.50 0.17 12.10 1.00 0.00
0.50 0.17 12.28 1.00 0.00
0.50 0.17 12.45 1.00 0.00
0.50 0.17 12.63 1.00 0.00
0.50 0.17 12.80 1.00 0.00
0.50 0.17 12.98 1.00 0.00
0.50 0.17 13.15 1.00 0.00
0.50 0.17 13.33 1.00 0.00
0.70 0.17 10.33 1.00 0.00
0.70 0.17 10.50 1.00 0.00
0.70 0.17 10.68 1.00 0.00
0.70 0.17 10.85 1.00 0.00
0.70 0.17 11.03 1.00 0.00
0.70 0.17 11.20 1.00 0.00
0.70 0.17 11.37 1.00 0.00
0.70 0.17 11.55 1.00 0.00
0.70 0.17 11.72 1.00 0.00
0.70 0.17 11.90 1.00 0.00
0.70 0.17 12.07 1.00 0.00
0.70 0.17 12.25 1.00 0.00
0.70 0.17 12.42 1.00 0.00
0.70 0.17 12.60 1.00 0.00
0.70 0.17 12.77 1.00 0.00
0.70 0.17 12.95 1.00 0.00
0.70 0.17 13.12 1.00 0.00
0.70 0.17 13.29 1.00 0.00
0.90 0.17 10.29 1.00 0.00
0.90 0.17 10.47 1.00 0.00
0.90 0.17 10.64 1.00 0.00
0.90 0.17 10.82 1.00 0.00
0.90 0.17 10.99 1.00 0.00
0.90 0.17 11.16 1.00 0.00
0.90 0.17 11.34 1.00 0.00
0.90 0.17 11.51 1.00 0.00
0.90 0.17 11.69 1.00 0.00
0.90 0.17 11.86 1.00 0.00
0.90 0.17 12.04 1.00 0.00
0.90 0.17 12.21 1.00 0.00
0.90 0.17 12.39 1.00 0.00
0.90 0.17 12.56 1.00 0.00
0.90 0.17 12.73 1.00 0.00
0.90 0.17 12.91 1.00 0.00
0.90 0.17 13.08 1.00 0.00
0.90 0.17 13.26 1.00 0.00
1.10 0.17 10.25 1.00 0.00
1.10 0.17 10.43 1.00 0.00
1.10 0.17 10.60 1.00 0.00
1.10 0.17 10.77 1.00 0.00
1.10 0.17 10.95 1.00 0.00
1.10 0.17 11.12 1.00 0.00
1.10 0.17 11.30 1.00 0.00
1.10 0.17 11.47 1.00 0.00
1.10 0.17 11.65 1.00 0.00
1.10 0.17 11.82 1.00 0.00
1.10 0.17 12.00 1.00 0.00
1.10 0.17 12.17 1.00 0.00
1.10 0.17 12.35 1.00 0.00
1.10 0.17 12.52 1.00 0.00
1.10 0.17 12.69 1.00 0.00
1.10 0.17 12.87 1.00 0.00
1.10 0.17 13.04 1.00 0.00
1.10 0.17 13.22 1.00 0.00
0.30 0.35 10.40 1.00 0.00
0.30 0.35 10.58 1.00 0.00
0.30 0.35 10.75 1.00 0.00
0.30 0.35 10.93 1.00 0.00
0.30 0.35 11.10 1.00 0.00
0.30 0.35 11.27 1.00 0.00
0.30 0.35 11.45 1.00 0.00
0.30 0.35 11.62 1.00 0.00
0.30 0.35 11.80 1.00 0.00
0.30 0.35 11.97 1.00 0.00
0.30 0.35 12.15 1.00 0.00
0.30 0.35 12.32 1.00 0.00
0.30 0.35 12.50 1.00 0.00
0.30 0.35 12.67 1.00 0.00
0.30 0.35 12.85 1.00 0.00
0.30 0.35 13.02 1.00 0.00
0.30 0.35 13.19 1.00 0.00
0.30 0.35 13.37 1.00 0.00
0.50 0.35 10.39 1.00 0.00
0.50 0.35 10.56 1.00 0.00
0.50 0.35 10.73 1.00 0.00
0.50 0.35 10.91 1.00 0.00
0.50 0.35 11.08 1.00 0.00
0.50 0.35 11.26 1.00 0.00
0.50 0.35 11.43 1.00 0.00
0.50 0.35 11.61 1.00 0.00
0.50 0.35 11.78 1.00 0.00
0.50 0.35 11.96 1.00 0.00
0.50 0.35 12.13 1.00 0.00
0.50 0.35 12.31 1.00 0.00
0.50 0.35 12.48 1.00 0.00
0.50 0.35 12.65 1.00 0.00
0.50 0.35 12.83 1.00 0.00
0.50 0.35 13.00 1.00 0.00
0.50 0.35 13.18 1.00 0.00
0.50 0.35 13.35 1.00 0.00
0.70 0.35 10.37 1.00 0.00
0.70 0.35 10.54 1.00 0.00
0.70 0.35 10.72 1.00 0.00
0.70 0.35 10.89 1.00 0.00
0.70 0.35 11.07 1.00 0.00
0.70 0.35 11.24 1.00 0.00
0.70 0.35 11.41 1.00 0.00
0.70 0.35 11.59 1.00 0.00
0.70 0.35 11.76 1.00 0.00
0.70 0.35 11.94 1.00 0.00
0.70 0.35 12.11 1.00 0.00
0.70 0.35 12.29 1.00 0.00
0.70 0.35 12.46 1.00 0.00
0.70 0.35 12.64 1.00 0.00
0.70 0.35 12.81 1.00 0.00
0.70 0.35 12.99 1.00 0.00
0.70 0.35 13.16 1.00 0.00
0.70 0.35 13.33 1.00 0.00
0.90 0.35 10.35 1.00 0.00
0.90 0.35 10.52 1.00 0.00
0.90 0.35 10.70 1.00 0.00
0.90 0.35 10.87 1.00 0.00
0.90 0.35 11.04 1.00 0.00
0.90 0.35 11.22 1.00 0.00
0.90 0.35 11.39 1.00 0.00
0.90 0.35 11.57 1.00 0.00
0.90 0.35 11.74 1.00 0.00
0.90 0.35 11.92 1.00 0.00
0.90 0.35 12.09 1.00 0.00
0.90 0.35 12.27 1.00 0.00
0.90 0.35 12.44 1.00 0.00
0.90 0.35 12.61 1.00 0.00
0.90 0.35 12.79 1.00 0.00
0.90 0.35 12.96 1.00 0.00
0.90 0.35 13.14 1.00 0.00
0.90 0.35 13.31 1.00 0.00
1.10 0.35 10.32 1.00 0.00
1.10 0.35 10.50 1.00 0.00
1.10 0.35 10.67 1.00 0.00
1.10 0.35 10.85 1.00 0.00
1.10 0.35 11.02 1.00 0.00
1.10 0.35 11.19 1.00 0.00
1.10 0.35 11.37 1.00 0.00
1.10 0.35 11.54 1.00 0.00
1.10 0.35 11.72 1.00 0.00
1.10 0.35 11.89 1.00 0.00
1.10 0.35 12.07 1.00 0.00
1.10 0.35 12.24 1.00 0.00
1.10 0.35 12.42 1.00 0.00
1.10 0.35 12.59 1.00 0.00
1.10 0.35 12.76 1.00 0.00
1.10 0.35 12.94 1.00 0.00
1.10 0.35 13.11 1.00 0.00
1.10 0.35 13.29 1.00 0.00
0.30 0.52 10.42 1.00 0.00
0.30 0.52 10.59 1.00 0.00
0.30 0.52 10.77 1.00 0.00
0.30 0.52 10.94 1.00 0.00
0.30 0.52 11.12 1.00 0.00
0.30 0.52 11.29 1.00 0.00
0.30 0.52 11.47 1.00 0.00
0.30 0.52 11.64 1.00 0.00
0.30 0.52 11.81 1.00 0.00
0.30 0.52 11.99 1.00 0.00
0.30 0.52 12.16 1.00 0.00
0.30 0.52 12.34 1.00 0.00
0.30 0.52 12.51 1.00 0.00
0.30 0.52 12.69 1.00 0.00
0.30 0.52 12.86 1.00 0.00
0.30 0.52 13.04 1.00 0.00
0.30 0.52 13.21 1.00 0.00
0.30 0.52 13.39 1.00 0.00
0.50 0.52 10.41 1.00 0.00
0.50 0.52 10.59 1.00 0.00
0.50 0.52 10.76 1.00 0.00
0.50 0.52 10.94 1.00 0.00
0.50 0.52 11.11 1.00 0.00
0.50 0.52 11.29 1.00 0.00
0.50 0.52 11.46 1.00 0.00
0.50 0.52 11.64 1.00 0.00
0.50 0.52 11.81 1.00 0.00
0.50 0.52 11.99 1.00 0.00
0.50 0.52 12.16 1.00 0.00
0.50 0.52 12.33 1.00 0.00
0.50 0.52 12.51 1.00 0.00
0.50 0.52 12.68 1.00 0.00
0.50 0.52 12.86 1.00 0.00
0.50 0.52 13.03 1.00 0.00
0.50 0.52 13.21 1.00 0.00
0.50 0.52 13.38 1.00 0.00
0.70 0.52 10.41 1.00 0.00
0.70 0.52 10.58 1.00 0.00
0.70 0.52 10.76 1.00 0.00
0.70 0.52 10.93 1.00 0.00
0.70 0.52 11.11 1.00 0.00
0.70 0.52 11.28 1.00 0.00
0.70 0.52 11.46 1.00 0.00
0.70 0.52 11.63 1.00 0.00
0.70 0.52 11.81 1.00 0.00
0.70 0.52 11.98 1.00 0.00
0.70 0.52 12.16 1.00 0.00
0.70 0.52 12.33 1.00 0.00
0.70 0.52 12.50 1.00 0.00
0.70 0.52 12.68 1.00 0.00
0.70 0.52 12.85 1.00 0.00
0.70 0.52 13.03 1.00 0.00
0.70 0.52 13.20 1.00 0.00
0.70 0.52 13.38 1.00 0.00
0.90 0.52 10.41 1.00 0.00
0.90 0.52 10.58 1.00 0.00
0.90 0.52 10.75 1.00 0.00
0.90 0.52 10.93 1.00 0.00
0.90 0.52 11.10 1.00 0.00
0.90 0.52 11.28 1.00 0.00
0.90 0.52 11.45 1.00 0.00
0.90 0.52 11.63 1.00 0.00
0.90 0.52 11.80 1.00 0.00
0.90 0.52 11.98 1.00 0.00
0.90 0.52 12.15 1.00 0.00
0.90 0.52 12.33 1.00 0.00
0.90 0.52 12.50 1.00 0.00
0.90 0.52 12.67 1.00 0.00
0.90 0.52 12.85 1.00 0.00
0.90 0.52 13.02 1.00 0.00
0.90 0.52 13.20 1.00 0.00
0.90 0.52 13.37 1.00 0.00
1.10 0.52 10.40 1.00 0.00
1.10 0.52 10.57 1.00 0.00
1.10 0.52 10.75 1.00 0.00
1.10 0.52 10.92 1.00 0.00
1.10 0.52 11.10 1.00 0.00
1.10 0.52 11.27 1.00 0.00
1.10 0.52 11.45 1.00 0.00
1.10 0.52 11.62 1.00 0.00
1.10 0.52 11.80 1.00 0.00
1.10 0.52 11.97 1.00 0.00
1.10 0.52 12.15 1.00 0.00
1.10 0.52 12.32 1.00 0.00
1.10 0.52 12.49 1.00 0.00
1.10 0.52 12.67 1.00 0.00
1.10 0.52 12.84 1.00 0.00
1.10 0.52 13.02 1.00 0.00
1.10 0.52 13.19 1.00 0.00
1.10 0.52 13.37 1.00 0.00
0.30 0.70 4.15 1.00 0.00
0.30 0.70 4.33 1.00 0.00
0.30 0.70 4.50 1.00 0.00
0.30 0.70 4.67 1.00 0.00
0.30 0.70 4.85 1.00 0.00
0.30 0.70 5.02 1.00 0.00
0.30 0.70 5.20 1.00 0.00
0.30 0.70 5.37 1.00 0.00
0.30 0.70 5.55 1.00 0.00
0.30 0.70 5.72 1.00 0.00
0.30 0.70 5.90 1.00 0.00
0.30 0.70 6.07 1.00 0.00
0.30 0.70 6.25 1.00 0.00
0.30 0.70 6.42 1.00 0.00
0.30 0.70 6.59 1.00 0.00
0.30 0.70 6.77 1.00 0.00
0.30 0.70 6.94 1.00 0.00
0.30 0.70 7.12 1.00 0.00
0.50 0.70 4.16 1.00 0.00
0.50 0.70 4.34 1.00 0.00
0.50 0.70 4.51 1.00 0.00
0.50 0.70 4.68 1.00 0.00
0.50 0.70 4.86 1.00 0.00
0.50 0.70 5.03 1.00 0.00
0.50 0.70 5.21 1.00 0.00
0.50 0.70 5.38 1.00 0.00
0.50 0.70 5.56 1.00 0.00
0.50 0.70 5.73 1.00 0.00
0.50 0.70 5.91 1.00 0.00
0.50 0.70 6.08 1.00 0.00
0.50 0.70 6.25 1.00 0.00
0.50 0.70 6.43 1.00 0.00
0.50 0.70 6.60 1.00 0.00
0.50 0.70 6.78 1.00 0.00
0.50 0.70 6.95 1.00 0.00
0.50 0.70 7.13 1.00 0.00
0.70 0.70 4.17 1.00 0.00
0.70 0.70 4.35 1.00 0.00
0.70 0.70 4.52 1.00 0.00
0.70 0.70 4.69 1.00 0.00
0.70 0.70 4.87 1.00 0.00
0.70 0.70 5.04 1.00 0.00
0.70 0.70 5.22 1.00 0.00
0.70 0.70 5.39 1.00 0.00
0.70 0.70 5.57 1.00 0.00
0.70 0.70 5.74 1.00 0.00
0.70 0.70 5.92 1.00 0.00
0.70 0.70 6.09 1.00 0.00
0.70 0.70 6.27 1.00 0.00
0.70 0.70 6.44 1.00 0.00
0.70 0.70 6.61 1.00 0.00
0.70 0.70 6.79 1.00 0.00
0.70 0.70 6.96 1.00 0.00
0.70 0.70 7.14 1.00 0.00
0.90 0.70 4.18 1.00 0.00
0.90 0.70 4.36 1.00 0.00
0.90 0.70 4.53 1.00 0.00
0.90 0.70 4.71 1.00 0.00
0.90 0.70 4.88 1.00 0.00
0.90 0.70 5.06 1.00 0.00
0.90 0.70 5.23 1.00 0.00
0.90 0.70 5.40 1.00 0.00
0.90 0.70 5.58 1.00 0.00
0.90 0.70 5.75 1.00 0.00
0.90 0.70 5.93 1.00 0.00
0.90 0.70 6.10 1.00 0.00
0.90 0.70 6.28 1.00 0.00
0.90 0.70 6.45 1.00 0.00
0.90 0.70 6.63 1.00 0.00
0.90 0.70 6.80 1.00 0.00
0.90 0.70 6.98 1.00 0.00
0.90 0.70 7.15 1.00 0.00
1.10 0.70 4.20 1.00 0.00
1.10 0.70 4.37 1.00 0.00
1.10 0.70 4.55 1.00 0.00
1.10 0.70 4.72 1.00 0.00
1.10 0.70 4.90 1.00 0.00
1.10 0.70 5.07 1.00 0.00
1.10 0.70 5.24 1.00 0.00
1.10 0.70 5.42 1.00 0.00
1.10 0.70 5.59 1.00 0.00
1.10 0.70 5.77 1.00 0.00
1.10 0.70 5.94 1.00 0.00
1.10 0.70 6.12 1.00 0.00
1.10 0.70 6.29 1.00 0.00
1.10 0.70 6.47 1.00 0.00
1.10 0.70 6.64 1.00 0.00
1.10 0.70 6.82 1.00 0.00
1.10 0.70 6.99 1.00 0.00
1.10 0.70 7.16 1.00 0.00
0.30 0.87 4.17 1.00 0.00
0.30 0.87 4.34 1.00 0.00
0.30 0.87 4.52 1.00 0.00
0.30 0.87 4.69 1.00 0.00
0.30 0.87 4.87 1.00 0.00
0.30 0.87 5.04 1.00 0.00
0.30 0.87 5.21 1.00 0.00
0.30 0.87 5.39 1.00 0.00
0.30 0.87 5.56 1.00 0.00
0.30 0.87 5.74 1.00 0.00
0.30 0.87 5.91 1.00 0.00
0.30 0.87 6.09 1.00 0.00
0.30 0.87 6.26 1.00 0.00
0.30 0.87 6.44 1.00 0.00
0.30 0.87 6.61 1.00 0.00
0.30 0.87 6.79 1.00 0.00
0.30 0.87 6.96 1.00 0.00
0.30 0.87 7.13 1.00 0.00
0.50 0.87 4.19 1.00 0.00
0.50 0.87 4.36 1.00 0.00
0.50 0.87 4.54 1.00 0.00
0.50 0.87 4.71 1.00 0.00
0.50 0.87 4.89 1.00 0.00
0.50 0.87 5.06 1.00 0.00
0.50 0.87 5.24 1.00 0.00
0.50 0.87 5.41 1.00 0.00
0.50 0.87 5.58 1.00 0.00
0.50 0.87 5.76 1.00 0.00
0.50 0.87 5.93 1.00 0.00
0.50 0.87 6.11 1.00 0.00
0.50 0.87 6.28 1.00 0.00
0.50 0.87 6.46 1.00 0.00
0.50 0.87 6.63 1.00 0.00
0.50 0.87 6.81 1.00 0.00
0.50 0.87 6.98 1.00 0.00
0.50 0.87 7.16 1.00 0.00
0.70 0.87 4.21 1.00 0.00
0.70 0.87 4.39 1.00 0.00
0.70 0.87 4.56 1.00 0.00
0.70 0.87 4.74 1.00 0.00
0.70 0.87 4.91 1.00 0.00
0.70 0.87 5.09 1.00 0.00
0.70 0.87 5.26 1.00 0.00
0.70 0.87 5.43 1.00 0.00
0.70 0.87 5.61 1.00 0.00
0.70 0.87 5.78 1.00 0.00
0.70 0.87 5.96 1.00 0.00
0.70 0.87 6.13 1.00 0.00
0.70 0.87 6.31 1.00 0.00
0.70 0.87 6.48 1.00 0.00
0.70 0.87 6.66 1.00 0.00
0.70 0.87 6.83 1.00 0.00
0.70 0.87 7.01 1.00 0.00
0.70 0.87 7.18 1.00 0.00
0.90 0.87 4.24 1.00 0.00
0.90 0.87 4.42 1.00 0.00
0.90 0.87 4.59 1.00 0.00
0.90 0.87 4.76 1.00 0.00
0.90 0.87 4.94 1.00 0.00
0.90 0.87 5.11 1.00 0.00
0.90 0.87 5.29 1.00 0.00
0.90 0.87 5.46 1.00 0.00
0.90 0.87 5.64 1.00 0.00
0.90 0.87 5.81 1.00 0.00
0.90 0.87 5.99 1.00 0.00
0.90 0.87 6.16 1.00 0.00
0.90 0.87 6.34 1.00 0.00
0.90 0.87 6.51 1.00 0.00
0.90 0.87 6.68 1.00 0.00
0.90 0.87 6.86 1.00 0.00
0.90 0.87 7.03 1.00 0.00
0.90 0.87 7.21 1.00 0.00
1.10 0.87 4.27 1.00 0.00
1.10 0.87 4.45 1.00 0.00
1.10 0.87 4.62 1.00 0.00
1.10 0.87 4.80 1.00 0.00
1.10 0.87 4.97 1.00 0.00
1.10 0.87 5.15 1.00 0.00
1.10 0.87 5.32 1.00 0.00
1.10 0.87 5.49 1.00 0.00
1.10 0.87 5.67 1.00 0.00
1.10 0.87 5.84 1.00 0.00
1.10 0.87 6.02 1.00 0.00
1.10 0.87 6.19 1.00 0.00
1.10 0.87 6.37 1.00 0.00
1.10 0.87 6.54 1.00 0.00
1.10 0.87 6.72 1.00 0.00
1.10 0.87 6.89 1.00 0.00
1.10 0.87 7.07 1.00 0.00
1.10 0.87 7.24 1.00 0.00
0.30 1.05 4.18 1.00 0.00
0.30 1.05 4.36 1.00 0.00
0.30 1.05 4.53 1.00 0.00
0.30 1.05 4.71 1.00 0.00
0.30 1.05 4.88 1.00 0.00
0.30 1.05 5.05 1.00 0.00
0.30 1.05 5.23 1.00 0.00
0.30 1.05 5.40 1.00 0.00
0.30 1.05 5.58 1.00 0.00
0.30 1.05 5.75 1.00 0.00
0.30 1.05 5.93 1.00 0.00
0.30 1.05 6.10 1.00 0.00
0.30 1.05 6.28 1.00 0.00
0.30 1.05 6.45 1.00 0.00
0.30 1.05 6.63 1.00 0.00
0.30 1.05 6.80 1.00 0.00
0.30 1.05 6.97 1.00 0.00
0.30 1.05 7.15 1.00 0.00
0.50 1.05 4.21 1.00 0.00
0.50 1.05 4.39 1.00 0.00
0.50 1.05 4.56 1.00 0.00
0.50 1.05 4.74 1.00 0.00
0.50 1.05 4.91 1.00 0.00
0.50 1.05 5.09 1.00 0.00
0.50 1.05 5.26 1.00 0.00
0.50 1.05 5.44 1.00 0.00
0.50 1.05 5.61 1.00 0.00
0.50 1.05 5.79 1.00 0.00
0.50 1.05 5.96 1.00 0.00
0.50 1.05 6.13 1.00 0.00
0.50 1.05 6.31 1.00 0.00
0.50 1.05 6.48 1.00 0.00
0.50 1.05 6.66 1.00 0.00
0.50 1.05 6.83 1.00 0.00
0.50 1.05 7.01 1.00 0.00
0.50 1.05 7.18 1.00 0.00
0.70 1.05 4.25 1.00 0.00
0.70 1.05 4.43 1.00 0.00
0.70 1.05 4.60 1.00 0.00
0.70 1.05 4.77 1.00 0.00
0.70 1.05 4.95 1.00 0.00
0.70 1.05 5.12 1.00 0.00
0.70 1.05 5.30 1.00 0.00
0.70 1.05 5.47 1.00 0.00
0.70 1.05 5.65 1.00 0.00
0.70 1.05 5.82 1.00 0.00
0.70 1.05 6.00 1.00 0.00
0.70 1.05 6.17 1.00 0.00
0.70 1.05 6.35 1.00 0.00
0.70 1.05 6.52 1.00 0.00
0.70 1.05 6.69 1.00 0.00
0.70 1.05 6.87 1.00 0.00
0.70 1.05 7.04 1.00 0.00
0.70 1.05 7.22 1.00 0.00
0.90 1.05 4.29 1.00 0.00
0.90 1.05 4.47 1.00 0.00
0.90 1.05 4.64 1.00 0.00
0.90 1.05 4.82 1.00 0.00
0.90 1.05 4.99 1.00 0.00
0.90 1.05 5.16 1.00 0.00
0.90 1.05 5.34 1.00 0.00
0.90 1.05 5.51 1.00 0.00
0.90 1.05 5.69 1.00 0.00
0.90 1.05 5.86 1.00 0.00
0.90 1.05 6.04 1.00 0.00
0.90 1.05 6.21 1.00 0.00
0.90 1.05 6.39 1.00 0.00
0.90 1.05 6.56 1.00 0.00
0.90 1.05 6.74 1.00 0.00
0.90 1.05 6.91 1.00 0.00
0.90 1.05 7.08 1.00 0.00
0.90 1.05 7.26 1.00 0.00
1.10 1.05 4.34 1.00 0.00
1.10 1.05 4.51 1.00 0.00
1.10 1.05 4.69 1.00 0.00
1.10 1.05 4.86 1.00 0.00
1.10 1.05 5.04 1.00 0.00
1.10 1.05 5.21 1.00 0.00
1.10 1.05 5.39 1.00 0.00
1.10 1.05 5.56 1.00 0.00
1.10 1.05 5.73 1.00 0.00
1.10 1.05 5.91 1.00 0.00
1.10 1.05 6.08 1.00 0.00
1.10 1.05 6.26 1.00 0.00
1.10 1.05 6.43 1.00 0.00
1.10 1.05 6.61 1.00 0.00
1.10 1.05 6.78 1.00 0.00
1.10 1.05 6.96 1.00 0.00
1.10 1.05 7.13 1.00 0.00
1.10 1.05 7.31 1.00 0.00
0.30 1.22 4.20 1.00 0.00
0.30 1.22 4.37 1.00 0.00
0.30 1.22 4.54 1.00 0.00
0.30 1.22 4.72 1.00 0.00
0.30 1.22 4.89 1.00 0.00
0.30 1.22 5.07 1.00 0.00
0.30 1.22 5.24 1.00 0.00
0.30 1.22 5.42 1.00 0.00
0.30 1.22 5.59 1.00 0.00
0.30 1.22 5.77 1.00 0.00
0.30 1.22 5.94 1.00 0.00
0.30 1.22 6.12 1.00 0.00
0.30 1.22 6.29 1.00 0.00
0.30 1.22 6.46 1.00 0.00
0.30 1.22 6.64 1.00 0.00
0.30 1.22 6.81 1.00 0.00
0.30 1.22 6.99 1.00 0.00
0.30 1.22 7.16 1.00 0.00
0.50 1.22 4.24 1.00 0.00
0.50 1.22 4.41 1.00 0.00
0.50 1.22 4.59 1.00 0.00
0.50 1.22 4.76 1.00 0.00
0.50 1.22 4.94 1.00 0.00
0.50 1.22 5.11 1.00 0.00
0.50 1.22 5.28 1.00 0.00
0.50 1.22 5.46 1.00 0.00
0.50 1.22 5.63 1.00 0.00
0.50 1.22 5.81 1.00 0.00
0.50 1.22 5.98 1.00 0.00
0.50 1.22 6.16 1.00 0.00
0.50 1.22 6.33 1.00 0.00
0.50 1.22 6.51 1.00 0.00
0.50 1.22 6.68 1.00 0.00
0.50 1.22 6.86 1.00 0.00
0.50 1.22 7.03 1.00 0.00
0.50 1.22 7.20 1.00 0.00
0.70 1.22 4.28 1.00 0.00
0.70 1.22 4.46 1.00 0.00
0.70 1.22 4.63 1.00 0.00
0.70 1.22 4.81 1.00 0.00
0.70 1.22 4.98 1.00 0.00
0.70 1.22 5.16 1.00 0.00
0.70 1.22 5.33 1.00 0.00
0.70 1.22 5.51 1.00 0.00
0.70 1.22 5.68 1.00 0.00
0.70 1.22 5.85 1.00 0.00
0.70 1.22 6.03 1.00 0.00
0.70 1.22 6.20 1.00 0.00
0.70 1.22 6.38 1.00 0.00
0.70 1.22 6.55 1.00 0.00
0.70 1.22 6.73 1.00 0.00
0.70 1.22 6.90 1.00 0.00
0.70 1.22 7.08 1.00 0.00
0.70 1.22 7.25 1.00 0.00
0.90 1.22 4.33 1.00 0.00
0.90 1.22 4.51 1.00 0.00
0.90 1.22 4.68 1.00 0.00
0.90 1.22 4.86 1.00 0.00
0.90 1.22 5.03 1.00 0.00
0.90 1.22 5.21 1.00 0.00
0.90 1.22 5.38 1.00 0.00
0.90 1.22 5.56 1.00 0.00
0.90 1.22 5.73 1.00 0.00
0.90 1.22 5.90 1.00 0.00
0.90 1.22 6.08 1.00 0.00
0.90 1.22 6.25 1.00 0.00
0.90 1.22 6.43 1.00 0.00
0.90 1.22 6.60 1.00 0.00
0.90 1.22 6.78 1.00 0.00
0.90 1.22 6.95 1.00 0.00
0.90 1.22 7.13 1.00 0.00
0.90 1.22 7.30 1.00 0.00
1.10 1.22 4.39 1.00 0.00
1.10 1.22 4.56 1.00 0.00
1.10 1.22 4.74 1.00 0.00
1.10 1.22 4.91 1.00 0.00
1.10 1.22 5.09 1.00 0.00
1.10 1.22 5.26 1.00 0.00
1.10 1.22 5.44 1.00 0.00
1.10 1.22 5.61 1.00 0.00
1.10 1.22 5.79 1.00 0.00
1.10 1.22 5.96 1.00 0.00
1.10 1.22 6.14 1.00 0.00
1.10 1.22 6.31 1.00 0.00
1.10 1.22 6.48 1.00 0.00
1.10 1.22 6.66 1.00 0.00
1.10 1.22 6.83 1.00 0.00
1.10 1.22 7.01 1.00 0.00
1.10 1.22 7.18 1.00 0.00
1.10 1.22 7.36 1.00 0.00
0.30 1.40 4.21 1.00 0.00
0.30 1.40 4.38 1.00 0.00
0.30 1.40 4.56 1.00 0.00
0.30 1.40 4.73 1.00 0.00
0.30 1.40 4.90 1.00 0.00
0.30 1.40 5.08 1.00 0.00
0.30 1.40 5.25 1.00 0.00
0.30 1.40 5.43 1.00 0.00
0.30 1.40 5.60 1.00 0.00
0.30 1.40 5.78 1.00 0.00
0.30 1.40 5.95 1.00 0.00
0.30 1.40 6.13 1.00 0.00
0.30 1.40 6.30 1.00 0.00
0.30 1.40 6.48 1.00 0.00
0.30 1.40 6.65 1.00 0.00
0.30 1.40 6.82 1.00 0.00
0.30 1.40 7.00 1.00 0.00
0.30 1.40 7.17 1.00 0.00
0.50 1.40 4.26 1.00 0.00
0.50 1.40 4.43 1.00 0.00
0.50 1.40 4.60 1.00 0.00
0.50 1.40 4.78 1.00 0.00
0.50 1.40 4.95 1.00 0.00
0.50 1.40 5.13 1.00 0.00
0.50 1.40 5.30 1.00 0.00
0.50 1.40 5.48 1.00 0.00
0.50 1.40 5.65 1.00 0.00
0.50 1.40 5.83 1.00 0.00
0.50 1.40 6.00 1.00 0.00
0.50 1.40 6.18 1.00 0.00
0.50 1.40 6.35 1.00 0.00
0.50 1.40 6.52 1.00 0.00
0.50 1.40 6.70 1.00 0.00
0.50 1.40 6.87 1.00 0.00
0.50 1.40 7.05 1.00 0.00
0.50 1.40 7.22 1.00 0.00
0.70 1.40 4.31 1.00 0.00
0.70 1.40 4.48 1.00 0.00
0.70 1.40 4.66 1.00 0.00
0.70 1.40 4.83 1.00 0.00
0.70 1.40 5.01 1.00 0.00
0.70 1.40 5.18 1.00 0.00
0.70 1.40 5.36 1.00 0.00
0.70 1.40 5.53 1.00 0.00
0.70 1.40 5.71 1.00 0.00
0.70 1.40 5.88 1.00 0.00
0.70 1.40 6.05 1.00 0.00
0.70 1.40 6.23 1.00 0.00
0.70 1.40 6.40 1.00 0.00
0.70 1.40 6.58 1.00 0.00
0.70 1.40 6.75 1.00 0.00
0.70 1.40 6.93 1.00 0.00
0.70 1.40 7.10 1.00 0.00
0.70 1.40 7.28 1.00 0.00
0.90 1.40 4.37 1.00 0.00
0.90 1.40 4.54 1.00 0.00
0.90 1.40 4.72 1.00 0.00
0.90 1.40 4.89 1.00 0.00
0.90 1.40 5.06 1.00 0.00
0.90 1.40 5.24 1.00 0.00
0.90 1.40 5.41 1.00 0.00
0.90 1.40 5.59 1.00 0.00
0.90 1.40 5.76 1.00 0.00
0.90 1.40 5.94 1.00 0.00
0.90 1.40 6.11 1.00 0.00
0.90 1.40 6.29 1.00 0.00
0.90 1.40 6.46 1.00 0.00
0.90 1.40 6.63 1.00 0.00
0.90 1.40 6.81 1.00 0.00
0.90 1.40 6.98 1.00 0.00
0.90 1.40 7.16 1.00 0.00
0.90 1.40 7.33 1.00 0.00
1.10 1.40 4.43 1.00 0.00
1.10 1.40 4.60 1.00 0.00
1.10 1.40 4.78 1.00 0.00
1.10 1.40 4.95 1.00 0.00
1.10 1.40 5.13 1.00 0.00
1.10 1.40 5.30 1.00 0.00
1.10 1.40 5.47 1.00 0.00
1.10 1.40 5.65 1.00 0.00
1.10 1.40 5.82 1.00 0.00
1.10 1.40 6.00 1.00 0.00
1.10 1.40 6.17 1.00 0.00
1.10 1.40 6.35 1.00 0.00
1.10 1.40 6.52 1.00 0.00
1.10 1.40 6.70 1.00 0.00
1.10 1.40 6.87 1.00 0.00
1.10 1.40 7.05 1.00 0.00
1.10 1.40 7.22 1.00 0.00
1.10 1.40 7.39 1.00 0.00
0.30 1.57 4.22 1.00 0.00
0.30 1.57 4.39 1.00 0.00
0.30 1.57 4.56 1.00 0.00
0.30 1.57 4.74 1.00 0.00
0.30 1.57 4.91 1.00 0.00
0.30 1.57 5.09 1.00 0.00
0.30 1.57 5.26 1.00 0.00
0.30 1.57 5.44 1.00 0.00
0.30 1.57 5.61 1.00 0.00
0.30 1.57 5.79 1.00 0.00
0.30 1.57 5.96 1.00 0.00
0.30 1.57 6.14 1.00 0.00
0.30 1.57 6.31 1.00 0.00
0.30 1.57 6.48 1.00 0.00
0.30 1.57 6.66 1.00 0.00
0.30 1.57 6.83 1.00 0.00
0.30 1.57 7.01 1.00 0.00
0.30 1.57 7.18 1.00 0.00
0.50 1.57 4.27 1.00 0.00
0.50 1.57 4.44 1.00 0.00
0.50 1.57 4.62 1.00 0.00
0.50 1.57 4.79 1.00 0.00
0.50 1.57 4.97 1.00 0.00
0.50 1.57 5.14 1.00 0.00
0.50 1.57 5.32 1.00 0.00
0.50 1.57 5.49 1.00 0.00
0.50 1.57 5.67 1.00 0.00
0.50 1.57 5.84 1.00 0.00
0.50 1.57 6.02 1.00 0.00
0.50 1.57 6.19 1.00 0.00
0.50 1.57 6.36 1.00 0.00
0.50 1.57 6.54 1.00 0.00
0.50 1.57 6.71 1.00 0.00
0.50 1.57 6.89 1.00 0.00
0.50 1.57 7.06 1.00 0.00
0.50 1.57 7.24 1.00 0.00
0.70 1.57 4.33 1.00 0.00
0.70 1.57 4.50 1.00 0.00
0.70 1.57 4.68 1.00 0.00
0.70 1.57 4.85 1.00 0.00
0.70 1.57 5.03 1.00 0.00
0.70 1.57 5.20 1.00 0.00
0.70 1.57 5.37 1.00 0.00
0.70 1.57 5.55 1.00 0.00
0.70 1.57 5.72 1.00 0.00
0.70 1.57 5.90 1.00 0.00
0.70 1.57 6.07 1.00 0.00
0.70 1.57 6.25 1.00 0.00
0.70 1.57 6.42 1.00 0.00
0.70 1.57 6.60 1.00 0.00
0.70 1.57 6.77 1.00 0.00
0.70 1.57 6.95 1.00 0.00
0.70 1.57 7.12 1.00 0.00
0.70 1.57 7.29 1.00 0.00
0.90 1.57 4.39 1.00 0.00
0.90 1.57 4.56 1.00 0.00
0.90 1.57 4.74 1.00 0.00
0.90 1.57 4.91 1.00 0.00
0.90 1.57 5.09 1.00 0.00
0.90 1.57 5.26 1.00 0.00
0.90 1.57 5.43 1.00 0.00
0.90 1.57 5.61 1.00 0.00
0.90 1.57 5.78 1.00 0.00
0.90 1.57 5.96 1.00 0.00
0.90 1.57 6.13 1.00 0.00
0.90 1.57 6.31 1.00 0.00
0.90 1.57 6.48 1.00 0.00
0.90 1.57 6.66 1.00 0.00
0.90 1.57 6.83 1.00 0.00
0.90 1.57 7.01 1.00 0.00
0.90 1.57 7.18 1.00 0.00
0.90 1.57 7.35 1.00 0.00
1.10 1.57 4.45 1.00 0.00
1.10 1.57 4.62 1.00 0.00
1.10 1.57 4.80 1.00 0.00
1.10 1.57 4.97 1.00 0.00
1.10 1.57 5.15 1.00 0.00
1.10 1.57 5.32 1.00 0.00
1.10 1.57 5.50 1.00 0.00
1.10 1.57 5.67 1.00 0.00
1.10 1.57 5.85 1.00 0.00
1.10 1.57 6.02 1.00 0.00
1.10 1.57 6.20 1.00 0.00
1.10 1.57 6.37 1.00 0.00
1.10 1.57 6.54 1.00 0.00
1.10 1.57 6.72 1.00 0.00
1.10 1.57 6.89 1.00 0.00
1.10 1.57 7.07 1.00 0.00
1.10 1.57 7.24 1.00 0.00
1.10 1.57 7.42 1.00 0.00
0.30 1.75 4.22 1.00 0.00
0.30 1.75 4.40 1.00 0.00
0.30 1.75 4.57 1.00 0.00
0.30 1.75 4.75 1.00 0.00
0.30 1.75 4.92 1.00 0.00
0.30 1.75 5.09 1.00 0.00
0.30 1.75 5.27 1.00 0.00
0.30 1.75 5.44 1.00 0.00
0.30 1.75 5.62 1.00 0.00
0.30 1.75 5.79 1.00 0.00
0.30 1.75 5.97 1.00 0.00
0.30 1.75 6.14 1.00 0.00
0.30 1.75 6.32 1.00 0.00
0.30 1.75 6.49 1.00 0.00
0.30 1.75 6.67 1.00 0.00
0.30 1.75 6.84 1.00 0.00
0.30 1.75 7.01 1.00 0.00
0.30 1.75 7.19 1.00 0.00
0.50 1.75 4.28 1.00 0.00
0.50 1.75 4.45 1.00 0.00
0.50 1.75 4.63 1.00 0.00
0.50 1.75 4.80 1.00 0.00
0.50 1.75 4.98 1.00 0.00
0.50 1.75 5.15 1.00 0.00
0.50 1.75 5.33 1.00 0.00
0.50 1.75 5.50 1.00 0.00
0.50 1.75 5.68 1.00 0.00
0.50 1.75 5.85 1.00 0.00
0.50 1.75 6.02 1.00 0.00
0.50 1.75 6.20 1.00 0.00
0.50 1.75 6.37 1.00 0.00
0.50 1.75 6.55 1.00 0.00
0.50 1.75 6.72 1.00 0.00
0.50 1.75 6.90 1.00 0.00
0.50 1.75 7.07 1.00 0.00
0.50 1.75 7.25 1.00 0.00
0.70 1.75 4.34 1.00 0.00
0.70 1.75 4.51 1.00 0.00
0.70 1.75 4.69 1.00 0.00
0.70 1.75 4.86 1.00 0.00
0.70 1.75 5.04 1.00 0.00
0.70 1.75 5.21 1.00 0.00
0.70 1.75 5.39 1.00 0.00
0.70 1.75 5.56 1.00 0.00
0.70 1.75 5.73 1.00 0.00
0.70 1.75 5.91 1.00 0.00
0.70 1.75 6.08 1.00 0.00
0.70 1.75 6.26 1.00 0.00
0.70 1.75 6.43 1.00 0.00
0.70 1.75 6.61 1.00 0.00
0.70 1.75 6.78 1.00 0.00
0.70 1.75 6.96 1.00 0.00
0.70 1.75 7.13 1.00 0.00
0.70 1.75 7.31 1.00 0.00
0.90 1.75 4.40 1.00 0.00
0.90 1.75 4.57 1.00 0.00
0.90 1.75 4.75 1.00 0.00
0.90 1.75 4.92 1.00 0.00
0.90 1.75 5.10 1.00 0.00
0.90 1.75 5.27 1.00 0.00
0.90 1.75 5.45 1.00 0.00
0.90 1.75 5.62 1.00 0.00
0.90 1.75 5.80 1.00 0.00
0.90 1.75 5.97 1.00 0.00
0.90 1.75 6.14 1.00 0.00
0.90 1.75 6.32 1.00 0.00
0.90 1.75 6.49 1.00 0.00
0.90 1.75 6.67 1.00 0.00
0.90 1.75 6.84 1.00 0.00
0.90 1.75 7.02 1.00 0.00
0.90 1.75 7.19 1.00 0.00
0.90 1.75 7.37 1.00 0.00
1.10 1.75 4.46 1.00 0.00
1.10 1.75 4.64 1.00 0.00
1.10 1.75 4.81 1.00 0.00
1.10 1.75 4.98 1.00 0.00
1.10 1.75 5.16 1.00 0.00
1.10 1.75 5.33 1.00 0.00
1.10 1.75 5.51 1.00 0.00
1.10 1.75 5.68 1.00 0.00
1.10 1.75 5.86 1.00 0.00
1.10 1.75 6.03 1.00 0.00
1.10 1.75 6.21 1.00 0.00
1.10 1.75 6.38 1.00 0.00
1.10 1.75 6.55 1.00 0.00
1.10 1.75 6.73 1.00 0.00
1.10 1.75 6.90 1.00 0.00
1.10 1.75 7.08 1.00 0.00
1.10 1.75 7.25 1.00 0.00
1.10 1.75 7.43 1.00 0.00
0.30 1.92 4.23 1.00 0.00
0.30 1.92 4.40 1.00 0.00
0.30 1.92 4.57 1.00 0.00
0.30 1.92 4.75 1.00 0.00
0.30 1.92 4.92 1.00 0.00
0.30 1.92 5.10 1.00 0.00
0.30 1.92 5.27 1.00 0.00
0.30 1.92 5.45 1.00 0.00
0.30 1.92 5.62 1.00 0.00
0.30 1.92 5.80 1.00 0.00
0.30 1.92 5.97 1.00 0.00
0.30 1.92 6.14 1.00 0.00
0.30 1.92 6.32 1.00 0.00
0.30 1.92 6.49 1.00 0.00
0.30 1.92 6.67 1.00 0.00
0.30 1.92 6.84 1.00 0.00
0.30 1.92 7.02 1.00 0.00
0.30 1.92 7.19 1.00 0.00
0.50 1.92 4.28 1.00 0.00
0.50 1.92 4.46 1.00 0.00
0.50 1.92 4.63 1.00 0.00
0.50 1.92 4.81 1.00 0.00
0.50 1.92 4.98 1.00 0.00
0.50 1.92 5.16 1.00 0.00
0.50 1.92 5.33 1.00 0.00
0.50 1.92 5.51 1.00 0.00
0.50 1.92 5.68 1.00 0.00
0.50 1.92 5.85 1.00 0.00
0.50 1.92 6.03 1.00 0.00
0.50 1.92 6.20 1.00 0.00
0.50 1.92 6.38 1.00 0.00
0.50 1.92 6.55 1.00 0.00
0.50 1.92 6.73 1.00 0.00
0.50 1.92 6.90 1.00 0.00
0.50 1.92 7.08 1.00 0.00
0.50 1.92 7.25 1.00 0.00
0.70 1.92 4.34 1.00 0.00
0.70 1.92 4.52 1.00 0.00
0.70 1.92 4.69 1.00 0.00
0.70 1.92 4.87 1.00 0.00
0.70 1.92 5.04 1.00 0.00
0.70 1.92 5.21 1.00 0.00
0.70 1.92 5.39 1.00 0.00
0.70 1.92 5.56 1.00 0.00
0.70 1.92 5.74 1.00 0.00
0.70 1.92 5.91 1.00 0.00
0.70 1.92 6.09 1.00 0.00
0.70 1.92 6.26 1.00 0.00
0.70 1.92 6.44 1.00 0.00
0.70 1.92 6.61 1.00 0.00
0.70 1.92 6.79 1.00 0.00
0.70 1.92 6.96 1.00 0.00
0.70 1.92 7.13 1.00 0.00
0.70 1.92 7.31 1.00 0.00
0.90 1.92 4.40 1.00 0.00
0.90 1.92 4.58 1.00 0.00
0.90 1.92 4.75 1.00 0.00
0.90 1.92 4.92 1.00 0.00
0.90 1.92 5.10 1.00 0.00
0.90 1.92 5.27 1.00 0.00
0.90 1.92 5.45 1.00 0.00
0.90 1.92 5.62 1.00 0.00
0.90 1.92 5.80 1.00 0.00
0.90 1.92 5.97 1.00 0.00
0.90 1.92 6.15 1.00 0.00
0.90 1.92 6.32 1.00 0.00
0.90 1.92 6.50 1.00 0.00
0.90 1.92 6.67 1.00 0.00
0.90 1.92 6.84 1.00 0.00
0.90 1.92 7.02 1.00 0.00
0.90 1.92 7.19 1.00 0.00
0.90 1.92 7.37 1.00 0.00
1.10 1.92 4.46 1.00 0.00
1.10 1.92 4.63 1.00 0.00
1.10 1.92 4.81 1.00 0.00
1.10 1.92 4.98 1.00 0.00
1.10 1.92 5.16 1.00 0.00
1.10 1.92 5.33 1.00 0.00
1.10 1.92 5.51 1.00 0.00
1.10 1.92 5.68 1.00 0.00
1.10 1.92 5.86 1.00 0.00
1.10 1.92 6.03 1.00 0.00
1.10 1.92 6.21 1.00 0.00
1.10 1.92 6.38 1.00 0.00
1.10 1.92 6.55 1.00 0.00
1.10 1.92 6.73 1.00 0.00
1.10 1.92 6.90 1.00 0.00
1.10 1.92 7.08 1.00 0.00
1.10 1.92 7.25 1.00 0.00
1.10 1.92 7.43 1.00 0.00
0.30 2.09 4.23 1.00 0.00
0.30 2.09 4.40 1.00 0.00
0.30 2.09 4.57 1.00 0.00
0.30 2.09 4.75 1.00 0.00
0.30 2.09 4.92 1.00 0.00
0.30 2.09 5.10 1.00 0.00
0.30 2.09 5.27 1.00 0.00
0.30 2.09 5.45 1.00 0.00
0.30 2.09 5.62 1.00 0.00
0.30 2.09 5.80 1.00 0.00
0.30 2.09 5.97 1.00 0.00
0.30 2.09 6.15 1.00 0.00
0.30 2.09 6.32 1.00 0.00
0.30 2.09 6.49 1.00 0.00
0.30 2.09 6.67 1.00 0.00
0.30 2.09 6.84 1.00 0.00
0.30 2.09 7.02 1.00 0.00
0.30 2.09 7.19 1.00 0.00
0.50 2.09 4.28 1.00 0.00
0.50 2.09 4.46 1.00 0.00
0.50 2.09 4.63 1.00 0.00
0.50 2.09 4.81 1.00 0.00
0.50 2.09 4.98 1.00 0.00
0.50 2.09 5.16 1.00 0.00
0.50 2.09 5.33 1.00 0.00
0.50 2.09 5.50 1.00 0.00
0.50 2.09 5.68 1.00 0.00
0.50 2.09 5.85 1.00 0.00
0.50 2.09 6.03 1.00 0.00
0.50 2.09 6.20 1.00 0.00
0.50 2.09 6.38 1.00 0.00
0.50 2.09 6.55 1.00 0.00
0.50 2.09 6.73 1.00 0.00
0.50 2.09 6.90 1.00 0.00
0.50 2.09 7.08 1.00 0.00
0.50 2.09 7.25 1.00 0.00
0.70 2.09 4.34 1.00 0.00
0.70 2.09 4.51 1.00 0.00
0.70 2.09 4.69 1.00 0.00
0.70 2.09 4.86 1.00 0.00
0.70 2.09 5.04 1.00 0.00
0.70 2.09 5.21 1.00 0.00
0.70 2.09 5.39 1.00 0.00
0.70 2.09 5.56 1.00 0.00
0.70 2.09 5.74 1.00 0.00
0.70 2.09 5.91 1.00 0.00
0.70 2.09 6.09 1.00 0.00
0.70 2.09 6.26 1.00 0.00
0.70 2.09 6.43 1.00 0.00
0.70 2.09 6.61 1.00 0.00
0.70 2.09 6.78 1.00 0.00
0.70 2.09 6.96 1.00 0.00
0.70 2.09 7.13 1.00 0.00
0.70 2.09 7.31 1.00 0.00
0.90 2.09 4.40 1.00 0.00
0.90 2.09 4.57 1.00 0.00
0.90 2.09 4.74 1.00 0.00
0.90 2.09 4.92 1.00 0.00
0.90 2.09 5.09 1.00 0.00
0.90 2.09 5.27 1.00 0.00
0.90 2.09 5.44 1.00 0.00
0.90 2.09 5.62 1.00 0.00
0.90 2.09 5.79 1.00 0.00
0.90 2.09 5.97 1.00 0.00
0.90 2.09 6.14 1.00 0.00
0.90 2.09 6.32 1.00 0.00
0.90 2.09 6.49 1.00 0.00
0.90 2.09 6.66 1.00 0.00
0.90 2.09 6.84 1.00 0.00
0.90 2.09 7.01 1.00 0.00
0.90 2.09 7.19 1.00 0.00
0.90 2.09 7.36 1.00 0.00
1.10 2.09 4.45 1.00 0.00
1.10 2.09 4.62 1.00 0.00
1.10 2.09 4.80 1.00 0.00
1.10 2.09 4.97 1.00 0.00
1.10 2.09 5.15 1.00 0.00
1.10 2.09 5.32 1.00 0.00
1.10 2.09 5.50 1.00 0.00
1.10 2.09 5.67 1.00 0.00
1.10 2.09 5.85 1.00 0.00
1.10 2.09 6.02 1.00 0.00
1.10 2.09 6.20 1.00 0.00
1.10 2.09 6.37 1.00 0.00
1.10 2.09 6.54 1.00 0.00
1.10 2.09 6.72 1.00 0.00
1.10 2.09 6.89 1.00 0.00
1.10 2.09 7.07 1.00 0.00
1.10 2.09 7.24 1.00 0.00
1.10 2.09 7.42 1.00 0.00
0.30 2.27 4.22 1.00 0.00
0.30 2.27 4.40 1.00 0.00
0.30 2.27 4.57 1.00 0.00
0.30 2.27 4.75 1.00 0.00
0.30 2.27 4.92 1.00 0.00
0.30 2.27 5.10 1.00 0.00
0.30 2.27 5.27 1.00 0.00
0.30 2.27 5.45 1.00 0.00
0.30 2.27 5.62 1.00 0.00
0.30 2.27 5.79 1.00 0.00
0.30 2.27 5.97 1.00 0.00
0.30 2.27 6.14 1.00 0.00
0.30 2.27 6.32 1.00 0.00
0.30 2.27 6.49 1.00 0.00
0.30 2.27 6.67 1.00 0.00
0.30 2.27 6.84 1.00 0.00
0.30 2.27 7.02 1.00 0.00
0.30 2.27 7.19 1.00 0.00
0.50 2.27 4.28 1.00 0.00
0.50 2.27 4.45 1.00 0.00
0.50 2.27 4.63 1.00 0.00
0.50 2.27 4.80 1.00 0.00
0.50 2.27 4.98 1.00 0.00
0.50 2.27 5.15 1.00 0.00
0.50 2.27 5.33 1.00 0.00
0.50 2.27 5.50 1.00 0.00
0.50 2.27 5.68 1.00 0.00
0.50 2.27 5.85 1.00 0.00
0.50 2.27 6.02 1.00 0.00
0.50 2.27 6.20 1.00 0.00
0.50 2.27 6.37 1.00 0.00
0.50 2.27 6.55 1.00 0.00
0.50 2.27 6.72 1.00 0.00
0.50 2.27 6.90 1.00 0.00
0.50 2.27 7.07 1.00 0.00
0.50 2.27 7.25 1.00 0.00
0.70 2.27 4.33 1.00 0.00
0.70 2.27 4.51 1.00 0.00
0.70 2.27 4.68 1.00 0.00
0.70 2.27 4.86 1.00 0.00
0.70 2.27 5.03 1.00 0.00
0.70 2.27 5.20 1.00 0.00
0.70 2.27 5.38 1.00 0.00
0.70 2.27 5.55 1.00 0.00
0.70 2.27 5.73 1.00 0.00
0.70 2.27 5.90 1.00 0.00
0.70 2.27 6.08 1.00 0.00
0.70 2.27 6.25 1.00 0.00
0.70 2.27 6.43 1.00 0.00
0.70 2.27 6.60 1.00 0.00
0.70 2.27 6.78 1.00 0.00
0.70 2.27 6.95 1.00 0.00
0.70 2.27 7.12 1.00 0.00
0.70 2.27 7.30 1.00 0.00
0.90 2.27 4.38 1.00 0.00
0.90 2.27 4.56 1.00 0.00
0.90 2.27 4.73 1.00 0.00
0.90 2.27 4.91 1.00 0.00
0.90 2.27 5.08 1.00 0.00
0.90 2.27 5.26 1.00 0.00
0.90 2.27 5.43 1.00 0.00
0.90 2.27 5.61 1.00 0.00
0.90 2.27 5.78 1.00 0.00
0.90 2.27 5.95 1.00 0.00
0.90 2.27 6.13 1.00 0.00
0.90 2.27 6.30 1.00 0.00
0.90 2.27 6.48 1.00 0.00
0.90 2.27 6.65 1.00 0.00
0.90 2.27 6.83 1.00 0.00
0.90 2.27 7.00 1.00 0.00
0.90 2.27 7.18 1.00 0.00
0.90 2.27 7.35 1.00 0.00
1.10 2.27 4.43 1.00 0.00
1.10 2.27 4.61 1.00 0.00
1.10 2.27 4.78 1.00 0.00
1.10 2.27 4.96 1.00 0.00
1.10 2.27 5.13 1.00 0.00
1.10 2.27 5.31 1.00 0.00
1.10 2.27 5.48 1.00 0.00
1.10 2.27 5.65 1.00 0.00
1.10 2.27 5.83 1.00 0.00
1.10 2.27 6.00 1.00 0.00
1.10 2.27 6.18 1.00 0.00
1.10 2.27 6.35 1.00 0.00
1.10 2.27 6.53 1.00 0.00
1.10 2.27 6.70 1.00 0.00
1.10 2.27 6.88 1.00 0.00
1.10 2.27 7.05 1.00 0.00
1.10 2.27 7.23 1.00 0.00
1.10 2.27 7.40 1.00 0.00
0.30 2.44 4.22 1.00 0.00
0.30 2.44 4.39 1.00 0.00
0.30 2.44 4.57 1.00 0.00
0.30 2.44 4.74 1.00 0.00
0.30 2.44 4.92 1.00 0.00
0.30 2.44 5.09 1.00 0.00
0.30 2.44 5.27 1.00 0.00
0.30 2.44 5.44 1.00 0.00
0.30 2.44 5.62 1.00 0.00
0.30 2.44 5.79 1.00 0.00
0.30 2.44 5.97 1.00 0.00
0.30 2.44 6.14 1.00 0.00
0.30 2.44 6.31 1.00 0.00
0.30 2.44 6.49 1.00 0.00
0.30 2.44 6.66 1.00 0.00
0.30 2.44 6.84 1.00 0.00
0.30 2.44 7.01 1.00 0.00
0.30 2.44 7.19 1.00 0.00
0.50 2.44 4.27 1.00 0.00
0.50 2.44 4.45 1.00 0.00
0.50 2.44 4.62 1.00 0.00
0.50 2.44 4.79 1.00 0.00
0.50 2.44 4.97 1.00 0.00
0.50 2.44 5.14 1.00 0.00
0.50 2.44 5.32 1.00 0.00
0.50 2.44 5.49 1.00 0.00
0.50 2.44 5.67 1.00 0.00
0.50 2.44 5.84 1.00 0.00
0.50 2.44 6.02 1.00 0.00
0.50 2.44 6.19 1.00 0.00
0.50 2.44 6.36 1.00 0.00
0.50 2.44 6.54 1.00 0.00
0.50 2.44 6.71 1.00 0.00
0.50 2.44 6.89 1.00 0.00
0.50 2.44 7.06 1.00 0.00
0.50 2.44 7.24 1.00 0.00
0.70 2.44 4.32 1.00 0.00
0.70 2.44 4.49 1.00 0.00
0.70 2.44 4.67 1.00 0.00
0.70 2.44 4.84 1.00 0.00
0.70 2.44 5.02 1.00 0.00
0.70 2.44 5.19 1.00 0.00
0.70 2.44 5.37 1.00 0.00
0.70 2.44 5.54 1.00 0.00
0.70 2.44 5.72 1.00 0.00
0.70 2.44 5.89 1.00 0.00
0.70 2.44 6.06 1.00 0.00
0.70 2.44 6.24 1.00 0.00
0.70 2.44 6.41 1.00 0.00
0.70 2.44 6.59 1.00 0.00
0.70 2.44 6.76 1.00 0.00
0.70 2.44 6.94 1.00 0.00
0.70 2.44 7.11 1.00 0.00
0.70 2.44 7.29 1.00 0.00
0.90 2.44 4.37 1.00 0.00
0.90 2.44 4.54 1.00 0.00
0.90 2.44 4.71 1.00 0.00
0.90 2.44 4.89 1.00 0.00
0.90 2.44 5.06 1.00 0.00
0.90 2.44 5.24 1.00 0.00
0.90 2.44 5.41 1.00 0.00
0.90 2.44 5.59 1.00 0.00
0.90 2.44 5.76 1.00 0.00
0.90 2.44 5.94 1.00 0.00
0.90 2.44 6.11 1.00 0.00
0.90 2.44 6.29 1.00 0.00
0.90 2.44 6.46 1.00 0.00
0.90 2.44 6.63 1.00 0.00
0.90 2.44 6.81 1.00 0.00
0.90 2.44 6.98 1.00 0.00
0.90 2.44 7.16 1.00 0.00
0.90 2.44 7.33 1.00 0.00
1.10 2.44 4.41 1.00 0.00
1.10 2.44 4.58 1.00 0.00
1.10 2.44 4.76 1.00 0.00
1.10 2.44 4.93 1.00 0.00
1.10 2.44 5.11 1.00 0.00
1.10 2.44 5.28 1.00 0.00
1.10 2.44 5.46 1.00 0.00
1.10 2.44 5.63 1.00 0.00
1.10 2.44 5.81 1.00 0.00
1.10 2.44 5.98 1.00 0.00
1.10 2.44 6.15 1.00 0.00
1.10 2.44 6.33 1.00 0.00
1.10 2.44 6.50 1.00 0.00
1.10 2.44 6.68 1.00 0.00
1.10 2.44 6.85 1.00 0.00
1.10 2.44 7.03 1.00 0.00
1.10 2.44 7.20 1.00 0.00
1.10 2.44 7.38 1.00 0.00
0.30 2.62 4.21 1.00 0.00
0.30 2.62 4.39 1.00 0.00
0.30 2.62 4.56 1.00 0.00
0.30 2.62 4.74 1.00 0.00
0.30 2.62 4.91 1.00 0.00
0.30 2.62 5.09 1.00 0.00
0.30 2.62 5.26 1.00 0.00
0.30 2.62 5.43 1.00 0.00
0.30 2.62 5.61 1.00 0.00
0.30 2.62 5.78 1.00 0.00
0.30 2.62 5.96 1.00 0.00
0.30 2.62 6.13 1.00 0.00
0.30 2.62 6.31 1.00 0.00
0.30 2.62 6.48 1.00 0.00
0.30 2.62 6.66 1.00 0.00
0.30 2.62 6.83 1.00 0.00
0.30 2.62 7.01 1.00 0.00
0.30 2.62 7.18 1.00 0.00
0.50 2.62 4.26 1.00 0.00
0.50 2.62 4.43 1.00 0.00
0.50 2.62 4.61 1.00 0.00
0.50 2.62 4.78 1.00 0.00
0.50 2.62 4.96 1.00 0.00
0.50 2.62 5.13 1.00 0.00
0.50 2.62 5.31 1.00 0.00
0.50 2.62 5.48 1.00 0.00
0.50 2.62 5.66 1.00 0.00
0.50 2.62 5.83 1.00 0.00
0.50 2.62 6.00 1.00 0.00
0.50 2.62 6.18 1.00 0.00
0.50 2.62 6.35 1.00 0.00
0.50 2.62 6.53 1.00 0.00
0.50 2.62 6.70 1.00 0.00
0.50 2.62 6.88 1.00 0.00
0.50 2.62 7.05 1.00 0.00
0.50 2.62 7.23 1.00 0.00
0.70 2.62 4.30 1.00 0.00
0.70 2.62 4.48 1.00 0.00
0.70 2.62 4.65 1.00 0.00
0.70 2.62 4.83 1.00 0.00
0.70 2.62 5.00 1.00 0.00
0.70 2.62 5.17 1.00 0.00
0.70 2.62 5.35 1.00 0.00
0.70 2.62 5.52 1.00 0.00
0.70 2.62 5.70 1.00 0.00
0.70 2.62 5.87 1.00 0.00
0.70 2.62 6.05 1.00 0.00
0.70 2.62 6.22 1.00 0.00
0.70 2.62 6.40 1.00 0.00
0.70 2.62 6.57 1.00 0.00
0.70 2.62 6.75 1.00 0.00
0.70 2.62 6.92 1.00 0.00
0.70 2.62 7.09 1.00 0.00
0.70 2.62 7.27 1.00 0.00
0.90 2.62 4.34 1.00 0.00
0.90 2.62 4.52 1.00 0.00
0.90 2.62 4.69 1.00 0.00
0.90 2.62 4.87 1.00 0.00
0.90 2.62 5.04 1.00 0.00
0.90 2.62 5.22 1.00 0.00
0.90 2.62 5.39 1.00 0.00
0.90 2.62 5.56 1.00 0.00
0.90 2.62 5.74 1.00 0.00
0.90 2.62 5.91 1.00 0.00
0.90 2.62 6.09 1.00 0.00
0.90 2.62 6.26 1.00 0.00
0.90 2.62 6.44 1.00 0.00
0.90 2.62 6.61 1.00 0.00
0.90 2.62 6.79 1.00 0.00
0.90 2.62 6.96 1.00 0.00
0.90 2.62 7.14 1.00 0.00
0.90 2.62 7.31 1.00 0.00
1.10 2.62 4.38 1.00 0.00
1.10 2.62 4.56 1.00 0.00
1.10 2.62 4.73 1.00 0.00
1.10 2.62 4.90 1.00 0.00
1.10 2.62 5.08 1.00 0.00
1.10 2.62 5.25 1.00 0.00
1.10 2.62 5.43 1.00 0.00
1.10 2.62 5.60 1.00 0.00
1.10 2.62 5.78 1.00 0.00
1.10 2.62 5.95 1.00 0.00
1.10 2.62 6.13 1.00 0.00
1.10 2.62 6.30 1.00 0.00
1.10 2.62 6.48 1.00 0.00
1.10 2.62 6.65 1.00 0.00
1.10 2.62 6.82 1.00 0.00
1.10 2.62 7.00 1.00 0.00
1.10 2.62 7.17 1.00 0.00
1.10 2.62 7.35 1.00 0.00
0.30 2.79 4.20 1.00 0.00
0.30 2.79 4.38 1.00 0.00
0.30 2.79 4.55 1.00 0.00
0.30 2.79 4.73 1.00 0.00
0.30 2.79 4.90 1.00 0.00
0.30 2.79 5.08 1.00 0.00
0.30 2.79 5.25 1.00 0.00
0.30 2.79 5.43 1.00 0.00
0.30 2.79 5.60 1.00 0.00
0.30 2.79 5.78 1.00 0.00
0.30 2.79 5.95 1.00 0.00
0.30 2.79 6.12 1.00 0.00
0.30 2.79 6.30 1.00 0.00
0.30 2.79 6.47 1.00 0.00
0.30 2.79 6.65 1.00 0.00
0.30 2.79 6.82 1.00 0.00
0.30 2.79 7.00 1.00 0.00
0.30 2.79 7.17 1.00 0.00
0.50 2.79 4.24 1.00 0.00
0.50 2.79 4.42 1.00 0.00
0.50 2.79 4.59 1.00 0.00
0.50 2.79 4.77 1.00 0.00
0.50 2.79 4.94 1.00 0.00
0.50 2.79 5.12 1.00 0.00
0.50 2.79 5.29 1.00 0.00
0.50 2.79 5.47 1.00 0.00
0.50 2.79 5.64 1.00 0.00
0.50 2.79 5.82 1.00 0.00
0.50 2.79 5.99 1.00 0.00
0.50 2.79 6.16 1.00 0.00
0.50 2.79 6.34 1.00 0.00
0.50 2.79 6.51 1.00 0.00
0.50 2.79 6.69 1.00 0.00
0.50 2.79 6.86 1.00 0.00
0.50 2.79 7.04 1.00 0.00
0.50 2.79 7.21 1.00 0.00
0.70 2.79 4.28 1.00 0.00
0.70 2.79 4.46 1.00 0.00
0.70 2.79 4.63 1.00 0.00
0.70 2.79 4.81 1.00 0.00
0.70 2.79 4.98 1.00 0.00
0.70 2.79 5.15 1.00 0.00
0.70 2.79 5.33 1.00 0.00
0.70 2.79 5.50 1.00 0.00
0.70 2.79 5.68 1.00 0.00
0.70 2.79 5.85 1.00 0.00
0.70 2.79 6.03 1.00 0.00
0.70 2.79 6.20 1.00 0.00
0.70 2.79 6.38 1.00 0.00
0.70 2.79 6.55 1.00 0.00
0.70 2.79 6.73 1.00 0.00
0.70 2.79 6.90 1.00 0.00
0.70 2.79 7.07 1.00 0.00
0.70 2.79 7.25 1.00 0.00
0.90 2.79 4.32 1.00 0.00
0.90 2.79 4.49 1.00 0.00
0.90 2.79 4.67 1.00 0.00
0.90 2.79 4.84 1.00 0.00
0.90 2.79 5.01 1.00 0.00
0.90 2.79 5.19 1.00 0.00
0.90 2.79 5.36 1.00 0.00
0.90 2.79 5.54 1.00 0.00
0.90 2.79 5.71 1.00 0.00
0.90 2.79 5.89 1.00 0.00
0.90 2.79 6.06 1.00 0.00
0.90 2.79 6.24 1.00 0.00
0.90 2.79 6.41 1.00 0.00
0.90 2.79 6.58 1.00 0.00
0.90 2.79 6.76 1.00 0.00
0.90 2.79 6.93 1.00 0.00
0.90 2.79 7.11 1.00 0.00
0.90 2.79 7.28 1.00 0.00
1.10 2.79 4.35 1.00 0.00
1.10 2.79 4.52 1.00 0.00
1.10 2.79 4.70 1.00 0.00
1.10 2.79 4.87 1.00 0.00
1.10 2.79 5.05 1.00 0.00
1.10 2.79 5.22 1.00 0.00
1.10 2.79 5.40 1.00 0.00
1.10 2.79 5.57 1.00 0.00
1.10 2.79 5.74 1.00 0.00
1.10 2.79 5.92 1.00 0.00
1.10 2.79 6.09 1.00 0.00
1.10 2.79 6.27 1.00 0.00
1.10 2.79 6.44 1.00 0.00
1.10 2.79 6.62 1.00 0.00
1.10 2.79 6.79 1.00 0.00
1.10 2.79 6.97 1.00 0.00
1.10 2.79 7.14 1.00 0.00
1.10 2.79 7.32 1.00 0.00
0.30 2.97 4.19 1.00 0.00
0.30 2.97 4.37 1.00 0.00
0.30 2.97 4.54 1.00 0.00
0.30 2.97 4.72 1.00 0.00
0.30 2.97 4.89 1.00 0.00
0.30 2.97 5.07 1.00 0.00
0.30 2.97 5.24 1.00 0.00
0.30 2.97 5.42 1.00 0.00
0.30 2.97 5.59 1.00 0.00
0.30 2.97 5.77 1.00 0.00
0.30 2.97 5.94 1.00 0.00
0.30 2.97 6.11 1.00 0.00
0.30 2.97 6.29 1.00 0.00
0.30 2.97 6.46 1.00 0.00
0.30 2.97 6.64 1.00 0.00
0.30 2.97 6.81 1.00 0.00
0.30 2.97 6.99 1.00 0.00
0.30 2.97 7.16 1.00 0.00
0.50 2.97 4.23 1.00 0.00
0.50 2.97 4.40 1.00 0.00
0.50 2.97 4.58 1.00 0.00
0.50 2.97 4.75 1.00 0.00
0.50 2.97 4.93 1.00 0.00
0.50 2.97 5.10 1.00 0.00
0.50 2.97 5.27 1.00 0.00
0.50 2.97 5.45 1.00 0.00
0.50 2.97 5.62 1.00 0.00
0.50 2.97 5.80 1.00 0.00
0.50 2.97 5.97 1.00 0.00
0.50 2.97 6.15 1.00 0.00
0.50 2.97 6.32 1.00 0.00
0.50 2.97 6.50 1.00 0.00
0.50 2.97 6.67 1.00 0.00
0.50 2.97 6.85 1.00 0.00
0.50 2.97 7.02 1.00 0.00
0.50 2.97 7.19 1.00 0.00
0.70 2.97 4.26 1.00 0.00
0.70 2.97 4.43 1.00 0.00
0.70 2.97 4.61 1.00 0.00
0.70 2.97 4.78 1.00 0.00
0.70 2.97 4.96 1.00 0.00
0.70 2.97 5.13 1.00 0.00
0.70 2.97 5.31 1.00 0.00
0.70 2.97 5.48 1.00 0.00
0.70 2.97 5.65 1.00 0.00
0.70 2.97 5.83 1.00 0.00
0.70 2.97 6.00 1.00 0.00
0.70 2.97 6.18 1.00 0.00
0.70 2.97 6.35 1.00 0.00
0.70 2.97 6.53 1.00 0.00
0.70 2.97 6.70 1.00 0.00
0.70 2.97 6.88 1.00 0.00
0.70 2.97 7.05 1.00 0.00
0.70 2.97 7.23 1.00 0.00
0.90 2.97 4.29 1.00 0.00
0.90 2.97 4.46 1.00 0.00
0.90 2.97 4.64 1.00 0.00
0.90 2.97 4.81 1.00 0.00
0.90 2.97 4.98 1.00 0.00
0.90 2.97 5.16 1.00 0.00
0.90 2.97 5.33 1.00 0.00
0.90 2.97 5.51 1.00 0.00
0.90 2.97 5.68 1.00 0.00
0.90 2.97 5.86 1.00 0.00
0.90 2.97 6.03 1.00 0.00
0.90 2.97 6.21 1.00 0.00
0.90 2.97 6.38 1.00 0.00
0.90 2.97 6.56 1.00 0.00
0.90 2.97 6.73 1.00 0.00
0.90 2.97 6.90 1.00 0.00
0.90 2.97 7.08 1.00 0.00
0.90 2.97 7.25 1.00 0.00
1.10 2.97 4.31 1.00 0.00
1.10 2.97 4.49 1.00 0.00
1.10 2.97 4.66 1.00 0.00
1.10 2.97 4.84 1.00 0.00
1.10 2.97 5.01 1.00 0.00
1.10 2.97 5.19 1.00 0.00
1.10 2.97 5.36 1.00 0.00
1.10 2.97 5.53 1.00 0.00
1.10 2.97 5.71 1.00 0.00
1.10 2.97 5.88 1.00 0.00
1.10 2.97 6.06 1.00 0.00
1.10 2.97 6.23 1.00 0.00
1.10 2.97 6.41 1.00 0.00
1.10 2.97 6.58 1.00 0.00
1.10 2.97 6.76 1.00 0.00
1.10 2.97 6.93 1.00 0.00
1.10 2.97 7.10 1.00 0.00
1.10 2.97 7.28 1.00 0.00
0.30 3.14 4.18 1.00 0.00
0.30 3.14 4.36 1.00 0.00
0.30 3.14 4.53 1.00 0.00
0.30 3.14 4.71 1.00 0.00
0.30 3.14 4.88 1.00 0.00
0.30 3.14 5.06 1.00 0.00
0.30 3.14 5.23 1.00 0.00
0.30 3.14 5.40 1.00 0.00
0.30 3.14 5.58 1.00 0.00
0.30 3.14 5.75 1.00 0.00
0.30 3.14 5.93 1.00 0.00
0.30 3.14 6.10 1.00 0.00
0.30 3.14 6.28 1.00 0.00
0.30 3.14 6.45 1.00 0.00
0.30 3.14 6.63 1.00 0.00
0.30 3.14 6.80 1.00 0.00
0.30 3.14 6.98 1.00 0.00
0.30 3.14 7.15 1.00 0.00
0.50 3.14 4.21 1.00 0.00
0.50 3.14 4.38 1.00 0.00
0.50 3.14 4.56 1.00 0.00
0.50 3.14 4.73 1.00 0.00
0.50 3.14 4.91 1.00 0.00
0.50 3.14 5.08 1.00 0.00
0.50 3.14 5.26 1.00 0.00
0.50 3.14 5.43 1.00 0.00
0.50 3.14 5.61 1.00 0.00
0.50 3.14 5.78 1.00 0.00
0.50 3.14 5.95 1.00 0.00
0.50 3.14 6.13 1.00 0.00
0.50 3.14 6.30 1.00 0.00
0.50 3.14 6.48 1.00 0.00
0.50 3.14 6.65 1.00 0.00
0.50 3.14 6.83 1.00 0.00
0.50 3.14 7.00 1.00 0.00
0.50 3.14 7.18 1.00 0.00
0.70 3.14 4.23 1.00 0.00
0.70 3.14 4.41 1.00 0.00
0.70 3.14 4.58 1.00 0.00
0.70 3.14 4.76 1.00 0.00
0.70 3.14 4.93 1.00 0.00
0.70 3.14 5.11 1.00 0.00
0.70 3.14 5.28 1.00 0.00
0.70 3.14 5.45 1.00 0.00
0.70 3.14 5.63 1.00 0.00
0.70 3.14 5.80 1.00 0.00
0.70 3.14 5.98 1.00 0.00
0.70 3.14 6.15 1.00 0.00
0.70 3.14 6.33 1.00 0.00
0.70 3.14 6.50 1.00 0.00
0.70 3.14 6.68 1.00 0.00
0.70 3.14 6.85 1.00 0.00
0.70 3.14 7.03 1.00 0.00
0.70 3.14 7.20 1.00 0.00
0.90 3.14 4.25 1.00 0.00
0.90 3.14 4.43 1.00 0.00
0.90 3.14 4.60 1.00 0.00
0.90 3.14 4.78 1.00 0.00
0.90 3.14 4.95 1.00 0.00
0.90 3.14 5.13 1.00 0.00
0.90 3.14 5.30 1.00 0.00
0.90 3.14 5.48 1.00 0.00
0.90 3.14 5.65 1.00 0.00
0.90 3.14 5.83 1.00 0.00
0.90 3.14 6.00 1.00 0.00
0.90 3.14 6.17 1.00 0.00
0.90 3.14 6.35 1.00 0.00
0.90 3.14 6.52 1.00 0.00
0.90 3.14 6.70 1.00 0.00
0.90 3.14 6.87 1.00 0.00
0.90 3.14 7.05 1.00 0.00
0.90 3.14 7.22 1.00 0.00
1.10 3.14 4.27 1.00 0.00
1.10 3.14 4.45 1.00 0.00
1.10 3.14 4.62 1.00 0.00
1.10 3.14 4.80 1.00 0.00
1.10 3.14 4.97 1.00 0.00
1.10 3.14 5.15 1.00 0.00
1.10 3.14 5.32 1.00 0.00
1.10 3.14 5.50 1.00 0.00
1.10 3.14 5.67 1.00 0.00
1.10 3.14 5.84 1.00 0.00
1.10 3.14 6.02 1.00 0.00
1.10 3.14 6.19 1.00 0.00
1.10 3.14 6.37 1.00 0.00
1.10 3.14 6.54 1.00 0.00
1.10 3.14 6.72 1.00 0.00
1.10 3.14 6.89 1.00 0.00
1.10 3.14 7.07 1.00 0.00
1.10 3.14 7.24 1.00 0.00
0.30 3.32 4.17 1.00 0.00
0.30 3.32 4.35 1.00 0.00
0.30 3.32 4.52 1.00 0.00
0.30 3.32 4.69 1.00 0.00
0.30 3.32 4.87 1.00 0.00
0.30 3.32 5.04 1.00 0.00
0.30 3.32 5.22 1.00 0.00
0.30 3.32 5.39 1.00 0.00
0.30 3.32 5.57 1.00 0.00
0.30 3.32 5.74 1.00 0.00
0.30 3.32 5.92 1.00 0.00
0.30 3.32 6.09 1.00 0.00
0.30 3.32 6.26 1.00 0.00
0.30 3.32 6.44 1.00 0.00
0.30 3.32 6.61 1.00 0.00
0.30 3.32 6.79 1.00 0.00
0.30 3.32 6.96 1.00 0.00
0.30 3.32 7.14 1.00 0.00
0.50 3.32 4.19 1.00 0.00
0.50 3.32 4.36 1.00 0.00
0.50 3.32 4.54 1.00 0.00
0.50 3.32 4.71 1.00 0.00
0.50 3.32 4.89 1.00 0.00
0.50 3.32 5.06 1.00 0.00
0.50 3.32 5.24 1.00 0.00
0.50 3.32 5.41 1.00 0.00
0.50 3.32 5.59 1.00 0.00
0.50 3.32 5.76 1.00 0.00
0.50 3.32 5.93 1.00 0.00
0.50 3.32 6.11 1.00 0.00
0.50 3.32 6.28 1.00 0.00
0.50 3.32 6.46 1.00 0.00
0.50 3.32 6.63 1.00 0.00
0.50 3.32 6.81 1.00 0.00
0.50 3.32 6.98 1.00 0.00
0.50 3.32 7.16 1.00 0.00
0.70 3.32 4.21 1.00 0.00
0.70 3.32 4.38 1.00 0.00
0.70 3.32 4.55 1.00 0.00
0.70 3.32 4.73 1.00 0.00
0.70 3.32 4.90 1.00 0.00
0.70 3.32 5.08 1.00 0.00
0.70 3.32 5.25 1.00 0.00
0.70 3.32 5.43 1.00 0.00
0.70 3.32 5.60 1.00 0.00
0.70 3.32 5.78 1.00 0.00
0.70 3.32 5.95 1.00 0.00
0.70 3.32 6.13 1.00 0.00
0.70 3.32 6.30 1.00 0.00
0.70 3.32 6.47 1.00 0.00
0.70 3.32 6.65 1.00 0.00
0.70 3.32 6.82 1.00 0.00
0.70 3.32 7.00 1.00 0.00
0.70 3.32 7.17 1.00 0.00
0.90 3.32 4.22 1.00 0.00
0.90 3.32 4.39 1.00 0.00
0.90 3.32 4.57 1.00 0.00
0.90 3.32 4.74 1.00 0.00
0.90 3.32 4.92 1.00 0.00
0.90 3.32 5.09 1.00 0.00
0.90 3.32 5.27 1.00 0.00
0.90 3.32 5.44 1.00 0.00
0.90 3.32 5.62 1.00 0.00
0.90 3.32 5.79 1.00 0.00
0.90 3.32 5.97 1.00 0.00
0.90 3.32 6.14 1.00 0.00
0.90 3.32 6.31 1.00 0.00
0.90 3.32 6.49 1.00 0.00
0.90 3.32 6.66 1.00 0.00
0.90 3.32 6.84 1.00 0.00
0.90 3.32 7.01 1.00 0.00
0.90 3.32 7.19 1.00 0.00
1.10 3.32 4.23 1.00 0.00
1.10 3.32 4.41 1.00 0.00
1.10 3.32 4.58 1.00 0.00
1.10 3.32 4.76 1.00 0.00
1.10 3.32 4.93 1.00 0.00
1.10 3.32 5.11 1.00 0.00
1.10 3.32 5.28 1.00 0.00
1.10 3.32 5.46 1.00 0.00
1.10 3.32 5.63 1.00 0.00
1.10 3.32 5.81 1.00 0.00
1.10 3.32 5.98 1.00 0.00
1.10 3.32 6.15 1.00 0.00
1.10 3.32 6.33 1.00 0.00
1.10 3.32 6.50 1.00 0.00
1.10 3.32 6.68 1.00 0.00
1.10 3.32 6.85 1.00 0.00
1.10 3.32 7.03 1.00 0.00
1.10 3.32 7.20 1.00 0.00
0.30 3.49 4.16 1.00 0.00
0.30 3.49 4.33 1.00 0.00
0.30 3.49 4.51 1.00 0.00
0.30 3.49 4.68 1.00 0.00
0.30 3.49 4.86 1.00 0.00
0.30 3.49 5.03 1.00 0.00
0.30 3.49 5.20 1.00 0.00
0.30 3.49 5.38 1.00 0.00
0.30 3.49 5.55 1.00 0.00
0.30 3.49 5.73 1.00 0.00
0.30 3.49 5.90 1.00 0.00
0.30 3.49 6.08 1.00 0.00
0.30 3.49 6.25 1.00 0.00
0.30 3.49 6.43 1.00 0.00
0.30 3.49 6.60 1.00 0.00
0.30 3.49 6.78 1.00 0.00
0.30 3.49 6.95 1.00 0.00
0.30 3.49 7.12 1.00 0.00
0.50 3.49 4.17 1.00 0.00
0.50 3.49 4.34 1.00 0.00
0.50 3.49 4.52 1.00 0.00
0.50 3.49 4.69 1.00 0.00
0.50 3.49 4.87 1.00 0.00
0.50 3.49 5.04 1.00 0.00
0.50 3.49 5.21 1.00 0.00
0.50 3.49 5.39 1.00 0.00
0.50 3.49 5.56 1.00 0.00
0.50 3.49 5.74 1.00 0.00
0.50 3.49 5.91 1.00 0.00
0.50 3.49 6.09 1.00 0.00
0.50 3.49 6.26 1.00 0.00
0.50 3.49 6.44 1.00 0.00
0.50 3.49 6.61 1.00 0.00
0.50 3.49 6.79 1.00 0.00
0.50 3.49 6.96 1.00 0.00
0.50 3.49 7.13 1.00 0.00
0.70 3.49 4.18 1.00 0.00
0.70 3.49 4.35 1.00 0.00
0.70 3.49 4.53 1.00 0.00
0.70 3.49 4.70 1.00 0.00
0.70 3.49 4.87 1.00 0.00
0.70 3.49 5.05 1.00 0.00
0.70 3.49 5.22 1.00 0.00
0.70 3.49 5.40 1.00 0.00
0.70 3.49 5.57 1.00 0.00
0.70 3.49 5.75 1.00 0.00
0.70 3.49 5.92 1.00 0.00
0.70 3.49 6.10 1.00 0.00
0.70 3.49 6.27 1.00 0.00
0.70 3.49 6.45 1.00 0.00
0.70 3.49 6.62 1.00 0.00
0.70 3.49 6.79 1.00 0.00
0.70 3.49 6.97 1.00 0.00
0.70 3.49 7.14 1.00 0.00
0.90 3.49 4.19 1.00 0.00
0.90 3.49 4.36 1.00 0.00
0.90 3.49 4.53 1.00 0.00
0.90 3.49 4.71 1.00 0.00
0.90 3.49 4.88 1.00 0.00
0.90 3.49 5.06 1.00 0.00
0.90 3.49 5.23 1.00 0.00
0.90 3.49 5.41 1.00 0.00
0.90 3.49 5.58 1.00 0.00
0.90 3.49 5.76 1.00 0.00
0.90 3.49 5.93 1.00 0.00
0.90 3.49 6.11 1.00 0.00
0.90 3.49 6.28 1.00 0.00
0.90 3.49 6.45 1.00 0.00
0.90 3.49 6.63 1.00 0.00
0.90 3.49 6.80 1.00 0.00
0.90 3.49 6.98 1.00 0.00
0.90 3.49 7.15 1.00 0.00
1.10 3.49 4.19 1.00 0.00
1.10 3.49 4.37 1.00 0.00
1.10 3.49 4.54 1.00 0.00
1.10 3.49 4.72 1.00 0.00
1.10 3.49 4.89 1.00 0.00
1.10 3.49 5.07 1.00 0.00
1.10 3.49 5.24 1.00 0.00
1.10 3.49 5.41 1.00 0.00
1.10 3.49 5.59 1.00 0.00
1.10 3.49 5.76 1.00 0.00
1.10 3.49 5.94 1.00 0.00
1.10 3.49 6.11 1.00 0.00
1.10 3.49 6.29 1.00 0.00
1.10 3.49 6.46 1.00 0.00
1.10 3.49 6.64 1.00 0.00
1.10 3.49 6.81 1.00 0.00
1.10 3.49 6.99 1.00 0.00
1.10 3.49 7.16 1.00 0.00
0.30 3.67 4.14 1.00 0.00
0.30 3.67 4.32 1.00 0.00
0.30 3.67 4.49 1.00 0.00
0.30 3.67 4.67 1.00 0.00
0.30 3.67 4.84 1.00 0.00
0.30 3.67 5.02 1.00 0.00
0.30 3.67 5.19 1.00 0.00
0.30 3.67 5.37 1.00 0.00
0.30 3.67 5.54 1.00 0.00
0.30 3.67 5.71 1.00 0.00
0.30 3.67 5.89 1.00 0.00
0.30 3.67 6.06 1.00 0.00
0.30 3.67 6.24 1.00 0.00
0.30 3.67 6.41 1.00 0.00
0.30 3.67 6.59 1.00 0.00
0.30 3.67 6.76 1.00 0.00
0.30 3.67 6.94 1.00 0.00
0.30 3.67 7.11 1.00 0.00
0.50 3.67 4.15 1.00 0.00
0.50 3.67 4.32 1.00 0.00
0.50 3.67 4.49 1.00 0.00
0.50 3.67 4.67 1.00 0.00
0.50 3.67 4.84 1.00 0.00
0.50 3.67 5.02 1.00 0.00
0.50 3.67 5.19 1.00 0.00
0.50 3.67 5.37 1.00 0.00
0.50 3.67 5.54 1.00 0.00
0.50 3.67 5.72 1.00 0.00
0.50 3.67 5.89 1.00 0.00
0.50 3.67 6.07 1.00 0.00
0.50 3.67 6.24 1.00 0.00
0.50 3.67 6.41 1.00 0.00
0.50 3.67 6.59 1.00 0.00
0.50 3.67 6.76 1.00 0.00
0.50 3.67 6.94 1.00 0.00
0.50 3.67 7.11 1.00 0.00
0.70 3.67 4.15 1.00 0.00
0.70 3.67 4.32 1.00 0.00
0.70 3.67 4.50 1.00 0.00
0.70 3.67 4.67 1.00 0.00
0.70 3.67 4.85 1.00 0.00
0.70 3.67 5.02 1.00 0.00
0.70 3.67 5.19 1.00 0.00
0.70 3.67 5.37 1.00 0.00
0.70 3.67 5.54 1.00 0.00
0.70 3.67 5.72 1.00 0.00
0.70 3.67 5.89 1.00 0.00
0.70 3.67 6.07 1.00 0.00
0.70 3.67 6.24 1.00 0.00
0.70 3.67 6.42 1.00 0.00
0.70 3.67 6.59 1.00 0.00
0.70 3.67 6.77 1.00 0.00
0.70 3.67 6.94 1.00 0.00
0.70 3.67 7.11 1.00 0.00
0.90 3.67 4.15 1.00 0.00
0.90 3.67 4.32 1.00 0.00
0.90 3.67 4.50 1.00 0.00
0.90 3.67 4.67 1.00 0.00
0.90 3.67 4.85 1.00 0.00
0.90 3.67 5.02 1.00 0.00
0.90 3.67 5.20 1.00 0.00
0.90 3.67 5.37 1.00 0.00
0.90 3.67 5.55 1.00 0.00
0.90 3.67 5.72 1.00 0.00
0.90 3.67 5.89 1.00 0.00
0.90 3.67 6.07 1.00 0.00
0.90 3.67 6.24 1.00 0.00
0.90 3.67 6.42 1.00 0.00
0.90 3.67 6.59 1.00 0.00
0.90 3.67 6.77 1.00 0.00
0.90 3.67 6.94 1.00 0.00
0.90 3.67 7.12 1.00 0.00
1.10 3.67 4.15 1.00 0.00
1.10 3.67 4.33 1.00 0.00
1.10 3.67 4.50 1.00 0.00
1.10 3.67 4.67 1.00 0.00
1.10 3.67 4.85 1.00 0.00
1.10 3.67 5.02 1.00 0.00
1.10 3.67 5.20 1.00 0.00
1.10 3.67 5.37 1.00 0.00
1.10 3.67 5.55 1.00 0.00
1.10 3.67 5.72 1.00 0.00
1.10 3.67 5.90 1.00 0.00
1.10 3.67 6.07 1.00 0.00
1.10 3.67 6.25 1.00 0.00
1.10 3.67 6.42 1.00 0.00
1.10 3.67 6.59 1.00 0.00
1.10 3.67 6.77 1.00 0.00
1.10 3.67 6.94 1.00 0.00
1.10 3.67 7.12 1.00 0.00
0.30 3.84 10.41 1.00 0.00
0.30 3.84 10.59 1.00 0.00
0.30 3.84 10.76 1.00 0.00
0.30 3.84 10.94 1.00 0.00
0.30 3.84 11.11 1.00 0.00
0.30 3.84 11.29 1.00 0.00
0.30 3.84 11.46 1.00 0.00
0.30 3.84 11.63 1.00 0.00
0.30 3.84 11.81 1.00 0.00
0.30 3.84 11.98 1.00 0.00
0.30 3.84 12.16 1.00 0.00
0.30 3.84 12.33 1.00 0.00
0.30 3.84 12.51 1.00 0.00
0.30 3.84 12.68 1.00 0.00
0.30 3.84 12.86 1.00 0.00
0.30 3.84 13.03 1.00 0.00
0.30 3.84 13.21 1.00 0.00
0.30 3.84 13.38 1.00 0.00
0.50 3.84 10.41 1.00 0.00
0.50 3.84 10.58 1.00 0.00
0.50 3.84 10.76 1.00 0.00
0.50 3.84 10.93 1.00 0.00
0.50 3.84 11.11 1.00 0.00
0.50 3.84 11.28 1.00 0.00
0.50 3.84 11.45 1.00 0.00
0.50 3.84 11.63 1.00 0.00
0.50 3.84 11.80 1.00 0.00
0.50 3.84 11.98 1.00 0.00
0.50 3.84 12.15 1.00 0.00
0.50 3.84 12.33 1.00 0.00
0.50 3.84 12.50 1.00 0.00
0.50 3.84 12.68 1.00 0.00
0.50 3.84 12.85 1.00 0.00
0.50 3.84 13.02 1.00 0.00
0.50 3.84 13.20 1.00 0.00
0.50 3.84 13.37 1.00 0.00
0.70 3.84 10.40 1.00 0.00
0.70 3.84 10.58 1.00 0.00
0.70 3.84 10.75 1.00 0.00
0.70 3.84 10.93 1.00 0.00
0.70 3.84 11.10 1.00 0.00
0.70 3.84 11.27 1.00 0.00
0.70 3.84 11.45 1.00 0.00
0.70 3.84 11.62 1.00 0.00
0.70 3.84 11.80 1.00 0.00
0.70 3.84 11.97 1.00 0.00
0.70 3.84 12.15 1.00 0.00
0.70 3.84 12.32 1.00 0.00
0.70 3.84 12.50 1.00 0.00
0.70 3.84 12.67 1.00 0.00
0.70 3.84 12.85 1.00 0.00
0.70 3.84 13.02 1.00 0.00
0.70 3.84 13.19 1.00 0.00
0.70 3.84 13.37 1.00 0.00
0.90 3.84 10.40 1.00 0.00
0.90 3.84 10.57 1.00 0.00
0.90 3.84 10.75 1.00 0.00
0.90 3.84 10.92 1.00 0.00
0.90 3.84 11.10 1.00 0.00
0.90 3.84 11.27 1.00 0.00
0.90 3.84 11.44 1.00 0.00
0.90 3.84 11.62 1.00 0.00
0.90 3.84 11.79 1.00 0.00
0.90 3.84 11.97 1.00 0.00
0.90 3.84 12.14 1.00 0.00
0.90 3.84 12.32 1.00 0.00
0.90 3.84 12.49 1.00 0.00
0.90 3.84 12.67 1.00 0.00
0.90 3.84 12.84 1.00 0.00
0.90 3.84 13.01 1.00 0.00
0.90 3.84 13.19 1.00 0.00
0.90 3.84 13.36 1.00 0.00
1.10 3.84 10.39 1.00 0.00
1.10 3.84 10.57 1.00 0.00
1.10 3.84 10.74 1.00 0.00
1.10 3.84 10.92 1.00 0.00
1.10 3.84 11.09 1.00 0.00
1.10 3.84 11.27 1.00 0.00
1.10 3.84 11.44 1.00 0.00
1.10 3.84 11.61 1.00 0.00
1.10 3.84 11.79 1.00 0.00
1.10 3.84 11.96 1.00 0.00
1.10 3.84 12.14 1.00 0.00
1.10 3.84 12.31 1.00 0.00
1.10 3.84 12.49 1.00 0.00
1.10 3.84 12.66 1.00 0.00
1.10 3.84 12.84 1.00 0.00
1.10 3.84 13.01 1.00 0.00
1.10 3.84 13.19 1.00 0.00
1.10 3.84 13.36 1.00 0.00
0.30 4.01 10.40 1.00 0.00
0.30 4.01 10.57 1.00 0.00
0.30 4.01 10.75 1.00 0.00
0.30 4.01 10.92 1.00 0.00
0.30 4.01 11.10 1.00 0.00
0.30 4.01 11.27 1.00 0.00
0.30 4.01 11.45 1.00 0.00
0.30 4.01 11.62 1.00 0.00
0.30 4.01 11.80 1.00 0.00
0.30 4.01 11.97 1.00 0.00
0.30 4.01 12.14 1.00 0.00
0.30 4.01 12.32 1.00 0.00
0.30 4.01 12.49 1.00 0.00
0.30 4.01 12.67 1.00 0.00
0.30 4.01 12.84 1.00 0.00
0.30 4.01 13.02 1.00 0.00
0.30 4.01 13.19 1.00 0.00
0.30 4.01 13.37 1.00 0.00
0.50 4.01 10.39 1.00 0.00
0.50 4.01 10.56 1.00 0.00
0.50 4.01 10.73 1.00 0.00
0.50 4.01 10.91 1.00 0.00
0.50 4.01 11.08 1.00 0.00
0.50 4.01 11.26 1.00 0.00
0.50 4.01 11.43 1.00 0.00
0.50 4.01 11.61 1.00 0.00
0.50 4.01 11.78 1.00 0.00
0.50 4.01 11.96 1.00 0.00
0.50 4.01 12.13 1.00 0.00
0.50 4.01 12.31 1.00 0.00
0.50 4.01 12.48 1.00 0.00
0.50 4.01 12.65 1.00 0.00
0.50 4.01 12.83 1.00 0.00
0.50 4.01 13.00 1.00 0.00
0.50 4.01 13.18 1.00 0.00
0.50 4.01 13.35 1.00 0.00
0.70 4.01 10.37 1.00 0.00
0.70 4.01 10.55 1.00 0.00
0.70 4.01 10.72 1.00 0.00
0.70 4.01 10.90 1.00 0.00
0.70 4.01 11.07 1.00 0.00
0.70 4.01 11.25 1.00 0.00
0.70 4.01 11.42 1.00 0.00
0.70 4.01 11.59 1.00 0.00
0.70 4.01 11.77 1.00 0.00
0.70 4.01 11.94 1.00 0.00
0.70 4.01 12.12 1.00 0.00
0.70 4.01 12.29 1.00 0.00
0.70 4.01 12.47 1.00 0.00
0.70 4.01 12.64 1.00 0.00
0.70 4.01 12.82 1.00 0.00
0.70 4.01 12.99 1.00 0.00
0.70 4.01 13.17 1.00 0.00
0.70 4.01 13.34 1.00 0.00
0.90 4.01 10.36 1.00 0.00
0.90 4.01 10.54 1.00 0.00
0.90 4.01 10.71 1.00 0.00
0.90 4.01 10.89 1.00 0.00
0.90 4.01 11.06 1.00 0.00
0.90 4.01 11.23 1.00 0.00
0.90 4.01 11.41 1.00 0.00
0.90 4.01 11.58 1.00 0.00
0.90 4.01 11.76 1.00 0.00
0.90 4.01 11.93 1.00 0.00
0.90 4.01 12.11 1.00 0.00
0.90 4.01 12.28 1.00 0.00
0.90 4.01 12.46 1.00 0.00
0.90 4.01 12.63 1.00 0.00
0.90 4.01 12.80 1.00 0.00
0.90 4.01 12.98 1.00 0.00
0.90 4.01 13.15 1.00 0.00
0.90 4.01 13.33 1.00 0.00
1.10 4.01 10.35 1.00 0.00
1.10 4.01 10.53 1.00 0.00
1.10 4.01 10.70 1.00 0.00
1.10 4.01 10.87 1.00 0.00
1.10 4.01 11.05 1.00 0.00
1.10 4.01 11.22 1.00 0.00
1.10 4.01 11.40 1.00 0.00
1.10 4.01 11.57 1.00 0.00
1.10 4.01 11.75 1.00 0.00
1.10 4.01 11.92 1.00 0.00
1.10 4.01 12.10 1.00 0.00
1.10 4.01 12.27 1.00 0.00
1.10 4.01 12.45 1.00 0.00
1.10 4.01 12.62 1.00 0.00
1.10 4.01 12.79 1.00 0.00
1.10 4.01 12.97 1.00 0.00
1.10 4.01 13.14 1.00 0.00
1.10 4.01 13.32 1.00 0.00
0.30 4.19 10.39 1.00 0.00
0.30 4.19 10.56 1.00 0.00
0.30 4.19 10.74 1.00 0.00
0.30 4.19 10.91 1.00 0.00
0.30 4.19 11.08 1.00 0.00
0.30 4.19 11.26 1.00 0.00
0.30 4.19 11.43 1.00 0.00
0.30 4.19 11.61 1.00 0.00
0.30 4.19 11.78 1.00 0.00
0.30 4.19 11.96 1.00 0.00
0.30 4.19 12.13 1.00 0.00
0.30 4.19 12.31 1.00 0.00
0.30 4.19 12.48 1.00 0.00
0.30 4.19 12.66 1.00 0.00
0.30 4.19 12.83 1.00 0.00
0.30 4.19 13.00 1.00 0.00
0.30 4.19 13.18 1.00 0.00
0.30 4.19 13.35 1.00 0.00
0.50 4.19 10.36 1.00 0.00
0.50 4.19 10.54 1.00 0.00
0.50 4.19 10.71 1.00 0.00
0.50 4.19 10.89 1.00 0.00
0.50 4.19 11.06 1.00 0.00
0.50 4.19 11.24 1.00 0.00
0.50 4.19 11.41 1.00 0.00
0.50 4.19 11.59 1.00 0.00
0.50 4.19 11.76 1.00 0.00
0.50 4.19 11.94 1.00 0.00
0.50 4.19 12.11 1.00 0.00
0.50 4.19 12.28 1.00 0.00
0.50 4.19 12.46 1.00 0.00
0.50 4.19 12.63 1.00 0.00
0.50 4.19 12.81 1.00 0.00
0.50 4.19 12.98 1.00 0.00
0.50 4.19 13.16 1.00 0.00
0.50 4.19 13.33 1.00 0.00
0.70 4.19 10.34 1.00 0.00
0.70 4.19 10.52 1.00 0.00
0.70 4.19 10.69 1.00 0.00
0.70 4.19 10.87 1.00 0.00
0.70 4.19 11.04 1.00 0.00
0.70 4.19 11.22 1.00 0.00
0.70 4.19 11.39 1.00 0.00
0.70 4.19 11.57 1.00 0.00
0.70 4.19 11.74 1.00 0.00
0.70 4.19 11.92 1.00 0.00
0.70 4.19 12.09 1.00 0.00
0.70 4.19 12.26 1.00 0.00
0.70 4.19 12.44 1.00 0.00
0.70 4.19 12.61 1.00 0.00
0.70 4.19 12.79 1.00 0.00
0.70 4.19 12.96 1.00 0.00
0.70 4.19 13.14 1.00 0.00
0.70 4.19 13.31 1.00 0.00
0.90 4.19 10.33 1.00 0.00
0.90 4.19 10.50 1.00 0.00
0.90 4.19 10.68 1.00 0.00
0.90 4.19 10.85 1.00 0.00
0.90 4.19 11.03 1.00 0.00
0.90 4.19 11.20 1.00 0.00
0.90 4.19 11.37 1.00 0.00
0.90 4.19 11.55 1.00 0.00
0.90 4.19 11.72 1.00 0.00
0.90 4.19 11.90 1.00 0.00
0.90 4.19 12.07 1.00 0.00
0.90 4.19 12.25 1.00 0.00
0.90 4.19 12.42 1.00 0.00
0.90 4.19 12.60 1.00 0.00
0.90 4.19 12.77 1.00 0.00
0.90 4.19 12.94 1.00 0.00
0.90 4.19 13.12 1.00 0.00
0.90 4.19 13.29 1.00 0.00
1.10 4.19 10.31 1.00 0.00
1.10 4.19 10.48 1.00 0.00
1.10 4.19 10.66 1.00 0.00
1.10 4.19 10.83 1.00 0.00
1.10 4.19 11.01 1.00 0.00
1.10 4.19 11.18 1.00 0.00
1.10 4.19 11.36 1.00 0.00
1.10 4.19 11.53 1.00 0.00
1.10 4.19 11.71 1.00 0.00
1.10 4.19 11.88 1.00 0.00
1.10 4.19 12.06 1.00 0.00
1.10 4.19 12.23 1.00 0.00
1.10 4.19 12.40 1.00 0.00
1.10 4.19 12.58 1.00 0.00
1.10 4.19 12.75 1.00 0.00
1.10 4.19 12.93 1.00 0.00
1.10 4.19 13.10 1.00 0.00
1.10 4.19 13.28 1.00 0.00
0.30 4.36 10.37 1.00 0.00
0.30 4.36 10.55 1.00 0.00
0.30 4.36 10.72 1.00 0.00
0.30 4.36 10.90 1.00 0.00
0.30 4.36 11.07 1.00 0.00
0.30 4.36 11.25 1.00 0.00
0.30 4.36 11.42 1.00 0.00
0.30 4.36 11.60 1.00 0.00
0.30 4.36 11.77 1.00 0.00
0.30 4.36 11.94 1.00 0.00
0.30 4.36 12.12 1.00 0.00
0.30 4.36 12.29 1.00 0.00
0.30 4.36 12.47 1.00 0.00
0.30 4.36 12.64 1.00 0.00
0.30 4.36 12.82 1.00 0.00
0.30 4.36 12.99 1.00 0.00
0.30 4.36 13.17 1.00 0.00
0.30 4.36 13.34 1.00 0.00
0.50 4.36 10.34 1.00 0.00
0.50 4.36 10.52 1.00 0.00
0.50 4.36 10.69 1.00 0.00
0.50 4.36 10.87 1.00 0.00
0.50 4.36 11.04 1.00 0.00
0.50 4.36 11.22 1.00 0.00
0.50 4.36 11.39 1.00 0.00
0.50 4.36 11.57 1.00 0.00
0.50 4.36 11.74 1.00 0.00
0.50 4.36 11.92 1.00 0.00
0.50 4.36 12.09 1.00 0.00
0.50 4.36 12.26 1.00 0.00
0.50 4.36 12.44 1.00 0.00
0.50 4.36 12.61 1.00 0.00
0.50 4.36 12.79 1.00 0.00
0.50 4.36 12.96 1.00 0.00
0.50 4.36 13.14 1.00 0.00
0.50 4.36 13.31 1.00 0.00
0.70 4.36 10.32 1.00 0.00
0.70 4.36 10.49 1.00 0.00
0.70 4.36 10.67 1.00 0.00
0.70 4.36 10.84 1.00 0.00
0.70 4.36 11.02 1.00 0.00
0.70 4.36 11.19 1.00 0.00
0.70 4.36 11.37 1.00 0.00
0.70 4.36 11.54 1.00 0.00
0.70 4.36 11.71 1.00 0.00
0.70 4.36 11.89 1.00 0.00
0.70 4.36 12.06 1.00 0.00
0.70 4.36 12.24 1.00 0.00
0.70 4.36 12.41 1.00 0.00
0.70 4.36 12.59 1.00 0.00
0.70 4.36 12.76 1.00 0.00
0.70 4.36 12.94 1.00 0.00
0.70 4.36 13.11 1.00 0.00
0.70 4.36 13.29 1.00 0.00
0.90 4.36 10.29 1.00 0.00
0.90 4.36 10.47 1.00 0.00
0.90 4.36 10.64 1.00 0.00
0.90 4.36 10.82 1.00 0.00
0.90 4.36 10.99 1.00 0.00
0.90 4.36 11.17 1.00 0.00
0.90 4.36 11.34 1.00 0.00
0.90 4.36 11.52 1.00 0.00
0.90 4.36 11.69 1.00 0.00
0.90 4.36 11.86 1.00 0.00
0.90 4.36 12.04 1.00 0.00
0.90 4.36 12.21 1.00 0.00
0.90 4.36 12.39 1.00 0.00
0.90 4.36 12.56 1.00 0.00
0.90 4.36 12.74 1.00 0.00
0.90 4.36 12.91 1.00 0.00
0.90 4.36 13.09 1.00 0.00
0.90 4.36 13.26 1.00 0.00
1.10 4.36 10.27 1.00 0.00
1.10 4.36 10.45 1.00 0.00
1.10 4.36 10.62 1.00 0.00
1.10 4.36 10.79 1.00 0.00
1.10 4.36 10.97 1.00 0.00
1.10 4.36 11.14 1.00 0.00
1.10 4.36 11.32 1.00 0.00
1.10 4.36 11.49 1.00 0.00
1.10 4.36 11.67 1.00 0.00
1.10 4.36 11.84 1.00 0.00
1.10 4.36 12.02 1.00 0.00
1.10 4.36 12.19 1.00 0.00
1.10 4.36 12.37 1.00 0.00
1.10 4.36 12.54 1.00 0.00
1.10 4.36 12.71 1.00 0.00
1.10 4.36 12.89 1.00 0.00
1.10 4.36 13.06 1.00 0.00
1.10 4.36 13.24 1.00 0.00
0.30 4.54 10.36 1.00 0.00
0.30 4.54 10.54 1.00 0.00
0.30 4.54 10.71 1.00 0.00
0.30 4.54 10.89 1.00 0.00
0.30 4.54 11.06 1.00 0.00
0.30 4.54 11.24 1.00 0.00
0.30 4.54 11.41 1.00 0.00
0.30 4.54 11.58 1.00 0.00
0.30 4.54 11.76 1.00 0.00
0.30 4.54 11.93 1.00 0.00
0.30 4.54 12.11 1.00 0.00
0.30 4.54 12.28 1.00 0.00
0.30 4.54 12.46 1.00 0.00
0.30 4.54 12.63 1.00 0.00
0.30 4.54 12.81 1.00 0.00
0.30 4.54 12.98 1.00 0.00
0.30 4.54 13.16 1.00 0.00
0.30 4.54 13.33 1.00 0.00
0.50 4.54 10.33 1.00 0.00
0.50 4.54 10.50 1.00 0.00
0.50 4.54 10.68 1.00 0.00
0.50 4.54 10.85 1.00 0.00
0.50 4.54 11.03 1.00 0.00
0.50 4.54 11.20 1.00 0.00
0.50 4.54 11.37 1.00 0.00
0.50 4.54 11.55 1.00 0.00
0.50 4.54 11.72 1.00 0.00
0.50 4.54 11.90 1.00 0.00
0.50 4.54 12.07 1.00 0.00
0.50 4.54 12.25 1.00 0.00
0.50 4.54 12.42 1.00 0.00
0.50 4.54 12.60 1.00 0.00
0.50 4.54 12.77 1.00 0.00
0.50 4.54 12.94 1.00 0.00
0.50 4.54 13.12 1.00 0.00
0.50 4.54 13.29 1.00 0.00
0.70 4.54 10.29 1.00 0.00
0.70 4.54 10.47 1.00 0.00
0.70 4.54 10.64 1.00 0.00
0.70 4.54 10.82 1.00 0.00
0.70 4.54 10.99 1.00 0.00
0.70 4.54 11.17 1.00 0.00
0.70 4.54 11.34 1.00 0.00
0.70 4.54 11.52 1.00 0.00
0.70 4.54 11.69 1.00 0.00
0.70 4.54 11.86 1.00 0.00
0.70 4.54 12.04 1.00 0.00
0.70 4.54 12.21 1.00 0.00
0.70 4.54 12.39 1.00 0.00
0.70 4.54 12.56 1.00 0.00
0.70 4.54 12.74 1.00 0.00
0.70 4.54 12.91 1.00 0.00
0.70 4.54 13.09 1.00 0.00
0.70 4.54 13.26 1.00 0.00
0.90 4.54 10.26 1.00 0.00
0.90 4.54 10.44 1.00 0.00
0.90 4.54 10.61 1.00 0.00
0.90 4.54 10.79 1.00 0.00
0.90 4.54 10.96 1.00 0.00
0.90 4.54 11.14 1.00 0.00
0.90 4.54 11.31 1.00 0.00
0.90 4.54 11.48 1.00 0.00
0.90 4.54 11.66 1.00 0.00
0.90 4.54 11.83 1.00 0.00
0.90 4.54 12.01 1.00 0.00
0.90 4.54 12.18 1.00 0.00
0.90 4.54 12.36 1.00 0.00
0.90 4.54 12.53 1.00 0.00
0.90 4.54 12.71 1.00 0.00
0.90 4.54 12.88 1.00 0.00
0.90 4.54 13.06 1.00 0.00
0.90 4.54 13.23 1.00 0.00
1.10 4.54 10.23 1.00 0.00
1.10 4.54 10.41 1.00 0.00
1.10 4.54 10.58 1.00 0.00
1.10 4.54 10.76 1.00 0.00
1.10 4.54 10.93 1.00 0.00
1.10 4.54 11.11 1.00 0.00
1.10 4.54 11.28 1.00 0.00
1.10 4.54 11.46 1.00 0.00
1.10 4.54 11.63 1.00 0.00
1.10 4.54 11.80 1.00 0.00
1.10 4.54 11.98 1.00 0.00
1.10 4.54 12.15 1.00 0.00
1.10 4.54 12.33 1.00 0.00
1.10 4.54 12.50 1.00 0.00
1.10 4.54 12.68 1.00 0.00
1.10 4.54 12.85 1.00 0.00
1.10 4.54 13.03 1.00 0.00
1.10 4.54 13.20 1.00 0.00
0.30 4.71 10.35 1.00 0.00
0.30 4.71 10.53 1.00 0.00
0.30 4.71 10.70 1.00 0.00
0.30 4.71 10.88 1.00 0.00
0.30 4.71 11.05 1.00 0.00
0.30 4.71 11.23 1.00 0.00
0.30 4.71 11.40 1.00 0.00
0.30 4.71 11.58 1.00 0.00
0.30 4.71 11.75 1.00 0.00
0.30 4.71 11.92 1.00 0.00
0.30 4.71 12.10 1.00 0.00
0.30 4.71 12.27 1.00 0.00
0.30 4.71 12.45 1.00 0.00
0.30 4.71 12.62 1.00 0.00
0.30 4.71 12.80 1.00 0.00
0.30 4.71 12.97 1.00 0.00
0.30 4.71 13.15 1.00 0.00
0.30 4.71 13.32 1.00 0.00
0.50 4.71 10.31 1.00 0.00
0.50 4.71 10.49 1.00 0.00
0.50 4.71 10.66 1.00 0.00
0.50 4.71 10.83 1.00 0.00
0.50 4.71 11.01 1.00 0.00
0.50 4.71 11.18 1.00 0.00
0.50 4.71 11.36 1.00 0.00
0.50 4.71 11.53 1.00 0.00
0.50 4.71 11.71 1.00 0.00
0.50 4.71 11.88 1.00 0.00
0.50 4.71 12.06 1.00 0.00
0.50 4.71 12.23 1.00 0.00
0.50 4.71 12.41 1.00 0.00
0.50 4.71 12.58 1.00 0.00
0.50 4.71 12.75 1.00 0.00
0.50 4.71 12.93 1.00 0.00
0.50 4.71 13.10 1.00 0.00
0.50 4.71 13.28 1.00 0.00
0.70 4.71 10.27 1.00 0.00
0.70 4.71 10.45 1.00 0.00
0.70 4.71 10.62 1.00 0.00
0.70 4.71 10.79 1.00 0.00
0.70 4.71 10.97 1.00 0.00
0.70 4.71 11.14 1.00 0.00
0.70 4.71 11.32 1.00 0.00
0.70 4.71 11.49 1.00 0.00
0.70 4.71 11.67 1.00 0.00
0.70 4.71 11.84 1.00 0.00
0.70 4.71 12.02 1.00 0.00
0.70 4.71 12.19 1.00 0.00
0.70 4.71 12.37 1.00 0.00
0.70 4.71 12.54 1.00 0.00
0.70 4.71 12.71 1.00 0.00
0.70 4.71 12.89 1.00 0.00
0.70 4.71 13.06 1.00 0.00
0.70 4.71 13.24 1.00 0.00
0.90 4.71 10.23 1.00 0.00
0.90 4.71 10.41 1.00 0.00
0.90 4.71 10.58 1.00 0.00
0.90 4.71 10.76 1.00 0.00
0.90 4.71 10.93 1.00 0.00
0.90 4.71 11.11 1.00 0.00
0.90 4.71 11.28 1.00 0.00
0.90 4.71 11.46 1.00 0.00
0.90 4.71 11.63 1.00 0.00
0.90 4.71 11.80 1.00 0.00
0.90 4.71 11.98 1.00 0.00
0.90 4.71 12.15 1.00 0.00
0.90 4.71 12.33 1.00 0.00
0.90 4.71 12.50 1.00 0.00
0.90 4.71 12.68 1.00 0.00
0.90 4.71 12.85 1.00 0.00
0.90 4.71 13.03 1.00 0.00
0.90 4.71 13.20 1.00 0.00
1.10 4.71 10.20 1.00 0.00
1.10 4.71 10.37 1.00 0.00
1.10 4.71 10.55 1.00 0.00
1.10 4.71 10.72 1.00 0.00
1.10 4.71 10.90 1.00 0.00
1.10 4.71 11.07 1.00 0.00
1.10 4.71 11.25 1.00 0.00
1.10 4.71 11.42 1.00 0.00
1.10 4.71 11.60 1.00 0.00
1.10 4.71 11.77 1.00 0.00
1.10 4.71 11.94 1.00 0.00
1.10 4.71 12.12 1.00 0.00
1.10 4.71 12.29 1.00 0.00
1.10 4.71 12.47 1.00 0.00
1.10 4.71 12.64 1.00 0.00
1.10 4.71 12.82 1.00 0.00
1.10 4.71 12.99 1.00 0.00
1.10 4.71 13.17 1.00 0.00
0.30 4.89 10.35 1.00 0.00
0.30 4.89 10.52 1.00 0.00
0.30 4.89 10.69 1.00 0.00
0.30 4.89 10.87 1.00 0.00
0.30 4.89 11.04 1.00 0.00
0.30 4.89 11.22 1.00 0.00
0.30 4.89 11.39 1.00 0.00
0.30 4.89 11.57 1.00 0.00
0.30 4.89 11.74 1.00 0.00
0.30 4.89 11.92 1.00 0.00
0.30 4.89 12.09 1.00 0.00
0.30 4.89 12.27 1.00 0.00
0.30 4.89 12.44 1.00 0.00
0.30 4.89 12.61 1.00 0.00
0.30 4.89 12.79 1.00 0.00
0.30 4.89 12.96 1.00 0.00
0.30 4.89 13.14 1.00 0.00
0.30 4.89 13.31 1.00 0.00
0.50 4.89 10.30 1.00 0.00
0.50 4.89 10.47 1.00 0.00
0.50 4.89 10.65 1.00 0.00
0.50 4.89 10.82 1.00 0.00
0.50 4.89 11.00 1.00 0.00
0.50 4.89 11.17 1.00 0.00
0.50 4.89 11.34 1.00 0.00
0.50 4.89 11.52 1.00 0.00
0.50 4.89 11.69 1.00 0.00
0.50 4.89 11.87 1.00 0.00
0.50 4.89 12.04 1.00 0.00
0.50 4.89 12.22 1.00 0.00
0.50 4.89 12.39 1.00 0.00
0.50 4.89 12.57 1.00 0.00
0.50 4.89 12.74 1.00 0.00
0.50 4.89 12.92 1.00 0.00
0.50 4.89 13.09 1.00 0.00
0.50 4.89 13.26 1.00 0.00
0.70 4.89 10.25 1.00 0.00
0.70 4.89 10.43 1.00 0.00
0.70 4.89 10.60 1.00 0.00
0.70 4.89 10.78 1.00 0.00
0.70 4.89 10.95 1.00 0.00
0.70 4.89 11.12 1.00 0.00
0.70 4.89 11.30 1.00 0.00
0.70 4.89 11.47 1.00 0.00
0.70 4.89 11.65 1.00 0.00
0.70 4.89 11.82 1.00 0.00
0.70 4.89 12.00 1.00 0.00
0.70 4.89 12.17 1.00 0.00
0.70 4.89 12.35 1.00 0.00
0.70 4.89 12.52 1.00 0.00
0.70 4.89 12.70 1.00 0.00
0.70 4.89 12.87 1.00 0.00
0.70 4.89 13.04 1.00 0.00
0.70 4.89 13.22 1.00 0.00
0.90 4.89 10.21 1.00 0.00
0.90 4.89 10.38 1.00 0.00
0.90 4.89 10.56 1.00 0.00
0.90 4.89 10.73 1.00 0.00
0.90 4.89 10.91 1.00 0.00
0.90 4.89 11.08 1.00 0.00
0.90 4.89 11.26 1.00 0.00
0.90 4.89 11.43 1.00 0.00
0.90 4.89 11.61 1.00 0.00
0.90 4.89 11.78 1.00 0.00
0.90 4.89 11.95 1.00 0.00
0.90 4.89 12.13 1.00 0.00
0.90 4.89 12.30 1.00 0.00
0.90 4.89 12.48 1.00 0.00
0.90 4.89 12.65 1.00 0.00
0.90 4.89 12.83 1.00 0.00
0.90 4.89 13.00 1.00 0.00
0.90 4.89 13.18 1.00 0.00
1.10 4.89 10.17 1.00 0.00
1.10 4.89 10.34 1.00 0.00
1.10 4.89 10.52 1.00 0.00
1.10 4.89 10.69 1.00 0.00
1.10 4.89 10.87 1.00 0.00
1.10 4.89 11.04 1.00 0.00
1.10 4.89 11.22 1.00 0.00
1.10 4.89 11.39 1.00 0.00
1.10 4.89 11.56 1.00 0.00
1.10 4.89 11.74 1.00 0.00
1.10 4.89 11.91 1.00 0.00
1.10 4.89 12.09 1.00 0.00
1.10 4.89 12.26 1.00 0.00
1.10 4.89 12.44 1.00 0.00
1.10 4.89 12.61 1.00 0.00
1.10 4.89 12.79 1.00 0.00
1.10 4.89 12.96 1.00 0.00
1.10 4.89 13.14 1.00 0.00
0.30 5.06 10.34 1.00 0.00
0.30 5.06 10.51 1.00 0.00
0.30 5.06 10.69 1.00 0.00
0.30 5.06 10.86 1.00 0.00
0.30 5.06 11.04 1.00 0.00
0.30 5.06 11.21 1.00 0.00
0.30 5.06 11.39 1.00 0.00
0.30 5.06 11.56 1.00 0.00
0.30 5.06 11.74 1.00 0.00
0.30 5.06 11.91 1.00 0.00
0.30 5.06 12.09 1.00 0.00
0.30 5.06 12.26 1.00 0.00
0.30 5.06 12.43 1.00 0.00
0.30 5.06 12.61 1.00 0.00
0.30 5.06 12.78 1.00 0.00
0.30 5.06 12.96 1.00 0.00
0.30 5.06 13.13 1.00 0.00
0.30 5.06 13.31 1.00 0.00
0.50 5.06 10.29 1.00 0.00
0.50 5.06 10.46 1.00 0.00
0.50 5.06 10.64 1.00 0.00
0.50 5.06 10.81 1.00 0.00
0.50 5.06 10.99 1.00 0.00
0.50 5.06 11.16 1.00 0.00
0.50 5.06 11.33 1.00 0.00
0.50 5.06 11.51 1.00 0.00
0.50 5.06 11.68 1.00 0.00
0.50 5.06 11.86 1.00 0.00
0.50 5.06 12.03 1.00 0.00
0.50 5.06 12.21 1.00 0.00
0.50 5.06 12.38 1.00 0.00
0.50 5.06 12.56 1.00 0.00
0.50 5.06 12.73 1.00 0.00
0.50 5.06 12.91 1.00 0.00
0.50 5.06 13.08 1.00 0.00
0.50 5.06 13.25 1.00 0.00
0.70 5.06 10.24 1.00 0.00
0.70 5.06 10.41 1.00 0.00
0.70 5.06 10.59 1.00 0.00
0.70 5.06 10.76 1.00 0.00
0.70 5.06 10.94 1.00 0.00
0.70 5.06 11.11 1.00 0.00
0.70 5.06 11.28 1.00 0.00
0.70 5.06 11.46 1.00 0.00
0.70 5.06 11.63 1.00 0.00
0.70 5.06 11.81 1.00 0.00
0.70 5.06 11.98 1.00 0.00
0.70 5.06 12.16 1.00 0.00
0.70 5.06 12.33 1.00 0.00
0.70 5.06 12.51 1.00 0.00
0.70 5.06 12.68 1.00 0.00
0.70 5.06 12.85 1.00 0.00
0.70 5.06 13.03 1.00 0.00
0.70 5.06 13.20 1.00 0.00
0.90 5.06 10.19 1.00 0.00
0.90 5.06 10.36 1.00 0.00
0.90 5.06 10.54 1.00 0.00
0.90 5.06 10.71 1.00 0.00
0.90 5.06 10.89 1.00 0.00
0.90 5.06 11.06 1.00 0.00
0.90 5.06 11.24 1.00 0.00
0.90 5.06 11.41 1.00 0.00
0.90 5.06 11.58 1.00 0.00
0.90 5.06 11.76 1.00 0.00
0.90 5.06 11.93 1.00 0.00
0.90 5.06 12.11 1.00 0.00
0.90 5.06 12.28 1.00 0.00
0.90 5.06 12.46 1.00 0.00
0.90 5.06 12.63 1.00 0.00
0.90 5.06 12.81 1.00 0.00
0.90 5.06 12.98 1.00 0.00
0.90 5.06 13.16 1.00 0.00
1.10 5.06 10.14 1.00 0.00
1.10 5.06 10.32 1.00 0.00
1.10 5.06 10.49 1.00 0.00
1.10 5.06 10.67 1.00 0.00
1.10 5.06 10.84 1.00 0.00
1.10 5.06 11.01 1.00 0.00
1.10 5.06 11.19 1.00 0.00
1.10 5.06 11.36 1.00 0.00
1.10 5.06 11.54 1.00 0.00
1.10 5.06 11.71 1.00 0.00
1.10 5.06 11.89 1.00 0.00
1.10 5.06 12.06 1.00 0.00
1.10 5.06 12.24 1.00 0.00
1.10 5.06 12.41 1.00 0.00
1.10 5.06 12.59 1.00 0.00
1.10 5.06 12.76 1.00 0.00
1.10 5.06 12.93 1.00 0.00
1.10 5.06 13.11 1.00 0.00
0.30 5.24 10.34 1.00 0.00
0.30 5.24 10.51 1.00 0.00
0.30 5.24 10.69 1.00 0.00
0.30 5.24 10.86 1.00 0.00
0.30 5.24 11.04 1.00 0.00
0.30 5.24 11.21 1.00 0.00
0.30 5.24 11.38 1.00 0.00
0.30 5.24 11.56 1.00 0.00
0.30 5.24 11.73 1.00 0.00
0.30 5.24 11.91 1.00 0.00
0.30 5.24 12.08 1.00 0.00
0.30 5.24 12.26 1.00 0.00
0.30 5.24 12.43 1.00 0.00
0.30 5.24 12.61 1.00 0.00
0.30 5.24 12.78 1.00 0.00
0.30 5.24 12.96 1.00 0.00
0.30 5.24 13.13 1.00 0.00
0.30 5.24 13.30 1.00 0.00
0.50 5.24 10.28 1.00 0.00
0.50 5.24 10.46 1.00 0.00
0.50 5.24 10.63 1.00 0.00
0.50 5.24 10.80 1.00 0.00
0.50 5.24 10.98 1.00 0.00
0.50 5.24 11.15 1.00 0.00
0.50 5.24 11.33 1.00 0.00
0.50 5.24 11.50 1.00 0.00
0.50 5.24 11.68 1.00 0.00
0.50 5.24 11.85 1.00 0.00
0.50 5.24 12.03 1.00 0.00
0.50 5.24 12.20 1.00 0.00
0.50 5.24 12.38 1.00 0.00
0.50 5.24 12.55 1.00 0.00
0.50 5.24 12.72 1.00 0.00
0.50 5.24 12.90 1.00 0.00
0.50 5.24 13.07 1.00 0.00
0.50 5.24 13.25 1.00 0.00
0.70 5.24 10.23 1.00 0.00
0.70 5.24 10.40 1.00 0.00
0.70 5.24 10.58 1.00 0.00
0.70 5.24 10.75 1.00 0.00
0.70 5.24 10.92 1.00 0.00
0.70 5.24 11.10 1.00 0.00
0.70 5.24 11.27 1.00 0.00
0.70 5.24 11.45 1.00 0.00
0.70 5.24 11.62 1.00 0.00
0.70 5.24 11.80 1.00 0.00
0.70 5.24 11.97 1.00 0.00
0.70 5.24 12.15 1.00 0.00
0.70 5.24 12.32 1.00 0.00
0.70 5.24 12.50 1.00 0.00
0.70 5.24 12.67 1.00 0.00
0.70 5.24 12.84 1.00 0.00
0.70 5.24 13.02 1.00 0.00
0.70 5.24 13.19 1.00 0.00
0.90 5.24 10.17 1.00 0.00
0.90 5.24 10.35 1.00 0.00
0.90 5.24 10.52 1.00 0.00
0.90 5.24 10.70 1.00 0.00
0.90 5.24 10.87 1.00 0.00
0.90 5.24 11.05 1.00 0.00
0.90 5.24 11.22 1.00 0.00
0.90 5.24 11.39 1.00 0.00
0.90 5.24 11.57 1.00 0.00
0.90 5.24 11.74 1.00 0.00
0.90 5.24 11.92 1.00 0.00
0.90 5.24 12.09 1.00 0.00
0.90 5.24 12.27 1.00 0.00
0.90 5.24 12.44 1.00 0.00
0.90 5.24 12.62 1.00 0.00
0.90 5.24 12.79 1.00 0.00
0.90 5.24 12.97 1.00 0.00
0.90 5.24 13.14 1.00 0.00
1.10 5.24 10.12 1.00 0.00
1.10 5.24 10.30 1.00 0.00
1.10 5.24 10.47 1.00 0.00
1.10 5.24 10.64 1.00 0.00
1.10 5.24 10.82 1.00 0.00
1.10 5.24 10.99 1.00 0.00
1.10 5.24 11.17 1.00 0.00
1.10 5.24 11.34 1.00 0.00
1.10 5.24 11.52 1.00 0.00
1.10 5.24 11.69 1.00 0.00
1.10 5.24 11.87 1.00 0.00
1.10 5.24 12.04 1.00 0.00
1.10 5.24 12.22 1.00 0.00
1.10 5.24 12.39 1.00 0.00
1.10 5.24 12.56 1.00 0.00
1.10 5.24 12.74 1.00 0.00
1.10 5.24 12.91 1.00 0.00
1.10 5.24 13.09 1.00 0.00
0.30 5.41 10.34 1.00 0.00
0.30 5.41 10.51 1.00 0.00
0.30 5.41 10.69 1.00 0.00
0.30 5.41 10.86 1.00 0.00
0.30 5.41 11.03 1.00 0.00
0.30 5.41 11.21 1.00 0.00
0.30 5.41 11.38 1.00 0.00
0.30 5.41 11.56 1.00 0.00
0.30 5.41 11.73 1.00 0.00
0.30 5.41 11.91 1.00 0.00
0.30 5.41 12.08 1.00 0.00
0.30 5.41 12.26 1.00 0.00
0.30 5.41 12.43 1.00 0.00
0.30 5.41 12.61 1.00 0.00
0.30 5.41 12.78 1.00 0.00
0.30 5.41 12.95 1.00 0.00
0.30 5.41 13.13 1.00 0.00
0.30 5.41 13.30 1.00 0.00
0.50 5.41 10.28 1.00 0.00
0.50 5.41 10.45 1.00 0.00
0.50 5.41 10.63 1.00 0.00
0.50 5.41 10.80 1.00 0.00
0.50 5.41 10.98 1.00 0.00
0.50 5.41 11.15 1.00 0.00
0.50 5.41 11.33 1.00 0.00
0.50 5.41 11.50 1.00 0.00
0.50 5.41 11.67 1.00 0.00
0.50 5.41 11.85 1.00 0.00
0.50 5.41 12.02 1.00 0.00
0.50 5.41 12.20 1.00 0.00
0.50 5.41 12.37 1.00 0.00
0.50 5.41 12.55 1.00 0.00
0.50 5.41 12.72 1.00 0.00
0.50 5.41 12.90 1.00 0.00
0.50 5.41 13.07 1.00 0.00
0.50 5.41 13.25 1.00 0.00
0.70 5.41 10.22 1.00 0.00
0.70 5.41 10.40 1.00 0.00
0.70 5.41 10.57 1.00 0.00
0.70 5.41 10.74 1.00 0.00
0.70 5.41 10.92 1.00 0.00
0.70 5.41 11.09 1.00 0.00
0.70 5.41 11.27 1.00 0.00
0.70 5.41 11.44 1.00 0.00
0.70 5.41 11.62 1.00 0.00
0.70 5.41 11.79 1.00 0.00
0.70 5.41 11.97 1.00 0.00
0.70 5.41 12.14 1.00 0.00
0.70 5.41 12.31 1.00 0.00
0.70 5.41 12.49 1.00 0.00
0.70 5.41 12.66 1.00 0.00
0.70 5.41 12.84 1.00 0.00
0.70 5.41 13.01 1.00 0.00
0.70 5.41 13.19 1.00 0.00
0.90 5.41 10.16 1.00 0.00
0.90 5.41 10.34 1.00 0.00
0.90 5.41 10.51 1.00 0.00
0.90 5.41 10.69 1.00 0.00
0.90 5.41 10.86 1.00 0.00
0.90 5.41 11.04 1.00 0.00
0.90 5.41 11.21 1.00 0.00
0.90 5.41 11.38 1.00 0.00
0.90 5.41 11.56 1.00 0.00
0.90 5.41 11.73 1.00 0.00
0.90 5.41 11.91 1.00 0.00
0.90 5.41 12.08 1.00 0.00
0.90 5.41 12.26 1.00 0.00
0.90 5.41 12.43 1.00 0.00
0.90 5.41 12.61 1.00 0.00
0.90 5.41 12.78 1.00 0.00
0.90 5.41 12.96 1.00 0.00
0.90 5.41 13.13 1.00 0.00
1.10 5.41 10.11 1.00 0.00
1.10 5.41 10.28 1.00 0.00
1.10 5.41 10.46 1.00 0.00
1.10 5.41 10.63 1.00 0.00
1.10 5.41 10.80 1.00 0.00
1.10 5.41 10.98 1.00 0.00
1.10 5.41 11.15 1.00 0.00
1.10 5.41 11.33 1.00 0.00
1.10 5.41 11.50 1.00 0.00
1.10 5.41 11.68 1.00 0.00
1.10 5.41 11.85 1.00 0.00
1.10 5.41 12.03 1.00 0.00
1.10 5.41 12.20 1.00 0.00
1.10 5.41 12.38 1.00 0.00
1.10 5.41 12.55 1.00 0.00
1.10 5.41 12.72 1.00 0.00
1.10 5.41 12.90 1.00 0.00
1.10 5.41 13.07 1.00 0.00
0.30 5.59 10.34 1.00 0.00
0.30 5.59 10.51 1.00 0.00
0.30 5.59 10.69 1.00 0.00
0.30 5.59 10.86 1.00 0.00
0.30 5.59 11.04 1.00 0.00
0.30 5.59 11.21 1.00 0.00
0.30 5.59 11.39 1.00 0.00
0.30 5.59 11.56 1.00 0.00
0.30 5.59 11.73 1.00 0.00
0.30 5.59 11.91 1.00 0.00
0.30 5.59 12.08 1.00 0.00
0.30 5.59 12.26 1.00 0.00
0.30 5.59 12.43 1.00 0.00
0.30 5.59 12.61 1.00 0.00
0.30 5.59 12.78 1.00 0.00
0.30 5.59 12.96 1.00 0.00
0.30 5.59 13.13 1.00 0.00
0.30 5.59 13.31 1.00 0.00
0.50 5.59 10.28 1.00 0.00
0.50 5.59 10.45 1.00 0.00
0.50 5.59 10.63 1.00 0.00
0.50 5.59 10.80 1.00 0.00
0.50 5.59 10.98 1.00 0.00
0.50 5.59 11.15 1.00 0.00
0.50 5.59 11.33 1.00 0.00
0.50 5.59 11.50 1.00 0.00
0.50 5.59 11.68 1.00 0.00
0.50 5.59 11.85 1.00 0.00
0.50 5.59 12.03 1.00 0.00
0.50 5.59 12.20 1.00 0.00
0.50 5.59 12.37 1.00 0.00
0.50 5.59 12.55 1.00 0.00
0.50 5.59 12.72 1.00 0.00
0.50 5.59 12.90 1.00 0.00
0.50 5.59 13.07 1.00 0.00
0.50 5.59 13.25 1.00 0.00
0.70 5.59 10.22 1.00 0.00
0.70 5.59 10.40 1.00 0.00
0.70 5.59 10.57 1.00 0.00
0.70 5.59 10.74 1.00 0.00
0.70 5.59 10.92 1.00 0.00
0.70 5.59 11.09 1.00 0.00
0.70 5.59 11.27 1.00 0.00
0.70 5.59 11.44 1.00 0.00
0.70 5.59 11.62 1.00 0.00
0.70 5.59 11.79 1.00 0.00
0.70 5.59 11.97 1.00 0.00
0.70 5.59 12.14 1.00 0.00
0.70 5.59 12.32 1.00 0.00
0.70 5.59 12.49 1.00 0.00
0.70 5.59 12.66 1.00 0.00
0.70 5.59 12.84 1.00 0.00
0.70 5.59 13.01 1.00 0.00
0.70 5.59 13.19 1.00 0.00
0.90 5.59 10.16 1.00 0.00
0.90 5.59 10.34 1.00 0.00
0.90 5.59 10.51 1.00 0.00
0.90 5.59 10.68 1.00 0.00
0.90 5.59 10.86 1.00 0.00
0.90 5.59 11.03 1.00 0.00
0.90 5.59 11.21 1.00 0.00
0.90 5.59 11.38 1.00 0.00
0.90 5.59 11.56 1.00 0.00
0.90 5.59 11.73 1.00 0.00
0.90 5.59 11.91 1.00 0.00
0.90 5.59 12.08 1.00 0.00
0.90 5.59 12.26 1.00 0.00
0.90 5.59 12.43 1.00 0.00
0.90 5.59 12.60 1.00 0.00
0.90 5.59 12.78 1.00 0.00
0.90 5.59 12.95 1.00 0.00
0.90 5.59 13.13 1.00 0.00
1.10 5.59 10.10 1.00 0.00
1.10 5.59 10.28 1.00 0.00
1.10 5.59 10.45 1.00 0.00
1.10 5.59 10.62 1.00 0.00
1.10 5.59 10.80 1.00 0.00
1.10 5.59 10.97 1.00 0.00
1.10 5.59 11.15 1.00 0.00
1.10 5.59 11.32 1.00 0.00
1.10 5.59 11.50 1.00 0.00
1.10 5.59 11.67 1.00 0.00
1.10 5.59 11.85 1.00 0.00
1.10 5.59 12.02 1.00 0.00
1.10 5.59 12.20 1.00 0.00
1.10 5.59 12.37 1.00 0.00
1.10 5.59 12.54 1.00 0.00
1.10 5.59 12.72 1.00 0.00
1.10 5.59 12.89 1.00 0.00
1.10 5.59 13.07 1.00 0.00
0.30 5.76 10.34 1.00 0.00
0.30 5.76 10.52 1.00 0.00
0.30 5.76 10.69 1.00 0.00
0.30 5.76 10.87 1.00 0.00
0.30 5.76 11.04 1.00 0.00
0.30 5.76 11.22 1.00 0.00
0.30 5.76 11.39 1.00 0.00
0.30 5.76 11.56 1.00 0.00
0.30 5.76 11.74 1.00 0.00
0.30 5.76 11.91 1.00 0.00
0.30 5.76 12.09 1.00 0.00
0.30 5.76 12.26 1.00 0.00
0.30 5.76 12.44 1.00 0.00
0.30 5.76 12.61 1.00 0.00
0.30 5.76 12.79 1.00 0.00
0.30 5.76 12.96 1.00 0.00
0.30 5.76 13.14 1.00 0.00
0.30 5.76 13.31 1.00 0.00
0.50 5.76 10.29 1.00 0.00
0.50 5.76 10.46 1.00 0.00
0.50 5.76 10.64 1.00 0.00
0.50 5.76 10.81 1.00 0.00
0.50 5.76 10.98 1.00 0.00
0.50 5.76 11.16 1.00 0.00
0.50 5.76 11.33 1.00 0.00
0.50 5.76 11.51 1.00 0.00
0.50 5.76 11.68 1.00 0.00
0.50 5.76 11.86 1.00 0.00
0.50 5.76 12.03 1.00 0.00
0.50 5.76 12.21 1.00 0.00
0.50 5.76 12.38 1.00 0.00
0.50 5.76 12.56 1.00 0.00
0.50 5.76 12.73 1.00 0.00
0.50 5.76 12.90 1.00 0.00
0.50 5.76 13.08 1.00 0.00
0.50 5.76 13.25 1.00 0.00
0.70 5.76 10.23 1.00 0.00
0.70 5.76 10.40 1.00 0.00
0.70 5.76 10.58 1.00 0.00
0.70 5.76 10.75 1.00 0.00
0.70 5.76 10.93 1.00 0.00
0.70 5.76 11.10 1.00 0.00
0.70 5.76 11.28 1.00 0.00
0.70 5.76 11.45 1.00 0.00
0.70 5.76 11.62 1.00 0.00
0.70 5.76 11.80 1.00 0.00
0.70 5.76 11.97 1.00 0.00
0.70 5.76 12.15 1.00 0.00
0.70 5.76 12.32 1.00 0.00
0.70 5.76 12.50 1.00 0.00
0.70 5.76 12.67 1.00 0.00
0.70 5.76 12.85 1.00 0.00
0.70 5.76 13.02 1.00 0.00
0.70 5.76 13.19 1.00 0.00
0.90 5.76 10.17 1.00 0.00
0.90 5.76 10.34 1.00 0.00
0.90 5.76 10.52 1.00 0.00
0.90 5.76 10.69 1.00 0.00
0.90 5.76 10.87 1.00 0.00
0.90 5.76 11.04 1.00 0.00
0.90 5.76 11.21 1.00 0.00
0.90 5.76 11.39 1.00 0.00
0.90 5.76 11.56 1.00 0.00
0.90 5.76 11.74 1.00 0.00
0.90 5.76 11.91 1.00 0.00
0.90 5.76 12.09 1.00 0.00
0.90 5.76 12.26 1.00 0.00
0.90 5.76 12.44 1.00 0.00
0.90 5.76 12.61 1.00 0.00
0.90 5.76 12.79 1.00 0.00
0.90 5.76 12.96 1.00 0.00
0.90 5.76 13.13 1.00 0.00
1.10 5.76 10.10 1.00 0.00
1.10 5.76 10.28 1.00 0.00
1.10 5.76 10.45 1.00 0.00
1.10 5.76 10.63 1.00 0.00
1.10 5.76 10.80 1.00 0.00
1.10 5.76 10.98 1.00 0.00
1.10 5.76 11.15 1.00 0.00
1.10 5.76 11.33 1.00 0.00
1.10 5.76 11.50 1.00 0.00
1.10 5.76 11.68 1.00 0.00
1.10 5.76 11.85 1.00 0.00
1.10 5.76 12.02 1.00 0.00
1.10 5.76 12.20 1.00 0.00
1.10 5.76 12.37 1.00 0.00
1.10 5.76 12.55 1.00 0.00
1.10 5.76 12.72 1.00 0.00
1.10 5.76 12.90 1.00 0.00
1.10 5.76 13.07 1.00 0.00
0.30 5.93 10.35 1.00 0.00
0.30 5.93 10.52 1.00 0.00
0.30 5.93 10.70 1.00 0.00
0.30 5.93 10.87 1.00 0.00
0.30 5.93 11.05 1.00 0.00
0.30 5.93 11.22 1.00 0.00
0.30 5.93 11.40 1.00 0.00
0.30 5.93 11.57 1.00 0.00
0.30 5.93 11.75 1.00 0.00
0.30 5.93 11.92 1.00 0.00
0.30 5.93 12.10 1.00 0.00
0.30 5.93 12.27 1.00 0.00
0.30 5.93 12.44 1.00 0.00
0.30 5.93 12.62 1.00 0.00
0.30 5.93 12.79 1.00 0.00
0.30 5.93 12.97 1.00 0.00
0.30 5.93 13.14 1.00 0.00
0.30 5.93 13.32 1.00 0.00
0.50 5.93 10.30 1.00 0.00
0.50 5.93 10.47 1.00 0.00
0.50 5.93 10.65 1.00 0.00
0.50 5.93 10.82 1.00 0.00
0.50 5.93 11.00 1.00 0.00
0.50 5.93 11.17 1.00 0.00
0.50 5.93 11.35 1.00 0.00
0.50 5.93 11.52 1.00 0.00
0.50 5.93 11.69 1.00 0.00
0.50 5.93 11.87 1.00 0.00
0.50 5.93 12.04 1.00 0.00
0.50 5.93 12.22 1.00 0.00
0.50 5.93 12.39 1.00 0.00
0.50 5.93 12.57 1.00 0.00
0.50 5.93 12.74 1.00 0.00
0.50 5.93 12.92 1.00 0.00
0.50 5.93 13.09 1.00 0.00
0.50 5.93 13.26 1.00 0.00
0.70 5.93 10.24 1.00 0.00
0.70 5.93 10.42 1.00 0.00
0.70 5.93 10.59 1.00 0.00
0.70 5.93 10.77 1.00 0.00
0.70 5.93 10.94 1.00 0.00
0.70 5.93 11.11 1.00 0.00
0.70 5.93 11.29 1.00 0.00
0.70 5.93 11.46 1.00 0.00
0.70 5.93 11.64 1.00 0.00
0.70 5.93 11.81 1.00 0.00
0.70 5.93 11.99 1.00 0.00
0.70 5.93 12.16 1.00 0.00
0.70 5.93 12.34 1.00 0.00
0.70 5.93 12.51 1.00 0.00
0.70 5.93 12.69 1.00 0.00
0.70 5.93 12.86 1.00 0.00
0.70 5.93 13.03 1.00 0.00
0.70 5.93 13.21 1.00 0.00
0.90 5.93 10.18 1.00 0.00
0.90 5.93 10.36 1.00 0.00
0.90 5.93 10.53 1.00 0.00
0.90 5.93 10.71 1.00 0.00
0.90 5.93 10.88 1.00 0.00
0.90 5.93 11.06 1.00 0.00
0.90 5.93 11.23 1.00 0.00
0.90 5.93 11.40 1.00 0.00
0.90 5.93 11.58 1.00 0.00
0.90 5.93 11.75 1.00 0.00
0.90 5.93 11.93 1.00 0.00
0.90 5.93 12.10 1.00 0.00
0.90 5.93 12.28 1.00 0.00
0.90 5.93 12.45 1.00 0.00
0.90 5.93 12.63 1.00 0.00
0.90 5.93 12.80 1.00 0.00
0.90 5.93 12.98 1.00 0.00
0.90 5.93 13.15 1.00 0.00
1.10 5.93 10.12 1.00 0.00
1.10 5.93 10.29 1.00 0.00
1.10 5.93 10.47 1.00 0.00
1.10 5.93 10.64 1.00 0.00
1.10 5.93 10.82 1.00 0.00
1.10 5.93 10.99 1.00 0.00
1.10 5.93 11.17 1.00 0.00
1.10 5.93 11.34 1.00 0.00
1.10 5.93 11.52 1.00 0.00
1.10 5.93 11.69 1.00 0.00
1.10 5.93 11.87 1.00 0.00
1.10 5.93 12.04 1.00 0.00
1.10 5.93 12.21 1.00 0.00
1.10 5.93 12.39 1.00 0.00
1.10 5.93 12.56 1.00 0.00
1.10 5.93 12.74 1.00 0.00
1.10 5.93 12.91 1.00 0.00
1.10 5.93 13.09 1.00 0.00
0.30 6.11 10.36 1.00 0.00
0.30 6.11 10.53 1.00 0.00
0.30 6.11 10.71 1.00 0.00
0.30 6.11 10.88 1.00 0.00
0.30 6.11 11.06 1.00 0.00
0.30 6.11 11.23 1.00 0.00
0.30 6.11 11.41 1.00 0.00
0.30 6.11 11.58 1.00 0.00
0.30 6.11 11.76 1.00 0.00
0.30 6.11 11.93 1.00 0.00
0.30 6.11 12.11 1.00 0.00
0.30 6.11 12.28 1.00 0.00
0.30 6.11 12.45 1.00 0.00
0.30 6.11 12.63 1.00 0.00
0.30 6.11 12.80 1.00 0.00
0.30 6.11 12.98 1.00 0.00
0.30 6.11 13.15 1.00 0.00
0.30 6.11 13.33 1.00 0.00
0.50 6.11 10.31 1.00 0.00
0.50 6.11 10.49 1.00 0.00
0.50 6.11 10.66 1.00 0.00
0.50 6.11 10.84 1.00 0.00
0.50 6.11 11.01 1.00 0.00
0.50 6.11 11.19 1.00 0.00
0.50 6.11 11.36 1.00 0.00
0.50 6.11 11.54 1.00 0.00
0.50 6.11 11.71 1.00 0.00
0.50 6.11 11.88 1.00 0.00
0.50 6.11 12.06 1.00 0.00
0.50 6.11 12.23 1.00 0.00
0.50 6.11 12.41 1.00 0.00
0.50 6.11 12.58 1.00 0.00
0.50 6.11 12.76 1.00 0.00
0.50 6.11 12.93 1.00 0.00
0.50 6.11 13.11 1.00 0.00
0.50 6.11 13.28 1.00 0.00
0.70 6.11 10.26 1.00 0.00
0.70 6.11 10.44 1.00 0.00
0.70 6.11 10.61 1.00 0.00
0.70 6.11 10.79 1.00 0.00
0.70 6.11 10.96 1.00 0.00
0.70 6.11 11.14 1.00 0.00
0.70 6.11 11.31 1.00 0.00
0.70 6.11 11.49 1.00 0.00
0.70 6.11 11.66 1.00 0.00
0.70 6.11 11.83 1.00 0.00
0.70 6.11 12.01 1.00 0.00
0.70 6.11 12.18 1.00 0.00
0.70 6.11 12.36 1.00 0.00
0.70 6.11 12.53 1.00 0.00
0.70 6.11 12.71 1.00 0.00
0.70 6.11 12.88 1.00 0.00
0.70 6.11 13.06 1.00 0.00
0.70 6.11 13.23 1.00 0.00
0.90 6.11 10.21 1.00 0.00
0.90 6.11 10.38 1.00 0.00
0.90 6.11 10.56 1.00 0.00
0.90 6.11 10.73 1.00 0.00
0.90 6.11 10.91 1.00 0.00
0.90 6.11 11.08 1.00 0.00
0.90 6.11 11.26 1.00 0.00
0.90 6.11 11.43 1.00 0.00
0.90 6.11 11.61 1.00 0.00
0.90 6.11 11.78 1.00 0.00
0.90 6.11 11.95 1.00 0.00
0.90 6.11 12.13 1.00 0.00
0.90 6.11 12.30 1.00 0.00
0.90 6.11 12.48 1.00 0.00
0.90 6.11 12.65 1.00 0.00
0.90 6.11 12.83 1.00 0.00
0.90 6.11 13.00 1.00 0.00
0.90 6.11 13.18 1.00 0.00
1.10 6.11 10.15 1.00 0.00
1.10 6.11 10.32 1.00 0.00
1.10 6.11 10.50 1.00 0.00
1.10 6.11 10.67 1.00 0.00
1.10 6.11 10.85 1.00 0.00
1.10 6.11 11.02 1.00 0.00
1.10 6.11 11.20 1.00 0.00
1.10 6.11 11.37 1.00 0.00
1.10 6.11 11.55 1.00 0.00
1.10 6.11 11.72 1.00 0.00
1.10 6.11 11.89 1.00 0.00
1.10 6.11 12.07 1.00 0.00
1.10 6.11 12.24 1.00 0.00
1.10 6.11 12.42 1.00 0.00
1.10 6.11 12.59 1.00 0.00
1.10 6.11 12.77 1.00 0.00
1.10 6.11 12.94 1.00 0.00
1.10 6.11 13.12 1.00 0.00
