0.30 0.00 10.32 1.00 0.00
0.30 0.00 10.49 1.00 0.00
0.30 0.00 10.67 1.00 0.00
0.30 0.00 10.84 1.00 0.00
0.30 0.00 11.02 1.00 0.00
0.30 0.00 11.19 1.00 0.00
0.30 0.00 11.37 1.00 0.00
0.30 0.00 11.54 1.00 0.00
0.30 0.00 11.71 1.00 0.00
0.30 0.00 11.89 1.00 0.00
0.30 0.00 12.06 1.00 0.00
0.30 0.00 12.24 1.00 0.00
0.30 0.00 12.41 1.00 0.00
0.30 0.00 12.59 1.00 0.00
0.30 0.00 12.76 1.00 0.00
0.30 0.00 12.94 1.00 0.00
0.30 0.00 13.11 1.00 0.00
0.30 0.00 13.29 1.00 0.00
0.50 0.00 10.28 1.00 0.00
0.50 0.00 10.45 1.00 0.00
0.50 0.00 10.63 1.00 0.00
0.50 0.00 10.80 1.00 0.00
0.50 0.00 10.98 1.00 0.00
0.50 0.00 11.15 1.00 0.00
0.50 0.00 11.33 1.00 0.00
0.50 0.00 11.50 1.00 0.00
0.50 0.00 11.67 1.00 0.00
0.50 0.00 11.85 1.00 0.00
0.50 0.00 12.02 1.00 0.00
0.50 0.00 12.20 1.00 0.00
0.50 0.00 12.37 1.00 0.00
0.50 0.00 12.55 1.00 0.00
0.50 0.00 12.72 1.00 0.00
0.50 0.00 12.90 1.00 0.00
0.50 0.00 13.07 1.00 0.00
0.50 0.00 13.25 1.00 0.00
0.70 0.00 10.23 1.00 0.00
0.70 0.00 10.41 1.00 0.00
0.70 0.00 10.58 1.00 0.00
0.70 0.00 10.76 1.00 0.00
0.70 0.00 10.93 1.00 0.00
0.70 0.00 11.11 1.00 0.00
0.70 0.00 11.28 1.00 0.00
0.70 0.00 11.45 1.00 0.00
0.70 0.00 11.63 1.00 0.00
0.70 0.00 11.80 1.00 0.00
0.70 0.00 11.98 1.00 0.00
0.70 0.00 12.15 1.00 0.00
0.70 0.00 12.33 1.00 0.00
0.70 0.00 12.50 1.00 0.00
0.70 0.00 12.68 1.00 0.00
0.70 0.00 12.85 1.00 0.00
0.70 0.00 13.03 1.00 0.00
0.70 0.00 13.20 1.00 0.00
0.90 0.00 10.18 1.00 0.00
0.90 0.00 10.36 1.00 0.00
0.90 0.00 10.53 1.00 0.00
0.90 0.00 10.71 1.00 0.00
0.90 0.00 10.88 1.00 0.00
0.90 0.00 11.06 1.00 0.00
0.90 0.00 11.23 1.00 0.00
0.90 0.00 11.41 1.00 0.00
0.90 0.00 11.58 1.00 0.00
0.90 0.00 11.75 1.00 0.00
0.90 0.00 11.93 1.00 0.00
0.90 0.00 12.10 1.00 0.00
0.90 0.00 12.28 1.00 0.00
0.90 0.00 12.45 1.00 0.00
0.90 0.00 12.63 1.00 0.00
0.90 0.00 12.80 1.00 0.00
0.90 0.00 12.98 1.00 0.00
0.90 0.00 13.15 1.00 0.00
1.10 0.00 10.13 1.00 0.00
1.10 0.00 10.30 1.00 0.00
1.10 0.00 10.48 1.00 0.00
1.10 0.00 10.65 1.00 0.00
1.10 0.00 10.83 1.00 0.00
1.10 0.00 11.00 1.00 0.00
1.10 0.00 11.18 1.00 0.00
1.10 0.00 11.35 1.00 0.00
1.10 0.00 11.53 1.00 0.00
1.10 0.00 11.70 1.00 0.00
1.10 0.00 11.87 1.00 0.00
1.10 0.00 12.05 1.00 0.00
1.10 0.00 12.22 1.00 0.00
1.10 0.00 12.40 1.00 0.00
1.10 0.00 12.57 1.00 0.00
1.10 0.00 12.75 1.00 0.00
1.10 0.00 12.92 1.00 0.00
1.10 0.00 13.10 1.00 0.00
0.30 0.17 10.33 1.00 0.00
0.30 0.17 10.51 1.00 0.00
0.30 0.17 10.68 1.00 0.00
0.30 0.17 10.86 1.00 0.00
0.30 0.17 11.03 1.00 0.00
0.30 0.17 11.20 1.00 0.00
0.30 0.17 11.38 1.00 0.00
0.30 0.17 11.55 1.00 0.00
0.30 0.17 11.73 1.00 0.00
0.30 0.17 11.90 1.00 0.00
0.30 0.17 12.08 1.00 0.00
0.30 0.17 12.25 1.00 0.00
0.30 0.17 12.43 1.00 0.00
0.30 0.17 12.60 1.00 0.00
0.30 0.17 12.78 1.00 0.00
0.30 0.17 12.95 1.00 0.00
0.30 0.17 13.12 1.00 0.00
0.30 0.17 13.30 1.00 0.00
0.50 0.17 10.30 1.00 0.00
0.50 0.17 10.48 1.00 0.00
0.50 0.17 10.65 1.00 0.00
0.50 0.17 10.82 1.00 0.00
0.50 0.17 11.00 1.00 0.00
0.50 0.17 11.17 1.00 0.00
0.50 0.17 11.35 1.00 0.00
0.50 0.17 11.52 1.00 0.00
0.50 0.17 11.70 1.00 0.00
0.50 0.17 11.87 1.00 0.00
0.50 0.17 12.05 1.00 0.00
0.50 0.17 12.22 1.00 0.00
0.50 0.17 12.40 1.00 0.00
0.50 0.17 12.57 1.00 0.00
0.50 0.17 12.74 1.00 0.00
0.50 0.17 12.92 1.00 0.00
0.50 0.17 13.09 1.00 0.00
0.50 0.17 13.27 1.00 0.00
0.70 0.17 10.27 1.00 0.00
0.70 0.17 10.44 1.00 0.00
0.70 0.17 10.62 1.00 0.00
0.70 0.17 10.79 1.00 0.00
0.70 0.17 10.96 1.00 0.00
0.70 0.17 11.14 1.00 0.00
0.70 0.17 11.31 1.00 0.00
0.70 0.17 11.49 1.00 0.00
0.70 0.17 11.66 1.00 0.00
0.70 0.17 11.84 1.00 0.00
0.70 0.17 12.01 1.00 0.00
0.70 0.17 12.19 1.00 0.00
0.70 0.17 12.36 1.00 0.00
0.70 0.17 12.54 1.00 0.00
0.70 0.17 12.71 1.00 0.00
0.70 0.17 12.88 1.00 0.00
0.70 0.17 13.06 1.00 0.00
0.70 0.17 13.23 1.00 0.00
0.90 0.17 10.23 1.00 0.00
0.90 0.17 10.40 1.00 0.00
0.90 0.17 10.58 1.00 0.00
0.90 0.17 10.75 1.00 0.00
0.90 0.17 10.93 1.00 0.00
0.90 0.17 11.10 1.00 0.00
0.90 0.17 11.27 1.00 0.00
0.90 0.17 11.45 1.00 0.00
0.90 0.17 11.62 1.00 0.00
0.90 0.17 11.80 1.00 0.00
0.90 0.17 11.97 1.00 0.00
0.90 0.17 12.15 1.00 0.00
0.90 0.17 12.32 1.00 0.00
0.90 0.17 12.50 1.00 0.00
0.90 0.17 12.67 1.00 0.00
0.90 0.17 12.85 1.00 0.00
0.90 0.17 13.02 1.00 0.00
0.90 0.17 13.19 1.00 0.00
1.10 0.17 10.18 1.00 0.00
1.10 0.17 10.36 1.00 0.00
1.10 0.17 10.53 1.00 0.00
1.10 0.17 10.71 1.00 0.00
1.10 0.17 10.88 1.00 0.00
1.10 0.17 11.06 1.00 0.00
1.10 0.17 11.23 1.00 0.00
1.10 0.17 11.40 1.00 0.00
1.10 0.17 11.58 1.00 0.00
1.10 0.17 11.75 1.00 0.00
1.10 0.17 11.93 1.00 0.00
1.10 0.17 12.10 1.00 0.00
1.10 0.17 12.28 1.00 0.00
1.10 0.17 12.45 1.00 0.00
1.10 0.17 12.63 1.00 0.00
1.10 0.17 12.80 1.00 0.00
1.10 0.17 12.98 1.00 0.00
1.10 0.17 13.15 1.00 0.00
0.30 0.35 10.35 1.00 0.00
0.30 0.35 10.52 1.00 0.00
0.30 0.35 10.70 1.00 0.00
0.30 0.35 10.87 1.00 0.00
0.30 0.35 11.05 1.00 0.00
0.30 0.35 11.22 1.00 0.00
0.30 0.35 11.39 1.00 0.00
0.30 0.35 11.57 1.00 0.00
0.30 0.35 11.74 1.00 0.00
0.30 0.35 11.92 1.00 0.00
0.30 0.35 12.09 1.00 0.00
0.30 0.35 12.27 1.00 0.00
0.30 0.35 12.44 1.00 0.00
0.30 0.35 12.62 1.00 0.00
0.30 0.35 12.79 1.00 0.00
0.30 0.35 12.97 1.00 0.00
0.30 0.35 13.14 1.00 0.00
0.30 0.35 13.31 1.00 0.00
0.50 0.35 10.33 1.00 0.00
0.50 0.35 10.50 1.00 0.00
0.50 0.35 10.68 1.00 0.00
0.50 0.35 10.85 1.00 0.00
0.50 0.35 11.03 1.00 0.00
0.50 0.35 11.20 1.00 0.00
0.50 0.35 11.37 1.00 0.00
0.50 0.35 11.55 1.00 0.00
0.50 0.35 11.72 1.00 0.00
0.50 0.35 11.90 1.00 0.00
0.50 0.35 12.07 1.00 0.00
0.50 0.35 12.25 1.00 0.00
0.50 0.35 12.42 1.00 0.00
0.50 0.35 12.60 1.00 0.00
0.50 0.35 12.77 1.00 0.00
0.50 0.35 12.95 1.00 0.00
0.50 0.35 13.12 1.00 0.00
0.50 0.35 13.29 1.00 0.00
0.70 0.35 10.31 1.00 0.00
0.70 0.35 10.48 1.00 0.00
0.70 0.35 10.65 1.00 0.00
0.70 0.35 10.83 1.00 0.00
0.70 0.35 11.00 1.00 0.00
0.70 0.35 11.18 1.00 0.00
0.70 0.35 11.35 1.00 0.00
0.70 0.35 11.53 1.00 0.00
0.70 0.35 11.70 1.00 0.00
0.70 0.35 11.88 1.00 0.00
0.70 0.35 12.05 1.00 0.00
0.70 0.35 12.23 1.00 0.00
0.70 0.35 12.40 1.00 0.00
0.70 0.35 12.57 1.00 0.00
0.70 0.35 12.75 1.00 0.00
0.70 0.35 12.92 1.00 0.00
0.70 0.35 13.10 1.00 0.00
0.70 0.35 13.27 1.00 0.00
0.90 0.35 10.28 1.00 0.00
0.90 0.35 10.45 1.00 0.00
0.90 0.35 10.63 1.00 0.00
0.90 0.35 10.80 1.00 0.00
0.90 0.35 10.98 1.00 0.00
0.90 0.35 11.15 1.00 0.00
0.90 0.35 11.33 1.00 0.00
0.90 0.35 11.50 1.00 0.00
0.90 0.35 11.68 1.00 0.00
0.90 0.35 11.85 1.00 0.00
0.90 0.35 12.03 1.00 0.00
0.90 0.35 12.20 1.00 0.00
0.90 0.35 12.37 1.00 0.00
0.90 0.35 12.55 1.00 0.00
0.90 0.35 12.72 1.00 0.00
0.90 0.35 12.90 1.00 0.00
0.90 0.35 13.07 1.00 0.00
0.90 0.35 13.25 1.00 0.00
1.10 0.35 10.25 1.00 0.00
1.10 0.35 10.42 1.00 0.00
1.10 0.35 10.60 1.00 0.00
1.10 0.35 10.77 1.00 0.00
1.10 0.35 10.95 1.00 0.00
1.10 0.35 11.12 1.00 0.00
1.10 0.35 11.30 1.00 0.00
1.10 0.35 11.47 1.00 0.00
1.10 0.35 11.65 1.00 0.00
1.10 0.35 11.82 1.00 0.00
1.10 0.35 12.00 1.00 0.00
1.10 0.35 12.17 1.00 0.00
1.10 0.35 12.34 1.00 0.00
1.10 0.35 12.52 1.00 0.00
1.10 0.35 12.69 1.00 0.00
1.10 0.35 12.87 1.00 0.00
1.10 0.35 13.04 1.00 0.00
1.10 0.35 13.22 1.00 0.00
0.30 0.52 10.36 1.00 0.00
0.30 0.52 10.54 1.00 0.00
0.30 0.52 10.71 1.00 0.00
0.30 0.52 10.89 1.00 0.00
0.30 0.52 11.06 1.00 0.00
0.30 0.52 11.24 1.00 0.00
0.30 0.52 11.41 1.00 0.00
0.30 0.52 11.59 1.00 0.00
0.30 0.52 11.76 1.00 0.00
0.30 0.52 11.93 1.00 0.00
0.30 0.52 12.11 1.00 0.00
0.30 0.52 12.28 1.00 0.00
0.30 0.52 12.46 1.00 0.00
0.30 0.52 12.63 1.00 0.00
0.30 0.52 12.81 1.00 0.00
0.30 0.52 12.98 1.00 0.00
0.30 0.52 13.16 1.00 0.00
0.30 0.52 13.33 1.00 0.00
0.50 0.52 10.36 1.00 0.00
0.50 0.52 10.53 1.00 0.00
0.50 0.52 10.71 1.00 0.00
0.50 0.52 10.88 1.00 0.00
0.50 0.52 11.05 1.00 0.00
0.50 0.52 11.23 1.00 0.00
0.50 0.52 11.40 1.00 0.00
0.50 0.52 11.58 1.00 0.00
0.50 0.52 11.75 1.00 0.00
0.50 0.52 11.93 1.00 0.00
0.50 0.52 12.10 1.00 0.00
0.50 0.52 12.28 1.00 0.00
0.50 0.52 12.45 1.00 0.00
0.50 0.52 12.62 1.00 0.00
0.50 0.52 12.80 1.00 0.00
0.50 0.52 12.97 1.00 0.00
0.50 0.52 13.15 1.00 0.00
0.50 0.52 13.32 1.00 0.00
0.70 0.52 10.35 1.00 0.00
0.70 0.52 10.52 1.00 0.00
0.70 0.52 10.70 1.00 0.00
0.70 0.52 10.87 1.00 0.00
0.70 0.52 11.05 1.00 0.00
0.70 0.52 11.22 1.00 0.00
0.70 0.52 11.39 1.00 0.00
0.70 0.52 11.57 1.00 0.00
0.70 0.52 11.74 1.00 0.00
0.70 0.52 11.92 1.00 0.00
0.70 0.52 12.09 1.00 0.00
0.70 0.52 12.27 1.00 0.00
0.70 0.52 12.44 1.00 0.00
0.70 0.52 12.62 1.00 0.00
0.70 0.52 12.79 1.00 0.00
0.70 0.52 12.97 1.00 0.00
0.70 0.52 13.14 1.00 0.00
0.70 0.52 13.31 1.00 0.00
0.90 0.52 10.34 1.00 0.00
0.90 0.52 10.51 1.00 0.00
0.90 0.52 10.69 1.00 0.00
0.90 0.52 10.86 1.00 0.00
0.90 0.52 11.04 1.00 0.00
0.90 0.52 11.21 1.00 0.00
0.90 0.52 11.39 1.00 0.00
0.90 0.52 11.56 1.00 0.00
0.90 0.52 11.73 1.00 0.00
0.90 0.52 11.91 1.00 0.00
0.90 0.52 12.08 1.00 0.00
0.90 0.52 12.26 1.00 0.00
0.90 0.52 12.43 1.00 0.00
0.90 0.52 12.61 1.00 0.00
0.90 0.52 12.78 1.00 0.00
0.90 0.52 12.96 1.00 0.00
0.90 0.52 13.13 1.00 0.00
0.90 0.52 13.31 1.00 0.00
1.10 0.52 10.33 1.00 0.00
1.10 0.52 10.50 1.00 0.00
1.10 0.52 10.68 1.00 0.00
1.10 0.52 10.85 1.00 0.00
1.10 0.52 11.03 1.00 0.00
1.10 0.52 11.20 1.00 0.00
1.10 0.52 11.37 1.00 0.00
1.10 0.52 11.55 1.00 0.00
1.10 0.52 11.72 1.00 0.00
1.10 0.52 11.90 1.00 0.00
1.10 0.52 12.07 1.00 0.00
1.10 0.52 12.25 1.00 0.00
1.10 0.52 12.42 1.00 0.00
1.10 0.52 12.60 1.00 0.00
1.10 0.52 12.77 1.00 0.00
1.10 0.52 12.94 1.00 0.00
1.10 0.52 13.12 1.00 0.00
1.10 0.52 13.29 1.00 0.00
0.30 0.70 4.10 1.00 0.00
0.30 0.70 4.27 1.00 0.00
0.30 0.70 4.45 1.00 0.00
0.30 0.70 4.62 1.00 0.00
0.30 0.70 4.79 1.00 0.00
0.30 0.70 4.97 1.00 0.00
0.30 0.70 5.14 1.00 0.00
0.30 0.70 5.32 1.00 0.00
0.30 0.70 5.49 1.00 0.00
0.30 0.70 5.67 1.00 0.00
0.30 0.70 5.84 1.00 0.00
0.30 0.70 6.02 1.00 0.00
0.30 0.70 6.19 1.00 0.00
0.30 0.70 6.37 1.00 0.00
0.30 0.70 6.54 1.00 0.00
0.30 0.70 6.71 1.00 0.00
0.30 0.70 6.89 1.00 0.00
0.30 0.70 7.06 1.00 0.00
0.50 0.70 4.10 1.00 0.00
0.50 0.70 4.28 1.00 0.00
0.50 0.70 4.45 1.00 0.00
0.50 0.70 4.63 1.00 0.00
0.50 0.70 4.80 1.00 0.00
0.50 0.70 4.97 1.00 0.00
0.50 0.70 5.15 1.00 0.00
0.50 0.70 5.32 1.00 0.00
0.50 0.70 5.50 1.00 0.00
0.50 0.70 5.67 1.00 0.00
0.50 0.70 5.85 1.00 0.00
0.50 0.70 6.02 1.00 0.00
0.50 0.70 6.20 1.00 0.00
0.50 0.70 6.37 1.00 0.00
0.50 0.70 6.55 1.00 0.00
0.50 0.70 6.72 1.00 0.00
0.50 0.70 6.89 1.00 0.00
0.50 0.70 7.07 1.00 0.00
0.70 0.70 4.11 1.00 0.00
0.70 0.70 4.28 1.00 0.00
0.70 0.70 4.46 1.00 0.00
0.70 0.70 4.63 1.00 0.00
0.70 0.70 4.81 1.00 0.00
0.70 0.70 4.98 1.00 0.00
0.70 0.70 5.16 1.00 0.00
0.70 0.70 5.33 1.00 0.00
0.70 0.70 5.50 1.00 0.00
0.70 0.70 5.68 1.00 0.00
0.70 0.70 5.85 1.00 0.00
0.70 0.70 6.03 1.00 0.00
0.70 0.70 6.20 1.00 0.00
0.70 0.70 6.38 1.00 0.00
0.70 0.70 6.55 1.00 0.00
0.70 0.70 6.73 1.00 0.00
0.70 0.70 6.90 1.00 0.00
0.70 0.70 7.08 1.00 0.00
0.90 0.70 4.12 1.00 0.00
0.90 0.70 4.29 1.00 0.00
0.90 0.70 4.46 1.00 0.00
0.90 0.70 4.64 1.00 0.00
0.90 0.70 4.81 1.00 0.00
0.90 0.70 4.99 1.00 0.00
0.90 0.70 5.16 1.00 0.00
0.90 0.70 5.34 1.00 0.00
0.90 0.70 5.51 1.00 0.00
0.90 0.70 5.69 1.00 0.00
0.90 0.70 5.86 1.00 0.00
0.90 0.70 6.04 1.00 0.00
0.90 0.70 6.21 1.00 0.00
0.90 0.70 6.38 1.00 0.00
0.90 0.70 6.56 1.00 0.00
0.90 0.70 6.73 1.00 0.00
0.90 0.70 6.91 1.00 0.00
0.90 0.70 7.08 1.00 0.00
1.10 0.70 4.12 1.00 0.00
1.10 0.70 4.30 1.00 0.00
1.10 0.70 4.47 1.00 0.00
1.10 0.70 4.65 1.00 0.00
1.10 0.70 4.82 1.00 0.00
1.10 0.70 5.00 1.00 0.00
1.10 0.70 5.17 1.00 0.00
1.10 0.70 5.35 1.00 0.00
1.10 0.70 5.52 1.00 0.00
1.10 0.70 5.70 1.00 0.00
1.10 0.70 5.87 1.00 0.00
1.10 0.70 6.04 1.00 0.00
1.10 0.70 6.22 1.00 0.00
1.10 0.70 6.39 1.00 0.00
1.10 0.70 6.57 1.00 0.00
1.10 0.70 6.74 1.00 0.00
1.10 0.70 6.92 1.00 0.00
1.10 0.70 7.09 1.00 0.00
0.30 0.87 4.11 1.00 0.00
0.30 0.87 4.29 1.00 0.00
0.30 0.87 4.46 1.00 0.00
0.30 0.87 4.64 1.00 0.00
0.30 0.87 4.81 1.00 0.00
0.30 0.87 4.99 1.00 0.00
0.30 0.87 5.16 1.00 0.00
0.30 0.87 5.33 1.00 0.00
0.30 0.87 5.51 1.00 0.00
0.30 0.87 5.68 1.00 0.00
0.30 0.87 5.86 1.00 0.00
0.30 0.87 6.03 1.00 0.00
0.30 0.87 6.21 1.00 0.00
0.30 0.87 6.38 1.00 0.00
0.30 0.87 6.56 1.00 0.00
0.30 0.87 6.73 1.00 0.00
0.30 0.87 6.91 1.00 0.00
0.30 0.87 7.08 1.00 0.00
0.50 0.87 4.13 1.00 0.00
0.50 0.87 4.31 1.00 0.00
0.50 0.87 4.48 1.00 0.00
0.50 0.87 4.65 1.00 0.00
0.50 0.87 4.83 1.00 0.00
0.50 0.87 5.00 1.00 0.00
0.50 0.87 5.18 1.00 0.00
0.50 0.87 5.35 1.00 0.00
0.50 0.87 5.53 1.00 0.00
0.50 0.87 5.70 1.00 0.00
0.50 0.87 5.88 1.00 0.00
0.50 0.87 6.05 1.00 0.00
0.50 0.87 6.23 1.00 0.00
0.50 0.87 6.40 1.00 0.00
0.50 0.87 6.57 1.00 0.00
0.50 0.87 6.75 1.00 0.00
0.50 0.87 6.92 1.00 0.00
0.50 0.87 7.10 1.00 0.00
0.70 0.87 4.15 1.00 0.00
0.70 0.87 4.33 1.00 0.00
0.70 0.87 4.50 1.00 0.00
0.70 0.87 4.67 1.00 0.00
0.70 0.87 4.85 1.00 0.00
0.70 0.87 5.02 1.00 0.00
0.70 0.87 5.20 1.00 0.00
0.70 0.87 5.37 1.00 0.00
0.70 0.87 5.55 1.00 0.00
0.70 0.87 5.72 1.00 0.00
0.70 0.87 5.90 1.00 0.00
0.70 0.87 6.07 1.00 0.00
0.70 0.87 6.25 1.00 0.00
0.70 0.87 6.42 1.00 0.00
0.70 0.87 6.59 1.00 0.00
0.70 0.87 6.77 1.00 0.00
0.70 0.87 6.94 1.00 0.00
0.70 0.87 7.12 1.00 0.00
0.90 0.87 4.17 1.00 0.00
0.90 0.87 4.35 1.00 0.00
0.90 0.87 4.52 1.00 0.00
0.90 0.87 4.70 1.00 0.00
0.90 0.87 4.87 1.00 0.00
0.90 0.87 5.05 1.00 0.00
0.90 0.87 5.22 1.00 0.00
0.90 0.87 5.40 1.00 0.00
0.90 0.87 5.57 1.00 0.00
0.90 0.87 5.75 1.00 0.00
0.90 0.87 5.92 1.00 0.00
0.90 0.87 6.09 1.00 0.00
0.90 0.87 6.27 1.00 0.00
0.90 0.87 6.44 1.00 0.00
0.90 0.87 6.62 1.00 0.00
0.90 0.87 6.79 1.00 0.00
0.90 0.87 6.97 1.00 0.00
0.90 0.87 7.14 1.00 0.00
1.10 0.87 4.20 1.00 0.00
1.10 0.87 4.38 1.00 0.00
1.10 0.87 4.55 1.00 0.00
1.10 0.87 4.73 1.00 0.00
1.10 0.87 4.90 1.00 0.00
1.10 0.87 5.07 1.00 0.00
1.10 0.87 5.25 1.00 0.00
1.10 0.87 5.42 1.00 0.00
1.10 0.87 5.60 1.00 0.00
1.10 0.87 5.77 1.00 0.00
1.10 0.87 5.95 1.00 0.00
1.10 0.87 6.12 1.00 0.00
1.10 0.87 6.30 1.00 0.00
1.10 0.87 6.47 1.00 0.00
1.10 0.87 6.65 1.00 0.00
1.10 0.87 6.82 1.00 0.00
1.10 0.87 6.99 1.00 0.00
1.10 0.87 7.17 1.00 0.00
0.30 1.05 4.13 1.00 0.00
0.30 1.05 4.30 1.00 0.00
0.30 1.05 4.48 1.00 0.00
0.30 1.05 4.65 1.00 0.00
0.30 1.05 4.83 1.00 0.00
0.30 1.05 5.00 1.00 0.00
0.30 1.05 5.18 1.00 0.00
0.30 1.05 5.35 1.00 0.00
0.30 1.05 5.52 1.00 0.00
0.30 1.05 5.70 1.00 0.00
0.30 1.05 5.87 1.00 0.00
0.30 1.05 6.05 1.00 0.00
0.30 1.05 6.22 1.00 0.00
0.30 1.05 6.40 1.00 0.00
0.30 1.05 6.57 1.00 0.00
0.30 1.05 6.75 1.00 0.00
0.30 1.05 6.92 1.00 0.00
0.30 1.05 7.10 1.00 0.00
0.50 1.05 4.16 1.00 0.00
0.50 1.05 4.33 1.00 0.00
0.50 1.05 4.51 1.00 0.00
0.50 1.05 4.68 1.00 0.00
0.50 1.05 4.86 1.00 0.00
0.50 1.05 5.03 1.00 0.00
0.50 1.05 5.20 1.00 0.00
0.50 1.05 5.38 1.00 0.00
0.50 1.05 5.55 1.00 0.00
0.50 1.05 5.73 1.00 0.00
0.50 1.05 5.90 1.00 0.00
0.50 1.05 6.08 1.00 0.00
0.50 1.05 6.25 1.00 0.00
0.50 1.05 6.43 1.00 0.00
0.50 1.05 6.60 1.00 0.00
0.50 1.05 6.78 1.00 0.00
0.50 1.05 6.95 1.00 0.00
0.50 1.05 7.12 1.00 0.00
0.70 1.05 4.19 1.00 0.00
0.70 1.05 4.37 1.00 0.00
0.70 1.05 4.54 1.00 0.00
0.70 1.05 4.71 1.00 0.00
0.70 1.05 4.89 1.00 0.00
0.70 1.05 5.06 1.00 0.00
0.70 1.05 5.24 1.00 0.00
0.70 1.05 5.41 1.00 0.00
0.70 1.05 5.59 1.00 0.00
0.70 1.05 5.76 1.00 0.00
0.70 1.05 5.94 1.00 0.00
0.70 1.05 6.11 1.00 0.00
0.70 1.05 6.29 1.00 0.00
0.70 1.05 6.46 1.00 0.00
0.70 1.05 6.63 1.00 0.00
0.70 1.05 6.81 1.00 0.00
0.70 1.05 6.98 1.00 0.00
0.70 1.05 7.16 1.00 0.00
0.90 1.05 4.23 1.00 0.00
0.90 1.05 4.40 1.00 0.00
0.90 1.05 4.58 1.00 0.00
0.90 1.05 4.75 1.00 0.00
0.90 1.05 4.93 1.00 0.00
0.90 1.05 5.10 1.00 0.00
0.90 1.05 5.28 1.00 0.00
0.90 1.05 5.45 1.00 0.00
0.90 1.05 5.62 1.00 0.00
0.90 1.05 5.80 1.00 0.00
0.90 1.05 5.97 1.00 0.00
0.90 1.05 6.15 1.00 0.00
0.90 1.05 6.32 1.00 0.00
0.90 1.05 6.50 1.00 0.00
0.90 1.05 6.67 1.00 0.00
0.90 1.05 6.85 1.00 0.00
0.90 1.05 7.02 1.00 0.00
0.90 1.05 7.20 1.00 0.00
1.10 1.05 4.27 1.00 0.00
1.10 1.05 4.45 1.00 0.00
1.10 1.05 4.62 1.00 0.00
1.10 1.05 4.79 1.00 0.00
1.10 1.05 4.97 1.00 0.00
1.10 1.05 5.14 1.00 0.00
1.10 1.05 5.32 1.00 0.00
1.10 1.05 5.49 1.00 0.00
1.10 1.05 5.67 1.00 0.00
1.10 1.05 5.84 1.00 0.00
1.10 1.05 6.02 1.00 0.00
1.10 1.05 6.19 1.00 0.00
1.10 1.05 6.37 1.00 0.00
1.10 1.05 6.54 1.00 0.00
1.10 1.05 6.71 1.00 0.00
1.10 1.05 6.89 1.00 0.00
1.10 1.05 7.06 1.00 0.00
1.10 1.05 7.24 1.00 0.00
0.30 1.22 4.14 1.00 0.00
0.30 1.22 4.32 1.00 0.00
0.30 1.22 4.49 1.00 0.00
0.30 1.22 4.67 1.00 0.00
0.30 1.22 4.84 1.00 0.00
0.30 1.22 5.01 1.00 0.00
0.30 1.22 5.19 1.00 0.00
0.30 1.22 5.36 1.00 0.00
0.30 1.22 5.54 1.00 0.00
0.30 1.22 5.71 1.00 0.00
0.30 1.22 5.89 1.00 0.00
0.30 1.22 6.06 1.00 0.00
0.30 1.22 6.24 1.00 0.00
0.30 1.22 6.41 1.00 0.00
0.30 1.22 6.59 1.00 0.00
0.30 1.22 6.76 1.00 0.00
0.30 1.22 6.93 1.00 0.00
0.30 1.22 7.11 1.00 0.00
0.50 1.22 4.18 1.00 0.00
0.50 1.22 4.36 1.00 0.00
0.50 1.22 4.53 1.00 0.00
0.50 1.22 4.70 1.00 0.00
0.50 1.22 4.88 1.00 0.00
0.50 1.22 5.05 1.00 0.00
0.50 1.22 5.23 1.00 0.00
0.50 1.22 5.40 1.00 0.00
0.50 1.22 5.58 1.00 0.00
0.50 1.22 5.75 1.00 0.00
0.50 1.22 5.93 1.00 0.00
0.50 1.22 6.10 1.00 0.00
0.50 1.22 6.28 1.00 0.00
0.50 1.22 6.45 1.00 0.00
0.50 1.22 6.62 1.00 0.00
0.50 1.22 6.80 1.00 0.00
0.50 1.22 6.97 1.00 0.00
0.50 1.22 7.15 1.00 0.00
0.70 1.22 4.22 1.00 0.00
0.70 1.22 4.40 1.00 0.00
0.70 1.22 4.57 1.00 0.00
0.70 1.22 4.75 1.00 0.00
0.70 1.22 4.92 1.00 0.00
0.70 1.22 5.10 1.00 0.00
0.70 1.22 5.27 1.00 0.00
0.70 1.22 5.45 1.00 0.00
0.70 1.22 5.62 1.00 0.00
0.70 1.22 5.80 1.00 0.00
0.70 1.22 5.97 1.00 0.00
0.70 1.22 6.14 1.00 0.00
0.70 1.22 6.32 1.00 0.00
0.70 1.22 6.49 1.00 0.00
0.70 1.22 6.67 1.00 0.00
0.70 1.22 6.84 1.00 0.00
0.70 1.22 7.02 1.00 0.00
0.70 1.22 7.19 1.00 0.00
0.90 1.22 4.27 1.00 0.00
0.90 1.22 4.45 1.00 0.00
0.90 1.22 4.62 1.00 0.00
0.90 1.22 4.80 1.00 0.00
0.90 1.22 4.97 1.00 0.00
0.90 1.22 5.15 1.00 0.00
0.90 1.22 5.32 1.00 0.00
0.90 1.22 5.49 1.00 0.00
0.90 1.22 5.67 1.00 0.00
0.90 1.22 5.84 1.00 0.00
0.90 1.22 6.02 1.00 0.00
0.90 1.22 6.19 1.00 0.00
0.90 1.22 6.37 1.00 0.00
0.90 1.22 6.54 1.00 0.00
0.90 1.22 6.72 1.00 0.00
0.90 1.22 6.89 1.00 0.00
0.90 1.22 7.07 1.00 0.00
0.90 1.22 7.24 1.00 0.00
1.10 1.22 4.33 1.00 0.00
1.10 1.22 4.50 1.00 0.00
1.10 1.22 4.68 1.00 0.00
1.10 1.22 4.85 1.00 0.00
1.10 1.22 5.02 1.00 0.00
1.10 1.22 5.20 1.00 0.00
1.10 1.22 5.37 1.00 0.00
1.10 1.22 5.55 1.00 0.00
1.10 1.22 5.72 1.00 0.00
1.10 1.22 5.90 1.00 0.00
1.10 1.22 6.07 1.00 0.00
1.10 1.22 6.25 1.00 0.00
1.10 1.22 6.42 1.00 0.00
1.10 1.22 6.60 1.00 0.00
1.10 1.22 6.77 1.00 0.00
1.10 1.22 6.94 1.00 0.00
1.10 1.22 7.12 1.00 0.00
1.10 1.22 7.29 1.00 0.00
0.30 1.40 4.15 1.00 0.00
0.30 1.40 4.33 1.00 0.00
0.30 1.40 4.50 1.00 0.00
0.30 1.40 4.68 1.00 0.00
0.30 1.40 4.85 1.00 0.00
0.30 1.40 5.03 1.00 0.00
0.30 1.40 5.20 1.00 0.00
0.30 1.40 5.38 1.00 0.00
0.30 1.40 5.55 1.00 0.00
0.30 1.40 5.72 1.00 0.00
0.30 1.40 5.90 1.00 0.00
0.30 1.40 6.07 1.00 0.00
0.30 1.40 6.25 1.00 0.00
0.30 1.40 6.42 1.00 0.00
0.30 1.40 6.60 1.00 0.00
0.30 1.40 6.77 1.00 0.00
0.30 1.40 6.95 1.00 0.00
0.30 1.40 7.12 1.00 0.00
0.50 1.40 4.20 1.00 0.00
0.50 1.40 4.38 1.00 0.00
0.50 1.40 4.55 1.00 0.00
0.50 1.40 4.72 1.00 0.00
0.50 1.40 4.90 1.00 0.00
0.50 1.40 5.07 1.00 0.00
0.50 1.40 5.25 1.00 0.00
0.50 1.40 5.42 1.00 0.00
0.50 1.40 5.60 1.00 0.00
0.50 1.40 5.77 1.00 0.00
0.50 1.40 5.95 1.00 0.00
0.50 1.40 6.12 1.00 0.00
0.50 1.40 6.30 1.00 0.00
0.50 1.40 6.47 1.00 0.00
0.50 1.40 6.64 1.00 0.00
0.50 1.40 6.82 1.00 0.00
0.50 1.40 6.99 1.00 0.00
0.50 1.40 7.17 1.00 0.00
0.70 1.40 4.25 1.00 0.00
0.70 1.40 4.43 1.00 0.00
0.70 1.40 4.60 1.00 0.00
0.70 1.40 4.78 1.00 0.00
0.70 1.40 4.95 1.00 0.00
0.70 1.40 5.13 1.00 0.00
0.70 1.40 5.30 1.00 0.00
0.70 1.40 5.47 1.00 0.00
0.70 1.40 5.65 1.00 0.00
0.70 1.40 5.82 1.00 0.00
0.70 1.40 6.00 1.00 0.00
0.70 1.40 6.17 1.00 0.00
0.70 1.40 6.35 1.00 0.00
0.70 1.40 6.52 1.00 0.00
0.70 1.40 6.70 1.00 0.00
0.70 1.40 6.87 1.00 0.00
0.70 1.40 7.04 1.00 0.00
0.70 1.40 7.22 1.00 0.00
0.90 1.40 4.31 1.00 0.00
0.90 1.40 4.48 1.00 0.00
0.90 1.40 4.66 1.00 0.00
0.90 1.40 4.83 1.00 0.00
0.90 1.40 5.01 1.00 0.00
0.90 1.40 5.18 1.00 0.00
0.90 1.40 5.36 1.00 0.00
0.90 1.40 5.53 1.00 0.00
0.90 1.40 5.70 1.00 0.00
0.90 1.40 5.88 1.00 0.00
0.90 1.40 6.05 1.00 0.00
0.90 1.40 6.23 1.00 0.00
0.90 1.40 6.40 1.00 0.00
0.90 1.40 6.58 1.00 0.00
0.90 1.40 6.75 1.00 0.00
0.90 1.40 6.93 1.00 0.00
0.90 1.40 7.10 1.00 0.00
0.90 1.40 7.28 1.00 0.00
1.10 1.40 4.37 1.00 0.00
1.10 1.40 4.54 1.00 0.00
1.10 1.40 4.72 1.00 0.00
1.10 1.40 4.89 1.00 0.00
1.10 1.40 5.07 1.00 0.00
1.10 1.40 5.24 1.00 0.00
1.10 1.40 5.42 1.00 0.00
1.10 1.40 5.59 1.00 0.00
1.10 1.40 5.76 1.00 0.00
1.10 1.40 5.94 1.00 0.00
1.10 1.40 6.11 1.00 0.00
1.10 1.40 6.29 1.00 0.00
1.10 1.40 6.46 1.00 0.00
1.10 1.40 6.64 1.00 0.00
1.10 1.40 6.81 1.00 0.00
1.10 1.40 6.99 1.00 0.00
1.10 1.40 7.16 1.00 0.00
1.10 1.40 7.33 1.00 0.00
0.30 1.57 4.16 1.00 0.00
0.30 1.57 4.34 1.00 0.00
0.30 1.57 4.51 1.00 0.00
0.30 1.57 4.69 1.00 0.00
0.30 1.57 4.86 1.00 0.00
0.30 1.57 5.04 1.00 0.00
0.30 1.57 5.21 1.00 0.00
0.30 1.57 5.38 1.00 0.00
0.30 1.57 5.56 1.00 0.00
0.30 1.57 5.73 1.00 0.00
0.30 1.57 5.91 1.00 0.00
0.30 1.57 6.08 1.00 0.00
0.30 1.57 6.26 1.00 0.00
0.30 1.57 6.43 1.00 0.00
0.30 1.57 6.61 1.00 0.00
0.30 1.57 6.78 1.00 0.00
0.30 1.57 6.96 1.00 0.00
0.30 1.57 7.13 1.00 0.00
0.50 1.57 4.22 1.00 0.00
0.50 1.57 4.39 1.00 0.00
0.50 1.57 4.57 1.00 0.00
0.50 1.57 4.74 1.00 0.00
0.50 1.57 4.91 1.00 0.00
0.50 1.57 5.09 1.00 0.00
0.50 1.57 5.26 1.00 0.00
0.50 1.57 5.44 1.00 0.00
0.50 1.57 5.61 1.00 0.00
0.50 1.57 5.79 1.00 0.00
0.50 1.57 5.96 1.00 0.00
0.50 1.57 6.14 1.00 0.00
0.50 1.57 6.31 1.00 0.00
0.50 1.57 6.49 1.00 0.00
0.50 1.57 6.66 1.00 0.00
0.50 1.57 6.83 1.00 0.00
0.50 1.57 7.01 1.00 0.00
0.50 1.57 7.18 1.00 0.00
0.70 1.57 4.27 1.00 0.00
0.70 1.57 4.45 1.00 0.00
0.70 1.57 4.62 1.00 0.00
0.70 1.57 4.80 1.00 0.00
0.70 1.57 4.97 1.00 0.00
0.70 1.57 5.15 1.00 0.00
0.70 1.57 5.32 1.00 0.00
0.70 1.57 5.49 1.00 0.00
0.70 1.57 5.67 1.00 0.00
0.70 1.57 5.84 1.00 0.00
0.70 1.57 6.02 1.00 0.00
0.70 1.57 6.19 1.00 0.00
0.70 1.57 6.37 1.00 0.00
0.70 1.57 6.54 1.00 0.00
0.70 1.57 6.72 1.00 0.00
0.70 1.57 6.89 1.00 0.00
0.70 1.57 7.07 1.00 0.00
0.70 1.57 7.24 1.00 0.00
0.90 1.57 4.33 1.00 0.00
0.90 1.57 4.51 1.00 0.00
0.90 1.57 4.68 1.00 0.00
0.90 1.57 4.86 1.00 0.00
0.90 1.57 5.03 1.00 0.00
0.90 1.57 5.21 1.00 0.00
0.90 1.57 5.38 1.00 0.00
0.90 1.57 5.55 1.00 0.00
0.90 1.57 5.73 1.00 0.00
0.90 1.57 5.90 1.00 0.00
0.90 1.57 6.08 1.00 0.00
0.90 1.57 6.25 1.00 0.00
0.90 1.57 6.43 1.00 0.00
0.90 1.57 6.60 1.00 0.00
0.90 1.57 6.78 1.00 0.00
0.90 1.57 6.95 1.00 0.00
0.90 1.57 7.12 1.00 0.00
0.90 1.57 7.30 1.00 0.00
1.10 1.57 4.39 1.00 0.00
1.10 1.57 4.57 1.00 0.00
1.10 1.57 4.74 1.00 0.00
1.10 1.57 4.92 1.00 0.00
1.10 1.57 5.09 1.00 0.00
1.10 1.57 5.27 1.00 0.00
1.10 1.57 5.44 1.00 0.00
1.10 1.57 5.62 1.00 0.00
1.10 1.57 5.79 1.00 0.00
1.10 1.57 5.97 1.00 0.00
1.10 1.57 6.14 1.00 0.00
1.10 1.57 6.31 1.00 0.00
1.10 1.57 6.49 1.00 0.00
1.10 1.57 6.66 1.00 0.00
1.10 1.57 6.84 1.00 0.00
1.10 1.57 7.01 1.00 0.00
1.10 1.57 7.19 1.00 0.00
1.10 1.57 7.36 1.00 0.00
0.30 1.75 4.17 1.00 0.00
0.30 1.75 4.34 1.00 0.00
0.30 1.75 4.52 1.00 0.00
0.30 1.75 4.69 1.00 0.00
0.30 1.75 4.87 1.00 0.00
0.30 1.75 5.04 1.00 0.00
0.30 1.75 5.22 1.00 0.00
0.30 1.75 5.39 1.00 0.00
0.30 1.75 5.57 1.00 0.00
0.30 1.75 5.74 1.00 0.00
0.30 1.75 5.92 1.00 0.00
0.30 1.75 6.09 1.00 0.00
0.30 1.75 6.26 1.00 0.00
0.30 1.75 6.44 1.00 0.00
0.30 1.75 6.61 1.00 0.00
0.30 1.75 6.79 1.00 0.00
0.30 1.75 6.96 1.00 0.00
0.30 1.75 7.14 1.00 0.00
0.50 1.75 4.23 1.00 0.00
0.50 1.75 4.40 1.00 0.00
0.50 1.75 4.58 1.00 0.00
0.50 1.75 4.75 1.00 0.00
0.50 1.75 4.93 1.00 0.00
0.50 1.75 5.10 1.00 0.00
0.50 1.75 5.27 1.00 0.00
0.50 1.75 5.45 1.00 0.00
0.50 1.75 5.62 1.00 0.00
0.50 1.75 5.80 1.00 0.00
0.50 1.75 5.97 1.00 0.00
0.50 1.75 6.15 1.00 0.00
0.50 1.75 6.32 1.00 0.00
0.50 1.75 6.50 1.00 0.00
0.50 1.75 6.67 1.00 0.00
0.50 1.75 6.84 1.00 0.00
0.50 1.75 7.02 1.00 0.00
0.50 1.75 7.19 1.00 0.00
0.70 1.75 4.29 1.00 0.00
0.70 1.75 4.46 1.00 0.00
0.70 1.75 4.63 1.00 0.00
0.70 1.75 4.81 1.00 0.00
0.70 1.75 4.98 1.00 0.00
0.70 1.75 5.16 1.00 0.00
0.70 1.75 5.33 1.00 0.00
0.70 1.75 5.51 1.00 0.00
0.70 1.75 5.68 1.00 0.00
0.70 1.75 5.86 1.00 0.00
0.70 1.75 6.03 1.00 0.00
0.70 1.75 6.21 1.00 0.00
0.70 1.75 6.38 1.00 0.00
0.70 1.75 6.55 1.00 0.00
0.70 1.75 6.73 1.00 0.00
0.70 1.75 6.90 1.00 0.00
0.70 1.75 7.08 1.00 0.00
0.70 1.75 7.25 1.00 0.00
0.90 1.75 4.35 1.00 0.00
0.90 1.75 4.52 1.00 0.00
0.90 1.75 4.70 1.00 0.00
0.90 1.75 4.87 1.00 0.00
0.90 1.75 5.04 1.00 0.00
0.90 1.75 5.22 1.00 0.00
0.90 1.75 5.39 1.00 0.00
0.90 1.75 5.57 1.00 0.00
0.90 1.75 5.74 1.00 0.00
0.90 1.75 5.92 1.00 0.00
0.90 1.75 6.09 1.00 0.00
0.90 1.75 6.27 1.00 0.00
0.90 1.75 6.44 1.00 0.00
0.90 1.75 6.62 1.00 0.00
0.90 1.75 6.79 1.00 0.00
0.90 1.75 6.96 1.00 0.00
0.90 1.75 7.14 1.00 0.00
0.90 1.75 7.31 1.00 0.00
1.10 1.75 4.41 1.00 0.00
1.10 1.75 4.58 1.00 0.00
1.10 1.75 4.76 1.00 0.00
1.10 1.75 4.93 1.00 0.00
1.10 1.75 5.11 1.00 0.00
1.10 1.75 5.28 1.00 0.00
1.10 1.75 5.46 1.00 0.00
1.10 1.75 5.63 1.00 0.00
1.10 1.75 5.81 1.00 0.00
1.10 1.75 5.98 1.00 0.00
1.10 1.75 6.15 1.00 0.00
1.10 1.75 6.33 1.00 0.00
1.10 1.75 6.50 1.00 0.00
1.10 1.75 6.68 1.00 0.00
1.10 1.75 6.85 1.00 0.00
1.10 1.75 7.03 1.00 0.00
1.10 1.75 7.20 1.00 0.00
1.10 1.75 7.38 1.00 0.00
0.30 1.92 4.17 1.00 0.00
0.30 1.92 4.35 1.00 0.00
0.30 1.92 4.52 1.00 0.00
0.30 1.92 4.70 1.00 0.00
0.30 1.92 4.87 1.00 0.00
0.30 1.92 5.05 1.00 0.00
0.30 1.92 5.22 1.00 0.00
0.30 1.92 5.40 1.00 0.00
0.30 1.92 5.57 1.00 0.00
0.30 1.92 5.75 1.00 0.00
0.30 1.92 5.92 1.00 0.00
0.30 1.92 6.09 1.00 0.00
0.30 1.92 6.27 1.00 0.00
0.30 1.92 6.44 1.00 0.00
0.30 1.92 6.62 1.00 0.00
0.30 1.92 6.79 1.00 0.00
0.30 1.92 6.97 1.00 0.00
0.30 1.92 7.14 1.00 0.00
0.50 1.92 4.23 1.00 0.00
0.50 1.92 4.41 1.00 0.00
0.50 1.92 4.58 1.00 0.00
0.50 1.92 4.76 1.00 0.00
0.50 1.92 4.93 1.00 0.00
0.50 1.92 5.11 1.00 0.00
0.50 1.92 5.28 1.00 0.00
0.50 1.92 5.45 1.00 0.00
0.50 1.92 5.63 1.00 0.00
0.50 1.92 5.80 1.00 0.00
0.50 1.92 5.98 1.00 0.00
0.50 1.92 6.15 1.00 0.00
0.50 1.92 6.33 1.00 0.00
0.50 1.92 6.50 1.00 0.00
0.50 1.92 6.68 1.00 0.00
0.50 1.92 6.85 1.00 0.00
0.50 1.92 7.03 1.00 0.00
0.50 1.92 7.20 1.00 0.00
0.70 1.92 4.29 1.00 0.00
0.70 1.92 4.47 1.00 0.00
0.70 1.92 4.64 1.00 0.00
0.70 1.92 4.82 1.00 0.00
0.70 1.92 4.99 1.00 0.00
0.70 1.92 5.16 1.00 0.00
0.70 1.92 5.34 1.00 0.00
0.70 1.92 5.51 1.00 0.00
0.70 1.92 5.69 1.00 0.00
0.70 1.92 5.86 1.00 0.00
0.70 1.92 6.04 1.00 0.00
0.70 1.92 6.21 1.00 0.00
0.70 1.92 6.39 1.00 0.00
0.70 1.92 6.56 1.00 0.00
0.70 1.92 6.74 1.00 0.00
0.70 1.92 6.91 1.00 0.00
0.70 1.92 7.08 1.00 0.00
0.70 1.92 7.26 1.00 0.00
0.90 1.92 4.35 1.00 0.00
0.90 1.92 4.53 1.00 0.00
0.90 1.92 4.70 1.00 0.00
0.90 1.92 4.88 1.00 0.00
0.90 1.92 5.05 1.00 0.00
0.90 1.92 5.22 1.00 0.00
0.90 1.92 5.40 1.00 0.00
0.90 1.92 5.57 1.00 0.00
0.90 1.92 5.75 1.00 0.00
0.90 1.92 5.92 1.00 0.00
0.90 1.92 6.10 1.00 0.00
0.90 1.92 6.27 1.00 0.00
0.90 1.92 6.45 1.00 0.00
0.90 1.92 6.62 1.00 0.00
0.90 1.92 6.79 1.00 0.00
0.90 1.92 6.97 1.00 0.00
0.90 1.92 7.14 1.00 0.00
0.90 1.92 7.32 1.00 0.00
1.10 1.92 4.41 1.00 0.00
1.10 1.92 4.59 1.00 0.00
1.10 1.92 4.76 1.00 0.00
1.10 1.92 4.93 1.00 0.00
1.10 1.92 5.11 1.00 0.00
1.10 1.92 5.28 1.00 0.00
1.10 1.92 5.46 1.00 0.00
1.10 1.92 5.63 1.00 0.00
1.10 1.92 5.81 1.00 0.00
1.10 1.92 5.98 1.00 0.00
1.10 1.92 6.16 1.00 0.00
1.10 1.92 6.33 1.00 0.00
1.10 1.92 6.51 1.00 0.00
1.10 1.92 6.68 1.00 0.00
1.10 1.92 6.85 1.00 0.00
1.10 1.92 7.03 1.00 0.00
1.10 1.92 7.20 1.00 0.00
1.10 1.92 7.38 1.00 0.00
0.30 2.09 4.18 1.00 0.00
0.30 2.09 4.35 1.00 0.00
0.30 2.09 4.52 1.00 0.00
0.30 2.09 4.70 1.00 0.00
0.30 2.09 4.87 1.00 0.00
0.30 2.09 5.05 1.00 0.00
0.30 2.09 5.22 1.00 0.00
0.30 2.09 5.40 1.00 0.00
0.30 2.09 5.57 1.00 0.00
0.30 2.09 5.75 1.00 0.00
0.30 2.09 5.92 1.00 0.00
0.30 2.09 6.10 1.00 0.00
0.30 2.09 6.27 1.00 0.00
0.30 2.09 6.44 1.00 0.00
0.30 2.09 6.62 1.00 0.00
0.30 2.09 6.79 1.00 0.00
0.30 2.09 6.97 1.00 0.00
0.30 2.09 7.14 1.00 0.00
0.50 2.09 4.23 1.00 0.00
0.50 2.09 4.41 1.00 0.00
0.50 2.09 4.58 1.00 0.00
0.50 2.09 4.76 1.00 0.00
0.50 2.09 4.93 1.00 0.00
0.50 2.09 5.11 1.00 0.00
0.50 2.09 5.28 1.00 0.00
0.50 2.09 5.46 1.00 0.00
0.50 2.09 5.63 1.00 0.00
0.50 2.09 5.80 1.00 0.00
0.50 2.09 5.98 1.00 0.00
0.50 2.09 6.15 1.00 0.00
0.50 2.09 6.33 1.00 0.00
0.50 2.09 6.50 1.00 0.00
0.50 2.09 6.68 1.00 0.00
0.50 2.09 6.85 1.00 0.00
0.50 2.09 7.03 1.00 0.00
0.50 2.09 7.20 1.00 0.00
0.70 2.09 4.29 1.00 0.00
0.70 2.09 4.47 1.00 0.00
0.70 2.09 4.64 1.00 0.00
0.70 2.09 4.81 1.00 0.00
0.70 2.09 4.99 1.00 0.00
0.70 2.09 5.16 1.00 0.00
0.70 2.09 5.34 1.00 0.00
0.70 2.09 5.51 1.00 0.00
0.70 2.09 5.69 1.00 0.00
0.70 2.09 5.86 1.00 0.00
0.70 2.09 6.04 1.00 0.00
0.70 2.09 6.21 1.00 0.00
0.70 2.09 6.39 1.00 0.00
0.70 2.09 6.56 1.00 0.00
0.70 2.09 6.73 1.00 0.00
0.70 2.09 6.91 1.00 0.00
0.70 2.09 7.08 1.00 0.00
0.70 2.09 7.26 1.00 0.00
0.90 2.09 4.35 1.00 0.00
0.90 2.09 4.52 1.00 0.00
0.90 2.09 4.70 1.00 0.00
0.90 2.09 4.87 1.00 0.00
0.90 2.09 5.05 1.00 0.00
0.90 2.09 5.22 1.00 0.00
0.90 2.09 5.40 1.00 0.00
0.90 2.09 5.57 1.00 0.00
0.90 2.09 5.74 1.00 0.00
0.90 2.09 5.92 1.00 0.00
0.90 2.09 6.09 1.00 0.00
0.90 2.09 6.27 1.00 0.00
0.90 2.09 6.44 1.00 0.00
0.90 2.09 6.62 1.00 0.00
0.90 2.09 6.79 1.00 0.00
0.90 2.09 6.97 1.00 0.00
0.90 2.09 7.14 1.00 0.00
0.90 2.09 7.32 1.00 0.00
1.10 2.09 4.40 1.00 0.00
1.10 2.09 4.58 1.00 0.00
1.10 2.09 4.75 1.00 0.00
1.10 2.09 4.93 1.00 0.00
1.10 2.09 5.10 1.00 0.00
1.10 2.09 5.28 1.00 0.00
1.10 2.09 5.45 1.00 0.00
1.10 2.09 5.63 1.00 0.00
1.10 2.09 5.80 1.00 0.00
1.10 2.09 5.97 1.00 0.00
1.10 2.09 6.15 1.00 0.00
1.10 2.09 6.32 1.00 0.00
1.10 2.09 6.50 1.00 0.00
1.10 2.09 6.67 1.00 0.00
1.10 2.09 6.85 1.00 0.00
1.10 2.09 7.02 1.00 0.00
1.10 2.09 7.20 1.00 0.00
1.10 2.09 7.37 1.00 0.00
0.30 2.27 4.17 1.00 0.00
0.30 2.27 4.35 1.00 0.00
0.30 2.27 4.52 1.00 0.00
0.30 2.27 4.70 1.00 0.00
0.30 2.27 4.87 1.00 0.00
0.30 2.27 5.05 1.00 0.00
0.30 2.27 5.22 1.00 0.00
0.30 2.27 5.40 1.00 0.00
0.30 2.27 5.57 1.00 0.00
0.30 2.27 5.75 1.00 0.00
0.30 2.27 5.92 1.00 0.00
0.30 2.27 6.09 1.00 0.00
0.30 2.27 6.27 1.00 0.00
0.30 2.27 6.44 1.00 0.00
0.30 2.27 6.62 1.00 0.00
0.30 2.27 6.79 1.00 0.00
0.30 2.27 6.97 1.00 0.00
0.30 2.27 7.14 1.00 0.00
0.50 2.27 4.23 1.00 0.00
0.50 2.27 4.41 1.00 0.00
0.50 2.27 4.58 1.00 0.00
0.50 2.27 4.75 1.00 0.00
0.50 2.27 4.93 1.00 0.00
0.50 2.27 5.10 1.00 0.00
0.50 2.27 5.28 1.00 0.00
0.50 2.27 5.45 1.00 0.00
0.50 2.27 5.63 1.00 0.00
0.50 2.27 5.80 1.00 0.00
0.50 2.27 5.98 1.00 0.00
0.50 2.27 6.15 1.00 0.00
0.50 2.27 6.32 1.00 0.00
0.50 2.27 6.50 1.00 0.00
0.50 2.27 6.67 1.00 0.00
0.50 2.27 6.85 1.00 0.00
0.50 2.27 7.02 1.00 0.00
0.50 2.27 7.20 1.00 0.00
0.70 2.27 4.28 1.00 0.00
0.70 2.27 4.46 1.00 0.00
0.70 2.27 4.63 1.00 0.00
0.70 2.27 4.81 1.00 0.00
0.70 2.27 4.98 1.00 0.00
0.70 2.27 5.16 1.00 0.00
0.70 2.27 5.33 1.00 0.00
0.70 2.27 5.51 1.00 0.00
0.70 2.27 5.68 1.00 0.00
0.70 2.27 5.86 1.00 0.00
0.70 2.27 6.03 1.00 0.00
0.70 2.27 6.20 1.00 0.00
0.70 2.27 6.38 1.00 0.00
0.70 2.27 6.55 1.00 0.00
0.70 2.27 6.73 1.00 0.00
0.70 2.27 6.90 1.00 0.00
0.70 2.27 7.08 1.00 0.00
0.70 2.27 7.25 1.00 0.00
0.90 2.27 4.34 1.00 0.00
0.90 2.27 4.51 1.00 0.00
0.90 2.27 4.69 1.00 0.00
0.90 2.27 4.86 1.00 0.00
0.90 2.27 5.04 1.00 0.00
0.90 2.27 5.21 1.00 0.00
0.90 2.27 5.38 1.00 0.00
0.90 2.27 5.56 1.00 0.00
0.90 2.27 5.73 1.00 0.00
0.90 2.27 5.91 1.00 0.00
0.90 2.27 6.08 1.00 0.00
0.90 2.27 6.26 1.00 0.00
0.90 2.27 6.43 1.00 0.00
0.90 2.27 6.61 1.00 0.00
0.90 2.27 6.78 1.00 0.00
0.90 2.27 6.96 1.00 0.00
0.90 2.27 7.13 1.00 0.00
0.90 2.27 7.30 1.00 0.00
1.10 2.27 4.39 1.00 0.00
1.10 2.27 4.56 1.00 0.00
1.10 2.27 4.74 1.00 0.00
1.10 2.27 4.91 1.00 0.00
1.10 2.27 5.09 1.00 0.00
1.10 2.27 5.26 1.00 0.00
1.10 2.27 5.44 1.00 0.00
1.10 2.27 5.61 1.00 0.00
1.10 2.27 5.78 1.00 0.00
1.10 2.27 5.96 1.00 0.00
1.10 2.27 6.13 1.00 0.00
1.10 2.27 6.31 1.00 0.00
1.10 2.27 6.48 1.00 0.00
1.10 2.27 6.66 1.00 0.00
1.10 2.27 6.83 1.00 0.00
1.10 2.27 7.01 1.00 0.00
1.10 2.27 7.18 1.00 0.00
1.10 2.27 7.36 1.00 0.00
0.30 2.44 4.17 1.00 0.00
0.30 2.44 4.35 1.00 0.00
0.30 2.44 4.52 1.00 0.00
0.30 2.44 4.69 1.00 0.00
0.30 2.44 4.87 1.00 0.00
0.30 2.44 5.04 1.00 0.00
0.30 2.44 5.22 1.00 0.00
0.30 2.44 5.39 1.00 0.00
0.30 2.44 5.57 1.00 0.00
0.30 2.44 5.74 1.00 0.00
0.30 2.44 5.92 1.00 0.00
0.30 2.44 6.09 1.00 0.00
0.30 2.44 6.27 1.00 0.00
0.30 2.44 6.44 1.00 0.00
0.30 2.44 6.61 1.00 0.00
0.30 2.44 6.79 1.00 0.00
0.30 2.44 6.96 1.00 0.00
0.30 2.44 7.14 1.00 0.00
0.50 2.44 4.22 1.00 0.00
0.50 2.44 4.40 1.00 0.00
0.50 2.44 4.57 1.00 0.00
0.50 2.44 4.75 1.00 0.00
0.50 2.44 4.92 1.00 0.00
0.50 2.44 5.10 1.00 0.00
0.50 2.44 5.27 1.00 0.00
0.50 2.44 5.45 1.00 0.00
0.50 2.44 5.62 1.00 0.00
0.50 2.44 5.79 1.00 0.00
0.50 2.44 5.97 1.00 0.00
0.50 2.44 6.14 1.00 0.00
0.50 2.44 6.32 1.00 0.00
0.50 2.44 6.49 1.00 0.00
0.50 2.44 6.67 1.00 0.00
0.50 2.44 6.84 1.00 0.00
0.50 2.44 7.02 1.00 0.00
0.50 2.44 7.19 1.00 0.00
0.70 2.44 4.27 1.00 0.00
0.70 2.44 4.45 1.00 0.00
0.70 2.44 4.62 1.00 0.00
0.70 2.44 4.80 1.00 0.00
0.70 2.44 4.97 1.00 0.00
0.70 2.44 5.15 1.00 0.00
0.70 2.44 5.32 1.00 0.00
0.70 2.44 5.50 1.00 0.00
0.70 2.44 5.67 1.00 0.00
0.70 2.44 5.84 1.00 0.00
0.70 2.44 6.02 1.00 0.00
0.70 2.44 6.19 1.00 0.00
0.70 2.44 6.37 1.00 0.00
0.70 2.44 6.54 1.00 0.00
0.70 2.44 6.72 1.00 0.00
0.70 2.44 6.89 1.00 0.00
0.70 2.44 7.07 1.00 0.00
0.70 2.44 7.24 1.00 0.00
0.90 2.44 4.32 1.00 0.00
0.90 2.44 4.50 1.00 0.00
0.90 2.44 4.67 1.00 0.00
0.90 2.44 4.84 1.00 0.00
0.90 2.44 5.02 1.00 0.00
0.90 2.44 5.19 1.00 0.00
0.90 2.44 5.37 1.00 0.00
0.90 2.44 5.54 1.00 0.00
0.90 2.44 5.72 1.00 0.00
0.90 2.44 5.89 1.00 0.00
0.90 2.44 6.07 1.00 0.00
0.90 2.44 6.24 1.00 0.00
0.90 2.44 6.42 1.00 0.00
0.90 2.44 6.59 1.00 0.00
0.90 2.44 6.76 1.00 0.00
0.90 2.44 6.94 1.00 0.00
0.90 2.44 7.11 1.00 0.00
0.90 2.44 7.29 1.00 0.00
1.10 2.44 4.37 1.00 0.00
1.10 2.44 4.54 1.00 0.00
1.10 2.44 4.72 1.00 0.00
1.10 2.44 4.89 1.00 0.00
1.10 2.44 5.06 1.00 0.00
1.10 2.44 5.24 1.00 0.00
1.10 2.44 5.41 1.00 0.00
1.10 2.44 5.59 1.00 0.00
1.10 2.44 5.76 1.00 0.00
1.10 2.44 5.94 1.00 0.00
1.10 2.44 6.11 1.00 0.00
1.10 2.44 6.29 1.00 0.00
1.10 2.44 6.46 1.00 0.00
1.10 2.44 6.64 1.00 0.00
1.10 2.44 6.81 1.00 0.00
1.10 2.44 6.98 1.00 0.00
1.10 2.44 7.16 1.00 0.00
1.10 2.44 7.33 1.00 0.00
0.30 2.62 4.17 1.00 0.00
0.30 2.62 4.34 1.00 0.00
0.30 2.62 4.51 1.00 0.00
0.30 2.62 4.69 1.00 0.00
0.30 2.62 4.86 1.00 0.00
0.30 2.62 5.04 1.00 0.00
0.30 2.62 5.21 1.00 0.00
0.30 2.62 5.39 1.00 0.00
0.30 2.62 5.56 1.00 0.00
0.30 2.62 5.74 1.00 0.00
0.30 2.62 5.91 1.00 0.00
0.30 2.62 6.09 1.00 0.00
0.30 2.62 6.26 1.00 0.00
0.30 2.62 6.43 1.00 0.00
0.30 2.62 6.61 1.00 0.00
0.30 2.62 6.78 1.00 0.00
0.30 2.62 6.96 1.00 0.00
0.30 2.62 7.13 1.00 0.00
0.50 2.62 4.21 1.00 0.00
0.50 2.62 4.39 1.00 0.00
0.50 2.62 4.56 1.00 0.00
0.50 2.62 4.74 1.00 0.00
0.50 2.62 4.91 1.00 0.00
0.50 2.62 5.09 1.00 0.00
0.50 2.62 5.26 1.00 0.00
0.50 2.62 5.43 1.00 0.00
0.50 2.62 5.61 1.00 0.00
0.50 2.62 5.78 1.00 0.00
0.50 2.62 5.96 1.00 0.00
0.50 2.62 6.13 1.00 0.00
0.50 2.62 6.31 1.00 0.00
0.50 2.62 6.48 1.00 0.00
0.50 2.62 6.66 1.00 0.00
0.50 2.62 6.83 1.00 0.00
0.50 2.62 7.01 1.00 0.00
0.50 2.62 7.18 1.00 0.00
0.70 2.62 4.26 1.00 0.00
0.70 2.62 4.43 1.00 0.00
0.70 2.62 4.61 1.00 0.00
0.70 2.62 4.78 1.00 0.00
0.70 2.62 4.96 1.00 0.00
0.70 2.62 5.13 1.00 0.00
0.70 2.62 5.30 1.00 0.00
0.70 2.62 5.48 1.00 0.00
0.70 2.62 5.65 1.00 0.00
0.70 2.62 5.83 1.00 0.00
0.70 2.62 6.00 1.00 0.00
0.70 2.62 6.18 1.00 0.00
0.70 2.62 6.35 1.00 0.00
0.70 2.62 6.53 1.00 0.00
0.70 2.62 6.70 1.00 0.00
0.70 2.62 6.88 1.00 0.00
0.70 2.62 7.05 1.00 0.00
0.70 2.62 7.22 1.00 0.00
0.90 2.62 4.30 1.00 0.00
0.90 2.62 4.47 1.00 0.00
0.90 2.62 4.65 1.00 0.00
0.90 2.62 4.82 1.00 0.00
0.90 2.62 5.00 1.00 0.00
0.90 2.62 5.17 1.00 0.00
0.90 2.62 5.35 1.00 0.00
0.90 2.62 5.52 1.00 0.00
0.90 2.62 5.70 1.00 0.00
0.90 2.62 5.87 1.00 0.00
0.90 2.62 6.04 1.00 0.00
0.90 2.62 6.22 1.00 0.00
0.90 2.62 6.39 1.00 0.00
0.90 2.62 6.57 1.00 0.00
0.90 2.62 6.74 1.00 0.00
0.90 2.62 6.92 1.00 0.00
0.90 2.62 7.09 1.00 0.00
0.90 2.62 7.27 1.00 0.00
1.10 2.62 4.34 1.00 0.00
1.10 2.62 4.51 1.00 0.00
1.10 2.62 4.69 1.00 0.00
1.10 2.62 4.86 1.00 0.00
1.10 2.62 5.04 1.00 0.00
1.10 2.62 5.21 1.00 0.00
1.10 2.62 5.39 1.00 0.00
1.10 2.62 5.56 1.00 0.00
1.10 2.62 5.74 1.00 0.00
1.10 2.62 5.91 1.00 0.00
1.10 2.62 6.08 1.00 0.00
1.10 2.62 6.26 1.00 0.00
1.10 2.62 6.43 1.00 0.00
1.10 2.62 6.61 1.00 0.00
1.10 2.62 6.78 1.00 0.00
1.10 2.62 6.96 1.00 0.00
1.10 2.62 7.13 1.00 0.00
1.10 2.62 7.31 1.00 0.00
0.30 2.79 4.16 1.00 0.00
0.30 2.79 4.33 1.00 0.00
0.30 2.79 4.51 1.00 0.00
0.30 2.79 4.68 1.00 0.00
0.30 2.79 4.86 1.00 0.00
0.30 2.79 5.03 1.00 0.00
0.30 2.79 5.20 1.00 0.00
0.30 2.79 5.38 1.00 0.00
0.30 2.79 5.55 1.00 0.00
0.30 2.79 5.73 1.00 0.00
0.30 2.79 5.90 1.00 0.00
0.30 2.79 6.08 1.00 0.00
0.30 2.79 6.25 1.00 0.00
0.30 2.79 6.43 1.00 0.00
0.30 2.79 6.60 1.00 0.00
0.30 2.79 6.78 1.00 0.00
0.30 2.79 6.95 1.00 0.00
0.30 2.79 7.12 1.00 0.00
0.50 2.79 4.20 1.00 0.00
0.50 2.79 4.37 1.00 0.00
0.50 2.79 4.55 1.00 0.00
0.50 2.79 4.72 1.00 0.00
0.50 2.79 4.90 1.00 0.00
0.50 2.79 5.07 1.00 0.00
0.50 2.79 5.25 1.00 0.00
0.50 2.79 5.42 1.00 0.00
0.50 2.79 5.60 1.00 0.00
0.50 2.79 5.77 1.00 0.00
0.50 2.79 5.94 1.00 0.00
0.50 2.79 6.12 1.00 0.00
0.50 2.79 6.29 1.00 0.00
0.50 2.79 6.47 1.00 0.00
0.50 2.79 6.64 1.00 0.00
0.50 2.79 6.82 1.00 0.00
0.50 2.79 6.99 1.00 0.00
0.50 2.79 7.17 1.00 0.00
0.70 2.79 4.24 1.00 0.00
0.70 2.79 4.41 1.00 0.00
0.70 2.79 4.59 1.00 0.00
0.70 2.79 4.76 1.00 0.00
0.70 2.79 4.94 1.00 0.00
0.70 2.79 5.11 1.00 0.00
0.70 2.79 5.29 1.00 0.00
0.70 2.79 5.46 1.00 0.00
0.70 2.79 5.63 1.00 0.00
0.70 2.79 5.81 1.00 0.00
0.70 2.79 5.98 1.00 0.00
0.70 2.79 6.16 1.00 0.00
0.70 2.79 6.33 1.00 0.00
0.70 2.79 6.51 1.00 0.00
0.70 2.79 6.68 1.00 0.00
0.70 2.79 6.86 1.00 0.00
0.70 2.79 7.03 1.00 0.00
0.70 2.79 7.20 1.00 0.00
0.90 2.79 4.27 1.00 0.00
0.90 2.79 4.45 1.00 0.00
0.90 2.79 4.62 1.00 0.00
0.90 2.79 4.80 1.00 0.00
0.90 2.79 4.97 1.00 0.00
0.90 2.79 5.15 1.00 0.00
0.90 2.79 5.32 1.00 0.00
0.90 2.79 5.50 1.00 0.00
0.90 2.79 5.67 1.00 0.00
0.90 2.79 5.84 1.00 0.00
0.90 2.79 6.02 1.00 0.00
0.90 2.79 6.19 1.00 0.00
0.90 2.79 6.37 1.00 0.00
0.90 2.79 6.54 1.00 0.00
0.90 2.79 6.72 1.00 0.00
0.90 2.79 6.89 1.00 0.00
0.90 2.79 7.07 1.00 0.00
0.90 2.79 7.24 1.00 0.00
1.10 2.79 4.31 1.00 0.00
1.10 2.79 4.48 1.00 0.00
1.10 2.79 4.66 1.00 0.00
1.10 2.79 4.83 1.00 0.00
1.10 2.79 5.01 1.00 0.00
1.10 2.79 5.18 1.00 0.00
1.10 2.79 5.36 1.00 0.00
1.10 2.79 5.53 1.00 0.00
1.10 2.79 5.70 1.00 0.00
1.10 2.79 5.88 1.00 0.00
1.10 2.79 6.05 1.00 0.00
1.10 2.79 6.23 1.00 0.00
1.10 2.79 6.40 1.00 0.00
1.10 2.79 6.58 1.00 0.00
1.10 2.79 6.75 1.00 0.00
1.10 2.79 6.93 1.00 0.00
1.10 2.79 7.10 1.00 0.00
1.10 2.79 7.27 1.00 0.00
0.30 2.97 4.15 1.00 0.00
0.30 2.97 4.32 1.00 0.00
0.30 2.97 4.50 1.00 0.00
0.30 2.97 4.67 1.00 0.00
0.30 2.97 4.85 1.00 0.00
0.30 2.97 5.02 1.00 0.00
0.30 2.97 5.19 1.00 0.00
0.30 2.97 5.37 1.00 0.00
0.30 2.97 5.54 1.00 0.00
0.30 2.97 5.72 1.00 0.00
0.30 2.97 5.89 1.00 0.00
0.30 2.97 6.07 1.00 0.00
0.30 2.97 6.24 1.00 0.00
0.30 2.97 6.42 1.00 0.00
0.30 2.97 6.59 1.00 0.00
0.30 2.97 6.77 1.00 0.00
0.30 2.97 6.94 1.00 0.00
0.30 2.97 7.11 1.00 0.00
0.50 2.97 4.18 1.00 0.00
0.50 2.97 4.36 1.00 0.00
0.50 2.97 4.53 1.00 0.00
0.50 2.97 4.71 1.00 0.00
0.50 2.97 4.88 1.00 0.00
0.50 2.97 5.06 1.00 0.00
0.50 2.97 5.23 1.00 0.00
0.50 2.97 5.40 1.00 0.00
0.50 2.97 5.58 1.00 0.00
0.50 2.97 5.75 1.00 0.00
0.50 2.97 5.93 1.00 0.00
0.50 2.97 6.10 1.00 0.00
0.50 2.97 6.28 1.00 0.00
0.50 2.97 6.45 1.00 0.00
0.50 2.97 6.63 1.00 0.00
0.50 2.97 6.80 1.00 0.00
0.50 2.97 6.98 1.00 0.00
0.50 2.97 7.15 1.00 0.00
0.70 2.97 4.22 1.00 0.00
0.70 2.97 4.39 1.00 0.00
0.70 2.97 4.56 1.00 0.00
0.70 2.97 4.74 1.00 0.00
0.70 2.97 4.91 1.00 0.00
0.70 2.97 5.09 1.00 0.00
0.70 2.97 5.26 1.00 0.00
0.70 2.97 5.44 1.00 0.00
0.70 2.97 5.61 1.00 0.00
0.70 2.97 5.79 1.00 0.00
0.70 2.97 5.96 1.00 0.00
0.70 2.97 6.14 1.00 0.00
0.70 2.97 6.31 1.00 0.00
0.70 2.97 6.48 1.00 0.00
0.70 2.97 6.66 1.00 0.00
0.70 2.97 6.83 1.00 0.00
0.70 2.97 7.01 1.00 0.00
0.70 2.97 7.18 1.00 0.00
0.90 2.97 4.25 1.00 0.00
0.90 2.97 4.42 1.00 0.00
0.90 2.97 4.59 1.00 0.00
0.90 2.97 4.77 1.00 0.00
0.90 2.97 4.94 1.00 0.00
0.90 2.97 5.12 1.00 0.00
0.90 2.97 5.29 1.00 0.00
0.90 2.97 5.47 1.00 0.00
0.90 2.97 5.64 1.00 0.00
0.90 2.97 5.82 1.00 0.00
0.90 2.97 5.99 1.00 0.00
0.90 2.97 6.17 1.00 0.00
0.90 2.97 6.34 1.00 0.00
0.90 2.97 6.51 1.00 0.00
0.90 2.97 6.69 1.00 0.00
0.90 2.97 6.86 1.00 0.00
0.90 2.97 7.04 1.00 0.00
0.90 2.97 7.21 1.00 0.00
1.10 2.97 4.27 1.00 0.00
1.10 2.97 4.45 1.00 0.00
1.10 2.97 4.62 1.00 0.00
1.10 2.97 4.80 1.00 0.00
1.10 2.97 4.97 1.00 0.00
1.10 2.97 5.15 1.00 0.00
1.10 2.97 5.32 1.00 0.00
1.10 2.97 5.49 1.00 0.00
1.10 2.97 5.67 1.00 0.00
1.10 2.97 5.84 1.00 0.00
1.10 2.97 6.02 1.00 0.00
1.10 2.97 6.19 1.00 0.00
1.10 2.97 6.37 1.00 0.00
1.10 2.97 6.54 1.00 0.00
1.10 2.97 6.72 1.00 0.00
1.10 2.97 6.89 1.00 0.00
1.10 2.97 7.07 1.00 0.00
1.10 2.97 7.24 1.00 0.00
0.30 3.14 4.14 1.00 0.00
0.30 3.14 4.31 1.00 0.00
0.30 3.14 4.49 1.00 0.00
0.30 3.14 4.66 1.00 0.00
0.30 3.14 4.83 1.00 0.00
0.30 3.14 5.01 1.00 0.00
0.30 3.14 5.18 1.00 0.00
0.30 3.14 5.36 1.00 0.00
0.30 3.14 5.53 1.00 0.00
0.30 3.14 5.71 1.00 0.00
0.30 3.14 5.88 1.00 0.00
0.30 3.14 6.06 1.00 0.00
0.30 3.14 6.23 1.00 0.00
0.30 3.14 6.41 1.00 0.00
0.30 3.14 6.58 1.00 0.00
0.30 3.14 6.75 1.00 0.00
0.30 3.14 6.93 1.00 0.00
0.30 3.14 7.10 1.00 0.00
0.50 3.14 4.16 1.00 0.00
0.50 3.14 4.34 1.00 0.00
0.50 3.14 4.51 1.00 0.00
0.50 3.14 4.69 1.00 0.00
0.50 3.14 4.86 1.00 0.00
0.50 3.14 5.04 1.00 0.00
0.50 3.14 5.21 1.00 0.00
0.50 3.14 5.39 1.00 0.00
0.50 3.14 5.56 1.00 0.00
0.50 3.14 5.74 1.00 0.00
0.50 3.14 5.91 1.00 0.00
0.50 3.14 6.08 1.00 0.00
0.50 3.14 6.26 1.00 0.00
0.50 3.14 6.43 1.00 0.00
0.50 3.14 6.61 1.00 0.00
0.50 3.14 6.78 1.00 0.00
0.50 3.14 6.96 1.00 0.00
0.50 3.14 7.13 1.00 0.00
0.70 3.14 4.19 1.00 0.00
0.70 3.14 4.36 1.00 0.00
0.70 3.14 4.54 1.00 0.00
0.70 3.14 4.71 1.00 0.00
0.70 3.14 4.89 1.00 0.00
0.70 3.14 5.06 1.00 0.00
0.70 3.14 5.24 1.00 0.00
0.70 3.14 5.41 1.00 0.00
0.70 3.14 5.59 1.00 0.00
0.70 3.14 5.76 1.00 0.00
0.70 3.14 5.94 1.00 0.00
0.70 3.14 6.11 1.00 0.00
0.70 3.14 6.28 1.00 0.00
0.70 3.14 6.46 1.00 0.00
0.70 3.14 6.63 1.00 0.00
0.70 3.14 6.81 1.00 0.00
0.70 3.14 6.98 1.00 0.00
0.70 3.14 7.16 1.00 0.00
0.90 3.14 4.21 1.00 0.00
0.90 3.14 4.39 1.00 0.00
0.90 3.14 4.56 1.00 0.00
0.90 3.14 4.74 1.00 0.00
0.90 3.14 4.91 1.00 0.00
0.90 3.14 5.09 1.00 0.00
0.90 3.14 5.26 1.00 0.00
0.90 3.14 5.44 1.00 0.00
0.90 3.14 5.61 1.00 0.00
0.90 3.14 5.78 1.00 0.00
0.90 3.14 5.96 1.00 0.00
0.90 3.14 6.13 1.00 0.00
0.90 3.14 6.31 1.00 0.00
0.90 3.14 6.48 1.00 0.00
0.90 3.14 6.66 1.00 0.00
0.90 3.14 6.83 1.00 0.00
0.90 3.14 7.01 1.00 0.00
0.90 3.14 7.18 1.00 0.00
1.10 3.14 4.24 1.00 0.00
1.10 3.14 4.41 1.00 0.00
1.10 3.14 4.58 1.00 0.00
1.10 3.14 4.76 1.00 0.00
1.10 3.14 4.93 1.00 0.00
1.10 3.14 5.11 1.00 0.00
1.10 3.14 5.28 1.00 0.00
1.10 3.14 5.46 1.00 0.00
1.10 3.14 5.63 1.00 0.00
1.10 3.14 5.81 1.00 0.00
1.10 3.14 5.98 1.00 0.00
1.10 3.14 6.16 1.00 0.00
1.10 3.14 6.33 1.00 0.00
1.10 3.14 6.50 1.00 0.00
1.10 3.14 6.68 1.00 0.00
1.10 3.14 6.85 1.00 0.00
1.10 3.14 7.03 1.00 0.00
1.10 3.14 7.20 1.00 0.00
0.30 3.32 4.12 1.00 0.00
0.30 3.32 4.30 1.00 0.00
0.30 3.32 4.47 1.00 0.00
0.30 3.32 4.65 1.00 0.00
0.30 3.32 4.82 1.00 0.00
0.30 3.32 5.00 1.00 0.00
0.30 3.32 5.17 1.00 0.00
0.30 3.32 5.35 1.00 0.00
0.30 3.32 5.52 1.00 0.00
0.30 3.32 5.70 1.00 0.00
0.30 3.32 5.87 1.00 0.00
0.30 3.32 6.04 1.00 0.00
0.30 3.32 6.22 1.00 0.00
0.30 3.32 6.39 1.00 0.00
0.30 3.32 6.57 1.00 0.00
0.30 3.32 6.74 1.00 0.00
0.30 3.32 6.92 1.00 0.00
0.30 3.32 7.09 1.00 0.00
0.50 3.32 4.14 1.00 0.00
0.50 3.32 4.32 1.00 0.00
0.50 3.32 4.49 1.00 0.00
0.50 3.32 4.67 1.00 0.00
0.50 3.32 4.84 1.00 0.00
0.50 3.32 5.02 1.00 0.00
0.50 3.32 5.19 1.00 0.00
0.50 3.32 5.37 1.00 0.00
0.50 3.32 5.54 1.00 0.00
0.50 3.32 5.72 1.00 0.00
0.50 3.32 5.89 1.00 0.00
0.50 3.32 6.06 1.00 0.00
0.50 3.32 6.24 1.00 0.00
0.50 3.32 6.41 1.00 0.00
0.50 3.32 6.59 1.00 0.00
0.50 3.32 6.76 1.00 0.00
0.50 3.32 6.94 1.00 0.00
0.50 3.32 7.11 1.00 0.00
0.70 3.32 4.16 1.00 0.00
0.70 3.32 4.34 1.00 0.00
0.70 3.32 4.51 1.00 0.00
0.70 3.32 4.69 1.00 0.00
0.70 3.32 4.86 1.00 0.00
0.70 3.32 5.04 1.00 0.00
0.70 3.32 5.21 1.00 0.00
0.70 3.32 5.38 1.00 0.00
0.70 3.32 5.56 1.00 0.00
0.70 3.32 5.73 1.00 0.00
0.70 3.32 5.91 1.00 0.00
0.70 3.32 6.08 1.00 0.00
0.70 3.32 6.26 1.00 0.00
0.70 3.32 6.43 1.00 0.00
0.70 3.32 6.61 1.00 0.00
0.70 3.32 6.78 1.00 0.00
0.70 3.32 6.96 1.00 0.00
0.70 3.32 7.13 1.00 0.00
0.90 3.32 4.18 1.00 0.00
0.90 3.32 4.35 1.00 0.00
0.90 3.32 4.53 1.00 0.00
0.90 3.32 4.70 1.00 0.00
0.90 3.32 4.88 1.00 0.00
0.90 3.32 5.05 1.00 0.00
0.90 3.32 5.23 1.00 0.00
0.90 3.32 5.40 1.00 0.00
0.90 3.32 5.58 1.00 0.00
0.90 3.32 5.75 1.00 0.00
0.90 3.32 5.93 1.00 0.00
0.90 3.32 6.10 1.00 0.00
0.90 3.32 6.27 1.00 0.00
0.90 3.32 6.45 1.00 0.00
0.90 3.32 6.62 1.00 0.00
0.90 3.32 6.80 1.00 0.00
0.90 3.32 6.97 1.00 0.00
0.90 3.32 7.15 1.00 0.00
1.10 3.32 4.20 1.00 0.00
1.10 3.32 4.37 1.00 0.00
1.10 3.32 4.54 1.00 0.00
1.10 3.32 4.72 1.00 0.00
1.10 3.32 4.89 1.00 0.00
1.10 3.32 5.07 1.00 0.00
1.10 3.32 5.24 1.00 0.00
1.10 3.32 5.42 1.00 0.00
1.10 3.32 5.59 1.00 0.00
1.10 3.32 5.77 1.00 0.00
1.10 3.32 5.94 1.00 0.00
1.10 3.32 6.12 1.00 0.00
1.10 3.32 6.29 1.00 0.00
1.10 3.32 6.46 1.00 0.00
1.10 3.32 6.64 1.00 0.00
1.10 3.32 6.81 1.00 0.00
1.10 3.32 6.99 1.00 0.00
1.10 3.32 7.16 1.00 0.00
0.30 3.49 4.11 1.00 0.00
0.30 3.49 4.29 1.00 0.00
0.30 3.49 4.46 1.00 0.00
0.30 3.49 4.63 1.00 0.00
0.30 3.49 4.81 1.00 0.00
0.30 3.49 4.98 1.00 0.00
0.30 3.49 5.16 1.00 0.00
0.30 3.49 5.33 1.00 0.00
0.30 3.49 5.51 1.00 0.00
0.30 3.49 5.68 1.00 0.00
0.30 3.49 5.86 1.00 0.00
0.30 3.49 6.03 1.00 0.00
0.30 3.49 6.21 1.00 0.00
0.30 3.49 6.38 1.00 0.00
0.30 3.49 6.55 1.00 0.00
0.30 3.49 6.73 1.00 0.00
0.30 3.49 6.90 1.00 0.00
0.30 3.49 7.08 1.00 0.00
0.50 3.49 4.12 1.00 0.00
0.50 3.49 4.30 1.00 0.00
0.50 3.49 4.47 1.00 0.00
0.50 3.49 4.65 1.00 0.00
0.50 3.49 4.82 1.00 0.00
0.50 3.49 5.00 1.00 0.00
0.50 3.49 5.17 1.00 0.00
0.50 3.49 5.35 1.00 0.00
0.50 3.49 5.52 1.00 0.00
0.50 3.49 5.69 1.00 0.00
0.50 3.49 5.87 1.00 0.00
0.50 3.49 6.04 1.00 0.00
0.50 3.49 6.22 1.00 0.00
0.50 3.49 6.39 1.00 0.00
0.50 3.49 6.57 1.00 0.00
0.50 3.49 6.74 1.00 0.00
0.50 3.49 6.92 1.00 0.00
0.50 3.49 7.09 1.00 0.00
0.70 3.49 4.14 1.00 0.00
0.70 3.49 4.31 1.00 0.00
0.70 3.49 4.48 1.00 0.00
0.70 3.49 4.66 1.00 0.00
0.70 3.49 4.83 1.00 0.00
0.70 3.49 5.01 1.00 0.00
0.70 3.49 5.18 1.00 0.00
0.70 3.49 5.36 1.00 0.00
0.70 3.49 5.53 1.00 0.00
0.70 3.49 5.71 1.00 0.00
0.70 3.49 5.88 1.00 0.00
0.70 3.49 6.05 1.00 0.00
0.70 3.49 6.23 1.00 0.00
0.70 3.49 6.40 1.00 0.00
0.70 3.49 6.58 1.00 0.00
0.70 3.49 6.75 1.00 0.00
0.70 3.49 6.93 1.00 0.00
0.70 3.49 7.10 1.00 0.00
0.90 3.49 4.15 1.00 0.00
0.90 3.49 4.32 1.00 0.00
0.90 3.49 4.49 1.00 0.00
0.90 3.49 4.67 1.00 0.00
0.90 3.49 4.84 1.00 0.00
0.90 3.49 5.02 1.00 0.00
0.90 3.49 5.19 1.00 0.00
0.90 3.49 5.37 1.00 0.00
0.90 3.49 5.54 1.00 0.00
0.90 3.49 5.72 1.00 0.00
0.90 3.49 5.89 1.00 0.00
0.90 3.49 6.07 1.00 0.00
0.90 3.49 6.24 1.00 0.00
0.90 3.49 6.41 1.00 0.00
0.90 3.49 6.59 1.00 0.00
0.90 3.49 6.76 1.00 0.00
0.90 3.49 6.94 1.00 0.00
0.90 3.49 7.11 1.00 0.00
1.10 3.49 4.16 1.00 0.00
1.10 3.49 4.33 1.00 0.00
1.10 3.49 4.50 1.00 0.00
1.10 3.49 4.68 1.00 0.00
1.10 3.49 4.85 1.00 0.00
1.10 3.49 5.03 1.00 0.00
1.10 3.49 5.20 1.00 0.00
1.10 3.49 5.38 1.00 0.00
1.10 3.49 5.55 1.00 0.00
1.10 3.49 5.73 1.00 0.00
1.10 3.49 5.90 1.00 0.00
1.10 3.49 6.07 1.00 0.00
1.10 3.49 6.25 1.00 0.00
1.10 3.49 6.42 1.00 0.00
1.10 3.49 6.60 1.00 0.00
1.10 3.49 6.77 1.00 0.00
1.10 3.49 6.95 1.00 0.00
1.10 3.49 7.12 1.00 0.00
0.30 3.67 4.10 1.00 0.00
0.30 3.67 4.27 1.00 0.00
0.30 3.67 4.45 1.00 0.00
0.30 3.67 4.62 1.00 0.00
0.30 3.67 4.80 1.00 0.00
0.30 3.67 4.97 1.00 0.00
0.30 3.67 5.14 1.00 0.00
0.30 3.67 5.32 1.00 0.00
0.30 3.67 5.49 1.00 0.00
0.30 3.67 5.67 1.00 0.00
0.30 3.67 5.84 1.00 0.00
0.30 3.67 6.02 1.00 0.00
0.30 3.67 6.19 1.00 0.00
0.30 3.67 6.37 1.00 0.00
0.30 3.67 6.54 1.00 0.00
0.30 3.67 6.72 1.00 0.00
0.30 3.67 6.89 1.00 0.00
0.30 3.67 7.06 1.00 0.00
0.50 3.67 4.10 1.00 0.00
0.50 3.67 4.28 1.00 0.00
0.50 3.67 4.45 1.00 0.00
0.50 3.67 4.63 1.00 0.00
0.50 3.67 4.80 1.00 0.00
0.50 3.67 4.97 1.00 0.00
0.50 3.67 5.15 1.00 0.00
0.50 3.67 5.32 1.00 0.00
0.50 3.67 5.50 1.00 0.00
0.50 3.67 5.67 1.00 0.00
0.50 3.67 5.85 1.00 0.00
0.50 3.67 6.02 1.00 0.00
0.50 3.67 6.20 1.00 0.00
0.50 3.67 6.37 1.00 0.00
0.50 3.67 6.55 1.00 0.00
0.50 3.67 6.72 1.00 0.00
0.50 3.67 6.89 1.00 0.00
0.50 3.67 7.07 1.00 0.00
0.70 3.67 4.11 1.00 0.00
0.70 3.67 4.28 1.00 0.00
0.70 3.67 4.46 1.00 0.00
0.70 3.67 4.63 1.00 0.00
0.70 3.67 4.80 1.00 0.00
0.70 3.67 4.98 1.00 0.00
0.70 3.67 5.15 1.00 0.00
0.70 3.67 5.33 1.00 0.00
0.70 3.67 5.50 1.00 0.00
0.70 3.67 5.68 1.00 0.00
0.70 3.67 5.85 1.00 0.00
0.70 3.67 6.03 1.00 0.00
0.70 3.67 6.20 1.00 0.00
0.70 3.67 6.38 1.00 0.00
0.70 3.67 6.55 1.00 0.00
0.70 3.67 6.72 1.00 0.00
0.70 3.67 6.90 1.00 0.00
0.70 3.67 7.07 1.00 0.00
0.90 3.67 4.11 1.00 0.00
0.90 3.67 4.28 1.00 0.00
0.90 3.67 4.46 1.00 0.00
0.90 3.67 4.63 1.00 0.00
0.90 3.67 4.81 1.00 0.00
0.90 3.67 4.98 1.00 0.00
0.90 3.67 5.16 1.00 0.00
0.90 3.67 5.33 1.00 0.00
0.90 3.67 5.51 1.00 0.00
0.90 3.67 5.68 1.00 0.00
0.90 3.67 5.86 1.00 0.00
0.90 3.67 6.03 1.00 0.00
0.90 3.67 6.20 1.00 0.00
0.90 3.67 6.38 1.00 0.00
0.90 3.67 6.55 1.00 0.00
0.90 3.67 6.73 1.00 0.00
0.90 3.67 6.90 1.00 0.00
0.90 3.67 7.08 1.00 0.00
1.10 3.67 4.11 1.00 0.00
1.10 3.67 4.29 1.00 0.00
1.10 3.67 4.46 1.00 0.00
1.10 3.67 4.64 1.00 0.00
1.10 3.67 4.81 1.00 0.00
1.10 3.67 4.99 1.00 0.00
1.10 3.67 5.16 1.00 0.00
1.10 3.67 5.34 1.00 0.00
1.10 3.67 5.51 1.00 0.00
1.10 3.67 5.68 1.00 0.00
1.10 3.67 5.86 1.00 0.00
1.10 3.67 6.03 1.00 0.00
1.10 3.67 6.21 1.00 0.00
1.10 3.67 6.38 1.00 0.00
1.10 3.67 6.56 1.00 0.00
1.10 3.67 6.73 1.00 0.00
1.10 3.67 6.91 1.00 0.00
1.10 3.67 7.08 1.00 0.00
0.30 3.84 10.37 1.00 0.00
0.30 3.84 10.54 1.00 0.00
0.30 3.84 10.72 1.00 0.00
0.30 3.84 10.89 1.00 0.00
0.30 3.84 11.06 1.00 0.00
0.30 3.84 11.24 1.00 0.00
0.30 3.84 11.41 1.00 0.00
0.30 3.84 11.59 1.00 0.00
0.30 3.84 11.76 1.00 0.00
0.30 3.84 11.94 1.00 0.00
0.30 3.84 12.11 1.00 0.00
0.30 3.84 12.29 1.00 0.00
0.30 3.84 12.46 1.00 0.00
0.30 3.84 12.64 1.00 0.00
0.30 3.84 12.81 1.00 0.00
0.30 3.84 12.98 1.00 0.00
0.30 3.84 13.16 1.00 0.00
0.30 3.84 13.33 1.00 0.00
0.50 3.84 10.36 1.00 0.00
0.50 3.84 10.54 1.00 0.00
0.50 3.84 10.71 1.00 0.00
0.50 3.84 10.89 1.00 0.00
0.50 3.84 11.06 1.00 0.00
0.50 3.84 11.24 1.00 0.00
0.50 3.84 11.41 1.00 0.00
0.50 3.84 11.58 1.00 0.00
0.50 3.84 11.76 1.00 0.00
0.50 3.84 11.93 1.00 0.00
0.50 3.84 12.11 1.00 0.00
0.50 3.84 12.28 1.00 0.00
0.50 3.84 12.46 1.00 0.00
0.50 3.84 12.63 1.00 0.00
0.50 3.84 12.81 1.00 0.00
0.50 3.84 12.98 1.00 0.00
0.50 3.84 13.16 1.00 0.00
0.50 3.84 13.33 1.00 0.00
0.70 3.84 10.36 1.00 0.00
0.70 3.84 10.53 1.00 0.00
0.70 3.84 10.71 1.00 0.00
0.70 3.84 10.88 1.00 0.00
0.70 3.84 11.06 1.00 0.00
0.70 3.84 11.23 1.00 0.00
0.70 3.84 11.41 1.00 0.00
0.70 3.84 11.58 1.00 0.00
0.70 3.84 11.76 1.00 0.00
0.70 3.84 11.93 1.00 0.00
0.70 3.84 12.11 1.00 0.00
0.70 3.84 12.28 1.00 0.00
0.70 3.84 12.45 1.00 0.00
0.70 3.84 12.63 1.00 0.00
0.70 3.84 12.80 1.00 0.00
0.70 3.84 12.98 1.00 0.00
0.70 3.84 13.15 1.00 0.00
0.70 3.84 13.33 1.00 0.00
0.90 3.84 10.36 1.00 0.00
0.90 3.84 10.53 1.00 0.00
0.90 3.84 10.71 1.00 0.00
0.90 3.84 10.88 1.00 0.00
0.90 3.84 11.06 1.00 0.00
0.90 3.84 11.23 1.00 0.00
0.90 3.84 11.40 1.00 0.00
0.90 3.84 11.58 1.00 0.00
0.90 3.84 11.75 1.00 0.00
0.90 3.84 11.93 1.00 0.00
0.90 3.84 12.10 1.00 0.00
0.90 3.84 12.28 1.00 0.00
0.90 3.84 12.45 1.00 0.00
0.90 3.84 12.63 1.00 0.00
0.90 3.84 12.80 1.00 0.00
0.90 3.84 12.98 1.00 0.00
0.90 3.84 13.15 1.00 0.00
0.90 3.84 13.32 1.00 0.00
1.10 3.84 10.35 1.00 0.00
1.10 3.84 10.53 1.00 0.00
1.10 3.84 10.70 1.00 0.00
1.10 3.84 10.88 1.00 0.00
1.10 3.84 11.05 1.00 0.00
1.10 3.84 11.23 1.00 0.00
1.10 3.84 11.40 1.00 0.00
1.10 3.84 11.58 1.00 0.00
1.10 3.84 11.75 1.00 0.00
1.10 3.84 11.93 1.00 0.00
1.10 3.84 12.10 1.00 0.00
1.10 3.84 12.27 1.00 0.00
1.10 3.84 12.45 1.00 0.00
1.10 3.84 12.62 1.00 0.00
1.10 3.84 12.80 1.00 0.00
1.10 3.84 12.97 1.00 0.00
1.10 3.84 13.15 1.00 0.00
1.10 3.84 13.32 1.00 0.00
0.30 4.01 10.35 1.00 0.00
0.30 4.01 10.53 1.00 0.00
0.30 4.01 10.70 1.00 0.00
0.30 4.01 10.88 1.00 0.00
0.30 4.01 11.05 1.00 0.00
0.30 4.01 11.23 1.00 0.00
0.30 4.01 11.40 1.00 0.00
0.30 4.01 11.57 1.00 0.00
0.30 4.01 11.75 1.00 0.00
0.30 4.01 11.92 1.00 0.00
0.30 4.01 12.10 1.00 0.00
0.30 4.01 12.27 1.00 0.00
0.30 4.01 12.45 1.00 0.00
0.30 4.01 12.62 1.00 0.00
0.30 4.01 12.80 1.00 0.00
0.30 4.01 12.97 1.00 0.00
0.30 4.01 13.15 1.00 0.00
0.30 4.01 13.32 1.00 0.00
0.50 4.01 10.34 1.00 0.00
0.50 4.01 10.52 1.00 0.00
0.50 4.01 10.69 1.00 0.00
0.50 4.01 10.87 1.00 0.00
0.50 4.01 11.04 1.00 0.00
0.50 4.01 11.21 1.00 0.00
0.50 4.01 11.39 1.00 0.00
0.50 4.01 11.56 1.00 0.00
0.50 4.01 11.74 1.00 0.00
0.50 4.01 11.91 1.00 0.00
0.50 4.01 12.09 1.00 0.00
0.50 4.01 12.26 1.00 0.00
0.50 4.01 12.44 1.00 0.00
0.50 4.01 12.61 1.00 0.00
0.50 4.01 12.78 1.00 0.00
0.50 4.01 12.96 1.00 0.00
0.50 4.01 13.13 1.00 0.00
0.50 4.01 13.31 1.00 0.00
0.70 4.01 10.33 1.00 0.00
0.70 4.01 10.51 1.00 0.00
0.70 4.01 10.68 1.00 0.00
0.70 4.01 10.85 1.00 0.00
0.70 4.01 11.03 1.00 0.00
0.70 4.01 11.20 1.00 0.00
0.70 4.01 11.38 1.00 0.00
0.70 4.01 11.55 1.00 0.00
0.70 4.01 11.73 1.00 0.00
0.70 4.01 11.90 1.00 0.00
0.70 4.01 12.08 1.00 0.00
0.70 4.01 12.25 1.00 0.00
0.70 4.01 12.43 1.00 0.00
0.70 4.01 12.60 1.00 0.00
0.70 4.01 12.77 1.00 0.00
0.70 4.01 12.95 1.00 0.00
0.70 4.01 13.12 1.00 0.00
0.70 4.01 13.30 1.00 0.00
0.90 4.01 10.32 1.00 0.00
0.90 4.01 10.50 1.00 0.00
0.90 4.01 10.67 1.00 0.00
0.90 4.01 10.85 1.00 0.00
0.90 4.01 11.02 1.00 0.00
0.90 4.01 11.19 1.00 0.00
0.90 4.01 11.37 1.00 0.00
0.90 4.01 11.54 1.00 0.00
0.90 4.01 11.72 1.00 0.00
0.90 4.01 11.89 1.00 0.00
0.90 4.01 12.07 1.00 0.00
0.90 4.01 12.24 1.00 0.00
0.90 4.01 12.42 1.00 0.00
0.90 4.01 12.59 1.00 0.00
0.90 4.01 12.77 1.00 0.00
0.90 4.01 12.94 1.00 0.00
0.90 4.01 13.11 1.00 0.00
0.90 4.01 13.29 1.00 0.00
1.10 4.01 10.31 1.00 0.00
1.10 4.01 10.49 1.00 0.00
1.10 4.01 10.66 1.00 0.00
1.10 4.01 10.84 1.00 0.00
1.10 4.01 11.01 1.00 0.00
1.10 4.01 11.19 1.00 0.00
1.10 4.01 11.36 1.00 0.00
1.10 4.01 11.53 1.00 0.00
1.10 4.01 11.71 1.00 0.00
1.10 4.01 11.88 1.00 0.00
1.10 4.01 12.06 1.00 0.00
1.10 4.01 12.23 1.00 0.00
1.10 4.01 12.41 1.00 0.00
1.10 4.01 12.58 1.00 0.00
1.10 4.01 12.76 1.00 0.00
1.10 4.01 12.93 1.00 0.00
1.10 4.01 13.11 1.00 0.00
1.10 4.01 13.28 1.00 0.00
0.30 4.19 10.34 1.00 0.00
0.30 4.19 10.51 1.00 0.00
0.30 4.19 10.69 1.00 0.00
0.30 4.19 10.86 1.00 0.00
0.30 4.19 11.04 1.00 0.00
0.30 4.19 11.21 1.00 0.00
0.30 4.19 11.39 1.00 0.00
0.30 4.19 11.56 1.00 0.00
0.30 4.19 11.74 1.00 0.00
0.30 4.19 11.91 1.00 0.00
0.30 4.19 12.09 1.00 0.00
0.30 4.19 12.26 1.00 0.00
0.30 4.19 12.43 1.00 0.00
0.30 4.19 12.61 1.00 0.00
0.30 4.19 12.78 1.00 0.00
0.30 4.19 12.96 1.00 0.00
0.30 4.19 13.13 1.00 0.00
0.30 4.19 13.31 1.00 0.00
0.50 4.19 10.32 1.00 0.00
0.50 4.19 10.49 1.00 0.00
0.50 4.19 10.67 1.00 0.00
0.50 4.19 10.84 1.00 0.00
0.50 4.19 11.02 1.00 0.00
0.50 4.19 11.19 1.00 0.00
0.50 4.19 11.37 1.00 0.00
0.50 4.19 11.54 1.00 0.00
0.50 4.19 11.72 1.00 0.00
0.50 4.19 11.89 1.00 0.00
0.50 4.19 12.07 1.00 0.00
0.50 4.19 12.24 1.00 0.00
0.50 4.19 12.41 1.00 0.00
0.50 4.19 12.59 1.00 0.00
0.50 4.19 12.76 1.00 0.00
0.50 4.19 12.94 1.00 0.00
0.50 4.19 13.11 1.00 0.00
0.50 4.19 13.29 1.00 0.00
0.70 4.19 10.30 1.00 0.00
0.70 4.19 10.48 1.00 0.00
0.70 4.19 10.65 1.00 0.00
0.70 4.19 10.83 1.00 0.00
0.70 4.19 11.00 1.00 0.00
0.70 4.19 11.18 1.00 0.00
0.70 4.19 11.35 1.00 0.00
0.70 4.19 11.52 1.00 0.00
0.70 4.19 11.70 1.00 0.00
0.70 4.19 11.87 1.00 0.00
0.70 4.19 12.05 1.00 0.00
0.70 4.19 12.22 1.00 0.00
0.70 4.19 12.40 1.00 0.00
0.70 4.19 12.57 1.00 0.00
0.70 4.19 12.75 1.00 0.00
0.70 4.19 12.92 1.00 0.00
0.70 4.19 13.10 1.00 0.00
0.70 4.19 13.27 1.00 0.00
0.90 4.19 10.29 1.00 0.00
0.90 4.19 10.46 1.00 0.00
0.90 4.19 10.64 1.00 0.00
0.90 4.19 10.81 1.00 0.00
0.90 4.19 10.98 1.00 0.00
0.90 4.19 11.16 1.00 0.00
0.90 4.19 11.33 1.00 0.00
0.90 4.19 11.51 1.00 0.00
0.90 4.19 11.68 1.00 0.00
0.90 4.19 11.86 1.00 0.00
0.90 4.19 12.03 1.00 0.00
0.90 4.19 12.21 1.00 0.00
0.90 4.19 12.38 1.00 0.00
0.90 4.19 12.56 1.00 0.00
0.90 4.19 12.73 1.00 0.00
0.90 4.19 12.90 1.00 0.00
0.90 4.19 13.08 1.00 0.00
0.90 4.19 13.25 1.00 0.00
1.10 4.19 10.27 1.00 0.00
1.10 4.19 10.45 1.00 0.00
1.10 4.19 10.62 1.00 0.00
1.10 4.19 10.80 1.00 0.00
1.10 4.19 10.97 1.00 0.00
1.10 4.19 11.14 1.00 0.00
1.10 4.19 11.32 1.00 0.00
1.10 4.19 11.49 1.00 0.00
1.10 4.19 11.67 1.00 0.00
1.10 4.19 11.84 1.00 0.00
1.10 4.19 12.02 1.00 0.00
1.10 4.19 12.19 1.00 0.00
1.10 4.19 12.37 1.00 0.00
1.10 4.19 12.54 1.00 0.00
1.10 4.19 12.72 1.00 0.00
1.10 4.19 12.89 1.00 0.00
1.10 4.19 13.06 1.00 0.00
1.10 4.19 13.24 1.00 0.00
0.30 4.36 10.33 1.00 0.00
0.30 4.36 10.50 1.00 0.00
0.30 4.36 10.68 1.00 0.00
0.30 4.36 10.85 1.00 0.00
0.30 4.36 11.03 1.00 0.00
0.30 4.36 11.20 1.00 0.00
0.30 4.36 11.37 1.00 0.00
0.30 4.36 11.55 1.00 0.00
0.30 4.36 11.72 1.00 0.00
0.30 4.36 11.90 1.00 0.00
0.30 4.36 12.07 1.00 0.00
0.30 4.36 12.25 1.00 0.00
0.30 4.36 12.42 1.00 0.00
0.30 4.36 12.60 1.00 0.00
0.30 4.36 12.77 1.00 0.00
0.30 4.36 12.95 1.00 0.00
0.30 4.36 13.12 1.00 0.00
0.30 4.36 13.29 1.00 0.00
0.50 4.36 10.30 1.00 0.00
0.50 4.36 10.47 1.00 0.00
0.50 4.36 10.65 1.00 0.00
0.50 4.36 10.82 1.00 0.00
0.50 4.36 11.00 1.00 0.00
0.50 4.36 11.17 1.00 0.00
0.50 4.36 11.35 1.00 0.00
0.50 4.36 11.52 1.00 0.00
0.50 4.36 11.70 1.00 0.00
0.50 4.36 11.87 1.00 0.00
0.50 4.36 12.05 1.00 0.00
0.50 4.36 12.22 1.00 0.00
0.50 4.36 12.39 1.00 0.00
0.50 4.36 12.57 1.00 0.00
0.50 4.36 12.74 1.00 0.00
0.50 4.36 12.92 1.00 0.00
0.50 4.36 13.09 1.00 0.00
0.50 4.36 13.27 1.00 0.00
0.70 4.36 10.28 1.00 0.00
0.70 4.36 10.45 1.00 0.00
0.70 4.36 10.62 1.00 0.00
0.70 4.36 10.80 1.00 0.00
0.70 4.36 10.97 1.00 0.00
0.70 4.36 11.15 1.00 0.00
0.70 4.36 11.32 1.00 0.00
0.70 4.36 11.50 1.00 0.00
0.70 4.36 11.67 1.00 0.00
0.70 4.36 11.85 1.00 0.00
0.70 4.36 12.02 1.00 0.00
0.70 4.36 12.20 1.00 0.00
0.70 4.36 12.37 1.00 0.00
0.70 4.36 12.54 1.00 0.00
0.70 4.36 12.72 1.00 0.00
0.70 4.36 12.89 1.00 0.00
0.70 4.36 13.07 1.00 0.00
0.70 4.36 13.24 1.00 0.00
0.90 4.36 10.25 1.00 0.00
0.90 4.36 10.43 1.00 0.00
0.90 4.36 10.60 1.00 0.00
0.90 4.36 10.78 1.00 0.00
0.90 4.36 10.95 1.00 0.00
0.90 4.36 11.13 1.00 0.00
0.90 4.36 11.30 1.00 0.00
0.90 4.36 11.47 1.00 0.00
0.90 4.36 11.65 1.00 0.00
0.90 4.36 11.82 1.00 0.00
0.90 4.36 12.00 1.00 0.00
0.90 4.36 12.17 1.00 0.00
0.90 4.36 12.35 1.00 0.00
0.90 4.36 12.52 1.00 0.00
0.90 4.36 12.70 1.00 0.00
0.90 4.36 12.87 1.00 0.00
0.90 4.36 13.05 1.00 0.00
0.90 4.36 13.22 1.00 0.00
1.10 4.36 10.23 1.00 0.00
1.10 4.36 10.41 1.00 0.00
1.10 4.36 10.58 1.00 0.00
1.10 4.36 10.76 1.00 0.00
1.10 4.36 10.93 1.00 0.00
1.10 4.36 11.10 1.00 0.00
1.10 4.36 11.28 1.00 0.00
1.10 4.36 11.45 1.00 0.00
1.10 4.36 11.63 1.00 0.00
1.10 4.36 11.80 1.00 0.00
1.10 4.36 11.98 1.00 0.00
1.10 4.36 12.15 1.00 0.00
1.10 4.36 12.33 1.00 0.00
1.10 4.36 12.50 1.00 0.00
1.10 4.36 12.68 1.00 0.00
1.10 4.36 12.85 1.00 0.00
1.10 4.36 13.02 1.00 0.00
1.10 4.36 13.20 1.00 0.00
0.30 4.54 10.32 1.00 0.00
0.30 4.54 10.49 1.00 0.00
0.30 4.54 10.67 1.00 0.00
0.30 4.54 10.84 1.00 0.00
0.30 4.54 11.01 1.00 0.00
0.30 4.54 11.19 1.00 0.00
0.30 4.54 11.36 1.00 0.00
0.30 4.54 11.54 1.00 0.00
0.30 4.54 11.71 1.00 0.00
0.30 4.54 11.89 1.00 0.00
0.30 4.54 12.06 1.00 0.00
0.30 4.54 12.24 1.00 0.00
0.30 4.54 12.41 1.00 0.00
0.30 4.54 12.58 1.00 0.00
0.30 4.54 12.76 1.00 0.00
0.30 4.54 12.93 1.00 0.00
0.30 4.54 13.11 1.00 0.00
0.30 4.54 13.28 1.00 0.00
0.50 4.54 10.28 1.00 0.00
0.50 4.54 10.46 1.00 0.00
0.50 4.54 10.63 1.00 0.00
0.50 4.54 10.81 1.00 0.00
0.50 4.54 10.98 1.00 0.00
0.50 4.54 11.15 1.00 0.00
0.50 4.54 11.33 1.00 0.00
0.50 4.54 11.50 1.00 0.00
0.50 4.54 11.68 1.00 0.00
0.50 4.54 11.85 1.00 0.00
0.50 4.54 12.03 1.00 0.00
0.50 4.54 12.20 1.00 0.00
0.50 4.54 12.38 1.00 0.00
0.50 4.54 12.55 1.00 0.00
0.50 4.54 12.73 1.00 0.00
0.50 4.54 12.90 1.00 0.00
0.50 4.54 13.07 1.00 0.00
0.50 4.54 13.25 1.00 0.00
0.70 4.54 10.25 1.00 0.00
0.70 4.54 10.42 1.00 0.00
0.70 4.54 10.60 1.00 0.00
0.70 4.54 10.77 1.00 0.00
0.70 4.54 10.95 1.00 0.00
0.70 4.54 11.12 1.00 0.00
0.70 4.54 11.30 1.00 0.00
0.70 4.54 11.47 1.00 0.00
0.70 4.54 11.65 1.00 0.00
0.70 4.54 11.82 1.00 0.00
0.70 4.54 12.00 1.00 0.00
0.70 4.54 12.17 1.00 0.00
0.70 4.54 12.34 1.00 0.00
0.70 4.54 12.52 1.00 0.00
0.70 4.54 12.69 1.00 0.00
0.70 4.54 12.87 1.00 0.00
0.70 4.54 13.04 1.00 0.00
0.70 4.54 13.22 1.00 0.00
0.90 4.54 10.22 1.00 0.00
0.90 4.54 10.40 1.00 0.00
0.90 4.54 10.57 1.00 0.00
0.90 4.54 10.74 1.00 0.00
0.90 4.54 10.92 1.00 0.00
0.90 4.54 11.09 1.00 0.00
0.90 4.54 11.27 1.00 0.00
0.90 4.54 11.44 1.00 0.00
0.90 4.54 11.62 1.00 0.00
0.90 4.54 11.79 1.00 0.00
0.90 4.54 11.97 1.00 0.00
0.90 4.54 12.14 1.00 0.00
0.90 4.54 12.32 1.00 0.00
0.90 4.54 12.49 1.00 0.00
0.90 4.54 12.66 1.00 0.00
0.90 4.54 12.84 1.00 0.00
0.90 4.54 13.01 1.00 0.00
0.90 4.54 13.19 1.00 0.00
1.10 4.54 10.19 1.00 0.00
1.10 4.54 10.37 1.00 0.00
1.10 4.54 10.54 1.00 0.00
1.10 4.54 10.72 1.00 0.00
1.10 4.54 10.89 1.00 0.00
1.10 4.54 11.07 1.00 0.00
1.10 4.54 11.24 1.00 0.00
1.10 4.54 11.42 1.00 0.00
1.10 4.54 11.59 1.00 0.00
1.10 4.54 11.77 1.00 0.00
1.10 4.54 11.94 1.00 0.00
1.10 4.54 12.11 1.00 0.00
1.10 4.54 12.29 1.00 0.00
1.10 4.54 12.46 1.00 0.00
1.10 4.54 12.64 1.00 0.00
1.10 4.54 12.81 1.00 0.00
1.10 4.54 12.99 1.00 0.00
1.10 4.54 13.16 1.00 0.00
0.30 4.71 10.31 1.00 0.00
0.30 4.71 10.48 1.00 0.00
0.30 4.71 10.66 1.00 0.00
0.30 4.71 10.83 1.00 0.00
0.30 4.71 11.00 1.00 0.00
0.30 4.71 11.18 1.00 0.00
0.30 4.71 11.35 1.00 0.00
0.30 4.71 11.53 1.00 0.00
0.30 4.71 11.70 1.00 0.00
0.30 4.71 11.88 1.00 0.00
0.30 4.71 12.05 1.00 0.00
0.30 4.71 12.23 1.00 0.00
0.30 4.71 12.40 1.00 0.00
0.30 4.71 12.57 1.00 0.00
0.30 4.71 12.75 1.00 0.00
0.30 4.71 12.92 1.00 0.00
0.30 4.71 13.10 1.00 0.00
0.30 4.71 13.27 1.00 0.00
0.50 4.71 10.27 1.00 0.00
0.50 4.71 10.44 1.00 0.00
0.50 4.71 10.61 1.00 0.00
0.50 4.71 10.79 1.00 0.00
0.50 4.71 10.96 1.00 0.00
0.50 4.71 11.14 1.00 0.00
0.50 4.71 11.31 1.00 0.00
0.50 4.71 11.49 1.00 0.00
0.50 4.71 11.66 1.00 0.00
0.50 4.71 11.84 1.00 0.00
0.50 4.71 12.01 1.00 0.00
0.50 4.71 12.19 1.00 0.00
0.50 4.71 12.36 1.00 0.00
0.50 4.71 12.53 1.00 0.00
0.50 4.71 12.71 1.00 0.00
0.50 4.71 12.88 1.00 0.00
0.50 4.71 13.06 1.00 0.00
0.50 4.71 13.23 1.00 0.00
0.70 4.71 10.23 1.00 0.00
0.70 4.71 10.40 1.00 0.00
0.70 4.71 10.58 1.00 0.00
0.70 4.71 10.75 1.00 0.00
0.70 4.71 10.93 1.00 0.00
0.70 4.71 11.10 1.00 0.00
0.70 4.71 11.27 1.00 0.00
0.70 4.71 11.45 1.00 0.00
0.70 4.71 11.62 1.00 0.00
0.70 4.71 11.80 1.00 0.00
0.70 4.71 11.97 1.00 0.00
0.70 4.71 12.15 1.00 0.00
0.70 4.71 12.32 1.00 0.00
0.70 4.71 12.50 1.00 0.00
0.70 4.71 12.67 1.00 0.00
0.70 4.71 12.85 1.00 0.00
0.70 4.71 13.02 1.00 0.00
0.70 4.71 13.19 1.00 0.00
0.90 4.71 10.19 1.00 0.00
0.90 4.71 10.37 1.00 0.00
0.90 4.71 10.54 1.00 0.00
0.90 4.71 10.72 1.00 0.00
0.90 4.71 10.89 1.00 0.00
0.90 4.71 11.06 1.00 0.00
0.90 4.71 11.24 1.00 0.00
0.90 4.71 11.41 1.00 0.00
0.90 4.71 11.59 1.00 0.00
0.90 4.71 11.76 1.00 0.00
0.90 4.71 11.94 1.00 0.00
0.90 4.71 12.11 1.00 0.00
0.90 4.71 12.29 1.00 0.00
0.90 4.71 12.46 1.00 0.00
0.90 4.71 12.64 1.00 0.00
0.90 4.71 12.81 1.00 0.00
0.90 4.71 12.98 1.00 0.00
0.90 4.71 13.16 1.00 0.00
1.10 4.71 10.16 1.00 0.00
1.10 4.71 10.33 1.00 0.00
1.10 4.71 10.51 1.00 0.00
1.10 4.71 10.68 1.00 0.00
1.10 4.71 10.86 1.00 0.00
1.10 4.71 11.03 1.00 0.00
1.10 4.71 11.21 1.00 0.00
1.10 4.71 11.38 1.00 0.00
1.10 4.71 11.56 1.00 0.00
1.10 4.71 11.73 1.00 0.00
1.10 4.71 11.90 1.00 0.00
1.10 4.71 12.08 1.00 0.00
1.10 4.71 12.25 1.00 0.00
1.10 4.71 12.43 1.00 0.00
1.10 4.71 12.60 1.00 0.00
1.10 4.71 12.78 1.00 0.00
1.10 4.71 12.95 1.00 0.00
1.10 4.71 13.13 1.00 0.00
0.30 4.89 10.30 1.00 0.00
0.30 4.89 10.47 1.00 0.00
0.30 4.89 10.65 1.00 0.00
0.30 4.89 10.82 1.00 0.00
0.30 4.89 11.00 1.00 0.00
0.30 4.89 11.17 1.00 0.00
0.30 4.89 11.35 1.00 0.00
0.30 4.89 11.52 1.00 0.00
0.30 4.89 11.69 1.00 0.00
0.30 4.89 11.87 1.00 0.00
0.30 4.89 12.04 1.00 0.00
0.30 4.89 12.22 1.00 0.00
0.30 4.89 12.39 1.00 0.00
0.30 4.89 12.57 1.00 0.00
0.30 4.89 12.74 1.00 0.00
0.30 4.89 12.92 1.00 0.00
0.30 4.89 13.09 1.00 0.00
0.30 4.89 13.26 1.00 0.00
0.50 4.89 10.25 1.00 0.00
0.50 4.89 10.43 1.00 0.00
0.50 4.89 10.60 1.00 0.00
0.50 4.89 10.77 1.00 0.00
0.50 4.89 10.95 1.00 0.00
0.50 4.89 11.12 1.00 0.00
0.50 4.89 11.30 1.00 0.00
0.50 4.89 11.47 1.00 0.00
0.50 4.89 11.65 1.00 0.00
0.50 4.89 11.82 1.00 0.00
0.50 4.89 12.00 1.00 0.00
0.50 4.89 12.17 1.00 0.00
0.50 4.89 12.35 1.00 0.00
0.50 4.89 12.52 1.00 0.00
0.50 4.89 12.69 1.00 0.00
0.50 4.89 12.87 1.00 0.00
0.50 4.89 13.04 1.00 0.00
0.50 4.89 13.22 1.00 0.00
0.70 4.89 10.21 1.00 0.00
0.70 4.89 10.38 1.00 0.00
0.70 4.89 10.56 1.00 0.00
0.70 4.89 10.73 1.00 0.00
0.70 4.89 10.91 1.00 0.00
0.70 4.89 11.08 1.00 0.00
0.70 4.89 11.25 1.00 0.00
0.70 4.89 11.43 1.00 0.00
0.70 4.89 11.60 1.00 0.00
0.70 4.89 11.78 1.00 0.00
0.70 4.89 11.95 1.00 0.00
0.70 4.89 12.13 1.00 0.00
0.70 4.89 12.30 1.00 0.00
0.70 4.89 12.48 1.00 0.00
0.70 4.89 12.65 1.00 0.00
0.70 4.89 12.83 1.00 0.00
0.70 4.89 13.00 1.00 0.00
0.70 4.89 13.17 1.00 0.00
0.90 4.89 10.17 1.00 0.00
0.90 4.89 10.34 1.00 0.00
0.90 4.89 10.51 1.00 0.00
0.90 4.89 10.69 1.00 0.00
0.90 4.89 10.86 1.00 0.00
0.90 4.89 11.04 1.00 0.00
0.90 4.89 11.21 1.00 0.00
0.90 4.89 11.39 1.00 0.00
0.90 4.89 11.56 1.00 0.00
0.90 4.89 11.74 1.00 0.00
0.90 4.89 11.91 1.00 0.00
0.90 4.89 12.09 1.00 0.00
0.90 4.89 12.26 1.00 0.00
0.90 4.89 12.43 1.00 0.00
0.90 4.89 12.61 1.00 0.00
0.90 4.89 12.78 1.00 0.00
0.90 4.89 12.96 1.00 0.00
0.90 4.89 13.13 1.00 0.00
1.10 4.89 10.13 1.00 0.00
1.10 4.89 10.30 1.00 0.00
1.10 4.89 10.48 1.00 0.00
1.10 4.89 10.65 1.00 0.00
1.10 4.89 10.83 1.00 0.00
1.10 4.89 11.00 1.00 0.00
1.10 4.89 11.17 1.00 0.00
1.10 4.89 11.35 1.00 0.00
1.10 4.89 11.52 1.00 0.00
1.10 4.89 11.70 1.00 0.00
1.10 4.89 11.87 1.00 0.00
1.10 4.89 12.05 1.00 0.00
1.10 4.89 12.22 1.00 0.00
1.10 4.89 12.40 1.00 0.00
1.10 4.89 12.57 1.00 0.00
1.10 4.89 12.74 1.00 0.00
1.10 4.89 12.92 1.00 0.00
1.10 4.89 13.09 1.00 0.00
0.30 5.06 10.29 1.00 0.00
0.30 5.06 10.47 1.00 0.00
0.30 5.06 10.64 1.00 0.00
0.30 5.06 10.82 1.00 0.00
0.30 5.06 10.99 1.00 0.00
0.30 5.06 11.16 1.00 0.00
0.30 5.06 11.34 1.00 0.00
0.30 5.06 11.51 1.00 0.00
0.30 5.06 11.69 1.00 0.00
0.30 5.06 11.86 1.00 0.00
0.30 5.06 12.04 1.00 0.00
0.30 5.06 12.21 1.00 0.00
0.30 5.06 12.39 1.00 0.00
0.30 5.06 12.56 1.00 0.00
0.30 5.06 12.74 1.00 0.00
0.30 5.06 12.91 1.00 0.00
0.30 5.06 13.08 1.00 0.00
0.30 5.06 13.26 1.00 0.00
0.50 5.06 10.24 1.00 0.00
0.50 5.06 10.41 1.00 0.00
0.50 5.06 10.59 1.00 0.00
0.50 5.06 10.76 1.00 0.00
0.50 5.06 10.94 1.00 0.00
0.50 5.06 11.11 1.00 0.00
0.50 5.06 11.29 1.00 0.00
0.50 5.06 11.46 1.00 0.00
0.50 5.06 11.64 1.00 0.00
0.50 5.06 11.81 1.00 0.00
0.50 5.06 11.99 1.00 0.00
0.50 5.06 12.16 1.00 0.00
0.50 5.06 12.33 1.00 0.00
0.50 5.06 12.51 1.00 0.00
0.50 5.06 12.68 1.00 0.00
0.50 5.06 12.86 1.00 0.00
0.50 5.06 13.03 1.00 0.00
0.50 5.06 13.21 1.00 0.00
0.70 5.06 10.19 1.00 0.00
0.70 5.06 10.37 1.00 0.00
0.70 5.06 10.54 1.00 0.00
0.70 5.06 10.71 1.00 0.00
0.70 5.06 10.89 1.00 0.00
0.70 5.06 11.06 1.00 0.00
0.70 5.06 11.24 1.00 0.00
0.70 5.06 11.41 1.00 0.00
0.70 5.06 11.59 1.00 0.00
0.70 5.06 11.76 1.00 0.00
0.70 5.06 11.94 1.00 0.00
0.70 5.06 12.11 1.00 0.00
0.70 5.06 12.29 1.00 0.00
0.70 5.06 12.46 1.00 0.00
0.70 5.06 12.63 1.00 0.00
0.70 5.06 12.81 1.00 0.00
0.70 5.06 12.98 1.00 0.00
0.70 5.06 13.16 1.00 0.00
0.90 5.06 10.14 1.00 0.00
0.90 5.06 10.32 1.00 0.00
0.90 5.06 10.49 1.00 0.00
0.90 5.06 10.67 1.00 0.00
0.90 5.06 10.84 1.00 0.00
0.90 5.06 11.02 1.00 0.00
0.90 5.06 11.19 1.00 0.00
0.90 5.06 11.37 1.00 0.00
0.90 5.06 11.54 1.00 0.00
0.90 5.06 11.71 1.00 0.00
0.90 5.06 11.89 1.00 0.00
0.90 5.06 12.06 1.00 0.00
0.90 5.06 12.24 1.00 0.00
0.90 5.06 12.41 1.00 0.00
0.90 5.06 12.59 1.00 0.00
0.90 5.06 12.76 1.00 0.00
0.90 5.06 12.94 1.00 0.00
0.90 5.06 13.11 1.00 0.00
1.10 5.06 10.10 1.00 0.00
1.10 5.06 10.27 1.00 0.00
1.10 5.06 10.45 1.00 0.00
1.10 5.06 10.62 1.00 0.00
1.10 5.06 10.80 1.00 0.00
1.10 5.06 10.97 1.00 0.00
1.10 5.06 11.15 1.00 0.00
1.10 5.06 11.32 1.00 0.00
1.10 5.06 11.50 1.00 0.00
1.10 5.06 11.67 1.00 0.00
1.10 5.06 11.84 1.00 0.00
1.10 5.06 12.02 1.00 0.00
1.10 5.06 12.19 1.00 0.00
1.10 5.06 12.37 1.00 0.00
1.10 5.06 12.54 1.00 0.00
1.10 5.06 12.72 1.00 0.00
1.10 5.06 12.89 1.00 0.00
1.10 5.06 13.07 1.00 0.00
0.30 5.24 10.29 1.00 0.00
0.30 5.24 10.46 1.00 0.00
0.30 5.24 10.64 1.00 0.00
0.30 5.24 10.81 1.00 0.00
0.30 5.24 10.99 1.00 0.00
0.30 5.24 11.16 1.00 0.00
0.30 5.24 11.33 1.00 0.00
0.30 5.24 11.51 1.00 0.00
0.30 5.24 11.68 1.00 0.00
0.30 5.24 11.86 1.00 0.00
0.30 5.24 12.03 1.00 0.00
0.30 5.24 12.21 1.00 0.00
0.30 5.24 12.38 1.00 0.00
0.30 5.24 12.56 1.00 0.00
0.30 5.24 12.73 1.00 0.00
0.30 5.24 12.91 1.00 0.00
0.30 5.24 13.08 1.00 0.00
0.30 5.24 13.25 1.00 0.00
0.50 5.24 10.23 1.00 0.00
0.50 5.24 10.41 1.00 0.00
0.50 5.24 10.58 1.00 0.00
0.50 5.24 10.76 1.00 0.00
0.50 5.24 10.93 1.00 0.00
0.50 5.24 11.11 1.00 0.00
0.50 5.24 11.28 1.00 0.00
0.50 5.24 11.45 1.00 0.00
0.50 5.24 11.63 1.00 0.00
0.50 5.24 11.80 1.00 0.00
0.50 5.24 11.98 1.00 0.00
0.50 5.24 12.15 1.00 0.00
0.50 5.24 12.33 1.00 0.00
0.50 5.24 12.50 1.00 0.00
0.50 5.24 12.68 1.00 0.00
0.50 5.24 12.85 1.00 0.00
0.50 5.24 13.03 1.00 0.00
0.50 5.24 13.20 1.00 0.00
0.70 5.24 10.18 1.00 0.00
0.70 5.24 10.35 1.00 0.00
0.70 5.24 10.53 1.00 0.00
0.70 5.24 10.70 1.00 0.00
0.70 5.24 10.88 1.00 0.00
0.70 5.24 11.05 1.00 0.00
0.70 5.24 11.23 1.00 0.00
0.70 5.24 11.40 1.00 0.00
0.70 5.24 11.57 1.00 0.00
0.70 5.24 11.75 1.00 0.00
0.70 5.24 11.92 1.00 0.00
0.70 5.24 12.10 1.00 0.00
0.70 5.24 12.27 1.00 0.00
0.70 5.24 12.45 1.00 0.00
0.70 5.24 12.62 1.00 0.00
0.70 5.24 12.80 1.00 0.00
0.70 5.24 12.97 1.00 0.00
0.70 5.24 13.15 1.00 0.00
0.90 5.24 10.13 1.00 0.00
0.90 5.24 10.30 1.00 0.00
0.90 5.24 10.48 1.00 0.00
0.90 5.24 10.65 1.00 0.00
0.90 5.24 10.82 1.00 0.00
0.90 5.24 11.00 1.00 0.00
0.90 5.24 11.17 1.00 0.00
0.90 5.24 11.35 1.00 0.00
0.90 5.24 11.52 1.00 0.00
0.90 5.24 11.70 1.00 0.00
0.90 5.24 11.87 1.00 0.00
0.90 5.24 12.05 1.00 0.00
0.90 5.24 12.22 1.00 0.00
0.90 5.24 12.40 1.00 0.00
0.90 5.24 12.57 1.00 0.00
0.90 5.24 12.74 1.00 0.00
0.90 5.24 12.92 1.00 0.00
0.90 5.24 13.09 1.00 0.00
1.10 5.24 10.08 1.00 0.00
1.10 5.24 10.25 1.00 0.00
1.10 5.24 10.43 1.00 0.00
1.10 5.24 10.60 1.00 0.00
1.10 5.24 10.77 1.00 0.00
1.10 5.24 10.95 1.00 0.00
1.10 5.24 11.12 1.00 0.00
1.10 5.24 11.30 1.00 0.00
1.10 5.24 11.47 1.00 0.00
1.10 5.24 11.65 1.00 0.00
1.10 5.24 11.82 1.00 0.00
1.10 5.24 12.00 1.00 0.00
1.10 5.24 12.17 1.00 0.00
1.10 5.24 12.35 1.00 0.00
1.10 5.24 12.52 1.00 0.00
1.10 5.24 12.69 1.00 0.00
1.10 5.24 12.87 1.00 0.00
1.10 5.24 13.04 1.00 0.00
0.30 5.41 10.29 1.00 0.00
0.30 5.41 10.46 1.00 0.00
0.30 5.41 10.64 1.00 0.00
0.30 5.41 10.81 1.00 0.00
0.30 5.41 10.98 1.00 0.00
0.30 5.41 11.16 1.00 0.00
0.30 5.41 11.33 1.00 0.00
0.30 5.41 11.51 1.00 0.00
0.30 5.41 11.68 1.00 0.00
0.30 5.41 11.86 1.00 0.00
0.30 5.41 12.03 1.00 0.00
0.30 5.41 12.21 1.00 0.00
0.30 5.41 12.38 1.00 0.00
0.30 5.41 12.56 1.00 0.00
0.30 5.41 12.73 1.00 0.00
0.30 5.41 12.90 1.00 0.00
0.30 5.41 13.08 1.00 0.00
0.30 5.41 13.25 1.00 0.00
0.50 5.41 10.23 1.00 0.00
0.50 5.41 10.40 1.00 0.00
0.50 5.41 10.58 1.00 0.00
0.50 5.41 10.75 1.00 0.00
0.50 5.41 10.93 1.00 0.00
0.50 5.41 11.10 1.00 0.00
0.50 5.41 11.28 1.00 0.00
0.50 5.41 11.45 1.00 0.00
0.50 5.41 11.62 1.00 0.00
0.50 5.41 11.80 1.00 0.00
0.50 5.41 11.97 1.00 0.00
0.50 5.41 12.15 1.00 0.00
0.50 5.41 12.32 1.00 0.00
0.50 5.41 12.50 1.00 0.00
0.50 5.41 12.67 1.00 0.00
0.50 5.41 12.85 1.00 0.00
0.50 5.41 13.02 1.00 0.00
0.50 5.41 13.20 1.00 0.00
0.70 5.41 10.17 1.00 0.00
0.70 5.41 10.35 1.00 0.00
0.70 5.41 10.52 1.00 0.00
0.70 5.41 10.70 1.00 0.00
0.70 5.41 10.87 1.00 0.00
0.70 5.41 11.04 1.00 0.00
0.70 5.41 11.22 1.00 0.00
0.70 5.41 11.39 1.00 0.00
0.70 5.41 11.57 1.00 0.00
0.70 5.41 11.74 1.00 0.00
0.70 5.41 11.92 1.00 0.00
0.70 5.41 12.09 1.00 0.00
0.70 5.41 12.27 1.00 0.00
0.70 5.41 12.44 1.00 0.00
0.70 5.41 12.62 1.00 0.00
0.70 5.41 12.79 1.00 0.00
0.70 5.41 12.96 1.00 0.00
0.70 5.41 13.14 1.00 0.00
0.90 5.41 10.12 1.00 0.00
0.90 5.41 10.29 1.00 0.00
0.90 5.41 10.46 1.00 0.00
0.90 5.41 10.64 1.00 0.00
0.90 5.41 10.81 1.00 0.00
0.90 5.41 10.99 1.00 0.00
0.90 5.41 11.16 1.00 0.00
0.90 5.41 11.34 1.00 0.00
0.90 5.41 11.51 1.00 0.00
0.90 5.41 11.69 1.00 0.00
0.90 5.41 11.86 1.00 0.00
0.90 5.41 12.04 1.00 0.00
0.90 5.41 12.21 1.00 0.00
0.90 5.41 12.38 1.00 0.00
0.90 5.41 12.56 1.00 0.00
0.90 5.41 12.73 1.00 0.00
0.90 5.41 12.91 1.00 0.00
0.90 5.41 13.08 1.00 0.00
1.10 5.41 10.06 1.00 0.00
1.10 5.41 10.23 1.00 0.00
1.10 5.41 10.41 1.00 0.00
1.10 5.41 10.58 1.00 0.00
1.10 5.41 10.76 1.00 0.00
1.10 5.41 10.93 1.00 0.00
1.10 5.41 11.11 1.00 0.00
1.10 5.41 11.28 1.00 0.00
1.10 5.41 11.46 1.00 0.00
1.10 5.41 11.63 1.00 0.00
1.10 5.41 11.81 1.00 0.00
1.10 5.41 11.98 1.00 0.00
1.10 5.41 12.15 1.00 0.00
1.10 5.41 12.33 1.00 0.00
1.10 5.41 12.50 1.00 0.00
1.10 5.41 12.68 1.00 0.00
1.10 5.41 12.85 1.00 0.00
1.10 5.41 13.03 1.00 0.00
0.30 5.59 10.29 1.00 0.00
0.30 5.59 10.46 1.00 0.00
0.30 5.59 10.64 1.00 0.00
0.30 5.59 10.81 1.00 0.00
0.30 5.59 10.99 1.00 0.00
0.30 5.59 11.16 1.00 0.00
0.30 5.59 11.33 1.00 0.00
0.30 5.59 11.51 1.00 0.00
0.30 5.59 11.68 1.00 0.00
0.30 5.59 11.86 1.00 0.00
0.30 5.59 12.03 1.00 0.00
0.30 5.59 12.21 1.00 0.00
0.30 5.59 12.38 1.00 0.00
0.30 5.59 12.56 1.00 0.00
0.30 5.59 12.73 1.00 0.00
0.30 5.59 12.91 1.00 0.00
0.30 5.59 13.08 1.00 0.00
0.30 5.59 13.25 1.00 0.00
0.50 5.59 10.23 1.00 0.00
0.50 5.59 10.40 1.00 0.00
0.50 5.59 10.58 1.00 0.00
0.50 5.59 10.75 1.00 0.00
0.50 5.59 10.93 1.00 0.00
0.50 5.59 11.10 1.00 0.00
0.50 5.59 11.28 1.00 0.00
0.50 5.59 11.45 1.00 0.00
0.50 5.59 11.63 1.00 0.00
0.50 5.59 11.80 1.00 0.00
0.50 5.59 11.97 1.00 0.00
0.50 5.59 12.15 1.00 0.00
0.50 5.59 12.32 1.00 0.00
0.50 5.59 12.50 1.00 0.00
0.50 5.59 12.67 1.00 0.00
0.50 5.59 12.85 1.00 0.00
0.50 5.59 13.02 1.00 0.00
0.50 5.59 13.20 1.00 0.00
0.70 5.59 10.17 1.00 0.00
0.70 5.59 10.34 1.00 0.00
0.70 5.59 10.52 1.00 0.00
0.70 5.59 10.69 1.00 0.00
0.70 5.59 10.87 1.00 0.00
0.70 5.59 11.04 1.00 0.00
0.70 5.59 11.22 1.00 0.00
0.70 5.59 11.39 1.00 0.00
0.70 5.59 11.57 1.00 0.00
0.70 5.59 11.74 1.00 0.00
0.70 5.59 11.92 1.00 0.00
0.70 5.59 12.09 1.00 0.00
0.70 5.59 12.26 1.00 0.00
0.70 5.59 12.44 1.00 0.00
0.70 5.59 12.61 1.00 0.00
0.70 5.59 12.79 1.00 0.00
0.70 5.59 12.96 1.00 0.00
0.70 5.59 13.14 1.00 0.00
0.90 5.59 10.11 1.00 0.00
0.90 5.59 10.29 1.00 0.00
0.90 5.59 10.46 1.00 0.00
0.90 5.59 10.63 1.00 0.00
0.90 5.59 10.81 1.00 0.00
0.90 5.59 10.98 1.00 0.00
0.90 5.59 11.16 1.00 0.00
0.90 5.59 11.33 1.00 0.00
0.90 5.59 11.51 1.00 0.00
0.90 5.59 11.68 1.00 0.00
0.90 5.59 11.86 1.00 0.00
0.90 5.59 12.03 1.00 0.00
0.90 5.59 12.21 1.00 0.00
0.90 5.59 12.38 1.00 0.00
0.90 5.59 12.55 1.00 0.00
0.90 5.59 12.73 1.00 0.00
0.90 5.59 12.90 1.00 0.00
0.90 5.59 13.08 1.00 0.00
1.10 5.59 10.05 1.00 0.00
1.10 5.59 10.23 1.00 0.00
1.10 5.59 10.40 1.00 0.00
1.10 5.59 10.58 1.00 0.00
1.10 5.59 10.75 1.00 0.00
1.10 5.59 10.92 1.00 0.00
1.10 5.59 11.10 1.00 0.00
1.10 5.59 11.27 1.00 0.00
1.10 5.59 11.45 1.00 0.00
1.10 5.59 11.62 1.00 0.00
1.10 5.59 11.80 1.00 0.00
1.10 5.59 11.97 1.00 0.00
1.10 5.59 12.15 1.00 0.00
1.10 5.59 12.32 1.00 0.00
1.10 5.59 12.49 1.00 0.00
1.10 5.59 12.67 1.00 0.00
1.10 5.59 12.84 1.00 0.00
1.10 5.59 13.02 1.00 0.00
0.30 5.76 10.29 1.00 0.00
0.30 5.76 10.47 1.00 0.00
0.30 5.76 10.64 1.00 0.00
0.30 5.76 10.81 1.00 0.00
0.30 5.76 10.99 1.00 0.00
0.30 5.76 11.16 1.00 0.00
0.30 5.76 11.34 1.00 0.00
0.30 5.76 11.51 1.00 0.00
0.30 5.76 11.69 1.00 0.00
0.30 5.76 11.86 1.00 0.00
0.30 5.76 12.04 1.00 0.00
0.30 5.76 12.21 1.00 0.00
0.30 5.76 12.39 1.00 0.00
0.30 5.76 12.56 1.00 0.00
0.30 5.76 12.73 1.00 0.00
0.30 5.76 12.91 1.00 0.00
0.30 5.76 13.08 1.00 0.00
0.30 5.76 13.26 1.00 0.00
0.50 5.76 10.23 1.00 0.00
0.50 5.76 10.41 1.00 0.00
0.50 5.76 10.58 1.00 0.00
0.50 5.76 10.76 1.00 0.00
0.50 5.76 10.93 1.00 0.00
0.50 5.76 11.11 1.00 0.00
0.50 5.76 11.28 1.00 0.00
0.50 5.76 11.46 1.00 0.00
0.50 5.76 11.63 1.00 0.00
0.50 5.76 11.81 1.00 0.00
0.50 5.76 11.98 1.00 0.00
0.50 5.76 12.15 1.00 0.00
0.50 5.76 12.33 1.00 0.00
0.50 5.76 12.50 1.00 0.00
0.50 5.76 12.68 1.00 0.00
0.50 5.76 12.85 1.00 0.00
0.50 5.76 13.03 1.00 0.00
0.50 5.76 13.20 1.00 0.00
0.70 5.76 10.18 1.00 0.00
0.70 5.76 10.35 1.00 0.00
0.70 5.76 10.52 1.00 0.00
0.70 5.76 10.70 1.00 0.00
0.70 5.76 10.87 1.00 0.00
0.70 5.76 11.05 1.00 0.00
0.70 5.76 11.22 1.00 0.00
0.70 5.76 11.40 1.00 0.00
0.70 5.76 11.57 1.00 0.00
0.70 5.76 11.75 1.00 0.00
0.70 5.76 11.92 1.00 0.00
0.70 5.76 12.10 1.00 0.00
0.70 5.76 12.27 1.00 0.00
0.70 5.76 12.44 1.00 0.00
0.70 5.76 12.62 1.00 0.00
0.70 5.76 12.79 1.00 0.00
0.70 5.76 12.97 1.00 0.00
0.70 5.76 13.14 1.00 0.00
0.90 5.76 10.11 1.00 0.00
0.90 5.76 10.29 1.00 0.00
0.90 5.76 10.46 1.00 0.00
0.90 5.76 10.64 1.00 0.00
0.90 5.76 10.81 1.00 0.00
0.90 5.76 10.99 1.00 0.00
0.90 5.76 11.16 1.00 0.00
0.90 5.76 11.34 1.00 0.00
0.90 5.76 11.51 1.00 0.00
0.90 5.76 11.69 1.00 0.00
0.90 5.76 11.86 1.00 0.00
0.90 5.76 12.03 1.00 0.00
0.90 5.76 12.21 1.00 0.00
0.90 5.76 12.38 1.00 0.00
0.90 5.76 12.56 1.00 0.00
0.90 5.76 12.73 1.00 0.00
0.90 5.76 12.91 1.00 0.00
0.90 5.76 13.08 1.00 0.00
1.10 5.76 10.05 1.00 0.00
1.10 5.76 10.23 1.00 0.00
1.10 5.76 10.40 1.00 0.00
1.10 5.76 10.58 1.00 0.00
1.10 5.76 10.75 1.00 0.00
1.10 5.76 10.93 1.00 0.00
1.10 5.76 11.10 1.00 0.00
1.10 5.76 11.27 1.00 0.00
1.10 5.76 11.45 1.00 0.00
1.10 5.76 11.62 1.00 0.00
1.10 5.76 11.80 1.00 0.00
1.10 5.76 11.97 1.00 0.00
1.10 5.76 12.15 1.00 0.00
1.10 5.76 12.32 1.00 0.00
1.10 5.76 12.50 1.00 0.00
1.10 5.76 12.67 1.00 0.00
1.10 5.76 12.85 1.00 0.00
1.10 5.76 13.02 1.00 0.00
0.30 5.93 10.30 1.00 0.00
0.30 5.93 10.47 1.00 0.00
0.30 5.93 10.65 1.00 0.00
0.30 5.93 10.82 1.00 0.00
0.30 5.93 11.00 1.00 0.00
0.30 5.93 11.17 1.00 0.00
0.30 5.93 11.35 1.00 0.00
0.30 5.93 11.52 1.00 0.00
0.30 5.93 11.69 1.00 0.00
0.30 5.93 11.87 1.00 0.00
0.30 5.93 12.04 1.00 0.00
0.30 5.93 12.22 1.00 0.00
0.30 5.93 12.39 1.00 0.00
0.30 5.93 12.57 1.00 0.00
0.30 5.93 12.74 1.00 0.00
0.30 5.93 12.92 1.00 0.00
0.30 5.93 13.09 1.00 0.00
0.30 5.93 13.26 1.00 0.00
0.50 5.93 10.24 1.00 0.00
0.50 5.93 10.42 1.00 0.00
0.50 5.93 10.59 1.00 0.00
0.50 5.93 10.77 1.00 0.00
0.50 5.93 10.94 1.00 0.00
0.50 5.93 11.12 1.00 0.00
0.50 5.93 11.29 1.00 0.00
0.50 5.93 11.47 1.00 0.00
0.50 5.93 11.64 1.00 0.00
0.50 5.93 11.81 1.00 0.00
0.50 5.93 11.99 1.00 0.00
0.50 5.93 12.16 1.00 0.00
0.50 5.93 12.34 1.00 0.00
0.50 5.93 12.51 1.00 0.00
0.50 5.93 12.69 1.00 0.00
0.50 5.93 12.86 1.00 0.00
0.50 5.93 13.04 1.00 0.00
0.50 5.93 13.21 1.00 0.00
0.70 5.93 10.19 1.00 0.00
0.70 5.93 10.36 1.00 0.00
0.70 5.93 10.54 1.00 0.00
0.70 5.93 10.71 1.00 0.00
0.70 5.93 10.89 1.00 0.00
0.70 5.93 11.06 1.00 0.00
0.70 5.93 11.23 1.00 0.00
0.70 5.93 11.41 1.00 0.00
0.70 5.93 11.58 1.00 0.00
0.70 5.93 11.76 1.00 0.00
0.70 5.93 11.93 1.00 0.00
0.70 5.93 12.11 1.00 0.00
0.70 5.93 12.28 1.00 0.00
0.70 5.93 12.46 1.00 0.00
0.70 5.93 12.63 1.00 0.00
0.70 5.93 12.81 1.00 0.00
0.70 5.93 12.98 1.00 0.00
0.70 5.93 13.15 1.00 0.00
0.90 5.93 10.13 1.00 0.00
0.90 5.93 10.30 1.00 0.00
0.90 5.93 10.48 1.00 0.00
0.90 5.93 10.65 1.00 0.00
0.90 5.93 10.83 1.00 0.00
0.90 5.93 11.00 1.00 0.00
0.90 5.93 11.17 1.00 0.00
0.90 5.93 11.35 1.00 0.00
0.90 5.93 11.52 1.00 0.00
0.90 5.93 11.70 1.00 0.00
0.90 5.93 11.87 1.00 0.00
0.90 5.93 12.05 1.00 0.00
0.90 5.93 12.22 1.00 0.00
0.90 5.93 12.40 1.00 0.00
0.90 5.93 12.57 1.00 0.00
0.90 5.93 12.75 1.00 0.00
0.90 5.93 12.92 1.00 0.00
0.90 5.93 13.09 1.00 0.00
1.10 5.93 10.06 1.00 0.00
1.10 5.93 10.24 1.00 0.00
1.10 5.93 10.41 1.00 0.00
1.10 5.93 10.59 1.00 0.00
1.10 5.93 10.76 1.00 0.00
1.10 5.93 10.94 1.00 0.00
1.10 5.93 11.11 1.00 0.00
1.10 5.93 11.29 1.00 0.00
1.10 5.93 11.46 1.00 0.00
1.10 5.93 11.64 1.00 0.00
1.10 5.93 11.81 1.00 0.00
1.10 5.93 11.98 1.00 0.00
1.10 5.93 12.16 1.00 0.00
1.10 5.93 12.33 1.00 0.00
1.10 5.93 12.51 1.00 0.00
1.10 5.93 12.68 1.00 0.00
1.10 5.93 12.86 1.00 0.00
1.10 5.93 13.03 1.00 0.00
0.30 6.11 10.31 1.00 0.00
0.30 6.11 10.48 1.00 0.00
0.30 6.11 10.66 1.00 0.00
0.30 6.11 10.83 1.00 0.00
0.30 6.11 11.01 1.00 0.00
0.30 6.11 11.18 1.00 0.00
0.30 6.11 11.35 1.00 0.00
0.30 6.11 11.53 1.00 0.00
0.30 6.11 11.70 1.00 0.00
0.30 6.11 11.88 1.00 0.00
0.30 6.11 12.05 1.00 0.00
0.30 6.11 12.23 1.00 0.00
0.30 6.11 12.40 1.00 0.00
0.30 6.11 12.58 1.00 0.00
0.30 6.11 12.75 1.00 0.00
0.30 6.11 12.93 1.00 0.00
0.30 6.11 13.10 1.00 0.00
0.30 6.11 13.27 1.00 0.00
0.50 6.11 10.26 1.00 0.00
0.50 6.11 10.43 1.00 0.00
0.50 6.11 10.61 1.00 0.00
0.50 6.11 10.78 1.00 0.00
0.50 6.11 10.96 1.00 0.00
0.50 6.11 11.13 1.00 0.00
0.50 6.11 11.31 1.00 0.00
0.50 6.11 11.48 1.00 0.00
0.50 6.11 11.66 1.00 0.00
0.50 6.11 11.83 1.00 0.00
0.50 6.11 12.00 1.00 0.00
0.50 6.11 12.18 1.00 0.00
0.50 6.11 12.35 1.00 0.00
0.50 6.11 12.53 1.00 0.00
0.50 6.11 12.70 1.00 0.00
0.50 6.11 12.88 1.00 0.00
0.50 6.11 13.05 1.00 0.00
0.50 6.11 13.23 1.00 0.00
0.70 6.11 10.21 1.00 0.00
0.70 6.11 10.38 1.00 0.00
0.70 6.11 10.56 1.00 0.00
0.70 6.11 10.73 1.00 0.00
0.70 6.11 10.90 1.00 0.00
0.70 6.11 11.08 1.00 0.00
0.70 6.11 11.25 1.00 0.00
0.70 6.11 11.43 1.00 0.00
0.70 6.11 11.60 1.00 0.00
0.70 6.11 11.78 1.00 0.00
0.70 6.11 11.95 1.00 0.00
0.70 6.11 12.13 1.00 0.00
0.70 6.11 12.30 1.00 0.00
0.70 6.11 12.48 1.00 0.00
0.70 6.11 12.65 1.00 0.00
0.70 6.11 12.82 1.00 0.00
0.70 6.11 13.00 1.00 0.00
0.70 6.11 13.17 1.00 0.00
0.90 6.11 10.15 1.00 0.00
0.90 6.11 10.32 1.00 0.00
0.90 6.11 10.50 1.00 0.00
0.90 6.11 10.67 1.00 0.00
0.90 6.11 10.85 1.00 0.00
0.90 6.11 11.02 1.00 0.00
0.90 6.11 11.20 1.00 0.00
0.90 6.11 11.37 1.00 0.00
0.90 6.11 11.55 1.00 0.00
0.90 6.11 11.72 1.00 0.00
0.90 6.11 11.90 1.00 0.00
0.90 6.11 12.07 1.00 0.00
0.90 6.11 12.24 1.00 0.00
0.90 6.11 12.42 1.00 0.00
0.90 6.11 12.59 1.00 0.00
0.90 6.11 12.77 1.00 0.00
0.90 6.11 12.94 1.00 0.00
0.90 6.11 13.12 1.00 0.00
1.10 6.11 10.09 1.00 0.00
1.10 6.11 10.26 1.00 0.00
1.10 6.11 10.44 1.00 0.00
1.10 6.11 10.61 1.00 0.00
1.10 6.11 10.79 1.00 0.00
1.10 6.11 10.96 1.00 0.00
1.10 6.11 11.14 1.00 0.00
1.10 6.11 11.31 1.00 0.00
1.10 6.11 11.49 1.00 0.00
1.10 6.11 11.66 1.00 0.00
1.10 6.11 11.84 1.00 0.00
1.10 6.11 12.01 1.00 0.00
1.10 6.11 12.18 1.00 0.00
1.10 6.11 12.36 1.00 0.00
1.10 6.11 12.53 1.00 0.00
1.10 6.11 12.71 1.00 0.00
1.10 6.11 12.88 1.00 0.00
1.10 6.11 13.06 1.00 0.00
