1.10 0.10 1.42
0.95 0.10 1.55
0.79 0.10 1.67
0.63 0.10 1.80
0.48 0.10 1.92
1.07 0.10 1.38
0.90 0.10 1.48
0.72 0.10 1.57
0.55 0.10 1.67
0.37 0.10 1.76
1.05 0.10 1.33
0.86 0.10 1.40
0.67 0.10 1.46
0.48 0.10 1.52
0.29 0.10 1.59
1.04 0.10 1.28
0.84 0.10 1.31
0.65 0.10 1.34
0.45 0.10 1.37
0.25 0.10 1.40
1.04 0.10 1.23
0.84 0.10 1.22
0.64 0.10 1.22
0.44 0.10 1.21
0.24 0.10 1.21
1.04 0.10 1.18
0.85 0.10 1.14
0.65 0.10 1.10
0.46 0.10 1.06
0.26 0.10 1.02
1.06 0.10 1.13
0.87 0.10 1.05
0.69 0.10 0.98
0.50 0.10 0.91
0.32 0.10 0.83
1.08 0.10 1.08
0.91 0.10 0.98
0.74 0.10 0.87
0.57 0.10 0.77
0.40 0.10 0.66
1.11 0.10 1.04
0.96 0.10 0.91
0.81 0.10 0.77
0.66 0.10 0.64
0.52 0.10 0.51
1.15 0.10 1.00
1.03 0.10 0.85
0.90 0.10 0.69
0.78 0.10 0.53
0.65 0.10 0.38
1.20 0.10 0.97
1.10 0.10 0.80
1.00 0.10 0.62
0.91 0.10 0.45
0.81 0.10 0.27
1.24 0.10 0.95
1.18 0.10 0.76
1.12 0.10 0.57
1.05 0.10 0.38
0.99 0.10 0.19
1.29 0.10 0.94
1.26 0.10 0.74
1.24 0.10 0.55
1.21 0.10 0.35
1.18 0.10 0.15
1.35 0.10 0.94
1.35 0.10 0.74
1.36 0.10 0.54
1.36 0.10 0.34
1.37 0.10 0.14
1.40 0.10 0.94
1.44 0.10 0.75
1.48 0.10 0.55
1.52 0.10 0.36
1.56 0.10 0.16
1.45 0.10 0.96
1.52 0.10 0.77
1.60 0.10 0.59
1.67 0.10 0.40
1.74 0.10 0.22
1.50 0.10 0.98
1.60 0.10 0.81
1.70 0.10 0.64
1.81 0.10 0.47
1.91 0.10 0.30
1.54 0.10 1.01
1.67 0.10 0.86
1.80 0.10 0.71
1.94 0.10 0.56
2.07 0.10 0.42
1.57 0.10 1.05
1.73 0.10 0.93
1.89 0.10 0.80
2.04 0.10 0.68
2.20 0.10 0.55
1.60 0.10 1.10
1.78 0.10 1.00
1.95 0.10 0.90
2.13 0.10 0.81
2.31 0.10 0.71
1.62 0.10 1.14
1.81 0.10 1.08
2.00 0.10 1.02
2.19 0.10 0.95
2.38 0.10 0.89
1.63 0.10 1.19
1.83 0.10 1.16
2.03 0.10 1.14
2.23 0.10 1.11
2.43 0.10 1.08
1.64 0.10 1.25
1.84 0.10 1.25
2.04 0.10 1.26
2.24 0.10 1.26
2.44 0.10 1.27
1.63 0.10 1.30
1.83 0.10 1.34
2.02 0.10 1.38
2.22 0.10 1.42
2.42 0.10 1.46
1.62 0.10 1.35
1.80 0.10 1.42
1.99 0.10 1.50
2.17 0.10 1.57
2.36 0.10 1.64
1.59 0.10 1.39
1.76 0.10 1.50
1.93 0.10 1.60
2.10 0.10 1.71
2.27 0.10 1.81
1.56 0.10 1.44
1.71 0.10 1.57
1.86 0.10 1.70
2.01 0.10 1.84
2.16 0.10 1.97
1.52 0.10 1.47
1.65 0.10 1.63
1.77 0.10 1.79
1.90 0.10 1.94
2.02 0.10 2.10
1.48 0.10 1.50
1.58 0.10 1.68
1.67 0.10 1.85
1.77 0.10 2.03
1.86 0.10 2.21
1.43 0.10 1.52
1.50 0.10 1.71
1.56 0.10 1.90
1.62 0.10 2.09
1.69 0.10 2.28
1.38 0.10 1.53
1.41 0.10 1.73
1.44 0.10 1.93
1.47 0.10 2.13
1.50 0.10 2.33
1.33 0.10 1.54
1.32 0.10 1.74
1.32 0.10 1.94
1.31 0.10 2.14
1.31 0.10 2.34
1.28 0.10 1.53
1.24 0.10 1.73
1.20 0.10 1.92
1.16 0.10 2.12
1.12 0.10 2.32
1.23 0.10 1.52
1.15 0.10 1.70
1.08 0.10 1.89
1.01 0.10 2.07
0.93 0.10 2.26
1.18 0.10 1.49
1.08 0.10 1.66
0.97 0.10 1.83
0.87 0.10 2.00
0.76 0.10 2.17
1.14 0.10 1.46
1.01 0.10 1.61
0.87 0.10 1.76
0.74 0.10 1.91
0.61 0.10 2.06
