0.30 0.00 10.27 1.00 0.00
0.30 0.00 10.44 1.00 0.00
0.30 0.00 10.61 1.00 0.00
0.30 0.00 10.79 1.00 0.00
0.30 0.00 10.96 1.00 0.00
0.30 0.00 11.14 1.00 0.00
0.30 0.00 11.31 1.00 0.00
0.30 0.00 11.49 1.00 0.00
0.30 0.00 11.66 1.00 0.00
0.30 0.00 11.84 1.00 0.00
0.30 0.00 12.01 1.00 0.00
0.30 0.00 12.18 1.00 0.00
0.30 0.00 12.36 1.00 0.00
0.30 0.00 12.53 1.00 0.00
0.30 0.00 12.71 1.00 0.00
0.30 0.00 12.88 1.00 0.00
0.30 0.00 13.06 1.00 0.00
0.30 0.00 13.23 1.00 0.00
0.50 0.00 10.22 1.00 0.00
0.50 0.00 10.40 1.00 0.00
0.50 0.00 10.57 1.00 0.00
0.50 0.00 10.75 1.00 0.00
0.50 0.00 10.92 1.00 0.00
0.50 0.00 11.09 1.00 0.00
0.50 0.00 11.27 1.00 0.00
0.50 0.00 11.44 1.00 0.00
0.50 0.00 11.62 1.00 0.00
0.50 0.00 11.79 1.00 0.00
0.50 0.00 11.97 1.00 0.00
0.50 0.00 12.14 1.00 0.00
0.50 0.00 12.32 1.00 0.00
0.50 0.00 12.49 1.00 0.00
0.50 0.00 12.67 1.00 0.00
0.50 0.00 12.84 1.00 0.00
0.50 0.00 13.01 1.00 0.00
0.50 0.00 13.19 1.00 0.00
0.70 0.00 10.17 1.00 0.00
0.70 0.00 10.35 1.00 0.00
0.70 0.00 10.52 1.00 0.00
0.70 0.00 10.70 1.00 0.00
0.70 0.00 10.87 1.00 0.00
0.70 0.00 11.05 1.00 0.00
0.70 0.00 11.22 1.00 0.00
0.70 0.00 11.40 1.00 0.00
0.70 0.00 11.57 1.00 0.00
0.70 0.00 11.75 1.00 0.00
0.70 0.00 11.92 1.00 0.00
0.70 0.00 12.09 1.00 0.00
0.70 0.00 12.27 1.00 0.00
0.70 0.00 12.44 1.00 0.00
0.70 0.00 12.62 1.00 0.00
0.70 0.00 12.79 1.00 0.00
0.70 0.00 12.97 1.00 0.00
0.70 0.00 13.14 1.00 0.00
0.90 0.00 10.12 1.00 0.00
0.90 0.00 10.30 1.00 0.00
0.90 0.00 10.47 1.00 0.00
0.90 0.00 10.65 1.00 0.00
0.90 0.00 10.82 1.00 0.00
0.90 0.00 11.00 1.00 0.00
0.90 0.00 11.17 1.00 0.00
0.90 0.00 11.34 1.00 0.00
0.90 0.00 11.52 1.00 0.00
0.90 0.00 11.69 1.00 0.00
0.90 0.00 11.87 1.00 0.00
0.90 0.00 12.04 1.00 0.00
0.90 0.00 12.22 1.00 0.00
0.90 0.00 12.39 1.00 0.00
0.90 0.00 12.57 1.00 0.00
0.90 0.00 12.74 1.00 0.00
0.90 0.00 12.92 1.00 0.00
0.90 0.00 13.09 1.00 0.00
1.10 0.00 10.07 1.00 0.00
1.10 0.00 10.24 1.00 0.00
1.10 0.00 10.42 1.00 0.00
1.10 0.00 10.59 1.00 0.00
1.10 0.00 10.76 1.00 0.00
1.10 0.00 10.94 1.00 0.00
1.10 0.00 11.11 1.00 0.00
1.10 0.00 11.29 1.00 0.00
1.10 0.00 11.46 1.00 0.00
1.10 0.00 11.64 1.00 0.00
1.10 0.00 11.81 1.00 0.00
1.10 0.00 11.99 1.00 0.00
1.10 0.00 12.16 1.00 0.00
1.10 0.00 12.34 1.00 0.00
1.10 0.00 12.51 1.00 0.00
1.10 0.00 12.68 1.00 0.00
1.10 0.00 12.86 1.00 0.00
1.10 0.00 13.03 1.00 0.00
0.30 0.17 10.28 1.00 0.00
0.30 0.17 10.45 1.00 0.00
0.30 0.17 10.63 1.00 0.00
0.30 0.17 10.80 1.00 0.00
0.30 0.17 10.98 1.00 0.00
0.30 0.17 11.15 1.00 0.00
0.30 0.17 11.33 1.00 0.00
0.30 0.17 11.50 1.00 0.00
0.30 0.17 11.67 1.00 0.00
0.30 0.17 11.85 1.00 0.00
0.30 0.17 12.02 1.00 0.00
0.30 0.17 12.20 1.00 0.00
0.30 0.17 12.37 1.00 0.00
0.30 0.17 12.55 1.00 0.00
0.30 0.17 12.72 1.00 0.00
0.30 0.17 12.90 1.00 0.00
0.30 0.17 13.07 1.00 0.00
0.30 0.17 13.25 1.00 0.00
0.50 0.17 10.24 1.00 0.00
0.50 0.17 10.42 1.00 0.00
0.50 0.17 10.59 1.00 0.00
0.50 0.17 10.77 1.00 0.00
0.50 0.17 10.94 1.00 0.00
0.50 0.17 11.12 1.00 0.00
0.50 0.17 11.29 1.00 0.00
0.50 0.17 11.47 1.00 0.00
0.50 0.17 11.64 1.00 0.00
0.50 0.17 11.81 1.00 0.00
0.50 0.17 11.99 1.00 0.00
0.50 0.17 12.16 1.00 0.00
0.50 0.17 12.34 1.00 0.00
0.50 0.17 12.51 1.00 0.00
0.50 0.17 12.69 1.00 0.00
0.50 0.17 12.86 1.00 0.00
0.50 0.17 13.04 1.00 0.00
0.50 0.17 13.21 1.00 0.00
0.70 0.17 10.21 1.00 0.00
0.70 0.17 10.38 1.00 0.00
0.70 0.17 10.56 1.00 0.00
0.70 0.17 10.73 1.00 0.00
0.70 0.17 10.90 1.00 0.00
0.70 0.17 11.08 1.00 0.00
0.70 0.17 11.25 1.00 0.00
0.70 0.17 11.43 1.00 0.00
0.70 0.17 11.60 1.00 0.00
0.70 0.17 11.78 1.00 0.00
0.70 0.17 11.95 1.00 0.00
0.70 0.17 12.13 1.00 0.00
0.70 0.17 12.30 1.00 0.00
0.70 0.17 12.48 1.00 0.00
0.70 0.17 12.65 1.00 0.00
0.70 0.17 12.82 1.00 0.00
0.70 0.17 13.00 1.00 0.00
0.70 0.17 13.17 1.00 0.00
0.90 0.17 10.16 1.00 0.00
0.90 0.17 10.34 1.00 0.00
0.90 0.17 10.51 1.00 0.00
0.90 0.17 10.69 1.00 0.00
0.90 0.17 10.86 1.00 0.00
0.90 0.17 11.04 1.00 0.00
0.90 0.17 11.21 1.00 0.00
0.90 0.17 11.39 1.00 0.00
0.90 0.17 11.56 1.00 0.00
0.90 0.17 11.73 1.00 0.00
0.90 0.17 11.91 1.00 0.00
0.90 0.17 12.08 1.00 0.00
0.90 0.17 12.26 1.00 0.00
0.90 0.17 12.43 1.00 0.00
0.90 0.17 12.61 1.00 0.00
0.90 0.17 12.78 1.00 0.00
0.90 0.17 12.96 1.00 0.00
0.90 0.17 13.13 1.00 0.00
1.10 0.17 10.12 1.00 0.00
1.10 0.17 10.29 1.00 0.00
1.10 0.17 10.47 1.00 0.00
1.10 0.17 10.64 1.00 0.00
1.10 0.17 10.81 1.00 0.00
1.10 0.17 10.99 1.00 0.00
1.10 0.17 11.16 1.00 0.00
1.10 0.17 11.34 1.00 0.00
1.10 0.17 11.51 1.00 0.00
1.10 0.17 11.69 1.00 0.00
1.10 0.17 11.86 1.00 0.00
1.10 0.17 12.04 1.00 0.00
1.10 0.17 12.21 1.00 0.00
1.10 0.17 12.39 1.00 0.00
1.10 0.17 12.56 1.00 0.00
1.10 0.17 12.73 1.00 0.00
1.10 0.17 12.91 1.00 0.00
1.10 0.17 13.08 1.00 0.00
0.30 0.35 10.29 1.00 0.00
0.30 0.35 10.47 1.00 0.00
0.30 0.35 10.64 1.00 0.00
0.30 0.35 10.82 1.00 0.00
0.30 0.35 10.99 1.00 0.00
0.30 0.35 11.17 1.00 0.00
0.30 0.35 11.34 1.00 0.00
0.30 0.35 11.51 1.00 0.00
0.30 0.35 11.69 1.00 0.00
0.30 0.35 11.86 1.00 0.00
0.30 0.35 12.04 1.00 0.00
0.30 0.35 12.21 1.00 0.00
0.30 0.35 12.39 1.00 0.00
0.30 0.35 12.56 1.00 0.00
0.30 0.35 12.74 1.00 0.00
0.30 0.35 12.91 1.00 0.00
0.30 0.35 13.09 1.00 0.00
0.30 0.35 13.26 1.00 0.00
0.50 0.35 10.27 1.00 0.00
0.50 0.35 10.44 1.00 0.00
0.50 0.35 10.62 1.00 0.00
0.50 0.35 10.79 1.00 0.00
0.50 0.35 10.97 1.00 0.00
0.50 0.35 11.14 1.00 0.00
0.50 0.35 11.32 1.00 0.00
0.50 0.35 11.49 1.00 0.00
0.50 0.35 11.67 1.00 0.00
0.50 0.35 11.84 1.00 0.00
0.50 0.35 12.02 1.00 0.00
0.50 0.35 12.19 1.00 0.00
0.50 0.35 12.36 1.00 0.00
0.50 0.35 12.54 1.00 0.00
0.50 0.35 12.71 1.00 0.00
0.50 0.35 12.89 1.00 0.00
0.50 0.35 13.06 1.00 0.00
0.50 0.35 13.24 1.00 0.00
0.70 0.35 10.24 1.00 0.00
0.70 0.35 10.42 1.00 0.00
0.70 0.35 10.59 1.00 0.00
0.70 0.35 10.77 1.00 0.00
0.70 0.35 10.94 1.00 0.00
0.70 0.35 11.12 1.00 0.00
0.70 0.35 11.29 1.00 0.00
0.70 0.35 11.47 1.00 0.00
0.70 0.35 11.64 1.00 0.00
0.70 0.35 11.81 1.00 0.00
0.70 0.35 11.99 1.00 0.00
0.70 0.35 12.16 1.00 0.00
0.70 0.35 12.34 1.00 0.00
0.70 0.35 12.51 1.00 0.00
0.70 0.35 12.69 1.00 0.00
0.70 0.35 12.86 1.00 0.00
0.70 0.35 13.04 1.00 0.00
0.70 0.35 13.21 1.00 0.00
0.90 0.35 10.21 1.00 0.00
0.90 0.35 10.39 1.00 0.00
0.90 0.35 10.56 1.00 0.00
0.90 0.35 10.74 1.00 0.00
0.90 0.35 10.91 1.00 0.00
0.90 0.35 11.09 1.00 0.00
0.90 0.35 11.26 1.00 0.00
0.90 0.35 11.44 1.00 0.00
0.90 0.35 11.61 1.00 0.00
0.90 0.35 11.78 1.00 0.00
0.90 0.35 11.96 1.00 0.00
0.90 0.35 12.13 1.00 0.00
0.90 0.35 12.31 1.00 0.00
0.90 0.35 12.48 1.00 0.00
0.90 0.35 12.66 1.00 0.00
0.90 0.35 12.83 1.00 0.00
0.90 0.35 13.01 1.00 0.00
0.90 0.35 13.18 1.00 0.00
1.10 0.35 10.18 1.00 0.00
1.10 0.35 10.35 1.00 0.00
1.10 0.35 10.53 1.00 0.00
1.10 0.35 10.70 1.00 0.00
1.10 0.35 10.88 1.00 0.00
1.10 0.35 11.05 1.00 0.00
1.10 0.35 11.23 1.00 0.00
1.10 0.35 11.40 1.00 0.00
1.10 0.35 11.58 1.00 0.00
1.10 0.35 11.75 1.00 0.00
1.10 0.35 11.93 1.00 0.00
1.10 0.35 12.10 1.00 0.00
1.10 0.35 12.27 1.00 0.00
1.10 0.35 12.45 1.00 0.00
1.10 0.35 12.62 1.00 0.00
1.10 0.35 12.80 1.00 0.00
1.10 0.35 12.97 1.00 0.00
1.10 0.35 13.15 1.00 0.00
0.30 0.52 10.31 1.00 0.00
0.30 0.52 10.48 1.00 0.00
0.30 0.52 10.66 1.00 0.00
0.30 0.52 10.83 1.00 0.00
0.30 0.52 11.01 1.00 0.00
0.30 0.52 11.18 1.00 0.00
0.30 0.52 11.36 1.00 0.00
0.30 0.52 11.53 1.00 0.00
0.30 0.52 11.70 1.00 0.00
0.30 0.52 11.88 1.00 0.00
0.30 0.52 12.05 1.00 0.00
0.30 0.52 12.23 1.00 0.00
0.30 0.52 12.40 1.00 0.00
0.30 0.52 12.58 1.00 0.00
0.30 0.52 12.75 1.00 0.00
0.30 0.52 12.93 1.00 0.00
0.30 0.52 13.10 1.00 0.00
0.30 0.52 13.28 1.00 0.00
0.50 0.52 10.30 1.00 0.00
0.50 0.52 10.47 1.00 0.00
0.50 0.52 10.65 1.00 0.00
0.50 0.52 10.82 1.00 0.00
0.50 0.52 11.00 1.00 0.00
0.50 0.52 11.17 1.00 0.00
0.50 0.52 11.34 1.00 0.00
0.50 0.52 11.52 1.00 0.00
0.50 0.52 11.69 1.00 0.00
0.50 0.52 11.87 1.00 0.00
0.50 0.52 12.04 1.00 0.00
0.50 0.52 12.22 1.00 0.00
0.50 0.52 12.39 1.00 0.00
0.50 0.52 12.57 1.00 0.00
0.50 0.52 12.74 1.00 0.00
0.50 0.52 12.92 1.00 0.00
0.50 0.52 13.09 1.00 0.00
0.50 0.52 13.26 1.00 0.00
0.70 0.52 10.29 1.00 0.00
0.70 0.52 10.46 1.00 0.00
0.70 0.52 10.63 1.00 0.00
0.70 0.52 10.81 1.00 0.00
0.70 0.52 10.98 1.00 0.00
0.70 0.52 11.16 1.00 0.00
0.70 0.52 11.33 1.00 0.00
0.70 0.52 11.51 1.00 0.00
0.70 0.52 11.68 1.00 0.00
0.70 0.52 11.86 1.00 0.00
0.70 0.52 12.03 1.00 0.00
0.70 0.52 12.21 1.00 0.00
0.70 0.52 12.38 1.00 0.00
0.70 0.52 12.55 1.00 0.00
0.70 0.52 12.73 1.00 0.00
0.70 0.52 12.90 1.00 0.00
0.70 0.52 13.08 1.00 0.00
0.70 0.52 13.25 1.00 0.00
0.90 0.52 10.27 1.00 0.00
0.90 0.52 10.45 1.00 0.00
0.90 0.52 10.62 1.00 0.00
0.90 0.52 10.79 1.00 0.00
0.90 0.52 10.97 1.00 0.00
0.90 0.52 11.14 1.00 0.00
0.90 0.52 11.32 1.00 0.00
0.90 0.52 11.49 1.00 0.00
0.90 0.52 11.67 1.00 0.00
0.90 0.52 11.84 1.00 0.00
0.90 0.52 12.02 1.00 0.00
0.90 0.52 12.19 1.00 0.00
0.90 0.52 12.37 1.00 0.00
0.90 0.52 12.54 1.00 0.00
0.90 0.52 12.71 1.00 0.00
0.90 0.52 12.89 1.00 0.00
0.90 0.52 13.06 1.00 0.00
0.90 0.52 13.24 1.00 0.00
1.10 0.52 10.25 1.00 0.00
1.10 0.52 10.43 1.00 0.00
1.10 0.52 10.60 1.00 0.00
1.10 0.52 10.78 1.00 0.00
1.10 0.52 10.95 1.00 0.00
1.10 0.52 11.13 1.00 0.00
1.10 0.52 11.30 1.00 0.00
1.10 0.52 11.48 1.00 0.00
1.10 0.52 11.65 1.00 0.00
1.10 0.52 11.83 1.00 0.00
1.10 0.52 12.00 1.00 0.00
1.10 0.52 12.17 1.00 0.00
1.10 0.52 12.35 1.00 0.00
1.10 0.52 12.52 1.00 0.00
1.10 0.52 12.70 1.00 0.00
1.10 0.52 12.87 1.00 0.00
1.10 0.52 13.05 1.00 0.00
1.10 0.52 13.22 1.00 0.00
0.30 0.70 10.33 1.00 0.00
0.30 0.70 10.50 1.00 0.00
0.30 0.70 10.67 1.00 0.00
0.30 0.70 10.85 1.00 0.00
0.30 0.70 11.02 1.00 0.00
0.30 0.70 11.20 1.00 0.00
0.30 0.70 11.37 1.00 0.00
0.30 0.70 11.55 1.00 0.00
0.30 0.70 11.72 1.00 0.00
0.30 0.70 11.90 1.00 0.00
0.30 0.70 12.07 1.00 0.00
0.30 0.70 12.24 1.00 0.00
0.30 0.70 12.42 1.00 0.00
0.30 0.70 12.59 1.00 0.00
0.30 0.70 12.77 1.00 0.00
0.30 0.70 12.94 1.00 0.00
0.30 0.70 13.12 1.00 0.00
0.30 0.70 13.29 1.00 0.00
0.50 0.70 4.04 1.00 0.00
0.50 0.70 4.22 1.00 0.00
0.50 0.70 4.39 1.00 0.00
0.50 0.70 4.57 1.00 0.00
0.50 0.70 4.74 1.00 0.00
0.50 0.70 4.92 1.00 0.00
0.50 0.70 5.09 1.00 0.00
0.50 0.70 5.27 1.00 0.00
0.50 0.70 5.44 1.00 0.00
0.50 0.70 5.61 1.00 0.00
0.50 0.70 5.79 1.00 0.00
0.50 0.70 5.96 1.00 0.00
0.50 0.70 6.14 1.00 0.00
0.50 0.70 6.31 1.00 0.00
0.50 0.70 6.49 1.00 0.00
0.50 0.70 6.66 1.00 0.00
0.50 0.70 6.84 1.00 0.00
0.50 0.70 7.01 1.00 0.00
0.70 0.70 4.05 1.00 0.00
0.70 0.70 4.22 1.00 0.00
0.70 0.70 4.39 1.00 0.00
0.70 0.70 4.57 1.00 0.00
0.70 0.70 4.74 1.00 0.00
0.70 0.70 4.92 1.00 0.00
0.70 0.70 5.09 1.00 0.00
0.70 0.70 5.27 1.00 0.00
0.70 0.70 5.44 1.00 0.00
0.70 0.70 5.62 1.00 0.00
0.70 0.70 5.79 1.00 0.00
0.70 0.70 5.97 1.00 0.00
0.70 0.70 6.14 1.00 0.00
0.70 0.70 6.31 1.00 0.00
0.70 0.70 6.49 1.00 0.00
0.70 0.70 6.66 1.00 0.00
0.70 0.70 6.84 1.00 0.00
0.70 0.70 7.01 1.00 0.00
0.90 0.70 4.05 1.00 0.00
0.90 0.70 4.22 1.00 0.00
0.90 0.70 4.40 1.00 0.00
0.90 0.70 4.57 1.00 0.00
0.90 0.70 4.75 1.00 0.00
0.90 0.70 4.92 1.00 0.00
0.90 0.70 5.10 1.00 0.00
0.90 0.70 5.27 1.00 0.00
0.90 0.70 5.44 1.00 0.00
0.90 0.70 5.62 1.00 0.00
0.90 0.70 5.79 1.00 0.00
0.90 0.70 5.97 1.00 0.00
0.90 0.70 6.14 1.00 0.00
0.90 0.70 6.32 1.00 0.00
0.90 0.70 6.49 1.00 0.00
0.90 0.70 6.67 1.00 0.00
0.90 0.70 6.84 1.00 0.00
0.90 0.70 7.02 1.00 0.00
1.10 0.70 4.05 1.00 0.00
1.10 0.70 4.23 1.00 0.00
1.10 0.70 4.40 1.00 0.00
1.10 0.70 4.57 1.00 0.00
1.10 0.70 4.75 1.00 0.00
1.10 0.70 4.92 1.00 0.00
1.10 0.70 5.10 1.00 0.00
1.10 0.70 5.27 1.00 0.00
1.10 0.70 5.45 1.00 0.00
1.10 0.70 5.62 1.00 0.00
1.10 0.70 5.80 1.00 0.00
1.10 0.70 5.97 1.00 0.00
1.10 0.70 6.15 1.00 0.00
1.10 0.70 6.32 1.00 0.00
1.10 0.70 6.49 1.00 0.00
1.10 0.70 6.67 1.00 0.00
1.10 0.70 6.84 1.00 0.00
1.10 0.70 7.02 1.00 0.00
0.30 0.87 4.06 1.00 0.00
0.30 0.87 4.23 1.00 0.00
0.30 0.87 4.41 1.00 0.00
0.30 0.87 4.58 1.00 0.00
0.30 0.87 4.76 1.00 0.00
0.30 0.87 4.93 1.00 0.00
0.30 0.87 5.11 1.00 0.00
0.30 0.87 5.28 1.00 0.00
0.30 0.87 5.45 1.00 0.00
0.30 0.87 5.63 1.00 0.00
0.30 0.87 5.80 1.00 0.00
0.30 0.87 5.98 1.00 0.00
0.30 0.87 6.15 1.00 0.00
0.30 0.87 6.33 1.00 0.00
0.30 0.87 6.50 1.00 0.00
0.30 0.87 6.68 1.00 0.00
0.30 0.87 6.85 1.00 0.00
0.30 0.87 7.03 1.00 0.00
0.50 0.87 4.07 1.00 0.00
0.50 0.87 4.25 1.00 0.00
0.50 0.87 4.42 1.00 0.00
0.50 0.87 4.60 1.00 0.00
0.50 0.87 4.77 1.00 0.00
0.50 0.87 4.95 1.00 0.00
0.50 0.87 5.12 1.00 0.00
0.50 0.87 5.29 1.00 0.00
0.50 0.87 5.47 1.00 0.00
0.50 0.87 5.64 1.00 0.00
0.50 0.87 5.82 1.00 0.00
0.50 0.87 5.99 1.00 0.00
0.50 0.87 6.17 1.00 0.00
0.50 0.87 6.34 1.00 0.00
0.50 0.87 6.52 1.00 0.00
0.50 0.87 6.69 1.00 0.00
0.50 0.87 6.87 1.00 0.00
0.50 0.87 7.04 1.00 0.00
0.70 0.87 4.09 1.00 0.00
0.70 0.87 4.26 1.00 0.00
0.70 0.87 4.44 1.00 0.00
0.70 0.87 4.61 1.00 0.00
0.70 0.87 4.79 1.00 0.00
0.70 0.87 4.96 1.00 0.00
0.70 0.87 5.14 1.00 0.00
0.70 0.87 5.31 1.00 0.00
0.70 0.87 5.49 1.00 0.00
0.70 0.87 5.66 1.00 0.00
0.70 0.87 5.83 1.00 0.00
0.70 0.87 6.01 1.00 0.00
0.70 0.87 6.18 1.00 0.00
0.70 0.87 6.36 1.00 0.00
0.70 0.87 6.53 1.00 0.00
0.70 0.87 6.71 1.00 0.00
0.70 0.87 6.88 1.00 0.00
0.70 0.87 7.06 1.00 0.00
0.90 0.87 4.11 1.00 0.00
0.90 0.87 4.28 1.00 0.00
0.90 0.87 4.46 1.00 0.00
0.90 0.87 4.63 1.00 0.00
0.90 0.87 4.81 1.00 0.00
0.90 0.87 4.98 1.00 0.00
0.90 0.87 5.16 1.00 0.00
0.90 0.87 5.33 1.00 0.00
0.90 0.87 5.50 1.00 0.00
0.90 0.87 5.68 1.00 0.00
0.90 0.87 5.85 1.00 0.00
0.90 0.87 6.03 1.00 0.00
0.90 0.87 6.20 1.00 0.00
0.90 0.87 6.38 1.00 0.00
0.90 0.87 6.55 1.00 0.00
0.90 0.87 6.73 1.00 0.00
0.90 0.87 6.90 1.00 0.00
0.90 0.87 7.08 1.00 0.00
1.10 0.87 4.13 1.00 0.00
1.10 0.87 4.30 1.00 0.00
1.10 0.87 4.48 1.00 0.00
1.10 0.87 4.65 1.00 0.00
1.10 0.87 4.83 1.00 0.00
1.10 0.87 5.00 1.00 0.00
1.10 0.87 5.18 1.00 0.00
1.10 0.87 5.35 1.00 0.00
1.10 0.87 5.53 1.00 0.00
1.10 0.87 5.70 1.00 0.00
1.10 0.87 5.88 1.00 0.00
1.10 0.87 6.05 1.00 0.00
1.10 0.87 6.22 1.00 0.00
1.10 0.87 6.40 1.00 0.00
1.10 0.87 6.57 1.00 0.00
1.10 0.87 6.75 1.00 0.00
1.10 0.87 6.92 1.00 0.00
1.10 0.87 7.10 1.00 0.00
0.30 1.05 4.07 1.00 0.00
0.30 1.05 4.25 1.00 0.00
0.30 1.05 4.42 1.00 0.00
0.30 1.05 4.60 1.00 0.00
0.30 1.05 4.77 1.00 0.00
0.30 1.05 4.95 1.00 0.00
0.30 1.05 5.12 1.00 0.00
0.30 1.05 5.30 1.00 0.00
0.30 1.05 5.47 1.00 0.00
0.30 1.05 5.64 1.00 0.00
0.30 1.05 5.82 1.00 0.00
0.30 1.05 5.99 1.00 0.00
0.30 1.05 6.17 1.00 0.00
0.30 1.05 6.34 1.00 0.00
0.30 1.05 6.52 1.00 0.00
0.30 1.05 6.69 1.00 0.00
0.30 1.05 6.87 1.00 0.00
0.30 1.05 7.04 1.00 0.00
0.50 1.05 4.10 1.00 0.00
0.50 1.05 4.27 1.00 0.00
0.50 1.05 4.45 1.00 0.00
0.50 1.05 4.62 1.00 0.00
0.50 1.05 4.80 1.00 0.00
0.50 1.05 4.97 1.00 0.00
0.50 1.05 5.15 1.00 0.00
0.50 1.05 5.32 1.00 0.00
0.50 1.05 5.50 1.00 0.00
0.50 1.05 5.67 1.00 0.00
0.50 1.05 5.85 1.00 0.00
0.50 1.05 6.02 1.00 0.00
0.50 1.05 6.19 1.00 0.00
0.50 1.05 6.37 1.00 0.00
0.50 1.05 6.54 1.00 0.00
0.50 1.05 6.72 1.00 0.00
0.50 1.05 6.89 1.00 0.00
0.50 1.05 7.07 1.00 0.00
0.70 1.05 4.13 1.00 0.00
0.70 1.05 4.30 1.00 0.00
0.70 1.05 4.48 1.00 0.00
0.70 1.05 4.65 1.00 0.00
0.70 1.05 4.83 1.00 0.00
0.70 1.05 5.00 1.00 0.00
0.70 1.05 5.18 1.00 0.00
0.70 1.05 5.35 1.00 0.00
0.70 1.05 5.53 1.00 0.00
0.70 1.05 5.70 1.00 0.00
0.70 1.05 5.88 1.00 0.00
0.70 1.05 6.05 1.00 0.00
0.70 1.05 6.22 1.00 0.00
0.70 1.05 6.40 1.00 0.00
0.70 1.05 6.57 1.00 0.00
0.70 1.05 6.75 1.00 0.00
0.70 1.05 6.92 1.00 0.00
0.70 1.05 7.10 1.00 0.00
0.90 1.05 4.16 1.00 0.00
0.90 1.05 4.34 1.00 0.00
0.90 1.05 4.51 1.00 0.00
0.90 1.05 4.69 1.00 0.00
0.90 1.05 4.86 1.00 0.00
0.90 1.05 5.04 1.00 0.00
0.90 1.05 5.21 1.00 0.00
0.90 1.05 5.39 1.00 0.00
0.90 1.05 5.56 1.00 0.00
0.90 1.05 5.73 1.00 0.00
0.90 1.05 5.91 1.00 0.00
0.90 1.05 6.08 1.00 0.00
0.90 1.05 6.26 1.00 0.00
0.90 1.05 6.43 1.00 0.00
0.90 1.05 6.61 1.00 0.00
0.90 1.05 6.78 1.00 0.00
0.90 1.05 6.96 1.00 0.00
0.90 1.05 7.13 1.00 0.00
1.10 1.05 4.20 1.00 0.00
1.10 1.05 4.38 1.00 0.00
1.10 1.05 4.55 1.00 0.00
1.10 1.05 4.73 1.00 0.00
1.10 1.05 4.90 1.00 0.00
1.10 1.05 5.07 1.00 0.00
1.10 1.05 5.25 1.00 0.00
1.10 1.05 5.42 1.00 0.00
1.10 1.05 5.60 1.00 0.00
1.10 1.05 5.77 1.00 0.00
1.10 1.05 5.95 1.00 0.00
1.10 1.05 6.12 1.00 0.00
1.10 1.05 6.30 1.00 0.00
1.10 1.05 6.47 1.00 0.00
1.10 1.05 6.65 1.00 0.00
1.10 1.05 6.82 1.00 0.00
1.10 1.05 6.99 1.00 0.00
1.10 1.05 7.17 1.00 0.00
0.30 1.22 4.09 1.00 0.00
0.30 1.22 4.26 1.00 0.00
0.30 1.22 4.44 1.00 0.00
0.30 1.22 4.61 1.00 0.00
0.30 1.22 4.79 1.00 0.00
0.30 1.22 4.96 1.00 0.00
0.30 1.22 5.14 1.00 0.00
0.30 1.22 5.31 1.00 0.00
0.30 1.22 5.48 1.00 0.00
0.30 1.22 5.66 1.00 0.00
0.30 1.22 5.83 1.00 0.00
0.30 1.22 6.01 1.00 0.00
0.30 1.22 6.18 1.00 0.00
0.30 1.22 6.36 1.00 0.00
0.30 1.22 6.53 1.00 0.00
0.30 1.22 6.71 1.00 0.00
0.30 1.22 6.88 1.00 0.00
0.30 1.22 7.06 1.00 0.00
0.50 1.22 4.12 1.00 0.00
0.50 1.22 4.30 1.00 0.00
0.50 1.22 4.47 1.00 0.00
0.50 1.22 4.65 1.00 0.00
0.50 1.22 4.82 1.00 0.00
0.50 1.22 5.00 1.00 0.00
0.50 1.22 5.17 1.00 0.00
0.50 1.22 5.35 1.00 0.00
0.50 1.22 5.52 1.00 0.00
0.50 1.22 5.70 1.00 0.00
0.50 1.22 5.87 1.00 0.00
0.50 1.22 6.04 1.00 0.00
0.50 1.22 6.22 1.00 0.00
0.50 1.22 6.39 1.00 0.00
0.50 1.22 6.57 1.00 0.00
0.50 1.22 6.74 1.00 0.00
0.50 1.22 6.92 1.00 0.00
0.50 1.22 7.09 1.00 0.00
0.70 1.22 4.17 1.00 0.00
0.70 1.22 4.34 1.00 0.00
0.70 1.22 4.51 1.00 0.00
0.70 1.22 4.69 1.00 0.00
0.70 1.22 4.86 1.00 0.00
0.70 1.22 5.04 1.00 0.00
0.70 1.22 5.21 1.00 0.00
0.70 1.22 5.39 1.00 0.00
0.70 1.22 5.56 1.00 0.00
0.70 1.22 5.74 1.00 0.00
0.70 1.22 5.91 1.00 0.00
0.70 1.22 6.09 1.00 0.00
0.70 1.22 6.26 1.00 0.00
0.70 1.22 6.43 1.00 0.00
0.70 1.22 6.61 1.00 0.00
0.70 1.22 6.78 1.00 0.00
0.70 1.22 6.96 1.00 0.00
0.70 1.22 7.13 1.00 0.00
0.90 1.22 4.21 1.00 0.00
0.90 1.22 4.39 1.00 0.00
0.90 1.22 4.56 1.00 0.00
0.90 1.22 4.73 1.00 0.00
0.90 1.22 4.91 1.00 0.00
0.90 1.22 5.08 1.00 0.00
0.90 1.22 5.26 1.00 0.00
0.90 1.22 5.43 1.00 0.00
0.90 1.22 5.61 1.00 0.00
0.90 1.22 5.78 1.00 0.00
0.90 1.22 5.96 1.00 0.00
0.90 1.22 6.13 1.00 0.00
0.90 1.22 6.31 1.00 0.00
0.90 1.22 6.48 1.00 0.00
0.90 1.22 6.65 1.00 0.00
0.90 1.22 6.83 1.00 0.00
0.90 1.22 7.00 1.00 0.00
0.90 1.22 7.18 1.00 0.00
1.10 1.22 4.26 1.00 0.00
1.10 1.22 4.44 1.00 0.00
1.10 1.22 4.61 1.00 0.00
1.10 1.22 4.79 1.00 0.00
1.10 1.22 4.96 1.00 0.00
1.10 1.22 5.13 1.00 0.00
1.10 1.22 5.31 1.00 0.00
1.10 1.22 5.48 1.00 0.00
1.10 1.22 5.66 1.00 0.00
1.10 1.22 5.83 1.00 0.00
1.10 1.22 6.01 1.00 0.00
1.10 1.22 6.18 1.00 0.00
1.10 1.22 6.36 1.00 0.00
1.10 1.22 6.53 1.00 0.00
1.10 1.22 6.71 1.00 0.00
1.10 1.22 6.88 1.00 0.00
1.10 1.22 7.05 1.00 0.00
1.10 1.22 7.23 1.00 0.00
0.30 1.40 4.10 1.00 0.00
0.30 1.40 4.28 1.00 0.00
0.30 1.40 4.45 1.00 0.00
0.30 1.40 4.62 1.00 0.00
0.30 1.40 4.80 1.00 0.00
0.30 1.40 4.97 1.00 0.00
0.30 1.40 5.15 1.00 0.00
0.30 1.40 5.32 1.00 0.00
0.30 1.40 5.50 1.00 0.00
0.30 1.40 5.67 1.00 0.00
0.30 1.40 5.85 1.00 0.00
0.30 1.40 6.02 1.00 0.00
0.30 1.40 6.19 1.00 0.00
0.30 1.40 6.37 1.00 0.00
0.30 1.40 6.54 1.00 0.00
0.30 1.40 6.72 1.00 0.00
0.30 1.40 6.89 1.00 0.00
0.30 1.40 7.07 1.00 0.00
0.50 1.40 4.15 1.00 0.00
0.50 1.40 4.32 1.00 0.00
0.50 1.40 4.49 1.00 0.00
0.50 1.40 4.67 1.00 0.00
0.50 1.40 4.84 1.00 0.00
0.50 1.40 5.02 1.00 0.00
0.50 1.40 5.19 1.00 0.00
0.50 1.40 5.37 1.00 0.00
0.50 1.40 5.54 1.00 0.00
0.50 1.40 5.72 1.00 0.00
0.50 1.40 5.89 1.00 0.00
0.50 1.40 6.07 1.00 0.00
0.50 1.40 6.24 1.00 0.00
0.50 1.40 6.41 1.00 0.00
0.50 1.40 6.59 1.00 0.00
0.50 1.40 6.76 1.00 0.00
0.50 1.40 6.94 1.00 0.00
0.50 1.40 7.11 1.00 0.00
0.70 1.40 4.20 1.00 0.00
0.70 1.40 4.37 1.00 0.00
0.70 1.40 4.54 1.00 0.00
0.70 1.40 4.72 1.00 0.00
0.70 1.40 4.89 1.00 0.00
0.70 1.40 5.07 1.00 0.00
0.70 1.40 5.24 1.00 0.00
0.70 1.40 5.42 1.00 0.00
0.70 1.40 5.59 1.00 0.00
0.70 1.40 5.77 1.00 0.00
0.70 1.40 5.94 1.00 0.00
0.70 1.40 6.12 1.00 0.00
0.70 1.40 6.29 1.00 0.00
0.70 1.40 6.46 1.00 0.00
0.70 1.40 6.64 1.00 0.00
0.70 1.40 6.81 1.00 0.00
0.70 1.40 6.99 1.00 0.00
0.70 1.40 7.16 1.00 0.00
0.90 1.40 4.25 1.00 0.00
0.90 1.40 4.42 1.00 0.00
0.90 1.40 4.60 1.00 0.00
0.90 1.40 4.77 1.00 0.00
0.90 1.40 4.95 1.00 0.00
0.90 1.40 5.12 1.00 0.00
0.90 1.40 5.30 1.00 0.00
0.90 1.40 5.47 1.00 0.00
0.90 1.40 5.65 1.00 0.00
0.90 1.40 5.82 1.00 0.00
0.90 1.40 5.99 1.00 0.00
0.90 1.40 6.17 1.00 0.00
0.90 1.40 6.34 1.00 0.00
0.90 1.40 6.52 1.00 0.00
0.90 1.40 6.69 1.00 0.00
0.90 1.40 6.87 1.00 0.00
0.90 1.40 7.04 1.00 0.00
0.90 1.40 7.22 1.00 0.00
1.10 1.40 4.31 1.00 0.00
1.10 1.40 4.48 1.00 0.00
1.10 1.40 4.66 1.00 0.00
1.10 1.40 4.83 1.00 0.00
1.10 1.40 5.01 1.00 0.00
1.10 1.40 5.18 1.00 0.00
1.10 1.40 5.35 1.00 0.00
1.10 1.40 5.53 1.00 0.00
1.10 1.40 5.70 1.00 0.00
1.10 1.40 5.88 1.00 0.00
1.10 1.40 6.05 1.00 0.00
1.10 1.40 6.23 1.00 0.00
1.10 1.40 6.40 1.00 0.00
1.10 1.40 6.58 1.00 0.00
1.10 1.40 6.75 1.00 0.00
1.10 1.40 6.93 1.00 0.00
1.10 1.40 7.10 1.00 0.00
1.10 1.40 7.27 1.00 0.00
0.30 1.57 4.11 1.00 0.00
0.30 1.57 4.29 1.00 0.00
0.30 1.57 4.46 1.00 0.00
0.30 1.57 4.63 1.00 0.00
0.30 1.57 4.81 1.00 0.00
0.30 1.57 4.98 1.00 0.00
0.30 1.57 5.16 1.00 0.00
0.30 1.57 5.33 1.00 0.00
0.30 1.57 5.51 1.00 0.00
0.30 1.57 5.68 1.00 0.00
0.30 1.57 5.86 1.00 0.00
0.30 1.57 6.03 1.00 0.00
0.30 1.57 6.21 1.00 0.00
0.30 1.57 6.38 1.00 0.00
0.30 1.57 6.55 1.00 0.00
0.30 1.57 6.73 1.00 0.00
0.30 1.57 6.90 1.00 0.00
0.30 1.57 7.08 1.00 0.00
0.50 1.57 4.16 1.00 0.00
0.50 1.57 4.34 1.00 0.00
0.50 1.57 4.51 1.00 0.00
0.50 1.57 4.69 1.00 0.00
0.50 1.57 4.86 1.00 0.00
0.50 1.57 5.04 1.00 0.00
0.50 1.57 5.21 1.00 0.00
0.50 1.57 5.38 1.00 0.00
0.50 1.57 5.56 1.00 0.00
0.50 1.57 5.73 1.00 0.00
0.50 1.57 5.91 1.00 0.00
0.50 1.57 6.08 1.00 0.00
0.50 1.57 6.26 1.00 0.00
0.50 1.57 6.43 1.00 0.00
0.50 1.57 6.61 1.00 0.00
0.50 1.57 6.78 1.00 0.00
0.50 1.57 6.95 1.00 0.00
0.50 1.57 7.13 1.00 0.00
0.70 1.57 4.22 1.00 0.00
0.70 1.57 4.39 1.00 0.00
0.70 1.57 4.57 1.00 0.00
0.70 1.57 4.74 1.00 0.00
0.70 1.57 4.92 1.00 0.00
0.70 1.57 5.09 1.00 0.00
0.70 1.57 5.26 1.00 0.00
0.70 1.57 5.44 1.00 0.00
0.70 1.57 5.61 1.00 0.00
0.70 1.57 5.79 1.00 0.00
0.70 1.57 5.96 1.00 0.00
0.70 1.57 6.14 1.00 0.00
0.70 1.57 6.31 1.00 0.00
0.70 1.57 6.49 1.00 0.00
0.70 1.57 6.66 1.00 0.00
0.70 1.57 6.84 1.00 0.00
0.70 1.57 7.01 1.00 0.00
0.70 1.57 7.18 1.00 0.00
0.90 1.57 4.28 1.00 0.00
0.90 1.57 4.45 1.00 0.00
0.90 1.57 4.63 1.00 0.00
0.90 1.57 4.80 1.00 0.00
0.90 1.57 4.97 1.00 0.00
0.90 1.57 5.15 1.00 0.00
0.90 1.57 5.32 1.00 0.00
0.90 1.57 5.50 1.00 0.00
0.90 1.57 5.67 1.00 0.00
0.90 1.57 5.85 1.00 0.00
0.90 1.57 6.02 1.00 0.00
0.90 1.57 6.20 1.00 0.00
0.90 1.57 6.37 1.00 0.00
0.90 1.57 6.55 1.00 0.00
0.90 1.57 6.72 1.00 0.00
0.90 1.57 6.89 1.00 0.00
0.90 1.57 7.07 1.00 0.00
0.90 1.57 7.24 1.00 0.00
1.10 1.57 4.34 1.00 0.00
1.10 1.57 4.51 1.00 0.00
1.10 1.57 4.69 1.00 0.00
1.10 1.57 4.86 1.00 0.00
1.10 1.57 5.04 1.00 0.00
1.10 1.57 5.21 1.00 0.00
1.10 1.57 5.39 1.00 0.00
1.10 1.57 5.56 1.00 0.00
1.10 1.57 5.73 1.00 0.00
1.10 1.57 5.91 1.00 0.00
1.10 1.57 6.08 1.00 0.00
1.10 1.57 6.26 1.00 0.00
1.10 1.57 6.43 1.00 0.00
1.10 1.57 6.61 1.00 0.00
1.10 1.57 6.78 1.00 0.00
1.10 1.57 6.96 1.00 0.00
1.10 1.57 7.13 1.00 0.00
1.10 1.57 7.31 1.00 0.00
0.30 1.75 4.12 1.00 0.00
0.30 1.75 4.29 1.00 0.00
0.30 1.75 4.47 1.00 0.00
0.30 1.75 4.64 1.00 0.00
0.30 1.75 4.82 1.00 0.00
0.30 1.75 4.99 1.00 0.00
0.30 1.75 5.17 1.00 0.00
0.30 1.75 5.34 1.00 0.00
0.30 1.75 5.51 1.00 0.00
0.30 1.75 5.69 1.00 0.00
0.30 1.75 5.86 1.00 0.00
0.30 1.75 6.04 1.00 0.00
0.30 1.75 6.21 1.00 0.00
0.30 1.75 6.39 1.00 0.00
0.30 1.75 6.56 1.00 0.00
0.30 1.75 6.74 1.00 0.00
0.30 1.75 6.91 1.00 0.00
0.30 1.75 7.09 1.00 0.00
0.50 1.75 4.17 1.00 0.00
0.50 1.75 4.35 1.00 0.00
0.50 1.75 4.52 1.00 0.00
0.50 1.75 4.70 1.00 0.00
0.50 1.75 4.87 1.00 0.00
0.50 1.75 5.05 1.00 0.00
0.50 1.75 5.22 1.00 0.00
0.50 1.75 5.40 1.00 0.00
0.50 1.75 5.57 1.00 0.00
0.50 1.75 5.75 1.00 0.00
0.50 1.75 5.92 1.00 0.00
0.50 1.75 6.09 1.00 0.00
0.50 1.75 6.27 1.00 0.00
0.50 1.75 6.44 1.00 0.00
0.50 1.75 6.62 1.00 0.00
0.50 1.75 6.79 1.00 0.00
0.50 1.75 6.97 1.00 0.00
0.50 1.75 7.14 1.00 0.00
0.70 1.75 4.23 1.00 0.00
0.70 1.75 4.41 1.00 0.00
0.70 1.75 4.58 1.00 0.00
0.70 1.75 4.76 1.00 0.00
0.70 1.75 4.93 1.00 0.00
0.70 1.75 5.11 1.00 0.00
0.70 1.75 5.28 1.00 0.00
0.70 1.75 5.45 1.00 0.00
0.70 1.75 5.63 1.00 0.00
0.70 1.75 5.80 1.00 0.00
0.70 1.75 5.98 1.00 0.00
0.70 1.75 6.15 1.00 0.00
0.70 1.75 6.33 1.00 0.00
0.70 1.75 6.50 1.00 0.00
0.70 1.75 6.68 1.00 0.00
0.70 1.75 6.85 1.00 0.00
0.70 1.75 7.03 1.00 0.00
0.70 1.75 7.20 1.00 0.00
0.90 1.75 4.29 1.00 0.00
0.90 1.75 4.47 1.00 0.00
0.90 1.75 4.64 1.00 0.00
0.90 1.75 4.82 1.00 0.00
0.90 1.75 4.99 1.00 0.00
0.90 1.75 5.17 1.00 0.00
0.90 1.75 5.34 1.00 0.00
0.90 1.75 5.52 1.00 0.00
0.90 1.75 5.69 1.00 0.00
0.90 1.75 5.86 1.00 0.00
0.90 1.75 6.04 1.00 0.00
0.90 1.75 6.21 1.00 0.00
0.90 1.75 6.39 1.00 0.00
0.90 1.75 6.56 1.00 0.00
0.90 1.75 6.74 1.00 0.00
0.90 1.75 6.91 1.00 0.00
0.90 1.75 7.09 1.00 0.00
0.90 1.75 7.26 1.00 0.00
1.10 1.75 4.36 1.00 0.00
1.10 1.75 4.53 1.00 0.00
1.10 1.75 4.71 1.00 0.00
1.10 1.75 4.88 1.00 0.00
1.10 1.75 5.05 1.00 0.00
1.10 1.75 5.23 1.00 0.00
1.10 1.75 5.40 1.00 0.00
1.10 1.75 5.58 1.00 0.00
1.10 1.75 5.75 1.00 0.00
1.10 1.75 5.93 1.00 0.00
1.10 1.75 6.10 1.00 0.00
1.10 1.75 6.28 1.00 0.00
1.10 1.75 6.45 1.00 0.00
1.10 1.75 6.62 1.00 0.00
1.10 1.75 6.80 1.00 0.00
1.10 1.75 6.97 1.00 0.00
1.10 1.75 7.15 1.00 0.00
1.10 1.75 7.32 1.00 0.00
0.30 1.92 4.12 1.00 0.00
0.30 1.92 4.30 1.00 0.00
0.30 1.92 4.47 1.00 0.00
0.30 1.92 4.65 1.00 0.00
0.30 1.92 4.82 1.00 0.00
0.30 1.92 5.00 1.00 0.00
0.30 1.92 5.17 1.00 0.00
0.30 1.92 5.35 1.00 0.00
0.30 1.92 5.52 1.00 0.00
0.30 1.92 5.69 1.00 0.00
0.30 1.92 5.87 1.00 0.00
0.30 1.92 6.04 1.00 0.00
0.30 1.92 6.22 1.00 0.00
0.30 1.92 6.39 1.00 0.00
0.30 1.92 6.57 1.00 0.00
0.30 1.92 6.74 1.00 0.00
0.30 1.92 6.92 1.00 0.00
0.30 1.92 7.09 1.00 0.00
0.50 1.92 4.18 1.00 0.00
0.50 1.92 4.36 1.00 0.00
0.50 1.92 4.53 1.00 0.00
0.50 1.92 4.71 1.00 0.00
0.50 1.92 4.88 1.00 0.00
0.50 1.92 5.05 1.00 0.00
0.50 1.92 5.23 1.00 0.00
0.50 1.92 5.40 1.00 0.00
0.50 1.92 5.58 1.00 0.00
0.50 1.92 5.75 1.00 0.00
0.50 1.92 5.93 1.00 0.00
0.50 1.92 6.10 1.00 0.00
0.50 1.92 6.28 1.00 0.00
0.50 1.92 6.45 1.00 0.00
0.50 1.92 6.62 1.00 0.00
0.50 1.92 6.80 1.00 0.00
0.50 1.92 6.97 1.00 0.00
0.50 1.92 7.15 1.00 0.00
0.70 1.92 4.24 1.00 0.00
0.70 1.92 4.42 1.00 0.00
0.70 1.92 4.59 1.00 0.00
0.70 1.92 4.76 1.00 0.00
0.70 1.92 4.94 1.00 0.00
0.70 1.92 5.11 1.00 0.00
0.70 1.92 5.29 1.00 0.00
0.70 1.92 5.46 1.00 0.00
0.70 1.92 5.64 1.00 0.00
0.70 1.92 5.81 1.00 0.00
0.70 1.92 5.99 1.00 0.00
0.70 1.92 6.16 1.00 0.00
0.70 1.92 6.34 1.00 0.00
0.70 1.92 6.51 1.00 0.00
0.70 1.92 6.68 1.00 0.00
0.70 1.92 6.86 1.00 0.00
0.70 1.92 7.03 1.00 0.00
0.70 1.92 7.21 1.00 0.00
0.90 1.92 4.30 1.00 0.00
0.90 1.92 4.48 1.00 0.00
0.90 1.92 4.65 1.00 0.00
0.90 1.92 4.82 1.00 0.00
0.90 1.92 5.00 1.00 0.00
0.90 1.92 5.17 1.00 0.00
0.90 1.92 5.35 1.00 0.00
0.90 1.92 5.52 1.00 0.00
0.90 1.92 5.70 1.00 0.00
0.90 1.92 5.87 1.00 0.00
0.90 1.92 6.05 1.00 0.00
0.90 1.92 6.22 1.00 0.00
0.90 1.92 6.40 1.00 0.00
0.90 1.92 6.57 1.00 0.00
0.90 1.92 6.74 1.00 0.00
0.90 1.92 6.92 1.00 0.00
0.90 1.92 7.09 1.00 0.00
0.90 1.92 7.27 1.00 0.00
1.10 1.92 4.36 1.00 0.00
1.10 1.92 4.54 1.00 0.00
1.10 1.92 4.71 1.00 0.00
1.10 1.92 4.89 1.00 0.00
1.10 1.92 5.06 1.00 0.00
1.10 1.92 5.23 1.00 0.00
1.10 1.92 5.41 1.00 0.00
1.10 1.92 5.58 1.00 0.00
1.10 1.92 5.76 1.00 0.00
1.10 1.92 5.93 1.00 0.00
1.10 1.92 6.11 1.00 0.00
1.10 1.92 6.28 1.00 0.00
1.10 1.92 6.46 1.00 0.00
1.10 1.92 6.63 1.00 0.00
1.10 1.92 6.80 1.00 0.00
1.10 1.92 6.98 1.00 0.00
1.10 1.92 7.15 1.00 0.00
1.10 1.92 7.33 1.00 0.00
0.30 2.09 4.13 1.00 0.00
0.30 2.09 4.30 1.00 0.00
0.30 2.09 4.47 1.00 0.00
0.30 2.09 4.65 1.00 0.00
0.30 2.09 4.82 1.00 0.00
0.30 2.09 5.00 1.00 0.00
0.30 2.09 5.17 1.00 0.00
0.30 2.09 5.35 1.00 0.00
0.30 2.09 5.52 1.00 0.00
0.30 2.09 5.70 1.00 0.00
0.30 2.09 5.87 1.00 0.00
0.30 2.09 6.05 1.00 0.00
0.30 2.09 6.22 1.00 0.00
0.30 2.09 6.39 1.00 0.00
0.30 2.09 6.57 1.00 0.00
0.30 2.09 6.74 1.00 0.00
0.30 2.09 6.92 1.00 0.00
0.30 2.09 7.09 1.00 0.00
0.50 2.09 4.18 1.00 0.00
0.50 2.09 4.36 1.00 0.00
0.50 2.09 4.53 1.00 0.00
0.50 2.09 4.71 1.00 0.00
0.50 2.09 4.88 1.00 0.00
0.50 2.09 5.06 1.00 0.00
0.50 2.09 5.23 1.00 0.00
0.50 2.09 5.41 1.00 0.00
0.50 2.09 5.58 1.00 0.00
0.50 2.09 5.75 1.00 0.00
0.50 2.09 5.93 1.00 0.00
0.50 2.09 6.10 1.00 0.00
0.50 2.09 6.28 1.00 0.00
0.50 2.09 6.45 1.00 0.00
0.50 2.09 6.63 1.00 0.00
0.50 2.09 6.80 1.00 0.00
0.50 2.09 6.98 1.00 0.00
0.50 2.09 7.15 1.00 0.00
0.70 2.09 4.24 1.00 0.00
0.70 2.09 4.42 1.00 0.00
0.70 2.09 4.59 1.00 0.00
0.70 2.09 4.77 1.00 0.00
0.70 2.09 4.94 1.00 0.00
0.70 2.09 5.11 1.00 0.00
0.70 2.09 5.29 1.00 0.00
0.70 2.09 5.46 1.00 0.00
0.70 2.09 5.64 1.00 0.00
0.70 2.09 5.81 1.00 0.00
0.70 2.09 5.99 1.00 0.00
0.70 2.09 6.16 1.00 0.00
0.70 2.09 6.34 1.00 0.00
0.70 2.09 6.51 1.00 0.00
0.70 2.09 6.69 1.00 0.00
0.70 2.09 6.86 1.00 0.00
0.70 2.09 7.03 1.00 0.00
0.70 2.09 7.21 1.00 0.00
0.90 2.09 4.30 1.00 0.00
0.90 2.09 4.47 1.00 0.00
0.90 2.09 4.65 1.00 0.00
0.90 2.09 4.82 1.00 0.00
0.90 2.09 5.00 1.00 0.00
0.90 2.09 5.17 1.00 0.00
0.90 2.09 5.35 1.00 0.00
0.90 2.09 5.52 1.00 0.00
0.90 2.09 5.70 1.00 0.00
0.90 2.09 5.87 1.00 0.00
0.90 2.09 6.05 1.00 0.00
0.90 2.09 6.22 1.00 0.00
0.90 2.09 6.39 1.00 0.00
0.90 2.09 6.57 1.00 0.00
0.90 2.09 6.74 1.00 0.00
0.90 2.09 6.92 1.00 0.00
0.90 2.09 7.09 1.00 0.00
0.90 2.09 7.27 1.00 0.00
1.10 2.09 4.36 1.00 0.00
1.10 2.09 4.53 1.00 0.00
1.10 2.09 4.71 1.00 0.00
1.10 2.09 4.88 1.00 0.00
1.10 2.09 5.05 1.00 0.00
1.10 2.09 5.23 1.00 0.00
1.10 2.09 5.40 1.00 0.00
1.10 2.09 5.58 1.00 0.00
1.10 2.09 5.75 1.00 0.00
1.10 2.09 5.93 1.00 0.00
1.10 2.09 6.10 1.00 0.00
1.10 2.09 6.28 1.00 0.00
1.10 2.09 6.45 1.00 0.00
1.10 2.09 6.63 1.00 0.00
1.10 2.09 6.80 1.00 0.00
1.10 2.09 6.97 1.00 0.00
1.10 2.09 7.15 1.00 0.00
1.10 2.09 7.32 1.00 0.00
0.30 2.27 4.13 1.00 0.00
0.30 2.27 4.30 1.00 0.00
0.30 2.27 4.47 1.00 0.00
0.30 2.27 4.65 1.00 0.00
0.30 2.27 4.82 1.00 0.00
0.30 2.27 5.00 1.00 0.00
0.30 2.27 5.17 1.00 0.00
0.30 2.27 5.35 1.00 0.00
0.30 2.27 5.52 1.00 0.00
0.30 2.27 5.70 1.00 0.00
0.30 2.27 5.87 1.00 0.00
0.30 2.27 6.05 1.00 0.00
0.30 2.27 6.22 1.00 0.00
0.30 2.27 6.39 1.00 0.00
0.30 2.27 6.57 1.00 0.00
0.30 2.27 6.74 1.00 0.00
0.30 2.27 6.92 1.00 0.00
0.30 2.27 7.09 1.00 0.00
0.50 2.27 4.18 1.00 0.00
0.50 2.27 4.36 1.00 0.00
0.50 2.27 4.53 1.00 0.00
0.50 2.27 4.71 1.00 0.00
0.50 2.27 4.88 1.00 0.00
0.50 2.27 5.05 1.00 0.00
0.50 2.27 5.23 1.00 0.00
0.50 2.27 5.40 1.00 0.00
0.50 2.27 5.58 1.00 0.00
0.50 2.27 5.75 1.00 0.00
0.50 2.27 5.93 1.00 0.00
0.50 2.27 6.10 1.00 0.00
0.50 2.27 6.28 1.00 0.00
0.50 2.27 6.45 1.00 0.00
0.50 2.27 6.63 1.00 0.00
0.50 2.27 6.80 1.00 0.00
0.50 2.27 6.97 1.00 0.00
0.50 2.27 7.15 1.00 0.00
0.70 2.27 4.24 1.00 0.00
0.70 2.27 4.41 1.00 0.00
0.70 2.27 4.59 1.00 0.00
0.70 2.27 4.76 1.00 0.00
0.70 2.27 4.94 1.00 0.00
0.70 2.27 5.11 1.00 0.00
0.70 2.27 5.28 1.00 0.00
0.70 2.27 5.46 1.00 0.00
0.70 2.27 5.63 1.00 0.00
0.70 2.27 5.81 1.00 0.00
0.70 2.27 5.98 1.00 0.00
0.70 2.27 6.16 1.00 0.00
0.70 2.27 6.33 1.00 0.00
0.70 2.27 6.51 1.00 0.00
0.70 2.27 6.68 1.00 0.00
0.70 2.27 6.86 1.00 0.00
0.70 2.27 7.03 1.00 0.00
0.70 2.27 7.20 1.00 0.00
0.90 2.27 4.29 1.00 0.00
0.90 2.27 4.47 1.00 0.00
0.90 2.27 4.64 1.00 0.00
0.90 2.27 4.81 1.00 0.00
0.90 2.27 4.99 1.00 0.00
0.90 2.27 5.16 1.00 0.00
0.90 2.27 5.34 1.00 0.00
0.90 2.27 5.51 1.00 0.00
0.90 2.27 5.69 1.00 0.00
0.90 2.27 5.86 1.00 0.00
0.90 2.27 6.04 1.00 0.00
0.90 2.27 6.21 1.00 0.00
0.90 2.27 6.39 1.00 0.00
0.90 2.27 6.56 1.00 0.00
0.90 2.27 6.73 1.00 0.00
0.90 2.27 6.91 1.00 0.00
0.90 2.27 7.08 1.00 0.00
0.90 2.27 7.26 1.00 0.00
1.10 2.27 4.34 1.00 0.00
1.10 2.27 4.52 1.00 0.00
1.10 2.27 4.69 1.00 0.00
1.10 2.27 4.87 1.00 0.00
1.10 2.27 5.04 1.00 0.00
1.10 2.27 5.22 1.00 0.00
1.10 2.27 5.39 1.00 0.00
1.10 2.27 5.57 1.00 0.00
1.10 2.27 5.74 1.00 0.00
1.10 2.27 5.91 1.00 0.00
1.10 2.27 6.09 1.00 0.00
1.10 2.27 6.26 1.00 0.00
1.10 2.27 6.44 1.00 0.00
1.10 2.27 6.61 1.00 0.00
1.10 2.27 6.79 1.00 0.00
1.10 2.27 6.96 1.00 0.00
1.10 2.27 7.14 1.00 0.00
1.10 2.27 7.31 1.00 0.00
0.30 2.44 4.12 1.00 0.00
0.30 2.44 4.30 1.00 0.00
0.30 2.44 4.47 1.00 0.00
0.30 2.44 4.65 1.00 0.00
0.30 2.44 4.82 1.00 0.00
0.30 2.44 5.00 1.00 0.00
0.30 2.44 5.17 1.00 0.00
0.30 2.44 5.34 1.00 0.00
0.30 2.44 5.52 1.00 0.00
0.30 2.44 5.69 1.00 0.00
0.30 2.44 5.87 1.00 0.00
0.30 2.44 6.04 1.00 0.00
0.30 2.44 6.22 1.00 0.00
0.30 2.44 6.39 1.00 0.00
0.30 2.44 6.57 1.00 0.00
0.30 2.44 6.74 1.00 0.00
0.30 2.44 6.92 1.00 0.00
0.30 2.44 7.09 1.00 0.00
0.50 2.44 4.18 1.00 0.00
0.50 2.44 4.35 1.00 0.00
0.50 2.44 4.52 1.00 0.00
0.50 2.44 4.70 1.00 0.00
0.50 2.44 4.87 1.00 0.00
0.50 2.44 5.05 1.00 0.00
0.50 2.44 5.22 1.00 0.00
0.50 2.44 5.40 1.00 0.00
0.50 2.44 5.57 1.00 0.00
0.50 2.44 5.75 1.00 0.00
0.50 2.44 5.92 1.00 0.00
0.50 2.44 6.10 1.00 0.00
0.50 2.44 6.27 1.00 0.00
0.50 2.44 6.44 1.00 0.00
0.50 2.44 6.62 1.00 0.00
0.50 2.44 6.79 1.00 0.00
0.50 2.44 6.97 1.00 0.00
0.50 2.44 7.14 1.00 0.00
0.70 2.44 4.23 1.00 0.00
0.70 2.44 4.40 1.00 0.00
0.70 2.44 4.58 1.00 0.00
0.70 2.44 4.75 1.00 0.00
0.70 2.44 4.93 1.00 0.00
0.70 2.44 5.10 1.00 0.00
0.70 2.44 5.27 1.00 0.00
0.70 2.44 5.45 1.00 0.00
0.70 2.44 5.62 1.00 0.00
0.70 2.44 5.80 1.00 0.00
0.70 2.44 5.97 1.00 0.00
0.70 2.44 6.15 1.00 0.00
0.70 2.44 6.32 1.00 0.00
0.70 2.44 6.50 1.00 0.00
0.70 2.44 6.67 1.00 0.00
0.70 2.44 6.85 1.00 0.00
0.70 2.44 7.02 1.00 0.00
0.70 2.44 7.19 1.00 0.00
0.90 2.44 4.28 1.00 0.00
0.90 2.44 4.45 1.00 0.00
0.90 2.44 4.63 1.00 0.00
0.90 2.44 4.80 1.00 0.00
0.90 2.44 4.97 1.00 0.00
0.90 2.44 5.15 1.00 0.00
0.90 2.44 5.32 1.00 0.00
0.90 2.44 5.50 1.00 0.00
0.90 2.44 5.67 1.00 0.00
0.90 2.44 5.85 1.00 0.00
0.90 2.44 6.02 1.00 0.00
0.90 2.44 6.20 1.00 0.00
0.90 2.44 6.37 1.00 0.00
0.90 2.44 6.55 1.00 0.00
0.90 2.44 6.72 1.00 0.00
0.90 2.44 6.89 1.00 0.00
0.90 2.44 7.07 1.00 0.00
0.90 2.44 7.24 1.00 0.00
1.10 2.44 4.32 1.00 0.00
1.10 2.44 4.50 1.00 0.00
1.10 2.44 4.67 1.00 0.00
1.10 2.44 4.85 1.00 0.00
1.10 2.44 5.02 1.00 0.00
1.10 2.44 5.20 1.00 0.00
1.10 2.44 5.37 1.00 0.00
1.10 2.44 5.55 1.00 0.00
1.10 2.44 5.72 1.00 0.00
1.10 2.44 5.89 1.00 0.00
1.10 2.44 6.07 1.00 0.00
1.10 2.44 6.24 1.00 0.00
1.10 2.44 6.42 1.00 0.00
1.10 2.44 6.59 1.00 0.00
1.10 2.44 6.77 1.00 0.00
1.10 2.44 6.94 1.00 0.00
1.10 2.44 7.12 1.00 0.00
1.10 2.44 7.29 1.00 0.00
0.30 2.62 4.12 1.00 0.00
0.30 2.62 4.29 1.00 0.00
0.30 2.62 4.47 1.00 0.00
0.30 2.62 4.64 1.00 0.00
0.30 2.62 4.82 1.00 0.00
0.30 2.62 4.99 1.00 0.00
0.30 2.62 5.16 1.00 0.00
0.30 2.62 5.34 1.00 0.00
0.30 2.62 5.51 1.00 0.00
0.30 2.62 5.69 1.00 0.00
0.30 2.62 5.86 1.00 0.00
0.30 2.62 6.04 1.00 0.00
0.30 2.62 6.21 1.00 0.00
0.30 2.62 6.39 1.00 0.00
0.30 2.62 6.56 1.00 0.00
0.30 2.62 6.74 1.00 0.00
0.30 2.62 6.91 1.00 0.00
0.30 2.62 7.08 1.00 0.00
0.50 2.62 4.17 1.00 0.00
0.50 2.62 4.34 1.00 0.00
0.50 2.62 4.52 1.00 0.00
0.50 2.62 4.69 1.00 0.00
0.50 2.62 4.86 1.00 0.00
0.50 2.62 5.04 1.00 0.00
0.50 2.62 5.21 1.00 0.00
0.50 2.62 5.39 1.00 0.00
0.50 2.62 5.56 1.00 0.00
0.50 2.62 5.74 1.00 0.00
0.50 2.62 5.91 1.00 0.00
0.50 2.62 6.09 1.00 0.00
0.50 2.62 6.26 1.00 0.00
0.50 2.62 6.43 1.00 0.00
0.50 2.62 6.61 1.00 0.00
0.50 2.62 6.78 1.00 0.00
0.50 2.62 6.96 1.00 0.00
0.50 2.62 7.13 1.00 0.00
0.70 2.62 4.21 1.00 0.00
0.70 2.62 4.39 1.00 0.00
0.70 2.62 4.56 1.00 0.00
0.70 2.62 4.74 1.00 0.00
0.70 2.62 4.91 1.00 0.00
0.70 2.62 5.09 1.00 0.00
0.70 2.62 5.26 1.00 0.00
0.70 2.62 5.43 1.00 0.00
0.70 2.62 5.61 1.00 0.00
0.70 2.62 5.78 1.00 0.00
0.70 2.62 5.96 1.00 0.00
0.70 2.62 6.13 1.00 0.00
0.70 2.62 6.31 1.00 0.00
0.70 2.62 6.48 1.00 0.00
0.70 2.62 6.66 1.00 0.00
0.70 2.62 6.83 1.00 0.00
0.70 2.62 7.00 1.00 0.00
0.70 2.62 7.18 1.00 0.00
0.90 2.62 4.26 1.00 0.00
0.90 2.62 4.43 1.00 0.00
0.90 2.62 4.61 1.00 0.00
0.90 2.62 4.78 1.00 0.00
0.90 2.62 4.95 1.00 0.00
0.90 2.62 5.13 1.00 0.00
0.90 2.62 5.30 1.00 0.00
0.90 2.62 5.48 1.00 0.00
0.90 2.62 5.65 1.00 0.00
0.90 2.62 5.83 1.00 0.00
0.90 2.62 6.00 1.00 0.00
0.90 2.62 6.18 1.00 0.00
0.90 2.62 6.35 1.00 0.00
0.90 2.62 6.53 1.00 0.00
0.90 2.62 6.70 1.00 0.00
0.90 2.62 6.87 1.00 0.00
0.90 2.62 7.05 1.00 0.00
0.90 2.62 7.22 1.00 0.00
1.10 2.62 4.30 1.00 0.00
1.10 2.62 4.47 1.00 0.00
1.10 2.62 4.65 1.00 0.00
1.10 2.62 4.82 1.00 0.00
1.10 2.62 5.00 1.00 0.00
1.10 2.62 5.17 1.00 0.00
1.10 2.62 5.34 1.00 0.00
1.10 2.62 5.52 1.00 0.00
1.10 2.62 5.69 1.00 0.00
1.10 2.62 5.87 1.00 0.00
1.10 2.62 6.04 1.00 0.00
1.10 2.62 6.22 1.00 0.00
1.10 2.62 6.39 1.00 0.00
1.10 2.62 6.57 1.00 0.00
1.10 2.62 6.74 1.00 0.00
1.10 2.62 6.92 1.00 0.00
1.10 2.62 7.09 1.00 0.00
1.10 2.62 7.26 1.00 0.00
0.30 2.79 4.11 1.00 0.00
0.30 2.79 4.28 1.00 0.00
0.30 2.79 4.46 1.00 0.00
0.30 2.79 4.63 1.00 0.00
0.30 2.79 4.81 1.00 0.00
0.30 2.79 4.98 1.00 0.00
0.30 2.79 5.16 1.00 0.00
0.30 2.79 5.33 1.00 0.00
0.30 2.79 5.51 1.00 0.00
0.30 2.79 5.68 1.00 0.00
0.30 2.79 5.86 1.00 0.00
0.30 2.79 6.03 1.00 0.00
0.30 2.79 6.20 1.00 0.00
0.30 2.79 6.38 1.00 0.00
0.30 2.79 6.55 1.00 0.00
0.30 2.79 6.73 1.00 0.00
0.30 2.79 6.90 1.00 0.00
0.30 2.79 7.08 1.00 0.00
0.50 2.79 4.15 1.00 0.00
0.50 2.79 4.33 1.00 0.00
0.50 2.79 4.50 1.00 0.00
0.50 2.79 4.68 1.00 0.00
0.50 2.79 4.85 1.00 0.00
0.50 2.79 5.03 1.00 0.00
0.50 2.79 5.20 1.00 0.00
0.50 2.79 5.37 1.00 0.00
0.50 2.79 5.55 1.00 0.00
0.50 2.79 5.72 1.00 0.00
0.50 2.79 5.90 1.00 0.00
0.50 2.79 6.07 1.00 0.00
0.50 2.79 6.25 1.00 0.00
0.50 2.79 6.42 1.00 0.00
0.50 2.79 6.60 1.00 0.00
0.50 2.79 6.77 1.00 0.00
0.50 2.79 6.95 1.00 0.00
0.50 2.79 7.12 1.00 0.00
0.70 2.79 4.19 1.00 0.00
0.70 2.79 4.37 1.00 0.00
0.70 2.79 4.54 1.00 0.00
0.70 2.79 4.72 1.00 0.00
0.70 2.79 4.89 1.00 0.00
0.70 2.79 5.07 1.00 0.00
0.70 2.79 5.24 1.00 0.00
0.70 2.79 5.42 1.00 0.00
0.70 2.79 5.59 1.00 0.00
0.70 2.79 5.76 1.00 0.00
0.70 2.79 5.94 1.00 0.00
0.70 2.79 6.11 1.00 0.00
0.70 2.79 6.29 1.00 0.00
0.70 2.79 6.46 1.00 0.00
0.70 2.79 6.64 1.00 0.00
0.70 2.79 6.81 1.00 0.00
0.70 2.79 6.99 1.00 0.00
0.70 2.79 7.16 1.00 0.00
0.90 2.79 4.23 1.00 0.00
0.90 2.79 4.41 1.00 0.00
0.90 2.79 4.58 1.00 0.00
0.90 2.79 4.76 1.00 0.00
0.90 2.79 4.93 1.00 0.00
0.90 2.79 5.10 1.00 0.00
0.90 2.79 5.28 1.00 0.00
0.90 2.79 5.45 1.00 0.00
0.90 2.79 5.63 1.00 0.00
0.90 2.79 5.80 1.00 0.00
0.90 2.79 5.98 1.00 0.00
0.90 2.79 6.15 1.00 0.00
0.90 2.79 6.33 1.00 0.00
0.90 2.79 6.50 1.00 0.00
0.90 2.79 6.68 1.00 0.00
0.90 2.79 6.85 1.00 0.00
0.90 2.79 7.02 1.00 0.00
0.90 2.79 7.20 1.00 0.00
1.10 2.79 4.27 1.00 0.00
1.10 2.79 4.44 1.00 0.00
1.10 2.79 4.62 1.00 0.00
1.10 2.79 4.79 1.00 0.00
1.10 2.79 4.97 1.00 0.00
1.10 2.79 5.14 1.00 0.00
1.10 2.79 5.31 1.00 0.00
1.10 2.79 5.49 1.00 0.00
1.10 2.79 5.66 1.00 0.00
1.10 2.79 5.84 1.00 0.00
1.10 2.79 6.01 1.00 0.00
1.10 2.79 6.19 1.00 0.00
1.10 2.79 6.36 1.00 0.00
1.10 2.79 6.54 1.00 0.00
1.10 2.79 6.71 1.00 0.00
1.10 2.79 6.89 1.00 0.00
1.10 2.79 7.06 1.00 0.00
1.10 2.79 7.23 1.00 0.00
0.30 2.97 4.10 1.00 0.00
0.30 2.97 4.28 1.00 0.00
0.30 2.97 4.45 1.00 0.00
0.30 2.97 4.62 1.00 0.00
0.30 2.97 4.80 1.00 0.00
0.30 2.97 4.97 1.00 0.00
0.30 2.97 5.15 1.00 0.00
0.30 2.97 5.32 1.00 0.00
0.30 2.97 5.50 1.00 0.00
0.30 2.97 5.67 1.00 0.00
0.30 2.97 5.85 1.00 0.00
0.30 2.97 6.02 1.00 0.00
0.30 2.97 6.20 1.00 0.00
0.30 2.97 6.37 1.00 0.00
0.30 2.97 6.54 1.00 0.00
0.30 2.97 6.72 1.00 0.00
0.30 2.97 6.89 1.00 0.00
0.30 2.97 7.07 1.00 0.00
0.50 2.97 4.14 1.00 0.00
0.50 2.97 4.31 1.00 0.00
0.50 2.97 4.49 1.00 0.00
0.50 2.97 4.66 1.00 0.00
0.50 2.97 4.84 1.00 0.00
0.50 2.97 5.01 1.00 0.00
0.50 2.97 5.18 1.00 0.00
0.50 2.97 5.36 1.00 0.00
0.50 2.97 5.53 1.00 0.00
0.50 2.97 5.71 1.00 0.00
0.50 2.97 5.88 1.00 0.00
0.50 2.97 6.06 1.00 0.00
0.50 2.97 6.23 1.00 0.00
0.50 2.97 6.41 1.00 0.00
0.50 2.97 6.58 1.00 0.00
0.50 2.97 6.76 1.00 0.00
0.50 2.97 6.93 1.00 0.00
0.50 2.97 7.10 1.00 0.00
0.70 2.97 4.17 1.00 0.00
0.70 2.97 4.35 1.00 0.00
0.70 2.97 4.52 1.00 0.00
0.70 2.97 4.70 1.00 0.00
0.70 2.97 4.87 1.00 0.00
0.70 2.97 5.04 1.00 0.00
0.70 2.97 5.22 1.00 0.00
0.70 2.97 5.39 1.00 0.00
0.70 2.97 5.57 1.00 0.00
0.70 2.97 5.74 1.00 0.00
0.70 2.97 5.92 1.00 0.00
0.70 2.97 6.09 1.00 0.00
0.70 2.97 6.27 1.00 0.00
0.70 2.97 6.44 1.00 0.00
0.70 2.97 6.62 1.00 0.00
0.70 2.97 6.79 1.00 0.00
0.70 2.97 6.96 1.00 0.00
0.70 2.97 7.14 1.00 0.00
0.90 2.97 4.20 1.00 0.00
0.90 2.97 4.38 1.00 0.00
0.90 2.97 4.55 1.00 0.00
0.90 2.97 4.73 1.00 0.00
0.90 2.97 4.90 1.00 0.00
0.90 2.97 5.08 1.00 0.00
0.90 2.97 5.25 1.00 0.00
0.90 2.97 5.43 1.00 0.00
0.90 2.97 5.60 1.00 0.00
0.90 2.97 5.77 1.00 0.00
0.90 2.97 5.95 1.00 0.00
0.90 2.97 6.12 1.00 0.00
0.90 2.97 6.30 1.00 0.00
0.90 2.97 6.47 1.00 0.00
0.90 2.97 6.65 1.00 0.00
0.90 2.97 6.82 1.00 0.00
0.90 2.97 7.00 1.00 0.00
0.90 2.97 7.17 1.00 0.00
1.10 2.97 4.23 1.00 0.00
1.10 2.97 4.41 1.00 0.00
1.10 2.97 4.58 1.00 0.00
1.10 2.97 4.76 1.00 0.00
1.10 2.97 4.93 1.00 0.00
1.10 2.97 5.11 1.00 0.00
1.10 2.97 5.28 1.00 0.00
1.10 2.97 5.45 1.00 0.00
1.10 2.97 5.63 1.00 0.00
1.10 2.97 5.80 1.00 0.00
1.10 2.97 5.98 1.00 0.00
1.10 2.97 6.15 1.00 0.00
1.10 2.97 6.33 1.00 0.00
1.10 2.97 6.50 1.00 0.00
1.10 2.97 6.68 1.00 0.00
1.10 2.97 6.85 1.00 0.00
1.10 2.97 7.03 1.00 0.00
1.10 2.97 7.20 1.00 0.00
0.30 3.14 4.09 1.00 0.00
0.30 3.14 4.26 1.00 0.00
0.30 3.14 4.44 1.00 0.00
0.30 3.14 4.61 1.00 0.00
0.30 3.14 4.79 1.00 0.00
0.30 3.14 4.96 1.00 0.00
0.30 3.14 5.14 1.00 0.00
0.30 3.14 5.31 1.00 0.00
0.30 3.14 5.49 1.00 0.00
0.30 3.14 5.66 1.00 0.00
0.30 3.14 5.84 1.00 0.00
0.30 3.14 6.01 1.00 0.00
0.30 3.14 6.18 1.00 0.00
0.30 3.14 6.36 1.00 0.00
0.30 3.14 6.53 1.00 0.00
0.30 3.14 6.71 1.00 0.00
0.30 3.14 6.88 1.00 0.00
0.30 3.14 7.06 1.00 0.00
0.50 3.14 4.12 1.00 0.00
0.50 3.14 4.29 1.00 0.00
0.50 3.14 4.47 1.00 0.00
0.50 3.14 4.64 1.00 0.00
0.50 3.14 4.82 1.00 0.00
0.50 3.14 4.99 1.00 0.00
0.50 3.14 5.17 1.00 0.00
0.50 3.14 5.34 1.00 0.00
0.50 3.14 5.52 1.00 0.00
0.50 3.14 5.69 1.00 0.00
0.50 3.14 5.87 1.00 0.00
0.50 3.14 6.04 1.00 0.00
0.50 3.14 6.21 1.00 0.00
0.50 3.14 6.39 1.00 0.00
0.50 3.14 6.56 1.00 0.00
0.50 3.14 6.74 1.00 0.00
0.50 3.14 6.91 1.00 0.00
0.50 3.14 7.09 1.00 0.00
0.70 3.14 4.15 1.00 0.00
0.70 3.14 4.32 1.00 0.00
0.70 3.14 4.50 1.00 0.00
0.70 3.14 4.67 1.00 0.00
0.70 3.14 4.85 1.00 0.00
0.70 3.14 5.02 1.00 0.00
0.70 3.14 5.19 1.00 0.00
0.70 3.14 5.37 1.00 0.00
0.70 3.14 5.54 1.00 0.00
0.70 3.14 5.72 1.00 0.00
0.70 3.14 5.89 1.00 0.00
0.70 3.14 6.07 1.00 0.00
0.70 3.14 6.24 1.00 0.00
0.70 3.14 6.42 1.00 0.00
0.70 3.14 6.59 1.00 0.00
0.70 3.14 6.77 1.00 0.00
0.70 3.14 6.94 1.00 0.00
0.70 3.14 7.11 1.00 0.00
0.90 3.14 4.17 1.00 0.00
0.90 3.14 4.35 1.00 0.00
0.90 3.14 4.52 1.00 0.00
0.90 3.14 4.70 1.00 0.00
0.90 3.14 4.87 1.00 0.00
0.90 3.14 5.05 1.00 0.00
0.90 3.14 5.22 1.00 0.00
0.90 3.14 5.39 1.00 0.00
0.90 3.14 5.57 1.00 0.00
0.90 3.14 5.74 1.00 0.00
0.90 3.14 5.92 1.00 0.00
0.90 3.14 6.09 1.00 0.00
0.90 3.14 6.27 1.00 0.00
0.90 3.14 6.44 1.00 0.00
0.90 3.14 6.62 1.00 0.00
0.90 3.14 6.79 1.00 0.00
0.90 3.14 6.97 1.00 0.00
0.90 3.14 7.14 1.00 0.00
1.10 3.14 4.20 1.00 0.00
1.10 3.14 4.37 1.00 0.00
1.10 3.14 4.55 1.00 0.00
1.10 3.14 4.72 1.00 0.00
1.10 3.14 4.89 1.00 0.00
1.10 3.14 5.07 1.00 0.00
1.10 3.14 5.24 1.00 0.00
1.10 3.14 5.42 1.00 0.00
1.10 3.14 5.59 1.00 0.00
1.10 3.14 5.77 1.00 0.00
1.10 3.14 5.94 1.00 0.00
1.10 3.14 6.12 1.00 0.00
1.10 3.14 6.29 1.00 0.00
1.10 3.14 6.47 1.00 0.00
1.10 3.14 6.64 1.00 0.00
1.10 3.14 6.81 1.00 0.00
1.10 3.14 6.99 1.00 0.00
1.10 3.14 7.16 1.00 0.00
0.30 3.32 4.08 1.00 0.00
0.30 3.32 4.25 1.00 0.00
0.30 3.32 4.43 1.00 0.00
0.30 3.32 4.60 1.00 0.00
0.30 3.32 4.78 1.00 0.00
0.30 3.32 4.95 1.00 0.00
0.30 3.32 5.13 1.00 0.00
0.30 3.32 5.30 1.00 0.00
0.30 3.32 5.47 1.00 0.00
0.30 3.32 5.65 1.00 0.00
0.30 3.32 5.82 1.00 0.00
0.30 3.32 6.00 1.00 0.00
0.30 3.32 6.17 1.00 0.00
0.30 3.32 6.35 1.00 0.00
0.30 3.32 6.52 1.00 0.00
0.30 3.32 6.70 1.00 0.00
0.30 3.32 6.87 1.00 0.00
0.30 3.32 7.04 1.00 0.00
0.50 3.32 4.10 1.00 0.00
0.50 3.32 4.28 1.00 0.00
0.50 3.32 4.45 1.00 0.00
0.50 3.32 4.62 1.00 0.00
0.50 3.32 4.80 1.00 0.00
0.50 3.32 4.97 1.00 0.00
0.50 3.32 5.15 1.00 0.00
0.50 3.32 5.32 1.00 0.00
0.50 3.32 5.50 1.00 0.00
0.50 3.32 5.67 1.00 0.00
0.50 3.32 5.85 1.00 0.00
0.50 3.32 6.02 1.00 0.00
0.50 3.32 6.19 1.00 0.00
0.50 3.32 6.37 1.00 0.00
0.50 3.32 6.54 1.00 0.00
0.50 3.32 6.72 1.00 0.00
0.50 3.32 6.89 1.00 0.00
0.50 3.32 7.07 1.00 0.00
0.70 3.32 4.12 1.00 0.00
0.70 3.32 4.30 1.00 0.00
0.70 3.32 4.47 1.00 0.00
0.70 3.32 4.64 1.00 0.00
0.70 3.32 4.82 1.00 0.00
0.70 3.32 4.99 1.00 0.00
0.70 3.32 5.17 1.00 0.00
0.70 3.32 5.34 1.00 0.00
0.70 3.32 5.52 1.00 0.00
0.70 3.32 5.69 1.00 0.00
0.70 3.32 5.87 1.00 0.00
0.70 3.32 6.04 1.00 0.00
0.70 3.32 6.22 1.00 0.00
0.70 3.32 6.39 1.00 0.00
0.70 3.32 6.56 1.00 0.00
0.70 3.32 6.74 1.00 0.00
0.70 3.32 6.91 1.00 0.00
0.70 3.32 7.09 1.00 0.00
0.90 3.32 4.14 1.00 0.00
0.90 3.32 4.31 1.00 0.00
0.90 3.32 4.49 1.00 0.00
0.90 3.32 4.66 1.00 0.00
0.90 3.32 4.84 1.00 0.00
0.90 3.32 5.01 1.00 0.00
0.90 3.32 5.19 1.00 0.00
0.90 3.32 5.36 1.00 0.00
0.90 3.32 5.54 1.00 0.00
0.90 3.32 5.71 1.00 0.00
0.90 3.32 5.89 1.00 0.00
0.90 3.32 6.06 1.00 0.00
0.90 3.32 6.23 1.00 0.00
0.90 3.32 6.41 1.00 0.00
0.90 3.32 6.58 1.00 0.00
0.90 3.32 6.76 1.00 0.00
0.90 3.32 6.93 1.00 0.00
0.90 3.32 7.11 1.00 0.00
1.10 3.32 4.16 1.00 0.00
1.10 3.32 4.33 1.00 0.00
1.10 3.32 4.51 1.00 0.00
1.10 3.32 4.68 1.00 0.00
1.10 3.32 4.86 1.00 0.00
1.10 3.32 5.03 1.00 0.00
1.10 3.32 5.20 1.00 0.00
1.10 3.32 5.38 1.00 0.00
1.10 3.32 5.55 1.00 0.00
1.10 3.32 5.73 1.00 0.00
1.10 3.32 5.90 1.00 0.00
1.10 3.32 6.08 1.00 0.00
1.10 3.32 6.25 1.00 0.00
1.10 3.32 6.43 1.00 0.00
1.10 3.32 6.60 1.00 0.00
1.10 3.32 6.78 1.00 0.00
1.10 3.32 6.95 1.00 0.00
1.10 3.32 7.12 1.00 0.00
0.30 3.49 4.06 1.00 0.00
0.30 3.49 4.24 1.00 0.00
0.30 3.49 4.41 1.00 0.00
0.30 3.49 4.59 1.00 0.00
0.30 3.49 4.76 1.00 0.00
0.30 3.49 4.94 1.00 0.00
0.30 3.49 5.11 1.00 0.00
0.30 3.49 5.29 1.00 0.00
0.30 3.49 5.46 1.00 0.00
0.30 3.49 5.64 1.00 0.00
0.30 3.49 5.81 1.00 0.00
0.30 3.49 5.98 1.00 0.00
0.30 3.49 6.16 1.00 0.00
0.30 3.49 6.33 1.00 0.00
0.30 3.49 6.51 1.00 0.00
0.30 3.49 6.68 1.00 0.00
0.30 3.49 6.86 1.00 0.00
0.30 3.49 7.03 1.00 0.00
0.50 3.49 4.08 1.00 0.00
0.50 3.49 4.25 1.00 0.00
0.50 3.49 4.43 1.00 0.00
0.50 3.49 4.60 1.00 0.00
0.50 3.49 4.78 1.00 0.00
0.50 3.49 4.95 1.00 0.00
0.50 3.49 5.13 1.00 0.00
0.50 3.49 5.30 1.00 0.00
0.50 3.49 5.48 1.00 0.00
0.50 3.49 5.65 1.00 0.00
0.50 3.49 5.83 1.00 0.00
0.50 3.49 6.00 1.00 0.00
0.50 3.49 6.17 1.00 0.00
0.50 3.49 6.35 1.00 0.00
0.50 3.49 6.52 1.00 0.00
0.50 3.49 6.70 1.00 0.00
0.50 3.49 6.87 1.00 0.00
0.50 3.49 7.05 1.00 0.00
0.70 3.49 4.09 1.00 0.00
0.70 3.49 4.27 1.00 0.00
0.70 3.49 4.44 1.00 0.00
0.70 3.49 4.62 1.00 0.00
0.70 3.49 4.79 1.00 0.00
0.70 3.49 4.97 1.00 0.00
0.70 3.49 5.14 1.00 0.00
0.70 3.49 5.31 1.00 0.00
0.70 3.49 5.49 1.00 0.00
0.70 3.49 5.66 1.00 0.00
0.70 3.49 5.84 1.00 0.00
0.70 3.49 6.01 1.00 0.00
0.70 3.49 6.19 1.00 0.00
0.70 3.49 6.36 1.00 0.00
0.70 3.49 6.54 1.00 0.00
0.70 3.49 6.71 1.00 0.00
0.70 3.49 6.89 1.00 0.00
0.70 3.49 7.06 1.00 0.00
0.90 3.49 4.11 1.00 0.00
0.90 3.49 4.28 1.00 0.00
0.90 3.49 4.45 1.00 0.00
0.90 3.49 4.63 1.00 0.00
0.90 3.49 4.80 1.00 0.00
0.90 3.49 4.98 1.00 0.00
0.90 3.49 5.15 1.00 0.00
0.90 3.49 5.33 1.00 0.00
0.90 3.49 5.50 1.00 0.00
0.90 3.49 5.68 1.00 0.00
0.90 3.49 5.85 1.00 0.00
0.90 3.49 6.03 1.00 0.00
0.90 3.49 6.20 1.00 0.00
0.90 3.49 6.37 1.00 0.00
0.90 3.49 6.55 1.00 0.00
0.90 3.49 6.72 1.00 0.00
0.90 3.49 6.90 1.00 0.00
0.90 3.49 7.07 1.00 0.00
1.10 3.49 4.12 1.00 0.00
1.10 3.49 4.29 1.00 0.00
1.10 3.49 4.47 1.00 0.00
1.10 3.49 4.64 1.00 0.00
1.10 3.49 4.81 1.00 0.00
1.10 3.49 4.99 1.00 0.00
1.10 3.49 5.16 1.00 0.00
1.10 3.49 5.34 1.00 0.00
1.10 3.49 5.51 1.00 0.00
1.10 3.49 5.69 1.00 0.00
1.10 3.49 5.86 1.00 0.00
1.10 3.49 6.04 1.00 0.00
1.10 3.49 6.21 1.00 0.00
1.10 3.49 6.39 1.00 0.00
1.10 3.49 6.56 1.00 0.00
1.10 3.49 6.73 1.00 0.00
1.10 3.49 6.91 1.00 0.00
1.10 3.49 7.08 1.00 0.00
0.30 3.67 4.05 1.00 0.00
0.30 3.67 4.23 1.00 0.00
0.30 3.67 4.40 1.00 0.00
0.30 3.67 4.57 1.00 0.00
0.30 3.67 4.75 1.00 0.00
0.30 3.67 4.92 1.00 0.00
0.30 3.67 5.10 1.00 0.00
0.30 3.67 5.27 1.00 0.00
0.30 3.67 5.45 1.00 0.00
0.30 3.67 5.62 1.00 0.00
0.30 3.67 5.80 1.00 0.00
0.30 3.67 5.97 1.00 0.00
0.30 3.67 6.15 1.00 0.00
0.30 3.67 6.32 1.00 0.00
0.30 3.67 6.49 1.00 0.00
0.30 3.67 6.67 1.00 0.00
0.30 3.67 6.84 1.00 0.00
0.30 3.67 7.02 1.00 0.00
0.50 3.67 4.06 1.00 0.00
0.50 3.67 4.23 1.00 0.00
0.50 3.67 4.41 1.00 0.00
0.50 3.67 4.58 1.00 0.00
0.50 3.67 4.76 1.00 0.00
0.50 3.67 4.93 1.00 0.00
0.50 3.67 5.11 1.00 0.00
0.50 3.67 5.28 1.00 0.00
0.50 3.67 5.45 1.00 0.00
0.50 3.67 5.63 1.00 0.00
0.50 3.67 5.80 1.00 0.00
0.50 3.67 5.98 1.00 0.00
0.50 3.67 6.15 1.00 0.00
0.50 3.67 6.33 1.00 0.00
0.50 3.67 6.50 1.00 0.00
0.50 3.67 6.68 1.00 0.00
0.50 3.67 6.85 1.00 0.00
0.50 3.67 7.03 1.00 0.00
0.70 3.67 4.06 1.00 0.00
0.70 3.67 4.24 1.00 0.00
0.70 3.67 4.41 1.00 0.00
0.70 3.67 4.59 1.00 0.00
0.70 3.67 4.76 1.00 0.00
0.70 3.67 4.94 1.00 0.00
0.70 3.67 5.11 1.00 0.00
0.70 3.67 5.29 1.00 0.00
0.70 3.67 5.46 1.00 0.00
0.70 3.67 5.64 1.00 0.00
0.70 3.67 5.81 1.00 0.00
0.70 3.67 5.98 1.00 0.00
0.70 3.67 6.16 1.00 0.00
0.70 3.67 6.33 1.00 0.00
0.70 3.67 6.51 1.00 0.00
0.70 3.67 6.68 1.00 0.00
0.70 3.67 6.86 1.00 0.00
0.70 3.67 7.03 1.00 0.00
0.90 3.67 4.07 1.00 0.00
0.90 3.67 4.24 1.00 0.00
0.90 3.67 4.42 1.00 0.00
0.90 3.67 4.59 1.00 0.00
0.90 3.67 4.77 1.00 0.00
0.90 3.67 4.94 1.00 0.00
0.90 3.67 5.12 1.00 0.00
0.90 3.67 5.29 1.00 0.00
0.90 3.67 5.47 1.00 0.00
0.90 3.67 5.64 1.00 0.00
0.90 3.67 5.82 1.00 0.00
0.90 3.67 5.99 1.00 0.00
0.90 3.67 6.16 1.00 0.00
0.90 3.67 6.34 1.00 0.00
0.90 3.67 6.51 1.00 0.00
0.90 3.67 6.69 1.00 0.00
0.90 3.67 6.86 1.00 0.00
0.90 3.67 7.04 1.00 0.00
1.10 3.67 4.08 1.00 0.00
1.10 3.67 4.25 1.00 0.00
1.10 3.67 4.42 1.00 0.00
1.10 3.67 4.60 1.00 0.00
1.10 3.67 4.77 1.00 0.00
1.10 3.67 4.95 1.00 0.00
1.10 3.67 5.12 1.00 0.00
1.10 3.67 5.30 1.00 0.00
1.10 3.67 5.47 1.00 0.00
1.10 3.67 5.65 1.00 0.00
1.10 3.67 5.82 1.00 0.00
1.10 3.67 6.00 1.00 0.00
1.10 3.67 6.17 1.00 0.00
1.10 3.67 6.34 1.00 0.00
1.10 3.67 6.52 1.00 0.00
1.10 3.67 6.69 1.00 0.00
1.10 3.67 6.87 1.00 0.00
1.10 3.67 7.04 1.00 0.00
0.30 3.84 10.32 1.00 0.00
0.30 3.84 10.50 1.00 0.00
0.30 3.84 10.67 1.00 0.00
0.30 3.84 10.84 1.00 0.00
0.30 3.84 11.02 1.00 0.00
0.30 3.84 11.19 1.00 0.00
0.30 3.84 11.37 1.00 0.00
0.30 3.84 11.54 1.00 0.00
0.30 3.84 11.72 1.00 0.00
0.30 3.84 11.89 1.00 0.00
0.30 3.84 12.07 1.00 0.00
0.30 3.84 12.24 1.00 0.00
0.30 3.84 12.42 1.00 0.00
0.30 3.84 12.59 1.00 0.00
0.30 3.84 12.76 1.00 0.00
0.30 3.84 12.94 1.00 0.00
0.30 3.84 13.11 1.00 0.00
0.30 3.84 13.29 1.00 0.00
0.50 3.84 10.32 1.00 0.00
0.50 3.84 10.49 1.00 0.00
0.50 3.84 10.67 1.00 0.00
0.50 3.84 10.84 1.00 0.00
0.50 3.84 11.02 1.00 0.00
0.50 3.84 11.19 1.00 0.00
0.50 3.84 11.37 1.00 0.00
0.50 3.84 11.54 1.00 0.00
0.50 3.84 11.72 1.00 0.00
0.50 3.84 11.89 1.00 0.00
0.50 3.84 12.06 1.00 0.00
0.50 3.84 12.24 1.00 0.00
0.50 3.84 12.41 1.00 0.00
0.50 3.84 12.59 1.00 0.00
0.50 3.84 12.76 1.00 0.00
0.50 3.84 12.94 1.00 0.00
0.50 3.84 13.11 1.00 0.00
0.50 3.84 13.29 1.00 0.00
0.70 3.84 10.32 1.00 0.00
0.70 3.84 10.49 1.00 0.00
0.70 3.84 10.67 1.00 0.00
0.70 3.84 10.84 1.00 0.00
0.70 3.84 11.02 1.00 0.00
0.70 3.84 11.19 1.00 0.00
0.70 3.84 11.37 1.00 0.00
0.70 3.84 11.54 1.00 0.00
0.70 3.84 11.71 1.00 0.00
0.70 3.84 11.89 1.00 0.00
0.70 3.84 12.06 1.00 0.00
0.70 3.84 12.24 1.00 0.00
0.70 3.84 12.41 1.00 0.00
0.70 3.84 12.59 1.00 0.00
0.70 3.84 12.76 1.00 0.00
0.70 3.84 12.94 1.00 0.00
0.70 3.84 13.11 1.00 0.00
0.70 3.84 13.29 1.00 0.00
0.90 3.84 10.32 1.00 0.00
0.90 3.84 10.49 1.00 0.00
0.90 3.84 10.67 1.00 0.00
0.90 3.84 10.84 1.00 0.00
0.90 3.84 11.02 1.00 0.00
0.90 3.84 11.19 1.00 0.00
0.90 3.84 11.36 1.00 0.00
0.90 3.84 11.54 1.00 0.00
0.90 3.84 11.71 1.00 0.00
0.90 3.84 11.89 1.00 0.00
0.90 3.84 12.06 1.00 0.00
0.90 3.84 12.24 1.00 0.00
0.90 3.84 12.41 1.00 0.00
0.90 3.84 12.59 1.00 0.00
0.90 3.84 12.76 1.00 0.00
0.90 3.84 12.94 1.00 0.00
0.90 3.84 13.11 1.00 0.00
0.90 3.84 13.28 1.00 0.00
1.10 3.84 10.32 1.00 0.00
1.10 3.84 10.49 1.00 0.00
1.10 3.84 10.67 1.00 0.00
1.10 3.84 10.84 1.00 0.00
1.10 3.84 11.01 1.00 0.00
1.10 3.84 11.19 1.00 0.00
1.10 3.84 11.36 1.00 0.00
1.10 3.84 11.54 1.00 0.00
1.10 3.84 11.71 1.00 0.00
1.10 3.84 11.89 1.00 0.00
1.10 3.84 12.06 1.00 0.00
1.10 3.84 12.24 1.00 0.00
1.10 3.84 12.41 1.00 0.00
1.10 3.84 12.59 1.00 0.00
1.10 3.84 12.76 1.00 0.00
1.10 3.84 12.93 1.00 0.00
1.10 3.84 13.11 1.00 0.00
1.10 3.84 13.28 1.00 0.00
0.30 4.01 10.31 1.00 0.00
0.30 4.01 10.48 1.00 0.00
0.30 4.01 10.66 1.00 0.00
0.30 4.01 10.83 1.00 0.00
0.30 4.01 11.01 1.00 0.00
0.30 4.01 11.18 1.00 0.00
0.30 4.01 11.35 1.00 0.00
0.30 4.01 11.53 1.00 0.00
0.30 4.01 11.70 1.00 0.00
0.30 4.01 11.88 1.00 0.00
0.30 4.01 12.05 1.00 0.00
0.30 4.01 12.23 1.00 0.00
0.30 4.01 12.40 1.00 0.00
0.30 4.01 12.58 1.00 0.00
0.30 4.01 12.75 1.00 0.00
0.30 4.01 12.92 1.00 0.00
0.30 4.01 13.10 1.00 0.00
0.30 4.01 13.27 1.00 0.00
0.50 4.01 10.30 1.00 0.00
0.50 4.01 10.47 1.00 0.00
0.50 4.01 10.65 1.00 0.00
0.50 4.01 10.82 1.00 0.00
0.50 4.01 11.00 1.00 0.00
0.50 4.01 11.17 1.00 0.00
0.50 4.01 11.34 1.00 0.00
0.50 4.01 11.52 1.00 0.00
0.50 4.01 11.69 1.00 0.00
0.50 4.01 11.87 1.00 0.00
0.50 4.01 12.04 1.00 0.00
0.50 4.01 12.22 1.00 0.00
0.50 4.01 12.39 1.00 0.00
0.50 4.01 12.57 1.00 0.00
0.50 4.01 12.74 1.00 0.00
0.50 4.01 12.92 1.00 0.00
0.50 4.01 13.09 1.00 0.00
0.50 4.01 13.26 1.00 0.00
0.70 4.01 10.29 1.00 0.00
0.70 4.01 10.46 1.00 0.00
0.70 4.01 10.64 1.00 0.00
0.70 4.01 10.81 1.00 0.00
0.70 4.01 10.99 1.00 0.00
0.70 4.01 11.16 1.00 0.00
0.70 4.01 11.34 1.00 0.00
0.70 4.01 11.51 1.00 0.00
0.70 4.01 11.69 1.00 0.00
0.70 4.01 11.86 1.00 0.00
0.70 4.01 12.03 1.00 0.00
0.70 4.01 12.21 1.00 0.00
0.70 4.01 12.38 1.00 0.00
0.70 4.01 12.56 1.00 0.00
0.70 4.01 12.73 1.00 0.00
0.70 4.01 12.91 1.00 0.00
0.70 4.01 13.08 1.00 0.00
0.70 4.01 13.26 1.00 0.00
0.90 4.01 10.28 1.00 0.00
0.90 4.01 10.46 1.00 0.00
0.90 4.01 10.63 1.00 0.00
0.90 4.01 10.81 1.00 0.00
0.90 4.01 10.98 1.00 0.00
0.90 4.01 11.15 1.00 0.00
0.90 4.01 11.33 1.00 0.00
0.90 4.01 11.50 1.00 0.00
0.90 4.01 11.68 1.00 0.00
0.90 4.01 11.85 1.00 0.00
0.90 4.01 12.03 1.00 0.00
0.90 4.01 12.20 1.00 0.00
0.90 4.01 12.38 1.00 0.00
0.90 4.01 12.55 1.00 0.00
0.90 4.01 12.73 1.00 0.00
0.90 4.01 12.90 1.00 0.00
0.90 4.01 13.07 1.00 0.00
0.90 4.01 13.25 1.00 0.00
1.10 4.01 10.27 1.00 0.00
1.10 4.01 10.45 1.00 0.00
1.10 4.01 10.62 1.00 0.00
1.10 4.01 10.80 1.00 0.00
1.10 4.01 10.97 1.00 0.00
1.10 4.01 11.15 1.00 0.00
1.10 4.01 11.32 1.00 0.00
1.10 4.01 11.50 1.00 0.00
1.10 4.01 11.67 1.00 0.00
1.10 4.01 11.85 1.00 0.00
1.10 4.01 12.02 1.00 0.00
1.10 4.01 12.19 1.00 0.00
1.10 4.01 12.37 1.00 0.00
1.10 4.01 12.54 1.00 0.00
1.10 4.01 12.72 1.00 0.00
1.10 4.01 12.89 1.00 0.00
1.10 4.01 13.07 1.00 0.00
1.10 4.01 13.24 1.00 0.00
0.30 4.19 10.29 1.00 0.00
0.30 4.19 10.47 1.00 0.00
0.30 4.19 10.64 1.00 0.00
0.30 4.19 10.82 1.00 0.00
0.30 4.19 10.99 1.00 0.00
0.30 4.19 11.17 1.00 0.00
0.30 4.19 11.34 1.00 0.00
0.30 4.19 11.52 1.00 0.00
0.30 4.19 11.69 1.00 0.00
0.30 4.19 11.86 1.00 0.00
0.30 4.19 12.04 1.00 0.00
0.30 4.19 12.21 1.00 0.00
0.30 4.19 12.39 1.00 0.00
0.30 4.19 12.56 1.00 0.00
0.30 4.19 12.74 1.00 0.00
0.30 4.19 12.91 1.00 0.00
0.30 4.19 13.09 1.00 0.00
0.30 4.19 13.26 1.00 0.00
0.50 4.19 10.28 1.00 0.00
0.50 4.19 10.45 1.00 0.00
0.50 4.19 10.63 1.00 0.00
0.50 4.19 10.80 1.00 0.00
0.50 4.19 10.97 1.00 0.00
0.50 4.19 11.15 1.00 0.00
0.50 4.19 11.32 1.00 0.00
0.50 4.19 11.50 1.00 0.00
0.50 4.19 11.67 1.00 0.00
0.50 4.19 11.85 1.00 0.00
0.50 4.19 12.02 1.00 0.00
0.50 4.19 12.20 1.00 0.00
0.50 4.19 12.37 1.00 0.00
0.50 4.19 12.55 1.00 0.00
0.50 4.19 12.72 1.00 0.00
0.50 4.19 12.89 1.00 0.00
0.50 4.19 13.07 1.00 0.00
0.50 4.19 13.24 1.00 0.00
0.70 4.19 10.26 1.00 0.00
0.70 4.19 10.44 1.00 0.00
0.70 4.19 10.61 1.00 0.00
0.70 4.19 10.78 1.00 0.00
0.70 4.19 10.96 1.00 0.00
0.70 4.19 11.13 1.00 0.00
0.70 4.19 11.31 1.00 0.00
0.70 4.19 11.48 1.00 0.00
0.70 4.19 11.66 1.00 0.00
0.70 4.19 11.83 1.00 0.00
0.70 4.19 12.01 1.00 0.00
0.70 4.19 12.18 1.00 0.00
0.70 4.19 12.36 1.00 0.00
0.70 4.19 12.53 1.00 0.00
0.70 4.19 12.70 1.00 0.00
0.70 4.19 12.88 1.00 0.00
0.70 4.19 13.05 1.00 0.00
0.70 4.19 13.23 1.00 0.00
0.90 4.19 10.25 1.00 0.00
0.90 4.19 10.42 1.00 0.00
0.90 4.19 10.60 1.00 0.00
0.90 4.19 10.77 1.00 0.00
0.90 4.19 10.94 1.00 0.00
0.90 4.19 11.12 1.00 0.00
0.90 4.19 11.29 1.00 0.00
0.90 4.19 11.47 1.00 0.00
0.90 4.19 11.64 1.00 0.00
0.90 4.19 11.82 1.00 0.00
0.90 4.19 11.99 1.00 0.00
0.90 4.19 12.17 1.00 0.00
0.90 4.19 12.34 1.00 0.00
0.90 4.19 12.52 1.00 0.00
0.90 4.19 12.69 1.00 0.00
0.90 4.19 12.86 1.00 0.00
0.90 4.19 13.04 1.00 0.00
0.90 4.19 13.21 1.00 0.00
1.10 4.19 10.23 1.00 0.00
1.10 4.19 10.41 1.00 0.00
1.10 4.19 10.58 1.00 0.00
1.10 4.19 10.76 1.00 0.00
1.10 4.19 10.93 1.00 0.00
1.10 4.19 11.11 1.00 0.00
1.10 4.19 11.28 1.00 0.00
1.10 4.19 11.46 1.00 0.00
1.10 4.19 11.63 1.00 0.00
1.10 4.19 11.80 1.00 0.00
1.10 4.19 11.98 1.00 0.00
1.10 4.19 12.15 1.00 0.00
1.10 4.19 12.33 1.00 0.00
1.10 4.19 12.50 1.00 0.00
1.10 4.19 12.68 1.00 0.00
1.10 4.19 12.85 1.00 0.00
1.10 4.19 13.03 1.00 0.00
1.10 4.19 13.20 1.00 0.00
0.30 4.36 10.28 1.00 0.00
0.30 4.36 10.46 1.00 0.00
0.30 4.36 10.63 1.00 0.00
0.30 4.36 10.80 1.00 0.00
0.30 4.36 10.98 1.00 0.00
0.30 4.36 11.15 1.00 0.00
0.30 4.36 11.33 1.00 0.00
0.30 4.36 11.50 1.00 0.00
0.30 4.36 11.68 1.00 0.00
0.30 4.36 11.85 1.00 0.00
0.30 4.36 12.03 1.00 0.00
0.30 4.36 12.20 1.00 0.00
0.30 4.36 12.38 1.00 0.00
0.30 4.36 12.55 1.00 0.00
0.30 4.36 12.72 1.00 0.00
0.30 4.36 12.90 1.00 0.00
0.30 4.36 13.07 1.00 0.00
0.30 4.36 13.25 1.00 0.00
0.50 4.36 10.26 1.00 0.00
0.50 4.36 10.43 1.00 0.00
0.50 4.36 10.61 1.00 0.00
0.50 4.36 10.78 1.00 0.00
0.50 4.36 10.95 1.00 0.00
0.50 4.36 11.13 1.00 0.00
0.50 4.36 11.30 1.00 0.00
0.50 4.36 11.48 1.00 0.00
0.50 4.36 11.65 1.00 0.00
0.50 4.36 11.83 1.00 0.00
0.50 4.36 12.00 1.00 0.00
0.50 4.36 12.18 1.00 0.00
0.50 4.36 12.35 1.00 0.00
0.50 4.36 12.52 1.00 0.00
0.50 4.36 12.70 1.00 0.00
0.50 4.36 12.87 1.00 0.00
0.50 4.36 13.05 1.00 0.00
0.50 4.36 13.22 1.00 0.00
0.70 4.36 10.23 1.00 0.00
0.70 4.36 10.41 1.00 0.00
0.70 4.36 10.58 1.00 0.00
0.70 4.36 10.76 1.00 0.00
0.70 4.36 10.93 1.00 0.00
0.70 4.36 11.11 1.00 0.00
0.70 4.36 11.28 1.00 0.00
0.70 4.36 11.46 1.00 0.00
0.70 4.36 11.63 1.00 0.00
0.70 4.36 11.80 1.00 0.00
0.70 4.36 11.98 1.00 0.00
0.70 4.36 12.15 1.00 0.00
0.70 4.36 12.33 1.00 0.00
0.70 4.36 12.50 1.00 0.00
0.70 4.36 12.68 1.00 0.00
0.70 4.36 12.85 1.00 0.00
0.70 4.36 13.03 1.00 0.00
0.70 4.36 13.20 1.00 0.00
0.90 4.36 10.21 1.00 0.00
0.90 4.36 10.39 1.00 0.00
0.90 4.36 10.56 1.00 0.00
0.90 4.36 10.74 1.00 0.00
0.90 4.36 10.91 1.00 0.00
0.90 4.36 11.09 1.00 0.00
0.90 4.36 11.26 1.00 0.00
0.90 4.36 11.43 1.00 0.00
0.90 4.36 11.61 1.00 0.00
0.90 4.36 11.78 1.00 0.00
0.90 4.36 11.96 1.00 0.00
0.90 4.36 12.13 1.00 0.00
0.90 4.36 12.31 1.00 0.00
0.90 4.36 12.48 1.00 0.00
0.90 4.36 12.66 1.00 0.00
0.90 4.36 12.83 1.00 0.00
0.90 4.36 13.01 1.00 0.00
0.90 4.36 13.18 1.00 0.00
1.10 4.36 10.19 1.00 0.00
1.10 4.36 10.37 1.00 0.00
1.10 4.36 10.54 1.00 0.00
1.10 4.36 10.72 1.00 0.00
1.10 4.36 10.89 1.00 0.00
1.10 4.36 11.07 1.00 0.00
1.10 4.36 11.24 1.00 0.00
1.10 4.36 11.42 1.00 0.00
1.10 4.36 11.59 1.00 0.00
1.10 4.36 11.76 1.00 0.00
1.10 4.36 11.94 1.00 0.00
1.10 4.36 12.11 1.00 0.00
1.10 4.36 12.29 1.00 0.00
1.10 4.36 12.46 1.00 0.00
1.10 4.36 12.64 1.00 0.00
1.10 4.36 12.81 1.00 0.00
1.10 4.36 12.99 1.00 0.00
1.10 4.36 13.16 1.00 0.00
0.30 4.54 10.27 1.00 0.00
0.30 4.54 10.44 1.00 0.00
0.30 4.54 10.62 1.00 0.00
0.30 4.54 10.79 1.00 0.00
0.30 4.54 10.97 1.00 0.00
0.30 4.54 11.14 1.00 0.00
0.30 4.54 11.32 1.00 0.00
0.30 4.54 11.49 1.00 0.00
0.30 4.54 11.67 1.00 0.00
0.30 4.54 11.84 1.00 0.00
0.30 4.54 12.01 1.00 0.00
0.30 4.54 12.19 1.00 0.00
0.30 4.54 12.36 1.00 0.00
0.30 4.54 12.54 1.00 0.00
0.30 4.54 12.71 1.00 0.00
0.30 4.54 12.89 1.00 0.00
0.30 4.54 13.06 1.00 0.00
0.30 4.54 13.24 1.00 0.00
0.50 4.54 10.24 1.00 0.00
0.50 4.54 10.41 1.00 0.00
0.50 4.54 10.59 1.00 0.00
0.50 4.54 10.76 1.00 0.00
0.50 4.54 10.94 1.00 0.00
0.50 4.54 11.11 1.00 0.00
0.50 4.54 11.28 1.00 0.00
0.50 4.54 11.46 1.00 0.00
0.50 4.54 11.63 1.00 0.00
0.50 4.54 11.81 1.00 0.00
0.50 4.54 11.98 1.00 0.00
0.50 4.54 12.16 1.00 0.00
0.50 4.54 12.33 1.00 0.00
0.50 4.54 12.51 1.00 0.00
0.50 4.54 12.68 1.00 0.00
0.50 4.54 12.85 1.00 0.00
0.50 4.54 13.03 1.00 0.00
0.50 4.54 13.20 1.00 0.00
0.70 4.54 10.21 1.00 0.00
0.70 4.54 10.38 1.00 0.00
0.70 4.54 10.56 1.00 0.00
0.70 4.54 10.73 1.00 0.00
0.70 4.54 10.91 1.00 0.00
0.70 4.54 11.08 1.00 0.00
0.70 4.54 11.25 1.00 0.00
0.70 4.54 11.43 1.00 0.00
0.70 4.54 11.60 1.00 0.00
0.70 4.54 11.78 1.00 0.00
0.70 4.54 11.95 1.00 0.00
0.70 4.54 12.13 1.00 0.00
0.70 4.54 12.30 1.00 0.00
0.70 4.54 12.48 1.00 0.00
0.70 4.54 12.65 1.00 0.00
0.70 4.54 12.83 1.00 0.00
0.70 4.54 13.00 1.00 0.00
0.70 4.54 13.17 1.00 0.00
0.90 4.54 10.18 1.00 0.00
0.90 4.54 10.35 1.00 0.00
0.90 4.54 10.53 1.00 0.00
0.90 4.54 10.70 1.00 0.00
0.90 4.54 10.88 1.00 0.00
0.90 4.54 11.05 1.00 0.00
0.90 4.54 11.23 1.00 0.00
0.90 4.54 11.40 1.00 0.00
0.90 4.54 11.58 1.00 0.00
0.90 4.54 11.75 1.00 0.00
0.90 4.54 11.93 1.00 0.00
0.90 4.54 12.10 1.00 0.00
0.90 4.54 12.27 1.00 0.00
0.90 4.54 12.45 1.00 0.00
0.90 4.54 12.62 1.00 0.00
0.90 4.54 12.80 1.00 0.00
0.90 4.54 12.97 1.00 0.00
0.90 4.54 13.15 1.00 0.00
1.10 4.54 10.15 1.00 0.00
1.10 4.54 10.33 1.00 0.00
1.10 4.54 10.50 1.00 0.00
1.10 4.54 10.68 1.00 0.00
1.10 4.54 10.85 1.00 0.00
1.10 4.54 11.03 1.00 0.00
1.10 4.54 11.20 1.00 0.00
1.10 4.54 11.38 1.00 0.00
1.10 4.54 11.55 1.00 0.00
1.10 4.54 11.73 1.00 0.00
1.10 4.54 11.90 1.00 0.00
1.10 4.54 12.07 1.00 0.00
1.10 4.54 12.25 1.00 0.00
1.10 4.54 12.42 1.00 0.00
1.10 4.54 12.60 1.00 0.00
1.10 4.54 12.77 1.00 0.00
1.10 4.54 12.95 1.00 0.00
1.10 4.54 13.12 1.00 0.00
0.30 4.71 10.26 1.00 0.00
0.30 4.71 10.43 1.00 0.00
0.30 4.71 10.61 1.00 0.00
0.30 4.71 10.78 1.00 0.00
0.30 4.71 10.96 1.00 0.00
0.30 4.71 11.13 1.00 0.00
0.30 4.71 11.31 1.00 0.00
0.30 4.71 11.48 1.00 0.00
0.30 4.71 11.65 1.00 0.00
0.30 4.71 11.83 1.00 0.00
0.30 4.71 12.00 1.00 0.00
0.30 4.71 12.18 1.00 0.00
0.30 4.71 12.35 1.00 0.00
0.30 4.71 12.53 1.00 0.00
0.30 4.71 12.70 1.00 0.00
0.30 4.71 12.88 1.00 0.00
0.30 4.71 13.05 1.00 0.00
0.30 4.71 13.23 1.00 0.00
0.50 4.71 10.22 1.00 0.00
0.50 4.71 10.39 1.00 0.00
0.50 4.71 10.57 1.00 0.00
0.50 4.71 10.74 1.00 0.00
0.50 4.71 10.92 1.00 0.00
0.50 4.71 11.09 1.00 0.00
0.50 4.71 11.27 1.00 0.00
0.50 4.71 11.44 1.00 0.00
0.50 4.71 11.62 1.00 0.00
0.50 4.71 11.79 1.00 0.00
0.50 4.71 11.97 1.00 0.00
0.50 4.71 12.14 1.00 0.00
0.50 4.71 12.31 1.00 0.00
0.50 4.71 12.49 1.00 0.00
0.50 4.71 12.66 1.00 0.00
0.50 4.71 12.84 1.00 0.00
0.50 4.71 13.01 1.00 0.00
0.50 4.71 13.19 1.00 0.00
0.70 4.71 10.18 1.00 0.00
0.70 4.71 10.36 1.00 0.00
0.70 4.71 10.53 1.00 0.00
0.70 4.71 10.71 1.00 0.00
0.70 4.71 10.88 1.00 0.00
0.70 4.71 11.06 1.00 0.00
0.70 4.71 11.23 1.00 0.00
0.70 4.71 11.41 1.00 0.00
0.70 4.71 11.58 1.00 0.00
0.70 4.71 11.75 1.00 0.00
0.70 4.71 11.93 1.00 0.00
0.70 4.71 12.10 1.00 0.00
0.70 4.71 12.28 1.00 0.00
0.70 4.71 12.45 1.00 0.00
0.70 4.71 12.63 1.00 0.00
0.70 4.71 12.80 1.00 0.00
0.70 4.71 12.98 1.00 0.00
0.70 4.71 13.15 1.00 0.00
0.90 4.71 10.15 1.00 0.00
0.90 4.71 10.32 1.00 0.00
0.90 4.71 10.50 1.00 0.00
0.90 4.71 10.67 1.00 0.00
0.90 4.71 10.85 1.00 0.00
0.90 4.71 11.02 1.00 0.00
0.90 4.71 11.20 1.00 0.00
0.90 4.71 11.37 1.00 0.00
0.90 4.71 11.55 1.00 0.00
0.90 4.71 11.72 1.00 0.00
0.90 4.71 11.90 1.00 0.00
0.90 4.71 12.07 1.00 0.00
0.90 4.71 12.24 1.00 0.00
0.90 4.71 12.42 1.00 0.00
0.90 4.71 12.59 1.00 0.00
0.90 4.71 12.77 1.00 0.00
0.90 4.71 12.94 1.00 0.00
0.90 4.71 13.12 1.00 0.00
1.10 4.71 10.12 1.00 0.00
1.10 4.71 10.29 1.00 0.00
1.10 4.71 10.47 1.00 0.00
1.10 4.71 10.64 1.00 0.00
1.10 4.71 10.82 1.00 0.00
1.10 4.71 10.99 1.00 0.00
1.10 4.71 11.17 1.00 0.00
1.10 4.71 11.34 1.00 0.00
1.10 4.71 11.52 1.00 0.00
1.10 4.71 11.69 1.00 0.00
1.10 4.71 11.86 1.00 0.00
1.10 4.71 12.04 1.00 0.00
1.10 4.71 12.21 1.00 0.00
1.10 4.71 12.39 1.00 0.00
1.10 4.71 12.56 1.00 0.00
1.10 4.71 12.74 1.00 0.00
1.10 4.71 12.91 1.00 0.00
1.10 4.71 13.09 1.00 0.00
0.30 4.89 10.25 1.00 0.00
0.30 4.89 10.42 1.00 0.00
0.30 4.89 10.60 1.00 0.00
0.30 4.89 10.77 1.00 0.00
0.30 4.89 10.95 1.00 0.00
0.30 4.89 11.12 1.00 0.00
0.30 4.89 11.30 1.00 0.00
0.30 4.89 11.47 1.00 0.00
0.30 4.89 11.65 1.00 0.00
0.30 4.89 11.82 1.00 0.00
0.30 4.89 12.00 1.00 0.00
0.30 4.89 12.17 1.00 0.00
0.30 4.89 12.34 1.00 0.00
0.30 4.89 12.52 1.00 0.00
0.30 4.89 12.69 1.00 0.00
0.30 4.89 12.87 1.00 0.00
0.30 4.89 13.04 1.00 0.00
0.30 4.89 13.22 1.00 0.00
0.50 4.89 10.21 1.00 0.00
0.50 4.89 10.38 1.00 0.00
0.50 4.89 10.55 1.00 0.00
0.50 4.89 10.73 1.00 0.00
0.50 4.89 10.90 1.00 0.00
0.50 4.89 11.08 1.00 0.00
0.50 4.89 11.25 1.00 0.00
0.50 4.89 11.43 1.00 0.00
0.50 4.89 11.60 1.00 0.00
0.50 4.89 11.78 1.00 0.00
0.50 4.89 11.95 1.00 0.00
0.50 4.89 12.12 1.00 0.00
0.50 4.89 12.30 1.00 0.00
0.50 4.89 12.47 1.00 0.00
0.50 4.89 12.65 1.00 0.00
0.50 4.89 12.82 1.00 0.00
0.50 4.89 13.00 1.00 0.00
0.50 4.89 13.17 1.00 0.00
0.70 4.89 10.16 1.00 0.00
0.70 4.89 10.34 1.00 0.00
0.70 4.89 10.51 1.00 0.00
0.70 4.89 10.69 1.00 0.00
0.70 4.89 10.86 1.00 0.00
0.70 4.89 11.04 1.00 0.00
0.70 4.89 11.21 1.00 0.00
0.70 4.89 11.38 1.00 0.00
0.70 4.89 11.56 1.00 0.00
0.70 4.89 11.73 1.00 0.00
0.70 4.89 11.91 1.00 0.00
0.70 4.89 12.08 1.00 0.00
0.70 4.89 12.26 1.00 0.00
0.70 4.89 12.43 1.00 0.00
0.70 4.89 12.61 1.00 0.00
0.70 4.89 12.78 1.00 0.00
0.70 4.89 12.96 1.00 0.00
0.70 4.89 13.13 1.00 0.00
0.90 4.89 10.12 1.00 0.00
0.90 4.89 10.30 1.00 0.00
0.90 4.89 10.47 1.00 0.00
0.90 4.89 10.65 1.00 0.00
0.90 4.89 10.82 1.00 0.00
0.90 4.89 11.00 1.00 0.00
0.90 4.89 11.17 1.00 0.00
0.90 4.89 11.34 1.00 0.00
0.90 4.89 11.52 1.00 0.00
0.90 4.89 11.69 1.00 0.00
0.90 4.89 11.87 1.00 0.00
0.90 4.89 12.04 1.00 0.00
0.90 4.89 12.22 1.00 0.00
0.90 4.89 12.39 1.00 0.00
0.90 4.89 12.57 1.00 0.00
0.90 4.89 12.74 1.00 0.00
0.90 4.89 12.92 1.00 0.00
0.90 4.89 13.09 1.00 0.00
1.10 4.89 10.09 1.00 0.00
1.10 4.89 10.26 1.00 0.00
1.10 4.89 10.43 1.00 0.00
1.10 4.89 10.61 1.00 0.00
1.10 4.89 10.78 1.00 0.00
1.10 4.89 10.96 1.00 0.00
1.10 4.89 11.13 1.00 0.00
1.10 4.89 11.31 1.00 0.00
1.10 4.89 11.48 1.00 0.00
1.10 4.89 11.66 1.00 0.00
1.10 4.89 11.83 1.00 0.00
1.10 4.89 12.01 1.00 0.00
1.10 4.89 12.18 1.00 0.00
1.10 4.89 12.35 1.00 0.00
1.10 4.89 12.53 1.00 0.00
1.10 4.89 12.70 1.00 0.00
1.10 4.89 12.88 1.00 0.00
1.10 4.89 13.05 1.00 0.00
0.30 5.06 10.24 1.00 0.00
0.30 5.06 10.42 1.00 0.00
0.30 5.06 10.59 1.00 0.00
0.30 5.06 10.77 1.00 0.00
0.30 5.06 10.94 1.00 0.00
0.30 5.06 11.12 1.00 0.00
0.30 5.06 11.29 1.00 0.00
0.30 5.06 11.46 1.00 0.00
0.30 5.06 11.64 1.00 0.00
0.30 5.06 11.81 1.00 0.00
0.30 5.06 11.99 1.00 0.00
0.30 5.06 12.16 1.00 0.00
0.30 5.06 12.34 1.00 0.00
0.30 5.06 12.51 1.00 0.00
0.30 5.06 12.69 1.00 0.00
0.30 5.06 12.86 1.00 0.00
0.30 5.06 13.04 1.00 0.00
0.30 5.06 13.21 1.00 0.00
0.50 5.06 10.19 1.00 0.00
0.50 5.06 10.37 1.00 0.00
0.50 5.06 10.54 1.00 0.00
0.50 5.06 10.72 1.00 0.00
0.50 5.06 10.89 1.00 0.00
0.50 5.06 11.07 1.00 0.00
0.50 5.06 11.24 1.00 0.00
0.50 5.06 11.41 1.00 0.00
0.50 5.06 11.59 1.00 0.00
0.50 5.06 11.76 1.00 0.00
0.50 5.06 11.94 1.00 0.00
0.50 5.06 12.11 1.00 0.00
0.50 5.06 12.29 1.00 0.00
0.50 5.06 12.46 1.00 0.00
0.50 5.06 12.64 1.00 0.00
0.50 5.06 12.81 1.00 0.00
0.50 5.06 12.99 1.00 0.00
0.50 5.06 13.16 1.00 0.00
0.70 5.06 10.15 1.00 0.00
0.70 5.06 10.32 1.00 0.00
0.70 5.06 10.49 1.00 0.00
0.70 5.06 10.67 1.00 0.00
0.70 5.06 10.84 1.00 0.00
0.70 5.06 11.02 1.00 0.00
0.70 5.06 11.19 1.00 0.00
0.70 5.06 11.37 1.00 0.00
0.70 5.06 11.54 1.00 0.00
0.70 5.06 11.72 1.00 0.00
0.70 5.06 11.89 1.00 0.00
0.70 5.06 12.07 1.00 0.00
0.70 5.06 12.24 1.00 0.00
0.70 5.06 12.41 1.00 0.00
0.70 5.06 12.59 1.00 0.00
0.70 5.06 12.76 1.00 0.00
0.70 5.06 12.94 1.00 0.00
0.70 5.06 13.11 1.00 0.00
0.90 5.06 10.10 1.00 0.00
0.90 5.06 10.27 1.00 0.00
0.90 5.06 10.45 1.00 0.00
0.90 5.06 10.62 1.00 0.00
0.90 5.06 10.80 1.00 0.00
0.90 5.06 10.97 1.00 0.00
0.90 5.06 11.15 1.00 0.00
0.90 5.06 11.32 1.00 0.00
0.90 5.06 11.50 1.00 0.00
0.90 5.06 11.67 1.00 0.00
0.90 5.06 11.85 1.00 0.00
0.90 5.06 12.02 1.00 0.00
0.90 5.06 12.19 1.00 0.00
0.90 5.06 12.37 1.00 0.00
0.90 5.06 12.54 1.00 0.00
0.90 5.06 12.72 1.00 0.00
0.90 5.06 12.89 1.00 0.00
0.90 5.06 13.07 1.00 0.00
1.10 5.06 10.06 1.00 0.00
1.10 5.06 10.23 1.00 0.00
1.10 5.06 10.41 1.00 0.00
1.10 5.06 10.58 1.00 0.00
1.10 5.06 10.75 1.00 0.00
1.10 5.06 10.93 1.00 0.00
1.10 5.06 11.10 1.00 0.00
1.10 5.06 11.28 1.00 0.00
1.10 5.06 11.45 1.00 0.00
1.10 5.06 11.63 1.00 0.00
1.10 5.06 11.80 1.00 0.00
1.10 5.06 11.98 1.00 0.00
1.10 5.06 12.15 1.00 0.00
1.10 5.06 12.33 1.00 0.00
1.10 5.06 12.50 1.00 0.00
1.10 5.06 12.67 1.00 0.00
1.10 5.06 12.85 1.00 0.00
1.10 5.06 13.02 1.00 0.00
0.30 5.24 10.24 1.00 0.00
0.30 5.24 10.41 1.00 0.00
0.30 5.24 10.59 1.00 0.00
0.30 5.24 10.76 1.00 0.00
0.30 5.24 10.94 1.00 0.00
0.30 5.24 11.11 1.00 0.00
0.30 5.24 11.29 1.00 0.00
0.30 5.24 11.46 1.00 0.00
0.30 5.24 11.63 1.00 0.00
0.30 5.24 11.81 1.00 0.00
0.30 5.24 11.98 1.00 0.00
0.30 5.24 12.16 1.00 0.00
0.30 5.24 12.33 1.00 0.00
0.30 5.24 12.51 1.00 0.00
0.30 5.24 12.68 1.00 0.00
0.30 5.24 12.86 1.00 0.00
0.30 5.24 13.03 1.00 0.00
0.30 5.24 13.21 1.00 0.00
0.50 5.24 10.18 1.00 0.00
0.50 5.24 10.36 1.00 0.00
0.50 5.24 10.53 1.00 0.00
0.50 5.24 10.71 1.00 0.00
0.50 5.24 10.88 1.00 0.00
0.50 5.24 11.06 1.00 0.00
0.50 5.24 11.23 1.00 0.00
0.50 5.24 11.41 1.00 0.00
0.50 5.24 11.58 1.00 0.00
0.50 5.24 11.76 1.00 0.00
0.50 5.24 11.93 1.00 0.00
0.50 5.24 12.10 1.00 0.00
0.50 5.24 12.28 1.00 0.00
0.50 5.24 12.45 1.00 0.00
0.50 5.24 12.63 1.00 0.00
0.50 5.24 12.80 1.00 0.00
0.50 5.24 12.98 1.00 0.00
0.50 5.24 13.15 1.00 0.00
0.70 5.24 10.13 1.00 0.00
0.70 5.24 10.31 1.00 0.00
0.70 5.24 10.48 1.00 0.00
0.70 5.24 10.66 1.00 0.00
0.70 5.24 10.83 1.00 0.00
0.70 5.24 11.00 1.00 0.00
0.70 5.24 11.18 1.00 0.00
0.70 5.24 11.35 1.00 0.00
0.70 5.24 11.53 1.00 0.00
0.70 5.24 11.70 1.00 0.00
0.70 5.24 11.88 1.00 0.00
0.70 5.24 12.05 1.00 0.00
0.70 5.24 12.23 1.00 0.00
0.70 5.24 12.40 1.00 0.00
0.70 5.24 12.58 1.00 0.00
0.70 5.24 12.75 1.00 0.00
0.70 5.24 12.92 1.00 0.00
0.70 5.24 13.10 1.00 0.00
0.90 5.24 10.08 1.00 0.00
0.90 5.24 10.26 1.00 0.00
0.90 5.24 10.43 1.00 0.00
0.90 5.24 10.60 1.00 0.00
0.90 5.24 10.78 1.00 0.00
0.90 5.24 10.95 1.00 0.00
0.90 5.24 11.13 1.00 0.00
0.90 5.24 11.30 1.00 0.00
0.90 5.24 11.48 1.00 0.00
0.90 5.24 11.65 1.00 0.00
0.90 5.24 11.83 1.00 0.00
0.90 5.24 12.00 1.00 0.00
0.90 5.24 12.18 1.00 0.00
0.90 5.24 12.35 1.00 0.00
0.90 5.24 12.52 1.00 0.00
0.90 5.24 12.70 1.00 0.00
0.90 5.24 12.87 1.00 0.00
0.90 5.24 13.05 1.00 0.00
1.10 5.24 10.03 1.00 0.00
1.10 5.24 10.21 1.00 0.00
1.10 5.24 10.38 1.00 0.00
1.10 5.24 10.56 1.00 0.00
1.10 5.24 10.73 1.00 0.00
1.10 5.24 10.90 1.00 0.00
1.10 5.24 11.08 1.00 0.00
1.10 5.24 11.25 1.00 0.00
1.10 5.24 11.43 1.00 0.00
1.10 5.24 11.60 1.00 0.00
1.10 5.24 11.78 1.00 0.00
1.10 5.24 11.95 1.00 0.00
1.10 5.24 12.13 1.00 0.00
1.10 5.24 12.30 1.00 0.00
1.10 5.24 12.48 1.00 0.00
1.10 5.24 12.65 1.00 0.00
1.10 5.24 12.82 1.00 0.00
1.10 5.24 13.00 1.00 0.00
0.30 5.41 10.24 1.00 0.00
0.30 5.41 10.41 1.00 0.00
0.30 5.41 10.59 1.00 0.00
0.30 5.41 10.76 1.00 0.00
0.30 5.41 10.93 1.00 0.00
0.30 5.41 11.11 1.00 0.00
0.30 5.41 11.28 1.00 0.00
0.30 5.41 11.46 1.00 0.00
0.30 5.41 11.63 1.00 0.00
0.30 5.41 11.81 1.00 0.00
0.30 5.41 11.98 1.00 0.00
0.30 5.41 12.16 1.00 0.00
0.30 5.41 12.33 1.00 0.00
0.30 5.41 12.51 1.00 0.00
0.30 5.41 12.68 1.00 0.00
0.30 5.41 12.85 1.00 0.00
0.30 5.41 13.03 1.00 0.00
0.30 5.41 13.20 1.00 0.00
0.50 5.41 10.18 1.00 0.00
0.50 5.41 10.35 1.00 0.00
0.50 5.41 10.53 1.00 0.00
0.50 5.41 10.70 1.00 0.00
0.50 5.41 10.88 1.00 0.00
0.50 5.41 11.05 1.00 0.00
0.50 5.41 11.23 1.00 0.00
0.50 5.41 11.40 1.00 0.00
0.50 5.41 11.58 1.00 0.00
0.50 5.41 11.75 1.00 0.00
0.50 5.41 11.92 1.00 0.00
0.50 5.41 12.10 1.00 0.00
0.50 5.41 12.27 1.00 0.00
0.50 5.41 12.45 1.00 0.00
0.50 5.41 12.62 1.00 0.00
0.50 5.41 12.80 1.00 0.00
0.50 5.41 12.97 1.00 0.00
0.50 5.41 13.15 1.00 0.00
0.70 5.41 10.12 1.00 0.00
0.70 5.41 10.30 1.00 0.00
0.70 5.41 10.47 1.00 0.00
0.70 5.41 10.65 1.00 0.00
0.70 5.41 10.82 1.00 0.00
0.70 5.41 11.00 1.00 0.00
0.70 5.41 11.17 1.00 0.00
0.70 5.41 11.34 1.00 0.00
0.70 5.41 11.52 1.00 0.00
0.70 5.41 11.69 1.00 0.00
0.70 5.41 11.87 1.00 0.00
0.70 5.41 12.04 1.00 0.00
0.70 5.41 12.22 1.00 0.00
0.70 5.41 12.39 1.00 0.00
0.70 5.41 12.57 1.00 0.00
0.70 5.41 12.74 1.00 0.00
0.70 5.41 12.92 1.00 0.00
0.70 5.41 13.09 1.00 0.00
0.90 5.41 10.07 1.00 0.00
0.90 5.41 10.24 1.00 0.00
0.90 5.41 10.42 1.00 0.00
0.90 5.41 10.59 1.00 0.00
0.90 5.41 10.77 1.00 0.00
0.90 5.41 10.94 1.00 0.00
0.90 5.41 11.12 1.00 0.00
0.90 5.41 11.29 1.00 0.00
0.90 5.41 11.46 1.00 0.00
0.90 5.41 11.64 1.00 0.00
0.90 5.41 11.81 1.00 0.00
0.90 5.41 11.99 1.00 0.00
0.90 5.41 12.16 1.00 0.00
0.90 5.41 12.34 1.00 0.00
0.90 5.41 12.51 1.00 0.00
0.90 5.41 12.69 1.00 0.00
0.90 5.41 12.86 1.00 0.00
0.90 5.41 13.03 1.00 0.00
1.10 5.41 10.01 1.00 0.00
1.10 5.41 10.19 1.00 0.00
1.10 5.41 10.36 1.00 0.00
1.10 5.41 10.54 1.00 0.00
1.10 5.41 10.71 1.00 0.00
1.10 5.41 10.89 1.00 0.00
1.10 5.41 11.06 1.00 0.00
1.10 5.41 11.24 1.00 0.00
1.10 5.41 11.41 1.00 0.00
1.10 5.41 11.58 1.00 0.00
1.10 5.41 11.76 1.00 0.00
1.10 5.41 11.93 1.00 0.00
1.10 5.41 12.11 1.00 0.00
1.10 5.41 12.28 1.00 0.00
1.10 5.41 12.46 1.00 0.00
1.10 5.41 12.63 1.00 0.00
1.10 5.41 12.81 1.00 0.00
1.10 5.41 12.98 1.00 0.00
0.30 5.59 10.24 1.00 0.00
0.30 5.59 10.41 1.00 0.00
0.30 5.59 10.59 1.00 0.00
0.30 5.59 10.76 1.00 0.00
0.30 5.59 10.93 1.00 0.00
0.30 5.59 11.11 1.00 0.00
0.30 5.59 11.28 1.00 0.00
0.30 5.59 11.46 1.00 0.00
0.30 5.59 11.63 1.00 0.00
0.30 5.59 11.81 1.00 0.00
0.30 5.59 11.98 1.00 0.00
0.30 5.59 12.16 1.00 0.00
0.30 5.59 12.33 1.00 0.00
0.30 5.59 12.51 1.00 0.00
0.30 5.59 12.68 1.00 0.00
0.30 5.59 12.85 1.00 0.00
0.30 5.59 13.03 1.00 0.00
0.30 5.59 13.20 1.00 0.00
0.50 5.59 10.18 1.00 0.00
0.50 5.59 10.35 1.00 0.00
0.50 5.59 10.53 1.00 0.00
0.50 5.59 10.70 1.00 0.00
0.50 5.59 10.88 1.00 0.00
0.50 5.59 11.05 1.00 0.00
0.50 5.59 11.23 1.00 0.00
0.50 5.59 11.40 1.00 0.00
0.50 5.59 11.57 1.00 0.00
0.50 5.59 11.75 1.00 0.00
0.50 5.59 11.92 1.00 0.00
0.50 5.59 12.10 1.00 0.00
0.50 5.59 12.27 1.00 0.00
0.50 5.59 12.45 1.00 0.00
0.50 5.59 12.62 1.00 0.00
0.50 5.59 12.80 1.00 0.00
0.50 5.59 12.97 1.00 0.00
0.50 5.59 13.15 1.00 0.00
0.70 5.59 10.12 1.00 0.00
0.70 5.59 10.29 1.00 0.00
0.70 5.59 10.47 1.00 0.00
0.70 5.59 10.64 1.00 0.00
0.70 5.59 10.82 1.00 0.00
0.70 5.59 10.99 1.00 0.00
0.70 5.59 11.17 1.00 0.00
0.70 5.59 11.34 1.00 0.00
0.70 5.59 11.52 1.00 0.00
0.70 5.59 11.69 1.00 0.00
0.70 5.59 11.87 1.00 0.00
0.70 5.59 12.04 1.00 0.00
0.70 5.59 12.21 1.00 0.00
0.70 5.59 12.39 1.00 0.00
0.70 5.59 12.56 1.00 0.00
0.70 5.59 12.74 1.00 0.00
0.70 5.59 12.91 1.00 0.00
0.70 5.59 13.09 1.00 0.00
0.90 5.59 10.06 1.00 0.00
0.90 5.59 10.24 1.00 0.00
0.90 5.59 10.41 1.00 0.00
0.90 5.59 10.58 1.00 0.00
0.90 5.59 10.76 1.00 0.00
0.90 5.59 10.93 1.00 0.00
0.90 5.59 11.11 1.00 0.00
0.90 5.59 11.28 1.00 0.00
0.90 5.59 11.46 1.00 0.00
0.90 5.59 11.63 1.00 0.00
0.90 5.59 11.81 1.00 0.00
0.90 5.59 11.98 1.00 0.00
0.90 5.59 12.16 1.00 0.00
0.90 5.59 12.33 1.00 0.00
0.90 5.59 12.50 1.00 0.00
0.90 5.59 12.68 1.00 0.00
0.90 5.59 12.85 1.00 0.00
0.90 5.59 13.03 1.00 0.00
1.10 5.59 10.00 1.00 0.00
1.10 5.59 10.18 1.00 0.00
1.10 5.59 10.35 1.00 0.00
1.10 5.59 10.53 1.00 0.00
1.10 5.59 10.70 1.00 0.00
1.10 5.59 10.88 1.00 0.00
1.10 5.59 11.05 1.00 0.00
1.10 5.59 11.22 1.00 0.00
1.10 5.59 11.40 1.00 0.00
1.10 5.59 11.57 1.00 0.00
1.10 5.59 11.75 1.00 0.00
1.10 5.59 11.92 1.00 0.00
1.10 5.59 12.10 1.00 0.00
1.10 5.59 12.27 1.00 0.00
1.10 5.59 12.45 1.00 0.00
1.10 5.59 12.62 1.00 0.00
1.10 5.59 12.80 1.00 0.00
1.10 5.59 12.97 1.00 0.00
0.30 5.76 10.24 1.00 0.00
0.30 5.76 10.41 1.00 0.00
0.30 5.76 10.59 1.00 0.00
0.30 5.76 10.76 1.00 0.00
0.30 5.76 10.94 1.00 0.00
0.30 5.76 11.11 1.00 0.00
0.30 5.76 11.29 1.00 0.00
0.30 5.76 11.46 1.00 0.00
0.30 5.76 11.64 1.00 0.00
0.30 5.76 11.81 1.00 0.00
0.30 5.76 11.99 1.00 0.00
0.30 5.76 12.16 1.00 0.00
0.30 5.76 12.33 1.00 0.00
0.30 5.76 12.51 1.00 0.00
0.30 5.76 12.68 1.00 0.00
0.30 5.76 12.86 1.00 0.00
0.30 5.76 13.03 1.00 0.00
0.30 5.76 13.21 1.00 0.00
0.50 5.76 10.18 1.00 0.00
0.50 5.76 10.36 1.00 0.00
0.50 5.76 10.53 1.00 0.00
0.50 5.76 10.71 1.00 0.00
0.50 5.76 10.88 1.00 0.00
0.50 5.76 11.05 1.00 0.00
0.50 5.76 11.23 1.00 0.00
0.50 5.76 11.40 1.00 0.00
0.50 5.76 11.58 1.00 0.00
0.50 5.76 11.75 1.00 0.00
0.50 5.76 11.93 1.00 0.00
0.50 5.76 12.10 1.00 0.00
0.50 5.76 12.28 1.00 0.00
0.50 5.76 12.45 1.00 0.00
0.50 5.76 12.63 1.00 0.00
0.50 5.76 12.80 1.00 0.00
0.50 5.76 12.97 1.00 0.00
0.50 5.76 13.15 1.00 0.00
0.70 5.76 10.12 1.00 0.00
0.70 5.76 10.30 1.00 0.00
0.70 5.76 10.47 1.00 0.00
0.70 5.76 10.65 1.00 0.00
0.70 5.76 10.82 1.00 0.00
0.70 5.76 11.00 1.00 0.00
0.70 5.76 11.17 1.00 0.00
0.70 5.76 11.34 1.00 0.00
0.70 5.76 11.52 1.00 0.00
0.70 5.76 11.69 1.00 0.00
0.70 5.76 11.87 1.00 0.00
0.70 5.76 12.04 1.00 0.00
0.70 5.76 12.22 1.00 0.00
0.70 5.76 12.39 1.00 0.00
0.70 5.76 12.57 1.00 0.00
0.70 5.76 12.74 1.00 0.00
0.70 5.76 12.92 1.00 0.00
0.70 5.76 13.09 1.00 0.00
0.90 5.76 10.06 1.00 0.00
0.90 5.76 10.24 1.00 0.00
0.90 5.76 10.41 1.00 0.00
0.90 5.76 10.59 1.00 0.00
0.90 5.76 10.76 1.00 0.00
0.90 5.76 10.94 1.00 0.00
0.90 5.76 11.11 1.00 0.00
0.90 5.76 11.28 1.00 0.00
0.90 5.76 11.46 1.00 0.00
0.90 5.76 11.63 1.00 0.00
0.90 5.76 11.81 1.00 0.00
0.90 5.76 11.98 1.00 0.00
0.90 5.76 12.16 1.00 0.00
0.90 5.76 12.33 1.00 0.00
0.90 5.76 12.51 1.00 0.00
0.90 5.76 12.68 1.00 0.00
0.90 5.76 12.86 1.00 0.00
0.90 5.76 13.03 1.00 0.00
1.10 5.76 10.00 1.00 0.00
1.10 5.76 10.18 1.00 0.00
1.10 5.76 10.35 1.00 0.00
1.10 5.76 10.52 1.00 0.00
1.10 5.76 10.70 1.00 0.00
1.10 5.76 10.87 1.00 0.00
1.10 5.76 11.05 1.00 0.00
1.10 5.76 11.22 1.00 0.00
1.10 5.76 11.40 1.00 0.00
1.10 5.76 11.57 1.00 0.00
1.10 5.76 11.75 1.00 0.00
1.10 5.76 11.92 1.00 0.00
1.10 5.76 12.10 1.00 0.00
1.10 5.76 12.27 1.00 0.00
1.10 5.76 12.44 1.00 0.00
1.10 5.76 12.62 1.00 0.00
1.10 5.76 12.79 1.00 0.00
1.10 5.76 12.97 1.00 0.00
0.30 5.93 10.25 1.00 0.00
0.30 5.93 10.42 1.00 0.00
0.30 5.93 10.59 1.00 0.00
0.30 5.93 10.77 1.00 0.00
0.30 5.93 10.94 1.00 0.00
0.30 5.93 11.12 1.00 0.00
0.30 5.93 11.29 1.00 0.00
0.30 5.93 11.47 1.00 0.00
0.30 5.93 11.64 1.00 0.00
0.30 5.93 11.82 1.00 0.00
0.30 5.93 11.99 1.00 0.00
0.30 5.93 12.17 1.00 0.00
0.30 5.93 12.34 1.00 0.00
0.30 5.93 12.51 1.00 0.00
0.30 5.93 12.69 1.00 0.00
0.30 5.93 12.86 1.00 0.00
0.30 5.93 13.04 1.00 0.00
0.30 5.93 13.21 1.00 0.00
0.50 5.93 10.19 1.00 0.00
0.50 5.93 10.37 1.00 0.00
0.50 5.93 10.54 1.00 0.00
0.50 5.93 10.71 1.00 0.00
0.50 5.93 10.89 1.00 0.00
0.50 5.93 11.06 1.00 0.00
0.50 5.93 11.24 1.00 0.00
0.50 5.93 11.41 1.00 0.00
0.50 5.93 11.59 1.00 0.00
0.50 5.93 11.76 1.00 0.00
0.50 5.93 11.94 1.00 0.00
0.50 5.93 12.11 1.00 0.00
0.50 5.93 12.29 1.00 0.00
0.50 5.93 12.46 1.00 0.00
0.50 5.93 12.63 1.00 0.00
0.50 5.93 12.81 1.00 0.00
0.50 5.93 12.98 1.00 0.00
0.50 5.93 13.16 1.00 0.00
0.70 5.93 10.13 1.00 0.00
0.70 5.93 10.31 1.00 0.00
0.70 5.93 10.48 1.00 0.00
0.70 5.93 10.66 1.00 0.00
0.70 5.93 10.83 1.00 0.00
0.70 5.93 11.01 1.00 0.00
0.70 5.93 11.18 1.00 0.00
0.70 5.93 11.35 1.00 0.00
0.70 5.93 11.53 1.00 0.00
0.70 5.93 11.70 1.00 0.00
0.70 5.93 11.88 1.00 0.00
0.70 5.93 12.05 1.00 0.00
0.70 5.93 12.23 1.00 0.00
0.70 5.93 12.40 1.00 0.00
0.70 5.93 12.58 1.00 0.00
0.70 5.93 12.75 1.00 0.00
0.70 5.93 12.93 1.00 0.00
0.70 5.93 13.10 1.00 0.00
0.90 5.93 10.07 1.00 0.00
0.90 5.93 10.25 1.00 0.00
0.90 5.93 10.42 1.00 0.00
0.90 5.93 10.60 1.00 0.00
0.90 5.93 10.77 1.00 0.00
0.90 5.93 10.95 1.00 0.00
0.90 5.93 11.12 1.00 0.00
0.90 5.93 11.29 1.00 0.00
0.90 5.93 11.47 1.00 0.00
0.90 5.93 11.64 1.00 0.00
0.90 5.93 11.82 1.00 0.00
0.90 5.93 11.99 1.00 0.00
0.90 5.93 12.17 1.00 0.00
0.90 5.93 12.34 1.00 0.00
0.90 5.93 12.52 1.00 0.00
0.90 5.93 12.69 1.00 0.00
0.90 5.93 12.87 1.00 0.00
0.90 5.93 13.04 1.00 0.00
1.10 5.93 10.01 1.00 0.00
1.10 5.93 10.18 1.00 0.00
1.10 5.93 10.36 1.00 0.00
1.10 5.93 10.53 1.00 0.00
1.10 5.93 10.71 1.00 0.00
1.10 5.93 10.88 1.00 0.00
1.10 5.93 11.06 1.00 0.00
1.10 5.93 11.23 1.00 0.00
1.10 5.93 11.41 1.00 0.00
1.10 5.93 11.58 1.00 0.00
1.10 5.93 11.76 1.00 0.00
1.10 5.93 11.93 1.00 0.00
1.10 5.93 12.10 1.00 0.00
1.10 5.93 12.28 1.00 0.00
1.10 5.93 12.45 1.00 0.00
1.10 5.93 12.63 1.00 0.00
1.10 5.93 12.80 1.00 0.00
1.10 5.93 12.98 1.00 0.00
0.30 6.11 10.25 1.00 0.00
0.30 6.11 10.43 1.00 0.00
0.30 6.11 10.60 1.00 0.00
0.30 6.11 10.78 1.00 0.00
0.30 6.11 10.95 1.00 0.00
0.30 6.11 11.13 1.00 0.00
0.30 6.11 11.30 1.00 0.00
0.30 6.11 11.48 1.00 0.00
0.30 6.11 11.65 1.00 0.00
0.30 6.11 11.82 1.00 0.00
0.30 6.11 12.00 1.00 0.00
0.30 6.11 12.17 1.00 0.00
0.30 6.11 12.35 1.00 0.00
0.30 6.11 12.52 1.00 0.00
0.30 6.11 12.70 1.00 0.00
0.30 6.11 12.87 1.00 0.00
0.30 6.11 13.05 1.00 0.00
0.30 6.11 13.22 1.00 0.00
0.50 6.11 10.20 1.00 0.00
0.50 6.11 10.38 1.00 0.00
0.50 6.11 10.55 1.00 0.00
0.50 6.11 10.73 1.00 0.00
0.50 6.11 10.90 1.00 0.00
0.50 6.11 11.08 1.00 0.00
0.50 6.11 11.25 1.00 0.00
0.50 6.11 11.43 1.00 0.00
0.50 6.11 11.60 1.00 0.00
0.50 6.11 11.77 1.00 0.00
0.50 6.11 11.95 1.00 0.00
0.50 6.11 12.12 1.00 0.00
0.50 6.11 12.30 1.00 0.00
0.50 6.11 12.47 1.00 0.00
0.50 6.11 12.65 1.00 0.00
0.50 6.11 12.82 1.00 0.00
0.50 6.11 13.00 1.00 0.00
0.50 6.11 13.17 1.00 0.00
0.70 6.11 10.15 1.00 0.00
0.70 6.11 10.32 1.00 0.00
0.70 6.11 10.50 1.00 0.00
0.70 6.11 10.67 1.00 0.00
0.70 6.11 10.85 1.00 0.00
0.70 6.11 11.02 1.00 0.00
0.70 6.11 11.20 1.00 0.00
0.70 6.11 11.37 1.00 0.00
0.70 6.11 11.55 1.00 0.00
0.70 6.11 11.72 1.00 0.00
0.70 6.11 11.90 1.00 0.00
0.70 6.11 12.07 1.00 0.00
0.70 6.11 12.24 1.00 0.00
0.70 6.11 12.42 1.00 0.00
0.70 6.11 12.59 1.00 0.00
0.70 6.11 12.77 1.00 0.00
0.70 6.11 12.94 1.00 0.00
0.70 6.11 13.12 1.00 0.00
0.90 6.11 10.09 1.00 0.00
0.90 6.11 10.27 1.00 0.00
0.90 6.11 10.44 1.00 0.00
0.90 6.11 10.62 1.00 0.00
0.90 6.11 10.79 1.00 0.00
0.90 6.11 10.97 1.00 0.00
0.90 6.11 11.14 1.00 0.00
0.90 6.11 11.31 1.00 0.00
0.90 6.11 11.49 1.00 0.00
0.90 6.11 11.66 1.00 0.00
0.90 6.11 11.84 1.00 0.00
0.90 6.11 12.01 1.00 0.00
0.90 6.11 12.19 1.00 0.00
0.90 6.11 12.36 1.00 0.00
0.90 6.11 12.54 1.00 0.00
0.90 6.11 12.71 1.00 0.00
0.90 6.11 12.89 1.00 0.00
0.90 6.11 13.06 1.00 0.00
1.10 6.11 10.03 1.00 0.00
1.10 6.11 10.21 1.00 0.00
1.10 6.11 10.38 1.00 0.00
1.10 6.11 10.55 1.00 0.00
1.10 6.11 10.73 1.00 0.00
1.10 6.11 10.90 1.00 0.00
1.10 6.11 11.08 1.00 0.00
1.10 6.11 11.25 1.00 0.00
1.10 6.11 11.43 1.00 0.00
1.10 6.11 11.60 1.00 0.00
1.10 6.11 11.78 1.00 0.00
1.10 6.11 11.95 1.00 0.00
1.10 6.11 12.13 1.00 0.00
1.10 6.11 12.30 1.00 0.00
1.10 6.11 12.47 1.00 0.00
1.10 6.11 12.65 1.00 0.00
1.10 6.11 12.82 1.00 0.00
1.10 6.11 13.00 1.00 0.00
