0.30 0.00 7.29 1.00 0.00
0.30 0.00 7.47 1.00 0.00
0.30 0.00 7.64 1.00 0.00
0.30 0.00 7.81 1.00 0.00
0.30 0.00 7.99 1.00 0.00
0.30 0.00 8.16 1.00 0.00
0.30 0.00 8.34 1.00 0.00
0.30 0.00 8.51 1.00 0.00
0.30 0.00 8.69 1.00 0.00
0.30 0.00 8.86 1.00 0.00
0.30 0.00 9.04 1.00 0.00
0.30 0.00 9.21 1.00 0.00
0.30 0.00 9.39 1.00 0.00
0.30 0.00 9.56 1.00 0.00
0.30 0.00 9.73 1.00 0.00
0.30 0.00 9.91 1.00 0.00
0.30 0.00 10.08 1.00 0.00
0.30 0.00 10.26 1.00 0.00
0.50 0.00 7.33 1.00 0.00
0.50 0.00 7.50 1.00 0.00
0.50 0.00 7.67 1.00 0.00
0.50 0.00 7.85 1.00 0.00
0.50 0.00 8.02 1.00 0.00
0.50 0.00 8.20 1.00 0.00
0.50 0.00 8.37 1.00 0.00
0.50 0.00 8.55 1.00 0.00
0.50 0.00 8.72 1.00 0.00
0.50 0.00 8.90 1.00 0.00
0.50 0.00 9.07 1.00 0.00
0.50 0.00 9.25 1.00 0.00
0.50 0.00 9.42 1.00 0.00
0.50 0.00 9.59 1.00 0.00
0.50 0.00 9.77 1.00 0.00
0.50 0.00 9.94 1.00 0.00
0.50 0.00 10.12 1.00 0.00
0.50 0.00 10.29 1.00 0.00
0.70 0.00 1.07 1.00 0.00
0.70 0.00 1.25 1.00 0.00
0.70 0.00 1.42 1.00 0.00
0.70 0.00 1.60 1.00 0.00
0.70 0.00 1.77 1.00 0.00
0.70 0.00 1.95 1.00 0.00
0.70 0.00 2.12 1.00 0.00
0.70 0.00 2.29 1.00 0.00
0.70 0.00 2.47 1.00 0.00
0.70 0.00 2.64 1.00 0.00
0.70 0.00 2.82 1.00 0.00
0.70 0.00 2.99 1.00 0.00
0.70 0.00 3.17 1.00 0.00
0.70 0.00 3.34 1.00 0.00
0.70 0.00 3.52 1.00 0.00
0.70 0.00 3.69 1.00 0.00
0.70 0.00 3.87 1.00 0.00
0.70 0.00 4.04 1.00 0.00
0.90 0.00 1.10 1.00 0.00
0.90 0.00 1.28 1.00 0.00
0.90 0.00 1.45 1.00 0.00
0.90 0.00 1.62 1.00 0.00
0.90 0.00 1.80 1.00 0.00
0.90 0.00 1.97 1.00 0.00
0.90 0.00 2.15 1.00 0.00
0.90 0.00 2.32 1.00 0.00
0.90 0.00 2.50 1.00 0.00
0.90 0.00 2.67 1.00 0.00
0.90 0.00 2.85 1.00 0.00
0.90 0.00 3.02 1.00 0.00
0.90 0.00 3.19 1.00 0.00
0.90 0.00 3.37 1.00 0.00
0.90 0.00 3.54 1.00 0.00
0.90 0.00 3.72 1.00 0.00
0.90 0.00 3.89 1.00 0.00
0.90 0.00 4.07 1.00 0.00
1.10 0.00 1.13 1.00 0.00
1.10 0.00 1.30 1.00 0.00
1.10 0.00 1.47 1.00 0.00
1.10 0.00 1.65 1.00 0.00
1.10 0.00 1.82 1.00 0.00
1.10 0.00 2.00 1.00 0.00
1.10 0.00 2.17 1.00 0.00
1.10 0.00 2.35 1.00 0.00
1.10 0.00 2.52 1.00 0.00
1.10 0.00 2.70 1.00 0.00
1.10 0.00 2.87 1.00 0.00
1.10 0.00 3.05 1.00 0.00
1.10 0.00 3.22 1.00 0.00
1.10 0.00 3.39 1.00 0.00
1.10 0.00 3.57 1.00 0.00
1.10 0.00 3.74 1.00 0.00
1.10 0.00 3.92 1.00 0.00
1.10 0.00 4.09 1.00 0.00
0.30 0.17 7.28 1.00 0.00
0.30 0.17 7.45 1.00 0.00
0.30 0.17 7.62 1.00 0.00
0.30 0.17 7.80 1.00 0.00
0.30 0.17 7.97 1.00 0.00
0.30 0.17 8.15 1.00 0.00
0.30 0.17 8.32 1.00 0.00
0.30 0.17 8.50 1.00 0.00
0.30 0.17 8.67 1.00 0.00
0.30 0.17 8.85 1.00 0.00
0.30 0.17 9.02 1.00 0.00
0.30 0.17 9.19 1.00 0.00
0.30 0.17 9.37 1.00 0.00
0.30 0.17 9.54 1.00 0.00
0.30 0.17 9.72 1.00 0.00
0.30 0.17 9.89 1.00 0.00
0.30 0.17 10.07 1.00 0.00
0.30 0.17 10.24 1.00 0.00
0.50 0.17 7.30 1.00 0.00
0.50 0.17 7.47 1.00 0.00
0.50 0.17 7.65 1.00 0.00
0.50 0.17 7.82 1.00 0.00
0.50 0.17 8.00 1.00 0.00
0.50 0.17 8.17 1.00 0.00
0.50 0.17 8.35 1.00 0.00
0.50 0.17 8.52 1.00 0.00
0.50 0.17 8.70 1.00 0.00
0.50 0.17 8.87 1.00 0.00
0.50 0.17 9.05 1.00 0.00
0.50 0.17 9.22 1.00 0.00
0.50 0.17 9.39 1.00 0.00
0.50 0.17 9.57 1.00 0.00
0.50 0.17 9.74 1.00 0.00
0.50 0.17 9.92 1.00 0.00
0.50 0.17 10.09 1.00 0.00
0.50 0.17 10.27 1.00 0.00
0.70 0.17 7.32 1.00 0.00
0.70 0.17 7.50 1.00 0.00
0.70 0.17 7.67 1.00 0.00
0.70 0.17 7.85 1.00 0.00
0.70 0.17 8.02 1.00 0.00
0.70 0.17 8.20 1.00 0.00
0.70 0.17 8.37 1.00 0.00
0.70 0.17 8.54 1.00 0.00
0.70 0.17 8.72 1.00 0.00
0.70 0.17 8.89 1.00 0.00
0.70 0.17 9.07 1.00 0.00
0.70 0.17 9.24 1.00 0.00
0.70 0.17 9.42 1.00 0.00
0.70 0.17 9.59 1.00 0.00
0.70 0.17 9.77 1.00 0.00
0.70 0.17 9.94 1.00 0.00
0.70 0.17 10.11 1.00 0.00
0.70 0.17 10.29 1.00 0.00
0.90 0.17 1.06 1.00 0.00
0.90 0.17 1.23 1.00 0.00
0.90 0.17 1.41 1.00 0.00
0.90 0.17 1.58 1.00 0.00
0.90 0.17 1.76 1.00 0.00
0.90 0.17 1.93 1.00 0.00
0.90 0.17 2.11 1.00 0.00
0.90 0.17 2.28 1.00 0.00
0.90 0.17 2.46 1.00 0.00
0.90 0.17 2.63 1.00 0.00
0.90 0.17 2.80 1.00 0.00
0.90 0.17 2.98 1.00 0.00
0.90 0.17 3.15 1.00 0.00
0.90 0.17 3.33 1.00 0.00
0.90 0.17 3.50 1.00 0.00
0.90 0.17 3.68 1.00 0.00
0.90 0.17 3.85 1.00 0.00
0.90 0.17 4.03 1.00 0.00
1.10 0.17 1.08 1.00 0.00
1.10 0.17 1.25 1.00 0.00
1.10 0.17 1.43 1.00 0.00
1.10 0.17 1.60 1.00 0.00
1.10 0.17 1.78 1.00 0.00
1.10 0.17 1.95 1.00 0.00
1.10 0.17 2.12 1.00 0.00
1.10 0.17 2.30 1.00 0.00
1.10 0.17 2.47 1.00 0.00
1.10 0.17 2.65 1.00 0.00
1.10 0.17 2.82 1.00 0.00
1.10 0.17 3.00 1.00 0.00
1.10 0.17 3.17 1.00 0.00
1.10 0.17 3.35 1.00 0.00
1.10 0.17 3.52 1.00 0.00
1.10 0.17 3.70 1.00 0.00
1.10 0.17 3.87 1.00 0.00
1.10 0.17 4.04 1.00 0.00
0.30 0.35 7.26 1.00 0.00
0.30 0.35 7.43 1.00 0.00
0.30 0.35 7.61 1.00 0.00
0.30 0.35 7.78 1.00 0.00
0.30 0.35 7.96 1.00 0.00
0.30 0.35 8.13 1.00 0.00
0.30 0.35 8.31 1.00 0.00
0.30 0.35 8.48 1.00 0.00
0.30 0.35 8.65 1.00 0.00
0.30 0.35 8.83 1.00 0.00
0.30 0.35 9.00 1.00 0.00
0.30 0.35 9.18 1.00 0.00
0.30 0.35 9.35 1.00 0.00
0.30 0.35 9.53 1.00 0.00
0.30 0.35 9.70 1.00 0.00
0.30 0.35 9.88 1.00 0.00
0.30 0.35 10.05 1.00 0.00
0.30 0.35 10.23 1.00 0.00
0.50 0.35 7.27 1.00 0.00
0.50 0.35 7.45 1.00 0.00
0.50 0.35 7.62 1.00 0.00
0.50 0.35 7.80 1.00 0.00
0.50 0.35 7.97 1.00 0.00
0.50 0.35 8.15 1.00 0.00
0.50 0.35 8.32 1.00 0.00
0.50 0.35 8.50 1.00 0.00
0.50 0.35 8.67 1.00 0.00
0.50 0.35 8.84 1.00 0.00
0.50 0.35 9.02 1.00 0.00
0.50 0.35 9.19 1.00 0.00
0.50 0.35 9.37 1.00 0.00
0.50 0.35 9.54 1.00 0.00
0.50 0.35 9.72 1.00 0.00
0.50 0.35 9.89 1.00 0.00
0.50 0.35 10.07 1.00 0.00
0.50 0.35 10.24 1.00 0.00
0.70 0.35 7.29 1.00 0.00
0.70 0.35 7.46 1.00 0.00
0.70 0.35 7.64 1.00 0.00
0.70 0.35 7.81 1.00 0.00
0.70 0.35 7.99 1.00 0.00
0.70 0.35 8.16 1.00 0.00
0.70 0.35 8.33 1.00 0.00
0.70 0.35 8.51 1.00 0.00
0.70 0.35 8.68 1.00 0.00
0.70 0.35 8.86 1.00 0.00
0.70 0.35 9.03 1.00 0.00
0.70 0.35 9.21 1.00 0.00
0.70 0.35 9.38 1.00 0.00
0.70 0.35 9.56 1.00 0.00
0.70 0.35 9.73 1.00 0.00
0.70 0.35 9.91 1.00 0.00
0.70 0.35 10.08 1.00 0.00
0.70 0.35 10.25 1.00 0.00
0.90 0.35 7.30 1.00 0.00
0.90 0.35 7.47 1.00 0.00
0.90 0.35 7.65 1.00 0.00
0.90 0.35 7.82 1.00 0.00
0.90 0.35 8.00 1.00 0.00
0.90 0.35 8.17 1.00 0.00
0.90 0.35 8.35 1.00 0.00
0.90 0.35 8.52 1.00 0.00
0.90 0.35 8.70 1.00 0.00
0.90 0.35 8.87 1.00 0.00
0.90 0.35 9.04 1.00 0.00
0.90 0.35 9.22 1.00 0.00
0.90 0.35 9.39 1.00 0.00
0.90 0.35 9.57 1.00 0.00
0.90 0.35 9.74 1.00 0.00
0.90 0.35 9.92 1.00 0.00
0.90 0.35 10.09 1.00 0.00
0.90 0.35 10.27 1.00 0.00
1.10 0.35 7.31 1.00 0.00
1.10 0.35 7.48 1.00 0.00
1.10 0.35 7.66 1.00 0.00
1.10 0.35 7.83 1.00 0.00
1.10 0.35 8.01 1.00 0.00
1.10 0.35 8.18 1.00 0.00
1.10 0.35 8.36 1.00 0.00
1.10 0.35 8.53 1.00 0.00
1.10 0.35 8.71 1.00 0.00
1.10 0.35 8.88 1.00 0.00
1.10 0.35 9.06 1.00 0.00
1.10 0.35 9.23 1.00 0.00
1.10 0.35 9.40 1.00 0.00
1.10 0.35 9.58 1.00 0.00
1.10 0.35 9.75 1.00 0.00
1.10 0.35 9.93 1.00 0.00
1.10 0.35 10.10 1.00 0.00
1.10 0.35 10.28 1.00 0.00
0.30 0.52 7.24 1.00 0.00
0.30 0.52 7.42 1.00 0.00
0.30 0.52 7.59 1.00 0.00
0.30 0.52 7.76 1.00 0.00
0.30 0.52 7.94 1.00 0.00
0.30 0.52 8.11 1.00 0.00
0.30 0.52 8.29 1.00 0.00
0.30 0.52 8.46 1.00 0.00
0.30 0.52 8.64 1.00 0.00
0.30 0.52 8.81 1.00 0.00
0.30 0.52 8.99 1.00 0.00
0.30 0.52 9.16 1.00 0.00
0.30 0.52 9.34 1.00 0.00
0.30 0.52 9.51 1.00 0.00
0.30 0.52 9.68 1.00 0.00
0.30 0.52 9.86 1.00 0.00
0.30 0.52 10.03 1.00 0.00
0.30 0.52 10.21 1.00 0.00
0.50 0.52 7.25 1.00 0.00
0.50 0.52 7.42 1.00 0.00
0.50 0.52 7.60 1.00 0.00
0.50 0.52 7.77 1.00 0.00
0.50 0.52 7.94 1.00 0.00
0.50 0.52 8.12 1.00 0.00
0.50 0.52 8.29 1.00 0.00
0.50 0.52 8.47 1.00 0.00
0.50 0.52 8.64 1.00 0.00
0.50 0.52 8.82 1.00 0.00
0.50 0.52 8.99 1.00 0.00
0.50 0.52 9.17 1.00 0.00
0.50 0.52 9.34 1.00 0.00
0.50 0.52 9.52 1.00 0.00
0.50 0.52 9.69 1.00 0.00
0.50 0.52 9.86 1.00 0.00
0.50 0.52 10.04 1.00 0.00
0.50 0.52 10.21 1.00 0.00
0.70 0.52 7.25 1.00 0.00
0.70 0.52 7.43 1.00 0.00
0.70 0.52 7.60 1.00 0.00
0.70 0.52 7.78 1.00 0.00
0.70 0.52 7.95 1.00 0.00
0.70 0.52 8.12 1.00 0.00
0.70 0.52 8.30 1.00 0.00
0.70 0.52 8.47 1.00 0.00
0.70 0.52 8.65 1.00 0.00
0.70 0.52 8.82 1.00 0.00
0.70 0.52 9.00 1.00 0.00
0.70 0.52 9.17 1.00 0.00
0.70 0.52 9.35 1.00 0.00
0.70 0.52 9.52 1.00 0.00
0.70 0.52 9.70 1.00 0.00
0.70 0.52 9.87 1.00 0.00
0.70 0.52 10.04 1.00 0.00
0.70 0.52 10.22 1.00 0.00
0.90 0.52 7.26 1.00 0.00
0.90 0.52 7.43 1.00 0.00
0.90 0.52 7.61 1.00 0.00
0.90 0.52 7.78 1.00 0.00
0.90 0.52 7.95 1.00 0.00
0.90 0.52 8.13 1.00 0.00
0.90 0.52 8.30 1.00 0.00
0.90 0.52 8.48 1.00 0.00
0.90 0.52 8.65 1.00 0.00
0.90 0.52 8.83 1.00 0.00
0.90 0.52 9.00 1.00 0.00
0.90 0.52 9.18 1.00 0.00
0.90 0.52 9.35 1.00 0.00
0.90 0.52 9.52 1.00 0.00
0.90 0.52 9.70 1.00 0.00
0.90 0.52 9.87 1.00 0.00
0.90 0.52 10.05 1.00 0.00
0.90 0.52 10.22 1.00 0.00
1.10 0.52 7.26 1.00 0.00
1.10 0.52 7.43 1.00 0.00
1.10 0.52 7.61 1.00 0.00
1.10 0.52 7.78 1.00 0.00
1.10 0.52 7.96 1.00 0.00
1.10 0.52 8.13 1.00 0.00
1.10 0.52 8.31 1.00 0.00
1.10 0.52 8.48 1.00 0.00
1.10 0.52 8.66 1.00 0.00
1.10 0.52 8.83 1.00 0.00
1.10 0.52 9.01 1.00 0.00
1.10 0.52 9.18 1.00 0.00
1.10 0.52 9.35 1.00 0.00
1.10 0.52 9.53 1.00 0.00
1.10 0.52 9.70 1.00 0.00
1.10 0.52 9.88 1.00 0.00
1.10 0.52 10.05 1.00 0.00
1.10 0.52 10.23 1.00 0.00
0.30 0.70 7.22 1.00 0.00
0.30 0.70 7.40 1.00 0.00
0.30 0.70 7.57 1.00 0.00
0.30 0.70 7.75 1.00 0.00
0.30 0.70 7.92 1.00 0.00
0.30 0.70 8.10 1.00 0.00
0.30 0.70 8.27 1.00 0.00
0.30 0.70 8.45 1.00 0.00
0.30 0.70 8.62 1.00 0.00
0.30 0.70 8.79 1.00 0.00
0.30 0.70 8.97 1.00 0.00
0.30 0.70 9.14 1.00 0.00
0.30 0.70 9.32 1.00 0.00
0.30 0.70 9.49 1.00 0.00
0.30 0.70 9.67 1.00 0.00
0.30 0.70 9.84 1.00 0.00
0.30 0.70 10.02 1.00 0.00
0.30 0.70 10.19 1.00 0.00
0.50 0.70 7.22 1.00 0.00
0.50 0.70 7.39 1.00 0.00
0.50 0.70 7.57 1.00 0.00
0.50 0.70 7.74 1.00 0.00
0.50 0.70 7.92 1.00 0.00
0.50 0.70 8.09 1.00 0.00
0.50 0.70 8.27 1.00 0.00
0.50 0.70 8.44 1.00 0.00
0.50 0.70 8.62 1.00 0.00
0.50 0.70 8.79 1.00 0.00
0.50 0.70 8.96 1.00 0.00
0.50 0.70 9.14 1.00 0.00
0.50 0.70 9.31 1.00 0.00
0.50 0.70 9.49 1.00 0.00
0.50 0.70 9.66 1.00 0.00
0.50 0.70 9.84 1.00 0.00
0.50 0.70 10.01 1.00 0.00
0.50 0.70 10.19 1.00 0.00
0.70 0.70 7.22 1.00 0.00
0.70 0.70 7.39 1.00 0.00
0.70 0.70 7.56 1.00 0.00
0.70 0.70 7.74 1.00 0.00
0.70 0.70 7.91 1.00 0.00
0.70 0.70 8.09 1.00 0.00
0.70 0.70 8.26 1.00 0.00
0.70 0.70 8.44 1.00 0.00
0.70 0.70 8.61 1.00 0.00
0.70 0.70 8.79 1.00 0.00
0.70 0.70 8.96 1.00 0.00
0.70 0.70 9.14 1.00 0.00
0.70 0.70 9.31 1.00 0.00
0.70 0.70 9.48 1.00 0.00
0.70 0.70 9.66 1.00 0.00
0.70 0.70 9.83 1.00 0.00
0.70 0.70 10.01 1.00 0.00
0.70 0.70 10.18 1.00 0.00
0.90 0.70 7.21 1.00 0.00
0.90 0.70 7.39 1.00 0.00
0.90 0.70 7.56 1.00 0.00
0.90 0.70 7.74 1.00 0.00
0.90 0.70 7.91 1.00 0.00
0.90 0.70 8.08 1.00 0.00
0.90 0.70 8.26 1.00 0.00
0.90 0.70 8.43 1.00 0.00
0.90 0.70 8.61 1.00 0.00
0.90 0.70 8.78 1.00 0.00
0.90 0.70 8.96 1.00 0.00
0.90 0.70 9.13 1.00 0.00
0.90 0.70 9.31 1.00 0.00
0.90 0.70 9.48 1.00 0.00
0.90 0.70 9.66 1.00 0.00
0.90 0.70 9.83 1.00 0.00
0.90 0.70 10.00 1.00 0.00
0.90 0.70 10.18 1.00 0.00
1.10 0.70 7.21 1.00 0.00
1.10 0.70 7.38 1.00 0.00
1.10 0.70 7.56 1.00 0.00
1.10 0.70 7.73 1.00 0.00
1.10 0.70 7.91 1.00 0.00
1.10 0.70 8.08 1.00 0.00
1.10 0.70 8.26 1.00 0.00
1.10 0.70 8.43 1.00 0.00
1.10 0.70 8.61 1.00 0.00
1.10 0.70 8.78 1.00 0.00
1.10 0.70 8.95 1.00 0.00
1.10 0.70 9.13 1.00 0.00
1.10 0.70 9.30 1.00 0.00
1.10 0.70 9.48 1.00 0.00
1.10 0.70 9.65 1.00 0.00
1.10 0.70 9.83 1.00 0.00
1.10 0.70 10.00 1.00 0.00
1.10 0.70 10.18 1.00 0.00
0.30 0.87 7.21 1.00 0.00
0.30 0.87 7.38 1.00 0.00
0.30 0.87 7.56 1.00 0.00
0.30 0.87 7.73 1.00 0.00
0.30 0.87 7.90 1.00 0.00
0.30 0.87 8.08 1.00 0.00
0.30 0.87 8.25 1.00 0.00
0.30 0.87 8.43 1.00 0.00
0.30 0.87 8.60 1.00 0.00
0.30 0.87 8.78 1.00 0.00
0.30 0.87 8.95 1.00 0.00
0.30 0.87 9.13 1.00 0.00
0.30 0.87 9.30 1.00 0.00
0.30 0.87 9.48 1.00 0.00
0.30 0.87 9.65 1.00 0.00
0.30 0.87 9.82 1.00 0.00
0.30 0.87 10.00 1.00 0.00
0.30 0.87 10.17 1.00 0.00
0.50 0.87 7.19 1.00 0.00
0.50 0.87 7.37 1.00 0.00
0.50 0.87 7.54 1.00 0.00
0.50 0.87 7.72 1.00 0.00
0.50 0.87 7.89 1.00 0.00
0.50 0.87 8.06 1.00 0.00
0.50 0.87 8.24 1.00 0.00
0.50 0.87 8.41 1.00 0.00
0.50 0.87 8.59 1.00 0.00
0.50 0.87 8.76 1.00 0.00
0.50 0.87 8.94 1.00 0.00
0.50 0.87 9.11 1.00 0.00
0.50 0.87 9.29 1.00 0.00
0.50 0.87 9.46 1.00 0.00
0.50 0.87 9.64 1.00 0.00
0.50 0.87 9.81 1.00 0.00
0.50 0.87 9.98 1.00 0.00
0.50 0.87 10.16 1.00 0.00
0.70 0.87 7.18 1.00 0.00
0.70 0.87 7.35 1.00 0.00
0.70 0.87 7.53 1.00 0.00
0.70 0.87 7.70 1.00 0.00
0.70 0.87 7.88 1.00 0.00
0.70 0.87 8.05 1.00 0.00
0.70 0.87 8.23 1.00 0.00
0.70 0.87 8.40 1.00 0.00
0.70 0.87 8.58 1.00 0.00
0.70 0.87 8.75 1.00 0.00
0.70 0.87 8.92 1.00 0.00
0.70 0.87 9.10 1.00 0.00
0.70 0.87 9.27 1.00 0.00
0.70 0.87 9.45 1.00 0.00
0.70 0.87 9.62 1.00 0.00
0.70 0.87 9.80 1.00 0.00
0.70 0.87 9.97 1.00 0.00
0.70 0.87 10.15 1.00 0.00
0.90 0.87 7.17 1.00 0.00
0.90 0.87 7.34 1.00 0.00
0.90 0.87 7.52 1.00 0.00
0.90 0.87 7.69 1.00 0.00
0.90 0.87 7.87 1.00 0.00
0.90 0.87 8.04 1.00 0.00
0.90 0.87 8.22 1.00 0.00
0.90 0.87 8.39 1.00 0.00
0.90 0.87 8.56 1.00 0.00
0.90 0.87 8.74 1.00 0.00
0.90 0.87 8.91 1.00 0.00
0.90 0.87 9.09 1.00 0.00
0.90 0.87 9.26 1.00 0.00
0.90 0.87 9.44 1.00 0.00
0.90 0.87 9.61 1.00 0.00
0.90 0.87 9.79 1.00 0.00
0.90 0.87 9.96 1.00 0.00
0.90 0.87 10.14 1.00 0.00
1.10 0.87 7.16 1.00 0.00
1.10 0.87 7.33 1.00 0.00
1.10 0.87 7.51 1.00 0.00
1.10 0.87 7.68 1.00 0.00
1.10 0.87 7.86 1.00 0.00
1.10 0.87 8.03 1.00 0.00
1.10 0.87 8.21 1.00 0.00
1.10 0.87 8.38 1.00 0.00
1.10 0.87 8.55 1.00 0.00
1.10 0.87 8.73 1.00 0.00
1.10 0.87 8.90 1.00 0.00
1.10 0.87 9.08 1.00 0.00
1.10 0.87 9.25 1.00 0.00
1.10 0.87 9.43 1.00 0.00
1.10 0.87 9.60 1.00 0.00
1.10 0.87 9.78 1.00 0.00
1.10 0.87 9.95 1.00 0.00
1.10 0.87 10.13 1.00 0.00
0.30 1.05 7.19 1.00 0.00
0.30 1.05 7.36 1.00 0.00
0.30 1.05 7.54 1.00 0.00
0.30 1.05 7.71 1.00 0.00
0.30 1.05 7.89 1.00 0.00
0.30 1.05 8.06 1.00 0.00
0.30 1.05 8.24 1.00 0.00
0.30 1.05 8.41 1.00 0.00
0.30 1.05 8.59 1.00 0.00
0.30 1.05 8.76 1.00 0.00
0.30 1.05 8.93 1.00 0.00
0.30 1.05 9.11 1.00 0.00
0.30 1.05 9.28 1.00 0.00
0.30 1.05 9.46 1.00 0.00
0.30 1.05 9.63 1.00 0.00
0.30 1.05 9.81 1.00 0.00
0.30 1.05 9.98 1.00 0.00
0.30 1.05 10.16 1.00 0.00
0.50 1.05 7.17 1.00 0.00
0.50 1.05 7.34 1.00 0.00
0.50 1.05 7.51 1.00 0.00
0.50 1.05 7.69 1.00 0.00
0.50 1.05 7.86 1.00 0.00
0.50 1.05 8.04 1.00 0.00
0.50 1.05 8.21 1.00 0.00
0.50 1.05 8.39 1.00 0.00
0.50 1.05 8.56 1.00 0.00
0.50 1.05 8.74 1.00 0.00
0.50 1.05 8.91 1.00 0.00
0.50 1.05 9.09 1.00 0.00
0.50 1.05 9.26 1.00 0.00
0.50 1.05 9.43 1.00 0.00
0.50 1.05 9.61 1.00 0.00
0.50 1.05 9.78 1.00 0.00
0.50 1.05 9.96 1.00 0.00
0.50 1.05 10.13 1.00 0.00
0.70 1.05 7.14 1.00 0.00
0.70 1.05 7.32 1.00 0.00
0.70 1.05 7.49 1.00 0.00
0.70 1.05 7.67 1.00 0.00
0.70 1.05 7.84 1.00 0.00
0.70 1.05 8.02 1.00 0.00
0.70 1.05 8.19 1.00 0.00
0.70 1.05 8.37 1.00 0.00
0.70 1.05 8.54 1.00 0.00
0.70 1.05 8.72 1.00 0.00
0.70 1.05 8.89 1.00 0.00
0.70 1.05 9.06 1.00 0.00
0.70 1.05 9.24 1.00 0.00
0.70 1.05 9.41 1.00 0.00
0.70 1.05 9.59 1.00 0.00
0.70 1.05 9.76 1.00 0.00
0.70 1.05 9.94 1.00 0.00
0.70 1.05 10.11 1.00 0.00
0.90 1.05 7.13 1.00 0.00
0.90 1.05 7.30 1.00 0.00
0.90 1.05 7.47 1.00 0.00
0.90 1.05 7.65 1.00 0.00
0.90 1.05 7.82 1.00 0.00
0.90 1.05 8.00 1.00 0.00
0.90 1.05 8.17 1.00 0.00
0.90 1.05 8.35 1.00 0.00
0.90 1.05 8.52 1.00 0.00
0.90 1.05 8.70 1.00 0.00
0.90 1.05 8.87 1.00 0.00
0.90 1.05 9.05 1.00 0.00
0.90 1.05 9.22 1.00 0.00
0.90 1.05 9.39 1.00 0.00
0.90 1.05 9.57 1.00 0.00
0.90 1.05 9.74 1.00 0.00
0.90 1.05 9.92 1.00 0.00
0.90 1.05 10.09 1.00 0.00
1.10 1.05 7.11 1.00 0.00
1.10 1.05 7.28 1.00 0.00
1.10 1.05 7.46 1.00 0.00
1.10 1.05 7.63 1.00 0.00
1.10 1.05 7.81 1.00 0.00
1.10 1.05 7.98 1.00 0.00
1.10 1.05 8.16 1.00 0.00
1.10 1.05 8.33 1.00 0.00
1.10 1.05 8.51 1.00 0.00
1.10 1.05 8.68 1.00 0.00
1.10 1.05 8.85 1.00 0.00
1.10 1.05 9.03 1.00 0.00
1.10 1.05 9.20 1.00 0.00
1.10 1.05 9.38 1.00 0.00
1.10 1.05 9.55 1.00 0.00
1.10 1.05 9.73 1.00 0.00
1.10 1.05 9.90 1.00 0.00
1.10 1.05 10.08 1.00 0.00
0.30 1.22 7.17 1.00 0.00
0.30 1.22 7.35 1.00 0.00
0.30 1.22 7.52 1.00 0.00
0.30 1.22 7.70 1.00 0.00
0.30 1.22 7.87 1.00 0.00
0.30 1.22 8.05 1.00 0.00
0.30 1.22 8.22 1.00 0.00
0.30 1.22 8.40 1.00 0.00
0.30 1.22 8.57 1.00 0.00
0.30 1.22 8.74 1.00 0.00
0.30 1.22 8.92 1.00 0.00
0.30 1.22 9.09 1.00 0.00
0.30 1.22 9.27 1.00 0.00
0.30 1.22 9.44 1.00 0.00
0.30 1.22 9.62 1.00 0.00
0.30 1.22 9.79 1.00 0.00
0.30 1.22 9.97 1.00 0.00
0.30 1.22 10.14 1.00 0.00
0.50 1.22 7.14 1.00 0.00
0.50 1.22 7.31 1.00 0.00
0.50 1.22 7.49 1.00 0.00
0.50 1.22 7.66 1.00 0.00
0.50 1.22 7.84 1.00 0.00
0.50 1.22 8.01 1.00 0.00
0.50 1.22 8.19 1.00 0.00
0.50 1.22 8.36 1.00 0.00
0.50 1.22 8.54 1.00 0.00
0.50 1.22 8.71 1.00 0.00
0.50 1.22 8.89 1.00 0.00
0.50 1.22 9.06 1.00 0.00
0.50 1.22 9.23 1.00 0.00
0.50 1.22 9.41 1.00 0.00
0.50 1.22 9.58 1.00 0.00
0.50 1.22 9.76 1.00 0.00
0.50 1.22 9.93 1.00 0.00
0.50 1.22 10.11 1.00 0.00
0.70 1.22 7.11 1.00 0.00
0.70 1.22 7.29 1.00 0.00
0.70 1.22 7.46 1.00 0.00
0.70 1.22 7.63 1.00 0.00
0.70 1.22 7.81 1.00 0.00
0.70 1.22 7.98 1.00 0.00
0.70 1.22 8.16 1.00 0.00
0.70 1.22 8.33 1.00 0.00
0.70 1.22 8.51 1.00 0.00
0.70 1.22 8.68 1.00 0.00
0.70 1.22 8.86 1.00 0.00
0.70 1.22 9.03 1.00 0.00
0.70 1.22 9.21 1.00 0.00
0.70 1.22 9.38 1.00 0.00
0.70 1.22 9.55 1.00 0.00
0.70 1.22 9.73 1.00 0.00
0.70 1.22 9.90 1.00 0.00
0.70 1.22 10.08 1.00 0.00
0.90 1.22 7.08 1.00 0.00
0.90 1.22 7.26 1.00 0.00
0.90 1.22 7.43 1.00 0.00
0.90 1.22 7.61 1.00 0.00
0.90 1.22 7.78 1.00 0.00
0.90 1.22 7.96 1.00 0.00
0.90 1.22 8.13 1.00 0.00
0.90 1.22 8.31 1.00 0.00
0.90 1.22 8.48 1.00 0.00
0.90 1.22 8.65 1.00 0.00
0.90 1.22 8.83 1.00 0.00
0.90 1.22 9.00 1.00 0.00
0.90 1.22 9.18 1.00 0.00
0.90 1.22 9.35 1.00 0.00
0.90 1.22 9.53 1.00 0.00
0.90 1.22 9.70 1.00 0.00
0.90 1.22 9.88 1.00 0.00
0.90 1.22 10.05 1.00 0.00
1.10 1.22 7.06 1.00 0.00
1.10 1.22 7.23 1.00 0.00
1.10 1.22 7.41 1.00 0.00
1.10 1.22 7.58 1.00 0.00
1.10 1.22 7.76 1.00 0.00
1.10 1.22 7.93 1.00 0.00
1.10 1.22 8.11 1.00 0.00
1.10 1.22 8.28 1.00 0.00
1.10 1.22 8.46 1.00 0.00
1.10 1.22 8.63 1.00 0.00
1.10 1.22 8.81 1.00 0.00
1.10 1.22 8.98 1.00 0.00
1.10 1.22 9.15 1.00 0.00
1.10 1.22 9.33 1.00 0.00
1.10 1.22 9.50 1.00 0.00
1.10 1.22 9.68 1.00 0.00
1.10 1.22 9.85 1.00 0.00
1.10 1.22 10.03 1.00 0.00
0.30 1.40 7.16 1.00 0.00
0.30 1.40 7.33 1.00 0.00
0.30 1.40 7.51 1.00 0.00
0.30 1.40 7.68 1.00 0.00
0.30 1.40 7.86 1.00 0.00
0.30 1.40 8.03 1.00 0.00
0.30 1.40 8.21 1.00 0.00
0.30 1.40 8.38 1.00 0.00
0.30 1.40 8.56 1.00 0.00
0.30 1.40 8.73 1.00 0.00
0.30 1.40 8.90 1.00 0.00
0.30 1.40 9.08 1.00 0.00
0.30 1.40 9.25 1.00 0.00
0.30 1.40 9.43 1.00 0.00
0.30 1.40 9.60 1.00 0.00
0.30 1.40 9.78 1.00 0.00
0.30 1.40 9.95 1.00 0.00
0.30 1.40 10.13 1.00 0.00
0.50 1.40 7.12 1.00 0.00
0.50 1.40 7.29 1.00 0.00
0.50 1.40 7.47 1.00 0.00
0.50 1.40 7.64 1.00 0.00
0.50 1.40 7.81 1.00 0.00
0.50 1.40 7.99 1.00 0.00
0.50 1.40 8.16 1.00 0.00
0.50 1.40 8.34 1.00 0.00
0.50 1.40 8.51 1.00 0.00
0.50 1.40 8.69 1.00 0.00
0.50 1.40 8.86 1.00 0.00
0.50 1.40 9.04 1.00 0.00
0.50 1.40 9.21 1.00 0.00
0.50 1.40 9.39 1.00 0.00
0.50 1.40 9.56 1.00 0.00
0.50 1.40 9.73 1.00 0.00
0.50 1.40 9.91 1.00 0.00
0.50 1.40 10.08 1.00 0.00
0.70 1.40 7.08 1.00 0.00
0.70 1.40 7.25 1.00 0.00
0.70 1.40 7.43 1.00 0.00
0.70 1.40 7.60 1.00 0.00
0.70 1.40 7.78 1.00 0.00
0.70 1.40 7.95 1.00 0.00
0.70 1.40 8.13 1.00 0.00
0.70 1.40 8.30 1.00 0.00
0.70 1.40 8.47 1.00 0.00
0.70 1.40 8.65 1.00 0.00
0.70 1.40 8.82 1.00 0.00
0.70 1.40 9.00 1.00 0.00
0.70 1.40 9.17 1.00 0.00
0.70 1.40 9.35 1.00 0.00
0.70 1.40 9.52 1.00 0.00
0.70 1.40 9.70 1.00 0.00
0.70 1.40 9.87 1.00 0.00
0.70 1.40 10.05 1.00 0.00
0.90 1.40 7.04 1.00 0.00
0.90 1.40 7.22 1.00 0.00
0.90 1.40 7.39 1.00 0.00
0.90 1.40 7.57 1.00 0.00
0.90 1.40 7.74 1.00 0.00
0.90 1.40 7.92 1.00 0.00
0.90 1.40 8.09 1.00 0.00
0.90 1.40 8.27 1.00 0.00
0.90 1.40 8.44 1.00 0.00
0.90 1.40 8.62 1.00 0.00
0.90 1.40 8.79 1.00 0.00
0.90 1.40 8.96 1.00 0.00
0.90 1.40 9.14 1.00 0.00
0.90 1.40 9.31 1.00 0.00
0.90 1.40 9.49 1.00 0.00
0.90 1.40 9.66 1.00 0.00
0.90 1.40 9.84 1.00 0.00
0.90 1.40 10.01 1.00 0.00
1.10 1.40 7.01 1.00 0.00
1.10 1.40 7.19 1.00 0.00
1.10 1.40 7.36 1.00 0.00
1.10 1.40 7.54 1.00 0.00
1.10 1.40 7.71 1.00 0.00
1.10 1.40 7.89 1.00 0.00
1.10 1.40 8.06 1.00 0.00
1.10 1.40 8.23 1.00 0.00
1.10 1.40 8.41 1.00 0.00
1.10 1.40 8.58 1.00 0.00
1.10 1.40 8.76 1.00 0.00
1.10 1.40 8.93 1.00 0.00
1.10 1.40 9.11 1.00 0.00
1.10 1.40 9.28 1.00 0.00
1.10 1.40 9.46 1.00 0.00
1.10 1.40 9.63 1.00 0.00
1.10 1.40 9.81 1.00 0.00
1.10 1.40 9.98 1.00 0.00
0.30 1.57 7.15 1.00 0.00
0.30 1.57 7.32 1.00 0.00
0.30 1.57 7.50 1.00 0.00
0.30 1.57 7.67 1.00 0.00
0.30 1.57 7.84 1.00 0.00
0.30 1.57 8.02 1.00 0.00
0.30 1.57 8.19 1.00 0.00
0.30 1.57 8.37 1.00 0.00
0.30 1.57 8.54 1.00 0.00
0.30 1.57 8.72 1.00 0.00
0.30 1.57 8.89 1.00 0.00
0.30 1.57 9.07 1.00 0.00
0.30 1.57 9.24 1.00 0.00
0.30 1.57 9.41 1.00 0.00
0.30 1.57 9.59 1.00 0.00
0.30 1.57 9.76 1.00 0.00
0.30 1.57 9.94 1.00 0.00
0.30 1.57 10.11 1.00 0.00
0.50 1.57 7.10 1.00 0.00
0.50 1.57 7.27 1.00 0.00
0.50 1.57 7.44 1.00 0.00
0.50 1.57 7.62 1.00 0.00
0.50 1.57 7.79 1.00 0.00
0.50 1.57 7.97 1.00 0.00
0.50 1.57 8.14 1.00 0.00
0.50 1.57 8.32 1.00 0.00
0.50 1.57 8.49 1.00 0.00
0.50 1.57 8.67 1.00 0.00
0.50 1.57 8.84 1.00 0.00
0.50 1.57 9.02 1.00 0.00
0.50 1.57 9.19 1.00 0.00
0.50 1.57 9.36 1.00 0.00
0.50 1.57 9.54 1.00 0.00
0.50 1.57 9.71 1.00 0.00
0.50 1.57 9.89 1.00 0.00
0.50 1.57 10.06 1.00 0.00
0.70 1.57 7.05 1.00 0.00
0.70 1.57 7.22 1.00 0.00
0.70 1.57 7.40 1.00 0.00
0.70 1.57 7.57 1.00 0.00
0.70 1.57 7.75 1.00 0.00
0.70 1.57 7.92 1.00 0.00
0.70 1.57 8.10 1.00 0.00
0.70 1.57 8.27 1.00 0.00
0.70 1.57 8.45 1.00 0.00
0.70 1.57 8.62 1.00 0.00
0.70 1.57 8.79 1.00 0.00
0.70 1.57 8.97 1.00 0.00
0.70 1.57 9.14 1.00 0.00
0.70 1.57 9.32 1.00 0.00
0.70 1.57 9.49 1.00 0.00
0.70 1.57 9.67 1.00 0.00
0.70 1.57 9.84 1.00 0.00
0.70 1.57 10.02 1.00 0.00
0.90 1.57 7.01 1.00 0.00
0.90 1.57 7.18 1.00 0.00
0.90 1.57 7.36 1.00 0.00
0.90 1.57 7.53 1.00 0.00
0.90 1.57 7.71 1.00 0.00
0.90 1.57 7.88 1.00 0.00
0.90 1.57 8.05 1.00 0.00
0.90 1.57 8.23 1.00 0.00
0.90 1.57 8.40 1.00 0.00
0.90 1.57 8.58 1.00 0.00
0.90 1.57 8.75 1.00 0.00
0.90 1.57 8.93 1.00 0.00
0.90 1.57 9.10 1.00 0.00
0.90 1.57 9.28 1.00 0.00
0.90 1.57 9.45 1.00 0.00
0.90 1.57 9.62 1.00 0.00
0.90 1.57 9.80 1.00 0.00
0.90 1.57 9.97 1.00 0.00
1.10 1.57 6.97 1.00 0.00
1.10 1.57 7.14 1.00 0.00
1.10 1.57 7.32 1.00 0.00
1.10 1.57 7.49 1.00 0.00
1.10 1.57 7.67 1.00 0.00
1.10 1.57 7.84 1.00 0.00
1.10 1.57 8.02 1.00 0.00
1.10 1.57 8.19 1.00 0.00
1.10 1.57 8.36 1.00 0.00
1.10 1.57 8.54 1.00 0.00
1.10 1.57 8.71 1.00 0.00
1.10 1.57 8.89 1.00 0.00
1.10 1.57 9.06 1.00 0.00
1.10 1.57 9.24 1.00 0.00
1.10 1.57 9.41 1.00 0.00
1.10 1.57 9.59 1.00 0.00
1.10 1.57 9.76 1.00 0.00
1.10 1.57 9.94 1.00 0.00
0.30 1.75 7.14 1.00 0.00
0.30 1.75 7.31 1.00 0.00
0.30 1.75 7.48 1.00 0.00
0.30 1.75 7.66 1.00 0.00
0.30 1.75 7.83 1.00 0.00
0.30 1.75 8.01 1.00 0.00
0.30 1.75 8.18 1.00 0.00
0.30 1.75 8.36 1.00 0.00
0.30 1.75 8.53 1.00 0.00
0.30 1.75 8.71 1.00 0.00
0.30 1.75 8.88 1.00 0.00
0.30 1.75 9.06 1.00 0.00
0.30 1.75 9.23 1.00 0.00
0.30 1.75 9.40 1.00 0.00
0.30 1.75 9.58 1.00 0.00
0.30 1.75 9.75 1.00 0.00
0.30 1.75 9.93 1.00 0.00
0.30 1.75 10.10 1.00 0.00
0.50 1.75 7.08 1.00 0.00
0.50 1.75 7.25 1.00 0.00
0.50 1.75 7.43 1.00 0.00
0.50 1.75 7.60 1.00 0.00
0.50 1.75 7.78 1.00 0.00
0.50 1.75 7.95 1.00 0.00
0.50 1.75 8.12 1.00 0.00
0.50 1.75 8.30 1.00 0.00
0.50 1.75 8.47 1.00 0.00
0.50 1.75 8.65 1.00 0.00
0.50 1.75 8.82 1.00 0.00
0.50 1.75 9.00 1.00 0.00
0.50 1.75 9.17 1.00 0.00
0.50 1.75 9.35 1.00 0.00
0.50 1.75 9.52 1.00 0.00
0.50 1.75 9.69 1.00 0.00
0.50 1.75 9.87 1.00 0.00
0.50 1.75 10.04 1.00 0.00
0.70 1.75 7.02 1.00 0.00
0.70 1.75 7.20 1.00 0.00
0.70 1.75 7.37 1.00 0.00
0.70 1.75 7.55 1.00 0.00
0.70 1.75 7.72 1.00 0.00
0.70 1.75 7.90 1.00 0.00
0.70 1.75 8.07 1.00 0.00
0.70 1.75 8.24 1.00 0.00
0.70 1.75 8.42 1.00 0.00
0.70 1.75 8.59 1.00 0.00
0.70 1.75 8.77 1.00 0.00
0.70 1.75 8.94 1.00 0.00
0.70 1.75 9.12 1.00 0.00
0.70 1.75 9.29 1.00 0.00
0.70 1.75 9.47 1.00 0.00
0.70 1.75 9.64 1.00 0.00
0.70 1.75 9.82 1.00 0.00
0.70 1.75 9.99 1.00 0.00
0.90 1.75 6.97 1.00 0.00
0.90 1.75 7.15 1.00 0.00
0.90 1.75 7.32 1.00 0.00
0.90 1.75 7.50 1.00 0.00
0.90 1.75 7.67 1.00 0.00
0.90 1.75 7.85 1.00 0.00
0.90 1.75 8.02 1.00 0.00
0.90 1.75 8.19 1.00 0.00
0.90 1.75 8.37 1.00 0.00
0.90 1.75 8.54 1.00 0.00
0.90 1.75 8.72 1.00 0.00
0.90 1.75 8.89 1.00 0.00
0.90 1.75 9.07 1.00 0.00
0.90 1.75 9.24 1.00 0.00
0.90 1.75 9.42 1.00 0.00
0.90 1.75 9.59 1.00 0.00
0.90 1.75 9.77 1.00 0.00
0.90 1.75 9.94 1.00 0.00
1.10 1.75 6.93 1.00 0.00
1.10 1.75 7.10 1.00 0.00
1.10 1.75 7.28 1.00 0.00
1.10 1.75 7.45 1.00 0.00
1.10 1.75 7.63 1.00 0.00
1.10 1.75 7.80 1.00 0.00
1.10 1.75 7.97 1.00 0.00
1.10 1.75 8.15 1.00 0.00
1.10 1.75 8.32 1.00 0.00
1.10 1.75 8.50 1.00 0.00
1.10 1.75 8.67 1.00 0.00
1.10 1.75 8.85 1.00 0.00
1.10 1.75 9.02 1.00 0.00
1.10 1.75 9.20 1.00 0.00
1.10 1.75 9.37 1.00 0.00
1.10 1.75 9.54 1.00 0.00
1.10 1.75 9.72 1.00 0.00
1.10 1.75 9.89 1.00 0.00
0.30 1.92 7.13 1.00 0.00
0.30 1.92 7.30 1.00 0.00
0.30 1.92 7.48 1.00 0.00
0.30 1.92 7.65 1.00 0.00
0.30 1.92 7.83 1.00 0.00
0.30 1.92 8.00 1.00 0.00
0.30 1.92 8.17 1.00 0.00
0.30 1.92 8.35 1.00 0.00
0.30 1.92 8.52 1.00 0.00
0.30 1.92 8.70 1.00 0.00
0.30 1.92 8.87 1.00 0.00
0.30 1.92 9.05 1.00 0.00
0.30 1.92 9.22 1.00 0.00
0.30 1.92 9.40 1.00 0.00
0.30 1.92 9.57 1.00 0.00
0.30 1.92 9.74 1.00 0.00
0.30 1.92 9.92 1.00 0.00
0.30 1.92 10.09 1.00 0.00
0.50 1.92 7.06 1.00 0.00
0.50 1.92 7.24 1.00 0.00
0.50 1.92 7.41 1.00 0.00
0.50 1.92 7.59 1.00 0.00
0.50 1.92 7.76 1.00 0.00
0.50 1.92 7.93 1.00 0.00
0.50 1.92 8.11 1.00 0.00
0.50 1.92 8.28 1.00 0.00
0.50 1.92 8.46 1.00 0.00
0.50 1.92 8.63 1.00 0.00
0.50 1.92 8.81 1.00 0.00
0.50 1.92 8.98 1.00 0.00
0.50 1.92 9.16 1.00 0.00
0.50 1.92 9.33 1.00 0.00
0.50 1.92 9.51 1.00 0.00
0.50 1.92 9.68 1.00 0.00
0.50 1.92 9.85 1.00 0.00
0.50 1.92 10.03 1.00 0.00
0.70 1.92 7.00 1.00 0.00
0.70 1.92 7.18 1.00 0.00
0.70 1.92 7.35 1.00 0.00
0.70 1.92 7.52 1.00 0.00
0.70 1.92 7.70 1.00 0.00
0.70 1.92 7.87 1.00 0.00
0.70 1.92 8.05 1.00 0.00
0.70 1.92 8.22 1.00 0.00
0.70 1.92 8.40 1.00 0.00
0.70 1.92 8.57 1.00 0.00
0.70 1.92 8.75 1.00 0.00
0.70 1.92 8.92 1.00 0.00
0.70 1.92 9.09 1.00 0.00
0.70 1.92 9.27 1.00 0.00
0.70 1.92 9.44 1.00 0.00
0.70 1.92 9.62 1.00 0.00
0.70 1.92 9.79 1.00 0.00
0.70 1.92 9.97 1.00 0.00
0.90 1.92 6.94 1.00 0.00
0.90 1.92 7.12 1.00 0.00
0.90 1.92 7.29 1.00 0.00
0.90 1.92 7.47 1.00 0.00
0.90 1.92 7.64 1.00 0.00
0.90 1.92 7.82 1.00 0.00
0.90 1.92 7.99 1.00 0.00
0.90 1.92 8.16 1.00 0.00
0.90 1.92 8.34 1.00 0.00
0.90 1.92 8.51 1.00 0.00
0.90 1.92 8.69 1.00 0.00
0.90 1.92 8.86 1.00 0.00
0.90 1.92 9.04 1.00 0.00
0.90 1.92 9.21 1.00 0.00
0.90 1.92 9.39 1.00 0.00
0.90 1.92 9.56 1.00 0.00
0.90 1.92 9.74 1.00 0.00
0.90 1.92 9.91 1.00 0.00
1.10 1.92 6.89 1.00 0.00
1.10 1.92 7.06 1.00 0.00
1.10 1.92 7.24 1.00 0.00
1.10 1.92 7.41 1.00 0.00
1.10 1.92 7.59 1.00 0.00
1.10 1.92 7.76 1.00 0.00
1.10 1.92 7.94 1.00 0.00
1.10 1.92 8.11 1.00 0.00
1.10 1.92 8.29 1.00 0.00
1.10 1.92 8.46 1.00 0.00
1.10 1.92 8.63 1.00 0.00
1.10 1.92 8.81 1.00 0.00
1.10 1.92 8.98 1.00 0.00
1.10 1.92 9.16 1.00 0.00
1.10 1.92 9.33 1.00 0.00
1.10 1.92 9.51 1.00 0.00
1.10 1.92 9.68 1.00 0.00
1.10 1.92 9.86 1.00 0.00
0.30 2.09 7.12 1.00 0.00
0.30 2.09 7.30 1.00 0.00
0.30 2.09 7.47 1.00 0.00
0.30 2.09 7.65 1.00 0.00
0.30 2.09 7.82 1.00 0.00
0.30 2.09 7.99 1.00 0.00
0.30 2.09 8.17 1.00 0.00
0.30 2.09 8.34 1.00 0.00
0.30 2.09 8.52 1.00 0.00
0.30 2.09 8.69 1.00 0.00
0.30 2.09 8.87 1.00 0.00
0.30 2.09 9.04 1.00 0.00
0.30 2.09 9.22 1.00 0.00
0.30 2.09 9.39 1.00 0.00
0.30 2.09 9.56 1.00 0.00
0.30 2.09 9.74 1.00 0.00
0.30 2.09 9.91 1.00 0.00
0.30 2.09 10.09 1.00 0.00
0.50 2.09 7.05 1.00 0.00
0.50 2.09 7.23 1.00 0.00
0.50 2.09 7.40 1.00 0.00
0.50 2.09 7.57 1.00 0.00
0.50 2.09 7.75 1.00 0.00
0.50 2.09 7.92 1.00 0.00
0.50 2.09 8.10 1.00 0.00
0.50 2.09 8.27 1.00 0.00
0.50 2.09 8.45 1.00 0.00
0.50 2.09 8.62 1.00 0.00
0.50 2.09 8.80 1.00 0.00
0.50 2.09 8.97 1.00 0.00
0.50 2.09 9.15 1.00 0.00
0.50 2.09 9.32 1.00 0.00
0.50 2.09 9.49 1.00 0.00
0.50 2.09 9.67 1.00 0.00
0.50 2.09 9.84 1.00 0.00
0.50 2.09 10.02 1.00 0.00
0.70 2.09 6.98 1.00 0.00
0.70 2.09 7.16 1.00 0.00
0.70 2.09 7.33 1.00 0.00
0.70 2.09 7.51 1.00 0.00
0.70 2.09 7.68 1.00 0.00
0.70 2.09 7.86 1.00 0.00
0.70 2.09 8.03 1.00 0.00
0.70 2.09 8.20 1.00 0.00
0.70 2.09 8.38 1.00 0.00
0.70 2.09 8.55 1.00 0.00
0.70 2.09 8.73 1.00 0.00
0.70 2.09 8.90 1.00 0.00
0.70 2.09 9.08 1.00 0.00
0.70 2.09 9.25 1.00 0.00
0.70 2.09 9.43 1.00 0.00
0.70 2.09 9.60 1.00 0.00
0.70 2.09 9.78 1.00 0.00
0.70 2.09 9.95 1.00 0.00
0.90 2.09 6.92 1.00 0.00
0.90 2.09 7.09 1.00 0.00
0.90 2.09 7.27 1.00 0.00
0.90 2.09 7.44 1.00 0.00
0.90 2.09 7.62 1.00 0.00
0.90 2.09 7.79 1.00 0.00
0.90 2.09 7.97 1.00 0.00
0.90 2.09 8.14 1.00 0.00
0.90 2.09 8.31 1.00 0.00
0.90 2.09 8.49 1.00 0.00
0.90 2.09 8.66 1.00 0.00
0.90 2.09 8.84 1.00 0.00
0.90 2.09 9.01 1.00 0.00
0.90 2.09 9.19 1.00 0.00
0.90 2.09 9.36 1.00 0.00
0.90 2.09 9.54 1.00 0.00
0.90 2.09 9.71 1.00 0.00
0.90 2.09 9.89 1.00 0.00
1.10 2.09 6.86 1.00 0.00
1.10 2.09 7.03 1.00 0.00
1.10 2.09 7.21 1.00 0.00
1.10 2.09 7.38 1.00 0.00
1.10 2.09 7.56 1.00 0.00
1.10 2.09 7.73 1.00 0.00
1.10 2.09 7.90 1.00 0.00
1.10 2.09 8.08 1.00 0.00
1.10 2.09 8.25 1.00 0.00
1.10 2.09 8.43 1.00 0.00
1.10 2.09 8.60 1.00 0.00
1.10 2.09 8.78 1.00 0.00
1.10 2.09 8.95 1.00 0.00
1.10 2.09 9.13 1.00 0.00
1.10 2.09 9.30 1.00 0.00
1.10 2.09 9.48 1.00 0.00
1.10 2.09 9.65 1.00 0.00
1.10 2.09 9.82 1.00 0.00
0.30 2.27 7.12 1.00 0.00
0.30 2.27 7.29 1.00 0.00
0.30 2.27 7.47 1.00 0.00
0.30 2.27 7.64 1.00 0.00
0.30 2.27 7.82 1.00 0.00
0.30 2.27 7.99 1.00 0.00
0.30 2.27 8.17 1.00 0.00
0.30 2.27 8.34 1.00 0.00
0.30 2.27 8.52 1.00 0.00
0.30 2.27 8.69 1.00 0.00
0.30 2.27 8.86 1.00 0.00
0.30 2.27 9.04 1.00 0.00
0.30 2.27 9.21 1.00 0.00
0.30 2.27 9.39 1.00 0.00
0.30 2.27 9.56 1.00 0.00
0.30 2.27 9.74 1.00 0.00
0.30 2.27 9.91 1.00 0.00
0.30 2.27 10.09 1.00 0.00
0.50 2.27 7.04 1.00 0.00
0.50 2.27 7.22 1.00 0.00
0.50 2.27 7.39 1.00 0.00
0.50 2.27 7.57 1.00 0.00
0.50 2.27 7.74 1.00 0.00
0.50 2.27 7.92 1.00 0.00
0.50 2.27 8.09 1.00 0.00
0.50 2.27 8.27 1.00 0.00
0.50 2.27 8.44 1.00 0.00
0.50 2.27 8.62 1.00 0.00
0.50 2.27 8.79 1.00 0.00
0.50 2.27 8.96 1.00 0.00
0.50 2.27 9.14 1.00 0.00
0.50 2.27 9.31 1.00 0.00
0.50 2.27 9.49 1.00 0.00
0.50 2.27 9.66 1.00 0.00
0.50 2.27 9.84 1.00 0.00
0.50 2.27 10.01 1.00 0.00
0.70 2.27 6.97 1.00 0.00
0.70 2.27 7.15 1.00 0.00
0.70 2.27 7.32 1.00 0.00
0.70 2.27 7.50 1.00 0.00
0.70 2.27 7.67 1.00 0.00
0.70 2.27 7.84 1.00 0.00
0.70 2.27 8.02 1.00 0.00
0.70 2.27 8.19 1.00 0.00
0.70 2.27 8.37 1.00 0.00
0.70 2.27 8.54 1.00 0.00
0.70 2.27 8.72 1.00 0.00
0.70 2.27 8.89 1.00 0.00
0.70 2.27 9.07 1.00 0.00
0.70 2.27 9.24 1.00 0.00
0.70 2.27 9.42 1.00 0.00
0.70 2.27 9.59 1.00 0.00
0.70 2.27 9.76 1.00 0.00
0.70 2.27 9.94 1.00 0.00
0.90 2.27 6.90 1.00 0.00
0.90 2.27 7.07 1.00 0.00
0.90 2.27 7.25 1.00 0.00
0.90 2.27 7.42 1.00 0.00
0.90 2.27 7.60 1.00 0.00
0.90 2.27 7.77 1.00 0.00
0.90 2.27 7.95 1.00 0.00
0.90 2.27 8.12 1.00 0.00
0.90 2.27 8.30 1.00 0.00
0.90 2.27 8.47 1.00 0.00
0.90 2.27 8.65 1.00 0.00
0.90 2.27 8.82 1.00 0.00
0.90 2.27 8.99 1.00 0.00
0.90 2.27 9.17 1.00 0.00
0.90 2.27 9.34 1.00 0.00
0.90 2.27 9.52 1.00 0.00
0.90 2.27 9.69 1.00 0.00
0.90 2.27 9.87 1.00 0.00
1.10 2.27 6.83 1.00 0.00
1.10 2.27 7.01 1.00 0.00
1.10 2.27 7.18 1.00 0.00
1.10 2.27 7.36 1.00 0.00
1.10 2.27 7.53 1.00 0.00
1.10 2.27 7.70 1.00 0.00
1.10 2.27 7.88 1.00 0.00
1.10 2.27 8.05 1.00 0.00
1.10 2.27 8.23 1.00 0.00
1.10 2.27 8.40 1.00 0.00
1.10 2.27 8.58 1.00 0.00
1.10 2.27 8.75 1.00 0.00
1.10 2.27 8.93 1.00 0.00
1.10 2.27 9.10 1.00 0.00
1.10 2.27 9.28 1.00 0.00
1.10 2.27 9.45 1.00 0.00
1.10 2.27 9.62 1.00 0.00
1.10 2.27 9.80 1.00 0.00
0.30 2.44 7.12 1.00 0.00
0.30 2.44 7.29 1.00 0.00
0.30 2.44 7.47 1.00 0.00
0.30 2.44 7.64 1.00 0.00
0.30 2.44 7.82 1.00 0.00
0.30 2.44 7.99 1.00 0.00
0.30 2.44 8.17 1.00 0.00
0.30 2.44 8.34 1.00 0.00
0.30 2.44 8.52 1.00 0.00
0.30 2.44 8.69 1.00 0.00
0.30 2.44 8.87 1.00 0.00
0.30 2.44 9.04 1.00 0.00
0.30 2.44 9.21 1.00 0.00
0.30 2.44 9.39 1.00 0.00
0.30 2.44 9.56 1.00 0.00
0.30 2.44 9.74 1.00 0.00
0.30 2.44 9.91 1.00 0.00
0.30 2.44 10.09 1.00 0.00
0.50 2.44 7.04 1.00 0.00
0.50 2.44 7.22 1.00 0.00
0.50 2.44 7.39 1.00 0.00
0.50 2.44 7.57 1.00 0.00
0.50 2.44 7.74 1.00 0.00
0.50 2.44 7.92 1.00 0.00
0.50 2.44 8.09 1.00 0.00
0.50 2.44 8.27 1.00 0.00
0.50 2.44 8.44 1.00 0.00
0.50 2.44 8.61 1.00 0.00
0.50 2.44 8.79 1.00 0.00
0.50 2.44 8.96 1.00 0.00
0.50 2.44 9.14 1.00 0.00
0.50 2.44 9.31 1.00 0.00
0.50 2.44 9.49 1.00 0.00
0.50 2.44 9.66 1.00 0.00
0.50 2.44 9.84 1.00 0.00
0.50 2.44 10.01 1.00 0.00
0.70 2.44 6.97 1.00 0.00
0.70 2.44 7.14 1.00 0.00
0.70 2.44 7.32 1.00 0.00
0.70 2.44 7.49 1.00 0.00
0.70 2.44 7.67 1.00 0.00
0.70 2.44 7.84 1.00 0.00
0.70 2.44 8.01 1.00 0.00
0.70 2.44 8.19 1.00 0.00
0.70 2.44 8.36 1.00 0.00
0.70 2.44 8.54 1.00 0.00
0.70 2.44 8.71 1.00 0.00
0.70 2.44 8.89 1.00 0.00
0.70 2.44 9.06 1.00 0.00
0.70 2.44 9.24 1.00 0.00
0.70 2.44 9.41 1.00 0.00
0.70 2.44 9.59 1.00 0.00
0.70 2.44 9.76 1.00 0.00
0.70 2.44 9.93 1.00 0.00
0.90 2.44 6.89 1.00 0.00
0.90 2.44 7.06 1.00 0.00
0.90 2.44 7.24 1.00 0.00
0.90 2.44 7.41 1.00 0.00
0.90 2.44 7.59 1.00 0.00
0.90 2.44 7.76 1.00 0.00
0.90 2.44 7.94 1.00 0.00
0.90 2.44 8.11 1.00 0.00
0.90 2.44 8.29 1.00 0.00
0.90 2.44 8.46 1.00 0.00
0.90 2.44 8.64 1.00 0.00
0.90 2.44 8.81 1.00 0.00
0.90 2.44 8.98 1.00 0.00
0.90 2.44 9.16 1.00 0.00
0.90 2.44 9.33 1.00 0.00
0.90 2.44 9.51 1.00 0.00
0.90 2.44 9.68 1.00 0.00
0.90 2.44 9.86 1.00 0.00
1.10 2.44 6.81 1.00 0.00
1.10 2.44 6.99 1.00 0.00
1.10 2.44 7.16 1.00 0.00
1.10 2.44 7.34 1.00 0.00
1.10 2.44 7.51 1.00 0.00
1.10 2.44 7.69 1.00 0.00
1.10 2.44 7.86 1.00 0.00
1.10 2.44 8.04 1.00 0.00
1.10 2.44 8.21 1.00 0.00
1.10 2.44 8.39 1.00 0.00
1.10 2.44 8.56 1.00 0.00
1.10 2.44 8.73 1.00 0.00
1.10 2.44 8.91 1.00 0.00
1.10 2.44 9.08 1.00 0.00
1.10 2.44 9.26 1.00 0.00
1.10 2.44 9.43 1.00 0.00
1.10 2.44 9.61 1.00 0.00
1.10 2.44 9.78 1.00 0.00
0.30 2.62 7.12 1.00 0.00
0.30 2.62 7.30 1.00 0.00
0.30 2.62 7.47 1.00 0.00
0.30 2.62 7.65 1.00 0.00
0.30 2.62 7.82 1.00 0.00
0.30 2.62 8.00 1.00 0.00
0.30 2.62 8.17 1.00 0.00
0.30 2.62 8.35 1.00 0.00
0.30 2.62 8.52 1.00 0.00
0.30 2.62 8.70 1.00 0.00
0.30 2.62 8.87 1.00 0.00
0.30 2.62 9.04 1.00 0.00
0.30 2.62 9.22 1.00 0.00
0.30 2.62 9.39 1.00 0.00
0.30 2.62 9.57 1.00 0.00
0.30 2.62 9.74 1.00 0.00
0.30 2.62 9.92 1.00 0.00
0.30 2.62 10.09 1.00 0.00
0.50 2.62 7.05 1.00 0.00
0.50 2.62 7.22 1.00 0.00
0.50 2.62 7.40 1.00 0.00
0.50 2.62 7.57 1.00 0.00
0.50 2.62 7.75 1.00 0.00
0.50 2.62 7.92 1.00 0.00
0.50 2.62 8.10 1.00 0.00
0.50 2.62 8.27 1.00 0.00
0.50 2.62 8.45 1.00 0.00
0.50 2.62 8.62 1.00 0.00
0.50 2.62 8.79 1.00 0.00
0.50 2.62 8.97 1.00 0.00
0.50 2.62 9.14 1.00 0.00
0.50 2.62 9.32 1.00 0.00
0.50 2.62 9.49 1.00 0.00
0.50 2.62 9.67 1.00 0.00
0.50 2.62 9.84 1.00 0.00
0.50 2.62 10.02 1.00 0.00
0.70 2.62 6.97 1.00 0.00
0.70 2.62 7.15 1.00 0.00
0.70 2.62 7.32 1.00 0.00
0.70 2.62 7.49 1.00 0.00
0.70 2.62 7.67 1.00 0.00
0.70 2.62 7.84 1.00 0.00
0.70 2.62 8.02 1.00 0.00
0.70 2.62 8.19 1.00 0.00
0.70 2.62 8.37 1.00 0.00
0.70 2.62 8.54 1.00 0.00
0.70 2.62 8.72 1.00 0.00
0.70 2.62 8.89 1.00 0.00
0.70 2.62 9.07 1.00 0.00
0.70 2.62 9.24 1.00 0.00
0.70 2.62 9.41 1.00 0.00
0.70 2.62 9.59 1.00 0.00
0.70 2.62 9.76 1.00 0.00
0.70 2.62 9.94 1.00 0.00
0.90 2.62 6.89 1.00 0.00
0.90 2.62 7.06 1.00 0.00
0.90 2.62 7.24 1.00 0.00
0.90 2.62 7.41 1.00 0.00
0.90 2.62 7.59 1.00 0.00
0.90 2.62 7.76 1.00 0.00
0.90 2.62 7.94 1.00 0.00
0.90 2.62 8.11 1.00 0.00
0.90 2.62 8.29 1.00 0.00
0.90 2.62 8.46 1.00 0.00
0.90 2.62 8.64 1.00 0.00
0.90 2.62 8.81 1.00 0.00
0.90 2.62 8.98 1.00 0.00
0.90 2.62 9.16 1.00 0.00
0.90 2.62 9.33 1.00 0.00
0.90 2.62 9.51 1.00 0.00
0.90 2.62 9.68 1.00 0.00
0.90 2.62 9.86 1.00 0.00
1.10 2.62 6.81 1.00 0.00
1.10 2.62 6.98 1.00 0.00
1.10 2.62 7.16 1.00 0.00
1.10 2.62 7.33 1.00 0.00
1.10 2.62 7.51 1.00 0.00
1.10 2.62 7.68 1.00 0.00
1.10 2.62 7.86 1.00 0.00
1.10 2.62 8.03 1.00 0.00
1.10 2.62 8.20 1.00 0.00
1.10 2.62 8.38 1.00 0.00
1.10 2.62 8.55 1.00 0.00
1.10 2.62 8.73 1.00 0.00
1.10 2.62 8.90 1.00 0.00
1.10 2.62 9.08 1.00 0.00
1.10 2.62 9.25 1.00 0.00
1.10 2.62 9.43 1.00 0.00
1.10 2.62 9.60 1.00 0.00
1.10 2.62 9.78 1.00 0.00
0.30 2.79 7.13 1.00 0.00
0.30 2.79 7.31 1.00 0.00
0.30 2.79 7.48 1.00 0.00
0.30 2.79 7.66 1.00 0.00
0.30 2.79 7.83 1.00 0.00
0.30 2.79 8.01 1.00 0.00
0.30 2.79 8.18 1.00 0.00
0.30 2.79 8.35 1.00 0.00
0.30 2.79 8.53 1.00 0.00
0.30 2.79 8.70 1.00 0.00
0.30 2.79 8.88 1.00 0.00
0.30 2.79 9.05 1.00 0.00
0.30 2.79 9.23 1.00 0.00
0.30 2.79 9.40 1.00 0.00
0.30 2.79 9.58 1.00 0.00
0.30 2.79 9.75 1.00 0.00
0.30 2.79 9.93 1.00 0.00
0.30 2.79 10.10 1.00 0.00
0.50 2.79 7.06 1.00 0.00
0.50 2.79 7.24 1.00 0.00
0.50 2.79 7.41 1.00 0.00
0.50 2.79 7.58 1.00 0.00
0.50 2.79 7.76 1.00 0.00
0.50 2.79 7.93 1.00 0.00
0.50 2.79 8.11 1.00 0.00
0.50 2.79 8.28 1.00 0.00
0.50 2.79 8.46 1.00 0.00
0.50 2.79 8.63 1.00 0.00
0.50 2.79 8.81 1.00 0.00
0.50 2.79 8.98 1.00 0.00
0.50 2.79 9.16 1.00 0.00
0.50 2.79 9.33 1.00 0.00
0.50 2.79 9.50 1.00 0.00
0.50 2.79 9.68 1.00 0.00
0.50 2.79 9.85 1.00 0.00
0.50 2.79 10.03 1.00 0.00
0.70 2.79 6.98 1.00 0.00
0.70 2.79 7.16 1.00 0.00
0.70 2.79 7.33 1.00 0.00
0.70 2.79 7.51 1.00 0.00
0.70 2.79 7.68 1.00 0.00
0.70 2.79 7.86 1.00 0.00
0.70 2.79 8.03 1.00 0.00
0.70 2.79 8.21 1.00 0.00
0.70 2.79 8.38 1.00 0.00
0.70 2.79 8.55 1.00 0.00
0.70 2.79 8.73 1.00 0.00
0.70 2.79 8.90 1.00 0.00
0.70 2.79 9.08 1.00 0.00
0.70 2.79 9.25 1.00 0.00
0.70 2.79 9.43 1.00 0.00
0.70 2.79 9.60 1.00 0.00
0.70 2.79 9.78 1.00 0.00
0.70 2.79 9.95 1.00 0.00
0.90 2.79 6.90 1.00 0.00
0.90 2.79 7.08 1.00 0.00
0.90 2.79 7.25 1.00 0.00
0.90 2.79 7.43 1.00 0.00
0.90 2.79 7.60 1.00 0.00
0.90 2.79 7.77 1.00 0.00
0.90 2.79 7.95 1.00 0.00
0.90 2.79 8.12 1.00 0.00
0.90 2.79 8.30 1.00 0.00
0.90 2.79 8.47 1.00 0.00
0.90 2.79 8.65 1.00 0.00
0.90 2.79 8.82 1.00 0.00
0.90 2.79 9.00 1.00 0.00
0.90 2.79 9.17 1.00 0.00
0.90 2.79 9.35 1.00 0.00
0.90 2.79 9.52 1.00 0.00
0.90 2.79 9.69 1.00 0.00
0.90 2.79 9.87 1.00 0.00
1.10 2.79 6.82 1.00 0.00
1.10 2.79 6.99 1.00 0.00
1.10 2.79 7.17 1.00 0.00
1.10 2.79 7.34 1.00 0.00
1.10 2.79 7.51 1.00 0.00
1.10 2.79 7.69 1.00 0.00
1.10 2.79 7.86 1.00 0.00
1.10 2.79 8.04 1.00 0.00
1.10 2.79 8.21 1.00 0.00
1.10 2.79 8.39 1.00 0.00
1.10 2.79 8.56 1.00 0.00
1.10 2.79 8.74 1.00 0.00
1.10 2.79 8.91 1.00 0.00
1.10 2.79 9.08 1.00 0.00
1.10 2.79 9.26 1.00 0.00
1.10 2.79 9.43 1.00 0.00
1.10 2.79 9.61 1.00 0.00
1.10 2.79 9.78 1.00 0.00
0.30 2.97 7.14 1.00 0.00
0.30 2.97 7.32 1.00 0.00
0.30 2.97 7.49 1.00 0.00
0.30 2.97 7.67 1.00 0.00
0.30 2.97 7.84 1.00 0.00
0.30 2.97 8.02 1.00 0.00
0.30 2.97 8.19 1.00 0.00
0.30 2.97 8.37 1.00 0.00
0.30 2.97 8.54 1.00 0.00
0.30 2.97 8.72 1.00 0.00
0.30 2.97 8.89 1.00 0.00
0.30 2.97 9.06 1.00 0.00
0.30 2.97 9.24 1.00 0.00
0.30 2.97 9.41 1.00 0.00
0.30 2.97 9.59 1.00 0.00
0.30 2.97 9.76 1.00 0.00
0.30 2.97 9.94 1.00 0.00
0.30 2.97 10.11 1.00 0.00
0.50 2.97 7.08 1.00 0.00
0.50 2.97 7.25 1.00 0.00
0.50 2.97 7.43 1.00 0.00
0.50 2.97 7.60 1.00 0.00
0.50 2.97 7.78 1.00 0.00
0.50 2.97 7.95 1.00 0.00
0.50 2.97 8.13 1.00 0.00
0.50 2.97 8.30 1.00 0.00
0.50 2.97 8.48 1.00 0.00
0.50 2.97 8.65 1.00 0.00
0.50 2.97 8.82 1.00 0.00
0.50 2.97 9.00 1.00 0.00
0.50 2.97 9.17 1.00 0.00
0.50 2.97 9.35 1.00 0.00
0.50 2.97 9.52 1.00 0.00
0.50 2.97 9.70 1.00 0.00
0.50 2.97 9.87 1.00 0.00
0.50 2.97 10.05 1.00 0.00
0.70 2.97 7.01 1.00 0.00
0.70 2.97 7.18 1.00 0.00
0.70 2.97 7.36 1.00 0.00
0.70 2.97 7.53 1.00 0.00
0.70 2.97 7.70 1.00 0.00
0.70 2.97 7.88 1.00 0.00
0.70 2.97 8.05 1.00 0.00
0.70 2.97 8.23 1.00 0.00
0.70 2.97 8.40 1.00 0.00
0.70 2.97 8.58 1.00 0.00
0.70 2.97 8.75 1.00 0.00
0.70 2.97 8.93 1.00 0.00
0.70 2.97 9.10 1.00 0.00
0.70 2.97 9.28 1.00 0.00
0.70 2.97 9.45 1.00 0.00
0.70 2.97 9.62 1.00 0.00
0.70 2.97 9.80 1.00 0.00
0.70 2.97 9.97 1.00 0.00
0.90 2.97 6.93 1.00 0.00
0.90 2.97 7.10 1.00 0.00
0.90 2.97 7.28 1.00 0.00
0.90 2.97 7.45 1.00 0.00
0.90 2.97 7.63 1.00 0.00
0.90 2.97 7.80 1.00 0.00
0.90 2.97 7.97 1.00 0.00
0.90 2.97 8.15 1.00 0.00
0.90 2.97 8.32 1.00 0.00
0.90 2.97 8.50 1.00 0.00
0.90 2.97 8.67 1.00 0.00
0.90 2.97 8.85 1.00 0.00
0.90 2.97 9.02 1.00 0.00
0.90 2.97 9.20 1.00 0.00
0.90 2.97 9.37 1.00 0.00
0.90 2.97 9.55 1.00 0.00
0.90 2.97 9.72 1.00 0.00
0.90 2.97 9.89 1.00 0.00
1.10 2.97 6.84 1.00 0.00
1.10 2.97 7.02 1.00 0.00
1.10 2.97 7.19 1.00 0.00
1.10 2.97 7.36 1.00 0.00
1.10 2.97 7.54 1.00 0.00
1.10 2.97 7.71 1.00 0.00
1.10 2.97 7.89 1.00 0.00
1.10 2.97 8.06 1.00 0.00
1.10 2.97 8.24 1.00 0.00
1.10 2.97 8.41 1.00 0.00
1.10 2.97 8.59 1.00 0.00
1.10 2.97 8.76 1.00 0.00
1.10 2.97 8.94 1.00 0.00
1.10 2.97 9.11 1.00 0.00
1.10 2.97 9.28 1.00 0.00
1.10 2.97 9.46 1.00 0.00
1.10 2.97 9.63 1.00 0.00
1.10 2.97 9.81 1.00 0.00
0.30 3.14 7.16 1.00 0.00
0.30 3.14 7.33 1.00 0.00
0.30 3.14 7.51 1.00 0.00
0.30 3.14 7.68 1.00 0.00
0.30 3.14 7.86 1.00 0.00
0.30 3.14 8.03 1.00 0.00
0.30 3.14 8.21 1.00 0.00
0.30 3.14 8.38 1.00 0.00
0.30 3.14 8.56 1.00 0.00
0.30 3.14 8.73 1.00 0.00
0.30 3.14 8.90 1.00 0.00
0.30 3.14 9.08 1.00 0.00
0.30 3.14 9.25 1.00 0.00
0.30 3.14 9.43 1.00 0.00
0.30 3.14 9.60 1.00 0.00
0.30 3.14 9.78 1.00 0.00
0.30 3.14 9.95 1.00 0.00
0.30 3.14 10.13 1.00 0.00
0.50 3.14 7.10 1.00 0.00
0.50 3.14 7.28 1.00 0.00
0.50 3.14 7.45 1.00 0.00
0.50 3.14 7.63 1.00 0.00
0.50 3.14 7.80 1.00 0.00
0.50 3.14 7.98 1.00 0.00
0.50 3.14 8.15 1.00 0.00
0.50 3.14 8.33 1.00 0.00
0.50 3.14 8.50 1.00 0.00
0.50 3.14 8.67 1.00 0.00
0.50 3.14 8.85 1.00 0.00
0.50 3.14 9.02 1.00 0.00
0.50 3.14 9.20 1.00 0.00
0.50 3.14 9.37 1.00 0.00
0.50 3.14 9.55 1.00 0.00
0.50 3.14 9.72 1.00 0.00
0.50 3.14 9.90 1.00 0.00
0.50 3.14 10.07 1.00 0.00
0.70 3.14 7.04 1.00 0.00
0.70 3.14 7.21 1.00 0.00
0.70 3.14 7.39 1.00 0.00
0.70 3.14 7.56 1.00 0.00
0.70 3.14 7.74 1.00 0.00
0.70 3.14 7.91 1.00 0.00
0.70 3.14 8.09 1.00 0.00
0.70 3.14 8.26 1.00 0.00
0.70 3.14 8.44 1.00 0.00
0.70 3.14 8.61 1.00 0.00
0.70 3.14 8.79 1.00 0.00
0.70 3.14 8.96 1.00 0.00
0.70 3.14 9.13 1.00 0.00
0.70 3.14 9.31 1.00 0.00
0.70 3.14 9.48 1.00 0.00
0.70 3.14 9.66 1.00 0.00
0.70 3.14 9.83 1.00 0.00
0.70 3.14 10.01 1.00 0.00
0.90 3.14 6.97 1.00 0.00
0.90 3.14 7.14 1.00 0.00
0.90 3.14 7.32 1.00 0.00
0.90 3.14 7.49 1.00 0.00
0.90 3.14 7.67 1.00 0.00
0.90 3.14 7.84 1.00 0.00
0.90 3.14 8.02 1.00 0.00
0.90 3.14 8.19 1.00 0.00
0.90 3.14 8.36 1.00 0.00
0.90 3.14 8.54 1.00 0.00
0.90 3.14 8.71 1.00 0.00
0.90 3.14 8.89 1.00 0.00
0.90 3.14 9.06 1.00 0.00
0.90 3.14 9.24 1.00 0.00
0.90 3.14 9.41 1.00 0.00
0.90 3.14 9.59 1.00 0.00
0.90 3.14 9.76 1.00 0.00
0.90 3.14 9.94 1.00 0.00
1.10 3.14 6.89 1.00 0.00
1.10 3.14 7.06 1.00 0.00
1.10 3.14 7.24 1.00 0.00
1.10 3.14 7.41 1.00 0.00
1.10 3.14 7.58 1.00 0.00
1.10 3.14 7.76 1.00 0.00
1.10 3.14 7.93 1.00 0.00
1.10 3.14 8.11 1.00 0.00
1.10 3.14 8.28 1.00 0.00
1.10 3.14 8.46 1.00 0.00
1.10 3.14 8.63 1.00 0.00
1.10 3.14 8.81 1.00 0.00
1.10 3.14 8.98 1.00 0.00
1.10 3.14 9.16 1.00 0.00
1.10 3.14 9.33 1.00 0.00
1.10 3.14 9.50 1.00 0.00
1.10 3.14 9.68 1.00 0.00
1.10 3.14 9.85 1.00 0.00
0.30 3.32 7.18 1.00 0.00
0.30 3.32 7.35 1.00 0.00
0.30 3.32 7.53 1.00 0.00
0.30 3.32 7.70 1.00 0.00
0.30 3.32 7.88 1.00 0.00
0.30 3.32 8.05 1.00 0.00
0.30 3.32 8.22 1.00 0.00
0.30 3.32 8.40 1.00 0.00
0.30 3.32 8.57 1.00 0.00
0.30 3.32 8.75 1.00 0.00
0.30 3.32 8.92 1.00 0.00
0.30 3.32 9.10 1.00 0.00
0.30 3.32 9.27 1.00 0.00
0.30 3.32 9.45 1.00 0.00
0.30 3.32 9.62 1.00 0.00
0.30 3.32 9.80 1.00 0.00
0.30 3.32 9.97 1.00 0.00
0.30 3.32 10.14 1.00 0.00
0.50 3.32 7.13 1.00 0.00
0.50 3.32 7.31 1.00 0.00
0.50 3.32 7.48 1.00 0.00
0.50 3.32 7.66 1.00 0.00
0.50 3.32 7.83 1.00 0.00
0.50 3.32 8.01 1.00 0.00
0.50 3.32 8.18 1.00 0.00
0.50 3.32 8.36 1.00 0.00
0.50 3.32 8.53 1.00 0.00
0.50 3.32 8.71 1.00 0.00
0.50 3.32 8.88 1.00 0.00
0.50 3.32 9.05 1.00 0.00
0.50 3.32 9.23 1.00 0.00
0.50 3.32 9.40 1.00 0.00
0.50 3.32 9.58 1.00 0.00
0.50 3.32 9.75 1.00 0.00
0.50 3.32 9.93 1.00 0.00
0.50 3.32 10.10 1.00 0.00
0.70 3.32 7.08 1.00 0.00
0.70 3.32 7.26 1.00 0.00
0.70 3.32 7.43 1.00 0.00
0.70 3.32 7.61 1.00 0.00
0.70 3.32 7.78 1.00 0.00
0.70 3.32 7.96 1.00 0.00
0.70 3.32 8.13 1.00 0.00
0.70 3.32 8.31 1.00 0.00
0.70 3.32 8.48 1.00 0.00
0.70 3.32 8.65 1.00 0.00
0.70 3.32 8.83 1.00 0.00
0.70 3.32 9.00 1.00 0.00
0.70 3.32 9.18 1.00 0.00
0.70 3.32 9.35 1.00 0.00
0.70 3.32 9.53 1.00 0.00
0.70 3.32 9.70 1.00 0.00
0.70 3.32 9.88 1.00 0.00
0.70 3.32 10.05 1.00 0.00
0.90 3.32 7.03 1.00 0.00
0.90 3.32 7.20 1.00 0.00
0.90 3.32 7.37 1.00 0.00
0.90 3.32 7.55 1.00 0.00
0.90 3.32 7.72 1.00 0.00
0.90 3.32 7.90 1.00 0.00
0.90 3.32 8.07 1.00 0.00
0.90 3.32 8.25 1.00 0.00
0.90 3.32 8.42 1.00 0.00
0.90 3.32 8.60 1.00 0.00
0.90 3.32 8.77 1.00 0.00
0.90 3.32 8.95 1.00 0.00
0.90 3.32 9.12 1.00 0.00
0.90 3.32 9.29 1.00 0.00
0.90 3.32 9.47 1.00 0.00
0.90 3.32 9.64 1.00 0.00
0.90 3.32 9.82 1.00 0.00
0.90 3.32 9.99 1.00 0.00
1.10 3.32 6.96 1.00 0.00
1.10 3.32 7.13 1.00 0.00
1.10 3.32 7.31 1.00 0.00
1.10 3.32 7.48 1.00 0.00
1.10 3.32 7.65 1.00 0.00
1.10 3.32 7.83 1.00 0.00
1.10 3.32 8.00 1.00 0.00
1.10 3.32 8.18 1.00 0.00
1.10 3.32 8.35 1.00 0.00
1.10 3.32 8.53 1.00 0.00
1.10 3.32 8.70 1.00 0.00
1.10 3.32 8.88 1.00 0.00
1.10 3.32 9.05 1.00 0.00
1.10 3.32 9.23 1.00 0.00
1.10 3.32 9.40 1.00 0.00
1.10 3.32 9.57 1.00 0.00
1.10 3.32 9.75 1.00 0.00
1.10 3.32 9.92 1.00 0.00
0.30 3.49 7.20 1.00 0.00
0.30 3.49 7.37 1.00 0.00
0.30 3.49 7.55 1.00 0.00
0.30 3.49 7.72 1.00 0.00
0.30 3.49 7.90 1.00 0.00
0.30 3.49 8.07 1.00 0.00
0.30 3.49 8.24 1.00 0.00
0.30 3.49 8.42 1.00 0.00
0.30 3.49 8.59 1.00 0.00
0.30 3.49 8.77 1.00 0.00
0.30 3.49 8.94 1.00 0.00
0.30 3.49 9.12 1.00 0.00
0.30 3.49 9.29 1.00 0.00
0.30 3.49 9.47 1.00 0.00
0.30 3.49 9.64 1.00 0.00
0.30 3.49 9.82 1.00 0.00
0.30 3.49 9.99 1.00 0.00
0.30 3.49 10.16 1.00 0.00
0.50 3.49 7.17 1.00 0.00
0.50 3.49 7.34 1.00 0.00
0.50 3.49 7.52 1.00 0.00
0.50 3.49 7.69 1.00 0.00
0.50 3.49 7.87 1.00 0.00
0.50 3.49 8.04 1.00 0.00
0.50 3.49 8.22 1.00 0.00
0.50 3.49 8.39 1.00 0.00
0.50 3.49 8.57 1.00 0.00
0.50 3.49 8.74 1.00 0.00
0.50 3.49 8.92 1.00 0.00
0.50 3.49 9.09 1.00 0.00
0.50 3.49 9.26 1.00 0.00
0.50 3.49 9.44 1.00 0.00
0.50 3.49 9.61 1.00 0.00
0.50 3.49 9.79 1.00 0.00
0.50 3.49 9.96 1.00 0.00
0.50 3.49 10.14 1.00 0.00
0.70 3.49 7.14 1.00 0.00
0.70 3.49 7.31 1.00 0.00
0.70 3.49 7.49 1.00 0.00
0.70 3.49 7.66 1.00 0.00
0.70 3.49 7.84 1.00 0.00
0.70 3.49 8.01 1.00 0.00
0.70 3.49 8.18 1.00 0.00
0.70 3.49 8.36 1.00 0.00
0.70 3.49 8.53 1.00 0.00
0.70 3.49 8.71 1.00 0.00
0.70 3.49 8.88 1.00 0.00
0.70 3.49 9.06 1.00 0.00
0.70 3.49 9.23 1.00 0.00
0.70 3.49 9.41 1.00 0.00
0.70 3.49 9.58 1.00 0.00
0.70 3.49 9.76 1.00 0.00
0.70 3.49 9.93 1.00 0.00
0.70 3.49 10.10 1.00 0.00
0.90 3.49 7.10 1.00 0.00
0.90 3.49 7.27 1.00 0.00
0.90 3.49 7.45 1.00 0.00
0.90 3.49 7.62 1.00 0.00
0.90 3.49 7.80 1.00 0.00
0.90 3.49 7.97 1.00 0.00
0.90 3.49 8.15 1.00 0.00
0.90 3.49 8.32 1.00 0.00
0.90 3.49 8.49 1.00 0.00
0.90 3.49 8.67 1.00 0.00
0.90 3.49 8.84 1.00 0.00
0.90 3.49 9.02 1.00 0.00
0.90 3.49 9.19 1.00 0.00
0.90 3.49 9.37 1.00 0.00
0.90 3.49 9.54 1.00 0.00
0.90 3.49 9.72 1.00 0.00
0.90 3.49 9.89 1.00 0.00
0.90 3.49 10.06 1.00 0.00
1.10 3.49 7.05 1.00 0.00
1.10 3.49 7.22 1.00 0.00
1.10 3.49 7.40 1.00 0.00
1.10 3.49 7.57 1.00 0.00
1.10 3.49 7.75 1.00 0.00
1.10 3.49 7.92 1.00 0.00
1.10 3.49 8.10 1.00 0.00
1.10 3.49 8.27 1.00 0.00
1.10 3.49 8.45 1.00 0.00
1.10 3.49 8.62 1.00 0.00
1.10 3.49 8.80 1.00 0.00
1.10 3.49 8.97 1.00 0.00
1.10 3.49 9.14 1.00 0.00
1.10 3.49 9.32 1.00 0.00
1.10 3.49 9.49 1.00 0.00
1.10 3.49 9.67 1.00 0.00
1.10 3.49 9.84 1.00 0.00
1.10 3.49 10.02 1.00 0.00
0.30 3.67 7.22 1.00 0.00
0.30 3.67 7.39 1.00 0.00
0.30 3.67 7.57 1.00 0.00
0.30 3.67 7.74 1.00 0.00
0.30 3.67 7.92 1.00 0.00
0.30 3.67 8.09 1.00 0.00
0.30 3.67 8.27 1.00 0.00
0.30 3.67 8.44 1.00 0.00
0.30 3.67 8.61 1.00 0.00
0.30 3.67 8.79 1.00 0.00
0.30 3.67 8.96 1.00 0.00
0.30 3.67 9.14 1.00 0.00
0.30 3.67 9.31 1.00 0.00
0.30 3.67 9.49 1.00 0.00
0.30 3.67 9.66 1.00 0.00
0.30 3.67 9.84 1.00 0.00
0.30 3.67 10.01 1.00 0.00
0.30 3.67 10.19 1.00 0.00
0.50 3.67 7.21 1.00 0.00
0.50 3.67 7.38 1.00 0.00
0.50 3.67 7.56 1.00 0.00
0.50 3.67 7.73 1.00 0.00
0.50 3.67 7.91 1.00 0.00
0.50 3.67 8.08 1.00 0.00
0.50 3.67 8.26 1.00 0.00
0.50 3.67 8.43 1.00 0.00
0.50 3.67 8.60 1.00 0.00
0.50 3.67 8.78 1.00 0.00
0.50 3.67 8.95 1.00 0.00
0.50 3.67 9.13 1.00 0.00
0.50 3.67 9.30 1.00 0.00
0.50 3.67 9.48 1.00 0.00
0.50 3.67 9.65 1.00 0.00
0.50 3.67 9.83 1.00 0.00
0.50 3.67 10.00 1.00 0.00
0.50 3.67 10.18 1.00 0.00
0.70 3.67 7.20 1.00 0.00
0.70 3.67 7.37 1.00 0.00
0.70 3.67 7.55 1.00 0.00
0.70 3.67 7.72 1.00 0.00
0.70 3.67 7.89 1.00 0.00
0.70 3.67 8.07 1.00 0.00
0.70 3.67 8.24 1.00 0.00
0.70 3.67 8.42 1.00 0.00
0.70 3.67 8.59 1.00 0.00
0.70 3.67 8.77 1.00 0.00
0.70 3.67 8.94 1.00 0.00
0.70 3.67 9.12 1.00 0.00
0.70 3.67 9.29 1.00 0.00
0.70 3.67 9.47 1.00 0.00
0.70 3.67 9.64 1.00 0.00
0.70 3.67 9.81 1.00 0.00
0.70 3.67 9.99 1.00 0.00
0.70 3.67 10.16 1.00 0.00
0.90 3.67 7.18 1.00 0.00
0.90 3.67 7.36 1.00 0.00
0.90 3.67 7.53 1.00 0.00
0.90 3.67 7.70 1.00 0.00
0.90 3.67 7.88 1.00 0.00
0.90 3.67 8.05 1.00 0.00
0.90 3.67 8.23 1.00 0.00
0.90 3.67 8.40 1.00 0.00
0.90 3.67 8.58 1.00 0.00
0.90 3.67 8.75 1.00 0.00
0.90 3.67 8.93 1.00 0.00
0.90 3.67 9.10 1.00 0.00
0.90 3.67 9.28 1.00 0.00
0.90 3.67 9.45 1.00 0.00
0.90 3.67 9.62 1.00 0.00
0.90 3.67 9.80 1.00 0.00
0.90 3.67 9.97 1.00 0.00
0.90 3.67 10.15 1.00 0.00
1.10 3.67 7.16 1.00 0.00
1.10 3.67 7.34 1.00 0.00
1.10 3.67 7.51 1.00 0.00
1.10 3.67 7.69 1.00 0.00
1.10 3.67 7.86 1.00 0.00
1.10 3.67 8.04 1.00 0.00
1.10 3.67 8.21 1.00 0.00
1.10 3.67 8.38 1.00 0.00
1.10 3.67 8.56 1.00 0.00
1.10 3.67 8.73 1.00 0.00
1.10 3.67 8.91 1.00 0.00
1.10 3.67 9.08 1.00 0.00
1.10 3.67 9.26 1.00 0.00
1.10 3.67 9.43 1.00 0.00
1.10 3.67 9.61 1.00 0.00
1.10 3.67 9.78 1.00 0.00
1.10 3.67 9.96 1.00 0.00
1.10 3.67 10.13 1.00 0.00
0.30 3.84 7.24 1.00 0.00
0.30 3.84 7.42 1.00 0.00
0.30 3.84 7.59 1.00 0.00
0.30 3.84 7.76 1.00 0.00
0.30 3.84 7.94 1.00 0.00
0.30 3.84 8.11 1.00 0.00
0.30 3.84 8.29 1.00 0.00
0.30 3.84 8.46 1.00 0.00
0.30 3.84 8.64 1.00 0.00
0.30 3.84 8.81 1.00 0.00
0.30 3.84 8.99 1.00 0.00
0.30 3.84 9.16 1.00 0.00
0.30 3.84 9.33 1.00 0.00
0.30 3.84 9.51 1.00 0.00
0.30 3.84 9.68 1.00 0.00
0.30 3.84 9.86 1.00 0.00
0.30 3.84 10.03 1.00 0.00
0.30 3.84 10.21 1.00 0.00
0.50 3.84 7.25 1.00 0.00
0.50 3.84 7.42 1.00 0.00
0.50 3.84 7.60 1.00 0.00
0.50 3.84 7.77 1.00 0.00
0.50 3.84 7.95 1.00 0.00
0.50 3.84 8.12 1.00 0.00
0.50 3.84 8.30 1.00 0.00
0.50 3.84 8.47 1.00 0.00
0.50 3.84 8.64 1.00 0.00
0.50 3.84 8.82 1.00 0.00
0.50 3.84 8.99 1.00 0.00
0.50 3.84 9.17 1.00 0.00
0.50 3.84 9.34 1.00 0.00
0.50 3.84 9.52 1.00 0.00
0.50 3.84 9.69 1.00 0.00
0.50 3.84 9.87 1.00 0.00
0.50 3.84 10.04 1.00 0.00
0.50 3.84 10.22 1.00 0.00
0.70 3.84 7.26 1.00 0.00
0.70 3.84 7.43 1.00 0.00
0.70 3.84 7.61 1.00 0.00
0.70 3.84 7.78 1.00 0.00
0.70 3.84 7.96 1.00 0.00
0.70 3.84 8.13 1.00 0.00
0.70 3.84 8.30 1.00 0.00
0.70 3.84 8.48 1.00 0.00
0.70 3.84 8.65 1.00 0.00
0.70 3.84 8.83 1.00 0.00
0.70 3.84 9.00 1.00 0.00
0.70 3.84 9.18 1.00 0.00
0.70 3.84 9.35 1.00 0.00
0.70 3.84 9.53 1.00 0.00
0.70 3.84 9.70 1.00 0.00
0.70 3.84 9.88 1.00 0.00
0.70 3.84 10.05 1.00 0.00
0.70 3.84 10.22 1.00 0.00
0.90 3.84 7.27 1.00 0.00
0.90 3.84 7.44 1.00 0.00
0.90 3.84 7.62 1.00 0.00
0.90 3.84 7.79 1.00 0.00
0.90 3.84 7.97 1.00 0.00
0.90 3.84 8.14 1.00 0.00
0.90 3.84 8.32 1.00 0.00
0.90 3.84 8.49 1.00 0.00
0.90 3.84 8.67 1.00 0.00
0.90 3.84 8.84 1.00 0.00
0.90 3.84 9.01 1.00 0.00
0.90 3.84 9.19 1.00 0.00
0.90 3.84 9.36 1.00 0.00
0.90 3.84 9.54 1.00 0.00
0.90 3.84 9.71 1.00 0.00
0.90 3.84 9.89 1.00 0.00
0.90 3.84 10.06 1.00 0.00
0.90 3.84 10.24 1.00 0.00
1.10 3.84 7.28 1.00 0.00
1.10 3.84 7.46 1.00 0.00
1.10 3.84 7.63 1.00 0.00
1.10 3.84 7.81 1.00 0.00
1.10 3.84 7.98 1.00 0.00
1.10 3.84 8.16 1.00 0.00
1.10 3.84 8.33 1.00 0.00
1.10 3.84 8.50 1.00 0.00
1.10 3.84 8.68 1.00 0.00
1.10 3.84 8.85 1.00 0.00
1.10 3.84 9.03 1.00 0.00
1.10 3.84 9.20 1.00 0.00
1.10 3.84 9.38 1.00 0.00
1.10 3.84 9.55 1.00 0.00
1.10 3.84 9.73 1.00 0.00
1.10 3.84 9.90 1.00 0.00
1.10 3.84 10.08 1.00 0.00
1.10 3.84 10.25 1.00 0.00
0.30 4.01 7.26 1.00 0.00
0.30 4.01 7.44 1.00 0.00
0.30 4.01 7.61 1.00 0.00
0.30 4.01 7.79 1.00 0.00
0.30 4.01 7.96 1.00 0.00
0.30 4.01 8.13 1.00 0.00
0.30 4.01 8.31 1.00 0.00
0.30 4.01 8.48 1.00 0.00
0.30 4.01 8.66 1.00 0.00
0.30 4.01 8.83 1.00 0.00
0.30 4.01 9.01 1.00 0.00
0.30 4.01 9.18 1.00 0.00
0.30 4.01 9.36 1.00 0.00
0.30 4.01 9.53 1.00 0.00
0.30 4.01 9.71 1.00 0.00
0.30 4.01 9.88 1.00 0.00
0.30 4.01 10.05 1.00 0.00
0.30 4.01 10.23 1.00 0.00
0.50 4.01 7.29 1.00 0.00
0.50 4.01 7.46 1.00 0.00
0.50 4.01 7.64 1.00 0.00
0.50 4.01 7.81 1.00 0.00
0.50 4.01 7.99 1.00 0.00
0.50 4.01 8.16 1.00 0.00
0.50 4.01 8.33 1.00 0.00
0.50 4.01 8.51 1.00 0.00
0.50 4.01 8.68 1.00 0.00
0.50 4.01 8.86 1.00 0.00
0.50 4.01 9.03 1.00 0.00
0.50 4.01 9.21 1.00 0.00
0.50 4.01 9.38 1.00 0.00
0.50 4.01 9.56 1.00 0.00
0.50 4.01 9.73 1.00 0.00
0.50 4.01 9.91 1.00 0.00
0.50 4.01 10.08 1.00 0.00
0.50 4.01 10.25 1.00 0.00
0.70 4.01 7.32 1.00 0.00
0.70 4.01 7.49 1.00 0.00
0.70 4.01 7.67 1.00 0.00
0.70 4.01 7.84 1.00 0.00
0.70 4.01 8.02 1.00 0.00
0.70 4.01 8.19 1.00 0.00
0.70 4.01 8.36 1.00 0.00
0.70 4.01 8.54 1.00 0.00
0.70 4.01 8.71 1.00 0.00
0.70 4.01 8.89 1.00 0.00
0.70 4.01 9.06 1.00 0.00
0.70 4.01 9.24 1.00 0.00
0.70 4.01 9.41 1.00 0.00
0.70 4.01 9.59 1.00 0.00
0.70 4.01 9.76 1.00 0.00
0.70 4.01 9.94 1.00 0.00
0.70 4.01 10.11 1.00 0.00
0.70 4.01 10.28 1.00 0.00
0.90 4.01 1.07 1.00 0.00
0.90 4.01 1.24 1.00 0.00
0.90 4.01 1.42 1.00 0.00
0.90 4.01 1.59 1.00 0.00
0.90 4.01 1.77 1.00 0.00
0.90 4.01 1.94 1.00 0.00
0.90 4.01 2.12 1.00 0.00
0.90 4.01 2.29 1.00 0.00
0.90 4.01 2.47 1.00 0.00
0.90 4.01 2.64 1.00 0.00
0.90 4.01 2.82 1.00 0.00
0.90 4.01 2.99 1.00 0.00
0.90 4.01 3.16 1.00 0.00
0.90 4.01 3.34 1.00 0.00
0.90 4.01 3.51 1.00 0.00
0.90 4.01 3.69 1.00 0.00
0.90 4.01 3.86 1.00 0.00
0.90 4.01 4.04 1.00 0.00
1.10 4.01 1.11 1.00 0.00
1.10 4.01 1.29 1.00 0.00
1.10 4.01 1.46 1.00 0.00
1.10 4.01 1.64 1.00 0.00
1.10 4.01 1.81 1.00 0.00
1.10 4.01 1.99 1.00 0.00
1.10 4.01 2.16 1.00 0.00
1.10 4.01 2.34 1.00 0.00
1.10 4.01 2.51 1.00 0.00
1.10 4.01 2.69 1.00 0.00
1.10 4.01 2.86 1.00 0.00
1.10 4.01 3.03 1.00 0.00
1.10 4.01 3.21 1.00 0.00
1.10 4.01 3.38 1.00 0.00
1.10 4.01 3.56 1.00 0.00
1.10 4.01 3.73 1.00 0.00
1.10 4.01 3.91 1.00 0.00
1.10 4.01 4.08 1.00 0.00
0.30 4.19 7.28 1.00 0.00
0.30 4.19 7.46 1.00 0.00
0.30 4.19 7.63 1.00 0.00
0.30 4.19 7.81 1.00 0.00
0.30 4.19 7.98 1.00 0.00
0.30 4.19 8.16 1.00 0.00
0.30 4.19 8.33 1.00 0.00
0.30 4.19 8.50 1.00 0.00
0.30 4.19 8.68 1.00 0.00
0.30 4.19 8.85 1.00 0.00
0.30 4.19 9.03 1.00 0.00
0.30 4.19 9.20 1.00 0.00
0.30 4.19 9.38 1.00 0.00
0.30 4.19 9.55 1.00 0.00
0.30 4.19 9.73 1.00 0.00
0.30 4.19 9.90 1.00 0.00
0.30 4.19 10.07 1.00 0.00
0.30 4.19 10.25 1.00 0.00
0.50 4.19 7.32 1.00 0.00
0.50 4.19 7.50 1.00 0.00
0.50 4.19 7.67 1.00 0.00
0.50 4.19 7.85 1.00 0.00
0.50 4.19 8.02 1.00 0.00
0.50 4.19 8.20 1.00 0.00
0.50 4.19 8.37 1.00 0.00
0.50 4.19 8.55 1.00 0.00
0.50 4.19 8.72 1.00 0.00
0.50 4.19 8.89 1.00 0.00
0.50 4.19 9.07 1.00 0.00
0.50 4.19 9.24 1.00 0.00
0.50 4.19 9.42 1.00 0.00
0.50 4.19 9.59 1.00 0.00
0.50 4.19 9.77 1.00 0.00
0.50 4.19 9.94 1.00 0.00
0.50 4.19 10.12 1.00 0.00
0.50 4.19 10.29 1.00 0.00
0.70 4.19 1.09 1.00 0.00
0.70 4.19 1.26 1.00 0.00
0.70 4.19 1.44 1.00 0.00
0.70 4.19 1.61 1.00 0.00
0.70 4.19 1.79 1.00 0.00
0.70 4.19 1.96 1.00 0.00
0.70 4.19 2.14 1.00 0.00
0.70 4.19 2.31 1.00 0.00
0.70 4.19 2.48 1.00 0.00
0.70 4.19 2.66 1.00 0.00
0.70 4.19 2.83 1.00 0.00
0.70 4.19 3.01 1.00 0.00
0.70 4.19 3.18 1.00 0.00
0.70 4.19 3.36 1.00 0.00
0.70 4.19 3.53 1.00 0.00
0.70 4.19 3.71 1.00 0.00
0.70 4.19 3.88 1.00 0.00
0.70 4.19 4.06 1.00 0.00
0.90 4.19 1.14 1.00 0.00
0.90 4.19 1.32 1.00 0.00
0.90 4.19 1.49 1.00 0.00
0.90 4.19 1.67 1.00 0.00
0.90 4.19 1.84 1.00 0.00
0.90 4.19 2.02 1.00 0.00
0.90 4.19 2.19 1.00 0.00
0.90 4.19 2.37 1.00 0.00
0.90 4.19 2.54 1.00 0.00
0.90 4.19 2.72 1.00 0.00
0.90 4.19 2.89 1.00 0.00
0.90 4.19 3.06 1.00 0.00
0.90 4.19 3.24 1.00 0.00
0.90 4.19 3.41 1.00 0.00
0.90 4.19 3.59 1.00 0.00
0.90 4.19 3.76 1.00 0.00
0.90 4.19 3.94 1.00 0.00
0.90 4.19 4.11 1.00 0.00
1.10 4.19 1.21 1.00 0.00
1.10 4.19 1.39 1.00 0.00
1.10 4.19 1.56 1.00 0.00
1.10 4.19 1.73 1.00 0.00
1.10 4.19 1.91 1.00 0.00
1.10 4.19 2.08 1.00 0.00
1.10 4.19 2.26 1.00 0.00
1.10 4.19 2.43 1.00 0.00
1.10 4.19 2.61 1.00 0.00
1.10 4.19 2.78 1.00 0.00
1.10 4.19 2.96 1.00 0.00
1.10 4.19 3.13 1.00 0.00
1.10 4.19 3.31 1.00 0.00
1.10 4.19 3.48 1.00 0.00
1.10 4.19 3.65 1.00 0.00
1.10 4.19 3.83 1.00 0.00
1.10 4.19 4.00 1.00 0.00
1.10 4.19 4.18 1.00 0.00
0.30 4.36 7.30 1.00 0.00
0.30 4.36 7.48 1.00 0.00
0.30 4.36 7.65 1.00 0.00
0.30 4.36 7.82 1.00 0.00
0.30 4.36 8.00 1.00 0.00
0.30 4.36 8.17 1.00 0.00
0.30 4.36 8.35 1.00 0.00
0.30 4.36 8.52 1.00 0.00
0.30 4.36 8.70 1.00 0.00
0.30 4.36 8.87 1.00 0.00
0.30 4.36 9.05 1.00 0.00
0.30 4.36 9.22 1.00 0.00
0.30 4.36 9.39 1.00 0.00
0.30 4.36 9.57 1.00 0.00
0.30 4.36 9.74 1.00 0.00
0.30 4.36 9.92 1.00 0.00
0.30 4.36 10.09 1.00 0.00
0.30 4.36 10.27 1.00 0.00
0.50 4.36 1.07 1.00 0.00
0.50 4.36 1.25 1.00 0.00
0.50 4.36 1.42 1.00 0.00
0.50 4.36 1.60 1.00 0.00
0.50 4.36 1.77 1.00 0.00
0.50 4.36 1.94 1.00 0.00
0.50 4.36 2.12 1.00 0.00
0.50 4.36 2.29 1.00 0.00
0.50 4.36 2.47 1.00 0.00
0.50 4.36 2.64 1.00 0.00
0.50 4.36 2.82 1.00 0.00
0.50 4.36 2.99 1.00 0.00
0.50 4.36 3.17 1.00 0.00
0.50 4.36 3.34 1.00 0.00
0.50 4.36 3.51 1.00 0.00
0.50 4.36 3.69 1.00 0.00
0.50 4.36 3.86 1.00 0.00
0.50 4.36 4.04 1.00 0.00
0.70 4.36 1.13 1.00 0.00
0.70 4.36 1.31 1.00 0.00
0.70 4.36 1.48 1.00 0.00
0.70 4.36 1.66 1.00 0.00
0.70 4.36 1.83 1.00 0.00
0.70 4.36 2.01 1.00 0.00
0.70 4.36 2.18 1.00 0.00
0.70 4.36 2.36 1.00 0.00
0.70 4.36 2.53 1.00 0.00
0.70 4.36 2.70 1.00 0.00
0.70 4.36 2.88 1.00 0.00
0.70 4.36 3.05 1.00 0.00
0.70 4.36 3.23 1.00 0.00
0.70 4.36 3.40 1.00 0.00
0.70 4.36 3.58 1.00 0.00
0.70 4.36 3.75 1.00 0.00
0.70 4.36 3.93 1.00 0.00
0.70 4.36 4.10 1.00 0.00
0.90 4.36 1.20 1.00 0.00
0.90 4.36 1.38 1.00 0.00
0.90 4.36 1.55 1.00 0.00
0.90 4.36 1.73 1.00 0.00
0.90 4.36 1.90 1.00 0.00
0.90 4.36 2.08 1.00 0.00
0.90 4.36 2.25 1.00 0.00
0.90 4.36 2.43 1.00 0.00
0.90 4.36 2.60 1.00 0.00
0.90 4.36 2.77 1.00 0.00
0.90 4.36 2.95 1.00 0.00
0.90 4.36 3.12 1.00 0.00
0.90 4.36 3.30 1.00 0.00
0.90 4.36 3.47 1.00 0.00
0.90 4.36 3.65 1.00 0.00
0.90 4.36 3.82 1.00 0.00
0.90 4.36 4.00 1.00 0.00
0.90 4.36 4.17 1.00 0.00
1.10 4.36 1.28 1.00 0.00
1.10 4.36 1.46 1.00 0.00
1.10 4.36 1.63 1.00 0.00
1.10 4.36 1.81 1.00 0.00
1.10 4.36 1.98 1.00 0.00
1.10 4.36 2.16 1.00 0.00
1.10 4.36 2.33 1.00 0.00
1.10 4.36 2.51 1.00 0.00
1.10 4.36 2.68 1.00 0.00
1.10 4.36 2.86 1.00 0.00
1.10 4.36 3.03 1.00 0.00
1.10 4.36 3.20 1.00 0.00
1.10 4.36 3.38 1.00 0.00
1.10 4.36 3.55 1.00 0.00
1.10 4.36 3.73 1.00 0.00
1.10 4.36 3.90 1.00 0.00
1.10 4.36 4.08 1.00 0.00
1.10 4.36 4.25 1.00 0.00
0.30 4.54 7.32 1.00 0.00
0.30 4.54 7.49 1.00 0.00
0.30 4.54 7.66 1.00 0.00
0.30 4.54 7.84 1.00 0.00
0.30 4.54 8.01 1.00 0.00
0.30 4.54 8.19 1.00 0.00
0.30 4.54 8.36 1.00 0.00
0.30 4.54 8.54 1.00 0.00
0.30 4.54 8.71 1.00 0.00
0.30 4.54 8.89 1.00 0.00
0.30 4.54 9.06 1.00 0.00
0.30 4.54 9.24 1.00 0.00
0.30 4.54 9.41 1.00 0.00
0.30 4.54 9.58 1.00 0.00
0.30 4.54 9.76 1.00 0.00
0.30 4.54 9.93 1.00 0.00
0.30 4.54 10.11 1.00 0.00
0.30 4.54 10.28 1.00 0.00
0.50 4.54 1.10 1.00 0.00
0.50 4.54 1.27 1.00 0.00
0.50 4.54 1.45 1.00 0.00
0.50 4.54 1.62 1.00 0.00
0.50 4.54 1.80 1.00 0.00
0.50 4.54 1.97 1.00 0.00
0.50 4.54 2.14 1.00 0.00
0.50 4.54 2.32 1.00 0.00
0.50 4.54 2.49 1.00 0.00
0.50 4.54 2.67 1.00 0.00
0.50 4.54 2.84 1.00 0.00
0.50 4.54 3.02 1.00 0.00
0.50 4.54 3.19 1.00 0.00
0.50 4.54 3.37 1.00 0.00
0.50 4.54 3.54 1.00 0.00
0.50 4.54 3.72 1.00 0.00
0.50 4.54 3.89 1.00 0.00
0.50 4.54 4.06 1.00 0.00
0.70 4.54 1.17 1.00 0.00
0.70 4.54 1.34 1.00 0.00
0.70 4.54 1.52 1.00 0.00
0.70 4.54 1.69 1.00 0.00
0.70 4.54 1.87 1.00 0.00
0.70 4.54 2.04 1.00 0.00
0.70 4.54 2.22 1.00 0.00
0.70 4.54 2.39 1.00 0.00
0.70 4.54 2.56 1.00 0.00
0.70 4.54 2.74 1.00 0.00
0.70 4.54 2.91 1.00 0.00
0.70 4.54 3.09 1.00 0.00
0.70 4.54 3.26 1.00 0.00
0.70 4.54 3.44 1.00 0.00
0.70 4.54 3.61 1.00 0.00
0.70 4.54 3.79 1.00 0.00
0.70 4.54 3.96 1.00 0.00
0.70 4.54 4.14 1.00 0.00
0.90 4.54 1.25 1.00 0.00
0.90 4.54 1.42 1.00 0.00
0.90 4.54 1.60 1.00 0.00
0.90 4.54 1.77 1.00 0.00
0.90 4.54 1.95 1.00 0.00
0.90 4.54 2.12 1.00 0.00
0.90 4.54 2.29 1.00 0.00
0.90 4.54 2.47 1.00 0.00
0.90 4.54 2.64 1.00 0.00
0.90 4.54 2.82 1.00 0.00
0.90 4.54 2.99 1.00 0.00
0.90 4.54 3.17 1.00 0.00
0.90 4.54 3.34 1.00 0.00
0.90 4.54 3.52 1.00 0.00
0.90 4.54 3.69 1.00 0.00
0.90 4.54 3.87 1.00 0.00
0.90 4.54 4.04 1.00 0.00
0.90 4.54 4.21 1.00 0.00
1.10 4.54 1.33 1.00 0.00
1.10 4.54 1.51 1.00 0.00
1.10 4.54 1.68 1.00 0.00
1.10 4.54 1.86 1.00 0.00
1.10 4.54 2.03 1.00 0.00
1.10 4.54 2.21 1.00 0.00
1.10 4.54 2.38 1.00 0.00
1.10 4.54 2.55 1.00 0.00
1.10 4.54 2.73 1.00 0.00
1.10 4.54 2.90 1.00 0.00
1.10 4.54 3.08 1.00 0.00
1.10 4.54 3.25 1.00 0.00
1.10 4.54 3.43 1.00 0.00
1.10 4.54 3.60 1.00 0.00
1.10 4.54 3.78 1.00 0.00
1.10 4.54 3.95 1.00 0.00
1.10 4.54 4.13 1.00 0.00
1.10 4.54 4.30 1.00 0.00
0.30 4.71 7.33 1.00 0.00
0.30 4.71 7.50 1.00 0.00
0.30 4.71 7.68 1.00 0.00
0.30 4.71 7.85 1.00 0.00
0.30 4.71 8.03 1.00 0.00
0.30 4.71 8.20 1.00 0.00
0.30 4.71 8.38 1.00 0.00
0.30 4.71 8.55 1.00 0.00
0.30 4.71 8.72 1.00 0.00
0.30 4.71 8.90 1.00 0.00
0.30 4.71 9.07 1.00 0.00
0.30 4.71 9.25 1.00 0.00
0.30 4.71 9.42 1.00 0.00
0.30 4.71 9.60 1.00 0.00
0.30 4.71 9.77 1.00 0.00
0.30 4.71 9.95 1.00 0.00
0.30 4.71 10.12 1.00 0.00
0.30 4.71 10.30 1.00 0.00
0.50 4.71 1.12 1.00 0.00
0.50 4.71 1.29 1.00 0.00
0.50 4.71 1.47 1.00 0.00
0.50 4.71 1.64 1.00 0.00
0.50 4.71 1.81 1.00 0.00
0.50 4.71 1.99 1.00 0.00
0.50 4.71 2.16 1.00 0.00
0.50 4.71 2.34 1.00 0.00
0.50 4.71 2.51 1.00 0.00
0.50 4.71 2.69 1.00 0.00
0.50 4.71 2.86 1.00 0.00
0.50 4.71 3.04 1.00 0.00
0.50 4.71 3.21 1.00 0.00
0.50 4.71 3.39 1.00 0.00
0.50 4.71 3.56 1.00 0.00
0.50 4.71 3.73 1.00 0.00
0.50 4.71 3.91 1.00 0.00
0.50 4.71 4.08 1.00 0.00
0.70 4.71 1.19 1.00 0.00
0.70 4.71 1.37 1.00 0.00
0.70 4.71 1.54 1.00 0.00
0.70 4.71 1.72 1.00 0.00
0.70 4.71 1.89 1.00 0.00
0.70 4.71 2.07 1.00 0.00
0.70 4.71 2.24 1.00 0.00
0.70 4.71 2.41 1.00 0.00
0.70 4.71 2.59 1.00 0.00
0.70 4.71 2.76 1.00 0.00
0.70 4.71 2.94 1.00 0.00
0.70 4.71 3.11 1.00 0.00
0.70 4.71 3.29 1.00 0.00
0.70 4.71 3.46 1.00 0.00
0.70 4.71 3.64 1.00 0.00
0.70 4.71 3.81 1.00 0.00
0.70 4.71 3.99 1.00 0.00
0.70 4.71 4.16 1.00 0.00
0.90 4.71 1.27 1.00 0.00
0.90 4.71 1.45 1.00 0.00
0.90 4.71 1.62 1.00 0.00
0.90 4.71 1.80 1.00 0.00
0.90 4.71 1.97 1.00 0.00
0.90 4.71 2.15 1.00 0.00
0.90 4.71 2.32 1.00 0.00
0.90 4.71 2.50 1.00 0.00
0.90 4.71 2.67 1.00 0.00
0.90 4.71 2.85 1.00 0.00
0.90 4.71 3.02 1.00 0.00
0.90 4.71 3.19 1.00 0.00
0.90 4.71 3.37 1.00 0.00
0.90 4.71 3.54 1.00 0.00
0.90 4.71 3.72 1.00 0.00
0.90 4.71 3.89 1.00 0.00
0.90 4.71 4.07 1.00 0.00
0.90 4.71 4.24 1.00 0.00
1.10 4.71 1.36 1.00 0.00
1.10 4.71 1.54 1.00 0.00
1.10 4.71 1.71 1.00 0.00
1.10 4.71 1.88 1.00 0.00
1.10 4.71 2.06 1.00 0.00
1.10 4.71 2.23 1.00 0.00
1.10 4.71 2.41 1.00 0.00
1.10 4.71 2.58 1.00 0.00
1.10 4.71 2.76 1.00 0.00
1.10 4.71 2.93 1.00 0.00
1.10 4.71 3.11 1.00 0.00
1.10 4.71 3.28 1.00 0.00
1.10 4.71 3.46 1.00 0.00
1.10 4.71 3.63 1.00 0.00
1.10 4.71 3.80 1.00 0.00
1.10 4.71 3.98 1.00 0.00
1.10 4.71 4.15 1.00 0.00
1.10 4.71 4.33 1.00 0.00
0.30 4.89 1.05 1.00 0.00
0.30 4.89 1.23 1.00 0.00
0.30 4.89 1.40 1.00 0.00
0.30 4.89 1.58 1.00 0.00
0.30 4.89 1.75 1.00 0.00
0.30 4.89 1.93 1.00 0.00
0.30 4.89 2.10 1.00 0.00
0.30 4.89 2.28 1.00 0.00
0.30 4.89 2.45 1.00 0.00
0.30 4.89 2.62 1.00 0.00
0.30 4.89 2.80 1.00 0.00
0.30 4.89 2.97 1.00 0.00
0.30 4.89 3.15 1.00 0.00
0.30 4.89 3.32 1.00 0.00
0.30 4.89 3.50 1.00 0.00
0.30 4.89 3.67 1.00 0.00
0.30 4.89 3.85 1.00 0.00
0.30 4.89 4.02 1.00 0.00
0.50 4.89 1.13 1.00 0.00
0.50 4.89 1.30 1.00 0.00
0.50 4.89 1.48 1.00 0.00
0.50 4.89 1.65 1.00 0.00
0.50 4.89 1.83 1.00 0.00
0.50 4.89 2.00 1.00 0.00
0.50 4.89 2.18 1.00 0.00
0.50 4.89 2.35 1.00 0.00
0.50 4.89 2.52 1.00 0.00
0.50 4.89 2.70 1.00 0.00
0.50 4.89 2.87 1.00 0.00
0.50 4.89 3.05 1.00 0.00
0.50 4.89 3.22 1.00 0.00
0.50 4.89 3.40 1.00 0.00
0.50 4.89 3.57 1.00 0.00
0.50 4.89 3.75 1.00 0.00
0.50 4.89 3.92 1.00 0.00
0.50 4.89 4.10 1.00 0.00
0.70 4.89 1.21 1.00 0.00
0.70 4.89 1.38 1.00 0.00
0.70 4.89 1.56 1.00 0.00
0.70 4.89 1.73 1.00 0.00
0.70 4.89 1.91 1.00 0.00
0.70 4.89 2.08 1.00 0.00
0.70 4.89 2.25 1.00 0.00
0.70 4.89 2.43 1.00 0.00
0.70 4.89 2.60 1.00 0.00
0.70 4.89 2.78 1.00 0.00
0.70 4.89 2.95 1.00 0.00
0.70 4.89 3.13 1.00 0.00
0.70 4.89 3.30 1.00 0.00
0.70 4.89 3.48 1.00 0.00
0.70 4.89 3.65 1.00 0.00
0.70 4.89 3.83 1.00 0.00
0.70 4.89 4.00 1.00 0.00
0.70 4.89 4.17 1.00 0.00
0.90 4.89 1.29 1.00 0.00
0.90 4.89 1.46 1.00 0.00
0.90 4.89 1.64 1.00 0.00
0.90 4.89 1.81 1.00 0.00
0.90 4.89 1.99 1.00 0.00
0.90 4.89 2.16 1.00 0.00
0.90 4.89 2.34 1.00 0.00
0.90 4.89 2.51 1.00 0.00
0.90 4.89 2.68 1.00 0.00
0.90 4.89 2.86 1.00 0.00
0.90 4.89 3.03 1.00 0.00
0.90 4.89 3.21 1.00 0.00
0.90 4.89 3.38 1.00 0.00
0.90 4.89 3.56 1.00 0.00
0.90 4.89 3.73 1.00 0.00
0.90 4.89 3.91 1.00 0.00
0.90 4.89 4.08 1.00 0.00
0.90 4.89 4.26 1.00 0.00
1.10 4.89 1.37 1.00 0.00
1.10 4.89 1.54 1.00 0.00
1.10 4.89 1.72 1.00 0.00
1.10 4.89 1.89 1.00 0.00
1.10 4.89 2.07 1.00 0.00
1.10 4.89 2.24 1.00 0.00
1.10 4.89 2.42 1.00 0.00
1.10 4.89 2.59 1.00 0.00
1.10 4.89 2.77 1.00 0.00
1.10 4.89 2.94 1.00 0.00
1.10 4.89 3.12 1.00 0.00
1.10 4.89 3.29 1.00 0.00
1.10 4.89 3.46 1.00 0.00
1.10 4.89 3.64 1.00 0.00
1.10 4.89 3.81 1.00 0.00
1.10 4.89 3.99 1.00 0.00
1.10 4.89 4.16 1.00 0.00
1.10 4.89 4.34 1.00 0.00
0.30 5.06 1.06 1.00 0.00
0.30 5.06 1.23 1.00 0.00
0.30 5.06 1.41 1.00 0.00
0.30 5.06 1.58 1.00 0.00
0.30 5.06 1.76 1.00 0.00
0.30 5.06 1.93 1.00 0.00
0.30 5.06 2.11 1.00 0.00
0.30 5.06 2.28 1.00 0.00
0.30 5.06 2.45 1.00 0.00
0.30 5.06 2.63 1.00 0.00
0.30 5.06 2.80 1.00 0.00
0.30 5.06 2.98 1.00 0.00
0.30 5.06 3.15 1.00 0.00
0.30 5.06 3.33 1.00 0.00
0.30 5.06 3.50 1.00 0.00
0.30 5.06 3.68 1.00 0.00
0.30 5.06 3.85 1.00 0.00
0.30 5.06 4.03 1.00 0.00
0.50 5.06 1.13 1.00 0.00
0.50 5.06 1.31 1.00 0.00
0.50 5.06 1.48 1.00 0.00
0.50 5.06 1.66 1.00 0.00
0.50 5.06 1.83 1.00 0.00
0.50 5.06 2.01 1.00 0.00
0.50 5.06 2.18 1.00 0.00
0.50 5.06 2.36 1.00 0.00
0.50 5.06 2.53 1.00 0.00
0.50 5.06 2.71 1.00 0.00
0.50 5.06 2.88 1.00 0.00
0.50 5.06 3.05 1.00 0.00
0.50 5.06 3.23 1.00 0.00
0.50 5.06 3.40 1.00 0.00
0.50 5.06 3.58 1.00 0.00
0.50 5.06 3.75 1.00 0.00
0.50 5.06 3.93 1.00 0.00
0.50 5.06 4.10 1.00 0.00
0.70 5.06 1.21 1.00 0.00
0.70 5.06 1.39 1.00 0.00
0.70 5.06 1.56 1.00 0.00
0.70 5.06 1.74 1.00 0.00
0.70 5.06 1.91 1.00 0.00
0.70 5.06 2.08 1.00 0.00
0.70 5.06 2.26 1.00 0.00
0.70 5.06 2.43 1.00 0.00
0.70 5.06 2.61 1.00 0.00
0.70 5.06 2.78 1.00 0.00
0.70 5.06 2.96 1.00 0.00
0.70 5.06 3.13 1.00 0.00
0.70 5.06 3.31 1.00 0.00
0.70 5.06 3.48 1.00 0.00
0.70 5.06 3.66 1.00 0.00
0.70 5.06 3.83 1.00 0.00
0.70 5.06 4.00 1.00 0.00
0.70 5.06 4.18 1.00 0.00
0.90 5.06 1.29 1.00 0.00
0.90 5.06 1.46 1.00 0.00
0.90 5.06 1.64 1.00 0.00
0.90 5.06 1.81 1.00 0.00
0.90 5.06 1.99 1.00 0.00
0.90 5.06 2.16 1.00 0.00
0.90 5.06 2.34 1.00 0.00
0.90 5.06 2.51 1.00 0.00
0.90 5.06 2.69 1.00 0.00
0.90 5.06 2.86 1.00 0.00
0.90 5.06 3.03 1.00 0.00
0.90 5.06 3.21 1.00 0.00
0.90 5.06 3.38 1.00 0.00
0.90 5.06 3.56 1.00 0.00
0.90 5.06 3.73 1.00 0.00
0.90 5.06 3.91 1.00 0.00
0.90 5.06 4.08 1.00 0.00
0.90 5.06 4.26 1.00 0.00
1.10 5.06 1.37 1.00 0.00
1.10 5.06 1.54 1.00 0.00
1.10 5.06 1.72 1.00 0.00
1.10 5.06 1.89 1.00 0.00
1.10 5.06 2.06 1.00 0.00
1.10 5.06 2.24 1.00 0.00
1.10 5.06 2.41 1.00 0.00
1.10 5.06 2.59 1.00 0.00
1.10 5.06 2.76 1.00 0.00
1.10 5.06 2.94 1.00 0.00
1.10 5.06 3.11 1.00 0.00
1.10 5.06 3.29 1.00 0.00
1.10 5.06 3.46 1.00 0.00
1.10 5.06 3.63 1.00 0.00
1.10 5.06 3.81 1.00 0.00
1.10 5.06 3.98 1.00 0.00
1.10 5.06 4.16 1.00 0.00
1.10 5.06 4.33 1.00 0.00
0.30 5.24 1.06 1.00 0.00
0.30 5.24 1.23 1.00 0.00
0.30 5.24 1.41 1.00 0.00
0.30 5.24 1.58 1.00 0.00
0.30 5.24 1.76 1.00 0.00
0.30 5.24 1.93 1.00 0.00
0.30 5.24 2.11 1.00 0.00
0.30 5.24 2.28 1.00 0.00
0.30 5.24 2.46 1.00 0.00
0.30 5.24 2.63 1.00 0.00
0.30 5.24 2.81 1.00 0.00
0.30 5.24 2.98 1.00 0.00
0.30 5.24 3.15 1.00 0.00
0.30 5.24 3.33 1.00 0.00
0.30 5.24 3.50 1.00 0.00
0.30 5.24 3.68 1.00 0.00
0.30 5.24 3.85 1.00 0.00
0.30 5.24 4.03 1.00 0.00
0.50 5.24 1.13 1.00 0.00
0.50 5.24 1.31 1.00 0.00
0.50 5.24 1.48 1.00 0.00
0.50 5.24 1.66 1.00 0.00
0.50 5.24 1.83 1.00 0.00
0.50 5.24 2.01 1.00 0.00
0.50 5.24 2.18 1.00 0.00
0.50 5.24 2.36 1.00 0.00
0.50 5.24 2.53 1.00 0.00
0.50 5.24 2.71 1.00 0.00
0.50 5.24 2.88 1.00 0.00
0.50 5.24 3.05 1.00 0.00
0.50 5.24 3.23 1.00 0.00
0.50 5.24 3.40 1.00 0.00
0.50 5.24 3.58 1.00 0.00
0.50 5.24 3.75 1.00 0.00
0.50 5.24 3.93 1.00 0.00
0.50 5.24 4.10 1.00 0.00
0.70 5.24 1.21 1.00 0.00
0.70 5.24 1.38 1.00 0.00
0.70 5.24 1.56 1.00 0.00
0.70 5.24 1.73 1.00 0.00
0.70 5.24 1.91 1.00 0.00
0.70 5.24 2.08 1.00 0.00
0.70 5.24 2.26 1.00 0.00
0.70 5.24 2.43 1.00 0.00
0.70 5.24 2.60 1.00 0.00
0.70 5.24 2.78 1.00 0.00
0.70 5.24 2.95 1.00 0.00
0.70 5.24 3.13 1.00 0.00
0.70 5.24 3.30 1.00 0.00
0.70 5.24 3.48 1.00 0.00
0.70 5.24 3.65 1.00 0.00
0.70 5.24 3.83 1.00 0.00
0.70 5.24 4.00 1.00 0.00
0.70 5.24 4.18 1.00 0.00
0.90 5.24 1.28 1.00 0.00
0.90 5.24 1.46 1.00 0.00
0.90 5.24 1.63 1.00 0.00
0.90 5.24 1.80 1.00 0.00
0.90 5.24 1.98 1.00 0.00
0.90 5.24 2.15 1.00 0.00
0.90 5.24 2.33 1.00 0.00
0.90 5.24 2.50 1.00 0.00
0.90 5.24 2.68 1.00 0.00
0.90 5.24 2.85 1.00 0.00
0.90 5.24 3.03 1.00 0.00
0.90 5.24 3.20 1.00 0.00
0.90 5.24 3.37 1.00 0.00
0.90 5.24 3.55 1.00 0.00
0.90 5.24 3.72 1.00 0.00
0.90 5.24 3.90 1.00 0.00
0.90 5.24 4.07 1.00 0.00
0.90 5.24 4.25 1.00 0.00
1.10 5.24 1.35 1.00 0.00
1.10 5.24 1.52 1.00 0.00
1.10 5.24 1.70 1.00 0.00
1.10 5.24 1.87 1.00 0.00
1.10 5.24 2.05 1.00 0.00
1.10 5.24 2.22 1.00 0.00
1.10 5.24 2.40 1.00 0.00
1.10 5.24 2.57 1.00 0.00
1.10 5.24 2.75 1.00 0.00
1.10 5.24 2.92 1.00 0.00
1.10 5.24 3.10 1.00 0.00
1.10 5.24 3.27 1.00 0.00
1.10 5.24 3.44 1.00 0.00
1.10 5.24 3.62 1.00 0.00
1.10 5.24 3.79 1.00 0.00
1.10 5.24 3.97 1.00 0.00
1.10 5.24 4.14 1.00 0.00
1.10 5.24 4.32 1.00 0.00
0.30 5.41 1.06 1.00 0.00
0.30 5.41 1.23 1.00 0.00
0.30 5.41 1.41 1.00 0.00
0.30 5.41 1.58 1.00 0.00
0.30 5.41 1.76 1.00 0.00
0.30 5.41 1.93 1.00 0.00
0.30 5.41 2.11 1.00 0.00
0.30 5.41 2.28 1.00 0.00
0.30 5.41 2.45 1.00 0.00
0.30 5.41 2.63 1.00 0.00
0.30 5.41 2.80 1.00 0.00
0.30 5.41 2.98 1.00 0.00
0.30 5.41 3.15 1.00 0.00
0.30 5.41 3.33 1.00 0.00
0.30 5.41 3.50 1.00 0.00
0.30 5.41 3.68 1.00 0.00
0.30 5.41 3.85 1.00 0.00
0.30 5.41 4.03 1.00 0.00
0.50 5.41 1.13 1.00 0.00
0.50 5.41 1.30 1.00 0.00
0.50 5.41 1.48 1.00 0.00
0.50 5.41 1.65 1.00 0.00
0.50 5.41 1.83 1.00 0.00
0.50 5.41 2.00 1.00 0.00
0.50 5.41 2.18 1.00 0.00
0.50 5.41 2.35 1.00 0.00
0.50 5.41 2.53 1.00 0.00
0.50 5.41 2.70 1.00 0.00
0.50 5.41 2.87 1.00 0.00
0.50 5.41 3.05 1.00 0.00
0.50 5.41 3.22 1.00 0.00
0.50 5.41 3.40 1.00 0.00
0.50 5.41 3.57 1.00 0.00
0.50 5.41 3.75 1.00 0.00
0.50 5.41 3.92 1.00 0.00
0.50 5.41 4.10 1.00 0.00
0.70 5.41 1.20 1.00 0.00
0.70 5.41 1.37 1.00 0.00
0.70 5.41 1.55 1.00 0.00
0.70 5.41 1.72 1.00 0.00
0.70 5.41 1.90 1.00 0.00
0.70 5.41 2.07 1.00 0.00
0.70 5.41 2.25 1.00 0.00
0.70 5.41 2.42 1.00 0.00
0.70 5.41 2.59 1.00 0.00
0.70 5.41 2.77 1.00 0.00
0.70 5.41 2.94 1.00 0.00
0.70 5.41 3.12 1.00 0.00
0.70 5.41 3.29 1.00 0.00
0.70 5.41 3.47 1.00 0.00
0.70 5.41 3.64 1.00 0.00
0.70 5.41 3.82 1.00 0.00
0.70 5.41 3.99 1.00 0.00
0.70 5.41 4.16 1.00 0.00
0.90 5.41 1.26 1.00 0.00
0.90 5.41 1.44 1.00 0.00
0.90 5.41 1.61 1.00 0.00
0.90 5.41 1.79 1.00 0.00
0.90 5.41 1.96 1.00 0.00
0.90 5.41 2.14 1.00 0.00
0.90 5.41 2.31 1.00 0.00
0.90 5.41 2.49 1.00 0.00
0.90 5.41 2.66 1.00 0.00
0.90 5.41 2.83 1.00 0.00
0.90 5.41 3.01 1.00 0.00
0.90 5.41 3.18 1.00 0.00
0.90 5.41 3.36 1.00 0.00
0.90 5.41 3.53 1.00 0.00
0.90 5.41 3.71 1.00 0.00
0.90 5.41 3.88 1.00 0.00
0.90 5.41 4.06 1.00 0.00
0.90 5.41 4.23 1.00 0.00
1.10 5.41 1.33 1.00 0.00
1.10 5.41 1.50 1.00 0.00
1.10 5.41 1.67 1.00 0.00
1.10 5.41 1.85 1.00 0.00
1.10 5.41 2.02 1.00 0.00
1.10 5.41 2.20 1.00 0.00
1.10 5.41 2.37 1.00 0.00
1.10 5.41 2.55 1.00 0.00
1.10 5.41 2.72 1.00 0.00
1.10 5.41 2.90 1.00 0.00
1.10 5.41 3.07 1.00 0.00
1.10 5.41 3.25 1.00 0.00
1.10 5.41 3.42 1.00 0.00
1.10 5.41 3.59 1.00 0.00
1.10 5.41 3.77 1.00 0.00
1.10 5.41 3.94 1.00 0.00
1.10 5.41 4.12 1.00 0.00
1.10 5.41 4.29 1.00 0.00
0.30 5.59 1.05 1.00 0.00
0.30 5.59 1.23 1.00 0.00
0.30 5.59 1.40 1.00 0.00
0.30 5.59 1.58 1.00 0.00
0.30 5.59 1.75 1.00 0.00
0.30 5.59 1.93 1.00 0.00
0.30 5.59 2.10 1.00 0.00
0.30 5.59 2.27 1.00 0.00
0.30 5.59 2.45 1.00 0.00
0.30 5.59 2.62 1.00 0.00
0.30 5.59 2.80 1.00 0.00
0.30 5.59 2.97 1.00 0.00
0.30 5.59 3.15 1.00 0.00
0.30 5.59 3.32 1.00 0.00
0.30 5.59 3.50 1.00 0.00
0.30 5.59 3.67 1.00 0.00
0.30 5.59 3.85 1.00 0.00
0.30 5.59 4.02 1.00 0.00
0.50 5.59 1.12 1.00 0.00
0.50 5.59 1.29 1.00 0.00
0.50 5.59 1.47 1.00 0.00
0.50 5.59 1.64 1.00 0.00
0.50 5.59 1.82 1.00 0.00
0.50 5.59 1.99 1.00 0.00
0.50 5.59 2.17 1.00 0.00
0.50 5.59 2.34 1.00 0.00
0.50 5.59 2.52 1.00 0.00
0.50 5.59 2.69 1.00 0.00
0.50 5.59 2.86 1.00 0.00
0.50 5.59 3.04 1.00 0.00
0.50 5.59 3.21 1.00 0.00
0.50 5.59 3.39 1.00 0.00
0.50 5.59 3.56 1.00 0.00
0.50 5.59 3.74 1.00 0.00
0.50 5.59 3.91 1.00 0.00
0.50 5.59 4.09 1.00 0.00
0.70 5.59 1.18 1.00 0.00
0.70 5.59 1.36 1.00 0.00
0.70 5.59 1.53 1.00 0.00
0.70 5.59 1.70 1.00 0.00
0.70 5.59 1.88 1.00 0.00
0.70 5.59 2.05 1.00 0.00
0.70 5.59 2.23 1.00 0.00
0.70 5.59 2.40 1.00 0.00
0.70 5.59 2.58 1.00 0.00
0.70 5.59 2.75 1.00 0.00
0.70 5.59 2.93 1.00 0.00
0.70 5.59 3.10 1.00 0.00
0.70 5.59 3.28 1.00 0.00
0.70 5.59 3.45 1.00 0.00
0.70 5.59 3.62 1.00 0.00
0.70 5.59 3.80 1.00 0.00
0.70 5.59 3.97 1.00 0.00
0.70 5.59 4.15 1.00 0.00
0.90 5.59 1.24 1.00 0.00
0.90 5.59 1.41 1.00 0.00
0.90 5.59 1.59 1.00 0.00
0.90 5.59 1.76 1.00 0.00
0.90 5.59 1.94 1.00 0.00
0.90 5.59 2.11 1.00 0.00
0.90 5.59 2.29 1.00 0.00
0.90 5.59 2.46 1.00 0.00
0.90 5.59 2.64 1.00 0.00
0.90 5.59 2.81 1.00 0.00
0.90 5.59 2.98 1.00 0.00
0.90 5.59 3.16 1.00 0.00
0.90 5.59 3.33 1.00 0.00
0.90 5.59 3.51 1.00 0.00
0.90 5.59 3.68 1.00 0.00
0.90 5.59 3.86 1.00 0.00
0.90 5.59 4.03 1.00 0.00
0.90 5.59 4.21 1.00 0.00
1.10 5.59 1.29 1.00 0.00
1.10 5.59 1.47 1.00 0.00
1.10 5.59 1.64 1.00 0.00
1.10 5.59 1.82 1.00 0.00
1.10 5.59 1.99 1.00 0.00
1.10 5.59 2.17 1.00 0.00
1.10 5.59 2.34 1.00 0.00
1.10 5.59 2.52 1.00 0.00
1.10 5.59 2.69 1.00 0.00
1.10 5.59 2.87 1.00 0.00
1.10 5.59 3.04 1.00 0.00
1.10 5.59 3.21 1.00 0.00
1.10 5.59 3.39 1.00 0.00
1.10 5.59 3.56 1.00 0.00
1.10 5.59 3.74 1.00 0.00
1.10 5.59 3.91 1.00 0.00
1.10 5.59 4.09 1.00 0.00
1.10 5.59 4.26 1.00 0.00
0.30 5.76 7.33 1.00 0.00
0.30 5.76 7.50 1.00 0.00
0.30 5.76 7.68 1.00 0.00
0.30 5.76 7.85 1.00 0.00
0.30 5.76 8.03 1.00 0.00
0.30 5.76 8.20 1.00 0.00
0.30 5.76 8.38 1.00 0.00
0.30 5.76 8.55 1.00 0.00
0.30 5.76 8.72 1.00 0.00
0.30 5.76 8.90 1.00 0.00
0.30 5.76 9.07 1.00 0.00
0.30 5.76 9.25 1.00 0.00
0.30 5.76 9.42 1.00 0.00
0.30 5.76 9.60 1.00 0.00
0.30 5.76 9.77 1.00 0.00
0.30 5.76 9.95 1.00 0.00
0.30 5.76 10.12 1.00 0.00
0.30 5.76 10.30 1.00 0.00
0.50 5.76 1.10 1.00 0.00
0.50 5.76 1.28 1.00 0.00
0.50 5.76 1.45 1.00 0.00
0.50 5.76 1.63 1.00 0.00
0.50 5.76 1.80 1.00 0.00
0.50 5.76 1.98 1.00 0.00
0.50 5.76 2.15 1.00 0.00
0.50 5.76 2.33 1.00 0.00
0.50 5.76 2.50 1.00 0.00
0.50 5.76 2.68 1.00 0.00
0.50 5.76 2.85 1.00 0.00
0.50 5.76 3.02 1.00 0.00
0.50 5.76 3.20 1.00 0.00
0.50 5.76 3.37 1.00 0.00
0.50 5.76 3.55 1.00 0.00
0.50 5.76 3.72 1.00 0.00
0.50 5.76 3.90 1.00 0.00
0.50 5.76 4.07 1.00 0.00
0.70 5.76 1.16 1.00 0.00
0.70 5.76 1.33 1.00 0.00
0.70 5.76 1.51 1.00 0.00
0.70 5.76 1.68 1.00 0.00
0.70 5.76 1.86 1.00 0.00
0.70 5.76 2.03 1.00 0.00
0.70 5.76 2.21 1.00 0.00
0.70 5.76 2.38 1.00 0.00
0.70 5.76 2.56 1.00 0.00
0.70 5.76 2.73 1.00 0.00
0.70 5.76 2.90 1.00 0.00
0.70 5.76 3.08 1.00 0.00
0.70 5.76 3.25 1.00 0.00
0.70 5.76 3.43 1.00 0.00
0.70 5.76 3.60 1.00 0.00
0.70 5.76 3.78 1.00 0.00
0.70 5.76 3.95 1.00 0.00
0.70 5.76 4.13 1.00 0.00
0.90 5.76 1.21 1.00 0.00
0.90 5.76 1.38 1.00 0.00
0.90 5.76 1.56 1.00 0.00
0.90 5.76 1.73 1.00 0.00
0.90 5.76 1.91 1.00 0.00
0.90 5.76 2.08 1.00 0.00
0.90 5.76 2.26 1.00 0.00
0.90 5.76 2.43 1.00 0.00
0.90 5.76 2.61 1.00 0.00
0.90 5.76 2.78 1.00 0.00
0.90 5.76 2.96 1.00 0.00
0.90 5.76 3.13 1.00 0.00
0.90 5.76 3.30 1.00 0.00
0.90 5.76 3.48 1.00 0.00
0.90 5.76 3.65 1.00 0.00
0.90 5.76 3.83 1.00 0.00
0.90 5.76 4.00 1.00 0.00
0.90 5.76 4.18 1.00 0.00
1.10 5.76 1.26 1.00 0.00
1.10 5.76 1.43 1.00 0.00
1.10 5.76 1.61 1.00 0.00
1.10 5.76 1.78 1.00 0.00
1.10 5.76 1.96 1.00 0.00
1.10 5.76 2.13 1.00 0.00
1.10 5.76 2.30 1.00 0.00
1.10 5.76 2.48 1.00 0.00
1.10 5.76 2.65 1.00 0.00
1.10 5.76 2.83 1.00 0.00
1.10 5.76 3.00 1.00 0.00
1.10 5.76 3.18 1.00 0.00
1.10 5.76 3.35 1.00 0.00
1.10 5.76 3.53 1.00 0.00
1.10 5.76 3.70 1.00 0.00
1.10 5.76 3.88 1.00 0.00
1.10 5.76 4.05 1.00 0.00
1.10 5.76 4.22 1.00 0.00
0.30 5.93 7.32 1.00 0.00
0.30 5.93 7.49 1.00 0.00
0.30 5.93 7.67 1.00 0.00
0.30 5.93 7.84 1.00 0.00
0.30 5.93 8.02 1.00 0.00
0.30 5.93 8.19 1.00 0.00
0.30 5.93 8.37 1.00 0.00
0.30 5.93 8.54 1.00 0.00
0.30 5.93 8.71 1.00 0.00
0.30 5.93 8.89 1.00 0.00
0.30 5.93 9.06 1.00 0.00
0.30 5.93 9.24 1.00 0.00
0.30 5.93 9.41 1.00 0.00
0.30 5.93 9.59 1.00 0.00
0.30 5.93 9.76 1.00 0.00
0.30 5.93 9.94 1.00 0.00
0.30 5.93 10.11 1.00 0.00
0.30 5.93 10.28 1.00 0.00
0.50 5.93 1.09 1.00 0.00
0.50 5.93 1.26 1.00 0.00
0.50 5.93 1.44 1.00 0.00
0.50 5.93 1.61 1.00 0.00
0.50 5.93 1.78 1.00 0.00
0.50 5.93 1.96 1.00 0.00
0.50 5.93 2.13 1.00 0.00
0.50 5.93 2.31 1.00 0.00
0.50 5.93 2.48 1.00 0.00
0.50 5.93 2.66 1.00 0.00
0.50 5.93 2.83 1.00 0.00
0.50 5.93 3.01 1.00 0.00
0.50 5.93 3.18 1.00 0.00
0.50 5.93 3.36 1.00 0.00
0.50 5.93 3.53 1.00 0.00
0.50 5.93 3.70 1.00 0.00
0.50 5.93 3.88 1.00 0.00
0.50 5.93 4.05 1.00 0.00
0.70 5.93 1.13 1.00 0.00
0.70 5.93 1.31 1.00 0.00
0.70 5.93 1.48 1.00 0.00
0.70 5.93 1.66 1.00 0.00
0.70 5.93 1.83 1.00 0.00
0.70 5.93 2.01 1.00 0.00
0.70 5.93 2.18 1.00 0.00
0.70 5.93 2.36 1.00 0.00
0.70 5.93 2.53 1.00 0.00
0.70 5.93 2.70 1.00 0.00
0.70 5.93 2.88 1.00 0.00
0.70 5.93 3.05 1.00 0.00
0.70 5.93 3.23 1.00 0.00
0.70 5.93 3.40 1.00 0.00
0.70 5.93 3.58 1.00 0.00
0.70 5.93 3.75 1.00 0.00
0.70 5.93 3.93 1.00 0.00
0.70 5.93 4.10 1.00 0.00
0.90 5.93 1.18 1.00 0.00
0.90 5.93 1.35 1.00 0.00
0.90 5.93 1.53 1.00 0.00
0.90 5.93 1.70 1.00 0.00
0.90 5.93 1.88 1.00 0.00
0.90 5.93 2.05 1.00 0.00
0.90 5.93 2.22 1.00 0.00
0.90 5.93 2.40 1.00 0.00
0.90 5.93 2.57 1.00 0.00
0.90 5.93 2.75 1.00 0.00
0.90 5.93 2.92 1.00 0.00
0.90 5.93 3.10 1.00 0.00
0.90 5.93 3.27 1.00 0.00
0.90 5.93 3.45 1.00 0.00
0.90 5.93 3.62 1.00 0.00
0.90 5.93 3.79 1.00 0.00
0.90 5.93 3.97 1.00 0.00
0.90 5.93 4.14 1.00 0.00
1.10 5.93 1.22 1.00 0.00
1.10 5.93 1.39 1.00 0.00
1.10 5.93 1.57 1.00 0.00
1.10 5.93 1.74 1.00 0.00
1.10 5.93 1.91 1.00 0.00
1.10 5.93 2.09 1.00 0.00
1.10 5.93 2.26 1.00 0.00
1.10 5.93 2.44 1.00 0.00
1.10 5.93 2.61 1.00 0.00
1.10 5.93 2.79 1.00 0.00
1.10 5.93 2.96 1.00 0.00
1.10 5.93 3.14 1.00 0.00
1.10 5.93 3.31 1.00 0.00
1.10 5.93 3.49 1.00 0.00
1.10 5.93 3.66 1.00 0.00
1.10 5.93 3.83 1.00 0.00
1.10 5.93 4.01 1.00 0.00
1.10 5.93 4.18 1.00 0.00
0.30 6.11 7.31 1.00 0.00
0.30 6.11 7.48 1.00 0.00
0.30 6.11 7.65 1.00 0.00
0.30 6.11 7.83 1.00 0.00
0.30 6.11 8.00 1.00 0.00
0.30 6.11 8.18 1.00 0.00
0.30 6.11 8.35 1.00 0.00
0.30 6.11 8.53 1.00 0.00
0.30 6.11 8.70 1.00 0.00
0.30 6.11 8.88 1.00 0.00
0.30 6.11 9.05 1.00 0.00
0.30 6.11 9.23 1.00 0.00
0.30 6.11 9.40 1.00 0.00
0.30 6.11 9.57 1.00 0.00
0.30 6.11 9.75 1.00 0.00
0.30 6.11 9.92 1.00 0.00
0.30 6.11 10.10 1.00 0.00
0.30 6.11 10.27 1.00 0.00
0.50 6.11 1.07 1.00 0.00
0.50 6.11 1.24 1.00 0.00
0.50 6.11 1.41 1.00 0.00
0.50 6.11 1.59 1.00 0.00
0.50 6.11 1.76 1.00 0.00
0.50 6.11 1.94 1.00 0.00
0.50 6.11 2.11 1.00 0.00
0.50 6.11 2.29 1.00 0.00
0.50 6.11 2.46 1.00 0.00
0.50 6.11 2.64 1.00 0.00
0.50 6.11 2.81 1.00 0.00
0.50 6.11 2.99 1.00 0.00
0.50 6.11 3.16 1.00 0.00
0.50 6.11 3.33 1.00 0.00
0.50 6.11 3.51 1.00 0.00
0.50 6.11 3.68 1.00 0.00
0.50 6.11 3.86 1.00 0.00
0.50 6.11 4.03 1.00 0.00
0.70 6.11 1.10 1.00 0.00
0.70 6.11 1.28 1.00 0.00
0.70 6.11 1.45 1.00 0.00
0.70 6.11 1.63 1.00 0.00
0.70 6.11 1.80 1.00 0.00
0.70 6.11 1.98 1.00 0.00
0.70 6.11 2.15 1.00 0.00
0.70 6.11 2.33 1.00 0.00
0.70 6.11 2.50 1.00 0.00
0.70 6.11 2.68 1.00 0.00
0.70 6.11 2.85 1.00 0.00
0.70 6.11 3.02 1.00 0.00
0.70 6.11 3.20 1.00 0.00
0.70 6.11 3.37 1.00 0.00
0.70 6.11 3.55 1.00 0.00
0.70 6.11 3.72 1.00 0.00
0.70 6.11 3.90 1.00 0.00
0.70 6.11 4.07 1.00 0.00
0.90 6.11 1.14 1.00 0.00
0.90 6.11 1.31 1.00 0.00
0.90 6.11 1.49 1.00 0.00
0.90 6.11 1.66 1.00 0.00
0.90 6.11 1.84 1.00 0.00
0.90 6.11 2.01 1.00 0.00
0.90 6.11 2.19 1.00 0.00
0.90 6.11 2.36 1.00 0.00
0.90 6.11 2.54 1.00 0.00
0.90 6.11 2.71 1.00 0.00
0.90 6.11 2.89 1.00 0.00
0.90 6.11 3.06 1.00 0.00
0.90 6.11 3.23 1.00 0.00
0.90 6.11 3.41 1.00 0.00
0.90 6.11 3.58 1.00 0.00
0.90 6.11 3.76 1.00 0.00
0.90 6.11 3.93 1.00 0.00
0.90 6.11 4.11 1.00 0.00
1.10 6.11 1.17 1.00 0.00
1.10 6.11 1.35 1.00 0.00
1.10 6.11 1.52 1.00 0.00
1.10 6.11 1.70 1.00 0.00
1.10 6.11 1.87 1.00 0.00
1.10 6.11 2.04 1.00 0.00
1.10 6.11 2.22 1.00 0.00
1.10 6.11 2.39 1.00 0.00
1.10 6.11 2.57 1.00 0.00
1.10 6.11 2.74 1.00 0.00
1.10 6.11 2.92 1.00 0.00
1.10 6.11 3.09 1.00 0.00
1.10 6.11 3.27 1.00 0.00
1.10 6.11 3.44 1.00 0.00
1.10 6.11 3.62 1.00 0.00
1.10 6.11 3.79 1.00 0.00
1.10 6.11 3.96 1.00 0.00
1.10 6.11 4.14 1.00 0.00
