0.30 0.00 7.13 1.00 0.00
0.30 0.00 7.31 1.00 0.00
0.30 0.00 7.48 1.00 0.00
0.30 0.00 7.65 1.00 0.00
0.30 0.00 7.83 1.00 0.00
0.30 0.00 8.00 1.00 0.00
0.30 0.00 8.18 1.00 0.00
0.30 0.00 8.35 1.00 0.00
0.30 0.00 8.53 1.00 0.00
0.30 0.00 8.70 1.00 0.00
0.30 0.00 8.88 1.00 0.00
0.30 0.00 9.05 1.00 0.00
0.30 0.00 9.23 1.00 0.00
0.30 0.00 9.40 1.00 0.00
0.30 0.00 9.57 1.00 0.00
0.30 0.00 9.75 1.00 0.00
0.30 0.00 9.92 1.00 0.00
0.30 0.00 10.10 1.00 0.00
0.50 0.00 0.89 1.00 0.00
0.50 0.00 1.07 1.00 0.00
0.50 0.00 1.24 1.00 0.00
0.50 0.00 1.41 1.00 0.00
0.50 0.00 1.59 1.00 0.00
0.50 0.00 1.76 1.00 0.00
0.50 0.00 1.94 1.00 0.00
0.50 0.00 2.11 1.00 0.00
0.50 0.00 2.29 1.00 0.00
0.50 0.00 2.46 1.00 0.00
0.50 0.00 2.64 1.00 0.00
0.50 0.00 2.81 1.00 0.00
0.50 0.00 2.99 1.00 0.00
0.50 0.00 3.16 1.00 0.00
0.50 0.00 3.33 1.00 0.00
0.50 0.00 3.51 1.00 0.00
0.50 0.00 3.68 1.00 0.00
0.50 0.00 3.86 1.00 0.00
0.70 0.00 0.93 1.00 0.00
0.70 0.00 1.10 1.00 0.00
0.70 0.00 1.28 1.00 0.00
0.70 0.00 1.45 1.00 0.00
0.70 0.00 1.63 1.00 0.00
0.70 0.00 1.80 1.00 0.00
0.70 0.00 1.98 1.00 0.00
0.70 0.00 2.15 1.00 0.00
0.70 0.00 2.33 1.00 0.00
0.70 0.00 2.50 1.00 0.00
0.70 0.00 2.68 1.00 0.00
0.70 0.00 2.85 1.00 0.00
0.70 0.00 3.02 1.00 0.00
0.70 0.00 3.20 1.00 0.00
0.70 0.00 3.37 1.00 0.00
0.70 0.00 3.55 1.00 0.00
0.70 0.00 3.72 1.00 0.00
0.70 0.00 3.90 1.00 0.00
0.90 0.00 0.97 1.00 0.00
0.90 0.00 1.14 1.00 0.00
0.90 0.00 1.31 1.00 0.00
0.90 0.00 1.49 1.00 0.00
0.90 0.00 1.66 1.00 0.00
0.90 0.00 1.84 1.00 0.00
0.90 0.00 2.01 1.00 0.00
0.90 0.00 2.19 1.00 0.00
0.90 0.00 2.36 1.00 0.00
0.90 0.00 2.54 1.00 0.00
0.90 0.00 2.71 1.00 0.00
0.90 0.00 2.89 1.00 0.00
0.90 0.00 3.06 1.00 0.00
0.90 0.00 3.23 1.00 0.00
0.90 0.00 3.41 1.00 0.00
0.90 0.00 3.58 1.00 0.00
0.90 0.00 3.76 1.00 0.00
0.90 0.00 3.93 1.00 0.00
1.10 0.00 1.00 1.00 0.00
1.10 0.00 1.17 1.00 0.00
1.10 0.00 1.35 1.00 0.00
1.10 0.00 1.52 1.00 0.00
1.10 0.00 1.70 1.00 0.00
1.10 0.00 1.87 1.00 0.00
1.10 0.00 2.04 1.00 0.00
1.10 0.00 2.22 1.00 0.00
1.10 0.00 2.39 1.00 0.00
1.10 0.00 2.57 1.00 0.00
1.10 0.00 2.74 1.00 0.00
1.10 0.00 2.92 1.00 0.00
1.10 0.00 3.09 1.00 0.00
1.10 0.00 3.27 1.00 0.00
1.10 0.00 3.44 1.00 0.00
1.10 0.00 3.62 1.00 0.00
1.10 0.00 3.79 1.00 0.00
1.10 0.00 3.96 1.00 0.00
0.30 0.17 7.12 1.00 0.00
0.30 0.17 7.29 1.00 0.00
0.30 0.17 7.47 1.00 0.00
0.30 0.17 7.64 1.00 0.00
0.30 0.17 7.81 1.00 0.00
0.30 0.17 7.99 1.00 0.00
0.30 0.17 8.16 1.00 0.00
0.30 0.17 8.34 1.00 0.00
0.30 0.17 8.51 1.00 0.00
0.30 0.17 8.69 1.00 0.00
0.30 0.17 8.86 1.00 0.00
0.30 0.17 9.04 1.00 0.00
0.30 0.17 9.21 1.00 0.00
0.30 0.17 9.39 1.00 0.00
0.30 0.17 9.56 1.00 0.00
0.30 0.17 9.73 1.00 0.00
0.30 0.17 9.91 1.00 0.00
0.30 0.17 10.08 1.00 0.00
0.50 0.17 7.15 1.00 0.00
0.50 0.17 7.33 1.00 0.00
0.50 0.17 7.50 1.00 0.00
0.50 0.17 7.67 1.00 0.00
0.50 0.17 7.85 1.00 0.00
0.50 0.17 8.02 1.00 0.00
0.50 0.17 8.20 1.00 0.00
0.50 0.17 8.37 1.00 0.00
0.50 0.17 8.55 1.00 0.00
0.50 0.17 8.72 1.00 0.00
0.50 0.17 8.90 1.00 0.00
0.50 0.17 9.07 1.00 0.00
0.50 0.17 9.25 1.00 0.00
0.50 0.17 9.42 1.00 0.00
0.50 0.17 9.59 1.00 0.00
0.50 0.17 9.77 1.00 0.00
0.50 0.17 9.94 1.00 0.00
0.50 0.17 10.12 1.00 0.00
0.70 0.17 0.90 1.00 0.00
0.70 0.17 1.07 1.00 0.00
0.70 0.17 1.25 1.00 0.00
0.70 0.17 1.42 1.00 0.00
0.70 0.17 1.60 1.00 0.00
0.70 0.17 1.77 1.00 0.00
0.70 0.17 1.95 1.00 0.00
0.70 0.17 2.12 1.00 0.00
0.70 0.17 2.29 1.00 0.00
0.70 0.17 2.47 1.00 0.00
0.70 0.17 2.64 1.00 0.00
0.70 0.17 2.82 1.00 0.00
0.70 0.17 2.99 1.00 0.00
0.70 0.17 3.17 1.00 0.00
0.70 0.17 3.34 1.00 0.00
0.70 0.17 3.52 1.00 0.00
0.70 0.17 3.69 1.00 0.00
0.70 0.17 3.87 1.00 0.00
0.90 0.17 0.93 1.00 0.00
0.90 0.17 1.10 1.00 0.00
0.90 0.17 1.28 1.00 0.00
0.90 0.17 1.45 1.00 0.00
0.90 0.17 1.62 1.00 0.00
0.90 0.17 1.80 1.00 0.00
0.90 0.17 1.97 1.00 0.00
0.90 0.17 2.15 1.00 0.00
0.90 0.17 2.32 1.00 0.00
0.90 0.17 2.50 1.00 0.00
0.90 0.17 2.67 1.00 0.00
0.90 0.17 2.85 1.00 0.00
0.90 0.17 3.02 1.00 0.00
0.90 0.17 3.19 1.00 0.00
0.90 0.17 3.37 1.00 0.00
0.90 0.17 3.54 1.00 0.00
0.90 0.17 3.72 1.00 0.00
0.90 0.17 3.89 1.00 0.00
1.10 0.17 0.95 1.00 0.00
1.10 0.17 1.13 1.00 0.00
1.10 0.17 1.30 1.00 0.00
1.10 0.17 1.47 1.00 0.00
1.10 0.17 1.65 1.00 0.00
1.10 0.17 1.82 1.00 0.00
1.10 0.17 2.00 1.00 0.00
1.10 0.17 2.17 1.00 0.00
1.10 0.17 2.35 1.00 0.00
1.10 0.17 2.52 1.00 0.00
1.10 0.17 2.70 1.00 0.00
1.10 0.17 2.87 1.00 0.00
1.10 0.17 3.05 1.00 0.00
1.10 0.17 3.22 1.00 0.00
1.10 0.17 3.39 1.00 0.00
1.10 0.17 3.57 1.00 0.00
1.10 0.17 3.74 1.00 0.00
1.10 0.17 3.92 1.00 0.00
0.30 0.35 7.10 1.00 0.00
0.30 0.35 7.28 1.00 0.00
0.30 0.35 7.45 1.00 0.00
0.30 0.35 7.62 1.00 0.00
0.30 0.35 7.80 1.00 0.00
0.30 0.35 7.97 1.00 0.00
0.30 0.35 8.15 1.00 0.00
0.30 0.35 8.32 1.00 0.00
0.30 0.35 8.50 1.00 0.00
0.30 0.35 8.67 1.00 0.00
0.30 0.35 8.85 1.00 0.00
0.30 0.35 9.02 1.00 0.00
0.30 0.35 9.19 1.00 0.00
0.30 0.35 9.37 1.00 0.00
0.30 0.35 9.54 1.00 0.00
0.30 0.35 9.72 1.00 0.00
0.30 0.35 9.89 1.00 0.00
0.30 0.35 10.07 1.00 0.00
0.50 0.35 7.13 1.00 0.00
0.50 0.35 7.30 1.00 0.00
0.50 0.35 7.47 1.00 0.00
0.50 0.35 7.65 1.00 0.00
0.50 0.35 7.82 1.00 0.00
0.50 0.35 8.00 1.00 0.00
0.50 0.35 8.17 1.00 0.00
0.50 0.35 8.35 1.00 0.00
0.50 0.35 8.52 1.00 0.00
0.50 0.35 8.70 1.00 0.00
0.50 0.35 8.87 1.00 0.00
0.50 0.35 9.05 1.00 0.00
0.50 0.35 9.22 1.00 0.00
0.50 0.35 9.39 1.00 0.00
0.50 0.35 9.57 1.00 0.00
0.50 0.35 9.74 1.00 0.00
0.50 0.35 9.92 1.00 0.00
0.50 0.35 10.09 1.00 0.00
0.70 0.35 7.15 1.00 0.00
0.70 0.35 7.32 1.00 0.00
0.70 0.35 7.50 1.00 0.00
0.70 0.35 7.67 1.00 0.00
0.70 0.35 7.85 1.00 0.00
0.70 0.35 8.02 1.00 0.00
0.70 0.35 8.20 1.00 0.00
0.70 0.35 8.37 1.00 0.00
0.70 0.35 8.54 1.00 0.00
0.70 0.35 8.72 1.00 0.00
0.70 0.35 8.89 1.00 0.00
0.70 0.35 9.07 1.00 0.00
0.70 0.35 9.24 1.00 0.00
0.70 0.35 9.42 1.00 0.00
0.70 0.35 9.59 1.00 0.00
0.70 0.35 9.77 1.00 0.00
0.70 0.35 9.94 1.00 0.00
0.70 0.35 10.11 1.00 0.00
0.90 0.35 0.88 1.00 0.00
0.90 0.35 1.06 1.00 0.00
0.90 0.35 1.23 1.00 0.00
0.90 0.35 1.41 1.00 0.00
0.90 0.35 1.58 1.00 0.00
0.90 0.35 1.76 1.00 0.00
0.90 0.35 1.93 1.00 0.00
0.90 0.35 2.11 1.00 0.00
0.90 0.35 2.28 1.00 0.00
0.90 0.35 2.46 1.00 0.00
0.90 0.35 2.63 1.00 0.00
0.90 0.35 2.80 1.00 0.00
0.90 0.35 2.98 1.00 0.00
0.90 0.35 3.15 1.00 0.00
0.90 0.35 3.33 1.00 0.00
0.90 0.35 3.50 1.00 0.00
0.90 0.35 3.68 1.00 0.00
0.90 0.35 3.85 1.00 0.00
1.10 0.35 0.90 1.00 0.00
1.10 0.35 1.08 1.00 0.00
1.10 0.35 1.25 1.00 0.00
1.10 0.35 1.43 1.00 0.00
1.10 0.35 1.60 1.00 0.00
1.10 0.35 1.78 1.00 0.00
1.10 0.35 1.95 1.00 0.00
1.10 0.35 2.12 1.00 0.00
1.10 0.35 2.30 1.00 0.00
1.10 0.35 2.47 1.00 0.00
1.10 0.35 2.65 1.00 0.00
1.10 0.35 2.82 1.00 0.00
1.10 0.35 3.00 1.00 0.00
1.10 0.35 3.17 1.00 0.00
1.10 0.35 3.35 1.00 0.00
1.10 0.35 3.52 1.00 0.00
1.10 0.35 3.70 1.00 0.00
1.10 0.35 3.87 1.00 0.00
0.30 0.52 7.08 1.00 0.00
0.30 0.52 7.26 1.00 0.00
0.30 0.52 7.43 1.00 0.00
0.30 0.52 7.61 1.00 0.00
0.30 0.52 7.78 1.00 0.00
0.30 0.52 7.96 1.00 0.00
0.30 0.52 8.13 1.00 0.00
0.30 0.52 8.31 1.00 0.00
0.30 0.52 8.48 1.00 0.00
0.30 0.52 8.65 1.00 0.00
0.30 0.52 8.83 1.00 0.00
0.30 0.52 9.00 1.00 0.00
0.30 0.52 9.18 1.00 0.00
0.30 0.52 9.35 1.00 0.00
0.30 0.52 9.53 1.00 0.00
0.30 0.52 9.70 1.00 0.00
0.30 0.52 9.88 1.00 0.00
0.30 0.52 10.05 1.00 0.00
0.50 0.52 7.10 1.00 0.00
0.50 0.52 7.27 1.00 0.00
0.50 0.52 7.45 1.00 0.00
0.50 0.52 7.62 1.00 0.00
0.50 0.52 7.80 1.00 0.00
0.50 0.52 7.97 1.00 0.00
0.50 0.52 8.15 1.00 0.00
0.50 0.52 8.32 1.00 0.00
0.50 0.52 8.50 1.00 0.00
0.50 0.52 8.67 1.00 0.00
0.50 0.52 8.84 1.00 0.00
0.50 0.52 9.02 1.00 0.00
0.50 0.52 9.19 1.00 0.00
0.50 0.52 9.37 1.00 0.00
0.50 0.52 9.54 1.00 0.00
0.50 0.52 9.72 1.00 0.00
0.50 0.52 9.89 1.00 0.00
0.50 0.52 10.07 1.00 0.00
0.70 0.52 7.11 1.00 0.00
0.70 0.52 7.29 1.00 0.00
0.70 0.52 7.46 1.00 0.00
0.70 0.52 7.64 1.00 0.00
0.70 0.52 7.81 1.00 0.00
0.70 0.52 7.99 1.00 0.00
0.70 0.52 8.16 1.00 0.00
0.70 0.52 8.33 1.00 0.00
0.70 0.52 8.51 1.00 0.00
0.70 0.52 8.68 1.00 0.00
0.70 0.52 8.86 1.00 0.00
0.70 0.52 9.03 1.00 0.00
0.70 0.52 9.21 1.00 0.00
0.70 0.52 9.38 1.00 0.00
0.70 0.52 9.56 1.00 0.00
0.70 0.52 9.73 1.00 0.00
0.70 0.52 9.91 1.00 0.00
0.70 0.52 10.08 1.00 0.00
0.90 0.52 7.13 1.00 0.00
0.90 0.52 7.30 1.00 0.00
0.90 0.52 7.47 1.00 0.00
0.90 0.52 7.65 1.00 0.00
0.90 0.52 7.82 1.00 0.00
0.90 0.52 8.00 1.00 0.00
0.90 0.52 8.17 1.00 0.00
0.90 0.52 8.35 1.00 0.00
0.90 0.52 8.52 1.00 0.00
0.90 0.52 8.70 1.00 0.00
0.90 0.52 8.87 1.00 0.00
0.90 0.52 9.04 1.00 0.00
0.90 0.52 9.22 1.00 0.00
0.90 0.52 9.39 1.00 0.00
0.90 0.52 9.57 1.00 0.00
0.90 0.52 9.74 1.00 0.00
0.90 0.52 9.92 1.00 0.00
0.90 0.52 10.09 1.00 0.00
1.10 0.52 7.14 1.00 0.00
1.10 0.52 7.31 1.00 0.00
1.10 0.52 7.48 1.00 0.00
1.10 0.52 7.66 1.00 0.00
1.10 0.52 7.83 1.00 0.00
1.10 0.52 8.01 1.00 0.00
1.10 0.52 8.18 1.00 0.00
1.10 0.52 8.36 1.00 0.00
1.10 0.52 8.53 1.00 0.00
1.10 0.52 8.71 1.00 0.00
1.10 0.52 8.88 1.00 0.00
1.10 0.52 9.06 1.00 0.00
1.10 0.52 9.23 1.00 0.00
1.10 0.52 9.40 1.00 0.00
1.10 0.52 9.58 1.00 0.00
1.10 0.52 9.75 1.00 0.00
1.10 0.52 9.93 1.00 0.00
1.10 0.52 10.10 1.00 0.00
0.30 0.70 7.07 1.00 0.00
0.30 0.70 7.24 1.00 0.00
0.30 0.70 7.42 1.00 0.00
0.30 0.70 7.59 1.00 0.00
0.30 0.70 7.76 1.00 0.00
0.30 0.70 7.94 1.00 0.00
0.30 0.70 8.11 1.00 0.00
0.30 0.70 8.29 1.00 0.00
0.30 0.70 8.46 1.00 0.00
0.30 0.70 8.64 1.00 0.00
0.30 0.70 8.81 1.00 0.00
0.30 0.70 8.99 1.00 0.00
0.30 0.70 9.16 1.00 0.00
0.30 0.70 9.34 1.00 0.00
0.30 0.70 9.51 1.00 0.00
0.30 0.70 9.68 1.00 0.00
0.30 0.70 9.86 1.00 0.00
0.30 0.70 10.03 1.00 0.00
0.50 0.70 7.07 1.00 0.00
0.50 0.70 7.25 1.00 0.00
0.50 0.70 7.42 1.00 0.00
0.50 0.70 7.60 1.00 0.00
0.50 0.70 7.77 1.00 0.00
0.50 0.70 7.94 1.00 0.00
0.50 0.70 8.12 1.00 0.00
0.50 0.70 8.29 1.00 0.00
0.50 0.70 8.47 1.00 0.00
0.50 0.70 8.64 1.00 0.00
0.50 0.70 8.82 1.00 0.00
0.50 0.70 8.99 1.00 0.00
0.50 0.70 9.17 1.00 0.00
0.50 0.70 9.34 1.00 0.00
0.50 0.70 9.52 1.00 0.00
0.50 0.70 9.69 1.00 0.00
0.50 0.70 9.86 1.00 0.00
0.50 0.70 10.04 1.00 0.00
0.70 0.70 7.08 1.00 0.00
0.70 0.70 7.25 1.00 0.00
0.70 0.70 7.43 1.00 0.00
0.70 0.70 7.60 1.00 0.00
0.70 0.70 7.78 1.00 0.00
0.70 0.70 7.95 1.00 0.00
0.70 0.70 8.12 1.00 0.00
0.70 0.70 8.30 1.00 0.00
0.70 0.70 8.47 1.00 0.00
0.70 0.70 8.65 1.00 0.00
0.70 0.70 8.82 1.00 0.00
0.70 0.70 9.00 1.00 0.00
0.70 0.70 9.17 1.00 0.00
0.70 0.70 9.35 1.00 0.00
0.70 0.70 9.52 1.00 0.00
0.70 0.70 9.70 1.00 0.00
0.70 0.70 9.87 1.00 0.00
0.70 0.70 10.04 1.00 0.00
0.90 0.70 7.08 1.00 0.00
0.90 0.70 7.26 1.00 0.00
0.90 0.70 7.43 1.00 0.00
0.90 0.70 7.61 1.00 0.00
0.90 0.70 7.78 1.00 0.00
0.90 0.70 7.95 1.00 0.00
0.90 0.70 8.13 1.00 0.00
0.90 0.70 8.30 1.00 0.00
0.90 0.70 8.48 1.00 0.00
0.90 0.70 8.65 1.00 0.00
0.90 0.70 8.83 1.00 0.00
0.90 0.70 9.00 1.00 0.00
0.90 0.70 9.18 1.00 0.00
0.90 0.70 9.35 1.00 0.00
0.90 0.70 9.52 1.00 0.00
0.90 0.70 9.70 1.00 0.00
0.90 0.70 9.87 1.00 0.00
0.90 0.70 10.05 1.00 0.00
1.10 0.70 7.09 1.00 0.00
1.10 0.70 7.26 1.00 0.00
1.10 0.70 7.43 1.00 0.00
1.10 0.70 7.61 1.00 0.00
1.10 0.70 7.78 1.00 0.00
1.10 0.70 7.96 1.00 0.00
1.10 0.70 8.13 1.00 0.00
1.10 0.70 8.31 1.00 0.00
1.10 0.70 8.48 1.00 0.00
1.10 0.70 8.66 1.00 0.00
1.10 0.70 8.83 1.00 0.00
1.10 0.70 9.01 1.00 0.00
1.10 0.70 9.18 1.00 0.00
1.10 0.70 9.35 1.00 0.00
1.10 0.70 9.53 1.00 0.00
1.10 0.70 9.70 1.00 0.00
1.10 0.70 9.88 1.00 0.00
1.10 0.70 10.05 1.00 0.00
0.30 0.87 7.05 1.00 0.00
0.30 0.87 7.22 1.00 0.00
0.30 0.87 7.40 1.00 0.00
0.30 0.87 7.57 1.00 0.00
0.30 0.87 7.75 1.00 0.00
0.30 0.87 7.92 1.00 0.00
0.30 0.87 8.10 1.00 0.00
0.30 0.87 8.27 1.00 0.00
0.30 0.87 8.45 1.00 0.00
0.30 0.87 8.62 1.00 0.00
0.30 0.87 8.79 1.00 0.00
0.30 0.87 8.97 1.00 0.00
0.30 0.87 9.14 1.00 0.00
0.30 0.87 9.32 1.00 0.00
0.30 0.87 9.49 1.00 0.00
0.30 0.87 9.67 1.00 0.00
0.30 0.87 9.84 1.00 0.00
0.30 0.87 10.02 1.00 0.00
0.50 0.87 7.04 1.00 0.00
0.50 0.87 7.22 1.00 0.00
0.50 0.87 7.39 1.00 0.00
0.50 0.87 7.57 1.00 0.00
0.50 0.87 7.74 1.00 0.00
0.50 0.87 7.92 1.00 0.00
0.50 0.87 8.09 1.00 0.00
0.50 0.87 8.27 1.00 0.00
0.50 0.87 8.44 1.00 0.00
0.50 0.87 8.62 1.00 0.00
0.50 0.87 8.79 1.00 0.00
0.50 0.87 8.96 1.00 0.00
0.50 0.87 9.14 1.00 0.00
0.50 0.87 9.31 1.00 0.00
0.50 0.87 9.49 1.00 0.00
0.50 0.87 9.66 1.00 0.00
0.50 0.87 9.84 1.00 0.00
0.50 0.87 10.01 1.00 0.00
0.70 0.87 7.04 1.00 0.00
0.70 0.87 7.22 1.00 0.00
0.70 0.87 7.39 1.00 0.00
0.70 0.87 7.56 1.00 0.00
0.70 0.87 7.74 1.00 0.00
0.70 0.87 7.91 1.00 0.00
0.70 0.87 8.09 1.00 0.00
0.70 0.87 8.26 1.00 0.00
0.70 0.87 8.44 1.00 0.00
0.70 0.87 8.61 1.00 0.00
0.70 0.87 8.79 1.00 0.00
0.70 0.87 8.96 1.00 0.00
0.70 0.87 9.14 1.00 0.00
0.70 0.87 9.31 1.00 0.00
0.70 0.87 9.48 1.00 0.00
0.70 0.87 9.66 1.00 0.00
0.70 0.87 9.83 1.00 0.00
0.70 0.87 10.01 1.00 0.00
0.90 0.87 7.04 1.00 0.00
0.90 0.87 7.21 1.00 0.00
0.90 0.87 7.39 1.00 0.00
0.90 0.87 7.56 1.00 0.00
0.90 0.87 7.74 1.00 0.00
0.90 0.87 7.91 1.00 0.00
0.90 0.87 8.08 1.00 0.00
0.90 0.87 8.26 1.00 0.00
0.90 0.87 8.43 1.00 0.00
0.90 0.87 8.61 1.00 0.00
0.90 0.87 8.78 1.00 0.00
0.90 0.87 8.96 1.00 0.00
0.90 0.87 9.13 1.00 0.00
0.90 0.87 9.31 1.00 0.00
0.90 0.87 9.48 1.00 0.00
0.90 0.87 9.66 1.00 0.00
0.90 0.87 9.83 1.00 0.00
0.90 0.87 10.00 1.00 0.00
1.10 0.87 7.03 1.00 0.00
1.10 0.87 7.21 1.00 0.00
1.10 0.87 7.38 1.00 0.00
1.10 0.87 7.56 1.00 0.00
1.10 0.87 7.73 1.00 0.00
1.10 0.87 7.91 1.00 0.00
1.10 0.87 8.08 1.00 0.00
1.10 0.87 8.26 1.00 0.00
1.10 0.87 8.43 1.00 0.00
1.10 0.87 8.61 1.00 0.00
1.10 0.87 8.78 1.00 0.00
1.10 0.87 8.95 1.00 0.00
1.10 0.87 9.13 1.00 0.00
1.10 0.87 9.30 1.00 0.00
1.10 0.87 9.48 1.00 0.00
1.10 0.87 9.65 1.00 0.00
1.10 0.87 9.83 1.00 0.00
1.10 0.87 10.00 1.00 0.00
0.30 1.05 7.03 1.00 0.00
0.30 1.05 7.21 1.00 0.00
0.30 1.05 7.38 1.00 0.00
0.30 1.05 7.56 1.00 0.00
0.30 1.05 7.73 1.00 0.00
0.30 1.05 7.90 1.00 0.00
0.30 1.05 8.08 1.00 0.00
0.30 1.05 8.25 1.00 0.00
0.30 1.05 8.43 1.00 0.00
0.30 1.05 8.60 1.00 0.00
0.30 1.05 8.78 1.00 0.00
0.30 1.05 8.95 1.00 0.00
0.30 1.05 9.13 1.00 0.00
0.30 1.05 9.30 1.00 0.00
0.30 1.05 9.48 1.00 0.00
0.30 1.05 9.65 1.00 0.00
0.30 1.05 9.82 1.00 0.00
0.30 1.05 10.00 1.00 0.00
0.50 1.05 7.02 1.00 0.00
0.50 1.05 7.19 1.00 0.00
0.50 1.05 7.37 1.00 0.00
0.50 1.05 7.54 1.00 0.00
0.50 1.05 7.72 1.00 0.00
0.50 1.05 7.89 1.00 0.00
0.50 1.05 8.06 1.00 0.00
0.50 1.05 8.24 1.00 0.00
0.50 1.05 8.41 1.00 0.00
0.50 1.05 8.59 1.00 0.00
0.50 1.05 8.76 1.00 0.00
0.50 1.05 8.94 1.00 0.00
0.50 1.05 9.11 1.00 0.00
0.50 1.05 9.29 1.00 0.00
0.50 1.05 9.46 1.00 0.00
0.50 1.05 9.64 1.00 0.00
0.50 1.05 9.81 1.00 0.00
0.50 1.05 9.98 1.00 0.00
0.70 1.05 7.01 1.00 0.00
0.70 1.05 7.18 1.00 0.00
0.70 1.05 7.35 1.00 0.00
0.70 1.05 7.53 1.00 0.00
0.70 1.05 7.70 1.00 0.00
0.70 1.05 7.88 1.00 0.00
0.70 1.05 8.05 1.00 0.00
0.70 1.05 8.23 1.00 0.00
0.70 1.05 8.40 1.00 0.00
0.70 1.05 8.58 1.00 0.00
0.70 1.05 8.75 1.00 0.00
0.70 1.05 8.92 1.00 0.00
0.70 1.05 9.10 1.00 0.00
0.70 1.05 9.27 1.00 0.00
0.70 1.05 9.45 1.00 0.00
0.70 1.05 9.62 1.00 0.00
0.70 1.05 9.80 1.00 0.00
0.70 1.05 9.97 1.00 0.00
0.90 1.05 6.99 1.00 0.00
0.90 1.05 7.17 1.00 0.00
0.90 1.05 7.34 1.00 0.00
0.90 1.05 7.52 1.00 0.00
0.90 1.05 7.69 1.00 0.00
0.90 1.05 7.87 1.00 0.00
0.90 1.05 8.04 1.00 0.00
0.90 1.05 8.22 1.00 0.00
0.90 1.05 8.39 1.00 0.00
0.90 1.05 8.56 1.00 0.00
0.90 1.05 8.74 1.00 0.00
0.90 1.05 8.91 1.00 0.00
0.90 1.05 9.09 1.00 0.00
0.90 1.05 9.26 1.00 0.00
0.90 1.05 9.44 1.00 0.00
0.90 1.05 9.61 1.00 0.00
0.90 1.05 9.79 1.00 0.00
0.90 1.05 9.96 1.00 0.00
1.10 1.05 6.98 1.00 0.00
1.10 1.05 7.16 1.00 0.00
1.10 1.05 7.33 1.00 0.00
1.10 1.05 7.51 1.00 0.00
1.10 1.05 7.68 1.00 0.00
1.10 1.05 7.86 1.00 0.00
1.10 1.05 8.03 1.00 0.00
1.10 1.05 8.21 1.00 0.00
1.10 1.05 8.38 1.00 0.00
1.10 1.05 8.55 1.00 0.00
1.10 1.05 8.73 1.00 0.00
1.10 1.05 8.90 1.00 0.00
1.10 1.05 9.08 1.00 0.00
1.10 1.05 9.25 1.00 0.00
1.10 1.05 9.43 1.00 0.00
1.10 1.05 9.60 1.00 0.00
1.10 1.05 9.78 1.00 0.00
1.10 1.05 9.95 1.00 0.00
0.30 1.22 7.01 1.00 0.00
0.30 1.22 7.19 1.00 0.00
0.30 1.22 7.36 1.00 0.00
0.30 1.22 7.54 1.00 0.00
0.30 1.22 7.71 1.00 0.00
0.30 1.22 7.89 1.00 0.00
0.30 1.22 8.06 1.00 0.00
0.30 1.22 8.24 1.00 0.00
0.30 1.22 8.41 1.00 0.00
0.30 1.22 8.59 1.00 0.00
0.30 1.22 8.76 1.00 0.00
0.30 1.22 8.93 1.00 0.00
0.30 1.22 9.11 1.00 0.00
0.30 1.22 9.28 1.00 0.00
0.30 1.22 9.46 1.00 0.00
0.30 1.22 9.63 1.00 0.00
0.30 1.22 9.81 1.00 0.00
0.30 1.22 9.98 1.00 0.00
0.50 1.22 6.99 1.00 0.00
0.50 1.22 7.17 1.00 0.00
0.50 1.22 7.34 1.00 0.00
0.50 1.22 7.51 1.00 0.00
0.50 1.22 7.69 1.00 0.00
0.50 1.22 7.86 1.00 0.00
0.50 1.22 8.04 1.00 0.00
0.50 1.22 8.21 1.00 0.00
0.50 1.22 8.39 1.00 0.00
0.50 1.22 8.56 1.00 0.00
0.50 1.22 8.74 1.00 0.00
0.50 1.22 8.91 1.00 0.00
0.50 1.22 9.09 1.00 0.00
0.50 1.22 9.26 1.00 0.00
0.50 1.22 9.43 1.00 0.00
0.50 1.22 9.61 1.00 0.00
0.50 1.22 9.78 1.00 0.00
0.50 1.22 9.96 1.00 0.00
0.70 1.22 6.97 1.00 0.00
0.70 1.22 7.14 1.00 0.00
0.70 1.22 7.32 1.00 0.00
0.70 1.22 7.49 1.00 0.00
0.70 1.22 7.67 1.00 0.00
0.70 1.22 7.84 1.00 0.00
0.70 1.22 8.02 1.00 0.00
0.70 1.22 8.19 1.00 0.00
0.70 1.22 8.37 1.00 0.00
0.70 1.22 8.54 1.00 0.00
0.70 1.22 8.72 1.00 0.00
0.70 1.22 8.89 1.00 0.00
0.70 1.22 9.06 1.00 0.00
0.70 1.22 9.24 1.00 0.00
0.70 1.22 9.41 1.00 0.00
0.70 1.22 9.59 1.00 0.00
0.70 1.22 9.76 1.00 0.00
0.70 1.22 9.94 1.00 0.00
0.90 1.22 6.95 1.00 0.00
0.90 1.22 7.13 1.00 0.00
0.90 1.22 7.30 1.00 0.00
0.90 1.22 7.47 1.00 0.00
0.90 1.22 7.65 1.00 0.00
0.90 1.22 7.82 1.00 0.00
0.90 1.22 8.00 1.00 0.00
0.90 1.22 8.17 1.00 0.00
0.90 1.22 8.35 1.00 0.00
0.90 1.22 8.52 1.00 0.00
0.90 1.22 8.70 1.00 0.00
0.90 1.22 8.87 1.00 0.00
0.90 1.22 9.05 1.00 0.00
0.90 1.22 9.22 1.00 0.00
0.90 1.22 9.39 1.00 0.00
0.90 1.22 9.57 1.00 0.00
0.90 1.22 9.74 1.00 0.00
0.90 1.22 9.92 1.00 0.00
1.10 1.22 6.93 1.00 0.00
1.10 1.22 7.11 1.00 0.00
1.10 1.22 7.28 1.00 0.00
1.10 1.22 7.46 1.00 0.00
1.10 1.22 7.63 1.00 0.00
1.10 1.22 7.81 1.00 0.00
1.10 1.22 7.98 1.00 0.00
1.10 1.22 8.16 1.00 0.00
1.10 1.22 8.33 1.00 0.00
1.10 1.22 8.51 1.00 0.00
1.10 1.22 8.68 1.00 0.00
1.10 1.22 8.85 1.00 0.00
1.10 1.22 9.03 1.00 0.00
1.10 1.22 9.20 1.00 0.00
1.10 1.22 9.38 1.00 0.00
1.10 1.22 9.55 1.00 0.00
1.10 1.22 9.73 1.00 0.00
1.10 1.22 9.90 1.00 0.00
0.30 1.40 7.00 1.00 0.00
0.30 1.40 7.17 1.00 0.00
0.30 1.40 7.35 1.00 0.00
0.30 1.40 7.52 1.00 0.00
0.30 1.40 7.70 1.00 0.00
0.30 1.40 7.87 1.00 0.00
0.30 1.40 8.05 1.00 0.00
0.30 1.40 8.22 1.00 0.00
0.30 1.40 8.40 1.00 0.00
0.30 1.40 8.57 1.00 0.00
0.30 1.40 8.74 1.00 0.00
0.30 1.40 8.92 1.00 0.00
0.30 1.40 9.09 1.00 0.00
0.30 1.40 9.27 1.00 0.00
0.30 1.40 9.44 1.00 0.00
0.30 1.40 9.62 1.00 0.00
0.30 1.40 9.79 1.00 0.00
0.30 1.40 9.97 1.00 0.00
0.50 1.40 6.97 1.00 0.00
0.50 1.40 7.14 1.00 0.00
0.50 1.40 7.31 1.00 0.00
0.50 1.40 7.49 1.00 0.00
0.50 1.40 7.66 1.00 0.00
0.50 1.40 7.84 1.00 0.00
0.50 1.40 8.01 1.00 0.00
0.50 1.40 8.19 1.00 0.00
0.50 1.40 8.36 1.00 0.00
0.50 1.40 8.54 1.00 0.00
0.50 1.40 8.71 1.00 0.00
0.50 1.40 8.89 1.00 0.00
0.50 1.40 9.06 1.00 0.00
0.50 1.40 9.23 1.00 0.00
0.50 1.40 9.41 1.00 0.00
0.50 1.40 9.58 1.00 0.00
0.50 1.40 9.76 1.00 0.00
0.50 1.40 9.93 1.00 0.00
0.70 1.40 6.94 1.00 0.00
0.70 1.40 7.11 1.00 0.00
0.70 1.40 7.29 1.00 0.00
0.70 1.40 7.46 1.00 0.00
0.70 1.40 7.63 1.00 0.00
0.70 1.40 7.81 1.00 0.00
0.70 1.40 7.98 1.00 0.00
0.70 1.40 8.16 1.00 0.00
0.70 1.40 8.33 1.00 0.00
0.70 1.40 8.51 1.00 0.00
0.70 1.40 8.68 1.00 0.00
0.70 1.40 8.86 1.00 0.00
0.70 1.40 9.03 1.00 0.00
0.70 1.40 9.21 1.00 0.00
0.70 1.40 9.38 1.00 0.00
0.70 1.40 9.55 1.00 0.00
0.70 1.40 9.73 1.00 0.00
0.70 1.40 9.90 1.00 0.00
0.90 1.40 6.91 1.00 0.00
0.90 1.40 7.08 1.00 0.00
0.90 1.40 7.26 1.00 0.00
0.90 1.40 7.43 1.00 0.00
0.90 1.40 7.61 1.00 0.00
0.90 1.40 7.78 1.00 0.00
0.90 1.40 7.96 1.00 0.00
0.90 1.40 8.13 1.00 0.00
0.90 1.40 8.31 1.00 0.00
0.90 1.40 8.48 1.00 0.00
0.90 1.40 8.65 1.00 0.00
0.90 1.40 8.83 1.00 0.00
0.90 1.40 9.00 1.00 0.00
0.90 1.40 9.18 1.00 0.00
0.90 1.40 9.35 1.00 0.00
0.90 1.40 9.53 1.00 0.00
0.90 1.40 9.70 1.00 0.00
0.90 1.40 9.88 1.00 0.00
1.10 1.40 6.89 1.00 0.00
1.10 1.40 7.06 1.00 0.00
1.10 1.40 7.23 1.00 0.00
1.10 1.40 7.41 1.00 0.00
1.10 1.40 7.58 1.00 0.00
1.10 1.40 7.76 1.00 0.00
1.10 1.40 7.93 1.00 0.00
1.10 1.40 8.11 1.00 0.00
1.10 1.40 8.28 1.00 0.00
1.10 1.40 8.46 1.00 0.00
1.10 1.40 8.63 1.00 0.00
1.10 1.40 8.81 1.00 0.00
1.10 1.40 8.98 1.00 0.00
1.10 1.40 9.15 1.00 0.00
1.10 1.40 9.33 1.00 0.00
1.10 1.40 9.50 1.00 0.00
1.10 1.40 9.68 1.00 0.00
1.10 1.40 9.85 1.00 0.00
0.30 1.57 6.98 1.00 0.00
0.30 1.57 7.16 1.00 0.00
0.30 1.57 7.33 1.00 0.00
0.30 1.57 7.51 1.00 0.00
0.30 1.57 7.68 1.00 0.00
0.30 1.57 7.86 1.00 0.00
0.30 1.57 8.03 1.00 0.00
0.30 1.57 8.21 1.00 0.00
0.30 1.57 8.38 1.00 0.00
0.30 1.57 8.56 1.00 0.00
0.30 1.57 8.73 1.00 0.00
0.30 1.57 8.90 1.00 0.00
0.30 1.57 9.08 1.00 0.00
0.30 1.57 9.25 1.00 0.00
0.30 1.57 9.43 1.00 0.00
0.30 1.57 9.60 1.00 0.00
0.30 1.57 9.78 1.00 0.00
0.30 1.57 9.95 1.00 0.00
0.50 1.57 6.94 1.00 0.00
0.50 1.57 7.12 1.00 0.00
0.50 1.57 7.29 1.00 0.00
0.50 1.57 7.47 1.00 0.00
0.50 1.57 7.64 1.00 0.00
0.50 1.57 7.81 1.00 0.00
0.50 1.57 7.99 1.00 0.00
0.50 1.57 8.16 1.00 0.00
0.50 1.57 8.34 1.00 0.00
0.50 1.57 8.51 1.00 0.00
0.50 1.57 8.69 1.00 0.00
0.50 1.57 8.86 1.00 0.00
0.50 1.57 9.04 1.00 0.00
0.50 1.57 9.21 1.00 0.00
0.50 1.57 9.39 1.00 0.00
0.50 1.57 9.56 1.00 0.00
0.50 1.57 9.73 1.00 0.00
0.50 1.57 9.91 1.00 0.00
0.70 1.57 6.90 1.00 0.00
0.70 1.57 7.08 1.00 0.00
0.70 1.57 7.25 1.00 0.00
0.70 1.57 7.43 1.00 0.00
0.70 1.57 7.60 1.00 0.00
0.70 1.57 7.78 1.00 0.00
0.70 1.57 7.95 1.00 0.00
0.70 1.57 8.13 1.00 0.00
0.70 1.57 8.30 1.00 0.00
0.70 1.57 8.47 1.00 0.00
0.70 1.57 8.65 1.00 0.00
0.70 1.57 8.82 1.00 0.00
0.70 1.57 9.00 1.00 0.00
0.70 1.57 9.17 1.00 0.00
0.70 1.57 9.35 1.00 0.00
0.70 1.57 9.52 1.00 0.00
0.70 1.57 9.70 1.00 0.00
0.70 1.57 9.87 1.00 0.00
0.90 1.57 6.87 1.00 0.00
0.90 1.57 7.04 1.00 0.00
0.90 1.57 7.22 1.00 0.00
0.90 1.57 7.39 1.00 0.00
0.90 1.57 7.57 1.00 0.00
0.90 1.57 7.74 1.00 0.00
0.90 1.57 7.92 1.00 0.00
0.90 1.57 8.09 1.00 0.00
0.90 1.57 8.27 1.00 0.00
0.90 1.57 8.44 1.00 0.00
0.90 1.57 8.62 1.00 0.00
0.90 1.57 8.79 1.00 0.00
0.90 1.57 8.96 1.00 0.00
0.90 1.57 9.14 1.00 0.00
0.90 1.57 9.31 1.00 0.00
0.90 1.57 9.49 1.00 0.00
0.90 1.57 9.66 1.00 0.00
0.90 1.57 9.84 1.00 0.00
1.10 1.57 6.84 1.00 0.00
1.10 1.57 7.01 1.00 0.00
1.10 1.57 7.19 1.00 0.00
1.10 1.57 7.36 1.00 0.00
1.10 1.57 7.54 1.00 0.00
1.10 1.57 7.71 1.00 0.00
1.10 1.57 7.89 1.00 0.00
1.10 1.57 8.06 1.00 0.00
1.10 1.57 8.23 1.00 0.00
1.10 1.57 8.41 1.00 0.00
1.10 1.57 8.58 1.00 0.00
1.10 1.57 8.76 1.00 0.00
1.10 1.57 8.93 1.00 0.00
1.10 1.57 9.11 1.00 0.00
1.10 1.57 9.28 1.00 0.00
1.10 1.57 9.46 1.00 0.00
1.10 1.57 9.63 1.00 0.00
1.10 1.57 9.81 1.00 0.00
0.30 1.75 6.97 1.00 0.00
0.30 1.75 7.15 1.00 0.00
0.30 1.75 7.32 1.00 0.00
0.30 1.75 7.50 1.00 0.00
0.30 1.75 7.67 1.00 0.00
0.30 1.75 7.84 1.00 0.00
0.30 1.75 8.02 1.00 0.00
0.30 1.75 8.19 1.00 0.00
0.30 1.75 8.37 1.00 0.00
0.30 1.75 8.54 1.00 0.00
0.30 1.75 8.72 1.00 0.00
0.30 1.75 8.89 1.00 0.00
0.30 1.75 9.07 1.00 0.00
0.30 1.75 9.24 1.00 0.00
0.30 1.75 9.41 1.00 0.00
0.30 1.75 9.59 1.00 0.00
0.30 1.75 9.76 1.00 0.00
0.30 1.75 9.94 1.00 0.00
0.50 1.75 6.92 1.00 0.00
0.50 1.75 7.10 1.00 0.00
0.50 1.75 7.27 1.00 0.00
0.50 1.75 7.44 1.00 0.00
0.50 1.75 7.62 1.00 0.00
0.50 1.75 7.79 1.00 0.00
0.50 1.75 7.97 1.00 0.00
0.50 1.75 8.14 1.00 0.00
0.50 1.75 8.32 1.00 0.00
0.50 1.75 8.49 1.00 0.00
0.50 1.75 8.67 1.00 0.00
0.50 1.75 8.84 1.00 0.00
0.50 1.75 9.02 1.00 0.00
0.50 1.75 9.19 1.00 0.00
0.50 1.75 9.36 1.00 0.00
0.50 1.75 9.54 1.00 0.00
0.50 1.75 9.71 1.00 0.00
0.50 1.75 9.89 1.00 0.00
0.70 1.75 6.87 1.00 0.00
0.70 1.75 7.05 1.00 0.00
0.70 1.75 7.22 1.00 0.00
0.70 1.75 7.40 1.00 0.00
0.70 1.75 7.57 1.00 0.00
0.70 1.75 7.75 1.00 0.00
0.70 1.75 7.92 1.00 0.00
0.70 1.75 8.10 1.00 0.00
0.70 1.75 8.27 1.00 0.00
0.70 1.75 8.45 1.00 0.00
0.70 1.75 8.62 1.00 0.00
0.70 1.75 8.79 1.00 0.00
0.70 1.75 8.97 1.00 0.00
0.70 1.75 9.14 1.00 0.00
0.70 1.75 9.32 1.00 0.00
0.70 1.75 9.49 1.00 0.00
0.70 1.75 9.67 1.00 0.00
0.70 1.75 9.84 1.00 0.00
0.90 1.75 6.83 1.00 0.00
0.90 1.75 7.01 1.00 0.00
0.90 1.75 7.18 1.00 0.00
0.90 1.75 7.36 1.00 0.00
0.90 1.75 7.53 1.00 0.00
0.90 1.75 7.71 1.00 0.00
0.90 1.75 7.88 1.00 0.00
0.90 1.75 8.05 1.00 0.00
0.90 1.75 8.23 1.00 0.00
0.90 1.75 8.40 1.00 0.00
0.90 1.75 8.58 1.00 0.00
0.90 1.75 8.75 1.00 0.00
0.90 1.75 8.93 1.00 0.00
0.90 1.75 9.10 1.00 0.00
0.90 1.75 9.28 1.00 0.00
0.90 1.75 9.45 1.00 0.00
0.90 1.75 9.62 1.00 0.00
0.90 1.75 9.80 1.00 0.00
1.10 1.75 6.79 1.00 0.00
1.10 1.75 6.97 1.00 0.00
1.10 1.75 7.14 1.00 0.00
1.10 1.75 7.32 1.00 0.00
1.10 1.75 7.49 1.00 0.00
1.10 1.75 7.67 1.00 0.00
1.10 1.75 7.84 1.00 0.00
1.10 1.75 8.02 1.00 0.00
1.10 1.75 8.19 1.00 0.00
1.10 1.75 8.36 1.00 0.00
1.10 1.75 8.54 1.00 0.00
1.10 1.75 8.71 1.00 0.00
1.10 1.75 8.89 1.00 0.00
1.10 1.75 9.06 1.00 0.00
1.10 1.75 9.24 1.00 0.00
1.10 1.75 9.41 1.00 0.00
1.10 1.75 9.59 1.00 0.00
1.10 1.75 9.76 1.00 0.00
0.30 1.92 6.96 1.00 0.00
0.30 1.92 7.14 1.00 0.00
0.30 1.92 7.31 1.00 0.00
0.30 1.92 7.48 1.00 0.00
0.30 1.92 7.66 1.00 0.00
0.30 1.92 7.83 1.00 0.00
0.30 1.92 8.01 1.00 0.00
0.30 1.92 8.18 1.00 0.00
0.30 1.92 8.36 1.00 0.00
0.30 1.92 8.53 1.00 0.00
0.30 1.92 8.71 1.00 0.00
0.30 1.92 8.88 1.00 0.00
0.30 1.92 9.06 1.00 0.00
0.30 1.92 9.23 1.00 0.00
0.30 1.92 9.40 1.00 0.00
0.30 1.92 9.58 1.00 0.00
0.30 1.92 9.75 1.00 0.00
0.30 1.92 9.93 1.00 0.00
0.50 1.92 6.90 1.00 0.00
0.50 1.92 7.08 1.00 0.00
0.50 1.92 7.25 1.00 0.00
0.50 1.92 7.43 1.00 0.00
0.50 1.92 7.60 1.00 0.00
0.50 1.92 7.78 1.00 0.00
0.50 1.92 7.95 1.00 0.00
0.50 1.92 8.12 1.00 0.00
0.50 1.92 8.30 1.00 0.00
0.50 1.92 8.47 1.00 0.00
0.50 1.92 8.65 1.00 0.00
0.50 1.92 8.82 1.00 0.00
0.50 1.92 9.00 1.00 0.00
0.50 1.92 9.17 1.00 0.00
0.50 1.92 9.35 1.00 0.00
0.50 1.92 9.52 1.00 0.00
0.50 1.92 9.69 1.00 0.00
0.50 1.92 9.87 1.00 0.00
0.70 1.92 6.85 1.00 0.00
0.70 1.92 7.02 1.00 0.00
0.70 1.92 7.20 1.00 0.00
0.70 1.92 7.37 1.00 0.00
0.70 1.92 7.55 1.00 0.00
0.70 1.92 7.72 1.00 0.00
0.70 1.92 7.90 1.00 0.00
0.70 1.92 8.07 1.00 0.00
0.70 1.92 8.24 1.00 0.00
0.70 1.92 8.42 1.00 0.00
0.70 1.92 8.59 1.00 0.00
0.70 1.92 8.77 1.00 0.00
0.70 1.92 8.94 1.00 0.00
0.70 1.92 9.12 1.00 0.00
0.70 1.92 9.29 1.00 0.00
0.70 1.92 9.47 1.00 0.00
0.70 1.92 9.64 1.00 0.00
0.70 1.92 9.82 1.00 0.00
0.90 1.92 6.80 1.00 0.00
0.90 1.92 6.97 1.00 0.00
0.90 1.92 7.15 1.00 0.00
0.90 1.92 7.32 1.00 0.00
0.90 1.92 7.50 1.00 0.00
0.90 1.92 7.67 1.00 0.00
0.90 1.92 7.85 1.00 0.00
0.90 1.92 8.02 1.00 0.00
0.90 1.92 8.19 1.00 0.00
0.90 1.92 8.37 1.00 0.00
0.90 1.92 8.54 1.00 0.00
0.90 1.92 8.72 1.00 0.00
0.90 1.92 8.89 1.00 0.00
0.90 1.92 9.07 1.00 0.00
0.90 1.92 9.24 1.00 0.00
0.90 1.92 9.42 1.00 0.00
0.90 1.92 9.59 1.00 0.00
0.90 1.92 9.77 1.00 0.00
1.10 1.92 6.75 1.00 0.00
1.10 1.92 6.93 1.00 0.00
1.10 1.92 7.10 1.00 0.00
1.10 1.92 7.28 1.00 0.00
1.10 1.92 7.45 1.00 0.00
1.10 1.92 7.63 1.00 0.00
1.10 1.92 7.80 1.00 0.00
1.10 1.92 7.97 1.00 0.00
1.10 1.92 8.15 1.00 0.00
1.10 1.92 8.32 1.00 0.00
1.10 1.92 8.50 1.00 0.00
1.10 1.92 8.67 1.00 0.00
1.10 1.92 8.85 1.00 0.00
1.10 1.92 9.02 1.00 0.00
1.10 1.92 9.20 1.00 0.00
1.10 1.92 9.37 1.00 0.00
1.10 1.92 9.54 1.00 0.00
1.10 1.92 9.72 1.00 0.00
0.30 2.09 6.95 1.00 0.00
0.30 2.09 7.13 1.00 0.00
0.30 2.09 7.30 1.00 0.00
0.30 2.09 7.48 1.00 0.00
0.30 2.09 7.65 1.00 0.00
0.30 2.09 7.83 1.00 0.00
0.30 2.09 8.00 1.00 0.00
0.30 2.09 8.17 1.00 0.00
0.30 2.09 8.35 1.00 0.00
0.30 2.09 8.52 1.00 0.00
0.30 2.09 8.70 1.00 0.00
0.30 2.09 8.87 1.00 0.00
0.30 2.09 9.05 1.00 0.00
0.30 2.09 9.22 1.00 0.00
0.30 2.09 9.40 1.00 0.00
0.30 2.09 9.57 1.00 0.00
0.30 2.09 9.74 1.00 0.00
0.30 2.09 9.92 1.00 0.00
0.50 2.09 6.89 1.00 0.00
0.50 2.09 7.06 1.00 0.00
0.50 2.09 7.24 1.00 0.00
0.50 2.09 7.41 1.00 0.00
0.50 2.09 7.59 1.00 0.00
0.50 2.09 7.76 1.00 0.00
0.50 2.09 7.93 1.00 0.00
0.50 2.09 8.11 1.00 0.00
0.50 2.09 8.28 1.00 0.00
0.50 2.09 8.46 1.00 0.00
0.50 2.09 8.63 1.00 0.00
0.50 2.09 8.81 1.00 0.00
0.50 2.09 8.98 1.00 0.00
0.50 2.09 9.16 1.00 0.00
0.50 2.09 9.33 1.00 0.00
0.50 2.09 9.51 1.00 0.00
0.50 2.09 9.68 1.00 0.00
0.50 2.09 9.85 1.00 0.00
0.70 2.09 6.83 1.00 0.00
0.70 2.09 7.00 1.00 0.00
0.70 2.09 7.18 1.00 0.00
0.70 2.09 7.35 1.00 0.00
0.70 2.09 7.52 1.00 0.00
0.70 2.09 7.70 1.00 0.00
0.70 2.09 7.87 1.00 0.00
0.70 2.09 8.05 1.00 0.00
0.70 2.09 8.22 1.00 0.00
0.70 2.09 8.40 1.00 0.00
0.70 2.09 8.57 1.00 0.00
0.70 2.09 8.75 1.00 0.00
0.70 2.09 8.92 1.00 0.00
0.70 2.09 9.09 1.00 0.00
0.70 2.09 9.27 1.00 0.00
0.70 2.09 9.44 1.00 0.00
0.70 2.09 9.62 1.00 0.00
0.70 2.09 9.79 1.00 0.00
0.90 2.09 6.77 1.00 0.00
0.90 2.09 6.94 1.00 0.00
0.90 2.09 7.12 1.00 0.00
0.90 2.09 7.29 1.00 0.00
0.90 2.09 7.47 1.00 0.00
0.90 2.09 7.64 1.00 0.00
0.90 2.09 7.82 1.00 0.00
0.90 2.09 7.99 1.00 0.00
0.90 2.09 8.16 1.00 0.00
0.90 2.09 8.34 1.00 0.00
0.90 2.09 8.51 1.00 0.00
0.90 2.09 8.69 1.00 0.00
0.90 2.09 8.86 1.00 0.00
0.90 2.09 9.04 1.00 0.00
0.90 2.09 9.21 1.00 0.00
0.90 2.09 9.39 1.00 0.00
0.90 2.09 9.56 1.00 0.00
0.90 2.09 9.74 1.00 0.00
1.10 2.09 6.72 1.00 0.00
1.10 2.09 6.89 1.00 0.00
1.10 2.09 7.06 1.00 0.00
1.10 2.09 7.24 1.00 0.00
1.10 2.09 7.41 1.00 0.00
1.10 2.09 7.59 1.00 0.00
1.10 2.09 7.76 1.00 0.00
1.10 2.09 7.94 1.00 0.00
1.10 2.09 8.11 1.00 0.00
1.10 2.09 8.29 1.00 0.00
1.10 2.09 8.46 1.00 0.00
1.10 2.09 8.63 1.00 0.00
1.10 2.09 8.81 1.00 0.00
1.10 2.09 8.98 1.00 0.00
1.10 2.09 9.16 1.00 0.00
1.10 2.09 9.33 1.00 0.00
1.10 2.09 9.51 1.00 0.00
1.10 2.09 9.68 1.00 0.00
0.30 2.27 6.95 1.00 0.00
0.30 2.27 7.12 1.00 0.00
0.30 2.27 7.30 1.00 0.00
0.30 2.27 7.47 1.00 0.00
0.30 2.27 7.65 1.00 0.00
0.30 2.27 7.82 1.00 0.00
0.30 2.27 7.99 1.00 0.00
0.30 2.27 8.17 1.00 0.00
0.30 2.27 8.34 1.00 0.00
0.30 2.27 8.52 1.00 0.00
0.30 2.27 8.69 1.00 0.00
0.30 2.27 8.87 1.00 0.00
0.30 2.27 9.04 1.00 0.00
0.30 2.27 9.22 1.00 0.00
0.30 2.27 9.39 1.00 0.00
0.30 2.27 9.56 1.00 0.00
0.30 2.27 9.74 1.00 0.00
0.30 2.27 9.91 1.00 0.00
0.50 2.27 6.88 1.00 0.00
0.50 2.27 7.05 1.00 0.00
0.50 2.27 7.23 1.00 0.00
0.50 2.27 7.40 1.00 0.00
0.50 2.27 7.57 1.00 0.00
0.50 2.27 7.75 1.00 0.00
0.50 2.27 7.92 1.00 0.00
0.50 2.27 8.10 1.00 0.00
0.50 2.27 8.27 1.00 0.00
0.50 2.27 8.45 1.00 0.00
0.50 2.27 8.62 1.00 0.00
0.50 2.27 8.80 1.00 0.00
0.50 2.27 8.97 1.00 0.00
0.50 2.27 9.15 1.00 0.00
0.50 2.27 9.32 1.00 0.00
0.50 2.27 9.49 1.00 0.00
0.50 2.27 9.67 1.00 0.00
0.50 2.27 9.84 1.00 0.00
0.70 2.27 6.81 1.00 0.00
0.70 2.27 6.98 1.00 0.00
0.70 2.27 7.16 1.00 0.00
0.70 2.27 7.33 1.00 0.00
0.70 2.27 7.51 1.00 0.00
0.70 2.27 7.68 1.00 0.00
0.70 2.27 7.86 1.00 0.00
0.70 2.27 8.03 1.00 0.00
0.70 2.27 8.20 1.00 0.00
0.70 2.27 8.38 1.00 0.00
0.70 2.27 8.55 1.00 0.00
0.70 2.27 8.73 1.00 0.00
0.70 2.27 8.90 1.00 0.00
0.70 2.27 9.08 1.00 0.00
0.70 2.27 9.25 1.00 0.00
0.70 2.27 9.43 1.00 0.00
0.70 2.27 9.60 1.00 0.00
0.70 2.27 9.78 1.00 0.00
0.90 2.27 6.74 1.00 0.00
0.90 2.27 6.92 1.00 0.00
0.90 2.27 7.09 1.00 0.00
0.90 2.27 7.27 1.00 0.00
0.90 2.27 7.44 1.00 0.00
0.90 2.27 7.62 1.00 0.00
0.90 2.27 7.79 1.00 0.00
0.90 2.27 7.97 1.00 0.00
0.90 2.27 8.14 1.00 0.00
0.90 2.27 8.31 1.00 0.00
0.90 2.27 8.49 1.00 0.00
0.90 2.27 8.66 1.00 0.00
0.90 2.27 8.84 1.00 0.00
0.90 2.27 9.01 1.00 0.00
0.90 2.27 9.19 1.00 0.00
0.90 2.27 9.36 1.00 0.00
0.90 2.27 9.54 1.00 0.00
0.90 2.27 9.71 1.00 0.00
1.10 2.27 6.68 1.00 0.00
1.10 2.27 6.86 1.00 0.00
1.10 2.27 7.03 1.00 0.00
1.10 2.27 7.21 1.00 0.00
1.10 2.27 7.38 1.00 0.00
1.10 2.27 7.56 1.00 0.00
1.10 2.27 7.73 1.00 0.00
1.10 2.27 7.90 1.00 0.00
1.10 2.27 8.08 1.00 0.00
1.10 2.27 8.25 1.00 0.00
1.10 2.27 8.43 1.00 0.00
1.10 2.27 8.60 1.00 0.00
1.10 2.27 8.78 1.00 0.00
1.10 2.27 8.95 1.00 0.00
1.10 2.27 9.13 1.00 0.00
1.10 2.27 9.30 1.00 0.00
1.10 2.27 9.48 1.00 0.00
1.10 2.27 9.65 1.00 0.00
0.30 2.44 6.94 1.00 0.00
0.30 2.44 7.12 1.00 0.00
0.30 2.44 7.29 1.00 0.00
0.30 2.44 7.47 1.00 0.00
0.30 2.44 7.64 1.00 0.00
0.30 2.44 7.82 1.00 0.00
0.30 2.44 7.99 1.00 0.00
0.30 2.44 8.17 1.00 0.00
0.30 2.44 8.34 1.00 0.00
0.30 2.44 8.52 1.00 0.00
0.30 2.44 8.69 1.00 0.00
0.30 2.44 8.86 1.00 0.00
0.30 2.44 9.04 1.00 0.00
0.30 2.44 9.21 1.00 0.00
0.30 2.44 9.39 1.00 0.00
0.30 2.44 9.56 1.00 0.00
0.30 2.44 9.74 1.00 0.00
0.30 2.44 9.91 1.00 0.00
0.50 2.44 6.87 1.00 0.00
0.50 2.44 7.04 1.00 0.00
0.50 2.44 7.22 1.00 0.00
0.50 2.44 7.39 1.00 0.00
0.50 2.44 7.57 1.00 0.00
0.50 2.44 7.74 1.00 0.00
0.50 2.44 7.92 1.00 0.00
0.50 2.44 8.09 1.00 0.00
0.50 2.44 8.27 1.00 0.00
0.50 2.44 8.44 1.00 0.00
0.50 2.44 8.62 1.00 0.00
0.50 2.44 8.79 1.00 0.00
0.50 2.44 8.96 1.00 0.00
0.50 2.44 9.14 1.00 0.00
0.50 2.44 9.31 1.00 0.00
0.50 2.44 9.49 1.00 0.00
0.50 2.44 9.66 1.00 0.00
0.50 2.44 9.84 1.00 0.00
0.70 2.44 6.80 1.00 0.00
0.70 2.44 6.97 1.00 0.00
0.70 2.44 7.15 1.00 0.00
0.70 2.44 7.32 1.00 0.00
0.70 2.44 7.50 1.00 0.00
0.70 2.44 7.67 1.00 0.00
0.70 2.44 7.84 1.00 0.00
0.70 2.44 8.02 1.00 0.00
0.70 2.44 8.19 1.00 0.00
0.70 2.44 8.37 1.00 0.00
0.70 2.44 8.54 1.00 0.00
0.70 2.44 8.72 1.00 0.00
0.70 2.44 8.89 1.00 0.00
0.70 2.44 9.07 1.00 0.00
0.70 2.44 9.24 1.00 0.00
0.70 2.44 9.42 1.00 0.00
0.70 2.44 9.59 1.00 0.00
0.70 2.44 9.76 1.00 0.00
0.90 2.44 6.73 1.00 0.00
0.90 2.44 6.90 1.00 0.00
0.90 2.44 7.07 1.00 0.00
0.90 2.44 7.25 1.00 0.00
0.90 2.44 7.42 1.00 0.00
0.90 2.44 7.60 1.00 0.00
0.90 2.44 7.77 1.00 0.00
0.90 2.44 7.95 1.00 0.00
0.90 2.44 8.12 1.00 0.00
0.90 2.44 8.30 1.00 0.00
0.90 2.44 8.47 1.00 0.00
0.90 2.44 8.65 1.00 0.00
0.90 2.44 8.82 1.00 0.00
0.90 2.44 8.99 1.00 0.00
0.90 2.44 9.17 1.00 0.00
0.90 2.44 9.34 1.00 0.00
0.90 2.44 9.52 1.00 0.00
0.90 2.44 9.69 1.00 0.00
1.10 2.44 6.66 1.00 0.00
1.10 2.44 6.83 1.00 0.00
1.10 2.44 7.01 1.00 0.00
1.10 2.44 7.18 1.00 0.00
1.10 2.44 7.36 1.00 0.00
1.10 2.44 7.53 1.00 0.00
1.10 2.44 7.70 1.00 0.00
1.10 2.44 7.88 1.00 0.00
1.10 2.44 8.05 1.00 0.00
1.10 2.44 8.23 1.00 0.00
1.10 2.44 8.40 1.00 0.00
1.10 2.44 8.58 1.00 0.00
1.10 2.44 8.75 1.00 0.00
1.10 2.44 8.93 1.00 0.00
1.10 2.44 9.10 1.00 0.00
1.10 2.44 9.28 1.00 0.00
1.10 2.44 9.45 1.00 0.00
1.10 2.44 9.62 1.00 0.00
0.30 2.62 6.95 1.00 0.00
0.30 2.62 7.12 1.00 0.00
0.30 2.62 7.29 1.00 0.00
0.30 2.62 7.47 1.00 0.00
0.30 2.62 7.64 1.00 0.00
0.30 2.62 7.82 1.00 0.00
0.30 2.62 7.99 1.00 0.00
0.30 2.62 8.17 1.00 0.00
0.30 2.62 8.34 1.00 0.00
0.30 2.62 8.52 1.00 0.00
0.30 2.62 8.69 1.00 0.00
0.30 2.62 8.87 1.00 0.00
0.30 2.62 9.04 1.00 0.00
0.30 2.62 9.21 1.00 0.00
0.30 2.62 9.39 1.00 0.00
0.30 2.62 9.56 1.00 0.00
0.30 2.62 9.74 1.00 0.00
0.30 2.62 9.91 1.00 0.00
0.50 2.62 6.87 1.00 0.00
0.50 2.62 7.04 1.00 0.00
0.50 2.62 7.22 1.00 0.00
0.50 2.62 7.39 1.00 0.00
0.50 2.62 7.57 1.00 0.00
0.50 2.62 7.74 1.00 0.00
0.50 2.62 7.92 1.00 0.00
0.50 2.62 8.09 1.00 0.00
0.50 2.62 8.27 1.00 0.00
0.50 2.62 8.44 1.00 0.00
0.50 2.62 8.61 1.00 0.00
0.50 2.62 8.79 1.00 0.00
0.50 2.62 8.96 1.00 0.00
0.50 2.62 9.14 1.00 0.00
0.50 2.62 9.31 1.00 0.00
0.50 2.62 9.49 1.00 0.00
0.50 2.62 9.66 1.00 0.00
0.50 2.62 9.84 1.00 0.00
0.70 2.62 6.79 1.00 0.00
0.70 2.62 6.97 1.00 0.00
0.70 2.62 7.14 1.00 0.00
0.70 2.62 7.32 1.00 0.00
0.70 2.62 7.49 1.00 0.00
0.70 2.62 7.67 1.00 0.00
0.70 2.62 7.84 1.00 0.00
0.70 2.62 8.01 1.00 0.00
0.70 2.62 8.19 1.00 0.00
0.70 2.62 8.36 1.00 0.00
0.70 2.62 8.54 1.00 0.00
0.70 2.62 8.71 1.00 0.00
0.70 2.62 8.89 1.00 0.00
0.70 2.62 9.06 1.00 0.00
0.70 2.62 9.24 1.00 0.00
0.70 2.62 9.41 1.00 0.00
0.70 2.62 9.59 1.00 0.00
0.70 2.62 9.76 1.00 0.00
0.90 2.62 6.72 1.00 0.00
0.90 2.62 6.89 1.00 0.00
0.90 2.62 7.06 1.00 0.00
0.90 2.62 7.24 1.00 0.00
0.90 2.62 7.41 1.00 0.00
0.90 2.62 7.59 1.00 0.00
0.90 2.62 7.76 1.00 0.00
0.90 2.62 7.94 1.00 0.00
0.90 2.62 8.11 1.00 0.00
0.90 2.62 8.29 1.00 0.00
0.90 2.62 8.46 1.00 0.00
0.90 2.62 8.64 1.00 0.00
0.90 2.62 8.81 1.00 0.00
0.90 2.62 8.98 1.00 0.00
0.90 2.62 9.16 1.00 0.00
0.90 2.62 9.33 1.00 0.00
0.90 2.62 9.51 1.00 0.00
0.90 2.62 9.68 1.00 0.00
1.10 2.62 6.64 1.00 0.00
1.10 2.62 6.81 1.00 0.00
1.10 2.62 6.99 1.00 0.00
1.10 2.62 7.16 1.00 0.00
1.10 2.62 7.34 1.00 0.00
1.10 2.62 7.51 1.00 0.00
1.10 2.62 7.69 1.00 0.00
1.10 2.62 7.86 1.00 0.00
1.10 2.62 8.04 1.00 0.00
1.10 2.62 8.21 1.00 0.00
1.10 2.62 8.39 1.00 0.00
1.10 2.62 8.56 1.00 0.00
1.10 2.62 8.73 1.00 0.00
1.10 2.62 8.91 1.00 0.00
1.10 2.62 9.08 1.00 0.00
1.10 2.62 9.26 1.00 0.00
1.10 2.62 9.43 1.00 0.00
1.10 2.62 9.61 1.00 0.00
0.30 2.79 6.95 1.00 0.00
0.30 2.79 7.12 1.00 0.00
0.30 2.79 7.30 1.00 0.00
0.30 2.79 7.47 1.00 0.00
0.30 2.79 7.65 1.00 0.00
0.30 2.79 7.82 1.00 0.00
0.30 2.79 8.00 1.00 0.00
0.30 2.79 8.17 1.00 0.00
0.30 2.79 8.35 1.00 0.00
0.30 2.79 8.52 1.00 0.00
0.30 2.79 8.70 1.00 0.00
0.30 2.79 8.87 1.00 0.00
0.30 2.79 9.04 1.00 0.00
0.30 2.79 9.22 1.00 0.00
0.30 2.79 9.39 1.00 0.00
0.30 2.79 9.57 1.00 0.00
0.30 2.79 9.74 1.00 0.00
0.30 2.79 9.92 1.00 0.00
0.50 2.79 6.87 1.00 0.00
0.50 2.79 7.05 1.00 0.00
0.50 2.79 7.22 1.00 0.00
0.50 2.79 7.40 1.00 0.00
0.50 2.79 7.57 1.00 0.00
0.50 2.79 7.75 1.00 0.00
0.50 2.79 7.92 1.00 0.00
0.50 2.79 8.10 1.00 0.00
0.50 2.79 8.27 1.00 0.00
0.50 2.79 8.45 1.00 0.00
0.50 2.79 8.62 1.00 0.00
0.50 2.79 8.79 1.00 0.00
0.50 2.79 8.97 1.00 0.00
0.50 2.79 9.14 1.00 0.00
0.50 2.79 9.32 1.00 0.00
0.50 2.79 9.49 1.00 0.00
0.50 2.79 9.67 1.00 0.00
0.50 2.79 9.84 1.00 0.00
0.70 2.79 6.80 1.00 0.00
0.70 2.79 6.97 1.00 0.00
0.70 2.79 7.15 1.00 0.00
0.70 2.79 7.32 1.00 0.00
0.70 2.79 7.49 1.00 0.00
0.70 2.79 7.67 1.00 0.00
0.70 2.79 7.84 1.00 0.00
0.70 2.79 8.02 1.00 0.00
0.70 2.79 8.19 1.00 0.00
0.70 2.79 8.37 1.00 0.00
0.70 2.79 8.54 1.00 0.00
0.70 2.79 8.72 1.00 0.00
0.70 2.79 8.89 1.00 0.00
0.70 2.79 9.07 1.00 0.00
0.70 2.79 9.24 1.00 0.00
0.70 2.79 9.41 1.00 0.00
0.70 2.79 9.59 1.00 0.00
0.70 2.79 9.76 1.00 0.00
0.90 2.79 6.72 1.00 0.00
0.90 2.79 6.89 1.00 0.00
0.90 2.79 7.06 1.00 0.00
0.90 2.79 7.24 1.00 0.00
0.90 2.79 7.41 1.00 0.00
0.90 2.79 7.59 1.00 0.00
0.90 2.79 7.76 1.00 0.00
0.90 2.79 7.94 1.00 0.00
0.90 2.79 8.11 1.00 0.00
0.90 2.79 8.29 1.00 0.00
0.90 2.79 8.46 1.00 0.00
0.90 2.79 8.64 1.00 0.00
0.90 2.79 8.81 1.00 0.00
0.90 2.79 8.98 1.00 0.00
0.90 2.79 9.16 1.00 0.00
0.90 2.79 9.33 1.00 0.00
0.90 2.79 9.51 1.00 0.00
0.90 2.79 9.68 1.00 0.00
1.10 2.79 6.63 1.00 0.00
1.10 2.79 6.81 1.00 0.00
1.10 2.79 6.98 1.00 0.00
1.10 2.79 7.16 1.00 0.00
1.10 2.79 7.33 1.00 0.00
1.10 2.79 7.51 1.00 0.00
1.10 2.79 7.68 1.00 0.00
1.10 2.79 7.86 1.00 0.00
1.10 2.79 8.03 1.00 0.00
1.10 2.79 8.20 1.00 0.00
1.10 2.79 8.38 1.00 0.00
1.10 2.79 8.55 1.00 0.00
1.10 2.79 8.73 1.00 0.00
1.10 2.79 8.90 1.00 0.00
1.10 2.79 9.08 1.00 0.00
1.10 2.79 9.25 1.00 0.00
1.10 2.79 9.43 1.00 0.00
1.10 2.79 9.60 1.00 0.00
0.30 2.97 6.96 1.00 0.00
0.30 2.97 7.13 1.00 0.00
0.30 2.97 7.31 1.00 0.00
0.30 2.97 7.48 1.00 0.00
0.30 2.97 7.66 1.00 0.00
0.30 2.97 7.83 1.00 0.00
0.30 2.97 8.01 1.00 0.00
0.30 2.97 8.18 1.00 0.00
0.30 2.97 8.35 1.00 0.00
0.30 2.97 8.53 1.00 0.00
0.30 2.97 8.70 1.00 0.00
0.30 2.97 8.88 1.00 0.00
0.30 2.97 9.05 1.00 0.00
0.30 2.97 9.23 1.00 0.00
0.30 2.97 9.40 1.00 0.00
0.30 2.97 9.58 1.00 0.00
0.30 2.97 9.75 1.00 0.00
0.30 2.97 9.93 1.00 0.00
0.50 2.97 6.89 1.00 0.00
0.50 2.97 7.06 1.00 0.00
0.50 2.97 7.24 1.00 0.00
0.50 2.97 7.41 1.00 0.00
0.50 2.97 7.58 1.00 0.00
0.50 2.97 7.76 1.00 0.00
0.50 2.97 7.93 1.00 0.00
0.50 2.97 8.11 1.00 0.00
0.50 2.97 8.28 1.00 0.00
0.50 2.97 8.46 1.00 0.00
0.50 2.97 8.63 1.00 0.00
0.50 2.97 8.81 1.00 0.00
0.50 2.97 8.98 1.00 0.00
0.50 2.97 9.16 1.00 0.00
0.50 2.97 9.33 1.00 0.00
0.50 2.97 9.50 1.00 0.00
0.50 2.97 9.68 1.00 0.00
0.50 2.97 9.85 1.00 0.00
0.70 2.97 6.81 1.00 0.00
0.70 2.97 6.98 1.00 0.00
0.70 2.97 7.16 1.00 0.00
0.70 2.97 7.33 1.00 0.00
0.70 2.97 7.51 1.00 0.00
0.70 2.97 7.68 1.00 0.00
0.70 2.97 7.86 1.00 0.00
0.70 2.97 8.03 1.00 0.00
0.70 2.97 8.21 1.00 0.00
0.70 2.97 8.38 1.00 0.00
0.70 2.97 8.55 1.00 0.00
0.70 2.97 8.73 1.00 0.00
0.70 2.97 8.90 1.00 0.00
0.70 2.97 9.08 1.00 0.00
0.70 2.97 9.25 1.00 0.00
0.70 2.97 9.43 1.00 0.00
0.70 2.97 9.60 1.00 0.00
0.70 2.97 9.78 1.00 0.00
0.90 2.97 6.73 1.00 0.00
0.90 2.97 6.90 1.00 0.00
0.90 2.97 7.08 1.00 0.00
0.90 2.97 7.25 1.00 0.00
0.90 2.97 7.43 1.00 0.00
0.90 2.97 7.60 1.00 0.00
0.90 2.97 7.77 1.00 0.00
0.90 2.97 7.95 1.00 0.00
0.90 2.97 8.12 1.00 0.00
0.90 2.97 8.30 1.00 0.00
0.90 2.97 8.47 1.00 0.00
0.90 2.97 8.65 1.00 0.00
0.90 2.97 8.82 1.00 0.00
0.90 2.97 9.00 1.00 0.00
0.90 2.97 9.17 1.00 0.00
0.90 2.97 9.35 1.00 0.00
0.90 2.97 9.52 1.00 0.00
0.90 2.97 9.69 1.00 0.00
1.10 2.97 6.64 1.00 0.00
1.10 2.97 6.82 1.00 0.00
1.10 2.97 6.99 1.00 0.00
1.10 2.97 7.17 1.00 0.00
1.10 2.97 7.34 1.00 0.00
1.10 2.97 7.51 1.00 0.00
1.10 2.97 7.69 1.00 0.00
1.10 2.97 7.86 1.00 0.00
1.10 2.97 8.04 1.00 0.00
1.10 2.97 8.21 1.00 0.00
1.10 2.97 8.39 1.00 0.00
1.10 2.97 8.56 1.00 0.00
1.10 2.97 8.74 1.00 0.00
1.10 2.97 8.91 1.00 0.00
1.10 2.97 9.08 1.00 0.00
1.10 2.97 9.26 1.00 0.00
1.10 2.97 9.43 1.00 0.00
1.10 2.97 9.61 1.00 0.00
0.30 3.14 6.97 1.00 0.00
0.30 3.14 7.14 1.00 0.00
0.30 3.14 7.32 1.00 0.00
0.30 3.14 7.49 1.00 0.00
0.30 3.14 7.67 1.00 0.00
0.30 3.14 7.84 1.00 0.00
0.30 3.14 8.02 1.00 0.00
0.30 3.14 8.19 1.00 0.00
0.30 3.14 8.37 1.00 0.00
0.30 3.14 8.54 1.00 0.00
0.30 3.14 8.72 1.00 0.00
0.30 3.14 8.89 1.00 0.00
0.30 3.14 9.06 1.00 0.00
0.30 3.14 9.24 1.00 0.00
0.30 3.14 9.41 1.00 0.00
0.30 3.14 9.59 1.00 0.00
0.30 3.14 9.76 1.00 0.00
0.30 3.14 9.94 1.00 0.00
0.50 3.14 6.90 1.00 0.00
0.50 3.14 7.08 1.00 0.00
0.50 3.14 7.25 1.00 0.00
0.50 3.14 7.43 1.00 0.00
0.50 3.14 7.60 1.00 0.00
0.50 3.14 7.78 1.00 0.00
0.50 3.14 7.95 1.00 0.00
0.50 3.14 8.13 1.00 0.00
0.50 3.14 8.30 1.00 0.00
0.50 3.14 8.48 1.00 0.00
0.50 3.14 8.65 1.00 0.00
0.50 3.14 8.82 1.00 0.00
0.50 3.14 9.00 1.00 0.00
0.50 3.14 9.17 1.00 0.00
0.50 3.14 9.35 1.00 0.00
0.50 3.14 9.52 1.00 0.00
0.50 3.14 9.70 1.00 0.00
0.50 3.14 9.87 1.00 0.00
0.70 3.14 6.83 1.00 0.00
0.70 3.14 7.01 1.00 0.00
0.70 3.14 7.18 1.00 0.00
0.70 3.14 7.36 1.00 0.00
0.70 3.14 7.53 1.00 0.00
0.70 3.14 7.70 1.00 0.00
0.70 3.14 7.88 1.00 0.00
0.70 3.14 8.05 1.00 0.00
0.70 3.14 8.23 1.00 0.00
0.70 3.14 8.40 1.00 0.00
0.70 3.14 8.58 1.00 0.00
0.70 3.14 8.75 1.00 0.00
0.70 3.14 8.93 1.00 0.00
0.70 3.14 9.10 1.00 0.00
0.70 3.14 9.28 1.00 0.00
0.70 3.14 9.45 1.00 0.00
0.70 3.14 9.62 1.00 0.00
0.70 3.14 9.80 1.00 0.00
0.90 3.14 6.75 1.00 0.00
0.90 3.14 6.93 1.00 0.00
0.90 3.14 7.10 1.00 0.00
0.90 3.14 7.28 1.00 0.00
0.90 3.14 7.45 1.00 0.00
0.90 3.14 7.63 1.00 0.00
0.90 3.14 7.80 1.00 0.00
0.90 3.14 7.97 1.00 0.00
0.90 3.14 8.15 1.00 0.00
0.90 3.14 8.32 1.00 0.00
0.90 3.14 8.50 1.00 0.00
0.90 3.14 8.67 1.00 0.00
0.90 3.14 8.85 1.00 0.00
0.90 3.14 9.02 1.00 0.00
0.90 3.14 9.20 1.00 0.00
0.90 3.14 9.37 1.00 0.00
0.90 3.14 9.55 1.00 0.00
0.90 3.14 9.72 1.00 0.00
1.10 3.14 6.67 1.00 0.00
1.10 3.14 6.84 1.00 0.00
1.10 3.14 7.02 1.00 0.00
1.10 3.14 7.19 1.00 0.00
1.10 3.14 7.36 1.00 0.00
1.10 3.14 7.54 1.00 0.00
1.10 3.14 7.71 1.00 0.00
1.10 3.14 7.89 1.00 0.00
1.10 3.14 8.06 1.00 0.00
1.10 3.14 8.24 1.00 0.00
1.10 3.14 8.41 1.00 0.00
1.10 3.14 8.59 1.00 0.00
1.10 3.14 8.76 1.00 0.00
1.10 3.14 8.94 1.00 0.00
1.10 3.14 9.11 1.00 0.00
1.10 3.14 9.28 1.00 0.00
1.10 3.14 9.46 1.00 0.00
1.10 3.14 9.63 1.00 0.00
0.30 3.32 6.98 1.00 0.00
0.30 3.32 7.16 1.00 0.00
0.30 3.32 7.33 1.00 0.00
0.30 3.32 7.51 1.00 0.00
0.30 3.32 7.68 1.00 0.00
0.30 3.32 7.86 1.00 0.00
0.30 3.32 8.03 1.00 0.00
0.30 3.32 8.21 1.00 0.00
0.30 3.32 8.38 1.00 0.00
0.30 3.32 8.56 1.00 0.00
0.30 3.32 8.73 1.00 0.00
0.30 3.32 8.90 1.00 0.00
0.30 3.32 9.08 1.00 0.00
0.30 3.32 9.25 1.00 0.00
0.30 3.32 9.43 1.00 0.00
0.30 3.32 9.60 1.00 0.00
0.30 3.32 9.78 1.00 0.00
0.30 3.32 9.95 1.00 0.00
0.50 3.32 6.93 1.00 0.00
0.50 3.32 7.10 1.00 0.00
0.50 3.32 7.28 1.00 0.00
0.50 3.32 7.45 1.00 0.00
0.50 3.32 7.63 1.00 0.00
0.50 3.32 7.80 1.00 0.00
0.50 3.32 7.98 1.00 0.00
0.50 3.32 8.15 1.00 0.00
0.50 3.32 8.33 1.00 0.00
0.50 3.32 8.50 1.00 0.00
0.50 3.32 8.67 1.00 0.00
0.50 3.32 8.85 1.00 0.00
0.50 3.32 9.02 1.00 0.00
0.50 3.32 9.20 1.00 0.00
0.50 3.32 9.37 1.00 0.00
0.50 3.32 9.55 1.00 0.00
0.50 3.32 9.72 1.00 0.00
0.50 3.32 9.90 1.00 0.00
0.70 3.32 6.87 1.00 0.00
0.70 3.32 7.04 1.00 0.00
0.70 3.32 7.21 1.00 0.00
0.70 3.32 7.39 1.00 0.00
0.70 3.32 7.56 1.00 0.00
0.70 3.32 7.74 1.00 0.00
0.70 3.32 7.91 1.00 0.00
0.70 3.32 8.09 1.00 0.00
0.70 3.32 8.26 1.00 0.00
0.70 3.32 8.44 1.00 0.00
0.70 3.32 8.61 1.00 0.00
0.70 3.32 8.79 1.00 0.00
0.70 3.32 8.96 1.00 0.00
0.70 3.32 9.13 1.00 0.00
0.70 3.32 9.31 1.00 0.00
0.70 3.32 9.48 1.00 0.00
0.70 3.32 9.66 1.00 0.00
0.70 3.32 9.83 1.00 0.00
0.90 3.32 6.79 1.00 0.00
0.90 3.32 6.97 1.00 0.00
0.90 3.32 7.14 1.00 0.00
0.90 3.32 7.32 1.00 0.00
0.90 3.32 7.49 1.00 0.00
0.90 3.32 7.67 1.00 0.00
0.90 3.32 7.84 1.00 0.00
0.90 3.32 8.02 1.00 0.00
0.90 3.32 8.19 1.00 0.00
0.90 3.32 8.36 1.00 0.00
0.90 3.32 8.54 1.00 0.00
0.90 3.32 8.71 1.00 0.00
0.90 3.32 8.89 1.00 0.00
0.90 3.32 9.06 1.00 0.00
0.90 3.32 9.24 1.00 0.00
0.90 3.32 9.41 1.00 0.00
0.90 3.32 9.59 1.00 0.00
0.90 3.32 9.76 1.00 0.00
1.10 3.32 6.71 1.00 0.00
1.10 3.32 6.89 1.00 0.00
1.10 3.32 7.06 1.00 0.00
1.10 3.32 7.24 1.00 0.00
1.10 3.32 7.41 1.00 0.00
1.10 3.32 7.58 1.00 0.00
1.10 3.32 7.76 1.00 0.00
1.10 3.32 7.93 1.00 0.00
1.10 3.32 8.11 1.00 0.00
1.10 3.32 8.28 1.00 0.00
1.10 3.32 8.46 1.00 0.00
1.10 3.32 8.63 1.00 0.00
1.10 3.32 8.81 1.00 0.00
1.10 3.32 8.98 1.00 0.00
1.10 3.32 9.16 1.00 0.00
1.10 3.32 9.33 1.00 0.00
1.10 3.32 9.50 1.00 0.00
1.10 3.32 9.68 1.00 0.00
0.30 3.49 7.00 1.00 0.00
0.30 3.49 7.18 1.00 0.00
0.30 3.49 7.35 1.00 0.00
0.30 3.49 7.53 1.00 0.00
0.30 3.49 7.70 1.00 0.00
0.30 3.49 7.88 1.00 0.00
0.30 3.49 8.05 1.00 0.00
0.30 3.49 8.22 1.00 0.00
0.30 3.49 8.40 1.00 0.00
0.30 3.49 8.57 1.00 0.00
0.30 3.49 8.75 1.00 0.00
0.30 3.49 8.92 1.00 0.00
0.30 3.49 9.10 1.00 0.00
0.30 3.49 9.27 1.00 0.00
0.30 3.49 9.45 1.00 0.00
0.30 3.49 9.62 1.00 0.00
0.30 3.49 9.80 1.00 0.00
0.30 3.49 9.97 1.00 0.00
0.50 3.49 6.96 1.00 0.00
0.50 3.49 7.13 1.00 0.00
0.50 3.49 7.31 1.00 0.00
0.50 3.49 7.48 1.00 0.00
0.50 3.49 7.66 1.00 0.00
0.50 3.49 7.83 1.00 0.00
0.50 3.49 8.01 1.00 0.00
0.50 3.49 8.18 1.00 0.00
0.50 3.49 8.36 1.00 0.00
0.50 3.49 8.53 1.00 0.00
0.50 3.49 8.71 1.00 0.00
0.50 3.49 8.88 1.00 0.00
0.50 3.49 9.05 1.00 0.00
0.50 3.49 9.23 1.00 0.00
0.50 3.49 9.40 1.00 0.00
0.50 3.49 9.58 1.00 0.00
0.50 3.49 9.75 1.00 0.00
0.50 3.49 9.93 1.00 0.00
0.70 3.49 6.91 1.00 0.00
0.70 3.49 7.08 1.00 0.00
0.70 3.49 7.26 1.00 0.00
0.70 3.49 7.43 1.00 0.00
0.70 3.49 7.61 1.00 0.00
0.70 3.49 7.78 1.00 0.00
0.70 3.49 7.96 1.00 0.00
0.70 3.49 8.13 1.00 0.00
0.70 3.49 8.31 1.00 0.00
0.70 3.49 8.48 1.00 0.00
0.70 3.49 8.66 1.00 0.00
0.70 3.49 8.83 1.00 0.00
0.70 3.49 9.00 1.00 0.00
0.70 3.49 9.18 1.00 0.00
0.70 3.49 9.35 1.00 0.00
0.70 3.49 9.53 1.00 0.00
0.70 3.49 9.70 1.00 0.00
0.70 3.49 9.88 1.00 0.00
0.90 3.49 6.85 1.00 0.00
0.90 3.49 7.03 1.00 0.00
0.90 3.49 7.20 1.00 0.00
0.90 3.49 7.37 1.00 0.00
0.90 3.49 7.55 1.00 0.00
0.90 3.49 7.72 1.00 0.00
0.90 3.49 7.90 1.00 0.00
0.90 3.49 8.07 1.00 0.00
0.90 3.49 8.25 1.00 0.00
0.90 3.49 8.42 1.00 0.00
0.90 3.49 8.60 1.00 0.00
0.90 3.49 8.77 1.00 0.00
0.90 3.49 8.95 1.00 0.00
0.90 3.49 9.12 1.00 0.00
0.90 3.49 9.29 1.00 0.00
0.90 3.49 9.47 1.00 0.00
0.90 3.49 9.64 1.00 0.00
0.90 3.49 9.82 1.00 0.00
1.10 3.49 6.78 1.00 0.00
1.10 3.49 6.96 1.00 0.00
1.10 3.49 7.13 1.00 0.00
1.10 3.49 7.31 1.00 0.00
1.10 3.49 7.48 1.00 0.00
1.10 3.49 7.65 1.00 0.00
1.10 3.49 7.83 1.00 0.00
1.10 3.49 8.00 1.00 0.00
1.10 3.49 8.18 1.00 0.00
1.10 3.49 8.35 1.00 0.00
1.10 3.49 8.53 1.00 0.00
1.10 3.49 8.70 1.00 0.00
1.10 3.49 8.88 1.00 0.00
1.10 3.49 9.05 1.00 0.00
1.10 3.49 9.23 1.00 0.00
1.10 3.49 9.40 1.00 0.00
1.10 3.49 9.57 1.00 0.00
1.10 3.49 9.75 1.00 0.00
0.30 3.67 7.02 1.00 0.00
0.30 3.67 7.20 1.00 0.00
0.30 3.67 7.37 1.00 0.00
0.30 3.67 7.55 1.00 0.00
0.30 3.67 7.72 1.00 0.00
0.30 3.67 7.90 1.00 0.00
0.30 3.67 8.07 1.00 0.00
0.30 3.67 8.24 1.00 0.00
0.30 3.67 8.42 1.00 0.00
0.30 3.67 8.59 1.00 0.00
0.30 3.67 8.77 1.00 0.00
0.30 3.67 8.94 1.00 0.00
0.30 3.67 9.12 1.00 0.00
0.30 3.67 9.29 1.00 0.00
0.30 3.67 9.47 1.00 0.00
0.30 3.67 9.64 1.00 0.00
0.30 3.67 9.82 1.00 0.00
0.30 3.67 9.99 1.00 0.00
0.50 3.67 7.00 1.00 0.00
0.50 3.67 7.17 1.00 0.00
0.50 3.67 7.34 1.00 0.00
0.50 3.67 7.52 1.00 0.00
0.50 3.67 7.69 1.00 0.00
0.50 3.67 7.87 1.00 0.00
0.50 3.67 8.04 1.00 0.00
0.50 3.67 8.22 1.00 0.00
0.50 3.67 8.39 1.00 0.00
0.50 3.67 8.57 1.00 0.00
0.50 3.67 8.74 1.00 0.00
0.50 3.67 8.92 1.00 0.00
0.50 3.67 9.09 1.00 0.00
0.50 3.67 9.26 1.00 0.00
0.50 3.67 9.44 1.00 0.00
0.50 3.67 9.61 1.00 0.00
0.50 3.67 9.79 1.00 0.00
0.50 3.67 9.96 1.00 0.00
0.70 3.67 6.96 1.00 0.00
0.70 3.67 7.14 1.00 0.00
0.70 3.67 7.31 1.00 0.00
0.70 3.67 7.49 1.00 0.00
0.70 3.67 7.66 1.00 0.00
0.70 3.67 7.84 1.00 0.00
0.70 3.67 8.01 1.00 0.00
0.70 3.67 8.18 1.00 0.00
0.70 3.67 8.36 1.00 0.00
0.70 3.67 8.53 1.00 0.00
0.70 3.67 8.71 1.00 0.00
0.70 3.67 8.88 1.00 0.00
0.70 3.67 9.06 1.00 0.00
0.70 3.67 9.23 1.00 0.00
0.70 3.67 9.41 1.00 0.00
0.70 3.67 9.58 1.00 0.00
0.70 3.67 9.76 1.00 0.00
0.70 3.67 9.93 1.00 0.00
0.90 3.67 6.92 1.00 0.00
0.90 3.67 7.10 1.00 0.00
0.90 3.67 7.27 1.00 0.00
0.90 3.67 7.45 1.00 0.00
0.90 3.67 7.62 1.00 0.00
0.90 3.67 7.80 1.00 0.00
0.90 3.67 7.97 1.00 0.00
0.90 3.67 8.15 1.00 0.00
0.90 3.67 8.32 1.00 0.00
0.90 3.67 8.49 1.00 0.00
0.90 3.67 8.67 1.00 0.00
0.90 3.67 8.84 1.00 0.00
0.90 3.67 9.02 1.00 0.00
0.90 3.67 9.19 1.00 0.00
0.90 3.67 9.37 1.00 0.00
0.90 3.67 9.54 1.00 0.00
0.90 3.67 9.72 1.00 0.00
0.90 3.67 9.89 1.00 0.00
1.10 3.67 6.88 1.00 0.00
1.10 3.67 7.05 1.00 0.00
1.10 3.67 7.22 1.00 0.00
1.10 3.67 7.40 1.00 0.00
1.10 3.67 7.57 1.00 0.00
1.10 3.67 7.75 1.00 0.00
1.10 3.67 7.92 1.00 0.00
1.10 3.67 8.10 1.00 0.00
1.10 3.67 8.27 1.00 0.00
1.10 3.67 8.45 1.00 0.00
1.10 3.67 8.62 1.00 0.00
1.10 3.67 8.80 1.00 0.00
1.10 3.67 8.97 1.00 0.00
1.10 3.67 9.14 1.00 0.00
1.10 3.67 9.32 1.00 0.00
1.10 3.67 9.49 1.00 0.00
1.10 3.67 9.67 1.00 0.00
1.10 3.67 9.84 1.00 0.00
0.30 3.84 7.04 1.00 0.00
0.30 3.84 7.22 1.00 0.00
0.30 3.84 7.39 1.00 0.00
0.30 3.84 7.57 1.00 0.00
0.30 3.84 7.74 1.00 0.00
0.30 3.84 7.92 1.00 0.00
0.30 3.84 8.09 1.00 0.00
0.30 3.84 8.27 1.00 0.00
0.30 3.84 8.44 1.00 0.00
0.30 3.84 8.61 1.00 0.00
0.30 3.84 8.79 1.00 0.00
0.30 3.84 8.96 1.00 0.00
0.30 3.84 9.14 1.00 0.00
0.30 3.84 9.31 1.00 0.00
0.30 3.84 9.49 1.00 0.00
0.30 3.84 9.66 1.00 0.00
0.30 3.84 9.84 1.00 0.00
0.30 3.84 10.01 1.00 0.00
0.50 3.84 7.03 1.00 0.00
0.50 3.84 7.21 1.00 0.00
0.50 3.84 7.38 1.00 0.00
0.50 3.84 7.56 1.00 0.00
0.50 3.84 7.73 1.00 0.00
0.50 3.84 7.91 1.00 0.00
0.50 3.84 8.08 1.00 0.00
0.50 3.84 8.26 1.00 0.00
0.50 3.84 8.43 1.00 0.00
0.50 3.84 8.60 1.00 0.00
0.50 3.84 8.78 1.00 0.00
0.50 3.84 8.95 1.00 0.00
0.50 3.84 9.13 1.00 0.00
0.50 3.84 9.30 1.00 0.00
0.50 3.84 9.48 1.00 0.00
0.50 3.84 9.65 1.00 0.00
0.50 3.84 9.83 1.00 0.00
0.50 3.84 10.00 1.00 0.00
0.70 3.84 7.02 1.00 0.00
0.70 3.84 7.20 1.00 0.00
0.70 3.84 7.37 1.00 0.00
0.70 3.84 7.55 1.00 0.00
0.70 3.84 7.72 1.00 0.00
0.70 3.84 7.89 1.00 0.00
0.70 3.84 8.07 1.00 0.00
0.70 3.84 8.24 1.00 0.00
0.70 3.84 8.42 1.00 0.00
0.70 3.84 8.59 1.00 0.00
0.70 3.84 8.77 1.00 0.00
0.70 3.84 8.94 1.00 0.00
0.70 3.84 9.12 1.00 0.00
0.70 3.84 9.29 1.00 0.00
0.70 3.84 9.47 1.00 0.00
0.70 3.84 9.64 1.00 0.00
0.70 3.84 9.81 1.00 0.00
0.70 3.84 9.99 1.00 0.00
0.90 3.84 7.01 1.00 0.00
0.90 3.84 7.18 1.00 0.00
0.90 3.84 7.36 1.00 0.00
0.90 3.84 7.53 1.00 0.00
0.90 3.84 7.70 1.00 0.00
0.90 3.84 7.88 1.00 0.00
0.90 3.84 8.05 1.00 0.00
0.90 3.84 8.23 1.00 0.00
0.90 3.84 8.40 1.00 0.00
0.90 3.84 8.58 1.00 0.00
0.90 3.84 8.75 1.00 0.00
0.90 3.84 8.93 1.00 0.00
0.90 3.84 9.10 1.00 0.00
0.90 3.84 9.28 1.00 0.00
0.90 3.84 9.45 1.00 0.00
0.90 3.84 9.62 1.00 0.00
0.90 3.84 9.80 1.00 0.00
0.90 3.84 9.97 1.00 0.00
1.10 3.84 6.99 1.00 0.00
1.10 3.84 7.16 1.00 0.00
1.10 3.84 7.34 1.00 0.00
1.10 3.84 7.51 1.00 0.00
1.10 3.84 7.69 1.00 0.00
1.10 3.84 7.86 1.00 0.00
1.10 3.84 8.04 1.00 0.00
1.10 3.84 8.21 1.00 0.00
1.10 3.84 8.38 1.00 0.00
1.10 3.84 8.56 1.00 0.00
1.10 3.84 8.73 1.00 0.00
1.10 3.84 8.91 1.00 0.00
1.10 3.84 9.08 1.00 0.00
1.10 3.84 9.26 1.00 0.00
1.10 3.84 9.43 1.00 0.00
1.10 3.84 9.61 1.00 0.00
1.10 3.84 9.78 1.00 0.00
1.10 3.84 9.96 1.00 0.00
0.30 4.01 7.07 1.00 0.00
0.30 4.01 7.24 1.00 0.00
0.30 4.01 7.42 1.00 0.00
0.30 4.01 7.59 1.00 0.00
0.30 4.01 7.76 1.00 0.00
0.30 4.01 7.94 1.00 0.00
0.30 4.01 8.11 1.00 0.00
0.30 4.01 8.29 1.00 0.00
0.30 4.01 8.46 1.00 0.00
0.30 4.01 8.64 1.00 0.00
0.30 4.01 8.81 1.00 0.00
0.30 4.01 8.99 1.00 0.00
0.30 4.01 9.16 1.00 0.00
0.30 4.01 9.33 1.00 0.00
0.30 4.01 9.51 1.00 0.00
0.30 4.01 9.68 1.00 0.00
0.30 4.01 9.86 1.00 0.00
0.30 4.01 10.03 1.00 0.00
0.50 4.01 7.07 1.00 0.00
0.50 4.01 7.25 1.00 0.00
0.50 4.01 7.42 1.00 0.00
0.50 4.01 7.60 1.00 0.00
0.50 4.01 7.77 1.00 0.00
0.50 4.01 7.95 1.00 0.00
0.50 4.01 8.12 1.00 0.00
0.50 4.01 8.30 1.00 0.00
0.50 4.01 8.47 1.00 0.00
0.50 4.01 8.64 1.00 0.00
0.50 4.01 8.82 1.00 0.00
0.50 4.01 8.99 1.00 0.00
0.50 4.01 9.17 1.00 0.00
0.50 4.01 9.34 1.00 0.00
0.50 4.01 9.52 1.00 0.00
0.50 4.01 9.69 1.00 0.00
0.50 4.01 9.87 1.00 0.00
0.50 4.01 10.04 1.00 0.00
0.70 4.01 7.08 1.00 0.00
0.70 4.01 7.26 1.00 0.00
0.70 4.01 7.43 1.00 0.00
0.70 4.01 7.61 1.00 0.00
0.70 4.01 7.78 1.00 0.00
0.70 4.01 7.96 1.00 0.00
0.70 4.01 8.13 1.00 0.00
0.70 4.01 8.30 1.00 0.00
0.70 4.01 8.48 1.00 0.00
0.70 4.01 8.65 1.00 0.00
0.70 4.01 8.83 1.00 0.00
0.70 4.01 9.00 1.00 0.00
0.70 4.01 9.18 1.00 0.00
0.70 4.01 9.35 1.00 0.00
0.70 4.01 9.53 1.00 0.00
0.70 4.01 9.70 1.00 0.00
0.70 4.01 9.88 1.00 0.00
0.70 4.01 10.05 1.00 0.00
0.90 4.01 7.09 1.00 0.00
0.90 4.01 7.27 1.00 0.00
0.90 4.01 7.44 1.00 0.00
0.90 4.01 7.62 1.00 0.00
0.90 4.01 7.79 1.00 0.00
0.90 4.01 7.97 1.00 0.00
0.90 4.01 8.14 1.00 0.00
0.90 4.01 8.32 1.00 0.00
0.90 4.01 8.49 1.00 0.00
0.90 4.01 8.67 1.00 0.00
0.90 4.01 8.84 1.00 0.00
0.90 4.01 9.01 1.00 0.00
0.90 4.01 9.19 1.00 0.00
0.90 4.01 9.36 1.00 0.00
0.90 4.01 9.54 1.00 0.00
0.90 4.01 9.71 1.00 0.00
0.90 4.01 9.89 1.00 0.00
0.90 4.01 10.06 1.00 0.00
1.10 4.01 7.11 1.00 0.00
1.10 4.01 7.28 1.00 0.00
1.10 4.01 7.46 1.00 0.00
1.10 4.01 7.63 1.00 0.00
1.10 4.01 7.81 1.00 0.00
1.10 4.01 7.98 1.00 0.00
1.10 4.01 8.16 1.00 0.00
1.10 4.01 8.33 1.00 0.00
1.10 4.01 8.50 1.00 0.00
1.10 4.01 8.68 1.00 0.00
1.10 4.01 8.85 1.00 0.00
1.10 4.01 9.03 1.00 0.00
1.10 4.01 9.20 1.00 0.00
1.10 4.01 9.38 1.00 0.00
1.10 4.01 9.55 1.00 0.00
1.10 4.01 9.73 1.00 0.00
1.10 4.01 9.90 1.00 0.00
1.10 4.01 10.08 1.00 0.00
0.30 4.19 7.09 1.00 0.00
0.30 4.19 7.26 1.00 0.00
0.30 4.19 7.44 1.00 0.00
0.30 4.19 7.61 1.00 0.00
0.30 4.19 7.79 1.00 0.00
0.30 4.19 7.96 1.00 0.00
0.30 4.19 8.13 1.00 0.00
0.30 4.19 8.31 1.00 0.00
0.30 4.19 8.48 1.00 0.00
0.30 4.19 8.66 1.00 0.00
0.30 4.19 8.83 1.00 0.00
0.30 4.19 9.01 1.00 0.00
0.30 4.19 9.18 1.00 0.00
0.30 4.19 9.36 1.00 0.00
0.30 4.19 9.53 1.00 0.00
0.30 4.19 9.71 1.00 0.00
0.30 4.19 9.88 1.00 0.00
0.30 4.19 10.05 1.00 0.00
0.50 4.19 7.11 1.00 0.00
0.50 4.19 7.29 1.00 0.00
0.50 4.19 7.46 1.00 0.00
0.50 4.19 7.64 1.00 0.00
0.50 4.19 7.81 1.00 0.00
0.50 4.19 7.99 1.00 0.00
0.50 4.19 8.16 1.00 0.00
0.50 4.19 8.33 1.00 0.00
0.50 4.19 8.51 1.00 0.00
0.50 4.19 8.68 1.00 0.00
0.50 4.19 8.86 1.00 0.00
0.50 4.19 9.03 1.00 0.00
0.50 4.19 9.21 1.00 0.00
0.50 4.19 9.38 1.00 0.00
0.50 4.19 9.56 1.00 0.00
0.50 4.19 9.73 1.00 0.00
0.50 4.19 9.91 1.00 0.00
0.50 4.19 10.08 1.00 0.00
0.70 4.19 7.14 1.00 0.00
0.70 4.19 7.32 1.00 0.00
0.70 4.19 7.49 1.00 0.00
0.70 4.19 7.67 1.00 0.00
0.70 4.19 7.84 1.00 0.00
0.70 4.19 8.02 1.00 0.00
0.70 4.19 8.19 1.00 0.00
0.70 4.19 8.36 1.00 0.00
0.70 4.19 8.54 1.00 0.00
0.70 4.19 8.71 1.00 0.00
0.70 4.19 8.89 1.00 0.00
0.70 4.19 9.06 1.00 0.00
0.70 4.19 9.24 1.00 0.00
0.70 4.19 9.41 1.00 0.00
0.70 4.19 9.59 1.00 0.00
0.70 4.19 9.76 1.00 0.00
0.70 4.19 9.94 1.00 0.00
0.70 4.19 10.11 1.00 0.00
0.90 4.19 0.90 1.00 0.00
0.90 4.19 1.07 1.00 0.00
0.90 4.19 1.24 1.00 0.00
0.90 4.19 1.42 1.00 0.00
0.90 4.19 1.59 1.00 0.00
0.90 4.19 1.77 1.00 0.00
0.90 4.19 1.94 1.00 0.00
0.90 4.19 2.12 1.00 0.00
0.90 4.19 2.29 1.00 0.00
0.90 4.19 2.47 1.00 0.00
0.90 4.19 2.64 1.00 0.00
0.90 4.19 2.82 1.00 0.00
0.90 4.19 2.99 1.00 0.00
0.90 4.19 3.16 1.00 0.00
0.90 4.19 3.34 1.00 0.00
0.90 4.19 3.51 1.00 0.00
0.90 4.19 3.69 1.00 0.00
0.90 4.19 3.86 1.00 0.00
1.10 4.19 0.94 1.00 0.00
1.10 4.19 1.11 1.00 0.00
1.10 4.19 1.29 1.00 0.00
1.10 4.19 1.46 1.00 0.00
1.10 4.19 1.64 1.00 0.00
1.10 4.19 1.81 1.00 0.00
1.10 4.19 1.99 1.00 0.00
1.10 4.19 2.16 1.00 0.00
1.10 4.19 2.34 1.00 0.00
1.10 4.19 2.51 1.00 0.00
1.10 4.19 2.69 1.00 0.00
1.10 4.19 2.86 1.00 0.00
1.10 4.19 3.03 1.00 0.00
1.10 4.19 3.21 1.00 0.00
1.10 4.19 3.38 1.00 0.00
1.10 4.19 3.56 1.00 0.00
1.10 4.19 3.73 1.00 0.00
1.10 4.19 3.91 1.00 0.00
0.30 4.36 7.11 1.00 0.00
0.30 4.36 7.28 1.00 0.00
0.30 4.36 7.46 1.00 0.00
0.30 4.36 7.63 1.00 0.00
0.30 4.36 7.81 1.00 0.00
0.30 4.36 7.98 1.00 0.00
0.30 4.36 8.16 1.00 0.00
0.30 4.36 8.33 1.00 0.00
0.30 4.36 8.50 1.00 0.00
0.30 4.36 8.68 1.00 0.00
0.30 4.36 8.85 1.00 0.00
0.30 4.36 9.03 1.00 0.00
0.30 4.36 9.20 1.00 0.00
0.30 4.36 9.38 1.00 0.00
0.30 4.36 9.55 1.00 0.00
0.30 4.36 9.73 1.00 0.00
0.30 4.36 9.90 1.00 0.00
0.30 4.36 10.07 1.00 0.00
0.50 4.36 7.15 1.00 0.00
0.50 4.36 7.32 1.00 0.00
0.50 4.36 7.50 1.00 0.00
0.50 4.36 7.67 1.00 0.00
0.50 4.36 7.85 1.00 0.00
0.50 4.36 8.02 1.00 0.00
0.50 4.36 8.20 1.00 0.00
0.50 4.36 8.37 1.00 0.00
0.50 4.36 8.55 1.00 0.00
0.50 4.36 8.72 1.00 0.00
0.50 4.36 8.89 1.00 0.00
0.50 4.36 9.07 1.00 0.00
0.50 4.36 9.24 1.00 0.00
0.50 4.36 9.42 1.00 0.00
0.50 4.36 9.59 1.00 0.00
0.50 4.36 9.77 1.00 0.00
0.50 4.36 9.94 1.00 0.00
0.50 4.36 10.12 1.00 0.00
0.70 4.36 0.91 1.00 0.00
0.70 4.36 1.09 1.00 0.00
0.70 4.36 1.26 1.00 0.00
0.70 4.36 1.44 1.00 0.00
0.70 4.36 1.61 1.00 0.00
0.70 4.36 1.79 1.00 0.00
0.70 4.36 1.96 1.00 0.00
0.70 4.36 2.14 1.00 0.00
0.70 4.36 2.31 1.00 0.00
0.70 4.36 2.48 1.00 0.00
0.70 4.36 2.66 1.00 0.00
0.70 4.36 2.83 1.00 0.00
0.70 4.36 3.01 1.00 0.00
0.70 4.36 3.18 1.00 0.00
0.70 4.36 3.36 1.00 0.00
0.70 4.36 3.53 1.00 0.00
0.70 4.36 3.71 1.00 0.00
0.70 4.36 3.88 1.00 0.00
0.90 4.36 0.97 1.00 0.00
0.90 4.36 1.14 1.00 0.00
0.90 4.36 1.32 1.00 0.00
0.90 4.36 1.49 1.00 0.00
0.90 4.36 1.67 1.00 0.00
0.90 4.36 1.84 1.00 0.00
0.90 4.36 2.02 1.00 0.00
0.90 4.36 2.19 1.00 0.00
0.90 4.36 2.37 1.00 0.00
0.90 4.36 2.54 1.00 0.00
0.90 4.36 2.72 1.00 0.00
0.90 4.36 2.89 1.00 0.00
0.90 4.36 3.06 1.00 0.00
0.90 4.36 3.24 1.00 0.00
0.90 4.36 3.41 1.00 0.00
0.90 4.36 3.59 1.00 0.00
0.90 4.36 3.76 1.00 0.00
0.90 4.36 3.94 1.00 0.00
1.10 4.36 1.04 1.00 0.00
1.10 4.36 1.21 1.00 0.00
1.10 4.36 1.39 1.00 0.00
1.10 4.36 1.56 1.00 0.00
1.10 4.36 1.73 1.00 0.00
1.10 4.36 1.91 1.00 0.00
1.10 4.36 2.08 1.00 0.00
1.10 4.36 2.26 1.00 0.00
1.10 4.36 2.43 1.00 0.00
1.10 4.36 2.61 1.00 0.00
1.10 4.36 2.78 1.00 0.00
1.10 4.36 2.96 1.00 0.00
1.10 4.36 3.13 1.00 0.00
1.10 4.36 3.31 1.00 0.00
1.10 4.36 3.48 1.00 0.00
1.10 4.36 3.65 1.00 0.00
1.10 4.36 3.83 1.00 0.00
1.10 4.36 4.00 1.00 0.00
0.30 4.54 7.13 1.00 0.00
0.30 4.54 7.30 1.00 0.00
0.30 4.54 7.48 1.00 0.00
0.30 4.54 7.65 1.00 0.00
0.30 4.54 7.82 1.00 0.00
0.30 4.54 8.00 1.00 0.00
0.30 4.54 8.17 1.00 0.00
0.30 4.54 8.35 1.00 0.00
0.30 4.54 8.52 1.00 0.00
0.30 4.54 8.70 1.00 0.00
0.30 4.54 8.87 1.00 0.00
0.30 4.54 9.05 1.00 0.00
0.30 4.54 9.22 1.00 0.00
0.30 4.54 9.39 1.00 0.00
0.30 4.54 9.57 1.00 0.00
0.30 4.54 9.74 1.00 0.00
0.30 4.54 9.92 1.00 0.00
0.30 4.54 10.09 1.00 0.00
0.50 4.54 0.90 1.00 0.00
0.50 4.54 1.07 1.00 0.00
0.50 4.54 1.25 1.00 0.00
0.50 4.54 1.42 1.00 0.00
0.50 4.54 1.60 1.00 0.00
0.50 4.54 1.77 1.00 0.00
0.50 4.54 1.94 1.00 0.00
0.50 4.54 2.12 1.00 0.00
0.50 4.54 2.29 1.00 0.00
0.50 4.54 2.47 1.00 0.00
0.50 4.54 2.64 1.00 0.00
0.50 4.54 2.82 1.00 0.00
0.50 4.54 2.99 1.00 0.00
0.50 4.54 3.17 1.00 0.00
0.50 4.54 3.34 1.00 0.00
0.50 4.54 3.51 1.00 0.00
0.50 4.54 3.69 1.00 0.00
0.50 4.54 3.86 1.00 0.00
0.70 4.54 0.96 1.00 0.00
0.70 4.54 1.13 1.00 0.00
0.70 4.54 1.31 1.00 0.00
0.70 4.54 1.48 1.00 0.00
0.70 4.54 1.66 1.00 0.00
0.70 4.54 1.83 1.00 0.00
0.70 4.54 2.01 1.00 0.00
0.70 4.54 2.18 1.00 0.00
0.70 4.54 2.36 1.00 0.00
0.70 4.54 2.53 1.00 0.00
0.70 4.54 2.70 1.00 0.00
0.70 4.54 2.88 1.00 0.00
0.70 4.54 3.05 1.00 0.00
0.70 4.54 3.23 1.00 0.00
0.70 4.54 3.40 1.00 0.00
0.70 4.54 3.58 1.00 0.00
0.70 4.54 3.75 1.00 0.00
0.70 4.54 3.93 1.00 0.00
0.90 4.54 1.03 1.00 0.00
0.90 4.54 1.20 1.00 0.00
0.90 4.54 1.38 1.00 0.00
0.90 4.54 1.55 1.00 0.00
0.90 4.54 1.73 1.00 0.00
0.90 4.54 1.90 1.00 0.00
0.90 4.54 2.08 1.00 0.00
0.90 4.54 2.25 1.00 0.00
0.90 4.54 2.43 1.00 0.00
0.90 4.54 2.60 1.00 0.00
0.90 4.54 2.77 1.00 0.00
0.90 4.54 2.95 1.00 0.00
0.90 4.54 3.12 1.00 0.00
0.90 4.54 3.30 1.00 0.00
0.90 4.54 3.47 1.00 0.00
0.90 4.54 3.65 1.00 0.00
0.90 4.54 3.82 1.00 0.00
0.90 4.54 4.00 1.00 0.00
1.10 4.54 1.11 1.00 0.00
1.10 4.54 1.28 1.00 0.00
1.10 4.54 1.46 1.00 0.00
1.10 4.54 1.63 1.00 0.00
1.10 4.54 1.81 1.00 0.00
1.10 4.54 1.98 1.00 0.00
1.10 4.54 2.16 1.00 0.00
1.10 4.54 2.33 1.00 0.00
1.10 4.54 2.51 1.00 0.00
1.10 4.54 2.68 1.00 0.00
1.10 4.54 2.86 1.00 0.00
1.10 4.54 3.03 1.00 0.00
1.10 4.54 3.20 1.00 0.00
1.10 4.54 3.38 1.00 0.00
1.10 4.54 3.55 1.00 0.00
1.10 4.54 3.73 1.00 0.00
1.10 4.54 3.90 1.00 0.00
1.10 4.54 4.08 1.00 0.00
0.30 4.71 7.14 1.00 0.00
0.30 4.71 7.32 1.00 0.00
0.30 4.71 7.49 1.00 0.00
0.30 4.71 7.66 1.00 0.00
0.30 4.71 7.84 1.00 0.00
0.30 4.71 8.01 1.00 0.00
0.30 4.71 8.19 1.00 0.00
0.30 4.71 8.36 1.00 0.00
0.30 4.71 8.54 1.00 0.00
0.30 4.71 8.71 1.00 0.00
0.30 4.71 8.89 1.00 0.00
0.30 4.71 9.06 1.00 0.00
0.30 4.71 9.24 1.00 0.00
0.30 4.71 9.41 1.00 0.00
0.30 4.71 9.58 1.00 0.00
0.30 4.71 9.76 1.00 0.00
0.30 4.71 9.93 1.00 0.00
0.30 4.71 10.11 1.00 0.00
0.50 4.71 0.92 1.00 0.00
0.50 4.71 1.10 1.00 0.00
0.50 4.71 1.27 1.00 0.00
0.50 4.71 1.45 1.00 0.00
0.50 4.71 1.62 1.00 0.00
0.50 4.71 1.80 1.00 0.00
0.50 4.71 1.97 1.00 0.00
0.50 4.71 2.14 1.00 0.00
0.50 4.71 2.32 1.00 0.00
0.50 4.71 2.49 1.00 0.00
0.50 4.71 2.67 1.00 0.00
0.50 4.71 2.84 1.00 0.00
0.50 4.71 3.02 1.00 0.00
0.50 4.71 3.19 1.00 0.00
0.50 4.71 3.37 1.00 0.00
0.50 4.71 3.54 1.00 0.00
0.50 4.71 3.72 1.00 0.00
0.50 4.71 3.89 1.00 0.00
0.70 4.71 0.99 1.00 0.00
0.70 4.71 1.17 1.00 0.00
0.70 4.71 1.34 1.00 0.00
0.70 4.71 1.52 1.00 0.00
0.70 4.71 1.69 1.00 0.00
0.70 4.71 1.87 1.00 0.00
0.70 4.71 2.04 1.00 0.00
0.70 4.71 2.22 1.00 0.00
0.70 4.71 2.39 1.00 0.00
0.70 4.71 2.56 1.00 0.00
0.70 4.71 2.74 1.00 0.00
0.70 4.71 2.91 1.00 0.00
0.70 4.71 3.09 1.00 0.00
0.70 4.71 3.26 1.00 0.00
0.70 4.71 3.44 1.00 0.00
0.70 4.71 3.61 1.00 0.00
0.70 4.71 3.79 1.00 0.00
0.70 4.71 3.96 1.00 0.00
0.90 4.71 1.07 1.00 0.00
0.90 4.71 1.25 1.00 0.00
0.90 4.71 1.42 1.00 0.00
0.90 4.71 1.60 1.00 0.00
0.90 4.71 1.77 1.00 0.00
0.90 4.71 1.95 1.00 0.00
0.90 4.71 2.12 1.00 0.00
0.90 4.71 2.29 1.00 0.00
0.90 4.71 2.47 1.00 0.00
0.90 4.71 2.64 1.00 0.00
0.90 4.71 2.82 1.00 0.00
0.90 4.71 2.99 1.00 0.00
0.90 4.71 3.17 1.00 0.00
0.90 4.71 3.34 1.00 0.00
0.90 4.71 3.52 1.00 0.00
0.90 4.71 3.69 1.00 0.00
0.90 4.71 3.87 1.00 0.00
0.90 4.71 4.04 1.00 0.00
1.10 4.71 1.16 1.00 0.00
1.10 4.71 1.33 1.00 0.00
1.10 4.71 1.51 1.00 0.00
1.10 4.71 1.68 1.00 0.00
1.10 4.71 1.86 1.00 0.00
1.10 4.71 2.03 1.00 0.00
1.10 4.71 2.21 1.00 0.00
1.10 4.71 2.38 1.00 0.00
1.10 4.71 2.55 1.00 0.00
1.10 4.71 2.73 1.00 0.00
1.10 4.71 2.90 1.00 0.00
1.10 4.71 3.08 1.00 0.00
1.10 4.71 3.25 1.00 0.00
1.10 4.71 3.43 1.00 0.00
1.10 4.71 3.60 1.00 0.00
1.10 4.71 3.78 1.00 0.00
1.10 4.71 3.95 1.00 0.00
1.10 4.71 4.13 1.00 0.00
0.30 4.89 7.15 1.00 0.00
0.30 4.89 7.33 1.00 0.00
0.30 4.89 7.50 1.00 0.00
0.30 4.89 7.68 1.00 0.00
0.30 4.89 7.85 1.00 0.00
0.30 4.89 8.03 1.00 0.00
0.30 4.89 8.20 1.00 0.00
0.30 4.89 8.38 1.00 0.00
0.30 4.89 8.55 1.00 0.00
0.30 4.89 8.72 1.00 0.00
0.30 4.89 8.90 1.00 0.00
0.30 4.89 9.07 1.00 0.00
0.30 4.89 9.25 1.00 0.00
0.30 4.89 9.42 1.00 0.00
0.30 4.89 9.60 1.00 0.00
0.30 4.89 9.77 1.00 0.00
0.30 4.89 9.95 1.00 0.00
0.30 4.89 10.12 1.00 0.00
0.50 4.89 0.94 1.00 0.00
0.50 4.89 1.12 1.00 0.00
0.50 4.89 1.29 1.00 0.00
0.50 4.89 1.47 1.00 0.00
0.50 4.89 1.64 1.00 0.00
0.50 4.89 1.81 1.00 0.00
0.50 4.89 1.99 1.00 0.00
0.50 4.89 2.16 1.00 0.00
0.50 4.89 2.34 1.00 0.00
0.50 4.89 2.51 1.00 0.00
0.50 4.89 2.69 1.00 0.00
0.50 4.89 2.86 1.00 0.00
0.50 4.89 3.04 1.00 0.00
0.50 4.89 3.21 1.00 0.00
0.50 4.89 3.39 1.00 0.00
0.50 4.89 3.56 1.00 0.00
0.50 4.89 3.73 1.00 0.00
0.50 4.89 3.91 1.00 0.00
0.70 4.89 1.02 1.00 0.00
0.70 4.89 1.19 1.00 0.00
0.70 4.89 1.37 1.00 0.00
0.70 4.89 1.54 1.00 0.00
0.70 4.89 1.72 1.00 0.00
0.70 4.89 1.89 1.00 0.00
0.70 4.89 2.07 1.00 0.00
0.70 4.89 2.24 1.00 0.00
0.70 4.89 2.41 1.00 0.00
0.70 4.89 2.59 1.00 0.00
0.70 4.89 2.76 1.00 0.00
0.70 4.89 2.94 1.00 0.00
0.70 4.89 3.11 1.00 0.00
0.70 4.89 3.29 1.00 0.00
0.70 4.89 3.46 1.00 0.00
0.70 4.89 3.64 1.00 0.00
0.70 4.89 3.81 1.00 0.00
0.70 4.89 3.99 1.00 0.00
0.90 4.89 1.10 1.00 0.00
0.90 4.89 1.27 1.00 0.00
0.90 4.89 1.45 1.00 0.00
0.90 4.89 1.62 1.00 0.00
0.90 4.89 1.80 1.00 0.00
0.90 4.89 1.97 1.00 0.00
0.90 4.89 2.15 1.00 0.00
0.90 4.89 2.32 1.00 0.00
0.90 4.89 2.50 1.00 0.00
0.90 4.89 2.67 1.00 0.00
0.90 4.89 2.85 1.00 0.00
0.90 4.89 3.02 1.00 0.00
0.90 4.89 3.19 1.00 0.00
0.90 4.89 3.37 1.00 0.00
0.90 4.89 3.54 1.00 0.00
0.90 4.89 3.72 1.00 0.00
0.90 4.89 3.89 1.00 0.00
0.90 4.89 4.07 1.00 0.00
1.10 4.89 1.19 1.00 0.00
1.10 4.89 1.36 1.00 0.00
1.10 4.89 1.54 1.00 0.00
1.10 4.89 1.71 1.00 0.00
1.10 4.89 1.88 1.00 0.00
1.10 4.89 2.06 1.00 0.00
1.10 4.89 2.23 1.00 0.00
1.10 4.89 2.41 1.00 0.00
1.10 4.89 2.58 1.00 0.00
1.10 4.89 2.76 1.00 0.00
1.10 4.89 2.93 1.00 0.00
1.10 4.89 3.11 1.00 0.00
1.10 4.89 3.28 1.00 0.00
1.10 4.89 3.46 1.00 0.00
1.10 4.89 3.63 1.00 0.00
1.10 4.89 3.80 1.00 0.00
1.10 4.89 3.98 1.00 0.00
1.10 4.89 4.15 1.00 0.00
0.30 5.06 0.88 1.00 0.00
0.30 5.06 1.05 1.00 0.00
0.30 5.06 1.23 1.00 0.00
0.30 5.06 1.40 1.00 0.00
0.30 5.06 1.58 1.00 0.00
0.30 5.06 1.75 1.00 0.00
0.30 5.06 1.93 1.00 0.00
0.30 5.06 2.10 1.00 0.00
0.30 5.06 2.28 1.00 0.00
0.30 5.06 2.45 1.00 0.00
0.30 5.06 2.62 1.00 0.00
0.30 5.06 2.80 1.00 0.00
0.30 5.06 2.97 1.00 0.00
0.30 5.06 3.15 1.00 0.00
0.30 5.06 3.32 1.00 0.00
0.30 5.06 3.50 1.00 0.00
0.30 5.06 3.67 1.00 0.00
0.30 5.06 3.85 1.00 0.00
0.50 5.06 0.95 1.00 0.00
0.50 5.06 1.13 1.00 0.00
0.50 5.06 1.30 1.00 0.00
0.50 5.06 1.48 1.00 0.00
0.50 5.06 1.65 1.00 0.00
0.50 5.06 1.83 1.00 0.00
0.50 5.06 2.00 1.00 0.00
0.50 5.06 2.18 1.00 0.00
0.50 5.06 2.35 1.00 0.00
0.50 5.06 2.52 1.00 0.00
0.50 5.06 2.70 1.00 0.00
0.50 5.06 2.87 1.00 0.00
0.50 5.06 3.05 1.00 0.00
0.50 5.06 3.22 1.00 0.00
0.50 5.06 3.40 1.00 0.00
0.50 5.06 3.57 1.00 0.00
0.50 5.06 3.75 1.00 0.00
0.50 5.06 3.92 1.00 0.00
0.70 5.06 1.03 1.00 0.00
0.70 5.06 1.21 1.00 0.00
0.70 5.06 1.38 1.00 0.00
0.70 5.06 1.56 1.00 0.00
0.70 5.06 1.73 1.00 0.00
0.70 5.06 1.91 1.00 0.00
0.70 5.06 2.08 1.00 0.00
0.70 5.06 2.25 1.00 0.00
0.70 5.06 2.43 1.00 0.00
0.70 5.06 2.60 1.00 0.00
0.70 5.06 2.78 1.00 0.00
0.70 5.06 2.95 1.00 0.00
0.70 5.06 3.13 1.00 0.00
0.70 5.06 3.30 1.00 0.00
0.70 5.06 3.48 1.00 0.00
0.70 5.06 3.65 1.00 0.00
0.70 5.06 3.83 1.00 0.00
0.70 5.06 4.00 1.00 0.00
0.90 5.06 1.11 1.00 0.00
0.90 5.06 1.29 1.00 0.00
0.90 5.06 1.46 1.00 0.00
0.90 5.06 1.64 1.00 0.00
0.90 5.06 1.81 1.00 0.00
0.90 5.06 1.99 1.00 0.00
0.90 5.06 2.16 1.00 0.00
0.90 5.06 2.34 1.00 0.00
0.90 5.06 2.51 1.00 0.00
0.90 5.06 2.68 1.00 0.00
0.90 5.06 2.86 1.00 0.00
0.90 5.06 3.03 1.00 0.00
0.90 5.06 3.21 1.00 0.00
0.90 5.06 3.38 1.00 0.00
0.90 5.06 3.56 1.00 0.00
0.90 5.06 3.73 1.00 0.00
0.90 5.06 3.91 1.00 0.00
0.90 5.06 4.08 1.00 0.00
1.10 5.06 1.20 1.00 0.00
1.10 5.06 1.37 1.00 0.00
1.10 5.06 1.54 1.00 0.00
1.10 5.06 1.72 1.00 0.00
1.10 5.06 1.89 1.00 0.00
1.10 5.06 2.07 1.00 0.00
1.10 5.06 2.24 1.00 0.00
1.10 5.06 2.42 1.00 0.00
1.10 5.06 2.59 1.00 0.00
1.10 5.06 2.77 1.00 0.00
1.10 5.06 2.94 1.00 0.00
1.10 5.06 3.12 1.00 0.00
1.10 5.06 3.29 1.00 0.00
1.10 5.06 3.46 1.00 0.00
1.10 5.06 3.64 1.00 0.00
1.10 5.06 3.81 1.00 0.00
1.10 5.06 3.99 1.00 0.00
1.10 5.06 4.16 1.00 0.00
0.30 5.24 0.88 1.00 0.00
0.30 5.24 1.06 1.00 0.00
0.30 5.24 1.23 1.00 0.00
0.30 5.24 1.41 1.00 0.00
0.30 5.24 1.58 1.00 0.00
0.30 5.24 1.76 1.00 0.00
0.30 5.24 1.93 1.00 0.00
0.30 5.24 2.11 1.00 0.00
0.30 5.24 2.28 1.00 0.00
0.30 5.24 2.45 1.00 0.00
0.30 5.24 2.63 1.00 0.00
0.30 5.24 2.80 1.00 0.00
0.30 5.24 2.98 1.00 0.00
0.30 5.24 3.15 1.00 0.00
0.30 5.24 3.33 1.00 0.00
0.30 5.24 3.50 1.00 0.00
0.30 5.24 3.68 1.00 0.00
0.30 5.24 3.85 1.00 0.00
0.50 5.24 0.96 1.00 0.00
0.50 5.24 1.13 1.00 0.00
0.50 5.24 1.31 1.00 0.00
0.50 5.24 1.48 1.00 0.00
0.50 5.24 1.66 1.00 0.00
0.50 5.24 1.83 1.00 0.00
0.50 5.24 2.01 1.00 0.00
0.50 5.24 2.18 1.00 0.00
0.50 5.24 2.36 1.00 0.00
0.50 5.24 2.53 1.00 0.00
0.50 5.24 2.71 1.00 0.00
0.50 5.24 2.88 1.00 0.00
0.50 5.24 3.05 1.00 0.00
0.50 5.24 3.23 1.00 0.00
0.50 5.24 3.40 1.00 0.00
0.50 5.24 3.58 1.00 0.00
0.50 5.24 3.75 1.00 0.00
0.50 5.24 3.93 1.00 0.00
0.70 5.24 1.04 1.00 0.00
0.70 5.24 1.21 1.00 0.00
0.70 5.24 1.39 1.00 0.00
0.70 5.24 1.56 1.00 0.00
0.70 5.24 1.74 1.00 0.00
0.70 5.24 1.91 1.00 0.00
0.70 5.24 2.08 1.00 0.00
0.70 5.24 2.26 1.00 0.00
0.70 5.24 2.43 1.00 0.00
0.70 5.24 2.61 1.00 0.00
0.70 5.24 2.78 1.00 0.00
0.70 5.24 2.96 1.00 0.00
0.70 5.24 3.13 1.00 0.00
0.70 5.24 3.31 1.00 0.00
0.70 5.24 3.48 1.00 0.00
0.70 5.24 3.66 1.00 0.00
0.70 5.24 3.83 1.00 0.00
0.70 5.24 4.00 1.00 0.00
0.90 5.24 1.11 1.00 0.00
0.90 5.24 1.29 1.00 0.00
0.90 5.24 1.46 1.00 0.00
0.90 5.24 1.64 1.00 0.00
0.90 5.24 1.81 1.00 0.00
0.90 5.24 1.99 1.00 0.00
0.90 5.24 2.16 1.00 0.00
0.90 5.24 2.34 1.00 0.00
0.90 5.24 2.51 1.00 0.00
0.90 5.24 2.69 1.00 0.00
0.90 5.24 2.86 1.00 0.00
0.90 5.24 3.03 1.00 0.00
0.90 5.24 3.21 1.00 0.00
0.90 5.24 3.38 1.00 0.00
0.90 5.24 3.56 1.00 0.00
0.90 5.24 3.73 1.00 0.00
0.90 5.24 3.91 1.00 0.00
0.90 5.24 4.08 1.00 0.00
1.10 5.24 1.19 1.00 0.00
1.10 5.24 1.37 1.00 0.00
1.10 5.24 1.54 1.00 0.00
1.10 5.24 1.72 1.00 0.00
1.10 5.24 1.89 1.00 0.00
1.10 5.24 2.06 1.00 0.00
1.10 5.24 2.24 1.00 0.00
1.10 5.24 2.41 1.00 0.00
1.10 5.24 2.59 1.00 0.00
1.10 5.24 2.76 1.00 0.00
1.10 5.24 2.94 1.00 0.00
1.10 5.24 3.11 1.00 0.00
1.10 5.24 3.29 1.00 0.00
1.10 5.24 3.46 1.00 0.00
1.10 5.24 3.63 1.00 0.00
1.10 5.24 3.81 1.00 0.00
1.10 5.24 3.98 1.00 0.00
1.10 5.24 4.16 1.00 0.00
0.30 5.41 0.89 1.00 0.00
0.30 5.41 1.06 1.00 0.00
0.30 5.41 1.23 1.00 0.00
0.30 5.41 1.41 1.00 0.00
0.30 5.41 1.58 1.00 0.00
0.30 5.41 1.76 1.00 0.00
0.30 5.41 1.93 1.00 0.00
0.30 5.41 2.11 1.00 0.00
0.30 5.41 2.28 1.00 0.00
0.30 5.41 2.46 1.00 0.00
0.30 5.41 2.63 1.00 0.00
0.30 5.41 2.81 1.00 0.00
0.30 5.41 2.98 1.00 0.00
0.30 5.41 3.15 1.00 0.00
0.30 5.41 3.33 1.00 0.00
0.30 5.41 3.50 1.00 0.00
0.30 5.41 3.68 1.00 0.00
0.30 5.41 3.85 1.00 0.00
0.50 5.41 0.96 1.00 0.00
0.50 5.41 1.13 1.00 0.00
0.50 5.41 1.31 1.00 0.00
0.50 5.41 1.48 1.00 0.00
0.50 5.41 1.66 1.00 0.00
0.50 5.41 1.83 1.00 0.00
0.50 5.41 2.01 1.00 0.00
0.50 5.41 2.18 1.00 0.00
0.50 5.41 2.36 1.00 0.00
0.50 5.41 2.53 1.00 0.00
0.50 5.41 2.71 1.00 0.00
0.50 5.41 2.88 1.00 0.00
0.50 5.41 3.05 1.00 0.00
0.50 5.41 3.23 1.00 0.00
0.50 5.41 3.40 1.00 0.00
0.50 5.41 3.58 1.00 0.00
0.50 5.41 3.75 1.00 0.00
0.50 5.41 3.93 1.00 0.00
0.70 5.41 1.03 1.00 0.00
0.70 5.41 1.21 1.00 0.00
0.70 5.41 1.38 1.00 0.00
0.70 5.41 1.56 1.00 0.00
0.70 5.41 1.73 1.00 0.00
0.70 5.41 1.91 1.00 0.00
0.70 5.41 2.08 1.00 0.00
0.70 5.41 2.26 1.00 0.00
0.70 5.41 2.43 1.00 0.00
0.70 5.41 2.60 1.00 0.00
0.70 5.41 2.78 1.00 0.00
0.70 5.41 2.95 1.00 0.00
0.70 5.41 3.13 1.00 0.00
0.70 5.41 3.30 1.00 0.00
0.70 5.41 3.48 1.00 0.00
0.70 5.41 3.65 1.00 0.00
0.70 5.41 3.83 1.00 0.00
0.70 5.41 4.00 1.00 0.00
0.90 5.41 1.11 1.00 0.00
0.90 5.41 1.28 1.00 0.00
0.90 5.41 1.46 1.00 0.00
0.90 5.41 1.63 1.00 0.00
0.90 5.41 1.80 1.00 0.00
0.90 5.41 1.98 1.00 0.00
0.90 5.41 2.15 1.00 0.00
0.90 5.41 2.33 1.00 0.00
0.90 5.41 2.50 1.00 0.00
0.90 5.41 2.68 1.00 0.00
0.90 5.41 2.85 1.00 0.00
0.90 5.41 3.03 1.00 0.00
0.90 5.41 3.20 1.00 0.00
0.90 5.41 3.37 1.00 0.00
0.90 5.41 3.55 1.00 0.00
0.90 5.41 3.72 1.00 0.00
0.90 5.41 3.90 1.00 0.00
0.90 5.41 4.07 1.00 0.00
1.10 5.41 1.18 1.00 0.00
1.10 5.41 1.35 1.00 0.00
1.10 5.41 1.52 1.00 0.00
1.10 5.41 1.70 1.00 0.00
1.10 5.41 1.87 1.00 0.00
1.10 5.41 2.05 1.00 0.00
1.10 5.41 2.22 1.00 0.00
1.10 5.41 2.40 1.00 0.00
1.10 5.41 2.57 1.00 0.00
1.10 5.41 2.75 1.00 0.00
1.10 5.41 2.92 1.00 0.00
1.10 5.41 3.10 1.00 0.00
1.10 5.41 3.27 1.00 0.00
1.10 5.41 3.44 1.00 0.00
1.10 5.41 3.62 1.00 0.00
1.10 5.41 3.79 1.00 0.00
1.10 5.41 3.97 1.00 0.00
1.10 5.41 4.14 1.00 0.00
0.30 5.59 0.88 1.00 0.00
0.30 5.59 1.06 1.00 0.00
0.30 5.59 1.23 1.00 0.00
0.30 5.59 1.41 1.00 0.00
0.30 5.59 1.58 1.00 0.00
0.30 5.59 1.76 1.00 0.00
0.30 5.59 1.93 1.00 0.00
0.30 5.59 2.11 1.00 0.00
0.30 5.59 2.28 1.00 0.00
0.30 5.59 2.45 1.00 0.00
0.30 5.59 2.63 1.00 0.00
0.30 5.59 2.80 1.00 0.00
0.30 5.59 2.98 1.00 0.00
0.30 5.59 3.15 1.00 0.00
0.30 5.59 3.33 1.00 0.00
0.30 5.59 3.50 1.00 0.00
0.30 5.59 3.68 1.00 0.00
0.30 5.59 3.85 1.00 0.00
0.50 5.59 0.95 1.00 0.00
0.50 5.59 1.13 1.00 0.00
0.50 5.59 1.30 1.00 0.00
0.50 5.59 1.48 1.00 0.00
0.50 5.59 1.65 1.00 0.00
0.50 5.59 1.83 1.00 0.00
0.50 5.59 2.00 1.00 0.00
0.50 5.59 2.18 1.00 0.00
0.50 5.59 2.35 1.00 0.00
0.50 5.59 2.53 1.00 0.00
0.50 5.59 2.70 1.00 0.00
0.50 5.59 2.87 1.00 0.00
0.50 5.59 3.05 1.00 0.00
0.50 5.59 3.22 1.00 0.00
0.50 5.59 3.40 1.00 0.00
0.50 5.59 3.57 1.00 0.00
0.50 5.59 3.75 1.00 0.00
0.50 5.59 3.92 1.00 0.00
0.70 5.59 1.02 1.00 0.00
0.70 5.59 1.20 1.00 0.00
0.70 5.59 1.37 1.00 0.00
0.70 5.59 1.55 1.00 0.00
0.70 5.59 1.72 1.00 0.00
0.70 5.59 1.90 1.00 0.00
0.70 5.59 2.07 1.00 0.00
0.70 5.59 2.25 1.00 0.00
0.70 5.59 2.42 1.00 0.00
0.70 5.59 2.59 1.00 0.00
0.70 5.59 2.77 1.00 0.00
0.70 5.59 2.94 1.00 0.00
0.70 5.59 3.12 1.00 0.00
0.70 5.59 3.29 1.00 0.00
0.70 5.59 3.47 1.00 0.00
0.70 5.59 3.64 1.00 0.00
0.70 5.59 3.82 1.00 0.00
0.70 5.59 3.99 1.00 0.00
0.90 5.59 1.09 1.00 0.00
0.90 5.59 1.26 1.00 0.00
0.90 5.59 1.44 1.00 0.00
0.90 5.59 1.61 1.00 0.00
0.90 5.59 1.79 1.00 0.00
0.90 5.59 1.96 1.00 0.00
0.90 5.59 2.14 1.00 0.00
0.90 5.59 2.31 1.00 0.00
0.90 5.59 2.49 1.00 0.00
0.90 5.59 2.66 1.00 0.00
0.90 5.59 2.83 1.00 0.00
0.90 5.59 3.01 1.00 0.00
0.90 5.59 3.18 1.00 0.00
0.90 5.59 3.36 1.00 0.00
0.90 5.59 3.53 1.00 0.00
0.90 5.59 3.71 1.00 0.00
0.90 5.59 3.88 1.00 0.00
0.90 5.59 4.06 1.00 0.00
1.10 5.59 1.15 1.00 0.00
1.10 5.59 1.33 1.00 0.00
1.10 5.59 1.50 1.00 0.00
1.10 5.59 1.67 1.00 0.00
1.10 5.59 1.85 1.00 0.00
1.10 5.59 2.02 1.00 0.00
1.10 5.59 2.20 1.00 0.00
1.10 5.59 2.37 1.00 0.00
1.10 5.59 2.55 1.00 0.00
1.10 5.59 2.72 1.00 0.00
1.10 5.59 2.90 1.00 0.00
1.10 5.59 3.07 1.00 0.00
1.10 5.59 3.25 1.00 0.00
1.10 5.59 3.42 1.00 0.00
1.10 5.59 3.59 1.00 0.00
1.10 5.59 3.77 1.00 0.00
1.10 5.59 3.94 1.00 0.00
1.10 5.59 4.12 1.00 0.00
0.30 5.76 0.88 1.00 0.00
0.30 5.76 1.05 1.00 0.00
0.30 5.76 1.23 1.00 0.00
0.30 5.76 1.40 1.00 0.00
0.30 5.76 1.58 1.00 0.00
0.30 5.76 1.75 1.00 0.00
0.30 5.76 1.93 1.00 0.00
0.30 5.76 2.10 1.00 0.00
0.30 5.76 2.27 1.00 0.00
0.30 5.76 2.45 1.00 0.00
0.30 5.76 2.62 1.00 0.00
0.30 5.76 2.80 1.00 0.00
0.30 5.76 2.97 1.00 0.00
0.30 5.76 3.15 1.00 0.00
0.30 5.76 3.32 1.00 0.00
0.30 5.76 3.50 1.00 0.00
0.30 5.76 3.67 1.00 0.00
0.30 5.76 3.85 1.00 0.00
0.50 5.76 0.94 1.00 0.00
0.50 5.76 1.12 1.00 0.00
0.50 5.76 1.29 1.00 0.00
0.50 5.76 1.47 1.00 0.00
0.50 5.76 1.64 1.00 0.00
0.50 5.76 1.82 1.00 0.00
0.50 5.76 1.99 1.00 0.00
0.50 5.76 2.17 1.00 0.00
0.50 5.76 2.34 1.00 0.00
0.50 5.76 2.52 1.00 0.00
0.50 5.76 2.69 1.00 0.00
0.50 5.76 2.86 1.00 0.00
0.50 5.76 3.04 1.00 0.00
0.50 5.76 3.21 1.00 0.00
0.50 5.76 3.39 1.00 0.00
0.50 5.76 3.56 1.00 0.00
0.50 5.76 3.74 1.00 0.00
0.50 5.76 3.91 1.00 0.00
0.70 5.76 1.01 1.00 0.00
0.70 5.76 1.18 1.00 0.00
0.70 5.76 1.36 1.00 0.00
0.70 5.76 1.53 1.00 0.00
0.70 5.76 1.70 1.00 0.00
0.70 5.76 1.88 1.00 0.00
0.70 5.76 2.05 1.00 0.00
0.70 5.76 2.23 1.00 0.00
0.70 5.76 2.40 1.00 0.00
0.70 5.76 2.58 1.00 0.00
0.70 5.76 2.75 1.00 0.00
0.70 5.76 2.93 1.00 0.00
0.70 5.76 3.10 1.00 0.00
0.70 5.76 3.28 1.00 0.00
0.70 5.76 3.45 1.00 0.00
0.70 5.76 3.62 1.00 0.00
0.70 5.76 3.80 1.00 0.00
0.70 5.76 3.97 1.00 0.00
0.90 5.76 1.07 1.00 0.00
0.90 5.76 1.24 1.00 0.00
0.90 5.76 1.41 1.00 0.00
0.90 5.76 1.59 1.00 0.00
0.90 5.76 1.76 1.00 0.00
0.90 5.76 1.94 1.00 0.00
0.90 5.76 2.11 1.00 0.00
0.90 5.76 2.29 1.00 0.00
0.90 5.76 2.46 1.00 0.00
0.90 5.76 2.64 1.00 0.00
0.90 5.76 2.81 1.00 0.00
0.90 5.76 2.98 1.00 0.00
0.90 5.76 3.16 1.00 0.00
0.90 5.76 3.33 1.00 0.00
0.90 5.76 3.51 1.00 0.00
0.90 5.76 3.68 1.00 0.00
0.90 5.76 3.86 1.00 0.00
0.90 5.76 4.03 1.00 0.00
1.10 5.76 1.12 1.00 0.00
1.10 5.76 1.29 1.00 0.00
1.10 5.76 1.47 1.00 0.00
1.10 5.76 1.64 1.00 0.00
1.10 5.76 1.82 1.00 0.00
1.10 5.76 1.99 1.00 0.00
1.10 5.76 2.17 1.00 0.00
1.10 5.76 2.34 1.00 0.00
1.10 5.76 2.52 1.00 0.00
1.10 5.76 2.69 1.00 0.00
1.10 5.76 2.87 1.00 0.00
1.10 5.76 3.04 1.00 0.00
1.10 5.76 3.21 1.00 0.00
1.10 5.76 3.39 1.00 0.00
1.10 5.76 3.56 1.00 0.00
1.10 5.76 3.74 1.00 0.00
1.10 5.76 3.91 1.00 0.00
1.10 5.76 4.09 1.00 0.00
0.30 5.93 7.15 1.00 0.00
0.30 5.93 7.33 1.00 0.00
0.30 5.93 7.50 1.00 0.00
0.30 5.93 7.68 1.00 0.00
0.30 5.93 7.85 1.00 0.00
0.30 5.93 8.03 1.00 0.00
0.30 5.93 8.20 1.00 0.00
0.30 5.93 8.38 1.00 0.00
0.30 5.93 8.55 1.00 0.00
0.30 5.93 8.72 1.00 0.00
0.30 5.93 8.90 1.00 0.00
0.30 5.93 9.07 1.00 0.00
0.30 5.93 9.25 1.00 0.00
0.30 5.93 9.42 1.00 0.00
0.30 5.93 9.60 1.00 0.00
0.30 5.93 9.77 1.00 0.00
0.30 5.93 9.95 1.00 0.00
0.30 5.93 10.12 1.00 0.00
0.50 5.93 0.93 1.00 0.00
0.50 5.93 1.10 1.00 0.00
0.50 5.93 1.28 1.00 0.00
0.50 5.93 1.45 1.00 0.00
0.50 5.93 1.63 1.00 0.00
0.50 5.93 1.80 1.00 0.00
0.50 5.93 1.98 1.00 0.00
0.50 5.93 2.15 1.00 0.00
0.50 5.93 2.33 1.00 0.00
0.50 5.93 2.50 1.00 0.00
0.50 5.93 2.68 1.00 0.00
0.50 5.93 2.85 1.00 0.00
0.50 5.93 3.02 1.00 0.00
0.50 5.93 3.20 1.00 0.00
0.50 5.93 3.37 1.00 0.00
0.50 5.93 3.55 1.00 0.00
0.50 5.93 3.72 1.00 0.00
0.50 5.93 3.90 1.00 0.00
0.70 5.93 0.98 1.00 0.00
0.70 5.93 1.16 1.00 0.00
0.70 5.93 1.33 1.00 0.00
0.70 5.93 1.51 1.00 0.00
0.70 5.93 1.68 1.00 0.00
0.70 5.93 1.86 1.00 0.00
0.70 5.93 2.03 1.00 0.00
0.70 5.93 2.21 1.00 0.00
0.70 5.93 2.38 1.00 0.00
0.70 5.93 2.56 1.00 0.00
0.70 5.93 2.73 1.00 0.00
0.70 5.93 2.90 1.00 0.00
0.70 5.93 3.08 1.00 0.00
0.70 5.93 3.25 1.00 0.00
0.70 5.93 3.43 1.00 0.00
0.70 5.93 3.60 1.00 0.00
0.70 5.93 3.78 1.00 0.00
0.70 5.93 3.95 1.00 0.00
0.90 5.93 1.04 1.00 0.00
0.90 5.93 1.21 1.00 0.00
0.90 5.93 1.38 1.00 0.00
0.90 5.93 1.56 1.00 0.00
0.90 5.93 1.73 1.00 0.00
0.90 5.93 1.91 1.00 0.00
0.90 5.93 2.08 1.00 0.00
0.90 5.93 2.26 1.00 0.00
0.90 5.93 2.43 1.00 0.00
0.90 5.93 2.61 1.00 0.00
0.90 5.93 2.78 1.00 0.00
0.90 5.93 2.96 1.00 0.00
0.90 5.93 3.13 1.00 0.00
0.90 5.93 3.30 1.00 0.00
0.90 5.93 3.48 1.00 0.00
0.90 5.93 3.65 1.00 0.00
0.90 5.93 3.83 1.00 0.00
0.90 5.93 4.00 1.00 0.00
1.10 5.93 1.08 1.00 0.00
1.10 5.93 1.26 1.00 0.00
1.10 5.93 1.43 1.00 0.00
1.10 5.93 1.61 1.00 0.00
1.10 5.93 1.78 1.00 0.00
1.10 5.93 1.96 1.00 0.00
1.10 5.93 2.13 1.00 0.00
1.10 5.93 2.30 1.00 0.00
1.10 5.93 2.48 1.00 0.00
1.10 5.93 2.65 1.00 0.00
1.10 5.93 2.83 1.00 0.00
1.10 5.93 3.00 1.00 0.00
1.10 5.93 3.18 1.00 0.00
1.10 5.93 3.35 1.00 0.00
1.10 5.93 3.53 1.00 0.00
1.10 5.93 3.70 1.00 0.00
1.10 5.93 3.88 1.00 0.00
1.10 5.93 4.05 1.00 0.00
0.30 6.11 7.14 1.00 0.00
0.30 6.11 7.32 1.00 0.00
0.30 6.11 7.49 1.00 0.00
0.30 6.11 7.67 1.00 0.00
0.30 6.11 7.84 1.00 0.00
0.30 6.11 8.02 1.00 0.00
0.30 6.11 8.19 1.00 0.00
0.30 6.11 8.37 1.00 0.00
0.30 6.11 8.54 1.00 0.00
0.30 6.11 8.71 1.00 0.00
0.30 6.11 8.89 1.00 0.00
0.30 6.11 9.06 1.00 0.00
0.30 6.11 9.24 1.00 0.00
0.30 6.11 9.41 1.00 0.00
0.30 6.11 9.59 1.00 0.00
0.30 6.11 9.76 1.00 0.00
0.30 6.11 9.94 1.00 0.00
0.30 6.11 10.11 1.00 0.00
0.50 6.11 0.91 1.00 0.00
0.50 6.11 1.09 1.00 0.00
0.50 6.11 1.26 1.00 0.00
0.50 6.11 1.44 1.00 0.00
0.50 6.11 1.61 1.00 0.00
0.50 6.11 1.78 1.00 0.00
0.50 6.11 1.96 1.00 0.00
0.50 6.11 2.13 1.00 0.00
0.50 6.11 2.31 1.00 0.00
0.50 6.11 2.48 1.00 0.00
0.50 6.11 2.66 1.00 0.00
0.50 6.11 2.83 1.00 0.00
0.50 6.11 3.01 1.00 0.00
0.50 6.11 3.18 1.00 0.00
0.50 6.11 3.36 1.00 0.00
0.50 6.11 3.53 1.00 0.00
0.50 6.11 3.70 1.00 0.00
0.50 6.11 3.88 1.00 0.00
0.70 6.11 0.96 1.00 0.00
0.70 6.11 1.13 1.00 0.00
0.70 6.11 1.31 1.00 0.00
0.70 6.11 1.48 1.00 0.00
0.70 6.11 1.66 1.00 0.00
0.70 6.11 1.83 1.00 0.00
0.70 6.11 2.01 1.00 0.00
0.70 6.11 2.18 1.00 0.00
0.70 6.11 2.36 1.00 0.00
0.70 6.11 2.53 1.00 0.00
0.70 6.11 2.70 1.00 0.00
0.70 6.11 2.88 1.00 0.00
0.70 6.11 3.05 1.00 0.00
0.70 6.11 3.23 1.00 0.00
0.70 6.11 3.40 1.00 0.00
0.70 6.11 3.58 1.00 0.00
0.70 6.11 3.75 1.00 0.00
0.70 6.11 3.93 1.00 0.00
0.90 6.11 1.00 1.00 0.00
0.90 6.11 1.18 1.00 0.00
0.90 6.11 1.35 1.00 0.00
0.90 6.11 1.53 1.00 0.00
0.90 6.11 1.70 1.00 0.00
0.90 6.11 1.88 1.00 0.00
0.90 6.11 2.05 1.00 0.00
0.90 6.11 2.22 1.00 0.00
0.90 6.11 2.40 1.00 0.00
0.90 6.11 2.57 1.00 0.00
0.90 6.11 2.75 1.00 0.00
0.90 6.11 2.92 1.00 0.00
0.90 6.11 3.10 1.00 0.00
0.90 6.11 3.27 1.00 0.00
0.90 6.11 3.45 1.00 0.00
0.90 6.11 3.62 1.00 0.00
0.90 6.11 3.79 1.00 0.00
0.90 6.11 3.97 1.00 0.00
1.10 6.11 1.04 1.00 0.00
1.10 6.11 1.22 1.00 0.00
1.10 6.11 1.39 1.00 0.00
1.10 6.11 1.57 1.00 0.00
1.10 6.11 1.74 1.00 0.00
1.10 6.11 1.91 1.00 0.00
1.10 6.11 2.09 1.00 0.00
1.10 6.11 2.26 1.00 0.00
1.10 6.11 2.44 1.00 0.00
1.10 6.11 2.61 1.00 0.00
1.10 6.11 2.79 1.00 0.00
1.10 6.11 2.96 1.00 0.00
1.10 6.11 3.14 1.00 0.00
1.10 6.11 3.31 1.00 0.00
1.10 6.11 3.49 1.00 0.00
1.10 6.11 3.66 1.00 0.00
1.10 6.11 3.83 1.00 0.00
1.10 6.11 4.01 1.00 0.00
