0.30 0.00 6.97 1.00 0.00
0.30 0.00 7.14 1.00 0.00
0.30 0.00 7.32 1.00 0.00
0.30 0.00 7.49 1.00 0.00
0.30 0.00 7.67 1.00 0.00
0.30 0.00 7.84 1.00 0.00
0.30 0.00 8.02 1.00 0.00
0.30 0.00 8.19 1.00 0.00
0.30 0.00 8.37 1.00 0.00
0.30 0.00 8.54 1.00 0.00
0.30 0.00 8.71 1.00 0.00
0.30 0.00 8.89 1.00 0.00
0.30 0.00 9.06 1.00 0.00
0.30 0.00 9.24 1.00 0.00
0.30 0.00 9.41 1.00 0.00
0.30 0.00 9.59 1.00 0.00
0.30 0.00 9.76 1.00 0.00
0.30 0.00 9.94 1.00 0.00
0.50 0.00 0.74 1.00 0.00
0.50 0.00 0.91 1.00 0.00
0.50 0.00 1.09 1.00 0.00
0.50 0.00 1.26 1.00 0.00
0.50 0.00 1.44 1.00 0.00
0.50 0.00 1.61 1.00 0.00
0.50 0.00 1.78 1.00 0.00
0.50 0.00 1.96 1.00 0.00
0.50 0.00 2.13 1.00 0.00
0.50 0.00 2.31 1.00 0.00
0.50 0.00 2.48 1.00 0.00
0.50 0.00 2.66 1.00 0.00
0.50 0.00 2.83 1.00 0.00
0.50 0.00 3.01 1.00 0.00
0.50 0.00 3.18 1.00 0.00
0.50 0.00 3.36 1.00 0.00
0.50 0.00 3.53 1.00 0.00
0.50 0.00 3.70 1.00 0.00
0.70 0.00 0.78 1.00 0.00
0.70 0.00 0.96 1.00 0.00
0.70 0.00 1.13 1.00 0.00
0.70 0.00 1.31 1.00 0.00
0.70 0.00 1.48 1.00 0.00
0.70 0.00 1.66 1.00 0.00
0.70 0.00 1.83 1.00 0.00
0.70 0.00 2.01 1.00 0.00
0.70 0.00 2.18 1.00 0.00
0.70 0.00 2.36 1.00 0.00
0.70 0.00 2.53 1.00 0.00
0.70 0.00 2.70 1.00 0.00
0.70 0.00 2.88 1.00 0.00
0.70 0.00 3.05 1.00 0.00
0.70 0.00 3.23 1.00 0.00
0.70 0.00 3.40 1.00 0.00
0.70 0.00 3.58 1.00 0.00
0.70 0.00 3.75 1.00 0.00
0.90 0.00 0.83 1.00 0.00
0.90 0.00 1.00 1.00 0.00
0.90 0.00 1.18 1.00 0.00
0.90 0.00 1.35 1.00 0.00
0.90 0.00 1.53 1.00 0.00
0.90 0.00 1.70 1.00 0.00
0.90 0.00 1.88 1.00 0.00
0.90 0.00 2.05 1.00 0.00
0.90 0.00 2.22 1.00 0.00
0.90 0.00 2.40 1.00 0.00
0.90 0.00 2.57 1.00 0.00
0.90 0.00 2.75 1.00 0.00
0.90 0.00 2.92 1.00 0.00
0.90 0.00 3.10 1.00 0.00
0.90 0.00 3.27 1.00 0.00
0.90 0.00 3.45 1.00 0.00
0.90 0.00 3.62 1.00 0.00
0.90 0.00 3.79 1.00 0.00
1.10 0.00 0.87 1.00 0.00
1.10 0.00 1.04 1.00 0.00
1.10 0.00 1.22 1.00 0.00
1.10 0.00 1.39 1.00 0.00
1.10 0.00 1.57 1.00 0.00
1.10 0.00 1.74 1.00 0.00
1.10 0.00 1.91 1.00 0.00
1.10 0.00 2.09 1.00 0.00
1.10 0.00 2.26 1.00 0.00
1.10 0.00 2.44 1.00 0.00
1.10 0.00 2.61 1.00 0.00
1.10 0.00 2.79 1.00 0.00
1.10 0.00 2.96 1.00 0.00
1.10 0.00 3.14 1.00 0.00
1.10 0.00 3.31 1.00 0.00
1.10 0.00 3.49 1.00 0.00
1.10 0.00 3.66 1.00 0.00
1.10 0.00 3.83 1.00 0.00
0.30 0.17 6.96 1.00 0.00
0.30 0.17 7.13 1.00 0.00
0.30 0.17 7.31 1.00 0.00
0.30 0.17 7.48 1.00 0.00
0.30 0.17 7.65 1.00 0.00
0.30 0.17 7.83 1.00 0.00
0.30 0.17 8.00 1.00 0.00
0.30 0.17 8.18 1.00 0.00
0.30 0.17 8.35 1.00 0.00
0.30 0.17 8.53 1.00 0.00
0.30 0.17 8.70 1.00 0.00
0.30 0.17 8.88 1.00 0.00
0.30 0.17 9.05 1.00 0.00
0.30 0.17 9.23 1.00 0.00
0.30 0.17 9.40 1.00 0.00
0.30 0.17 9.57 1.00 0.00
0.30 0.17 9.75 1.00 0.00
0.30 0.17 9.92 1.00 0.00
0.50 0.17 0.72 1.00 0.00
0.50 0.17 0.89 1.00 0.00
0.50 0.17 1.07 1.00 0.00
0.50 0.17 1.24 1.00 0.00
0.50 0.17 1.41 1.00 0.00
0.50 0.17 1.59 1.00 0.00
0.50 0.17 1.76 1.00 0.00
0.50 0.17 1.94 1.00 0.00
0.50 0.17 2.11 1.00 0.00
0.50 0.17 2.29 1.00 0.00
0.50 0.17 2.46 1.00 0.00
0.50 0.17 2.64 1.00 0.00
0.50 0.17 2.81 1.00 0.00
0.50 0.17 2.99 1.00 0.00
0.50 0.17 3.16 1.00 0.00
0.50 0.17 3.33 1.00 0.00
0.50 0.17 3.51 1.00 0.00
0.50 0.17 3.68 1.00 0.00
0.70 0.17 0.76 1.00 0.00
0.70 0.17 0.93 1.00 0.00
0.70 0.17 1.10 1.00 0.00
0.70 0.17 1.28 1.00 0.00
0.70 0.17 1.45 1.00 0.00
0.70 0.17 1.63 1.00 0.00
0.70 0.17 1.80 1.00 0.00
0.70 0.17 1.98 1.00 0.00
0.70 0.17 2.15 1.00 0.00
0.70 0.17 2.33 1.00 0.00
0.70 0.17 2.50 1.00 0.00
0.70 0.17 2.68 1.00 0.00
0.70 0.17 2.85 1.00 0.00
0.70 0.17 3.02 1.00 0.00
0.70 0.17 3.20 1.00 0.00
0.70 0.17 3.37 1.00 0.00
0.70 0.17 3.55 1.00 0.00
0.70 0.17 3.72 1.00 0.00
0.90 0.17 0.79 1.00 0.00
0.90 0.17 0.97 1.00 0.00
0.90 0.17 1.14 1.00 0.00
0.90 0.17 1.31 1.00 0.00
0.90 0.17 1.49 1.00 0.00
0.90 0.17 1.66 1.00 0.00
0.90 0.17 1.84 1.00 0.00
0.90 0.17 2.01 1.00 0.00
0.90 0.17 2.19 1.00 0.00
0.90 0.17 2.36 1.00 0.00
0.90 0.17 2.54 1.00 0.00
0.90 0.17 2.71 1.00 0.00
0.90 0.17 2.89 1.00 0.00
0.90 0.17 3.06 1.00 0.00
0.90 0.17 3.23 1.00 0.00
0.90 0.17 3.41 1.00 0.00
0.90 0.17 3.58 1.00 0.00
0.90 0.17 3.76 1.00 0.00
1.10 0.17 0.82 1.00 0.00
1.10 0.17 1.00 1.00 0.00
1.10 0.17 1.17 1.00 0.00
1.10 0.17 1.35 1.00 0.00
1.10 0.17 1.52 1.00 0.00
1.10 0.17 1.70 1.00 0.00
1.10 0.17 1.87 1.00 0.00
1.10 0.17 2.04 1.00 0.00
1.10 0.17 2.22 1.00 0.00
1.10 0.17 2.39 1.00 0.00
1.10 0.17 2.57 1.00 0.00
1.10 0.17 2.74 1.00 0.00
1.10 0.17 2.92 1.00 0.00
1.10 0.17 3.09 1.00 0.00
1.10 0.17 3.27 1.00 0.00
1.10 0.17 3.44 1.00 0.00
1.10 0.17 3.62 1.00 0.00
1.10 0.17 3.79 1.00 0.00
0.30 0.35 6.94 1.00 0.00
0.30 0.35 7.12 1.00 0.00
0.30 0.35 7.29 1.00 0.00
0.30 0.35 7.47 1.00 0.00
0.30 0.35 7.64 1.00 0.00
0.30 0.35 7.81 1.00 0.00
0.30 0.35 7.99 1.00 0.00
0.30 0.35 8.16 1.00 0.00
0.30 0.35 8.34 1.00 0.00
0.30 0.35 8.51 1.00 0.00
0.30 0.35 8.69 1.00 0.00
0.30 0.35 8.86 1.00 0.00
0.30 0.35 9.04 1.00 0.00
0.30 0.35 9.21 1.00 0.00
0.30 0.35 9.39 1.00 0.00
0.30 0.35 9.56 1.00 0.00
0.30 0.35 9.73 1.00 0.00
0.30 0.35 9.91 1.00 0.00
0.50 0.35 6.98 1.00 0.00
0.50 0.35 7.15 1.00 0.00
0.50 0.35 7.33 1.00 0.00
0.50 0.35 7.50 1.00 0.00
0.50 0.35 7.67 1.00 0.00
0.50 0.35 7.85 1.00 0.00
0.50 0.35 8.02 1.00 0.00
0.50 0.35 8.20 1.00 0.00
0.50 0.35 8.37 1.00 0.00
0.50 0.35 8.55 1.00 0.00
0.50 0.35 8.72 1.00 0.00
0.50 0.35 8.90 1.00 0.00
0.50 0.35 9.07 1.00 0.00
0.50 0.35 9.25 1.00 0.00
0.50 0.35 9.42 1.00 0.00
0.50 0.35 9.59 1.00 0.00
0.50 0.35 9.77 1.00 0.00
0.50 0.35 9.94 1.00 0.00
0.70 0.35 0.72 1.00 0.00
0.70 0.35 0.90 1.00 0.00
0.70 0.35 1.07 1.00 0.00
0.70 0.35 1.25 1.00 0.00
0.70 0.35 1.42 1.00 0.00
0.70 0.35 1.60 1.00 0.00
0.70 0.35 1.77 1.00 0.00
0.70 0.35 1.95 1.00 0.00
0.70 0.35 2.12 1.00 0.00
0.70 0.35 2.29 1.00 0.00
0.70 0.35 2.47 1.00 0.00
0.70 0.35 2.64 1.00 0.00
0.70 0.35 2.82 1.00 0.00
0.70 0.35 2.99 1.00 0.00
0.70 0.35 3.17 1.00 0.00
0.70 0.35 3.34 1.00 0.00
0.70 0.35 3.52 1.00 0.00
0.70 0.35 3.69 1.00 0.00
0.90 0.35 0.75 1.00 0.00
0.90 0.35 0.93 1.00 0.00
0.90 0.35 1.10 1.00 0.00
0.90 0.35 1.28 1.00 0.00
0.90 0.35 1.45 1.00 0.00
0.90 0.35 1.62 1.00 0.00
0.90 0.35 1.80 1.00 0.00
0.90 0.35 1.97 1.00 0.00
0.90 0.35 2.15 1.00 0.00
0.90 0.35 2.32 1.00 0.00
0.90 0.35 2.50 1.00 0.00
0.90 0.35 2.67 1.00 0.00
0.90 0.35 2.85 1.00 0.00
0.90 0.35 3.02 1.00 0.00
0.90 0.35 3.19 1.00 0.00
0.90 0.35 3.37 1.00 0.00
0.90 0.35 3.54 1.00 0.00
0.90 0.35 3.72 1.00 0.00
1.10 0.35 0.78 1.00 0.00
1.10 0.35 0.95 1.00 0.00
1.10 0.35 1.13 1.00 0.00
1.10 0.35 1.30 1.00 0.00
1.10 0.35 1.47 1.00 0.00
1.10 0.35 1.65 1.00 0.00
1.10 0.35 1.82 1.00 0.00
1.10 0.35 2.00 1.00 0.00
1.10 0.35 2.17 1.00 0.00
1.10 0.35 2.35 1.00 0.00
1.10 0.35 2.52 1.00 0.00
1.10 0.35 2.70 1.00 0.00
1.10 0.35 2.87 1.00 0.00
1.10 0.35 3.05 1.00 0.00
1.10 0.35 3.22 1.00 0.00
1.10 0.35 3.39 1.00 0.00
1.10 0.35 3.57 1.00 0.00
1.10 0.35 3.74 1.00 0.00
0.30 0.52 6.93 1.00 0.00
0.30 0.52 7.10 1.00 0.00
0.30 0.52 7.28 1.00 0.00
0.30 0.52 7.45 1.00 0.00
0.30 0.52 7.62 1.00 0.00
0.30 0.52 7.80 1.00 0.00
0.30 0.52 7.97 1.00 0.00
0.30 0.52 8.15 1.00 0.00
0.30 0.52 8.32 1.00 0.00
0.30 0.52 8.50 1.00 0.00
0.30 0.52 8.67 1.00 0.00
0.30 0.52 8.85 1.00 0.00
0.30 0.52 9.02 1.00 0.00
0.30 0.52 9.19 1.00 0.00
0.30 0.52 9.37 1.00 0.00
0.30 0.52 9.54 1.00 0.00
0.30 0.52 9.72 1.00 0.00
0.30 0.52 9.89 1.00 0.00
0.50 0.52 6.95 1.00 0.00
0.50 0.52 7.13 1.00 0.00
0.50 0.52 7.30 1.00 0.00
0.50 0.52 7.47 1.00 0.00
0.50 0.52 7.65 1.00 0.00
0.50 0.52 7.82 1.00 0.00
0.50 0.52 8.00 1.00 0.00
0.50 0.52 8.17 1.00 0.00
0.50 0.52 8.35 1.00 0.00
0.50 0.52 8.52 1.00 0.00
0.50 0.52 8.70 1.00 0.00
0.50 0.52 8.87 1.00 0.00
0.50 0.52 9.05 1.00 0.00
0.50 0.52 9.22 1.00 0.00
0.50 0.52 9.39 1.00 0.00
0.50 0.52 9.57 1.00 0.00
0.50 0.52 9.74 1.00 0.00
0.50 0.52 9.92 1.00 0.00
0.70 0.52 6.97 1.00 0.00
0.70 0.52 7.15 1.00 0.00
0.70 0.52 7.32 1.00 0.00
0.70 0.52 7.50 1.00 0.00
0.70 0.52 7.67 1.00 0.00
0.70 0.52 7.85 1.00 0.00
0.70 0.52 8.02 1.00 0.00
0.70 0.52 8.20 1.00 0.00
0.70 0.52 8.37 1.00 0.00
0.70 0.52 8.54 1.00 0.00
0.70 0.52 8.72 1.00 0.00
0.70 0.52 8.89 1.00 0.00
0.70 0.52 9.07 1.00 0.00
0.70 0.52 9.24 1.00 0.00
0.70 0.52 9.42 1.00 0.00
0.70 0.52 9.59 1.00 0.00
0.70 0.52 9.77 1.00 0.00
0.70 0.52 9.94 1.00 0.00
0.90 0.52 0.71 1.00 0.00
0.90 0.52 0.88 1.00 0.00
0.90 0.52 1.06 1.00 0.00
0.90 0.52 1.23 1.00 0.00
0.90 0.52 1.41 1.00 0.00
0.90 0.52 1.58 1.00 0.00
0.90 0.52 1.76 1.00 0.00
0.90 0.52 1.93 1.00 0.00
0.90 0.52 2.11 1.00 0.00
0.90 0.52 2.28 1.00 0.00
0.90 0.52 2.46 1.00 0.00
0.90 0.52 2.63 1.00 0.00
0.90 0.52 2.80 1.00 0.00
0.90 0.52 2.98 1.00 0.00
0.90 0.52 3.15 1.00 0.00
0.90 0.52 3.33 1.00 0.00
0.90 0.52 3.50 1.00 0.00
0.90 0.52 3.68 1.00 0.00
1.10 0.52 0.73 1.00 0.00
1.10 0.52 0.90 1.00 0.00
1.10 0.52 1.08 1.00 0.00
1.10 0.52 1.25 1.00 0.00
1.10 0.52 1.43 1.00 0.00
1.10 0.52 1.60 1.00 0.00
1.10 0.52 1.78 1.00 0.00
1.10 0.52 1.95 1.00 0.00
1.10 0.52 2.12 1.00 0.00
1.10 0.52 2.30 1.00 0.00
1.10 0.52 2.47 1.00 0.00
1.10 0.52 2.65 1.00 0.00
1.10 0.52 2.82 1.00 0.00
1.10 0.52 3.00 1.00 0.00
1.10 0.52 3.17 1.00 0.00
1.10 0.52 3.35 1.00 0.00
1.10 0.52 3.52 1.00 0.00
1.10 0.52 3.70 1.00 0.00
0.30 0.70 6.91 1.00 0.00
0.30 0.70 7.08 1.00 0.00
0.30 0.70 7.26 1.00 0.00
0.30 0.70 7.43 1.00 0.00
0.30 0.70 7.61 1.00 0.00
0.30 0.70 7.78 1.00 0.00
0.30 0.70 7.96 1.00 0.00
0.30 0.70 8.13 1.00 0.00
0.30 0.70 8.31 1.00 0.00
0.30 0.70 8.48 1.00 0.00
0.30 0.70 8.65 1.00 0.00
0.30 0.70 8.83 1.00 0.00
0.30 0.70 9.00 1.00 0.00
0.30 0.70 9.18 1.00 0.00
0.30 0.70 9.35 1.00 0.00
0.30 0.70 9.53 1.00 0.00
0.30 0.70 9.70 1.00 0.00
0.30 0.70 9.88 1.00 0.00
0.50 0.70 6.92 1.00 0.00
0.50 0.70 7.10 1.00 0.00
0.50 0.70 7.27 1.00 0.00
0.50 0.70 7.45 1.00 0.00
0.50 0.70 7.62 1.00 0.00
0.50 0.70 7.80 1.00 0.00
0.50 0.70 7.97 1.00 0.00
0.50 0.70 8.15 1.00 0.00
0.50 0.70 8.32 1.00 0.00
0.50 0.70 8.50 1.00 0.00
0.50 0.70 8.67 1.00 0.00
0.50 0.70 8.84 1.00 0.00
0.50 0.70 9.02 1.00 0.00
0.50 0.70 9.19 1.00 0.00
0.50 0.70 9.37 1.00 0.00
0.50 0.70 9.54 1.00 0.00
0.50 0.70 9.72 1.00 0.00
0.50 0.70 9.89 1.00 0.00
0.70 0.70 6.94 1.00 0.00
0.70 0.70 7.11 1.00 0.00
0.70 0.70 7.29 1.00 0.00
0.70 0.70 7.46 1.00 0.00
0.70 0.70 7.64 1.00 0.00
0.70 0.70 7.81 1.00 0.00
0.70 0.70 7.99 1.00 0.00
0.70 0.70 8.16 1.00 0.00
0.70 0.70 8.33 1.00 0.00
0.70 0.70 8.51 1.00 0.00
0.70 0.70 8.68 1.00 0.00
0.70 0.70 8.86 1.00 0.00
0.70 0.70 9.03 1.00 0.00
0.70 0.70 9.21 1.00 0.00
0.70 0.70 9.38 1.00 0.00
0.70 0.70 9.56 1.00 0.00
0.70 0.70 9.73 1.00 0.00
0.70 0.70 9.91 1.00 0.00
0.90 0.70 6.95 1.00 0.00
0.90 0.70 7.13 1.00 0.00
0.90 0.70 7.30 1.00 0.00
0.90 0.70 7.47 1.00 0.00
0.90 0.70 7.65 1.00 0.00
0.90 0.70 7.82 1.00 0.00
0.90 0.70 8.00 1.00 0.00
0.90 0.70 8.17 1.00 0.00
0.90 0.70 8.35 1.00 0.00
0.90 0.70 8.52 1.00 0.00
0.90 0.70 8.70 1.00 0.00
0.90 0.70 8.87 1.00 0.00
0.90 0.70 9.04 1.00 0.00
0.90 0.70 9.22 1.00 0.00
0.90 0.70 9.39 1.00 0.00
0.90 0.70 9.57 1.00 0.00
0.90 0.70 9.74 1.00 0.00
0.90 0.70 9.92 1.00 0.00
1.10 0.70 6.96 1.00 0.00
1.10 0.70 7.14 1.00 0.00
1.10 0.70 7.31 1.00 0.00
1.10 0.70 7.48 1.00 0.00
1.10 0.70 7.66 1.00 0.00
1.10 0.70 7.83 1.00 0.00
1.10 0.70 8.01 1.00 0.00
1.10 0.70 8.18 1.00 0.00
1.10 0.70 8.36 1.00 0.00
1.10 0.70 8.53 1.00 0.00
1.10 0.70 8.71 1.00 0.00
1.10 0.70 8.88 1.00 0.00
1.10 0.70 9.06 1.00 0.00
1.10 0.70 9.23 1.00 0.00
1.10 0.70 9.40 1.00 0.00
1.10 0.70 9.58 1.00 0.00
1.10 0.70 9.75 1.00 0.00
1.10 0.70 9.93 1.00 0.00
0.30 0.87 6.89 1.00 0.00
0.30 0.87 7.07 1.00 0.00
0.30 0.87 7.24 1.00 0.00
0.30 0.87 7.42 1.00 0.00
0.30 0.87 7.59 1.00 0.00
0.30 0.87 7.76 1.00 0.00
0.30 0.87 7.94 1.00 0.00
0.30 0.87 8.11 1.00 0.00
0.30 0.87 8.29 1.00 0.00
0.30 0.87 8.46 1.00 0.00
0.30 0.87 8.64 1.00 0.00
0.30 0.87 8.81 1.00 0.00
0.30 0.87 8.99 1.00 0.00
0.30 0.87 9.16 1.00 0.00
0.30 0.87 9.34 1.00 0.00
0.30 0.87 9.51 1.00 0.00
0.30 0.87 9.68 1.00 0.00
0.30 0.87 9.86 1.00 0.00
0.50 0.87 6.90 1.00 0.00
0.50 0.87 7.07 1.00 0.00
0.50 0.87 7.25 1.00 0.00
0.50 0.87 7.42 1.00 0.00
0.50 0.87 7.60 1.00 0.00
0.50 0.87 7.77 1.00 0.00
0.50 0.87 7.94 1.00 0.00
0.50 0.87 8.12 1.00 0.00
0.50 0.87 8.29 1.00 0.00
0.50 0.87 8.47 1.00 0.00
0.50 0.87 8.64 1.00 0.00
0.50 0.87 8.82 1.00 0.00
0.50 0.87 8.99 1.00 0.00
0.50 0.87 9.17 1.00 0.00
0.50 0.87 9.34 1.00 0.00
0.50 0.87 9.52 1.00 0.00
0.50 0.87 9.69 1.00 0.00
0.50 0.87 9.86 1.00 0.00
0.70 0.87 6.90 1.00 0.00
0.70 0.87 7.08 1.00 0.00
0.70 0.87 7.25 1.00 0.00
0.70 0.87 7.43 1.00 0.00
0.70 0.87 7.60 1.00 0.00
0.70 0.87 7.78 1.00 0.00
0.70 0.87 7.95 1.00 0.00
0.70 0.87 8.12 1.00 0.00
0.70 0.87 8.30 1.00 0.00
0.70 0.87 8.47 1.00 0.00
0.70 0.87 8.65 1.00 0.00
0.70 0.87 8.82 1.00 0.00
0.70 0.87 9.00 1.00 0.00
0.70 0.87 9.17 1.00 0.00
0.70 0.87 9.35 1.00 0.00
0.70 0.87 9.52 1.00 0.00
0.70 0.87 9.70 1.00 0.00
0.70 0.87 9.87 1.00 0.00
0.90 0.87 6.91 1.00 0.00
0.90 0.87 7.08 1.00 0.00
0.90 0.87 7.26 1.00 0.00
0.90 0.87 7.43 1.00 0.00
0.90 0.87 7.61 1.00 0.00
0.90 0.87 7.78 1.00 0.00
0.90 0.87 7.95 1.00 0.00
0.90 0.87 8.13 1.00 0.00
0.90 0.87 8.30 1.00 0.00
0.90 0.87 8.48 1.00 0.00
0.90 0.87 8.65 1.00 0.00
0.90 0.87 8.83 1.00 0.00
0.90 0.87 9.00 1.00 0.00
0.90 0.87 9.18 1.00 0.00
0.90 0.87 9.35 1.00 0.00
0.90 0.87 9.52 1.00 0.00
0.90 0.87 9.70 1.00 0.00
0.90 0.87 9.87 1.00 0.00
1.10 0.87 6.91 1.00 0.00
1.10 0.87 7.09 1.00 0.00
1.10 0.87 7.26 1.00 0.00
1.10 0.87 7.43 1.00 0.00
1.10 0.87 7.61 1.00 0.00
1.10 0.87 7.78 1.00 0.00
1.10 0.87 7.96 1.00 0.00
1.10 0.87 8.13 1.00 0.00
1.10 0.87 8.31 1.00 0.00
1.10 0.87 8.48 1.00 0.00
1.10 0.87 8.66 1.00 0.00
1.10 0.87 8.83 1.00 0.00
1.10 0.87 9.01 1.00 0.00
1.10 0.87 9.18 1.00 0.00
1.10 0.87 9.35 1.00 0.00
1.10 0.87 9.53 1.00 0.00
1.10 0.87 9.70 1.00 0.00
1.10 0.87 9.88 1.00 0.00
0.30 1.05 6.87 1.00 0.00
0.30 1.05 7.05 1.00 0.00
0.30 1.05 7.22 1.00 0.00
0.30 1.05 7.40 1.00 0.00
0.30 1.05 7.57 1.00 0.00
0.30 1.05 7.75 1.00 0.00
0.30 1.05 7.92 1.00 0.00
0.30 1.05 8.10 1.00 0.00
0.30 1.05 8.27 1.00 0.00
0.30 1.05 8.45 1.00 0.00
0.30 1.05 8.62 1.00 0.00
0.30 1.05 8.79 1.00 0.00
0.30 1.05 8.97 1.00 0.00
0.30 1.05 9.14 1.00 0.00
0.30 1.05 9.32 1.00 0.00
0.30 1.05 9.49 1.00 0.00
0.30 1.05 9.67 1.00 0.00
0.30 1.05 9.84 1.00 0.00
0.50 1.05 6.87 1.00 0.00
0.50 1.05 7.04 1.00 0.00
0.50 1.05 7.22 1.00 0.00
0.50 1.05 7.39 1.00 0.00
0.50 1.05 7.57 1.00 0.00
0.50 1.05 7.74 1.00 0.00
0.50 1.05 7.92 1.00 0.00
0.50 1.05 8.09 1.00 0.00
0.50 1.05 8.27 1.00 0.00
0.50 1.05 8.44 1.00 0.00
0.50 1.05 8.62 1.00 0.00
0.50 1.05 8.79 1.00 0.00
0.50 1.05 8.96 1.00 0.00
0.50 1.05 9.14 1.00 0.00
0.50 1.05 9.31 1.00 0.00
0.50 1.05 9.49 1.00 0.00
0.50 1.05 9.66 1.00 0.00
0.50 1.05 9.84 1.00 0.00
0.70 1.05 6.87 1.00 0.00
0.70 1.05 7.04 1.00 0.00
0.70 1.05 7.22 1.00 0.00
0.70 1.05 7.39 1.00 0.00
0.70 1.05 7.56 1.00 0.00
0.70 1.05 7.74 1.00 0.00
0.70 1.05 7.91 1.00 0.00
0.70 1.05 8.09 1.00 0.00
0.70 1.05 8.26 1.00 0.00
0.70 1.05 8.44 1.00 0.00
0.70 1.05 8.61 1.00 0.00
0.70 1.05 8.79 1.00 0.00
0.70 1.05 8.96 1.00 0.00
0.70 1.05 9.14 1.00 0.00
0.70 1.05 9.31 1.00 0.00
0.70 1.05 9.48 1.00 0.00
0.70 1.05 9.66 1.00 0.00
0.70 1.05 9.83 1.00 0.00
0.90 1.05 6.86 1.00 0.00
0.90 1.05 7.04 1.00 0.00
0.90 1.05 7.21 1.00 0.00
0.90 1.05 7.39 1.00 0.00
0.90 1.05 7.56 1.00 0.00
0.90 1.05 7.74 1.00 0.00
0.90 1.05 7.91 1.00 0.00
0.90 1.05 8.08 1.00 0.00
0.90 1.05 8.26 1.00 0.00
0.90 1.05 8.43 1.00 0.00
0.90 1.05 8.61 1.00 0.00
0.90 1.05 8.78 1.00 0.00
0.90 1.05 8.96 1.00 0.00
0.90 1.05 9.13 1.00 0.00
0.90 1.05 9.31 1.00 0.00
0.90 1.05 9.48 1.00 0.00
0.90 1.05 9.66 1.00 0.00
0.90 1.05 9.83 1.00 0.00
1.10 1.05 6.86 1.00 0.00
1.10 1.05 7.03 1.00 0.00
1.10 1.05 7.21 1.00 0.00
1.10 1.05 7.38 1.00 0.00
1.10 1.05 7.56 1.00 0.00
1.10 1.05 7.73 1.00 0.00
1.10 1.05 7.91 1.00 0.00
1.10 1.05 8.08 1.00 0.00
1.10 1.05 8.26 1.00 0.00
1.10 1.05 8.43 1.00 0.00
1.10 1.05 8.61 1.00 0.00
1.10 1.05 8.78 1.00 0.00
1.10 1.05 8.95 1.00 0.00
1.10 1.05 9.13 1.00 0.00
1.10 1.05 9.30 1.00 0.00
1.10 1.05 9.48 1.00 0.00
1.10 1.05 9.65 1.00 0.00
1.10 1.05 9.83 1.00 0.00
0.30 1.22 6.86 1.00 0.00
0.30 1.22 7.03 1.00 0.00
0.30 1.22 7.21 1.00 0.00
0.30 1.22 7.38 1.00 0.00
0.30 1.22 7.56 1.00 0.00
0.30 1.22 7.73 1.00 0.00
0.30 1.22 7.90 1.00 0.00
0.30 1.22 8.08 1.00 0.00
0.30 1.22 8.25 1.00 0.00
0.30 1.22 8.43 1.00 0.00
0.30 1.22 8.60 1.00 0.00
0.30 1.22 8.78 1.00 0.00
0.30 1.22 8.95 1.00 0.00
0.30 1.22 9.13 1.00 0.00
0.30 1.22 9.30 1.00 0.00
0.30 1.22 9.48 1.00 0.00
0.30 1.22 9.65 1.00 0.00
0.30 1.22 9.82 1.00 0.00
0.50 1.22 6.84 1.00 0.00
0.50 1.22 7.02 1.00 0.00
0.50 1.22 7.19 1.00 0.00
0.50 1.22 7.37 1.00 0.00
0.50 1.22 7.54 1.00 0.00
0.50 1.22 7.72 1.00 0.00
0.50 1.22 7.89 1.00 0.00
0.50 1.22 8.06 1.00 0.00
0.50 1.22 8.24 1.00 0.00
0.50 1.22 8.41 1.00 0.00
0.50 1.22 8.59 1.00 0.00
0.50 1.22 8.76 1.00 0.00
0.50 1.22 8.94 1.00 0.00
0.50 1.22 9.11 1.00 0.00
0.50 1.22 9.29 1.00 0.00
0.50 1.22 9.46 1.00 0.00
0.50 1.22 9.64 1.00 0.00
0.50 1.22 9.81 1.00 0.00
0.70 1.22 6.83 1.00 0.00
0.70 1.22 7.01 1.00 0.00
0.70 1.22 7.18 1.00 0.00
0.70 1.22 7.35 1.00 0.00
0.70 1.22 7.53 1.00 0.00
0.70 1.22 7.70 1.00 0.00
0.70 1.22 7.88 1.00 0.00
0.70 1.22 8.05 1.00 0.00
0.70 1.22 8.23 1.00 0.00
0.70 1.22 8.40 1.00 0.00
0.70 1.22 8.58 1.00 0.00
0.70 1.22 8.75 1.00 0.00
0.70 1.22 8.92 1.00 0.00
0.70 1.22 9.10 1.00 0.00
0.70 1.22 9.27 1.00 0.00
0.70 1.22 9.45 1.00 0.00
0.70 1.22 9.62 1.00 0.00
0.70 1.22 9.80 1.00 0.00
0.90 1.22 6.82 1.00 0.00
0.90 1.22 6.99 1.00 0.00
0.90 1.22 7.17 1.00 0.00
0.90 1.22 7.34 1.00 0.00
0.90 1.22 7.52 1.00 0.00
0.90 1.22 7.69 1.00 0.00
0.90 1.22 7.87 1.00 0.00
0.90 1.22 8.04 1.00 0.00
0.90 1.22 8.22 1.00 0.00
0.90 1.22 8.39 1.00 0.00
0.90 1.22 8.56 1.00 0.00
0.90 1.22 8.74 1.00 0.00
0.90 1.22 8.91 1.00 0.00
0.90 1.22 9.09 1.00 0.00
0.90 1.22 9.26 1.00 0.00
0.90 1.22 9.44 1.00 0.00
0.90 1.22 9.61 1.00 0.00
0.90 1.22 9.79 1.00 0.00
1.10 1.22 6.81 1.00 0.00
1.10 1.22 6.98 1.00 0.00
1.10 1.22 7.16 1.00 0.00
1.10 1.22 7.33 1.00 0.00
1.10 1.22 7.51 1.00 0.00
1.10 1.22 7.68 1.00 0.00
1.10 1.22 7.86 1.00 0.00
1.10 1.22 8.03 1.00 0.00
1.10 1.22 8.21 1.00 0.00
1.10 1.22 8.38 1.00 0.00
1.10 1.22 8.55 1.00 0.00
1.10 1.22 8.73 1.00 0.00
1.10 1.22 8.90 1.00 0.00
1.10 1.22 9.08 1.00 0.00
1.10 1.22 9.25 1.00 0.00
1.10 1.22 9.43 1.00 0.00
1.10 1.22 9.60 1.00 0.00
1.10 1.22 9.78 1.00 0.00
0.30 1.40 6.84 1.00 0.00
0.30 1.40 7.01 1.00 0.00
0.30 1.40 7.19 1.00 0.00
0.30 1.40 7.36 1.00 0.00
0.30 1.40 7.54 1.00 0.00
0.30 1.40 7.71 1.00 0.00
0.30 1.40 7.89 1.00 0.00
0.30 1.40 8.06 1.00 0.00
0.30 1.40 8.24 1.00 0.00
0.30 1.40 8.41 1.00 0.00
0.30 1.40 8.59 1.00 0.00
0.30 1.40 8.76 1.00 0.00
0.30 1.40 8.93 1.00 0.00
0.30 1.40 9.11 1.00 0.00
0.30 1.40 9.28 1.00 0.00
0.30 1.40 9.46 1.00 0.00
0.30 1.40 9.63 1.00 0.00
0.30 1.40 9.81 1.00 0.00
0.50 1.40 6.82 1.00 0.00
0.50 1.40 6.99 1.00 0.00
0.50 1.40 7.17 1.00 0.00
0.50 1.40 7.34 1.00 0.00
0.50 1.40 7.51 1.00 0.00
0.50 1.40 7.69 1.00 0.00
0.50 1.40 7.86 1.00 0.00
0.50 1.40 8.04 1.00 0.00
0.50 1.40 8.21 1.00 0.00
0.50 1.40 8.39 1.00 0.00
0.50 1.40 8.56 1.00 0.00
0.50 1.40 8.74 1.00 0.00
0.50 1.40 8.91 1.00 0.00
0.50 1.40 9.09 1.00 0.00
0.50 1.40 9.26 1.00 0.00
0.50 1.40 9.43 1.00 0.00
0.50 1.40 9.61 1.00 0.00
0.50 1.40 9.78 1.00 0.00
0.70 1.40 6.80 1.00 0.00
0.70 1.40 6.97 1.00 0.00
0.70 1.40 7.14 1.00 0.00
0.70 1.40 7.32 1.00 0.00
0.70 1.40 7.49 1.00 0.00
0.70 1.40 7.67 1.00 0.00
0.70 1.40 7.84 1.00 0.00
0.70 1.40 8.02 1.00 0.00
0.70 1.40 8.19 1.00 0.00
0.70 1.40 8.37 1.00 0.00
0.70 1.40 8.54 1.00 0.00
0.70 1.40 8.72 1.00 0.00
0.70 1.40 8.89 1.00 0.00
0.70 1.40 9.06 1.00 0.00
0.70 1.40 9.24 1.00 0.00
0.70 1.40 9.41 1.00 0.00
0.70 1.40 9.59 1.00 0.00
0.70 1.40 9.76 1.00 0.00
0.90 1.40 6.78 1.00 0.00
0.90 1.40 6.95 1.00 0.00
0.90 1.40 7.13 1.00 0.00
0.90 1.40 7.30 1.00 0.00
0.90 1.40 7.47 1.00 0.00
0.90 1.40 7.65 1.00 0.00
0.90 1.40 7.82 1.00 0.00
0.90 1.40 8.00 1.00 0.00
0.90 1.40 8.17 1.00 0.00
0.90 1.40 8.35 1.00 0.00
0.90 1.40 8.52 1.00 0.00
0.90 1.40 8.70 1.00 0.00
0.90 1.40 8.87 1.00 0.00
0.90 1.40 9.05 1.00 0.00
0.90 1.40 9.22 1.00 0.00
0.90 1.40 9.39 1.00 0.00
0.90 1.40 9.57 1.00 0.00
0.90 1.40 9.74 1.00 0.00
1.10 1.40 6.76 1.00 0.00
1.10 1.40 6.93 1.00 0.00
1.10 1.40 7.11 1.00 0.00
1.10 1.40 7.28 1.00 0.00
1.10 1.40 7.46 1.00 0.00
1.10 1.40 7.63 1.00 0.00
1.10 1.40 7.81 1.00 0.00
1.10 1.40 7.98 1.00 0.00
1.10 1.40 8.16 1.00 0.00
1.10 1.40 8.33 1.00 0.00
1.10 1.40 8.51 1.00 0.00
1.10 1.40 8.68 1.00 0.00
1.10 1.40 8.85 1.00 0.00
1.10 1.40 9.03 1.00 0.00
1.10 1.40 9.20 1.00 0.00
1.10 1.40 9.38 1.00 0.00
1.10 1.40 9.55 1.00 0.00
1.10 1.40 9.73 1.00 0.00
0.30 1.57 6.82 1.00 0.00
0.30 1.57 7.00 1.00 0.00
0.30 1.57 7.17 1.00 0.00
0.30 1.57 7.35 1.00 0.00
0.30 1.57 7.52 1.00 0.00
0.30 1.57 7.70 1.00 0.00
0.30 1.57 7.87 1.00 0.00
0.30 1.57 8.05 1.00 0.00
0.30 1.57 8.22 1.00 0.00
0.30 1.57 8.40 1.00 0.00
0.30 1.57 8.57 1.00 0.00
0.30 1.57 8.74 1.00 0.00
0.30 1.57 8.92 1.00 0.00
0.30 1.57 9.09 1.00 0.00
0.30 1.57 9.27 1.00 0.00
0.30 1.57 9.44 1.00 0.00
0.30 1.57 9.62 1.00 0.00
0.30 1.57 9.79 1.00 0.00
0.50 1.57 6.79 1.00 0.00
0.50 1.57 6.97 1.00 0.00
0.50 1.57 7.14 1.00 0.00
0.50 1.57 7.31 1.00 0.00
0.50 1.57 7.49 1.00 0.00
0.50 1.57 7.66 1.00 0.00
0.50 1.57 7.84 1.00 0.00
0.50 1.57 8.01 1.00 0.00
0.50 1.57 8.19 1.00 0.00
0.50 1.57 8.36 1.00 0.00
0.50 1.57 8.54 1.00 0.00
0.50 1.57 8.71 1.00 0.00
0.50 1.57 8.89 1.00 0.00
0.50 1.57 9.06 1.00 0.00
0.50 1.57 9.23 1.00 0.00
0.50 1.57 9.41 1.00 0.00
0.50 1.57 9.58 1.00 0.00
0.50 1.57 9.76 1.00 0.00
0.70 1.57 6.76 1.00 0.00
0.70 1.57 6.94 1.00 0.00
0.70 1.57 7.11 1.00 0.00
0.70 1.57 7.29 1.00 0.00
0.70 1.57 7.46 1.00 0.00
0.70 1.57 7.63 1.00 0.00
0.70 1.57 7.81 1.00 0.00
0.70 1.57 7.98 1.00 0.00
0.70 1.57 8.16 1.00 0.00
0.70 1.57 8.33 1.00 0.00
0.70 1.57 8.51 1.00 0.00
0.70 1.57 8.68 1.00 0.00
0.70 1.57 8.86 1.00 0.00
0.70 1.57 9.03 1.00 0.00
0.70 1.57 9.21 1.00 0.00
0.70 1.57 9.38 1.00 0.00
0.70 1.57 9.55 1.00 0.00
0.70 1.57 9.73 1.00 0.00
0.90 1.57 6.73 1.00 0.00
0.90 1.57 6.91 1.00 0.00
0.90 1.57 7.08 1.00 0.00
0.90 1.57 7.26 1.00 0.00
0.90 1.57 7.43 1.00 0.00
0.90 1.57 7.61 1.00 0.00
0.90 1.57 7.78 1.00 0.00
0.90 1.57 7.96 1.00 0.00
0.90 1.57 8.13 1.00 0.00
0.90 1.57 8.31 1.00 0.00
0.90 1.57 8.48 1.00 0.00
0.90 1.57 8.65 1.00 0.00
0.90 1.57 8.83 1.00 0.00
0.90 1.57 9.00 1.00 0.00
0.90 1.57 9.18 1.00 0.00
0.90 1.57 9.35 1.00 0.00
0.90 1.57 9.53 1.00 0.00
0.90 1.57 9.70 1.00 0.00
1.10 1.57 6.71 1.00 0.00
1.10 1.57 6.89 1.00 0.00
1.10 1.57 7.06 1.00 0.00
1.10 1.57 7.23 1.00 0.00
1.10 1.57 7.41 1.00 0.00
1.10 1.57 7.58 1.00 0.00
1.10 1.57 7.76 1.00 0.00
1.10 1.57 7.93 1.00 0.00
1.10 1.57 8.11 1.00 0.00
1.10 1.57 8.28 1.00 0.00
1.10 1.57 8.46 1.00 0.00
1.10 1.57 8.63 1.00 0.00
1.10 1.57 8.81 1.00 0.00
1.10 1.57 8.98 1.00 0.00
1.10 1.57 9.15 1.00 0.00
1.10 1.57 9.33 1.00 0.00
1.10 1.57 9.50 1.00 0.00
1.10 1.57 9.68 1.00 0.00
0.30 1.75 6.81 1.00 0.00
0.30 1.75 6.98 1.00 0.00
0.30 1.75 7.16 1.00 0.00
0.30 1.75 7.33 1.00 0.00
0.30 1.75 7.51 1.00 0.00
0.30 1.75 7.68 1.00 0.00
0.30 1.75 7.86 1.00 0.00
0.30 1.75 8.03 1.00 0.00
0.30 1.75 8.21 1.00 0.00
0.30 1.75 8.38 1.00 0.00
0.30 1.75 8.56 1.00 0.00
0.30 1.75 8.73 1.00 0.00
0.30 1.75 8.90 1.00 0.00
0.30 1.75 9.08 1.00 0.00
0.30 1.75 9.25 1.00 0.00
0.30 1.75 9.43 1.00 0.00
0.30 1.75 9.60 1.00 0.00
0.30 1.75 9.78 1.00 0.00
0.50 1.75 6.77 1.00 0.00
0.50 1.75 6.94 1.00 0.00
0.50 1.75 7.12 1.00 0.00
0.50 1.75 7.29 1.00 0.00
0.50 1.75 7.47 1.00 0.00
0.50 1.75 7.64 1.00 0.00
0.50 1.75 7.81 1.00 0.00
0.50 1.75 7.99 1.00 0.00
0.50 1.75 8.16 1.00 0.00
0.50 1.75 8.34 1.00 0.00
0.50 1.75 8.51 1.00 0.00
0.50 1.75 8.69 1.00 0.00
0.50 1.75 8.86 1.00 0.00
0.50 1.75 9.04 1.00 0.00
0.50 1.75 9.21 1.00 0.00
0.50 1.75 9.39 1.00 0.00
0.50 1.75 9.56 1.00 0.00
0.50 1.75 9.73 1.00 0.00
0.70 1.75 6.73 1.00 0.00
0.70 1.75 6.90 1.00 0.00
0.70 1.75 7.08 1.00 0.00
0.70 1.75 7.25 1.00 0.00
0.70 1.75 7.43 1.00 0.00
0.70 1.75 7.60 1.00 0.00
0.70 1.75 7.78 1.00 0.00
0.70 1.75 7.95 1.00 0.00
0.70 1.75 8.13 1.00 0.00
0.70 1.75 8.30 1.00 0.00
0.70 1.75 8.47 1.00 0.00
0.70 1.75 8.65 1.00 0.00
0.70 1.75 8.82 1.00 0.00
0.70 1.75 9.00 1.00 0.00
0.70 1.75 9.17 1.00 0.00
0.70 1.75 9.35 1.00 0.00
0.70 1.75 9.52 1.00 0.00
0.70 1.75 9.70 1.00 0.00
0.90 1.75 6.70 1.00 0.00
0.90 1.75 6.87 1.00 0.00
0.90 1.75 7.04 1.00 0.00
0.90 1.75 7.22 1.00 0.00
0.90 1.75 7.39 1.00 0.00
0.90 1.75 7.57 1.00 0.00
0.90 1.75 7.74 1.00 0.00
0.90 1.75 7.92 1.00 0.00
0.90 1.75 8.09 1.00 0.00
0.90 1.75 8.27 1.00 0.00
0.90 1.75 8.44 1.00 0.00
0.90 1.75 8.62 1.00 0.00
0.90 1.75 8.79 1.00 0.00
0.90 1.75 8.96 1.00 0.00
0.90 1.75 9.14 1.00 0.00
0.90 1.75 9.31 1.00 0.00
0.90 1.75 9.49 1.00 0.00
0.90 1.75 9.66 1.00 0.00
1.10 1.75 6.66 1.00 0.00
1.10 1.75 6.84 1.00 0.00
1.10 1.75 7.01 1.00 0.00
1.10 1.75 7.19 1.00 0.00
1.10 1.75 7.36 1.00 0.00
1.10 1.75 7.54 1.00 0.00
1.10 1.75 7.71 1.00 0.00
1.10 1.75 7.89 1.00 0.00
1.10 1.75 8.06 1.00 0.00
1.10 1.75 8.23 1.00 0.00
1.10 1.75 8.41 1.00 0.00
1.10 1.75 8.58 1.00 0.00
1.10 1.75 8.76 1.00 0.00
1.10 1.75 8.93 1.00 0.00
1.10 1.75 9.11 1.00 0.00
1.10 1.75 9.28 1.00 0.00
1.10 1.75 9.46 1.00 0.00
1.10 1.75 9.63 1.00 0.00
0.30 1.92 6.80 1.00 0.00
0.30 1.92 6.97 1.00 0.00
0.30 1.92 7.15 1.00 0.00
0.30 1.92 7.32 1.00 0.00
0.30 1.92 7.50 1.00 0.00
0.30 1.92 7.67 1.00 0.00
0.30 1.92 7.84 1.00 0.00
0.30 1.92 8.02 1.00 0.00
0.30 1.92 8.19 1.00 0.00
0.30 1.92 8.37 1.00 0.00
0.30 1.92 8.54 1.00 0.00
0.30 1.92 8.72 1.00 0.00
0.30 1.92 8.89 1.00 0.00
0.30 1.92 9.07 1.00 0.00
0.30 1.92 9.24 1.00 0.00
0.30 1.92 9.41 1.00 0.00
0.30 1.92 9.59 1.00 0.00
0.30 1.92 9.76 1.00 0.00
0.50 1.92 6.75 1.00 0.00
0.50 1.92 6.92 1.00 0.00
0.50 1.92 7.10 1.00 0.00
0.50 1.92 7.27 1.00 0.00
0.50 1.92 7.44 1.00 0.00
0.50 1.92 7.62 1.00 0.00
0.50 1.92 7.79 1.00 0.00
0.50 1.92 7.97 1.00 0.00
0.50 1.92 8.14 1.00 0.00
0.50 1.92 8.32 1.00 0.00
0.50 1.92 8.49 1.00 0.00
0.50 1.92 8.67 1.00 0.00
0.50 1.92 8.84 1.00 0.00
0.50 1.92 9.02 1.00 0.00
0.50 1.92 9.19 1.00 0.00
0.50 1.92 9.36 1.00 0.00
0.50 1.92 9.54 1.00 0.00
0.50 1.92 9.71 1.00 0.00
0.70 1.92 6.70 1.00 0.00
0.70 1.92 6.87 1.00 0.00
0.70 1.92 7.05 1.00 0.00
0.70 1.92 7.22 1.00 0.00
0.70 1.92 7.40 1.00 0.00
0.70 1.92 7.57 1.00 0.00
0.70 1.92 7.75 1.00 0.00
0.70 1.92 7.92 1.00 0.00
0.70 1.92 8.10 1.00 0.00
0.70 1.92 8.27 1.00 0.00
0.70 1.92 8.45 1.00 0.00
0.70 1.92 8.62 1.00 0.00
0.70 1.92 8.79 1.00 0.00
0.70 1.92 8.97 1.00 0.00
0.70 1.92 9.14 1.00 0.00
0.70 1.92 9.32 1.00 0.00
0.70 1.92 9.49 1.00 0.00
0.70 1.92 9.67 1.00 0.00
0.90 1.92 6.66 1.00 0.00
0.90 1.92 6.83 1.00 0.00
0.90 1.92 7.01 1.00 0.00
0.90 1.92 7.18 1.00 0.00
0.90 1.92 7.36 1.00 0.00
0.90 1.92 7.53 1.00 0.00
0.90 1.92 7.71 1.00 0.00
0.90 1.92 7.88 1.00 0.00
0.90 1.92 8.05 1.00 0.00
0.90 1.92 8.23 1.00 0.00
0.90 1.92 8.40 1.00 0.00
0.90 1.92 8.58 1.00 0.00
0.90 1.92 8.75 1.00 0.00
0.90 1.92 8.93 1.00 0.00
0.90 1.92 9.10 1.00 0.00
0.90 1.92 9.28 1.00 0.00
0.90 1.92 9.45 1.00 0.00
0.90 1.92 9.62 1.00 0.00
1.10 1.92 6.62 1.00 0.00
1.10 1.92 6.79 1.00 0.00
1.10 1.92 6.97 1.00 0.00
1.10 1.92 7.14 1.00 0.00
1.10 1.92 7.32 1.00 0.00
1.10 1.92 7.49 1.00 0.00
1.10 1.92 7.67 1.00 0.00
1.10 1.92 7.84 1.00 0.00
1.10 1.92 8.02 1.00 0.00
1.10 1.92 8.19 1.00 0.00
1.10 1.92 8.36 1.00 0.00
1.10 1.92 8.54 1.00 0.00
1.10 1.92 8.71 1.00 0.00
1.10 1.92 8.89 1.00 0.00
1.10 1.92 9.06 1.00 0.00
1.10 1.92 9.24 1.00 0.00
1.10 1.92 9.41 1.00 0.00
1.10 1.92 9.59 1.00 0.00
0.30 2.09 6.79 1.00 0.00
0.30 2.09 6.96 1.00 0.00
0.30 2.09 7.14 1.00 0.00
0.30 2.09 7.31 1.00 0.00
0.30 2.09 7.48 1.00 0.00
0.30 2.09 7.66 1.00 0.00
0.30 2.09 7.83 1.00 0.00
0.30 2.09 8.01 1.00 0.00
0.30 2.09 8.18 1.00 0.00
0.30 2.09 8.36 1.00 0.00
0.30 2.09 8.53 1.00 0.00
0.30 2.09 8.71 1.00 0.00
0.30 2.09 8.88 1.00 0.00
0.30 2.09 9.06 1.00 0.00
0.30 2.09 9.23 1.00 0.00
0.30 2.09 9.40 1.00 0.00
0.30 2.09 9.58 1.00 0.00
0.30 2.09 9.75 1.00 0.00
0.50 2.09 6.73 1.00 0.00
0.50 2.09 6.90 1.00 0.00
0.50 2.09 7.08 1.00 0.00
0.50 2.09 7.25 1.00 0.00
0.50 2.09 7.43 1.00 0.00
0.50 2.09 7.60 1.00 0.00
0.50 2.09 7.78 1.00 0.00
0.50 2.09 7.95 1.00 0.00
0.50 2.09 8.12 1.00 0.00
0.50 2.09 8.30 1.00 0.00
0.50 2.09 8.47 1.00 0.00
0.50 2.09 8.65 1.00 0.00
0.50 2.09 8.82 1.00 0.00
0.50 2.09 9.00 1.00 0.00
0.50 2.09 9.17 1.00 0.00
0.50 2.09 9.35 1.00 0.00
0.50 2.09 9.52 1.00 0.00
0.50 2.09 9.69 1.00 0.00
0.70 2.09 6.67 1.00 0.00
0.70 2.09 6.85 1.00 0.00
0.70 2.09 7.02 1.00 0.00
0.70 2.09 7.20 1.00 0.00
0.70 2.09 7.37 1.00 0.00
0.70 2.09 7.55 1.00 0.00
0.70 2.09 7.72 1.00 0.00
0.70 2.09 7.90 1.00 0.00
0.70 2.09 8.07 1.00 0.00
0.70 2.09 8.24 1.00 0.00
0.70 2.09 8.42 1.00 0.00
0.70 2.09 8.59 1.00 0.00
0.70 2.09 8.77 1.00 0.00
0.70 2.09 8.94 1.00 0.00
0.70 2.09 9.12 1.00 0.00
0.70 2.09 9.29 1.00 0.00
0.70 2.09 9.47 1.00 0.00
0.70 2.09 9.64 1.00 0.00
0.90 2.09 6.62 1.00 0.00
0.90 2.09 6.80 1.00 0.00
0.90 2.09 6.97 1.00 0.00
0.90 2.09 7.15 1.00 0.00
0.90 2.09 7.32 1.00 0.00
0.90 2.09 7.50 1.00 0.00
0.90 2.09 7.67 1.00 0.00
0.90 2.09 7.85 1.00 0.00
0.90 2.09 8.02 1.00 0.00
0.90 2.09 8.19 1.00 0.00
0.90 2.09 8.37 1.00 0.00
0.90 2.09 8.54 1.00 0.00
0.90 2.09 8.72 1.00 0.00
0.90 2.09 8.89 1.00 0.00
0.90 2.09 9.07 1.00 0.00
0.90 2.09 9.24 1.00 0.00
0.90 2.09 9.42 1.00 0.00
0.90 2.09 9.59 1.00 0.00
1.10 2.09 6.58 1.00 0.00
1.10 2.09 6.75 1.00 0.00
1.10 2.09 6.93 1.00 0.00
1.10 2.09 7.10 1.00 0.00
1.10 2.09 7.28 1.00 0.00
1.10 2.09 7.45 1.00 0.00
1.10 2.09 7.63 1.00 0.00
1.10 2.09 7.80 1.00 0.00
1.10 2.09 7.97 1.00 0.00
1.10 2.09 8.15 1.00 0.00
1.10 2.09 8.32 1.00 0.00
1.10 2.09 8.50 1.00 0.00
1.10 2.09 8.67 1.00 0.00
1.10 2.09 8.85 1.00 0.00
1.10 2.09 9.02 1.00 0.00
1.10 2.09 9.20 1.00 0.00
1.10 2.09 9.37 1.00 0.00
1.10 2.09 9.54 1.00 0.00
0.30 2.27 6.78 1.00 0.00
0.30 2.27 6.95 1.00 0.00
0.30 2.27 7.13 1.00 0.00
0.30 2.27 7.30 1.00 0.00
0.30 2.27 7.48 1.00 0.00
0.30 2.27 7.65 1.00 0.00
0.30 2.27 7.83 1.00 0.00
0.30 2.27 8.00 1.00 0.00
0.30 2.27 8.17 1.00 0.00
0.30 2.27 8.35 1.00 0.00
0.30 2.27 8.52 1.00 0.00
0.30 2.27 8.70 1.00 0.00
0.30 2.27 8.87 1.00 0.00
0.30 2.27 9.05 1.00 0.00
0.30 2.27 9.22 1.00 0.00
0.30 2.27 9.40 1.00 0.00
0.30 2.27 9.57 1.00 0.00
0.30 2.27 9.74 1.00 0.00
0.50 2.27 6.71 1.00 0.00
0.50 2.27 6.89 1.00 0.00
0.50 2.27 7.06 1.00 0.00
0.50 2.27 7.24 1.00 0.00
0.50 2.27 7.41 1.00 0.00
0.50 2.27 7.59 1.00 0.00
0.50 2.27 7.76 1.00 0.00
0.50 2.27 7.93 1.00 0.00
0.50 2.27 8.11 1.00 0.00
0.50 2.27 8.28 1.00 0.00
0.50 2.27 8.46 1.00 0.00
0.50 2.27 8.63 1.00 0.00
0.50 2.27 8.81 1.00 0.00
0.50 2.27 8.98 1.00 0.00
0.50 2.27 9.16 1.00 0.00
0.50 2.27 9.33 1.00 0.00
0.50 2.27 9.51 1.00 0.00
0.50 2.27 9.68 1.00 0.00
0.70 2.27 6.65 1.00 0.00
0.70 2.27 6.83 1.00 0.00
0.70 2.27 7.00 1.00 0.00
0.70 2.27 7.18 1.00 0.00
0.70 2.27 7.35 1.00 0.00
0.70 2.27 7.52 1.00 0.00
0.70 2.27 7.70 1.00 0.00
0.70 2.27 7.87 1.00 0.00
0.70 2.27 8.05 1.00 0.00
0.70 2.27 8.22 1.00 0.00
0.70 2.27 8.40 1.00 0.00
0.70 2.27 8.57 1.00 0.00
0.70 2.27 8.75 1.00 0.00
0.70 2.27 8.92 1.00 0.00
0.70 2.27 9.09 1.00 0.00
0.70 2.27 9.27 1.00 0.00
0.70 2.27 9.44 1.00 0.00
0.70 2.27 9.62 1.00 0.00
0.90 2.27 6.59 1.00 0.00
0.90 2.27 6.77 1.00 0.00
0.90 2.27 6.94 1.00 0.00
0.90 2.27 7.12 1.00 0.00
0.90 2.27 7.29 1.00 0.00
0.90 2.27 7.47 1.00 0.00
0.90 2.27 7.64 1.00 0.00
0.90 2.27 7.82 1.00 0.00
0.90 2.27 7.99 1.00 0.00
0.90 2.27 8.16 1.00 0.00
0.90 2.27 8.34 1.00 0.00
0.90 2.27 8.51 1.00 0.00
0.90 2.27 8.69 1.00 0.00
0.90 2.27 8.86 1.00 0.00
0.90 2.27 9.04 1.00 0.00
0.90 2.27 9.21 1.00 0.00
0.90 2.27 9.39 1.00 0.00
0.90 2.27 9.56 1.00 0.00
1.10 2.27 6.54 1.00 0.00
1.10 2.27 6.72 1.00 0.00
1.10 2.27 6.89 1.00 0.00
1.10 2.27 7.06 1.00 0.00
1.10 2.27 7.24 1.00 0.00
1.10 2.27 7.41 1.00 0.00
1.10 2.27 7.59 1.00 0.00
1.10 2.27 7.76 1.00 0.00
1.10 2.27 7.94 1.00 0.00
1.10 2.27 8.11 1.00 0.00
1.10 2.27 8.29 1.00 0.00
1.10 2.27 8.46 1.00 0.00
1.10 2.27 8.63 1.00 0.00
1.10 2.27 8.81 1.00 0.00
1.10 2.27 8.98 1.00 0.00
1.10 2.27 9.16 1.00 0.00
1.10 2.27 9.33 1.00 0.00
1.10 2.27 9.51 1.00 0.00
0.30 2.44 6.77 1.00 0.00
0.30 2.44 6.95 1.00 0.00
0.30 2.44 7.12 1.00 0.00
0.30 2.44 7.30 1.00 0.00
0.30 2.44 7.47 1.00 0.00
0.30 2.44 7.65 1.00 0.00
0.30 2.44 7.82 1.00 0.00
0.30 2.44 7.99 1.00 0.00
0.30 2.44 8.17 1.00 0.00
0.30 2.44 8.34 1.00 0.00
0.30 2.44 8.52 1.00 0.00
0.30 2.44 8.69 1.00 0.00
0.30 2.44 8.87 1.00 0.00
0.30 2.44 9.04 1.00 0.00
0.30 2.44 9.22 1.00 0.00
0.30 2.44 9.39 1.00 0.00
0.30 2.44 9.56 1.00 0.00
0.30 2.44 9.74 1.00 0.00
0.50 2.44 6.70 1.00 0.00
0.50 2.44 6.88 1.00 0.00
0.50 2.44 7.05 1.00 0.00
0.50 2.44 7.23 1.00 0.00
0.50 2.44 7.40 1.00 0.00
0.50 2.44 7.57 1.00 0.00
0.50 2.44 7.75 1.00 0.00
0.50 2.44 7.92 1.00 0.00
0.50 2.44 8.10 1.00 0.00
0.50 2.44 8.27 1.00 0.00
0.50 2.44 8.45 1.00 0.00
0.50 2.44 8.62 1.00 0.00
0.50 2.44 8.80 1.00 0.00
0.50 2.44 8.97 1.00 0.00
0.50 2.44 9.15 1.00 0.00
0.50 2.44 9.32 1.00 0.00
0.50 2.44 9.49 1.00 0.00
0.50 2.44 9.67 1.00 0.00
0.70 2.44 6.63 1.00 0.00
0.70 2.44 6.81 1.00 0.00
0.70 2.44 6.98 1.00 0.00
0.70 2.44 7.16 1.00 0.00
0.70 2.44 7.33 1.00 0.00
0.70 2.44 7.51 1.00 0.00
0.70 2.44 7.68 1.00 0.00
0.70 2.44 7.86 1.00 0.00
0.70 2.44 8.03 1.00 0.00
0.70 2.44 8.20 1.00 0.00
0.70 2.44 8.38 1.00 0.00
0.70 2.44 8.55 1.00 0.00
0.70 2.44 8.73 1.00 0.00
0.70 2.44 8.90 1.00 0.00
0.70 2.44 9.08 1.00 0.00
0.70 2.44 9.25 1.00 0.00
0.70 2.44 9.43 1.00 0.00
0.70 2.44 9.60 1.00 0.00
0.90 2.44 6.57 1.00 0.00
0.90 2.44 6.74 1.00 0.00
0.90 2.44 6.92 1.00 0.00
0.90 2.44 7.09 1.00 0.00
0.90 2.44 7.27 1.00 0.00
0.90 2.44 7.44 1.00 0.00
0.90 2.44 7.62 1.00 0.00
0.90 2.44 7.79 1.00 0.00
0.90 2.44 7.97 1.00 0.00
0.90 2.44 8.14 1.00 0.00
0.90 2.44 8.31 1.00 0.00
0.90 2.44 8.49 1.00 0.00
0.90 2.44 8.66 1.00 0.00
0.90 2.44 8.84 1.00 0.00
0.90 2.44 9.01 1.00 0.00
0.90 2.44 9.19 1.00 0.00
0.90 2.44 9.36 1.00 0.00
0.90 2.44 9.54 1.00 0.00
1.10 2.44 6.51 1.00 0.00
1.10 2.44 6.68 1.00 0.00
1.10 2.44 6.86 1.00 0.00
1.10 2.44 7.03 1.00 0.00
1.10 2.44 7.21 1.00 0.00
1.10 2.44 7.38 1.00 0.00
1.10 2.44 7.56 1.00 0.00
1.10 2.44 7.73 1.00 0.00
1.10 2.44 7.90 1.00 0.00
1.10 2.44 8.08 1.00 0.00
1.10 2.44 8.25 1.00 0.00
1.10 2.44 8.43 1.00 0.00
1.10 2.44 8.60 1.00 0.00
1.10 2.44 8.78 1.00 0.00
1.10 2.44 8.95 1.00 0.00
1.10 2.44 9.13 1.00 0.00
1.10 2.44 9.30 1.00 0.00
1.10 2.44 9.48 1.00 0.00
0.30 2.62 6.77 1.00 0.00
0.30 2.62 6.94 1.00 0.00
0.30 2.62 7.12 1.00 0.00
0.30 2.62 7.29 1.00 0.00
0.30 2.62 7.47 1.00 0.00
0.30 2.62 7.64 1.00 0.00
0.30 2.62 7.82 1.00 0.00
0.30 2.62 7.99 1.00 0.00
0.30 2.62 8.17 1.00 0.00
0.30 2.62 8.34 1.00 0.00
0.30 2.62 8.52 1.00 0.00
0.30 2.62 8.69 1.00 0.00
0.30 2.62 8.86 1.00 0.00
0.30 2.62 9.04 1.00 0.00
0.30 2.62 9.21 1.00 0.00
0.30 2.62 9.39 1.00 0.00
0.30 2.62 9.56 1.00 0.00
0.30 2.62 9.74 1.00 0.00
0.50 2.62 6.70 1.00 0.00
0.50 2.62 6.87 1.00 0.00
0.50 2.62 7.04 1.00 0.00
0.50 2.62 7.22 1.00 0.00
0.50 2.62 7.39 1.00 0.00
0.50 2.62 7.57 1.00 0.00
0.50 2.62 7.74 1.00 0.00
0.50 2.62 7.92 1.00 0.00
0.50 2.62 8.09 1.00 0.00
0.50 2.62 8.27 1.00 0.00
0.50 2.62 8.44 1.00 0.00
0.50 2.62 8.62 1.00 0.00
0.50 2.62 8.79 1.00 0.00
0.50 2.62 8.96 1.00 0.00
0.50 2.62 9.14 1.00 0.00
0.50 2.62 9.31 1.00 0.00
0.50 2.62 9.49 1.00 0.00
0.50 2.62 9.66 1.00 0.00
0.70 2.62 6.62 1.00 0.00
0.70 2.62 6.80 1.00 0.00
0.70 2.62 6.97 1.00 0.00
0.70 2.62 7.15 1.00 0.00
0.70 2.62 7.32 1.00 0.00
0.70 2.62 7.50 1.00 0.00
0.70 2.62 7.67 1.00 0.00
0.70 2.62 7.84 1.00 0.00
0.70 2.62 8.02 1.00 0.00
0.70 2.62 8.19 1.00 0.00
0.70 2.62 8.37 1.00 0.00
0.70 2.62 8.54 1.00 0.00
0.70 2.62 8.72 1.00 0.00
0.70 2.62 8.89 1.00 0.00
0.70 2.62 9.07 1.00 0.00
0.70 2.62 9.24 1.00 0.00
0.70 2.62 9.42 1.00 0.00
0.70 2.62 9.59 1.00 0.00
0.90 2.62 6.55 1.00 0.00
0.90 2.62 6.73 1.00 0.00
0.90 2.62 6.90 1.00 0.00
0.90 2.62 7.07 1.00 0.00
0.90 2.62 7.25 1.00 0.00
0.90 2.62 7.42 1.00 0.00
0.90 2.62 7.60 1.00 0.00
0.90 2.62 7.77 1.00 0.00
0.90 2.62 7.95 1.00 0.00
0.90 2.62 8.12 1.00 0.00
0.90 2.62 8.30 1.00 0.00
0.90 2.62 8.47 1.00 0.00
0.90 2.62 8.65 1.00 0.00
0.90 2.62 8.82 1.00 0.00
0.90 2.62 8.99 1.00 0.00
0.90 2.62 9.17 1.00 0.00
0.90 2.62 9.34 1.00 0.00
0.90 2.62 9.52 1.00 0.00
1.10 2.62 6.48 1.00 0.00
1.10 2.62 6.66 1.00 0.00
1.10 2.62 6.83 1.00 0.00
1.10 2.62 7.01 1.00 0.00
1.10 2.62 7.18 1.00 0.00
1.10 2.62 7.36 1.00 0.00
1.10 2.62 7.53 1.00 0.00
1.10 2.62 7.70 1.00 0.00
1.10 2.62 7.88 1.00 0.00
1.10 2.62 8.05 1.00 0.00
1.10 2.62 8.23 1.00 0.00
1.10 2.62 8.40 1.00 0.00
1.10 2.62 8.58 1.00 0.00
1.10 2.62 8.75 1.00 0.00
1.10 2.62 8.93 1.00 0.00
1.10 2.62 9.10 1.00 0.00
1.10 2.62 9.28 1.00 0.00
1.10 2.62 9.45 1.00 0.00
0.30 2.79 6.77 1.00 0.00
0.30 2.79 6.95 1.00 0.00
0.30 2.79 7.12 1.00 0.00
0.30 2.79 7.29 1.00 0.00
0.30 2.79 7.47 1.00 0.00
0.30 2.79 7.64 1.00 0.00
0.30 2.79 7.82 1.00 0.00
0.30 2.79 7.99 1.00 0.00
0.30 2.79 8.17 1.00 0.00
0.30 2.79 8.34 1.00 0.00
0.30 2.79 8.52 1.00 0.00
0.30 2.79 8.69 1.00 0.00
0.30 2.79 8.87 1.00 0.00
0.30 2.79 9.04 1.00 0.00
0.30 2.79 9.21 1.00 0.00
0.30 2.79 9.39 1.00 0.00
0.30 2.79 9.56 1.00 0.00
0.30 2.79 9.74 1.00 0.00
0.50 2.79 6.69 1.00 0.00
0.50 2.79 6.87 1.00 0.00
0.50 2.79 7.04 1.00 0.00
0.50 2.79 7.22 1.00 0.00
0.50 2.79 7.39 1.00 0.00
0.50 2.79 7.57 1.00 0.00
0.50 2.79 7.74 1.00 0.00
0.50 2.79 7.92 1.00 0.00
0.50 2.79 8.09 1.00 0.00
0.50 2.79 8.27 1.00 0.00
0.50 2.79 8.44 1.00 0.00
0.50 2.79 8.61 1.00 0.00
0.50 2.79 8.79 1.00 0.00
0.50 2.79 8.96 1.00 0.00
0.50 2.79 9.14 1.00 0.00
0.50 2.79 9.31 1.00 0.00
0.50 2.79 9.49 1.00 0.00
0.50 2.79 9.66 1.00 0.00
0.70 2.79 6.62 1.00 0.00
0.70 2.79 6.79 1.00 0.00
0.70 2.79 6.97 1.00 0.00
0.70 2.79 7.14 1.00 0.00
0.70 2.79 7.32 1.00 0.00
0.70 2.79 7.49 1.00 0.00
0.70 2.79 7.67 1.00 0.00
0.70 2.79 7.84 1.00 0.00
0.70 2.79 8.01 1.00 0.00
0.70 2.79 8.19 1.00 0.00
0.70 2.79 8.36 1.00 0.00
0.70 2.79 8.54 1.00 0.00
0.70 2.79 8.71 1.00 0.00
0.70 2.79 8.89 1.00 0.00
0.70 2.79 9.06 1.00 0.00
0.70 2.79 9.24 1.00 0.00
0.70 2.79 9.41 1.00 0.00
0.70 2.79 9.59 1.00 0.00
0.90 2.79 6.54 1.00 0.00
0.90 2.79 6.72 1.00 0.00
0.90 2.79 6.89 1.00 0.00
0.90 2.79 7.06 1.00 0.00
0.90 2.79 7.24 1.00 0.00
0.90 2.79 7.41 1.00 0.00
0.90 2.79 7.59 1.00 0.00
0.90 2.79 7.76 1.00 0.00
0.90 2.79 7.94 1.00 0.00
0.90 2.79 8.11 1.00 0.00
0.90 2.79 8.29 1.00 0.00
0.90 2.79 8.46 1.00 0.00
0.90 2.79 8.64 1.00 0.00
0.90 2.79 8.81 1.00 0.00
0.90 2.79 8.98 1.00 0.00
0.90 2.79 9.16 1.00 0.00
0.90 2.79 9.33 1.00 0.00
0.90 2.79 9.51 1.00 0.00
1.10 2.79 6.47 1.00 0.00
1.10 2.79 6.64 1.00 0.00
1.10 2.79 6.81 1.00 0.00
1.10 2.79 6.99 1.00 0.00
1.10 2.79 7.16 1.00 0.00
1.10 2.79 7.34 1.00 0.00
1.10 2.79 7.51 1.00 0.00
1.10 2.79 7.69 1.00 0.00
1.10 2.79 7.86 1.00 0.00
1.10 2.79 8.04 1.00 0.00
1.10 2.79 8.21 1.00 0.00
1.10 2.79 8.39 1.00 0.00
1.10 2.79 8.56 1.00 0.00
1.10 2.79 8.73 1.00 0.00
1.10 2.79 8.91 1.00 0.00
1.10 2.79 9.08 1.00 0.00
1.10 2.79 9.26 1.00 0.00
1.10 2.79 9.43 1.00 0.00
0.30 2.97 6.78 1.00 0.00
0.30 2.97 6.95 1.00 0.00
0.30 2.97 7.12 1.00 0.00
0.30 2.97 7.30 1.00 0.00
0.30 2.97 7.47 1.00 0.00
0.30 2.97 7.65 1.00 0.00
0.30 2.97 7.82 1.00 0.00
0.30 2.97 8.00 1.00 0.00
0.30 2.97 8.17 1.00 0.00
0.30 2.97 8.35 1.00 0.00
0.30 2.97 8.52 1.00 0.00
0.30 2.97 8.70 1.00 0.00
0.30 2.97 8.87 1.00 0.00
0.30 2.97 9.04 1.00 0.00
0.30 2.97 9.22 1.00 0.00
0.30 2.97 9.39 1.00 0.00
0.30 2.97 9.57 1.00 0.00
0.30 2.97 9.74 1.00 0.00
0.50 2.97 6.70 1.00 0.00
0.50 2.97 6.87 1.00 0.00
0.50 2.97 7.05 1.00 0.00
0.50 2.97 7.22 1.00 0.00
0.50 2.97 7.40 1.00 0.00
0.50 2.97 7.57 1.00 0.00
0.50 2.97 7.75 1.00 0.00
0.50 2.97 7.92 1.00 0.00
0.50 2.97 8.10 1.00 0.00
0.50 2.97 8.27 1.00 0.00
0.50 2.97 8.45 1.00 0.00
0.50 2.97 8.62 1.00 0.00
0.50 2.97 8.79 1.00 0.00
0.50 2.97 8.97 1.00 0.00
0.50 2.97 9.14 1.00 0.00
0.50 2.97 9.32 1.00 0.00
0.50 2.97 9.49 1.00 0.00
0.50 2.97 9.67 1.00 0.00
0.70 2.97 6.62 1.00 0.00
0.70 2.97 6.80 1.00 0.00
0.70 2.97 6.97 1.00 0.00
0.70 2.97 7.15 1.00 0.00
0.70 2.97 7.32 1.00 0.00
0.70 2.97 7.49 1.00 0.00
0.70 2.97 7.67 1.00 0.00
0.70 2.97 7.84 1.00 0.00
0.70 2.97 8.02 1.00 0.00
0.70 2.97 8.19 1.00 0.00
0.70 2.97 8.37 1.00 0.00
0.70 2.97 8.54 1.00 0.00
0.70 2.97 8.72 1.00 0.00
0.70 2.97 8.89 1.00 0.00
0.70 2.97 9.07 1.00 0.00
0.70 2.97 9.24 1.00 0.00
0.70 2.97 9.41 1.00 0.00
0.70 2.97 9.59 1.00 0.00
0.90 2.97 6.54 1.00 0.00
0.90 2.97 6.72 1.00 0.00
0.90 2.97 6.89 1.00 0.00
0.90 2.97 7.06 1.00 0.00
0.90 2.97 7.24 1.00 0.00
0.90 2.97 7.41 1.00 0.00
0.90 2.97 7.59 1.00 0.00
0.90 2.97 7.76 1.00 0.00
0.90 2.97 7.94 1.00 0.00
0.90 2.97 8.11 1.00 0.00
0.90 2.97 8.29 1.00 0.00
0.90 2.97 8.46 1.00 0.00
0.90 2.97 8.64 1.00 0.00
0.90 2.97 8.81 1.00 0.00
0.90 2.97 8.98 1.00 0.00
0.90 2.97 9.16 1.00 0.00
0.90 2.97 9.33 1.00 0.00
0.90 2.97 9.51 1.00 0.00
1.10 2.97 6.46 1.00 0.00
1.10 2.97 6.63 1.00 0.00
1.10 2.97 6.81 1.00 0.00
1.10 2.97 6.98 1.00 0.00
1.10 2.97 7.16 1.00 0.00
1.10 2.97 7.33 1.00 0.00
1.10 2.97 7.51 1.00 0.00
1.10 2.97 7.68 1.00 0.00
1.10 2.97 7.86 1.00 0.00
1.10 2.97 8.03 1.00 0.00
1.10 2.97 8.20 1.00 0.00
1.10 2.97 8.38 1.00 0.00
1.10 2.97 8.55 1.00 0.00
1.10 2.97 8.73 1.00 0.00
1.10 2.97 8.90 1.00 0.00
1.10 2.97 9.08 1.00 0.00
1.10 2.97 9.25 1.00 0.00
1.10 2.97 9.43 1.00 0.00
0.30 3.14 6.78 1.00 0.00
0.30 3.14 6.96 1.00 0.00
0.30 3.14 7.13 1.00 0.00
0.30 3.14 7.31 1.00 0.00
0.30 3.14 7.48 1.00 0.00
0.30 3.14 7.66 1.00 0.00
0.30 3.14 7.83 1.00 0.00
0.30 3.14 8.01 1.00 0.00
0.30 3.14 8.18 1.00 0.00
0.30 3.14 8.35 1.00 0.00
0.30 3.14 8.53 1.00 0.00
0.30 3.14 8.70 1.00 0.00
0.30 3.14 8.88 1.00 0.00
0.30 3.14 9.05 1.00 0.00
0.30 3.14 9.23 1.00 0.00
0.30 3.14 9.40 1.00 0.00
0.30 3.14 9.58 1.00 0.00
0.30 3.14 9.75 1.00 0.00
0.50 3.14 6.71 1.00 0.00
0.50 3.14 6.89 1.00 0.00
0.50 3.14 7.06 1.00 0.00
0.50 3.14 7.24 1.00 0.00
0.50 3.14 7.41 1.00 0.00
0.50 3.14 7.58 1.00 0.00
0.50 3.14 7.76 1.00 0.00
0.50 3.14 7.93 1.00 0.00
0.50 3.14 8.11 1.00 0.00
0.50 3.14 8.28 1.00 0.00
0.50 3.14 8.46 1.00 0.00
0.50 3.14 8.63 1.00 0.00
0.50 3.14 8.81 1.00 0.00
0.50 3.14 8.98 1.00 0.00
0.50 3.14 9.16 1.00 0.00
0.50 3.14 9.33 1.00 0.00
0.50 3.14 9.50 1.00 0.00
0.50 3.14 9.68 1.00 0.00
0.70 3.14 6.63 1.00 0.00
0.70 3.14 6.81 1.00 0.00
0.70 3.14 6.98 1.00 0.00
0.70 3.14 7.16 1.00 0.00
0.70 3.14 7.33 1.00 0.00
0.70 3.14 7.51 1.00 0.00
0.70 3.14 7.68 1.00 0.00
0.70 3.14 7.86 1.00 0.00
0.70 3.14 8.03 1.00 0.00
0.70 3.14 8.21 1.00 0.00
0.70 3.14 8.38 1.00 0.00
0.70 3.14 8.55 1.00 0.00
0.70 3.14 8.73 1.00 0.00
0.70 3.14 8.90 1.00 0.00
0.70 3.14 9.08 1.00 0.00
0.70 3.14 9.25 1.00 0.00
0.70 3.14 9.43 1.00 0.00
0.70 3.14 9.60 1.00 0.00
0.90 3.14 6.55 1.00 0.00
0.90 3.14 6.73 1.00 0.00
0.90 3.14 6.90 1.00 0.00
0.90 3.14 7.08 1.00 0.00
0.90 3.14 7.25 1.00 0.00
0.90 3.14 7.43 1.00 0.00
0.90 3.14 7.60 1.00 0.00
0.90 3.14 7.77 1.00 0.00
0.90 3.14 7.95 1.00 0.00
0.90 3.14 8.12 1.00 0.00
0.90 3.14 8.30 1.00 0.00
0.90 3.14 8.47 1.00 0.00
0.90 3.14 8.65 1.00 0.00
0.90 3.14 8.82 1.00 0.00
0.90 3.14 9.00 1.00 0.00
0.90 3.14 9.17 1.00 0.00
0.90 3.14 9.35 1.00 0.00
0.90 3.14 9.52 1.00 0.00
1.10 3.14 6.47 1.00 0.00
1.10 3.14 6.64 1.00 0.00
1.10 3.14 6.82 1.00 0.00
1.10 3.14 6.99 1.00 0.00
1.10 3.14 7.17 1.00 0.00
1.10 3.14 7.34 1.00 0.00
1.10 3.14 7.51 1.00 0.00
1.10 3.14 7.69 1.00 0.00
1.10 3.14 7.86 1.00 0.00
1.10 3.14 8.04 1.00 0.00
1.10 3.14 8.21 1.00 0.00
1.10 3.14 8.39 1.00 0.00
1.10 3.14 8.56 1.00 0.00
1.10 3.14 8.74 1.00 0.00
1.10 3.14 8.91 1.00 0.00
1.10 3.14 9.08 1.00 0.00
1.10 3.14 9.26 1.00 0.00
1.10 3.14 9.43 1.00 0.00
0.30 3.32 6.80 1.00 0.00
0.30 3.32 6.97 1.00 0.00
0.30 3.32 7.14 1.00 0.00
0.30 3.32 7.32 1.00 0.00
0.30 3.32 7.49 1.00 0.00
0.30 3.32 7.67 1.00 0.00
0.30 3.32 7.84 1.00 0.00
0.30 3.32 8.02 1.00 0.00
0.30 3.32 8.19 1.00 0.00
0.30 3.32 8.37 1.00 0.00
0.30 3.32 8.54 1.00 0.00
0.30 3.32 8.72 1.00 0.00
0.30 3.32 8.89 1.00 0.00
0.30 3.32 9.06 1.00 0.00
0.30 3.32 9.24 1.00 0.00
0.30 3.32 9.41 1.00 0.00
0.30 3.32 9.59 1.00 0.00
0.30 3.32 9.76 1.00 0.00
0.50 3.32 6.73 1.00 0.00
0.50 3.32 6.90 1.00 0.00
0.50 3.32 7.08 1.00 0.00
0.50 3.32 7.25 1.00 0.00
0.50 3.32 7.43 1.00 0.00
0.50 3.32 7.60 1.00 0.00
0.50 3.32 7.78 1.00 0.00
0.50 3.32 7.95 1.00 0.00
0.50 3.32 8.13 1.00 0.00
0.50 3.32 8.30 1.00 0.00
0.50 3.32 8.48 1.00 0.00
0.50 3.32 8.65 1.00 0.00
0.50 3.32 8.82 1.00 0.00
0.50 3.32 9.00 1.00 0.00
0.50 3.32 9.17 1.00 0.00
0.50 3.32 9.35 1.00 0.00
0.50 3.32 9.52 1.00 0.00
0.50 3.32 9.70 1.00 0.00
0.70 3.32 6.66 1.00 0.00
0.70 3.32 6.83 1.00 0.00
0.70 3.32 7.01 1.00 0.00
0.70 3.32 7.18 1.00 0.00
0.70 3.32 7.36 1.00 0.00
0.70 3.32 7.53 1.00 0.00
0.70 3.32 7.70 1.00 0.00
0.70 3.32 7.88 1.00 0.00
0.70 3.32 8.05 1.00 0.00
0.70 3.32 8.23 1.00 0.00
0.70 3.32 8.40 1.00 0.00
0.70 3.32 8.58 1.00 0.00
0.70 3.32 8.75 1.00 0.00
0.70 3.32 8.93 1.00 0.00
0.70 3.32 9.10 1.00 0.00
0.70 3.32 9.28 1.00 0.00
0.70 3.32 9.45 1.00 0.00
0.70 3.32 9.62 1.00 0.00
0.90 3.32 6.58 1.00 0.00
0.90 3.32 6.75 1.00 0.00
0.90 3.32 6.93 1.00 0.00
0.90 3.32 7.10 1.00 0.00
0.90 3.32 7.28 1.00 0.00
0.90 3.32 7.45 1.00 0.00
0.90 3.32 7.63 1.00 0.00
0.90 3.32 7.80 1.00 0.00
0.90 3.32 7.97 1.00 0.00
0.90 3.32 8.15 1.00 0.00
0.90 3.32 8.32 1.00 0.00
0.90 3.32 8.50 1.00 0.00
0.90 3.32 8.67 1.00 0.00
0.90 3.32 8.85 1.00 0.00
0.90 3.32 9.02 1.00 0.00
0.90 3.32 9.20 1.00 0.00
0.90 3.32 9.37 1.00 0.00
0.90 3.32 9.55 1.00 0.00
1.10 3.32 6.49 1.00 0.00
1.10 3.32 6.67 1.00 0.00
1.10 3.32 6.84 1.00 0.00
1.10 3.32 7.02 1.00 0.00
1.10 3.32 7.19 1.00 0.00
1.10 3.32 7.36 1.00 0.00
1.10 3.32 7.54 1.00 0.00
1.10 3.32 7.71 1.00 0.00
1.10 3.32 7.89 1.00 0.00
1.10 3.32 8.06 1.00 0.00
1.10 3.32 8.24 1.00 0.00
1.10 3.32 8.41 1.00 0.00
1.10 3.32 8.59 1.00 0.00
1.10 3.32 8.76 1.00 0.00
1.10 3.32 8.94 1.00 0.00
1.10 3.32 9.11 1.00 0.00
1.10 3.32 9.28 1.00 0.00
1.10 3.32 9.46 1.00 0.00
0.30 3.49 6.81 1.00 0.00
0.30 3.49 6.98 1.00 0.00
0.30 3.49 7.16 1.00 0.00
0.30 3.49 7.33 1.00 0.00
0.30 3.49 7.51 1.00 0.00
0.30 3.49 7.68 1.00 0.00
0.30 3.49 7.86 1.00 0.00
0.30 3.49 8.03 1.00 0.00
0.30 3.49 8.21 1.00 0.00
0.30 3.49 8.38 1.00 0.00
0.30 3.49 8.56 1.00 0.00
0.30 3.49 8.73 1.00 0.00
0.30 3.49 8.90 1.00 0.00
0.30 3.49 9.08 1.00 0.00
0.30 3.49 9.25 1.00 0.00
0.30 3.49 9.43 1.00 0.00
0.30 3.49 9.60 1.00 0.00
0.30 3.49 9.78 1.00 0.00
0.50 3.49 6.75 1.00 0.00
0.50 3.49 6.93 1.00 0.00
0.50 3.49 7.10 1.00 0.00
0.50 3.49 7.28 1.00 0.00
0.50 3.49 7.45 1.00 0.00
0.50 3.49 7.63 1.00 0.00
0.50 3.49 7.80 1.00 0.00
0.50 3.49 7.98 1.00 0.00
0.50 3.49 8.15 1.00 0.00
0.50 3.49 8.33 1.00 0.00
0.50 3.49 8.50 1.00 0.00
0.50 3.49 8.67 1.00 0.00
0.50 3.49 8.85 1.00 0.00
0.50 3.49 9.02 1.00 0.00
0.50 3.49 9.20 1.00 0.00
0.50 3.49 9.37 1.00 0.00
0.50 3.49 9.55 1.00 0.00
0.50 3.49 9.72 1.00 0.00
0.70 3.49 6.69 1.00 0.00
0.70 3.49 6.87 1.00 0.00
0.70 3.49 7.04 1.00 0.00
0.70 3.49 7.21 1.00 0.00
0.70 3.49 7.39 1.00 0.00
0.70 3.49 7.56 1.00 0.00
0.70 3.49 7.74 1.00 0.00
0.70 3.49 7.91 1.00 0.00
0.70 3.49 8.09 1.00 0.00
0.70 3.49 8.26 1.00 0.00
0.70 3.49 8.44 1.00 0.00
0.70 3.49 8.61 1.00 0.00
0.70 3.49 8.79 1.00 0.00
0.70 3.49 8.96 1.00 0.00
0.70 3.49 9.13 1.00 0.00
0.70 3.49 9.31 1.00 0.00
0.70 3.49 9.48 1.00 0.00
0.70 3.49 9.66 1.00 0.00
0.90 3.49 6.62 1.00 0.00
0.90 3.49 6.79 1.00 0.00
0.90 3.49 6.97 1.00 0.00
0.90 3.49 7.14 1.00 0.00
0.90 3.49 7.32 1.00 0.00
0.90 3.49 7.49 1.00 0.00
0.90 3.49 7.67 1.00 0.00
0.90 3.49 7.84 1.00 0.00
0.90 3.49 8.02 1.00 0.00
0.90 3.49 8.19 1.00 0.00
0.90 3.49 8.36 1.00 0.00
0.90 3.49 8.54 1.00 0.00
0.90 3.49 8.71 1.00 0.00
0.90 3.49 8.89 1.00 0.00
0.90 3.49 9.06 1.00 0.00
0.90 3.49 9.24 1.00 0.00
0.90 3.49 9.41 1.00 0.00
0.90 3.49 9.59 1.00 0.00
1.10 3.49 6.54 1.00 0.00
1.10 3.49 6.71 1.00 0.00
1.10 3.49 6.89 1.00 0.00
1.10 3.49 7.06 1.00 0.00
1.10 3.49 7.24 1.00 0.00
1.10 3.49 7.41 1.00 0.00
1.10 3.49 7.58 1.00 0.00
1.10 3.49 7.76 1.00 0.00
1.10 3.49 7.93 1.00 0.00
1.10 3.49 8.11 1.00 0.00
1.10 3.49 8.28 1.00 0.00
1.10 3.49 8.46 1.00 0.00
1.10 3.49 8.63 1.00 0.00
1.10 3.49 8.81 1.00 0.00
1.10 3.49 8.98 1.00 0.00
1.10 3.49 9.16 1.00 0.00
1.10 3.49 9.33 1.00 0.00
1.10 3.49 9.50 1.00 0.00
0.30 3.67 6.83 1.00 0.00
0.30 3.67 7.00 1.00 0.00
0.30 3.67 7.18 1.00 0.00
0.30 3.67 7.35 1.00 0.00
0.30 3.67 7.53 1.00 0.00
0.30 3.67 7.70 1.00 0.00
0.30 3.67 7.88 1.00 0.00
0.30 3.67 8.05 1.00 0.00
0.30 3.67 8.22 1.00 0.00
0.30 3.67 8.40 1.00 0.00
0.30 3.67 8.57 1.00 0.00
0.30 3.67 8.75 1.00 0.00
0.30 3.67 8.92 1.00 0.00
0.30 3.67 9.10 1.00 0.00
0.30 3.67 9.27 1.00 0.00
0.30 3.67 9.45 1.00 0.00
0.30 3.67 9.62 1.00 0.00
0.30 3.67 9.80 1.00 0.00
0.50 3.67 6.79 1.00 0.00
0.50 3.67 6.96 1.00 0.00
0.50 3.67 7.13 1.00 0.00
0.50 3.67 7.31 1.00 0.00
0.50 3.67 7.48 1.00 0.00
0.50 3.67 7.66 1.00 0.00
0.50 3.67 7.83 1.00 0.00
0.50 3.67 8.01 1.00 0.00
0.50 3.67 8.18 1.00 0.00
0.50 3.67 8.36 1.00 0.00
0.50 3.67 8.53 1.00 0.00
0.50 3.67 8.71 1.00 0.00
0.50 3.67 8.88 1.00 0.00
0.50 3.67 9.05 1.00 0.00
0.50 3.67 9.23 1.00 0.00
0.50 3.67 9.40 1.00 0.00
0.50 3.67 9.58 1.00 0.00
0.50 3.67 9.75 1.00 0.00
0.70 3.67 6.74 1.00 0.00
0.70 3.67 6.91 1.00 0.00
0.70 3.67 7.08 1.00 0.00
0.70 3.67 7.26 1.00 0.00
0.70 3.67 7.43 1.00 0.00
0.70 3.67 7.61 1.00 0.00
0.70 3.67 7.78 1.00 0.00
0.70 3.67 7.96 1.00 0.00
0.70 3.67 8.13 1.00 0.00
0.70 3.67 8.31 1.00 0.00
0.70 3.67 8.48 1.00 0.00
0.70 3.67 8.66 1.00 0.00
0.70 3.67 8.83 1.00 0.00
0.70 3.67 9.00 1.00 0.00
0.70 3.67 9.18 1.00 0.00
0.70 3.67 9.35 1.00 0.00
0.70 3.67 9.53 1.00 0.00
0.70 3.67 9.70 1.00 0.00
0.90 3.67 6.68 1.00 0.00
0.90 3.67 6.85 1.00 0.00
0.90 3.67 7.03 1.00 0.00
0.90 3.67 7.20 1.00 0.00
0.90 3.67 7.37 1.00 0.00
0.90 3.67 7.55 1.00 0.00
0.90 3.67 7.72 1.00 0.00
0.90 3.67 7.90 1.00 0.00
0.90 3.67 8.07 1.00 0.00
0.90 3.67 8.25 1.00 0.00
0.90 3.67 8.42 1.00 0.00
0.90 3.67 8.60 1.00 0.00
0.90 3.67 8.77 1.00 0.00
0.90 3.67 8.95 1.00 0.00
0.90 3.67 9.12 1.00 0.00
0.90 3.67 9.29 1.00 0.00
0.90 3.67 9.47 1.00 0.00
0.90 3.67 9.64 1.00 0.00
1.10 3.67 6.61 1.00 0.00
1.10 3.67 6.78 1.00 0.00
1.10 3.67 6.96 1.00 0.00
1.10 3.67 7.13 1.00 0.00
1.10 3.67 7.31 1.00 0.00
1.10 3.67 7.48 1.00 0.00
1.10 3.67 7.65 1.00 0.00
1.10 3.67 7.83 1.00 0.00
1.10 3.67 8.00 1.00 0.00
1.10 3.67 8.18 1.00 0.00
1.10 3.67 8.35 1.00 0.00
1.10 3.67 8.53 1.00 0.00
1.10 3.67 8.70 1.00 0.00
1.10 3.67 8.88 1.00 0.00
1.10 3.67 9.05 1.00 0.00
1.10 3.67 9.23 1.00 0.00
1.10 3.67 9.40 1.00 0.00
1.10 3.67 9.57 1.00 0.00
0.30 3.84 6.85 1.00 0.00
0.30 3.84 7.02 1.00 0.00
0.30 3.84 7.20 1.00 0.00
0.30 3.84 7.37 1.00 0.00
0.30 3.84 7.55 1.00 0.00
0.30 3.84 7.72 1.00 0.00
0.30 3.84 7.90 1.00 0.00
0.30 3.84 8.07 1.00 0.00
0.30 3.84 8.24 1.00 0.00
0.30 3.84 8.42 1.00 0.00
0.30 3.84 8.59 1.00 0.00
0.30 3.84 8.77 1.00 0.00
0.30 3.84 8.94 1.00 0.00
0.30 3.84 9.12 1.00 0.00
0.30 3.84 9.29 1.00 0.00
0.30 3.84 9.47 1.00 0.00
0.30 3.84 9.64 1.00 0.00
0.30 3.84 9.82 1.00 0.00
0.50 3.84 6.82 1.00 0.00
0.50 3.84 7.00 1.00 0.00
0.50 3.84 7.17 1.00 0.00
0.50 3.84 7.34 1.00 0.00
0.50 3.84 7.52 1.00 0.00
0.50 3.84 7.69 1.00 0.00
0.50 3.84 7.87 1.00 0.00
0.50 3.84 8.04 1.00 0.00
0.50 3.84 8.22 1.00 0.00
0.50 3.84 8.39 1.00 0.00
0.50 3.84 8.57 1.00 0.00
0.50 3.84 8.74 1.00 0.00
0.50 3.84 8.92 1.00 0.00
0.50 3.84 9.09 1.00 0.00
0.50 3.84 9.26 1.00 0.00
0.50 3.84 9.44 1.00 0.00
0.50 3.84 9.61 1.00 0.00
0.50 3.84 9.79 1.00 0.00
0.70 3.84 6.79 1.00 0.00
0.70 3.84 6.96 1.00 0.00
0.70 3.84 7.14 1.00 0.00
0.70 3.84 7.31 1.00 0.00
0.70 3.84 7.49 1.00 0.00
0.70 3.84 7.66 1.00 0.00
0.70 3.84 7.84 1.00 0.00
0.70 3.84 8.01 1.00 0.00
0.70 3.84 8.18 1.00 0.00
0.70 3.84 8.36 1.00 0.00
0.70 3.84 8.53 1.00 0.00
0.70 3.84 8.71 1.00 0.00
0.70 3.84 8.88 1.00 0.00
0.70 3.84 9.06 1.00 0.00
0.70 3.84 9.23 1.00 0.00
0.70 3.84 9.41 1.00 0.00
0.70 3.84 9.58 1.00 0.00
0.70 3.84 9.76 1.00 0.00
0.90 3.84 6.75 1.00 0.00
0.90 3.84 6.92 1.00 0.00
0.90 3.84 7.10 1.00 0.00
0.90 3.84 7.27 1.00 0.00
0.90 3.84 7.45 1.00 0.00
0.90 3.84 7.62 1.00 0.00
0.90 3.84 7.80 1.00 0.00
0.90 3.84 7.97 1.00 0.00
0.90 3.84 8.15 1.00 0.00
0.90 3.84 8.32 1.00 0.00
0.90 3.84 8.49 1.00 0.00
0.90 3.84 8.67 1.00 0.00
0.90 3.84 8.84 1.00 0.00
0.90 3.84 9.02 1.00 0.00
0.90 3.84 9.19 1.00 0.00
0.90 3.84 9.37 1.00 0.00
0.90 3.84 9.54 1.00 0.00
0.90 3.84 9.72 1.00 0.00
1.10 3.84 6.70 1.00 0.00
1.10 3.84 6.88 1.00 0.00
1.10 3.84 7.05 1.00 0.00
1.10 3.84 7.22 1.00 0.00
1.10 3.84 7.40 1.00 0.00
1.10 3.84 7.57 1.00 0.00
1.10 3.84 7.75 1.00 0.00
1.10 3.84 7.92 1.00 0.00
1.10 3.84 8.10 1.00 0.00
1.10 3.84 8.27 1.00 0.00
1.10 3.84 8.45 1.00 0.00
1.10 3.84 8.62 1.00 0.00
1.10 3.84 8.80 1.00 0.00
1.10 3.84 8.97 1.00 0.00
1.10 3.84 9.14 1.00 0.00
1.10 3.84 9.32 1.00 0.00
1.10 3.84 9.49 1.00 0.00
1.10 3.84 9.67 1.00 0.00
0.30 4.01 6.87 1.00 0.00
0.30 4.01 7.04 1.00 0.00
0.30 4.01 7.22 1.00 0.00
0.30 4.01 7.39 1.00 0.00
0.30 4.01 7.57 1.00 0.00
0.30 4.01 7.74 1.00 0.00
0.30 4.01 7.92 1.00 0.00
0.30 4.01 8.09 1.00 0.00
0.30 4.01 8.27 1.00 0.00
0.30 4.01 8.44 1.00 0.00
0.30 4.01 8.61 1.00 0.00
0.30 4.01 8.79 1.00 0.00
0.30 4.01 8.96 1.00 0.00
0.30 4.01 9.14 1.00 0.00
0.30 4.01 9.31 1.00 0.00
0.30 4.01 9.49 1.00 0.00
0.30 4.01 9.66 1.00 0.00
0.30 4.01 9.84 1.00 0.00
0.50 4.01 6.86 1.00 0.00
0.50 4.01 7.03 1.00 0.00
0.50 4.01 7.21 1.00 0.00
0.50 4.01 7.38 1.00 0.00
0.50 4.01 7.56 1.00 0.00
0.50 4.01 7.73 1.00 0.00
0.50 4.01 7.91 1.00 0.00
0.50 4.01 8.08 1.00 0.00
0.50 4.01 8.26 1.00 0.00
0.50 4.01 8.43 1.00 0.00
0.50 4.01 8.60 1.00 0.00
0.50 4.01 8.78 1.00 0.00
0.50 4.01 8.95 1.00 0.00
0.50 4.01 9.13 1.00 0.00
0.50 4.01 9.30 1.00 0.00
0.50 4.01 9.48 1.00 0.00
0.50 4.01 9.65 1.00 0.00
0.50 4.01 9.83 1.00 0.00
0.70 4.01 6.85 1.00 0.00
0.70 4.01 7.02 1.00 0.00
0.70 4.01 7.20 1.00 0.00
0.70 4.01 7.37 1.00 0.00
0.70 4.01 7.55 1.00 0.00
0.70 4.01 7.72 1.00 0.00
0.70 4.01 7.89 1.00 0.00
0.70 4.01 8.07 1.00 0.00
0.70 4.01 8.24 1.00 0.00
0.70 4.01 8.42 1.00 0.00
0.70 4.01 8.59 1.00 0.00
0.70 4.01 8.77 1.00 0.00
0.70 4.01 8.94 1.00 0.00
0.70 4.01 9.12 1.00 0.00
0.70 4.01 9.29 1.00 0.00
0.70 4.01 9.47 1.00 0.00
0.70 4.01 9.64 1.00 0.00
0.70 4.01 9.81 1.00 0.00
0.90 4.01 6.83 1.00 0.00
0.90 4.01 7.01 1.00 0.00
0.90 4.01 7.18 1.00 0.00
0.90 4.01 7.36 1.00 0.00
0.90 4.01 7.53 1.00 0.00
0.90 4.01 7.70 1.00 0.00
0.90 4.01 7.88 1.00 0.00
0.90 4.01 8.05 1.00 0.00
0.90 4.01 8.23 1.00 0.00
0.90 4.01 8.40 1.00 0.00
0.90 4.01 8.58 1.00 0.00
0.90 4.01 8.75 1.00 0.00
0.90 4.01 8.93 1.00 0.00
0.90 4.01 9.10 1.00 0.00
0.90 4.01 9.28 1.00 0.00
0.90 4.01 9.45 1.00 0.00
0.90 4.01 9.62 1.00 0.00
0.90 4.01 9.80 1.00 0.00
1.10 4.01 6.81 1.00 0.00
1.10 4.01 6.99 1.00 0.00
1.10 4.01 7.16 1.00 0.00
1.10 4.01 7.34 1.00 0.00
1.10 4.01 7.51 1.00 0.00
1.10 4.01 7.69 1.00 0.00
1.10 4.01 7.86 1.00 0.00
1.10 4.01 8.04 1.00 0.00
1.10 4.01 8.21 1.00 0.00
1.10 4.01 8.38 1.00 0.00
1.10 4.01 8.56 1.00 0.00
1.10 4.01 8.73 1.00 0.00
1.10 4.01 8.91 1.00 0.00
1.10 4.01 9.08 1.00 0.00
1.10 4.01 9.26 1.00 0.00
1.10 4.01 9.43 1.00 0.00
1.10 4.01 9.61 1.00 0.00
1.10 4.01 9.78 1.00 0.00
0.30 4.19 6.89 1.00 0.00
0.30 4.19 7.07 1.00 0.00
0.30 4.19 7.24 1.00 0.00
0.30 4.19 7.42 1.00 0.00
0.30 4.19 7.59 1.00 0.00
0.30 4.19 7.76 1.00 0.00
0.30 4.19 7.94 1.00 0.00
0.30 4.19 8.11 1.00 0.00
0.30 4.19 8.29 1.00 0.00
0.30 4.19 8.46 1.00 0.00
0.30 4.19 8.64 1.00 0.00
0.30 4.19 8.81 1.00 0.00
0.30 4.19 8.99 1.00 0.00
0.30 4.19 9.16 1.00 0.00
0.30 4.19 9.33 1.00 0.00
0.30 4.19 9.51 1.00 0.00
0.30 4.19 9.68 1.00 0.00
0.30 4.19 9.86 1.00 0.00
0.50 4.19 6.90 1.00 0.00
0.50 4.19 7.07 1.00 0.00
0.50 4.19 7.25 1.00 0.00
0.50 4.19 7.42 1.00 0.00
0.50 4.19 7.60 1.00 0.00
0.50 4.19 7.77 1.00 0.00
0.50 4.19 7.95 1.00 0.00
0.50 4.19 8.12 1.00 0.00
0.50 4.19 8.30 1.00 0.00
0.50 4.19 8.47 1.00 0.00
0.50 4.19 8.64 1.00 0.00
0.50 4.19 8.82 1.00 0.00
0.50 4.19 8.99 1.00 0.00
0.50 4.19 9.17 1.00 0.00
0.50 4.19 9.34 1.00 0.00
0.50 4.19 9.52 1.00 0.00
0.50 4.19 9.69 1.00 0.00
0.50 4.19 9.87 1.00 0.00
0.70 4.19 6.91 1.00 0.00
0.70 4.19 7.08 1.00 0.00
0.70 4.19 7.26 1.00 0.00
0.70 4.19 7.43 1.00 0.00
0.70 4.19 7.61 1.00 0.00
0.70 4.19 7.78 1.00 0.00
0.70 4.19 7.96 1.00 0.00
0.70 4.19 8.13 1.00 0.00
0.70 4.19 8.30 1.00 0.00
0.70 4.19 8.48 1.00 0.00
0.70 4.19 8.65 1.00 0.00
0.70 4.19 8.83 1.00 0.00
0.70 4.19 9.00 1.00 0.00
0.70 4.19 9.18 1.00 0.00
0.70 4.19 9.35 1.00 0.00
0.70 4.19 9.53 1.00 0.00
0.70 4.19 9.70 1.00 0.00
0.70 4.19 9.88 1.00 0.00
0.90 4.19 6.92 1.00 0.00
0.90 4.19 7.09 1.00 0.00
0.90 4.19 7.27 1.00 0.00
0.90 4.19 7.44 1.00 0.00
0.90 4.19 7.62 1.00 0.00
0.90 4.19 7.79 1.00 0.00
0.90 4.19 7.97 1.00 0.00
0.90 4.19 8.14 1.00 0.00
0.90 4.19 8.32 1.00 0.00
0.90 4.19 8.49 1.00 0.00
0.90 4.19 8.67 1.00 0.00
0.90 4.19 8.84 1.00 0.00
0.90 4.19 9.01 1.00 0.00
0.90 4.19 9.19 1.00 0.00
0.90 4.19 9.36 1.00 0.00
0.90 4.19 9.54 1.00 0.00
0.90 4.19 9.71 1.00 0.00
0.90 4.19 9.89 1.00 0.00
1.10 4.19 6.93 1.00 0.00
1.10 4.19 7.11 1.00 0.00
1.10 4.19 7.28 1.00 0.00
1.10 4.19 7.46 1.00 0.00
1.10 4.19 7.63 1.00 0.00
1.10 4.19 7.81 1.00 0.00
1.10 4.19 7.98 1.00 0.00
1.10 4.19 8.16 1.00 0.00
1.10 4.19 8.33 1.00 0.00
1.10 4.19 8.50 1.00 0.00
1.10 4.19 8.68 1.00 0.00
1.10 4.19 8.85 1.00 0.00
1.10 4.19 9.03 1.00 0.00
1.10 4.19 9.20 1.00 0.00
1.10 4.19 9.38 1.00 0.00
1.10 4.19 9.55 1.00 0.00
1.10 4.19 9.73 1.00 0.00
1.10 4.19 9.90 1.00 0.00
0.30 4.36 6.91 1.00 0.00
0.30 4.36 7.09 1.00 0.00
0.30 4.36 7.26 1.00 0.00
0.30 4.36 7.44 1.00 0.00
0.30 4.36 7.61 1.00 0.00
0.30 4.36 7.79 1.00 0.00
0.30 4.36 7.96 1.00 0.00
0.30 4.36 8.13 1.00 0.00
0.30 4.36 8.31 1.00 0.00
0.30 4.36 8.48 1.00 0.00
0.30 4.36 8.66 1.00 0.00
0.30 4.36 8.83 1.00 0.00
0.30 4.36 9.01 1.00 0.00
0.30 4.36 9.18 1.00 0.00
0.30 4.36 9.36 1.00 0.00
0.30 4.36 9.53 1.00 0.00
0.30 4.36 9.71 1.00 0.00
0.30 4.36 9.88 1.00 0.00
0.50 4.36 6.94 1.00 0.00
0.50 4.36 7.11 1.00 0.00
0.50 4.36 7.29 1.00 0.00
0.50 4.36 7.46 1.00 0.00
0.50 4.36 7.64 1.00 0.00
0.50 4.36 7.81 1.00 0.00
0.50 4.36 7.99 1.00 0.00
0.50 4.36 8.16 1.00 0.00
0.50 4.36 8.33 1.00 0.00
0.50 4.36 8.51 1.00 0.00
0.50 4.36 8.68 1.00 0.00
0.50 4.36 8.86 1.00 0.00
0.50 4.36 9.03 1.00 0.00
0.50 4.36 9.21 1.00 0.00
0.50 4.36 9.38 1.00 0.00
0.50 4.36 9.56 1.00 0.00
0.50 4.36 9.73 1.00 0.00
0.50 4.36 9.91 1.00 0.00
0.70 4.36 6.97 1.00 0.00
0.70 4.36 7.14 1.00 0.00
0.70 4.36 7.32 1.00 0.00
0.70 4.36 7.49 1.00 0.00
0.70 4.36 7.67 1.00 0.00
0.70 4.36 7.84 1.00 0.00
0.70 4.36 8.02 1.00 0.00
0.70 4.36 8.19 1.00 0.00
0.70 4.36 8.36 1.00 0.00
0.70 4.36 8.54 1.00 0.00
0.70 4.36 8.71 1.00 0.00
0.70 4.36 8.89 1.00 0.00
0.70 4.36 9.06 1.00 0.00
0.70 4.36 9.24 1.00 0.00
0.70 4.36 9.41 1.00 0.00
0.70 4.36 9.59 1.00 0.00
0.70 4.36 9.76 1.00 0.00
0.70 4.36 9.94 1.00 0.00
0.90 4.36 0.72 1.00 0.00
0.90 4.36 0.90 1.00 0.00
0.90 4.36 1.07 1.00 0.00
0.90 4.36 1.24 1.00 0.00
0.90 4.36 1.42 1.00 0.00
0.90 4.36 1.59 1.00 0.00
0.90 4.36 1.77 1.00 0.00
0.90 4.36 1.94 1.00 0.00
0.90 4.36 2.12 1.00 0.00
0.90 4.36 2.29 1.00 0.00
0.90 4.36 2.47 1.00 0.00
0.90 4.36 2.64 1.00 0.00
0.90 4.36 2.82 1.00 0.00
0.90 4.36 2.99 1.00 0.00
0.90 4.36 3.16 1.00 0.00
0.90 4.36 3.34 1.00 0.00
0.90 4.36 3.51 1.00 0.00
0.90 4.36 3.69 1.00 0.00
1.10 4.36 0.77 1.00 0.00
1.10 4.36 0.94 1.00 0.00
1.10 4.36 1.11 1.00 0.00
1.10 4.36 1.29 1.00 0.00
1.10 4.36 1.46 1.00 0.00
1.10 4.36 1.64 1.00 0.00
1.10 4.36 1.81 1.00 0.00
1.10 4.36 1.99 1.00 0.00
1.10 4.36 2.16 1.00 0.00
1.10 4.36 2.34 1.00 0.00
1.10 4.36 2.51 1.00 0.00
1.10 4.36 2.69 1.00 0.00
1.10 4.36 2.86 1.00 0.00
1.10 4.36 3.03 1.00 0.00
1.10 4.36 3.21 1.00 0.00
1.10 4.36 3.38 1.00 0.00
1.10 4.36 3.56 1.00 0.00
1.10 4.36 3.73 1.00 0.00
0.30 4.54 6.93 1.00 0.00
0.30 4.54 7.11 1.00 0.00
0.30 4.54 7.28 1.00 0.00
0.30 4.54 7.46 1.00 0.00
0.30 4.54 7.63 1.00 0.00
0.30 4.54 7.81 1.00 0.00
0.30 4.54 7.98 1.00 0.00
0.30 4.54 8.16 1.00 0.00
0.30 4.54 8.33 1.00 0.00
0.30 4.54 8.50 1.00 0.00
0.30 4.54 8.68 1.00 0.00
0.30 4.54 8.85 1.00 0.00
0.30 4.54 9.03 1.00 0.00
0.30 4.54 9.20 1.00 0.00
0.30 4.54 9.38 1.00 0.00
0.30 4.54 9.55 1.00 0.00
0.30 4.54 9.73 1.00 0.00
0.30 4.54 9.90 1.00 0.00
0.50 4.54 6.97 1.00 0.00
0.50 4.54 7.15 1.00 0.00
0.50 4.54 7.32 1.00 0.00
0.50 4.54 7.50 1.00 0.00
0.50 4.54 7.67 1.00 0.00
0.50 4.54 7.85 1.00 0.00
0.50 4.54 8.02 1.00 0.00
0.50 4.54 8.20 1.00 0.00
0.50 4.54 8.37 1.00 0.00
0.50 4.54 8.55 1.00 0.00
0.50 4.54 8.72 1.00 0.00
0.50 4.54 8.89 1.00 0.00
0.50 4.54 9.07 1.00 0.00
0.50 4.54 9.24 1.00 0.00
0.50 4.54 9.42 1.00 0.00
0.50 4.54 9.59 1.00 0.00
0.50 4.54 9.77 1.00 0.00
0.50 4.54 9.94 1.00 0.00
0.70 4.54 0.74 1.00 0.00
0.70 4.54 0.91 1.00 0.00
0.70 4.54 1.09 1.00 0.00
0.70 4.54 1.26 1.00 0.00
0.70 4.54 1.44 1.00 0.00
0.70 4.54 1.61 1.00 0.00
0.70 4.54 1.79 1.00 0.00
0.70 4.54 1.96 1.00 0.00
0.70 4.54 2.14 1.00 0.00
0.70 4.54 2.31 1.00 0.00
0.70 4.54 2.48 1.00 0.00
0.70 4.54 2.66 1.00 0.00
0.70 4.54 2.83 1.00 0.00
0.70 4.54 3.01 1.00 0.00
0.70 4.54 3.18 1.00 0.00
0.70 4.54 3.36 1.00 0.00
0.70 4.54 3.53 1.00 0.00
0.70 4.54 3.71 1.00 0.00
0.90 4.54 0.80 1.00 0.00
0.90 4.54 0.97 1.00 0.00
0.90 4.54 1.14 1.00 0.00
0.90 4.54 1.32 1.00 0.00
0.90 4.54 1.49 1.00 0.00
0.90 4.54 1.67 1.00 0.00
0.90 4.54 1.84 1.00 0.00
0.90 4.54 2.02 1.00 0.00
0.90 4.54 2.19 1.00 0.00
0.90 4.54 2.37 1.00 0.00
0.90 4.54 2.54 1.00 0.00
0.90 4.54 2.72 1.00 0.00
0.90 4.54 2.89 1.00 0.00
0.90 4.54 3.06 1.00 0.00
0.90 4.54 3.24 1.00 0.00
0.90 4.54 3.41 1.00 0.00
0.90 4.54 3.59 1.00 0.00
0.90 4.54 3.76 1.00 0.00
1.10 4.54 0.86 1.00 0.00
1.10 4.54 1.04 1.00 0.00
1.10 4.54 1.21 1.00 0.00
1.10 4.54 1.39 1.00 0.00
1.10 4.54 1.56 1.00 0.00
1.10 4.54 1.73 1.00 0.00
1.10 4.54 1.91 1.00 0.00
1.10 4.54 2.08 1.00 0.00
1.10 4.54 2.26 1.00 0.00
1.10 4.54 2.43 1.00 0.00
1.10 4.54 2.61 1.00 0.00
1.10 4.54 2.78 1.00 0.00
1.10 4.54 2.96 1.00 0.00
1.10 4.54 3.13 1.00 0.00
1.10 4.54 3.31 1.00 0.00
1.10 4.54 3.48 1.00 0.00
1.10 4.54 3.65 1.00 0.00
1.10 4.54 3.83 1.00 0.00
0.30 4.71 6.95 1.00 0.00
0.30 4.71 7.13 1.00 0.00
0.30 4.71 7.30 1.00 0.00
0.30 4.71 7.48 1.00 0.00
0.30 4.71 7.65 1.00 0.00
0.30 4.71 7.82 1.00 0.00
0.30 4.71 8.00 1.00 0.00
0.30 4.71 8.17 1.00 0.00
0.30 4.71 8.35 1.00 0.00
0.30 4.71 8.52 1.00 0.00
0.30 4.71 8.70 1.00 0.00
0.30 4.71 8.87 1.00 0.00
0.30 4.71 9.05 1.00 0.00
0.30 4.71 9.22 1.00 0.00
0.30 4.71 9.39 1.00 0.00
0.30 4.71 9.57 1.00 0.00
0.30 4.71 9.74 1.00 0.00
0.30 4.71 9.92 1.00 0.00
0.50 4.71 0.72 1.00 0.00
0.50 4.71 0.90 1.00 0.00
0.50 4.71 1.07 1.00 0.00
0.50 4.71 1.25 1.00 0.00
0.50 4.71 1.42 1.00 0.00
0.50 4.71 1.60 1.00 0.00
0.50 4.71 1.77 1.00 0.00
0.50 4.71 1.94 1.00 0.00
0.50 4.71 2.12 1.00 0.00
0.50 4.71 2.29 1.00 0.00
0.50 4.71 2.47 1.00 0.00
0.50 4.71 2.64 1.00 0.00
0.50 4.71 2.82 1.00 0.00
0.50 4.71 2.99 1.00 0.00
0.50 4.71 3.17 1.00 0.00
0.50 4.71 3.34 1.00 0.00
0.50 4.71 3.51 1.00 0.00
0.50 4.71 3.69 1.00 0.00
0.70 4.71 0.78 1.00 0.00
0.70 4.71 0.96 1.00 0.00
0.70 4.71 1.13 1.00 0.00
0.70 4.71 1.31 1.00 0.00
0.70 4.71 1.48 1.00 0.00
0.70 4.71 1.66 1.00 0.00
0.70 4.71 1.83 1.00 0.00
0.70 4.71 2.01 1.00 0.00
0.70 4.71 2.18 1.00 0.00
0.70 4.71 2.36 1.00 0.00
0.70 4.71 2.53 1.00 0.00
0.70 4.71 2.70 1.00 0.00
0.70 4.71 2.88 1.00 0.00
0.70 4.71 3.05 1.00 0.00
0.70 4.71 3.23 1.00 0.00
0.70 4.71 3.40 1.00 0.00
0.70 4.71 3.58 1.00 0.00
0.70 4.71 3.75 1.00 0.00
0.90 4.71 0.85 1.00 0.00
0.90 4.71 1.03 1.00 0.00
0.90 4.71 1.20 1.00 0.00
0.90 4.71 1.38 1.00 0.00
0.90 4.71 1.55 1.00 0.00
0.90 4.71 1.73 1.00 0.00
0.90 4.71 1.90 1.00 0.00
0.90 4.71 2.08 1.00 0.00
0.90 4.71 2.25 1.00 0.00
0.90 4.71 2.43 1.00 0.00
0.90 4.71 2.60 1.00 0.00
0.90 4.71 2.77 1.00 0.00
0.90 4.71 2.95 1.00 0.00
0.90 4.71 3.12 1.00 0.00
0.90 4.71 3.30 1.00 0.00
0.90 4.71 3.47 1.00 0.00
0.90 4.71 3.65 1.00 0.00
0.90 4.71 3.82 1.00 0.00
1.10 4.71 0.94 1.00 0.00
1.10 4.71 1.11 1.00 0.00
1.10 4.71 1.28 1.00 0.00
1.10 4.71 1.46 1.00 0.00
1.10 4.71 1.63 1.00 0.00
1.10 4.71 1.81 1.00 0.00
1.10 4.71 1.98 1.00 0.00
1.10 4.71 2.16 1.00 0.00
1.10 4.71 2.33 1.00 0.00
1.10 4.71 2.51 1.00 0.00
1.10 4.71 2.68 1.00 0.00
1.10 4.71 2.86 1.00 0.00
1.10 4.71 3.03 1.00 0.00
1.10 4.71 3.20 1.00 0.00
1.10 4.71 3.38 1.00 0.00
1.10 4.71 3.55 1.00 0.00
1.10 4.71 3.73 1.00 0.00
1.10 4.71 3.90 1.00 0.00
0.30 4.89 6.97 1.00 0.00
0.30 4.89 7.14 1.00 0.00
0.30 4.89 7.32 1.00 0.00
0.30 4.89 7.49 1.00 0.00
0.30 4.89 7.66 1.00 0.00
0.30 4.89 7.84 1.00 0.00
0.30 4.89 8.01 1.00 0.00
0.30 4.89 8.19 1.00 0.00
0.30 4.89 8.36 1.00 0.00
0.30 4.89 8.54 1.00 0.00
0.30 4.89 8.71 1.00 0.00
0.30 4.89 8.89 1.00 0.00
0.30 4.89 9.06 1.00 0.00
0.30 4.89 9.24 1.00 0.00
0.30 4.89 9.41 1.00 0.00
0.30 4.89 9.58 1.00 0.00
0.30 4.89 9.76 1.00 0.00
0.30 4.89 9.93 1.00 0.00
0.50 4.89 0.75 1.00 0.00
0.50 4.89 0.92 1.00 0.00
0.50 4.89 1.10 1.00 0.00
0.50 4.89 1.27 1.00 0.00
0.50 4.89 1.45 1.00 0.00
0.50 4.89 1.62 1.00 0.00
0.50 4.89 1.80 1.00 0.00
0.50 4.89 1.97 1.00 0.00
0.50 4.89 2.14 1.00 0.00
0.50 4.89 2.32 1.00 0.00
0.50 4.89 2.49 1.00 0.00
0.50 4.89 2.67 1.00 0.00
0.50 4.89 2.84 1.00 0.00
0.50 4.89 3.02 1.00 0.00
0.50 4.89 3.19 1.00 0.00
0.50 4.89 3.37 1.00 0.00
0.50 4.89 3.54 1.00 0.00
0.50 4.89 3.72 1.00 0.00
0.70 4.89 0.82 1.00 0.00
0.70 4.89 0.99 1.00 0.00
0.70 4.89 1.17 1.00 0.00
0.70 4.89 1.34 1.00 0.00
0.70 4.89 1.52 1.00 0.00
0.70 4.89 1.69 1.00 0.00
0.70 4.89 1.87 1.00 0.00
0.70 4.89 2.04 1.00 0.00
0.70 4.89 2.22 1.00 0.00
0.70 4.89 2.39 1.00 0.00
0.70 4.89 2.56 1.00 0.00
0.70 4.89 2.74 1.00 0.00
0.70 4.89 2.91 1.00 0.00
0.70 4.89 3.09 1.00 0.00
0.70 4.89 3.26 1.00 0.00
0.70 4.89 3.44 1.00 0.00
0.70 4.89 3.61 1.00 0.00
0.70 4.89 3.79 1.00 0.00
0.90 4.89 0.90 1.00 0.00
0.90 4.89 1.07 1.00 0.00
0.90 4.89 1.25 1.00 0.00
0.90 4.89 1.42 1.00 0.00
0.90 4.89 1.60 1.00 0.00
0.90 4.89 1.77 1.00 0.00
0.90 4.89 1.95 1.00 0.00
0.90 4.89 2.12 1.00 0.00
0.90 4.89 2.29 1.00 0.00
0.90 4.89 2.47 1.00 0.00
0.90 4.89 2.64 1.00 0.00
0.90 4.89 2.82 1.00 0.00
0.90 4.89 2.99 1.00 0.00
0.90 4.89 3.17 1.00 0.00
0.90 4.89 3.34 1.00 0.00
0.90 4.89 3.52 1.00 0.00
0.90 4.89 3.69 1.00 0.00
0.90 4.89 3.87 1.00 0.00
1.10 4.89 0.98 1.00 0.00
1.10 4.89 1.16 1.00 0.00
1.10 4.89 1.33 1.00 0.00
1.10 4.89 1.51 1.00 0.00
1.10 4.89 1.68 1.00 0.00
1.10 4.89 1.86 1.00 0.00
1.10 4.89 2.03 1.00 0.00
1.10 4.89 2.21 1.00 0.00
1.10 4.89 2.38 1.00 0.00
1.10 4.89 2.55 1.00 0.00
1.10 4.89 2.73 1.00 0.00
1.10 4.89 2.90 1.00 0.00
1.10 4.89 3.08 1.00 0.00
1.10 4.89 3.25 1.00 0.00
1.10 4.89 3.43 1.00 0.00
1.10 4.89 3.60 1.00 0.00
1.10 4.89 3.78 1.00 0.00
1.10 4.89 3.95 1.00 0.00
0.30 5.06 6.98 1.00 0.00
0.30 5.06 7.15 1.00 0.00
0.30 5.06 7.33 1.00 0.00
0.30 5.06 7.50 1.00 0.00
0.30 5.06 7.68 1.00 0.00
0.30 5.06 7.85 1.00 0.00
0.30 5.06 8.03 1.00 0.00
0.30 5.06 8.20 1.00 0.00
0.30 5.06 8.38 1.00 0.00
0.30 5.06 8.55 1.00 0.00
0.30 5.06 8.72 1.00 0.00
0.30 5.06 8.90 1.00 0.00
0.30 5.06 9.07 1.00 0.00
0.30 5.06 9.25 1.00 0.00
0.30 5.06 9.42 1.00 0.00
0.30 5.06 9.60 1.00 0.00
0.30 5.06 9.77 1.00 0.00
0.30 5.06 9.95 1.00 0.00
0.50 5.06 0.77 1.00 0.00
0.50 5.06 0.94 1.00 0.00
0.50 5.06 1.12 1.00 0.00
0.50 5.06 1.29 1.00 0.00
0.50 5.06 1.47 1.00 0.00
0.50 5.06 1.64 1.00 0.00
0.50 5.06 1.81 1.00 0.00
0.50 5.06 1.99 1.00 0.00
0.50 5.06 2.16 1.00 0.00
0.50 5.06 2.34 1.00 0.00
0.50 5.06 2.51 1.00 0.00
0.50 5.06 2.69 1.00 0.00
0.50 5.06 2.86 1.00 0.00
0.50 5.06 3.04 1.00 0.00
0.50 5.06 3.21 1.00 0.00
0.50 5.06 3.39 1.00 0.00
0.50 5.06 3.56 1.00 0.00
0.50 5.06 3.73 1.00 0.00
0.70 5.06 0.84 1.00 0.00
0.70 5.06 1.02 1.00 0.00
0.70 5.06 1.19 1.00 0.00
0.70 5.06 1.37 1.00 0.00
0.70 5.06 1.54 1.00 0.00
0.70 5.06 1.72 1.00 0.00
0.70 5.06 1.89 1.00 0.00
0.70 5.06 2.07 1.00 0.00
0.70 5.06 2.24 1.00 0.00
0.70 5.06 2.41 1.00 0.00
0.70 5.06 2.59 1.00 0.00
0.70 5.06 2.76 1.00 0.00
0.70 5.06 2.94 1.00 0.00
0.70 5.06 3.11 1.00 0.00
0.70 5.06 3.29 1.00 0.00
0.70 5.06 3.46 1.00 0.00
0.70 5.06 3.64 1.00 0.00
0.70 5.06 3.81 1.00 0.00
0.90 5.06 0.93 1.00 0.00
0.90 5.06 1.10 1.00 0.00
0.90 5.06 1.27 1.00 0.00
0.90 5.06 1.45 1.00 0.00
0.90 5.06 1.62 1.00 0.00
0.90 5.06 1.80 1.00 0.00
0.90 5.06 1.97 1.00 0.00
0.90 5.06 2.15 1.00 0.00
0.90 5.06 2.32 1.00 0.00
0.90 5.06 2.50 1.00 0.00
0.90 5.06 2.67 1.00 0.00
0.90 5.06 2.85 1.00 0.00
0.90 5.06 3.02 1.00 0.00
0.90 5.06 3.19 1.00 0.00
0.90 5.06 3.37 1.00 0.00
0.90 5.06 3.54 1.00 0.00
0.90 5.06 3.72 1.00 0.00
0.90 5.06 3.89 1.00 0.00
1.10 5.06 1.01 1.00 0.00
1.10 5.06 1.19 1.00 0.00
1.10 5.06 1.36 1.00 0.00
1.10 5.06 1.54 1.00 0.00
1.10 5.06 1.71 1.00 0.00
1.10 5.06 1.88 1.00 0.00
1.10 5.06 2.06 1.00 0.00
1.10 5.06 2.23 1.00 0.00
1.10 5.06 2.41 1.00 0.00
1.10 5.06 2.58 1.00 0.00
1.10 5.06 2.76 1.00 0.00
1.10 5.06 2.93 1.00 0.00
1.10 5.06 3.11 1.00 0.00
1.10 5.06 3.28 1.00 0.00
1.10 5.06 3.46 1.00 0.00
1.10 5.06 3.63 1.00 0.00
1.10 5.06 3.80 1.00 0.00
1.10 5.06 3.98 1.00 0.00
0.30 5.24 0.70 1.00 0.00
0.30 5.24 0.88 1.00 0.00
0.30 5.24 1.05 1.00 0.00
0.30 5.24 1.23 1.00 0.00
0.30 5.24 1.40 1.00 0.00
0.30 5.24 1.58 1.00 0.00
0.30 5.24 1.75 1.00 0.00
0.30 5.24 1.93 1.00 0.00
0.30 5.24 2.10 1.00 0.00
0.30 5.24 2.28 1.00 0.00
0.30 5.24 2.45 1.00 0.00
0.30 5.24 2.62 1.00 0.00
0.30 5.24 2.80 1.00 0.00
0.30 5.24 2.97 1.00 0.00
0.30 5.24 3.15 1.00 0.00
0.30 5.24 3.32 1.00 0.00
0.30 5.24 3.50 1.00 0.00
0.30 5.24 3.67 1.00 0.00
0.50 5.24 0.78 1.00 0.00
0.50 5.24 0.95 1.00 0.00
0.50 5.24 1.13 1.00 0.00
0.50 5.24 1.30 1.00 0.00
0.50 5.24 1.48 1.00 0.00
0.50 5.24 1.65 1.00 0.00
0.50 5.24 1.83 1.00 0.00
0.50 5.24 2.00 1.00 0.00
0.50 5.24 2.18 1.00 0.00
0.50 5.24 2.35 1.00 0.00
0.50 5.24 2.52 1.00 0.00
0.50 5.24 2.70 1.00 0.00
0.50 5.24 2.87 1.00 0.00
0.50 5.24 3.05 1.00 0.00
0.50 5.24 3.22 1.00 0.00
0.50 5.24 3.40 1.00 0.00
0.50 5.24 3.57 1.00 0.00
0.50 5.24 3.75 1.00 0.00
0.70 5.24 0.86 1.00 0.00
0.70 5.24 1.03 1.00 0.00
0.70 5.24 1.21 1.00 0.00
0.70 5.24 1.38 1.00 0.00
0.70 5.24 1.56 1.00 0.00
0.70 5.24 1.73 1.00 0.00
0.70 5.24 1.91 1.00 0.00
0.70 5.24 2.08 1.00 0.00
0.70 5.24 2.25 1.00 0.00
0.70 5.24 2.43 1.00 0.00
0.70 5.24 2.60 1.00 0.00
0.70 5.24 2.78 1.00 0.00
0.70 5.24 2.95 1.00 0.00
0.70 5.24 3.13 1.00 0.00
0.70 5.24 3.30 1.00 0.00
0.70 5.24 3.48 1.00 0.00
0.70 5.24 3.65 1.00 0.00
0.70 5.24 3.83 1.00 0.00
0.90 5.24 0.94 1.00 0.00
0.90 5.24 1.11 1.00 0.00
0.90 5.24 1.29 1.00 0.00
0.90 5.24 1.46 1.00 0.00
0.90 5.24 1.64 1.00 0.00
0.90 5.24 1.81 1.00 0.00
0.90 5.24 1.99 1.00 0.00
0.90 5.24 2.16 1.00 0.00
0.90 5.24 2.34 1.00 0.00
0.90 5.24 2.51 1.00 0.00
0.90 5.24 2.68 1.00 0.00
0.90 5.24 2.86 1.00 0.00
0.90 5.24 3.03 1.00 0.00
0.90 5.24 3.21 1.00 0.00
0.90 5.24 3.38 1.00 0.00
0.90 5.24 3.56 1.00 0.00
0.90 5.24 3.73 1.00 0.00
0.90 5.24 3.91 1.00 0.00
1.10 5.24 1.02 1.00 0.00
1.10 5.24 1.20 1.00 0.00
1.10 5.24 1.37 1.00 0.00
1.10 5.24 1.54 1.00 0.00
1.10 5.24 1.72 1.00 0.00
1.10 5.24 1.89 1.00 0.00
1.10 5.24 2.07 1.00 0.00
1.10 5.24 2.24 1.00 0.00
1.10 5.24 2.42 1.00 0.00
1.10 5.24 2.59 1.00 0.00
1.10 5.24 2.77 1.00 0.00
1.10 5.24 2.94 1.00 0.00
1.10 5.24 3.12 1.00 0.00
1.10 5.24 3.29 1.00 0.00
1.10 5.24 3.46 1.00 0.00
1.10 5.24 3.64 1.00 0.00
1.10 5.24 3.81 1.00 0.00
1.10 5.24 3.99 1.00 0.00
0.30 5.41 0.71 1.00 0.00
0.30 5.41 0.88 1.00 0.00
0.30 5.41 1.06 1.00 0.00
0.30 5.41 1.23 1.00 0.00
0.30 5.41 1.41 1.00 0.00
0.30 5.41 1.58 1.00 0.00
0.30 5.41 1.76 1.00 0.00
0.30 5.41 1.93 1.00 0.00
0.30 5.41 2.11 1.00 0.00
0.30 5.41 2.28 1.00 0.00
0.30 5.41 2.45 1.00 0.00
0.30 5.41 2.63 1.00 0.00
0.30 5.41 2.80 1.00 0.00
0.30 5.41 2.98 1.00 0.00
0.30 5.41 3.15 1.00 0.00
0.30 5.41 3.33 1.00 0.00
0.30 5.41 3.50 1.00 0.00
0.30 5.41 3.68 1.00 0.00
0.50 5.41 0.79 1.00 0.00
0.50 5.41 0.96 1.00 0.00
0.50 5.41 1.13 1.00 0.00
0.50 5.41 1.31 1.00 0.00
0.50 5.41 1.48 1.00 0.00
0.50 5.41 1.66 1.00 0.00
0.50 5.41 1.83 1.00 0.00
0.50 5.41 2.01 1.00 0.00
0.50 5.41 2.18 1.00 0.00
0.50 5.41 2.36 1.00 0.00
0.50 5.41 2.53 1.00 0.00
0.50 5.41 2.71 1.00 0.00
0.50 5.41 2.88 1.00 0.00
0.50 5.41 3.05 1.00 0.00
0.50 5.41 3.23 1.00 0.00
0.50 5.41 3.40 1.00 0.00
0.50 5.41 3.58 1.00 0.00
0.50 5.41 3.75 1.00 0.00
0.70 5.41 0.86 1.00 0.00
0.70 5.41 1.04 1.00 0.00
0.70 5.41 1.21 1.00 0.00
0.70 5.41 1.39 1.00 0.00
0.70 5.41 1.56 1.00 0.00
0.70 5.41 1.74 1.00 0.00
0.70 5.41 1.91 1.00 0.00
0.70 5.41 2.08 1.00 0.00
0.70 5.41 2.26 1.00 0.00
0.70 5.41 2.43 1.00 0.00
0.70 5.41 2.61 1.00 0.00
0.70 5.41 2.78 1.00 0.00
0.70 5.41 2.96 1.00 0.00
0.70 5.41 3.13 1.00 0.00
0.70 5.41 3.31 1.00 0.00
0.70 5.41 3.48 1.00 0.00
0.70 5.41 3.66 1.00 0.00
0.70 5.41 3.83 1.00 0.00
0.90 5.41 0.94 1.00 0.00
0.90 5.41 1.11 1.00 0.00
0.90 5.41 1.29 1.00 0.00
0.90 5.41 1.46 1.00 0.00
0.90 5.41 1.64 1.00 0.00
0.90 5.41 1.81 1.00 0.00
0.90 5.41 1.99 1.00 0.00
0.90 5.41 2.16 1.00 0.00
0.90 5.41 2.34 1.00 0.00
0.90 5.41 2.51 1.00 0.00
0.90 5.41 2.69 1.00 0.00
0.90 5.41 2.86 1.00 0.00
0.90 5.41 3.03 1.00 0.00
0.90 5.41 3.21 1.00 0.00
0.90 5.41 3.38 1.00 0.00
0.90 5.41 3.56 1.00 0.00
0.90 5.41 3.73 1.00 0.00
0.90 5.41 3.91 1.00 0.00
1.10 5.41 1.02 1.00 0.00
1.10 5.41 1.19 1.00 0.00
1.10 5.41 1.37 1.00 0.00
1.10 5.41 1.54 1.00 0.00
1.10 5.41 1.72 1.00 0.00
1.10 5.41 1.89 1.00 0.00
1.10 5.41 2.06 1.00 0.00
1.10 5.41 2.24 1.00 0.00
1.10 5.41 2.41 1.00 0.00
1.10 5.41 2.59 1.00 0.00
1.10 5.41 2.76 1.00 0.00
1.10 5.41 2.94 1.00 0.00
1.10 5.41 3.11 1.00 0.00
1.10 5.41 3.29 1.00 0.00
1.10 5.41 3.46 1.00 0.00
1.10 5.41 3.63 1.00 0.00
1.10 5.41 3.81 1.00 0.00
1.10 5.41 3.98 1.00 0.00
0.30 5.59 0.71 1.00 0.00
0.30 5.59 0.89 1.00 0.00
0.30 5.59 1.06 1.00 0.00
0.30 5.59 1.23 1.00 0.00
0.30 5.59 1.41 1.00 0.00
0.30 5.59 1.58 1.00 0.00
0.30 5.59 1.76 1.00 0.00
0.30 5.59 1.93 1.00 0.00
0.30 5.59 2.11 1.00 0.00
0.30 5.59 2.28 1.00 0.00
0.30 5.59 2.46 1.00 0.00
0.30 5.59 2.63 1.00 0.00
0.30 5.59 2.81 1.00 0.00
0.30 5.59 2.98 1.00 0.00
0.30 5.59 3.15 1.00 0.00
0.30 5.59 3.33 1.00 0.00
0.30 5.59 3.50 1.00 0.00
0.30 5.59 3.68 1.00 0.00
0.50 5.59 0.79 1.00 0.00
0.50 5.59 0.96 1.00 0.00
0.50 5.59 1.13 1.00 0.00
0.50 5.59 1.31 1.00 0.00
0.50 5.59 1.48 1.00 0.00
0.50 5.59 1.66 1.00 0.00
0.50 5.59 1.83 1.00 0.00
0.50 5.59 2.01 1.00 0.00
0.50 5.59 2.18 1.00 0.00
0.50 5.59 2.36 1.00 0.00
0.50 5.59 2.53 1.00 0.00
0.50 5.59 2.71 1.00 0.00
0.50 5.59 2.88 1.00 0.00
0.50 5.59 3.05 1.00 0.00
0.50 5.59 3.23 1.00 0.00
0.50 5.59 3.40 1.00 0.00
0.50 5.59 3.58 1.00 0.00
0.50 5.59 3.75 1.00 0.00
0.70 5.59 0.86 1.00 0.00
0.70 5.59 1.03 1.00 0.00
0.70 5.59 1.21 1.00 0.00
0.70 5.59 1.38 1.00 0.00
0.70 5.59 1.56 1.00 0.00
0.70 5.59 1.73 1.00 0.00
0.70 5.59 1.91 1.00 0.00
0.70 5.59 2.08 1.00 0.00
0.70 5.59 2.26 1.00 0.00
0.70 5.59 2.43 1.00 0.00
0.70 5.59 2.60 1.00 0.00
0.70 5.59 2.78 1.00 0.00
0.70 5.59 2.95 1.00 0.00
0.70 5.59 3.13 1.00 0.00
0.70 5.59 3.30 1.00 0.00
0.70 5.59 3.48 1.00 0.00
0.70 5.59 3.65 1.00 0.00
0.70 5.59 3.83 1.00 0.00
0.90 5.59 0.93 1.00 0.00
0.90 5.59 1.11 1.00 0.00
0.90 5.59 1.28 1.00 0.00
0.90 5.59 1.46 1.00 0.00
0.90 5.59 1.63 1.00 0.00
0.90 5.59 1.80 1.00 0.00
0.90 5.59 1.98 1.00 0.00
0.90 5.59 2.15 1.00 0.00
0.90 5.59 2.33 1.00 0.00
0.90 5.59 2.50 1.00 0.00
0.90 5.59 2.68 1.00 0.00
0.90 5.59 2.85 1.00 0.00
0.90 5.59 3.03 1.00 0.00
0.90 5.59 3.20 1.00 0.00
0.90 5.59 3.37 1.00 0.00
0.90 5.59 3.55 1.00 0.00
0.90 5.59 3.72 1.00 0.00
0.90 5.59 3.90 1.00 0.00
1.10 5.59 1.00 1.00 0.00
1.10 5.59 1.18 1.00 0.00
1.10 5.59 1.35 1.00 0.00
1.10 5.59 1.52 1.00 0.00
1.10 5.59 1.70 1.00 0.00
1.10 5.59 1.87 1.00 0.00
1.10 5.59 2.05 1.00 0.00
1.10 5.59 2.22 1.00 0.00
1.10 5.59 2.40 1.00 0.00
1.10 5.59 2.57 1.00 0.00
1.10 5.59 2.75 1.00 0.00
1.10 5.59 2.92 1.00 0.00
1.10 5.59 3.10 1.00 0.00
1.10 5.59 3.27 1.00 0.00
1.10 5.59 3.44 1.00 0.00
1.10 5.59 3.62 1.00 0.00
1.10 5.59 3.79 1.00 0.00
1.10 5.59 3.97 1.00 0.00
0.30 5.76 0.71 1.00 0.00
0.30 5.76 0.88 1.00 0.00
0.30 5.76 1.06 1.00 0.00
0.30 5.76 1.23 1.00 0.00
0.30 5.76 1.41 1.00 0.00
0.30 5.76 1.58 1.00 0.00
0.30 5.76 1.76 1.00 0.00
0.30 5.76 1.93 1.00 0.00
0.30 5.76 2.11 1.00 0.00
0.30 5.76 2.28 1.00 0.00
0.30 5.76 2.45 1.00 0.00
0.30 5.76 2.63 1.00 0.00
0.30 5.76 2.80 1.00 0.00
0.30 5.76 2.98 1.00 0.00
0.30 5.76 3.15 1.00 0.00
0.30 5.76 3.33 1.00 0.00
0.30 5.76 3.50 1.00 0.00
0.30 5.76 3.68 1.00 0.00
0.50 5.76 0.78 1.00 0.00
0.50 5.76 0.95 1.00 0.00
0.50 5.76 1.13 1.00 0.00
0.50 5.76 1.30 1.00 0.00
0.50 5.76 1.48 1.00 0.00
0.50 5.76 1.65 1.00 0.00
0.50 5.76 1.83 1.00 0.00
0.50 5.76 2.00 1.00 0.00
0.50 5.76 2.18 1.00 0.00
0.50 5.76 2.35 1.00 0.00
0.50 5.76 2.53 1.00 0.00
0.50 5.76 2.70 1.00 0.00
0.50 5.76 2.87 1.00 0.00
0.50 5.76 3.05 1.00 0.00
0.50 5.76 3.22 1.00 0.00
0.50 5.76 3.40 1.00 0.00
0.50 5.76 3.57 1.00 0.00
0.50 5.76 3.75 1.00 0.00
0.70 5.76 0.85 1.00 0.00
0.70 5.76 1.02 1.00 0.00
0.70 5.76 1.20 1.00 0.00
0.70 5.76 1.37 1.00 0.00
0.70 5.76 1.55 1.00 0.00
0.70 5.76 1.72 1.00 0.00
0.70 5.76 1.90 1.00 0.00
0.70 5.76 2.07 1.00 0.00
0.70 5.76 2.25 1.00 0.00
0.70 5.76 2.42 1.00 0.00
0.70 5.76 2.59 1.00 0.00
0.70 5.76 2.77 1.00 0.00
0.70 5.76 2.94 1.00 0.00
0.70 5.76 3.12 1.00 0.00
0.70 5.76 3.29 1.00 0.00
0.70 5.76 3.47 1.00 0.00
0.70 5.76 3.64 1.00 0.00
0.70 5.76 3.82 1.00 0.00
0.90 5.76 0.91 1.00 0.00
0.90 5.76 1.09 1.00 0.00
0.90 5.76 1.26 1.00 0.00
0.90 5.76 1.44 1.00 0.00
0.90 5.76 1.61 1.00 0.00
0.90 5.76 1.79 1.00 0.00
0.90 5.76 1.96 1.00 0.00
0.90 5.76 2.14 1.00 0.00
0.90 5.76 2.31 1.00 0.00
0.90 5.76 2.49 1.00 0.00
0.90 5.76 2.66 1.00 0.00
0.90 5.76 2.83 1.00 0.00
0.90 5.76 3.01 1.00 0.00
0.90 5.76 3.18 1.00 0.00
0.90 5.76 3.36 1.00 0.00
0.90 5.76 3.53 1.00 0.00
0.90 5.76 3.71 1.00 0.00
0.90 5.76 3.88 1.00 0.00
1.10 5.76 0.98 1.00 0.00
1.10 5.76 1.15 1.00 0.00
1.10 5.76 1.33 1.00 0.00
1.10 5.76 1.50 1.00 0.00
1.10 5.76 1.67 1.00 0.00
1.10 5.76 1.85 1.00 0.00
1.10 5.76 2.02 1.00 0.00
1.10 5.76 2.20 1.00 0.00
1.10 5.76 2.37 1.00 0.00
1.10 5.76 2.55 1.00 0.00
1.10 5.76 2.72 1.00 0.00
1.10 5.76 2.90 1.00 0.00
1.10 5.76 3.07 1.00 0.00
1.10 5.76 3.25 1.00 0.00
1.10 5.76 3.42 1.00 0.00
1.10 5.76 3.59 1.00 0.00
1.10 5.76 3.77 1.00 0.00
1.10 5.76 3.94 1.00 0.00
0.30 5.93 0.70 1.00 0.00
0.30 5.93 0.88 1.00 0.00
0.30 5.93 1.05 1.00 0.00
0.30 5.93 1.23 1.00 0.00
0.30 5.93 1.40 1.00 0.00
0.30 5.93 1.58 1.00 0.00
0.30 5.93 1.75 1.00 0.00
0.30 5.93 1.93 1.00 0.00
0.30 5.93 2.10 1.00 0.00
0.30 5.93 2.27 1.00 0.00
0.30 5.93 2.45 1.00 0.00
0.30 5.93 2.62 1.00 0.00
0.30 5.93 2.80 1.00 0.00
0.30 5.93 2.97 1.00 0.00
0.30 5.93 3.15 1.00 0.00
0.30 5.93 3.32 1.00 0.00
0.30 5.93 3.50 1.00 0.00
0.30 5.93 3.67 1.00 0.00
0.50 5.93 0.77 1.00 0.00
0.50 5.93 0.94 1.00 0.00
0.50 5.93 1.12 1.00 0.00
0.50 5.93 1.29 1.00 0.00
0.50 5.93 1.47 1.00 0.00
0.50 5.93 1.64 1.00 0.00
0.50 5.93 1.82 1.00 0.00
0.50 5.93 1.99 1.00 0.00
0.50 5.93 2.17 1.00 0.00
0.50 5.93 2.34 1.00 0.00
0.50 5.93 2.52 1.00 0.00
0.50 5.93 2.69 1.00 0.00
0.50 5.93 2.86 1.00 0.00
0.50 5.93 3.04 1.00 0.00
0.50 5.93 3.21 1.00 0.00
0.50 5.93 3.39 1.00 0.00
0.50 5.93 3.56 1.00 0.00
0.50 5.93 3.74 1.00 0.00
0.70 5.93 0.83 1.00 0.00
0.70 5.93 1.01 1.00 0.00
0.70 5.93 1.18 1.00 0.00
0.70 5.93 1.36 1.00 0.00
0.70 5.93 1.53 1.00 0.00
0.70 5.93 1.70 1.00 0.00
0.70 5.93 1.88 1.00 0.00
0.70 5.93 2.05 1.00 0.00
0.70 5.93 2.23 1.00 0.00
0.70 5.93 2.40 1.00 0.00
0.70 5.93 2.58 1.00 0.00
0.70 5.93 2.75 1.00 0.00
0.70 5.93 2.93 1.00 0.00
0.70 5.93 3.10 1.00 0.00
0.70 5.93 3.28 1.00 0.00
0.70 5.93 3.45 1.00 0.00
0.70 5.93 3.62 1.00 0.00
0.70 5.93 3.80 1.00 0.00
0.90 5.93 0.89 1.00 0.00
0.90 5.93 1.07 1.00 0.00
0.90 5.93 1.24 1.00 0.00
0.90 5.93 1.41 1.00 0.00
0.90 5.93 1.59 1.00 0.00
0.90 5.93 1.76 1.00 0.00
0.90 5.93 1.94 1.00 0.00
0.90 5.93 2.11 1.00 0.00
0.90 5.93 2.29 1.00 0.00
0.90 5.93 2.46 1.00 0.00
0.90 5.93 2.64 1.00 0.00
0.90 5.93 2.81 1.00 0.00
0.90 5.93 2.98 1.00 0.00
0.90 5.93 3.16 1.00 0.00
0.90 5.93 3.33 1.00 0.00
0.90 5.93 3.51 1.00 0.00
0.90 5.93 3.68 1.00 0.00
0.90 5.93 3.86 1.00 0.00
1.10 5.93 0.95 1.00 0.00
1.10 5.93 1.12 1.00 0.00
1.10 5.93 1.29 1.00 0.00
1.10 5.93 1.47 1.00 0.00
1.10 5.93 1.64 1.00 0.00
1.10 5.93 1.82 1.00 0.00
1.10 5.93 1.99 1.00 0.00
1.10 5.93 2.17 1.00 0.00
1.10 5.93 2.34 1.00 0.00
1.10 5.93 2.52 1.00 0.00
1.10 5.93 2.69 1.00 0.00
1.10 5.93 2.87 1.00 0.00
1.10 5.93 3.04 1.00 0.00
1.10 5.93 3.21 1.00 0.00
1.10 5.93 3.39 1.00 0.00
1.10 5.93 3.56 1.00 0.00
1.10 5.93 3.74 1.00 0.00
1.10 5.93 3.91 1.00 0.00
0.30 6.11 6.98 1.00 0.00
0.30 6.11 7.15 1.00 0.00
0.30 6.11 7.33 1.00 0.00
0.30 6.11 7.50 1.00 0.00
0.30 6.11 7.68 1.00 0.00
0.30 6.11 7.85 1.00 0.00
0.30 6.11 8.03 1.00 0.00
0.30 6.11 8.20 1.00 0.00
0.30 6.11 8.38 1.00 0.00
0.30 6.11 8.55 1.00 0.00
0.30 6.11 8.72 1.00 0.00
0.30 6.11 8.90 1.00 0.00
0.30 6.11 9.07 1.00 0.00
0.30 6.11 9.25 1.00 0.00
0.30 6.11 9.42 1.00 0.00
0.30 6.11 9.60 1.00 0.00
0.30 6.11 9.77 1.00 0.00
0.30 6.11 9.95 1.00 0.00
0.50 6.11 0.76 1.00 0.00
0.50 6.11 0.93 1.00 0.00
0.50 6.11 1.10 1.00 0.00
0.50 6.11 1.28 1.00 0.00
0.50 6.11 1.45 1.00 0.00
0.50 6.11 1.63 1.00 0.00
0.50 6.11 1.80 1.00 0.00
0.50 6.11 1.98 1.00 0.00
0.50 6.11 2.15 1.00 0.00
0.50 6.11 2.33 1.00 0.00
0.50 6.11 2.50 1.00 0.00
0.50 6.11 2.68 1.00 0.00
0.50 6.11 2.85 1.00 0.00
0.50 6.11 3.02 1.00 0.00
0.50 6.11 3.20 1.00 0.00
0.50 6.11 3.37 1.00 0.00
0.50 6.11 3.55 1.00 0.00
0.50 6.11 3.72 1.00 0.00
0.70 6.11 0.81 1.00 0.00
0.70 6.11 0.98 1.00 0.00
0.70 6.11 1.16 1.00 0.00
0.70 6.11 1.33 1.00 0.00
0.70 6.11 1.51 1.00 0.00
0.70 6.11 1.68 1.00 0.00
0.70 6.11 1.86 1.00 0.00
0.70 6.11 2.03 1.00 0.00
0.70 6.11 2.21 1.00 0.00
0.70 6.11 2.38 1.00 0.00
0.70 6.11 2.56 1.00 0.00
0.70 6.11 2.73 1.00 0.00
0.70 6.11 2.90 1.00 0.00
0.70 6.11 3.08 1.00 0.00
0.70 6.11 3.25 1.00 0.00
0.70 6.11 3.43 1.00 0.00
0.70 6.11 3.60 1.00 0.00
0.70 6.11 3.78 1.00 0.00
0.90 6.11 0.86 1.00 0.00
0.90 6.11 1.04 1.00 0.00
0.90 6.11 1.21 1.00 0.00
0.90 6.11 1.38 1.00 0.00
0.90 6.11 1.56 1.00 0.00
0.90 6.11 1.73 1.00 0.00
0.90 6.11 1.91 1.00 0.00
0.90 6.11 2.08 1.00 0.00
0.90 6.11 2.26 1.00 0.00
0.90 6.11 2.43 1.00 0.00
0.90 6.11 2.61 1.00 0.00
0.90 6.11 2.78 1.00 0.00
0.90 6.11 2.96 1.00 0.00
0.90 6.11 3.13 1.00 0.00
0.90 6.11 3.30 1.00 0.00
0.90 6.11 3.48 1.00 0.00
0.90 6.11 3.65 1.00 0.00
0.90 6.11 3.83 1.00 0.00
1.10 6.11 0.91 1.00 0.00
1.10 6.11 1.08 1.00 0.00
1.10 6.11 1.26 1.00 0.00
1.10 6.11 1.43 1.00 0.00
1.10 6.11 1.61 1.00 0.00
1.10 6.11 1.78 1.00 0.00
1.10 6.11 1.96 1.00 0.00
1.10 6.11 2.13 1.00 0.00
1.10 6.11 2.30 1.00 0.00
1.10 6.11 2.48 1.00 0.00
1.10 6.11 2.65 1.00 0.00
1.10 6.11 2.83 1.00 0.00
1.10 6.11 3.00 1.00 0.00
1.10 6.11 3.18 1.00 0.00
1.10 6.11 3.35 1.00 0.00
1.10 6.11 3.53 1.00 0.00
1.10 6.11 3.70 1.00 0.00
1.10 6.11 3.88 1.00 0.00
