0.30 0.00 6.80 1.00 0.00
0.30 0.00 6.98 1.00 0.00
0.30 0.00 7.15 1.00 0.00
0.30 0.00 7.33 1.00 0.00
0.30 0.00 7.50 1.00 0.00
0.30 0.00 7.68 1.00 0.00
0.30 0.00 7.85 1.00 0.00
0.30 0.00 8.03 1.00 0.00
0.30 0.00 8.20 1.00 0.00
0.30 0.00 8.38 1.00 0.00
0.30 0.00 8.55 1.00 0.00
0.30 0.00 8.72 1.00 0.00
0.30 0.00 8.90 1.00 0.00
0.30 0.00 9.07 1.00 0.00
0.30 0.00 9.25 1.00 0.00
0.30 0.00 9.42 1.00 0.00
0.30 0.00 9.60 1.00 0.00
0.30 0.00 9.77 1.00 0.00
0.50 0.00 0.58 1.00 0.00
0.50 0.00 0.76 1.00 0.00
0.50 0.00 0.93 1.00 0.00
0.50 0.00 1.10 1.00 0.00
0.50 0.00 1.28 1.00 0.00
0.50 0.00 1.45 1.00 0.00
0.50 0.00 1.63 1.00 0.00
0.50 0.00 1.80 1.00 0.00
0.50 0.00 1.98 1.00 0.00
0.50 0.00 2.15 1.00 0.00
0.50 0.00 2.33 1.00 0.00
0.50 0.00 2.50 1.00 0.00
0.50 0.00 2.68 1.00 0.00
0.50 0.00 2.85 1.00 0.00
0.50 0.00 3.02 1.00 0.00
0.50 0.00 3.20 1.00 0.00
0.50 0.00 3.37 1.00 0.00
0.50 0.00 3.55 1.00 0.00
0.70 0.00 0.64 1.00 0.00
0.70 0.00 0.81 1.00 0.00
0.70 0.00 0.98 1.00 0.00
0.70 0.00 1.16 1.00 0.00
0.70 0.00 1.33 1.00 0.00
0.70 0.00 1.51 1.00 0.00
0.70 0.00 1.68 1.00 0.00
0.70 0.00 1.86 1.00 0.00
0.70 0.00 2.03 1.00 0.00
0.70 0.00 2.21 1.00 0.00
0.70 0.00 2.38 1.00 0.00
0.70 0.00 2.56 1.00 0.00
0.70 0.00 2.73 1.00 0.00
0.70 0.00 2.90 1.00 0.00
0.70 0.00 3.08 1.00 0.00
0.70 0.00 3.25 1.00 0.00
0.70 0.00 3.43 1.00 0.00
0.70 0.00 3.60 1.00 0.00
0.90 0.00 0.69 1.00 0.00
0.90 0.00 0.86 1.00 0.00
0.90 0.00 1.04 1.00 0.00
0.90 0.00 1.21 1.00 0.00
0.90 0.00 1.38 1.00 0.00
0.90 0.00 1.56 1.00 0.00
0.90 0.00 1.73 1.00 0.00
0.90 0.00 1.91 1.00 0.00
0.90 0.00 2.08 1.00 0.00
0.90 0.00 2.26 1.00 0.00
0.90 0.00 2.43 1.00 0.00
0.90 0.00 2.61 1.00 0.00
0.90 0.00 2.78 1.00 0.00
0.90 0.00 2.96 1.00 0.00
0.90 0.00 3.13 1.00 0.00
0.90 0.00 3.30 1.00 0.00
0.90 0.00 3.48 1.00 0.00
0.90 0.00 3.65 1.00 0.00
1.10 0.00 0.73 1.00 0.00
1.10 0.00 0.91 1.00 0.00
1.10 0.00 1.08 1.00 0.00
1.10 0.00 1.26 1.00 0.00
1.10 0.00 1.43 1.00 0.00
1.10 0.00 1.61 1.00 0.00
1.10 0.00 1.78 1.00 0.00
1.10 0.00 1.96 1.00 0.00
1.10 0.00 2.13 1.00 0.00
1.10 0.00 2.30 1.00 0.00
1.10 0.00 2.48 1.00 0.00
1.10 0.00 2.65 1.00 0.00
1.10 0.00 2.83 1.00 0.00
1.10 0.00 3.00 1.00 0.00
1.10 0.00 3.18 1.00 0.00
1.10 0.00 3.35 1.00 0.00
1.10 0.00 3.53 1.00 0.00
1.10 0.00 3.70 1.00 0.00
0.30 0.17 6.79 1.00 0.00
0.30 0.17 6.97 1.00 0.00
0.30 0.17 7.14 1.00 0.00
0.30 0.17 7.32 1.00 0.00
0.30 0.17 7.49 1.00 0.00
0.30 0.17 7.67 1.00 0.00
0.30 0.17 7.84 1.00 0.00
0.30 0.17 8.02 1.00 0.00
0.30 0.17 8.19 1.00 0.00
0.30 0.17 8.37 1.00 0.00
0.30 0.17 8.54 1.00 0.00
0.30 0.17 8.71 1.00 0.00
0.30 0.17 8.89 1.00 0.00
0.30 0.17 9.06 1.00 0.00
0.30 0.17 9.24 1.00 0.00
0.30 0.17 9.41 1.00 0.00
0.30 0.17 9.59 1.00 0.00
0.30 0.17 9.76 1.00 0.00
0.50 0.17 0.56 1.00 0.00
0.50 0.17 0.74 1.00 0.00
0.50 0.17 0.91 1.00 0.00
0.50 0.17 1.09 1.00 0.00
0.50 0.17 1.26 1.00 0.00
0.50 0.17 1.44 1.00 0.00
0.50 0.17 1.61 1.00 0.00
0.50 0.17 1.78 1.00 0.00
0.50 0.17 1.96 1.00 0.00
0.50 0.17 2.13 1.00 0.00
0.50 0.17 2.31 1.00 0.00
0.50 0.17 2.48 1.00 0.00
0.50 0.17 2.66 1.00 0.00
0.50 0.17 2.83 1.00 0.00
0.50 0.17 3.01 1.00 0.00
0.50 0.17 3.18 1.00 0.00
0.50 0.17 3.36 1.00 0.00
0.50 0.17 3.53 1.00 0.00
0.70 0.17 0.61 1.00 0.00
0.70 0.17 0.78 1.00 0.00
0.70 0.17 0.96 1.00 0.00
0.70 0.17 1.13 1.00 0.00
0.70 0.17 1.31 1.00 0.00
0.70 0.17 1.48 1.00 0.00
0.70 0.17 1.66 1.00 0.00
0.70 0.17 1.83 1.00 0.00
0.70 0.17 2.01 1.00 0.00
0.70 0.17 2.18 1.00 0.00
0.70 0.17 2.36 1.00 0.00
0.70 0.17 2.53 1.00 0.00
0.70 0.17 2.70 1.00 0.00
0.70 0.17 2.88 1.00 0.00
0.70 0.17 3.05 1.00 0.00
0.70 0.17 3.23 1.00 0.00
0.70 0.17 3.40 1.00 0.00
0.70 0.17 3.58 1.00 0.00
0.90 0.17 0.65 1.00 0.00
0.90 0.17 0.83 1.00 0.00
0.90 0.17 1.00 1.00 0.00
0.90 0.17 1.18 1.00 0.00
0.90 0.17 1.35 1.00 0.00
0.90 0.17 1.53 1.00 0.00
0.90 0.17 1.70 1.00 0.00
0.90 0.17 1.88 1.00 0.00
0.90 0.17 2.05 1.00 0.00
0.90 0.17 2.22 1.00 0.00
0.90 0.17 2.40 1.00 0.00
0.90 0.17 2.57 1.00 0.00
0.90 0.17 2.75 1.00 0.00
0.90 0.17 2.92 1.00 0.00
0.90 0.17 3.10 1.00 0.00
0.90 0.17 3.27 1.00 0.00
0.90 0.17 3.45 1.00 0.00
0.90 0.17 3.62 1.00 0.00
1.10 0.17 0.69 1.00 0.00
1.10 0.17 0.87 1.00 0.00
1.10 0.17 1.04 1.00 0.00
1.10 0.17 1.22 1.00 0.00
1.10 0.17 1.39 1.00 0.00
1.10 0.17 1.57 1.00 0.00
1.10 0.17 1.74 1.00 0.00
1.10 0.17 1.91 1.00 0.00
1.10 0.17 2.09 1.00 0.00
1.10 0.17 2.26 1.00 0.00
1.10 0.17 2.44 1.00 0.00
1.10 0.17 2.61 1.00 0.00
1.10 0.17 2.79 1.00 0.00
1.10 0.17 2.96 1.00 0.00
1.10 0.17 3.14 1.00 0.00
1.10 0.17 3.31 1.00 0.00
1.10 0.17 3.49 1.00 0.00
1.10 0.17 3.66 1.00 0.00
0.30 0.35 6.78 1.00 0.00
0.30 0.35 6.96 1.00 0.00
0.30 0.35 7.13 1.00 0.00
0.30 0.35 7.31 1.00 0.00
0.30 0.35 7.48 1.00 0.00
0.30 0.35 7.65 1.00 0.00
0.30 0.35 7.83 1.00 0.00
0.30 0.35 8.00 1.00 0.00
0.30 0.35 8.18 1.00 0.00
0.30 0.35 8.35 1.00 0.00
0.30 0.35 8.53 1.00 0.00
0.30 0.35 8.70 1.00 0.00
0.30 0.35 8.88 1.00 0.00
0.30 0.35 9.05 1.00 0.00
0.30 0.35 9.23 1.00 0.00
0.30 0.35 9.40 1.00 0.00
0.30 0.35 9.57 1.00 0.00
0.30 0.35 9.75 1.00 0.00
0.50 0.35 0.54 1.00 0.00
0.50 0.35 0.72 1.00 0.00
0.50 0.35 0.89 1.00 0.00
0.50 0.35 1.07 1.00 0.00
0.50 0.35 1.24 1.00 0.00
0.50 0.35 1.41 1.00 0.00
0.50 0.35 1.59 1.00 0.00
0.50 0.35 1.76 1.00 0.00
0.50 0.35 1.94 1.00 0.00
0.50 0.35 2.11 1.00 0.00
0.50 0.35 2.29 1.00 0.00
0.50 0.35 2.46 1.00 0.00
0.50 0.35 2.64 1.00 0.00
0.50 0.35 2.81 1.00 0.00
0.50 0.35 2.99 1.00 0.00
0.50 0.35 3.16 1.00 0.00
0.50 0.35 3.33 1.00 0.00
0.50 0.35 3.51 1.00 0.00
0.70 0.35 0.58 1.00 0.00
0.70 0.35 0.76 1.00 0.00
0.70 0.35 0.93 1.00 0.00
0.70 0.35 1.10 1.00 0.00
0.70 0.35 1.28 1.00 0.00
0.70 0.35 1.45 1.00 0.00
0.70 0.35 1.63 1.00 0.00
0.70 0.35 1.80 1.00 0.00
0.70 0.35 1.98 1.00 0.00
0.70 0.35 2.15 1.00 0.00
0.70 0.35 2.33 1.00 0.00
0.70 0.35 2.50 1.00 0.00
0.70 0.35 2.68 1.00 0.00
0.70 0.35 2.85 1.00 0.00
0.70 0.35 3.02 1.00 0.00
0.70 0.35 3.20 1.00 0.00
0.70 0.35 3.37 1.00 0.00
0.70 0.35 3.55 1.00 0.00
0.90 0.35 0.62 1.00 0.00
0.90 0.35 0.79 1.00 0.00
0.90 0.35 0.97 1.00 0.00
0.90 0.35 1.14 1.00 0.00
0.90 0.35 1.31 1.00 0.00
0.90 0.35 1.49 1.00 0.00
0.90 0.35 1.66 1.00 0.00
0.90 0.35 1.84 1.00 0.00
0.90 0.35 2.01 1.00 0.00
0.90 0.35 2.19 1.00 0.00
0.90 0.35 2.36 1.00 0.00
0.90 0.35 2.54 1.00 0.00
0.90 0.35 2.71 1.00 0.00
0.90 0.35 2.89 1.00 0.00
0.90 0.35 3.06 1.00 0.00
0.90 0.35 3.23 1.00 0.00
0.90 0.35 3.41 1.00 0.00
0.90 0.35 3.58 1.00 0.00
1.10 0.35 0.65 1.00 0.00
1.10 0.35 0.82 1.00 0.00
1.10 0.35 1.00 1.00 0.00
1.10 0.35 1.17 1.00 0.00
1.10 0.35 1.35 1.00 0.00
1.10 0.35 1.52 1.00 0.00
1.10 0.35 1.70 1.00 0.00
1.10 0.35 1.87 1.00 0.00
1.10 0.35 2.04 1.00 0.00
1.10 0.35 2.22 1.00 0.00
1.10 0.35 2.39 1.00 0.00
1.10 0.35 2.57 1.00 0.00
1.10 0.35 2.74 1.00 0.00
1.10 0.35 2.92 1.00 0.00
1.10 0.35 3.09 1.00 0.00
1.10 0.35 3.27 1.00 0.00
1.10 0.35 3.44 1.00 0.00
1.10 0.35 3.62 1.00 0.00
0.30 0.52 6.77 1.00 0.00
0.30 0.52 6.94 1.00 0.00
0.30 0.52 7.12 1.00 0.00
0.30 0.52 7.29 1.00 0.00
0.30 0.52 7.47 1.00 0.00
0.30 0.52 7.64 1.00 0.00
0.30 0.52 7.81 1.00 0.00
0.30 0.52 7.99 1.00 0.00
0.30 0.52 8.16 1.00 0.00
0.30 0.52 8.34 1.00 0.00
0.30 0.52 8.51 1.00 0.00
0.30 0.52 8.69 1.00 0.00
0.30 0.52 8.86 1.00 0.00
0.30 0.52 9.04 1.00 0.00
0.30 0.52 9.21 1.00 0.00
0.30 0.52 9.39 1.00 0.00
0.30 0.52 9.56 1.00 0.00
0.30 0.52 9.73 1.00 0.00
0.50 0.52 6.80 1.00 0.00
0.50 0.52 6.98 1.00 0.00
0.50 0.52 7.15 1.00 0.00
0.50 0.52 7.33 1.00 0.00
0.50 0.52 7.50 1.00 0.00
0.50 0.52 7.67 1.00 0.00
0.50 0.52 7.85 1.00 0.00
0.50 0.52 8.02 1.00 0.00
0.50 0.52 8.20 1.00 0.00
0.50 0.52 8.37 1.00 0.00
0.50 0.52 8.55 1.00 0.00
0.50 0.52 8.72 1.00 0.00
0.50 0.52 8.90 1.00 0.00
0.50 0.52 9.07 1.00 0.00
0.50 0.52 9.25 1.00 0.00
0.50 0.52 9.42 1.00 0.00
0.50 0.52 9.59 1.00 0.00
0.50 0.52 9.77 1.00 0.00
0.70 0.52 0.55 1.00 0.00
0.70 0.52 0.72 1.00 0.00
0.70 0.52 0.90 1.00 0.00
0.70 0.52 1.07 1.00 0.00
0.70 0.52 1.25 1.00 0.00
0.70 0.52 1.42 1.00 0.00
0.70 0.52 1.60 1.00 0.00
0.70 0.52 1.77 1.00 0.00
0.70 0.52 1.95 1.00 0.00
0.70 0.52 2.12 1.00 0.00
0.70 0.52 2.29 1.00 0.00
0.70 0.52 2.47 1.00 0.00
0.70 0.52 2.64 1.00 0.00
0.70 0.52 2.82 1.00 0.00
0.70 0.52 2.99 1.00 0.00
0.70 0.52 3.17 1.00 0.00
0.70 0.52 3.34 1.00 0.00
0.70 0.52 3.52 1.00 0.00
0.90 0.52 0.58 1.00 0.00
0.90 0.52 0.75 1.00 0.00
0.90 0.52 0.93 1.00 0.00
0.90 0.52 1.10 1.00 0.00
0.90 0.52 1.28 1.00 0.00
0.90 0.52 1.45 1.00 0.00
0.90 0.52 1.62 1.00 0.00
0.90 0.52 1.80 1.00 0.00
0.90 0.52 1.97 1.00 0.00
0.90 0.52 2.15 1.00 0.00
0.90 0.52 2.32 1.00 0.00
0.90 0.52 2.50 1.00 0.00
0.90 0.52 2.67 1.00 0.00
0.90 0.52 2.85 1.00 0.00
0.90 0.52 3.02 1.00 0.00
0.90 0.52 3.19 1.00 0.00
0.90 0.52 3.37 1.00 0.00
0.90 0.52 3.54 1.00 0.00
1.10 0.52 0.60 1.00 0.00
1.10 0.52 0.78 1.00 0.00
1.10 0.52 0.95 1.00 0.00
1.10 0.52 1.13 1.00 0.00
1.10 0.52 1.30 1.00 0.00
1.10 0.52 1.47 1.00 0.00
1.10 0.52 1.65 1.00 0.00
1.10 0.52 1.82 1.00 0.00
1.10 0.52 2.00 1.00 0.00
1.10 0.52 2.17 1.00 0.00
1.10 0.52 2.35 1.00 0.00
1.10 0.52 2.52 1.00 0.00
1.10 0.52 2.70 1.00 0.00
1.10 0.52 2.87 1.00 0.00
1.10 0.52 3.05 1.00 0.00
1.10 0.52 3.22 1.00 0.00
1.10 0.52 3.39 1.00 0.00
1.10 0.52 3.57 1.00 0.00
0.30 0.70 6.75 1.00 0.00
0.30 0.70 6.93 1.00 0.00
0.30 0.70 7.10 1.00 0.00
0.30 0.70 7.28 1.00 0.00
0.30 0.70 7.45 1.00 0.00
0.30 0.70 7.62 1.00 0.00
0.30 0.70 7.80 1.00 0.00
0.30 0.70 7.97 1.00 0.00
0.30 0.70 8.15 1.00 0.00
0.30 0.70 8.32 1.00 0.00
0.30 0.70 8.50 1.00 0.00
0.30 0.70 8.67 1.00 0.00
0.30 0.70 8.85 1.00 0.00
0.30 0.70 9.02 1.00 0.00
0.30 0.70 9.19 1.00 0.00
0.30 0.70 9.37 1.00 0.00
0.30 0.70 9.54 1.00 0.00
0.30 0.70 9.72 1.00 0.00
0.50 0.70 6.78 1.00 0.00
0.50 0.70 6.95 1.00 0.00
0.50 0.70 7.13 1.00 0.00
0.50 0.70 7.30 1.00 0.00
0.50 0.70 7.47 1.00 0.00
0.50 0.70 7.65 1.00 0.00
0.50 0.70 7.82 1.00 0.00
0.50 0.70 8.00 1.00 0.00
0.50 0.70 8.17 1.00 0.00
0.50 0.70 8.35 1.00 0.00
0.50 0.70 8.52 1.00 0.00
0.50 0.70 8.70 1.00 0.00
0.50 0.70 8.87 1.00 0.00
0.50 0.70 9.05 1.00 0.00
0.50 0.70 9.22 1.00 0.00
0.50 0.70 9.39 1.00 0.00
0.50 0.70 9.57 1.00 0.00
0.50 0.70 9.74 1.00 0.00
0.70 0.70 6.80 1.00 0.00
0.70 0.70 6.97 1.00 0.00
0.70 0.70 7.15 1.00 0.00
0.70 0.70 7.32 1.00 0.00
0.70 0.70 7.50 1.00 0.00
0.70 0.70 7.67 1.00 0.00
0.70 0.70 7.85 1.00 0.00
0.70 0.70 8.02 1.00 0.00
0.70 0.70 8.20 1.00 0.00
0.70 0.70 8.37 1.00 0.00
0.70 0.70 8.54 1.00 0.00
0.70 0.70 8.72 1.00 0.00
0.70 0.70 8.89 1.00 0.00
0.70 0.70 9.07 1.00 0.00
0.70 0.70 9.24 1.00 0.00
0.70 0.70 9.42 1.00 0.00
0.70 0.70 9.59 1.00 0.00
0.70 0.70 9.77 1.00 0.00
0.90 0.70 0.54 1.00 0.00
0.90 0.70 0.71 1.00 0.00
0.90 0.70 0.88 1.00 0.00
0.90 0.70 1.06 1.00 0.00
0.90 0.70 1.23 1.00 0.00
0.90 0.70 1.41 1.00 0.00
0.90 0.70 1.58 1.00 0.00
0.90 0.70 1.76 1.00 0.00
0.90 0.70 1.93 1.00 0.00
0.90 0.70 2.11 1.00 0.00
0.90 0.70 2.28 1.00 0.00
0.90 0.70 2.46 1.00 0.00
0.90 0.70 2.63 1.00 0.00
0.90 0.70 2.80 1.00 0.00
0.90 0.70 2.98 1.00 0.00
0.90 0.70 3.15 1.00 0.00
0.90 0.70 3.33 1.00 0.00
0.90 0.70 3.50 1.00 0.00
1.10 0.70 0.55 1.00 0.00
1.10 0.70 0.73 1.00 0.00
1.10 0.70 0.90 1.00 0.00
1.10 0.70 1.08 1.00 0.00
1.10 0.70 1.25 1.00 0.00
1.10 0.70 1.43 1.00 0.00
1.10 0.70 1.60 1.00 0.00
1.10 0.70 1.78 1.00 0.00
1.10 0.70 1.95 1.00 0.00
1.10 0.70 2.12 1.00 0.00
1.10 0.70 2.30 1.00 0.00
1.10 0.70 2.47 1.00 0.00
1.10 0.70 2.65 1.00 0.00
1.10 0.70 2.82 1.00 0.00
1.10 0.70 3.00 1.00 0.00
1.10 0.70 3.17 1.00 0.00
1.10 0.70 3.35 1.00 0.00
1.10 0.70 3.52 1.00 0.00
0.30 0.87 6.73 1.00 0.00
0.30 0.87 6.91 1.00 0.00
0.30 0.87 7.08 1.00 0.00
0.30 0.87 7.26 1.00 0.00
0.30 0.87 7.43 1.00 0.00
0.30 0.87 7.61 1.00 0.00
0.30 0.87 7.78 1.00 0.00
0.30 0.87 7.96 1.00 0.00
0.30 0.87 8.13 1.00 0.00
0.30 0.87 8.31 1.00 0.00
0.30 0.87 8.48 1.00 0.00
0.30 0.87 8.65 1.00 0.00
0.30 0.87 8.83 1.00 0.00
0.30 0.87 9.00 1.00 0.00
0.30 0.87 9.18 1.00 0.00
0.30 0.87 9.35 1.00 0.00
0.30 0.87 9.53 1.00 0.00
0.30 0.87 9.70 1.00 0.00
0.50 0.87 6.75 1.00 0.00
0.50 0.87 6.92 1.00 0.00
0.50 0.87 7.10 1.00 0.00
0.50 0.87 7.27 1.00 0.00
0.50 0.87 7.45 1.00 0.00
0.50 0.87 7.62 1.00 0.00
0.50 0.87 7.80 1.00 0.00
0.50 0.87 7.97 1.00 0.00
0.50 0.87 8.15 1.00 0.00
0.50 0.87 8.32 1.00 0.00
0.50 0.87 8.50 1.00 0.00
0.50 0.87 8.67 1.00 0.00
0.50 0.87 8.84 1.00 0.00
0.50 0.87 9.02 1.00 0.00
0.50 0.87 9.19 1.00 0.00
0.50 0.87 9.37 1.00 0.00
0.50 0.87 9.54 1.00 0.00
0.50 0.87 9.72 1.00 0.00
0.70 0.87 6.76 1.00 0.00
0.70 0.87 6.94 1.00 0.00
0.70 0.87 7.11 1.00 0.00
0.70 0.87 7.29 1.00 0.00
0.70 0.87 7.46 1.00 0.00
0.70 0.87 7.64 1.00 0.00
0.70 0.87 7.81 1.00 0.00
0.70 0.87 7.99 1.00 0.00
0.70 0.87 8.16 1.00 0.00
0.70 0.87 8.33 1.00 0.00
0.70 0.87 8.51 1.00 0.00
0.70 0.87 8.68 1.00 0.00
0.70 0.87 8.86 1.00 0.00
0.70 0.87 9.03 1.00 0.00
0.70 0.87 9.21 1.00 0.00
0.70 0.87 9.38 1.00 0.00
0.70 0.87 9.56 1.00 0.00
0.70 0.87 9.73 1.00 0.00
0.90 0.87 6.78 1.00 0.00
0.90 0.87 6.95 1.00 0.00
0.90 0.87 7.13 1.00 0.00
0.90 0.87 7.30 1.00 0.00
0.90 0.87 7.47 1.00 0.00
0.90 0.87 7.65 1.00 0.00
0.90 0.87 7.82 1.00 0.00
0.90 0.87 8.00 1.00 0.00
0.90 0.87 8.17 1.00 0.00
0.90 0.87 8.35 1.00 0.00
0.90 0.87 8.52 1.00 0.00
0.90 0.87 8.70 1.00 0.00
0.90 0.87 8.87 1.00 0.00
0.90 0.87 9.04 1.00 0.00
0.90 0.87 9.22 1.00 0.00
0.90 0.87 9.39 1.00 0.00
0.90 0.87 9.57 1.00 0.00
0.90 0.87 9.74 1.00 0.00
1.10 0.87 6.79 1.00 0.00
1.10 0.87 6.96 1.00 0.00
1.10 0.87 7.14 1.00 0.00
1.10 0.87 7.31 1.00 0.00
1.10 0.87 7.48 1.00 0.00
1.10 0.87 7.66 1.00 0.00
1.10 0.87 7.83 1.00 0.00
1.10 0.87 8.01 1.00 0.00
1.10 0.87 8.18 1.00 0.00
1.10 0.87 8.36 1.00 0.00
1.10 0.87 8.53 1.00 0.00
1.10 0.87 8.71 1.00 0.00
1.10 0.87 8.88 1.00 0.00
1.10 0.87 9.06 1.00 0.00
1.10 0.87 9.23 1.00 0.00
1.10 0.87 9.40 1.00 0.00
1.10 0.87 9.58 1.00 0.00
1.10 0.87 9.75 1.00 0.00
0.30 1.05 6.72 1.00 0.00
0.30 1.05 6.89 1.00 0.00
0.30 1.05 7.07 1.00 0.00
0.30 1.05 7.24 1.00 0.00
0.30 1.05 7.42 1.00 0.00
0.30 1.05 7.59 1.00 0.00
0.30 1.05 7.76 1.00 0.00
0.30 1.05 7.94 1.00 0.00
0.30 1.05 8.11 1.00 0.00
0.30 1.05 8.29 1.00 0.00
0.30 1.05 8.46 1.00 0.00
0.30 1.05 8.64 1.00 0.00
0.30 1.05 8.81 1.00 0.00
0.30 1.05 8.99 1.00 0.00
0.30 1.05 9.16 1.00 0.00
0.30 1.05 9.34 1.00 0.00
0.30 1.05 9.51 1.00 0.00
0.30 1.05 9.68 1.00 0.00
0.50 1.05 6.72 1.00 0.00
0.50 1.05 6.90 1.00 0.00
0.50 1.05 7.07 1.00 0.00
0.50 1.05 7.25 1.00 0.00
0.50 1.05 7.42 1.00 0.00
0.50 1.05 7.60 1.00 0.00
0.50 1.05 7.77 1.00 0.00
0.50 1.05 7.94 1.00 0.00
0.50 1.05 8.12 1.00 0.00
0.50 1.05 8.29 1.00 0.00
0.50 1.05 8.47 1.00 0.00
0.50 1.05 8.64 1.00 0.00
0.50 1.05 8.82 1.00 0.00
0.50 1.05 8.99 1.00 0.00
0.50 1.05 9.17 1.00 0.00
0.50 1.05 9.34 1.00 0.00
0.50 1.05 9.52 1.00 0.00
0.50 1.05 9.69 1.00 0.00
0.70 1.05 6.73 1.00 0.00
0.70 1.05 6.90 1.00 0.00
0.70 1.05 7.08 1.00 0.00
0.70 1.05 7.25 1.00 0.00
0.70 1.05 7.43 1.00 0.00
0.70 1.05 7.60 1.00 0.00
0.70 1.05 7.78 1.00 0.00
0.70 1.05 7.95 1.00 0.00
0.70 1.05 8.12 1.00 0.00
0.70 1.05 8.30 1.00 0.00
0.70 1.05 8.47 1.00 0.00
0.70 1.05 8.65 1.00 0.00
0.70 1.05 8.82 1.00 0.00
0.70 1.05 9.00 1.00 0.00
0.70 1.05 9.17 1.00 0.00
0.70 1.05 9.35 1.00 0.00
0.70 1.05 9.52 1.00 0.00
0.70 1.05 9.70 1.00 0.00
0.90 1.05 6.73 1.00 0.00
0.90 1.05 6.91 1.00 0.00
0.90 1.05 7.08 1.00 0.00
0.90 1.05 7.26 1.00 0.00
0.90 1.05 7.43 1.00 0.00
0.90 1.05 7.61 1.00 0.00
0.90 1.05 7.78 1.00 0.00
0.90 1.05 7.95 1.00 0.00
0.90 1.05 8.13 1.00 0.00
0.90 1.05 8.30 1.00 0.00
0.90 1.05 8.48 1.00 0.00
0.90 1.05 8.65 1.00 0.00
0.90 1.05 8.83 1.00 0.00
0.90 1.05 9.00 1.00 0.00
0.90 1.05 9.18 1.00 0.00
0.90 1.05 9.35 1.00 0.00
0.90 1.05 9.52 1.00 0.00
0.90 1.05 9.70 1.00 0.00
1.10 1.05 6.74 1.00 0.00
1.10 1.05 6.91 1.00 0.00
1.10 1.05 7.09 1.00 0.00
1.10 1.05 7.26 1.00 0.00
1.10 1.05 7.43 1.00 0.00
1.10 1.05 7.61 1.00 0.00
1.10 1.05 7.78 1.00 0.00
1.10 1.05 7.96 1.00 0.00
1.10 1.05 8.13 1.00 0.00
1.10 1.05 8.31 1.00 0.00
1.10 1.05 8.48 1.00 0.00
1.10 1.05 8.66 1.00 0.00
1.10 1.05 8.83 1.00 0.00
1.10 1.05 9.01 1.00 0.00
1.10 1.05 9.18 1.00 0.00
1.10 1.05 9.35 1.00 0.00
1.10 1.05 9.53 1.00 0.00
1.10 1.05 9.70 1.00 0.00
0.30 1.22 6.70 1.00 0.00
0.30 1.22 6.87 1.00 0.00
0.30 1.22 7.05 1.00 0.00
0.30 1.22 7.22 1.00 0.00
0.30 1.22 7.40 1.00 0.00
0.30 1.22 7.57 1.00 0.00
0.30 1.22 7.75 1.00 0.00
0.30 1.22 7.92 1.00 0.00
0.30 1.22 8.10 1.00 0.00
0.30 1.22 8.27 1.00 0.00
0.30 1.22 8.45 1.00 0.00
0.30 1.22 8.62 1.00 0.00
0.30 1.22 8.79 1.00 0.00
0.30 1.22 8.97 1.00 0.00
0.30 1.22 9.14 1.00 0.00
0.30 1.22 9.32 1.00 0.00
0.30 1.22 9.49 1.00 0.00
0.30 1.22 9.67 1.00 0.00
0.50 1.22 6.70 1.00 0.00
0.50 1.22 6.87 1.00 0.00
0.50 1.22 7.04 1.00 0.00
0.50 1.22 7.22 1.00 0.00
0.50 1.22 7.39 1.00 0.00
0.50 1.22 7.57 1.00 0.00
0.50 1.22 7.74 1.00 0.00
0.50 1.22 7.92 1.00 0.00
0.50 1.22 8.09 1.00 0.00
0.50 1.22 8.27 1.00 0.00
0.50 1.22 8.44 1.00 0.00
0.50 1.22 8.62 1.00 0.00
0.50 1.22 8.79 1.00 0.00
0.50 1.22 8.96 1.00 0.00
0.50 1.22 9.14 1.00 0.00
0.50 1.22 9.31 1.00 0.00
0.50 1.22 9.49 1.00 0.00
0.50 1.22 9.66 1.00 0.00
0.70 1.22 6.69 1.00 0.00
0.70 1.22 6.87 1.00 0.00
0.70 1.22 7.04 1.00 0.00
0.70 1.22 7.22 1.00 0.00
0.70 1.22 7.39 1.00 0.00
0.70 1.22 7.56 1.00 0.00
0.70 1.22 7.74 1.00 0.00
0.70 1.22 7.91 1.00 0.00
0.70 1.22 8.09 1.00 0.00
0.70 1.22 8.26 1.00 0.00
0.70 1.22 8.44 1.00 0.00
0.70 1.22 8.61 1.00 0.00
0.70 1.22 8.79 1.00 0.00
0.70 1.22 8.96 1.00 0.00
0.70 1.22 9.14 1.00 0.00
0.70 1.22 9.31 1.00 0.00
0.70 1.22 9.48 1.00 0.00
0.70 1.22 9.66 1.00 0.00
0.90 1.22 6.69 1.00 0.00
0.90 1.22 6.86 1.00 0.00
0.90 1.22 7.04 1.00 0.00
0.90 1.22 7.21 1.00 0.00
0.90 1.22 7.39 1.00 0.00
0.90 1.22 7.56 1.00 0.00
0.90 1.22 7.74 1.00 0.00
0.90 1.22 7.91 1.00 0.00
0.90 1.22 8.08 1.00 0.00
0.90 1.22 8.26 1.00 0.00
0.90 1.22 8.43 1.00 0.00
0.90 1.22 8.61 1.00 0.00
0.90 1.22 8.78 1.00 0.00
0.90 1.22 8.96 1.00 0.00
0.90 1.22 9.13 1.00 0.00
0.90 1.22 9.31 1.00 0.00
0.90 1.22 9.48 1.00 0.00
0.90 1.22 9.66 1.00 0.00
1.10 1.22 6.69 1.00 0.00
1.10 1.22 6.86 1.00 0.00
1.10 1.22 7.03 1.00 0.00
1.10 1.22 7.21 1.00 0.00
1.10 1.22 7.38 1.00 0.00
1.10 1.22 7.56 1.00 0.00
1.10 1.22 7.73 1.00 0.00
1.10 1.22 7.91 1.00 0.00
1.10 1.22 8.08 1.00 0.00
1.10 1.22 8.26 1.00 0.00
1.10 1.22 8.43 1.00 0.00
1.10 1.22 8.61 1.00 0.00
1.10 1.22 8.78 1.00 0.00
1.10 1.22 8.95 1.00 0.00
1.10 1.22 9.13 1.00 0.00
1.10 1.22 9.30 1.00 0.00
1.10 1.22 9.48 1.00 0.00
1.10 1.22 9.65 1.00 0.00
0.30 1.40 6.68 1.00 0.00
0.30 1.40 6.86 1.00 0.00
0.30 1.40 7.03 1.00 0.00
0.30 1.40 7.21 1.00 0.00
0.30 1.40 7.38 1.00 0.00
0.30 1.40 7.56 1.00 0.00
0.30 1.40 7.73 1.00 0.00
0.30 1.40 7.90 1.00 0.00
0.30 1.40 8.08 1.00 0.00
0.30 1.40 8.25 1.00 0.00
0.30 1.40 8.43 1.00 0.00
0.30 1.40 8.60 1.00 0.00
0.30 1.40 8.78 1.00 0.00
0.30 1.40 8.95 1.00 0.00
0.30 1.40 9.13 1.00 0.00
0.30 1.40 9.30 1.00 0.00
0.30 1.40 9.48 1.00 0.00
0.30 1.40 9.65 1.00 0.00
0.50 1.40 6.67 1.00 0.00
0.50 1.40 6.84 1.00 0.00
0.50 1.40 7.02 1.00 0.00
0.50 1.40 7.19 1.00 0.00
0.50 1.40 7.37 1.00 0.00
0.50 1.40 7.54 1.00 0.00
0.50 1.40 7.72 1.00 0.00
0.50 1.40 7.89 1.00 0.00
0.50 1.40 8.06 1.00 0.00
0.50 1.40 8.24 1.00 0.00
0.50 1.40 8.41 1.00 0.00
0.50 1.40 8.59 1.00 0.00
0.50 1.40 8.76 1.00 0.00
0.50 1.40 8.94 1.00 0.00
0.50 1.40 9.11 1.00 0.00
0.50 1.40 9.29 1.00 0.00
0.50 1.40 9.46 1.00 0.00
0.50 1.40 9.64 1.00 0.00
0.70 1.40 6.66 1.00 0.00
0.70 1.40 6.83 1.00 0.00
0.70 1.40 7.01 1.00 0.00
0.70 1.40 7.18 1.00 0.00
0.70 1.40 7.35 1.00 0.00
0.70 1.40 7.53 1.00 0.00
0.70 1.40 7.70 1.00 0.00
0.70 1.40 7.88 1.00 0.00
0.70 1.40 8.05 1.00 0.00
0.70 1.40 8.23 1.00 0.00
0.70 1.40 8.40 1.00 0.00
0.70 1.40 8.58 1.00 0.00
0.70 1.40 8.75 1.00 0.00
0.70 1.40 8.92 1.00 0.00
0.70 1.40 9.10 1.00 0.00
0.70 1.40 9.27 1.00 0.00
0.70 1.40 9.45 1.00 0.00
0.70 1.40 9.62 1.00 0.00
0.90 1.40 6.64 1.00 0.00
0.90 1.40 6.82 1.00 0.00
0.90 1.40 6.99 1.00 0.00
0.90 1.40 7.17 1.00 0.00
0.90 1.40 7.34 1.00 0.00
0.90 1.40 7.52 1.00 0.00
0.90 1.40 7.69 1.00 0.00
0.90 1.40 7.87 1.00 0.00
0.90 1.40 8.04 1.00 0.00
0.90 1.40 8.22 1.00 0.00
0.90 1.40 8.39 1.00 0.00
0.90 1.40 8.56 1.00 0.00
0.90 1.40 8.74 1.00 0.00
0.90 1.40 8.91 1.00 0.00
0.90 1.40 9.09 1.00 0.00
0.90 1.40 9.26 1.00 0.00
0.90 1.40 9.44 1.00 0.00
0.90 1.40 9.61 1.00 0.00
1.10 1.40 6.64 1.00 0.00
1.10 1.40 6.81 1.00 0.00
1.10 1.40 6.98 1.00 0.00
1.10 1.40 7.16 1.00 0.00
1.10 1.40 7.33 1.00 0.00
1.10 1.40 7.51 1.00 0.00
1.10 1.40 7.68 1.00 0.00
1.10 1.40 7.86 1.00 0.00
1.10 1.40 8.03 1.00 0.00
1.10 1.40 8.21 1.00 0.00
1.10 1.40 8.38 1.00 0.00
1.10 1.40 8.55 1.00 0.00
1.10 1.40 8.73 1.00 0.00
1.10 1.40 8.90 1.00 0.00
1.10 1.40 9.08 1.00 0.00
1.10 1.40 9.25 1.00 0.00
1.10 1.40 9.43 1.00 0.00
1.10 1.40 9.60 1.00 0.00
0.30 1.57 6.67 1.00 0.00
0.30 1.57 6.84 1.00 0.00
0.30 1.57 7.01 1.00 0.00
0.30 1.57 7.19 1.00 0.00
0.30 1.57 7.36 1.00 0.00
0.30 1.57 7.54 1.00 0.00
0.30 1.57 7.71 1.00 0.00
0.30 1.57 7.89 1.00 0.00
0.30 1.57 8.06 1.00 0.00
0.30 1.57 8.24 1.00 0.00
0.30 1.57 8.41 1.00 0.00
0.30 1.57 8.59 1.00 0.00
0.30 1.57 8.76 1.00 0.00
0.30 1.57 8.93 1.00 0.00
0.30 1.57 9.11 1.00 0.00
0.30 1.57 9.28 1.00 0.00
0.30 1.57 9.46 1.00 0.00
0.30 1.57 9.63 1.00 0.00
0.50 1.57 6.64 1.00 0.00
0.50 1.57 6.82 1.00 0.00
0.50 1.57 6.99 1.00 0.00
0.50 1.57 7.17 1.00 0.00
0.50 1.57 7.34 1.00 0.00
0.50 1.57 7.51 1.00 0.00
0.50 1.57 7.69 1.00 0.00
0.50 1.57 7.86 1.00 0.00
0.50 1.57 8.04 1.00 0.00
0.50 1.57 8.21 1.00 0.00
0.50 1.57 8.39 1.00 0.00
0.50 1.57 8.56 1.00 0.00
0.50 1.57 8.74 1.00 0.00
0.50 1.57 8.91 1.00 0.00
0.50 1.57 9.09 1.00 0.00
0.50 1.57 9.26 1.00 0.00
0.50 1.57 9.43 1.00 0.00
0.50 1.57 9.61 1.00 0.00
0.70 1.57 6.62 1.00 0.00
0.70 1.57 6.80 1.00 0.00
0.70 1.57 6.97 1.00 0.00
0.70 1.57 7.14 1.00 0.00
0.70 1.57 7.32 1.00 0.00
0.70 1.57 7.49 1.00 0.00
0.70 1.57 7.67 1.00 0.00
0.70 1.57 7.84 1.00 0.00
0.70 1.57 8.02 1.00 0.00
0.70 1.57 8.19 1.00 0.00
0.70 1.57 8.37 1.00 0.00
0.70 1.57 8.54 1.00 0.00
0.70 1.57 8.72 1.00 0.00
0.70 1.57 8.89 1.00 0.00
0.70 1.57 9.06 1.00 0.00
0.70 1.57 9.24 1.00 0.00
0.70 1.57 9.41 1.00 0.00
0.70 1.57 9.59 1.00 0.00
0.90 1.57 6.60 1.00 0.00
0.90 1.57 6.78 1.00 0.00
0.90 1.57 6.95 1.00 0.00
0.90 1.57 7.13 1.00 0.00
0.90 1.57 7.30 1.00 0.00
0.90 1.57 7.47 1.00 0.00
0.90 1.57 7.65 1.00 0.00
0.90 1.57 7.82 1.00 0.00
0.90 1.57 8.00 1.00 0.00
0.90 1.57 8.17 1.00 0.00
0.90 1.57 8.35 1.00 0.00
0.90 1.57 8.52 1.00 0.00
0.90 1.57 8.70 1.00 0.00
0.90 1.57 8.87 1.00 0.00
0.90 1.57 9.05 1.00 0.00
0.90 1.57 9.22 1.00 0.00
0.90 1.57 9.39 1.00 0.00
0.90 1.57 9.57 1.00 0.00
1.10 1.57 6.59 1.00 0.00
1.10 1.57 6.76 1.00 0.00
1.10 1.57 6.93 1.00 0.00
1.10 1.57 7.11 1.00 0.00
1.10 1.57 7.28 1.00 0.00
1.10 1.57 7.46 1.00 0.00
1.10 1.57 7.63 1.00 0.00
1.10 1.57 7.81 1.00 0.00
1.10 1.57 7.98 1.00 0.00
1.10 1.57 8.16 1.00 0.00
1.10 1.57 8.33 1.00 0.00
1.10 1.57 8.51 1.00 0.00
1.10 1.57 8.68 1.00 0.00
1.10 1.57 8.85 1.00 0.00
1.10 1.57 9.03 1.00 0.00
1.10 1.57 9.20 1.00 0.00
1.10 1.57 9.38 1.00 0.00
1.10 1.57 9.55 1.00 0.00
0.30 1.75 6.65 1.00 0.00
0.30 1.75 6.82 1.00 0.00
0.30 1.75 7.00 1.00 0.00
0.30 1.75 7.17 1.00 0.00
0.30 1.75 7.35 1.00 0.00
0.30 1.75 7.52 1.00 0.00
0.30 1.75 7.70 1.00 0.00
0.30 1.75 7.87 1.00 0.00
0.30 1.75 8.05 1.00 0.00
0.30 1.75 8.22 1.00 0.00
0.30 1.75 8.40 1.00 0.00
0.30 1.75 8.57 1.00 0.00
0.30 1.75 8.74 1.00 0.00
0.30 1.75 8.92 1.00 0.00
0.30 1.75 9.09 1.00 0.00
0.30 1.75 9.27 1.00 0.00
0.30 1.75 9.44 1.00 0.00
0.30 1.75 9.62 1.00 0.00
0.50 1.75 6.62 1.00 0.00
0.50 1.75 6.79 1.00 0.00
0.50 1.75 6.97 1.00 0.00
0.50 1.75 7.14 1.00 0.00
0.50 1.75 7.31 1.00 0.00
0.50 1.75 7.49 1.00 0.00
0.50 1.75 7.66 1.00 0.00
0.50 1.75 7.84 1.00 0.00
0.50 1.75 8.01 1.00 0.00
0.50 1.75 8.19 1.00 0.00
0.50 1.75 8.36 1.00 0.00
0.50 1.75 8.54 1.00 0.00
0.50 1.75 8.71 1.00 0.00
0.50 1.75 8.89 1.00 0.00
0.50 1.75 9.06 1.00 0.00
0.50 1.75 9.23 1.00 0.00
0.50 1.75 9.41 1.00 0.00
0.50 1.75 9.58 1.00 0.00
0.70 1.75 6.59 1.00 0.00
0.70 1.75 6.76 1.00 0.00
0.70 1.75 6.94 1.00 0.00
0.70 1.75 7.11 1.00 0.00
0.70 1.75 7.29 1.00 0.00
0.70 1.75 7.46 1.00 0.00
0.70 1.75 7.63 1.00 0.00
0.70 1.75 7.81 1.00 0.00
0.70 1.75 7.98 1.00 0.00
0.70 1.75 8.16 1.00 0.00
0.70 1.75 8.33 1.00 0.00
0.70 1.75 8.51 1.00 0.00
0.70 1.75 8.68 1.00 0.00
0.70 1.75 8.86 1.00 0.00
0.70 1.75 9.03 1.00 0.00
0.70 1.75 9.21 1.00 0.00
0.70 1.75 9.38 1.00 0.00
0.70 1.75 9.55 1.00 0.00
0.90 1.75 6.56 1.00 0.00
0.90 1.75 6.73 1.00 0.00
0.90 1.75 6.91 1.00 0.00
0.90 1.75 7.08 1.00 0.00
0.90 1.75 7.26 1.00 0.00
0.90 1.75 7.43 1.00 0.00
0.90 1.75 7.61 1.00 0.00
0.90 1.75 7.78 1.00 0.00
0.90 1.75 7.96 1.00 0.00
0.90 1.75 8.13 1.00 0.00
0.90 1.75 8.31 1.00 0.00
0.90 1.75 8.48 1.00 0.00
0.90 1.75 8.65 1.00 0.00
0.90 1.75 8.83 1.00 0.00
0.90 1.75 9.00 1.00 0.00
0.90 1.75 9.18 1.00 0.00
0.90 1.75 9.35 1.00 0.00
0.90 1.75 9.53 1.00 0.00
1.10 1.75 6.54 1.00 0.00
1.10 1.75 6.71 1.00 0.00
1.10 1.75 6.89 1.00 0.00
1.10 1.75 7.06 1.00 0.00
1.10 1.75 7.23 1.00 0.00
1.10 1.75 7.41 1.00 0.00
1.10 1.75 7.58 1.00 0.00
1.10 1.75 7.76 1.00 0.00
1.10 1.75 7.93 1.00 0.00
1.10 1.75 8.11 1.00 0.00
1.10 1.75 8.28 1.00 0.00
1.10 1.75 8.46 1.00 0.00
1.10 1.75 8.63 1.00 0.00
1.10 1.75 8.81 1.00 0.00
1.10 1.75 8.98 1.00 0.00
1.10 1.75 9.15 1.00 0.00
1.10 1.75 9.33 1.00 0.00
1.10 1.75 9.50 1.00 0.00
0.30 1.92 6.64 1.00 0.00
0.30 1.92 6.81 1.00 0.00
0.30 1.92 6.98 1.00 0.00
0.30 1.92 7.16 1.00 0.00
0.30 1.92 7.33 1.00 0.00
0.30 1.92 7.51 1.00 0.00
0.30 1.92 7.68 1.00 0.00
0.30 1.92 7.86 1.00 0.00
0.30 1.92 8.03 1.00 0.00
0.30 1.92 8.21 1.00 0.00
0.30 1.92 8.38 1.00 0.00
0.30 1.92 8.56 1.00 0.00
0.30 1.92 8.73 1.00 0.00
0.30 1.92 8.90 1.00 0.00
0.30 1.92 9.08 1.00 0.00
0.30 1.92 9.25 1.00 0.00
0.30 1.92 9.43 1.00 0.00
0.30 1.92 9.60 1.00 0.00
0.50 1.92 6.59 1.00 0.00
0.50 1.92 6.77 1.00 0.00
0.50 1.92 6.94 1.00 0.00
0.50 1.92 7.12 1.00 0.00
0.50 1.92 7.29 1.00 0.00
0.50 1.92 7.47 1.00 0.00
0.50 1.92 7.64 1.00 0.00
0.50 1.92 7.81 1.00 0.00
0.50 1.92 7.99 1.00 0.00
0.50 1.92 8.16 1.00 0.00
0.50 1.92 8.34 1.00 0.00
0.50 1.92 8.51 1.00 0.00
0.50 1.92 8.69 1.00 0.00
0.50 1.92 8.86 1.00 0.00
0.50 1.92 9.04 1.00 0.00
0.50 1.92 9.21 1.00 0.00
0.50 1.92 9.39 1.00 0.00
0.50 1.92 9.56 1.00 0.00
0.70 1.92 6.56 1.00 0.00
0.70 1.92 6.73 1.00 0.00
0.70 1.92 6.90 1.00 0.00
0.70 1.92 7.08 1.00 0.00
0.70 1.92 7.25 1.00 0.00
0.70 1.92 7.43 1.00 0.00
0.70 1.92 7.60 1.00 0.00
0.70 1.92 7.78 1.00 0.00
0.70 1.92 7.95 1.00 0.00
0.70 1.92 8.13 1.00 0.00
0.70 1.92 8.30 1.00 0.00
0.70 1.92 8.47 1.00 0.00
0.70 1.92 8.65 1.00 0.00
0.70 1.92 8.82 1.00 0.00
0.70 1.92 9.00 1.00 0.00
0.70 1.92 9.17 1.00 0.00
0.70 1.92 9.35 1.00 0.00
0.70 1.92 9.52 1.00 0.00
0.90 1.92 6.52 1.00 0.00
0.90 1.92 6.70 1.00 0.00
0.90 1.92 6.87 1.00 0.00
0.90 1.92 7.04 1.00 0.00
0.90 1.92 7.22 1.00 0.00
0.90 1.92 7.39 1.00 0.00
0.90 1.92 7.57 1.00 0.00
0.90 1.92 7.74 1.00 0.00
0.90 1.92 7.92 1.00 0.00
0.90 1.92 8.09 1.00 0.00
0.90 1.92 8.27 1.00 0.00
0.90 1.92 8.44 1.00 0.00
0.90 1.92 8.62 1.00 0.00
0.90 1.92 8.79 1.00 0.00
0.90 1.92 8.96 1.00 0.00
0.90 1.92 9.14 1.00 0.00
0.90 1.92 9.31 1.00 0.00
0.90 1.92 9.49 1.00 0.00
1.10 1.92 6.49 1.00 0.00
1.10 1.92 6.66 1.00 0.00
1.10 1.92 6.84 1.00 0.00
1.10 1.92 7.01 1.00 0.00
1.10 1.92 7.19 1.00 0.00
1.10 1.92 7.36 1.00 0.00
1.10 1.92 7.54 1.00 0.00
1.10 1.92 7.71 1.00 0.00
1.10 1.92 7.89 1.00 0.00
1.10 1.92 8.06 1.00 0.00
1.10 1.92 8.23 1.00 0.00
1.10 1.92 8.41 1.00 0.00
1.10 1.92 8.58 1.00 0.00
1.10 1.92 8.76 1.00 0.00
1.10 1.92 8.93 1.00 0.00
1.10 1.92 9.11 1.00 0.00
1.10 1.92 9.28 1.00 0.00
1.10 1.92 9.46 1.00 0.00
0.30 2.09 6.62 1.00 0.00
0.30 2.09 6.80 1.00 0.00
0.30 2.09 6.97 1.00 0.00
0.30 2.09 7.15 1.00 0.00
0.30 2.09 7.32 1.00 0.00
0.30 2.09 7.50 1.00 0.00
0.30 2.09 7.67 1.00 0.00
0.30 2.09 7.84 1.00 0.00
0.30 2.09 8.02 1.00 0.00
0.30 2.09 8.19 1.00 0.00
0.30 2.09 8.37 1.00 0.00
0.30 2.09 8.54 1.00 0.00
0.30 2.09 8.72 1.00 0.00
0.30 2.09 8.89 1.00 0.00
0.30 2.09 9.07 1.00 0.00
0.30 2.09 9.24 1.00 0.00
0.30 2.09 9.41 1.00 0.00
0.30 2.09 9.59 1.00 0.00
0.50 2.09 6.57 1.00 0.00
0.50 2.09 6.75 1.00 0.00
0.50 2.09 6.92 1.00 0.00
0.50 2.09 7.10 1.00 0.00
0.50 2.09 7.27 1.00 0.00
0.50 2.09 7.44 1.00 0.00
0.50 2.09 7.62 1.00 0.00
0.50 2.09 7.79 1.00 0.00
0.50 2.09 7.97 1.00 0.00
0.50 2.09 8.14 1.00 0.00
0.50 2.09 8.32 1.00 0.00
0.50 2.09 8.49 1.00 0.00
0.50 2.09 8.67 1.00 0.00
0.50 2.09 8.84 1.00 0.00
0.50 2.09 9.02 1.00 0.00
0.50 2.09 9.19 1.00 0.00
0.50 2.09 9.36 1.00 0.00
0.50 2.09 9.54 1.00 0.00
0.70 2.09 6.53 1.00 0.00
0.70 2.09 6.70 1.00 0.00
0.70 2.09 6.87 1.00 0.00
0.70 2.09 7.05 1.00 0.00
0.70 2.09 7.22 1.00 0.00
0.70 2.09 7.40 1.00 0.00
0.70 2.09 7.57 1.00 0.00
0.70 2.09 7.75 1.00 0.00
0.70 2.09 7.92 1.00 0.00
0.70 2.09 8.10 1.00 0.00
0.70 2.09 8.27 1.00 0.00
0.70 2.09 8.45 1.00 0.00
0.70 2.09 8.62 1.00 0.00
0.70 2.09 8.79 1.00 0.00
0.70 2.09 8.97 1.00 0.00
0.70 2.09 9.14 1.00 0.00
0.70 2.09 9.32 1.00 0.00
0.70 2.09 9.49 1.00 0.00
0.90 2.09 6.48 1.00 0.00
0.90 2.09 6.66 1.00 0.00
0.90 2.09 6.83 1.00 0.00
0.90 2.09 7.01 1.00 0.00
0.90 2.09 7.18 1.00 0.00
0.90 2.09 7.36 1.00 0.00
0.90 2.09 7.53 1.00 0.00
0.90 2.09 7.71 1.00 0.00
0.90 2.09 7.88 1.00 0.00
0.90 2.09 8.05 1.00 0.00
0.90 2.09 8.23 1.00 0.00
0.90 2.09 8.40 1.00 0.00
0.90 2.09 8.58 1.00 0.00
0.90 2.09 8.75 1.00 0.00
0.90 2.09 8.93 1.00 0.00
0.90 2.09 9.10 1.00 0.00
0.90 2.09 9.28 1.00 0.00
0.90 2.09 9.45 1.00 0.00
1.10 2.09 6.44 1.00 0.00
1.10 2.09 6.62 1.00 0.00
1.10 2.09 6.79 1.00 0.00
1.10 2.09 6.97 1.00 0.00
1.10 2.09 7.14 1.00 0.00
1.10 2.09 7.32 1.00 0.00
1.10 2.09 7.49 1.00 0.00
1.10 2.09 7.67 1.00 0.00
1.10 2.09 7.84 1.00 0.00
1.10 2.09 8.02 1.00 0.00
1.10 2.09 8.19 1.00 0.00
1.10 2.09 8.36 1.00 0.00
1.10 2.09 8.54 1.00 0.00
1.10 2.09 8.71 1.00 0.00
1.10 2.09 8.89 1.00 0.00
1.10 2.09 9.06 1.00 0.00
1.10 2.09 9.24 1.00 0.00
1.10 2.09 9.41 1.00 0.00
0.30 2.27 6.61 1.00 0.00
0.30 2.27 6.79 1.00 0.00
0.30 2.27 6.96 1.00 0.00
0.30 2.27 7.14 1.00 0.00
0.30 2.27 7.31 1.00 0.00
0.30 2.27 7.48 1.00 0.00
0.30 2.27 7.66 1.00 0.00
0.30 2.27 7.83 1.00 0.00
0.30 2.27 8.01 1.00 0.00
0.30 2.27 8.18 1.00 0.00
0.30 2.27 8.36 1.00 0.00
0.30 2.27 8.53 1.00 0.00
0.30 2.27 8.71 1.00 0.00
0.30 2.27 8.88 1.00 0.00
0.30 2.27 9.06 1.00 0.00
0.30 2.27 9.23 1.00 0.00
0.30 2.27 9.40 1.00 0.00
0.30 2.27 9.58 1.00 0.00
0.50 2.27 6.55 1.00 0.00
0.50 2.27 6.73 1.00 0.00
0.50 2.27 6.90 1.00 0.00
0.50 2.27 7.08 1.00 0.00
0.50 2.27 7.25 1.00 0.00
0.50 2.27 7.43 1.00 0.00
0.50 2.27 7.60 1.00 0.00
0.50 2.27 7.78 1.00 0.00
0.50 2.27 7.95 1.00 0.00
0.50 2.27 8.12 1.00 0.00
0.50 2.27 8.30 1.00 0.00
0.50 2.27 8.47 1.00 0.00
0.50 2.27 8.65 1.00 0.00
0.50 2.27 8.82 1.00 0.00
0.50 2.27 9.00 1.00 0.00
0.50 2.27 9.17 1.00 0.00
0.50 2.27 9.35 1.00 0.00
0.50 2.27 9.52 1.00 0.00
0.70 2.27 6.50 1.00 0.00
0.70 2.27 6.67 1.00 0.00
0.70 2.27 6.85 1.00 0.00
0.70 2.27 7.02 1.00 0.00
0.70 2.27 7.20 1.00 0.00
0.70 2.27 7.37 1.00 0.00
0.70 2.27 7.55 1.00 0.00
0.70 2.27 7.72 1.00 0.00
0.70 2.27 7.90 1.00 0.00
0.70 2.27 8.07 1.00 0.00
0.70 2.27 8.24 1.00 0.00
0.70 2.27 8.42 1.00 0.00
0.70 2.27 8.59 1.00 0.00
0.70 2.27 8.77 1.00 0.00
0.70 2.27 8.94 1.00 0.00
0.70 2.27 9.12 1.00 0.00
0.70 2.27 9.29 1.00 0.00
0.70 2.27 9.47 1.00 0.00
0.90 2.27 6.45 1.00 0.00
0.90 2.27 6.62 1.00 0.00
0.90 2.27 6.80 1.00 0.00
0.90 2.27 6.97 1.00 0.00
0.90 2.27 7.15 1.00 0.00
0.90 2.27 7.32 1.00 0.00
0.90 2.27 7.50 1.00 0.00
0.90 2.27 7.67 1.00 0.00
0.90 2.27 7.85 1.00 0.00
0.90 2.27 8.02 1.00 0.00
0.90 2.27 8.19 1.00 0.00
0.90 2.27 8.37 1.00 0.00
0.90 2.27 8.54 1.00 0.00
0.90 2.27 8.72 1.00 0.00
0.90 2.27 8.89 1.00 0.00
0.90 2.27 9.07 1.00 0.00
0.90 2.27 9.24 1.00 0.00
0.90 2.27 9.42 1.00 0.00
1.10 2.27 6.40 1.00 0.00
1.10 2.27 6.58 1.00 0.00
1.10 2.27 6.75 1.00 0.00
1.10 2.27 6.93 1.00 0.00
1.10 2.27 7.10 1.00 0.00
1.10 2.27 7.28 1.00 0.00
1.10 2.27 7.45 1.00 0.00
1.10 2.27 7.63 1.00 0.00
1.10 2.27 7.80 1.00 0.00
1.10 2.27 7.97 1.00 0.00
1.10 2.27 8.15 1.00 0.00
1.10 2.27 8.32 1.00 0.00
1.10 2.27 8.50 1.00 0.00
1.10 2.27 8.67 1.00 0.00
1.10 2.27 8.85 1.00 0.00
1.10 2.27 9.02 1.00 0.00
1.10 2.27 9.20 1.00 0.00
1.10 2.27 9.37 1.00 0.00
0.30 2.44 6.60 1.00 0.00
0.30 2.44 6.78 1.00 0.00
0.30 2.44 6.95 1.00 0.00
0.30 2.44 7.13 1.00 0.00
0.30 2.44 7.30 1.00 0.00
0.30 2.44 7.48 1.00 0.00
0.30 2.44 7.65 1.00 0.00
0.30 2.44 7.83 1.00 0.00
0.30 2.44 8.00 1.00 0.00
0.30 2.44 8.17 1.00 0.00
0.30 2.44 8.35 1.00 0.00
0.30 2.44 8.52 1.00 0.00
0.30 2.44 8.70 1.00 0.00
0.30 2.44 8.87 1.00 0.00
0.30 2.44 9.05 1.00 0.00
0.30 2.44 9.22 1.00 0.00
0.30 2.44 9.40 1.00 0.00
0.30 2.44 9.57 1.00 0.00
0.50 2.44 6.54 1.00 0.00
0.50 2.44 6.71 1.00 0.00
0.50 2.44 6.89 1.00 0.00
0.50 2.44 7.06 1.00 0.00
0.50 2.44 7.24 1.00 0.00
0.50 2.44 7.41 1.00 0.00
0.50 2.44 7.59 1.00 0.00
0.50 2.44 7.76 1.00 0.00
0.50 2.44 7.93 1.00 0.00
0.50 2.44 8.11 1.00 0.00
0.50 2.44 8.28 1.00 0.00
0.50 2.44 8.46 1.00 0.00
0.50 2.44 8.63 1.00 0.00
0.50 2.44 8.81 1.00 0.00
0.50 2.44 8.98 1.00 0.00
0.50 2.44 9.16 1.00 0.00
0.50 2.44 9.33 1.00 0.00
0.50 2.44 9.51 1.00 0.00
0.70 2.44 6.48 1.00 0.00
0.70 2.44 6.65 1.00 0.00
0.70 2.44 6.83 1.00 0.00
0.70 2.44 7.00 1.00 0.00
0.70 2.44 7.18 1.00 0.00
0.70 2.44 7.35 1.00 0.00
0.70 2.44 7.52 1.00 0.00
0.70 2.44 7.70 1.00 0.00
0.70 2.44 7.87 1.00 0.00
0.70 2.44 8.05 1.00 0.00
0.70 2.44 8.22 1.00 0.00
0.70 2.44 8.40 1.00 0.00
0.70 2.44 8.57 1.00 0.00
0.70 2.44 8.75 1.00 0.00
0.70 2.44 8.92 1.00 0.00
0.70 2.44 9.09 1.00 0.00
0.70 2.44 9.27 1.00 0.00
0.70 2.44 9.44 1.00 0.00
0.90 2.44 6.42 1.00 0.00
0.90 2.44 6.59 1.00 0.00
0.90 2.44 6.77 1.00 0.00
0.90 2.44 6.94 1.00 0.00
0.90 2.44 7.12 1.00 0.00
0.90 2.44 7.29 1.00 0.00
0.90 2.44 7.47 1.00 0.00
0.90 2.44 7.64 1.00 0.00
0.90 2.44 7.82 1.00 0.00
0.90 2.44 7.99 1.00 0.00
0.90 2.44 8.16 1.00 0.00
0.90 2.44 8.34 1.00 0.00
0.90 2.44 8.51 1.00 0.00
0.90 2.44 8.69 1.00 0.00
0.90 2.44 8.86 1.00 0.00
0.90 2.44 9.04 1.00 0.00
0.90 2.44 9.21 1.00 0.00
0.90 2.44 9.39 1.00 0.00
1.10 2.44 6.37 1.00 0.00
1.10 2.44 6.54 1.00 0.00
1.10 2.44 6.72 1.00 0.00
1.10 2.44 6.89 1.00 0.00
1.10 2.44 7.06 1.00 0.00
1.10 2.44 7.24 1.00 0.00
1.10 2.44 7.41 1.00 0.00
1.10 2.44 7.59 1.00 0.00
1.10 2.44 7.76 1.00 0.00
1.10 2.44 7.94 1.00 0.00
1.10 2.44 8.11 1.00 0.00
1.10 2.44 8.29 1.00 0.00
1.10 2.44 8.46 1.00 0.00
1.10 2.44 8.63 1.00 0.00
1.10 2.44 8.81 1.00 0.00
1.10 2.44 8.98 1.00 0.00
1.10 2.44 9.16 1.00 0.00
1.10 2.44 9.33 1.00 0.00
0.30 2.62 6.60 1.00 0.00
0.30 2.62 6.77 1.00 0.00
0.30 2.62 6.95 1.00 0.00
0.30 2.62 7.12 1.00 0.00
0.30 2.62 7.30 1.00 0.00
0.30 2.62 7.47 1.00 0.00
0.30 2.62 7.65 1.00 0.00
0.30 2.62 7.82 1.00 0.00
0.30 2.62 7.99 1.00 0.00
0.30 2.62 8.17 1.00 0.00
0.30 2.62 8.34 1.00 0.00
0.30 2.62 8.52 1.00 0.00
0.30 2.62 8.69 1.00 0.00
0.30 2.62 8.87 1.00 0.00
0.30 2.62 9.04 1.00 0.00
0.30 2.62 9.22 1.00 0.00
0.30 2.62 9.39 1.00 0.00
0.30 2.62 9.56 1.00 0.00
0.50 2.62 6.53 1.00 0.00
0.50 2.62 6.70 1.00 0.00
0.50 2.62 6.88 1.00 0.00
0.50 2.62 7.05 1.00 0.00
0.50 2.62 7.23 1.00 0.00
0.50 2.62 7.40 1.00 0.00
0.50 2.62 7.57 1.00 0.00
0.50 2.62 7.75 1.00 0.00
0.50 2.62 7.92 1.00 0.00
0.50 2.62 8.10 1.00 0.00
0.50 2.62 8.27 1.00 0.00
0.50 2.62 8.45 1.00 0.00
0.50 2.62 8.62 1.00 0.00
0.50 2.62 8.80 1.00 0.00
0.50 2.62 8.97 1.00 0.00
0.50 2.62 9.15 1.00 0.00
0.50 2.62 9.32 1.00 0.00
0.50 2.62 9.49 1.00 0.00
0.70 2.62 6.46 1.00 0.00
0.70 2.62 6.63 1.00 0.00
0.70 2.62 6.81 1.00 0.00
0.70 2.62 6.98 1.00 0.00
0.70 2.62 7.16 1.00 0.00
0.70 2.62 7.33 1.00 0.00
0.70 2.62 7.51 1.00 0.00
0.70 2.62 7.68 1.00 0.00
0.70 2.62 7.86 1.00 0.00
0.70 2.62 8.03 1.00 0.00
0.70 2.62 8.20 1.00 0.00
0.70 2.62 8.38 1.00 0.00
0.70 2.62 8.55 1.00 0.00
0.70 2.62 8.73 1.00 0.00
0.70 2.62 8.90 1.00 0.00
0.70 2.62 9.08 1.00 0.00
0.70 2.62 9.25 1.00 0.00
0.70 2.62 9.43 1.00 0.00
0.90 2.62 6.39 1.00 0.00
0.90 2.62 6.57 1.00 0.00
0.90 2.62 6.74 1.00 0.00
0.90 2.62 6.92 1.00 0.00
0.90 2.62 7.09 1.00 0.00
0.90 2.62 7.27 1.00 0.00
0.90 2.62 7.44 1.00 0.00
0.90 2.62 7.62 1.00 0.00
0.90 2.62 7.79 1.00 0.00
0.90 2.62 7.97 1.00 0.00
0.90 2.62 8.14 1.00 0.00
0.90 2.62 8.31 1.00 0.00
0.90 2.62 8.49 1.00 0.00
0.90 2.62 8.66 1.00 0.00
0.90 2.62 8.84 1.00 0.00
0.90 2.62 9.01 1.00 0.00
0.90 2.62 9.19 1.00 0.00
0.90 2.62 9.36 1.00 0.00
1.10 2.62 6.33 1.00 0.00
1.10 2.62 6.51 1.00 0.00
1.10 2.62 6.68 1.00 0.00
1.10 2.62 6.86 1.00 0.00
1.10 2.62 7.03 1.00 0.00
1.10 2.62 7.21 1.00 0.00
1.10 2.62 7.38 1.00 0.00
1.10 2.62 7.56 1.00 0.00
1.10 2.62 7.73 1.00 0.00
1.10 2.62 7.90 1.00 0.00
1.10 2.62 8.08 1.00 0.00
1.10 2.62 8.25 1.00 0.00
1.10 2.62 8.43 1.00 0.00
1.10 2.62 8.60 1.00 0.00
1.10 2.62 8.78 1.00 0.00
1.10 2.62 8.95 1.00 0.00
1.10 2.62 9.13 1.00 0.00
1.10 2.62 9.30 1.00 0.00
0.30 2.79 6.60 1.00 0.00
0.30 2.79 6.77 1.00 0.00
0.30 2.79 6.94 1.00 0.00
0.30 2.79 7.12 1.00 0.00
0.30 2.79 7.29 1.00 0.00
0.30 2.79 7.47 1.00 0.00
0.30 2.79 7.64 1.00 0.00
0.30 2.79 7.82 1.00 0.00
0.30 2.79 7.99 1.00 0.00
0.30 2.79 8.17 1.00 0.00
0.30 2.79 8.34 1.00 0.00
0.30 2.79 8.52 1.00 0.00
0.30 2.79 8.69 1.00 0.00
0.30 2.79 8.86 1.00 0.00
0.30 2.79 9.04 1.00 0.00
0.30 2.79 9.21 1.00 0.00
0.30 2.79 9.39 1.00 0.00
0.30 2.79 9.56 1.00 0.00
0.50 2.79 6.52 1.00 0.00
0.50 2.79 6.70 1.00 0.00
0.50 2.79 6.87 1.00 0.00
0.50 2.79 7.04 1.00 0.00
0.50 2.79 7.22 1.00 0.00
0.50 2.79 7.39 1.00 0.00
0.50 2.79 7.57 1.00 0.00
0.50 2.79 7.74 1.00 0.00
0.50 2.79 7.92 1.00 0.00
0.50 2.79 8.09 1.00 0.00
0.50 2.79 8.27 1.00 0.00
0.50 2.79 8.44 1.00 0.00
0.50 2.79 8.62 1.00 0.00
0.50 2.79 8.79 1.00 0.00
0.50 2.79 8.96 1.00 0.00
0.50 2.79 9.14 1.00 0.00
0.50 2.79 9.31 1.00 0.00
0.50 2.79 9.49 1.00 0.00
0.70 2.79 6.45 1.00 0.00
0.70 2.79 6.62 1.00 0.00
0.70 2.79 6.80 1.00 0.00
0.70 2.79 6.97 1.00 0.00
0.70 2.79 7.15 1.00 0.00
0.70 2.79 7.32 1.00 0.00
0.70 2.79 7.50 1.00 0.00
0.70 2.79 7.67 1.00 0.00
0.70 2.79 7.84 1.00 0.00
0.70 2.79 8.02 1.00 0.00
0.70 2.79 8.19 1.00 0.00
0.70 2.79 8.37 1.00 0.00
0.70 2.79 8.54 1.00 0.00
0.70 2.79 8.72 1.00 0.00
0.70 2.79 8.89 1.00 0.00
0.70 2.79 9.07 1.00 0.00
0.70 2.79 9.24 1.00 0.00
0.70 2.79 9.42 1.00 0.00
0.90 2.79 6.38 1.00 0.00
0.90 2.79 6.55 1.00 0.00
0.90 2.79 6.73 1.00 0.00
0.90 2.79 6.90 1.00 0.00
0.90 2.79 7.07 1.00 0.00
0.90 2.79 7.25 1.00 0.00
0.90 2.79 7.42 1.00 0.00
0.90 2.79 7.60 1.00 0.00
0.90 2.79 7.77 1.00 0.00
0.90 2.79 7.95 1.00 0.00
0.90 2.79 8.12 1.00 0.00
0.90 2.79 8.30 1.00 0.00
0.90 2.79 8.47 1.00 0.00
0.90 2.79 8.65 1.00 0.00
0.90 2.79 8.82 1.00 0.00
0.90 2.79 8.99 1.00 0.00
0.90 2.79 9.17 1.00 0.00
0.90 2.79 9.34 1.00 0.00
1.10 2.79 6.31 1.00 0.00
1.10 2.79 6.48 1.00 0.00
1.10 2.79 6.66 1.00 0.00
1.10 2.79 6.83 1.00 0.00
1.10 2.79 7.01 1.00 0.00
1.10 2.79 7.18 1.00 0.00
1.10 2.79 7.36 1.00 0.00
1.10 2.79 7.53 1.00 0.00
1.10 2.79 7.70 1.00 0.00
1.10 2.79 7.88 1.00 0.00
1.10 2.79 8.05 1.00 0.00
1.10 2.79 8.23 1.00 0.00
1.10 2.79 8.40 1.00 0.00
1.10 2.79 8.58 1.00 0.00
1.10 2.79 8.75 1.00 0.00
1.10 2.79 8.93 1.00 0.00
1.10 2.79 9.10 1.00 0.00
1.10 2.79 9.28 1.00 0.00
0.30 2.97 6.60 1.00 0.00
0.30 2.97 6.77 1.00 0.00
0.30 2.97 6.95 1.00 0.00
0.30 2.97 7.12 1.00 0.00
0.30 2.97 7.29 1.00 0.00
0.30 2.97 7.47 1.00 0.00
0.30 2.97 7.64 1.00 0.00
0.30 2.97 7.82 1.00 0.00
0.30 2.97 7.99 1.00 0.00
0.30 2.97 8.17 1.00 0.00
0.30 2.97 8.34 1.00 0.00
0.30 2.97 8.52 1.00 0.00
0.30 2.97 8.69 1.00 0.00
0.30 2.97 8.87 1.00 0.00
0.30 2.97 9.04 1.00 0.00
0.30 2.97 9.21 1.00 0.00
0.30 2.97 9.39 1.00 0.00
0.30 2.97 9.56 1.00 0.00
0.50 2.97 6.52 1.00 0.00
0.50 2.97 6.69 1.00 0.00
0.50 2.97 6.87 1.00 0.00
0.50 2.97 7.04 1.00 0.00
0.50 2.97 7.22 1.00 0.00
0.50 2.97 7.39 1.00 0.00
0.50 2.97 7.57 1.00 0.00
0.50 2.97 7.74 1.00 0.00
0.50 2.97 7.92 1.00 0.00
0.50 2.97 8.09 1.00 0.00
0.50 2.97 8.27 1.00 0.00
0.50 2.97 8.44 1.00 0.00
0.50 2.97 8.61 1.00 0.00
0.50 2.97 8.79 1.00 0.00
0.50 2.97 8.96 1.00 0.00
0.50 2.97 9.14 1.00 0.00
0.50 2.97 9.31 1.00 0.00
0.50 2.97 9.49 1.00 0.00
0.70 2.97 6.44 1.00 0.00
0.70 2.97 6.62 1.00 0.00
0.70 2.97 6.79 1.00 0.00
0.70 2.97 6.97 1.00 0.00
0.70 2.97 7.14 1.00 0.00
0.70 2.97 7.32 1.00 0.00
0.70 2.97 7.49 1.00 0.00
0.70 2.97 7.67 1.00 0.00
0.70 2.97 7.84 1.00 0.00
0.70 2.97 8.01 1.00 0.00
0.70 2.97 8.19 1.00 0.00
0.70 2.97 8.36 1.00 0.00
0.70 2.97 8.54 1.00 0.00
0.70 2.97 8.71 1.00 0.00
0.70 2.97 8.89 1.00 0.00
0.70 2.97 9.06 1.00 0.00
0.70 2.97 9.24 1.00 0.00
0.70 2.97 9.41 1.00 0.00
0.90 2.97 6.37 1.00 0.00
0.90 2.97 6.54 1.00 0.00
0.90 2.97 6.72 1.00 0.00
0.90 2.97 6.89 1.00 0.00
0.90 2.97 7.06 1.00 0.00
0.90 2.97 7.24 1.00 0.00
0.90 2.97 7.41 1.00 0.00
0.90 2.97 7.59 1.00 0.00
0.90 2.97 7.76 1.00 0.00
0.90 2.97 7.94 1.00 0.00
0.90 2.97 8.11 1.00 0.00
0.90 2.97 8.29 1.00 0.00
0.90 2.97 8.46 1.00 0.00
0.90 2.97 8.64 1.00 0.00
0.90 2.97 8.81 1.00 0.00
0.90 2.97 8.98 1.00 0.00
0.90 2.97 9.16 1.00 0.00
0.90 2.97 9.33 1.00 0.00
1.10 2.97 6.29 1.00 0.00
1.10 2.97 6.47 1.00 0.00
1.10 2.97 6.64 1.00 0.00
1.10 2.97 6.81 1.00 0.00
1.10 2.97 6.99 1.00 0.00
1.10 2.97 7.16 1.00 0.00
1.10 2.97 7.34 1.00 0.00
1.10 2.97 7.51 1.00 0.00
1.10 2.97 7.69 1.00 0.00
1.10 2.97 7.86 1.00 0.00
1.10 2.97 8.04 1.00 0.00
1.10 2.97 8.21 1.00 0.00
1.10 2.97 8.39 1.00 0.00
1.10 2.97 8.56 1.00 0.00
1.10 2.97 8.73 1.00 0.00
1.10 2.97 8.91 1.00 0.00
1.10 2.97 9.08 1.00 0.00
1.10 2.97 9.26 1.00 0.00
0.30 3.14 6.60 1.00 0.00
0.30 3.14 6.78 1.00 0.00
0.30 3.14 6.95 1.00 0.00
0.30 3.14 7.12 1.00 0.00
0.30 3.14 7.30 1.00 0.00
0.30 3.14 7.47 1.00 0.00
0.30 3.14 7.65 1.00 0.00
0.30 3.14 7.82 1.00 0.00
0.30 3.14 8.00 1.00 0.00
0.30 3.14 8.17 1.00 0.00
0.30 3.14 8.35 1.00 0.00
0.30 3.14 8.52 1.00 0.00
0.30 3.14 8.70 1.00 0.00
0.30 3.14 8.87 1.00 0.00
0.30 3.14 9.04 1.00 0.00
0.30 3.14 9.22 1.00 0.00
0.30 3.14 9.39 1.00 0.00
0.30 3.14 9.57 1.00 0.00
0.50 3.14 6.53 1.00 0.00
0.50 3.14 6.70 1.00 0.00
0.50 3.14 6.87 1.00 0.00
0.50 3.14 7.05 1.00 0.00
0.50 3.14 7.22 1.00 0.00
0.50 3.14 7.40 1.00 0.00
0.50 3.14 7.57 1.00 0.00
0.50 3.14 7.75 1.00 0.00
0.50 3.14 7.92 1.00 0.00
0.50 3.14 8.10 1.00 0.00
0.50 3.14 8.27 1.00 0.00
0.50 3.14 8.45 1.00 0.00
0.50 3.14 8.62 1.00 0.00
0.50 3.14 8.79 1.00 0.00
0.50 3.14 8.97 1.00 0.00
0.50 3.14 9.14 1.00 0.00
0.50 3.14 9.32 1.00 0.00
0.50 3.14 9.49 1.00 0.00
0.70 3.14 6.45 1.00 0.00
0.70 3.14 6.62 1.00 0.00
0.70 3.14 6.80 1.00 0.00
0.70 3.14 6.97 1.00 0.00
0.70 3.14 7.15 1.00 0.00
0.70 3.14 7.32 1.00 0.00
0.70 3.14 7.49 1.00 0.00
0.70 3.14 7.67 1.00 0.00
0.70 3.14 7.84 1.00 0.00
0.70 3.14 8.02 1.00 0.00
0.70 3.14 8.19 1.00 0.00
0.70 3.14 8.37 1.00 0.00
0.70 3.14 8.54 1.00 0.00
0.70 3.14 8.72 1.00 0.00
0.70 3.14 8.89 1.00 0.00
0.70 3.14 9.07 1.00 0.00
0.70 3.14 9.24 1.00 0.00
0.70 3.14 9.41 1.00 0.00
0.90 3.14 6.37 1.00 0.00
0.90 3.14 6.54 1.00 0.00
0.90 3.14 6.72 1.00 0.00
0.90 3.14 6.89 1.00 0.00
0.90 3.14 7.06 1.00 0.00
0.90 3.14 7.24 1.00 0.00
0.90 3.14 7.41 1.00 0.00
0.90 3.14 7.59 1.00 0.00
0.90 3.14 7.76 1.00 0.00
0.90 3.14 7.94 1.00 0.00
0.90 3.14 8.11 1.00 0.00
0.90 3.14 8.29 1.00 0.00
0.90 3.14 8.46 1.00 0.00
0.90 3.14 8.64 1.00 0.00
0.90 3.14 8.81 1.00 0.00
0.90 3.14 8.98 1.00 0.00
0.90 3.14 9.16 1.00 0.00
0.90 3.14 9.33 1.00 0.00
1.10 3.14 6.28 1.00 0.00
1.10 3.14 6.46 1.00 0.00
1.10 3.14 6.63 1.00 0.00
1.10 3.14 6.81 1.00 0.00
1.10 3.14 6.98 1.00 0.00
1.10 3.14 7.16 1.00 0.00
1.10 3.14 7.33 1.00 0.00
1.10 3.14 7.51 1.00 0.00
1.10 3.14 7.68 1.00 0.00
1.10 3.14 7.86 1.00 0.00
1.10 3.14 8.03 1.00 0.00
1.10 3.14 8.20 1.00 0.00
1.10 3.14 8.38 1.00 0.00
1.10 3.14 8.55 1.00 0.00
1.10 3.14 8.73 1.00 0.00
1.10 3.14 8.90 1.00 0.00
1.10 3.14 9.08 1.00 0.00
1.10 3.14 9.25 1.00 0.00
0.30 3.32 6.61 1.00 0.00
0.30 3.32 6.78 1.00 0.00
0.30 3.32 6.96 1.00 0.00
0.30 3.32 7.13 1.00 0.00
0.30 3.32 7.31 1.00 0.00
0.30 3.32 7.48 1.00 0.00
0.30 3.32 7.66 1.00 0.00
0.30 3.32 7.83 1.00 0.00
0.30 3.32 8.01 1.00 0.00
0.30 3.32 8.18 1.00 0.00
0.30 3.32 8.35 1.00 0.00
0.30 3.32 8.53 1.00 0.00
0.30 3.32 8.70 1.00 0.00
0.30 3.32 8.88 1.00 0.00
0.30 3.32 9.05 1.00 0.00
0.30 3.32 9.23 1.00 0.00
0.30 3.32 9.40 1.00 0.00
0.30 3.32 9.58 1.00 0.00
0.50 3.32 6.54 1.00 0.00
0.50 3.32 6.71 1.00 0.00
0.50 3.32 6.89 1.00 0.00
0.50 3.32 7.06 1.00 0.00
0.50 3.32 7.24 1.00 0.00
0.50 3.32 7.41 1.00 0.00
0.50 3.32 7.58 1.00 0.00
0.50 3.32 7.76 1.00 0.00
0.50 3.32 7.93 1.00 0.00
0.50 3.32 8.11 1.00 0.00
0.50 3.32 8.28 1.00 0.00
0.50 3.32 8.46 1.00 0.00
0.50 3.32 8.63 1.00 0.00
0.50 3.32 8.81 1.00 0.00
0.50 3.32 8.98 1.00 0.00
0.50 3.32 9.16 1.00 0.00
0.50 3.32 9.33 1.00 0.00
0.50 3.32 9.50 1.00 0.00
0.70 3.32 6.46 1.00 0.00
0.70 3.32 6.63 1.00 0.00
0.70 3.32 6.81 1.00 0.00
0.70 3.32 6.98 1.00 0.00
0.70 3.32 7.16 1.00 0.00
0.70 3.32 7.33 1.00 0.00
0.70 3.32 7.51 1.00 0.00
0.70 3.32 7.68 1.00 0.00
0.70 3.32 7.86 1.00 0.00
0.70 3.32 8.03 1.00 0.00
0.70 3.32 8.21 1.00 0.00
0.70 3.32 8.38 1.00 0.00
0.70 3.32 8.55 1.00 0.00
0.70 3.32 8.73 1.00 0.00
0.70 3.32 8.90 1.00 0.00
0.70 3.32 9.08 1.00 0.00
0.70 3.32 9.25 1.00 0.00
0.70 3.32 9.43 1.00 0.00
0.90 3.32 6.38 1.00 0.00
0.90 3.32 6.55 1.00 0.00
0.90 3.32 6.73 1.00 0.00
0.90 3.32 6.90 1.00 0.00
0.90 3.32 7.08 1.00 0.00
0.90 3.32 7.25 1.00 0.00
0.90 3.32 7.43 1.00 0.00
0.90 3.32 7.60 1.00 0.00
0.90 3.32 7.77 1.00 0.00
0.90 3.32 7.95 1.00 0.00
0.90 3.32 8.12 1.00 0.00
0.90 3.32 8.30 1.00 0.00
0.90 3.32 8.47 1.00 0.00
0.90 3.32 8.65 1.00 0.00
0.90 3.32 8.82 1.00 0.00
0.90 3.32 9.00 1.00 0.00
0.90 3.32 9.17 1.00 0.00
0.90 3.32 9.35 1.00 0.00
1.10 3.32 6.29 1.00 0.00
1.10 3.32 6.47 1.00 0.00
1.10 3.32 6.64 1.00 0.00
1.10 3.32 6.82 1.00 0.00
1.10 3.32 6.99 1.00 0.00
1.10 3.32 7.17 1.00 0.00
1.10 3.32 7.34 1.00 0.00
1.10 3.32 7.51 1.00 0.00
1.10 3.32 7.69 1.00 0.00
1.10 3.32 7.86 1.00 0.00
1.10 3.32 8.04 1.00 0.00
1.10 3.32 8.21 1.00 0.00
1.10 3.32 8.39 1.00 0.00
1.10 3.32 8.56 1.00 0.00
1.10 3.32 8.74 1.00 0.00
1.10 3.32 8.91 1.00 0.00
1.10 3.32 9.08 1.00 0.00
1.10 3.32 9.26 1.00 0.00
0.30 3.49 6.62 1.00 0.00
0.30 3.49 6.80 1.00 0.00
0.30 3.49 6.97 1.00 0.00
0.30 3.49 7.14 1.00 0.00
0.30 3.49 7.32 1.00 0.00
0.30 3.49 7.49 1.00 0.00
0.30 3.49 7.67 1.00 0.00
0.30 3.49 7.84 1.00 0.00
0.30 3.49 8.02 1.00 0.00
0.30 3.49 8.19 1.00 0.00
0.30 3.49 8.37 1.00 0.00
0.30 3.49 8.54 1.00 0.00
0.30 3.49 8.72 1.00 0.00
0.30 3.49 8.89 1.00 0.00
0.30 3.49 9.06 1.00 0.00
0.30 3.49 9.24 1.00 0.00
0.30 3.49 9.41 1.00 0.00
0.30 3.49 9.59 1.00 0.00
0.50 3.49 6.56 1.00 0.00
0.50 3.49 6.73 1.00 0.00
0.50 3.49 6.90 1.00 0.00
0.50 3.49 7.08 1.00 0.00
0.50 3.49 7.25 1.00 0.00
0.50 3.49 7.43 1.00 0.00
0.50 3.49 7.60 1.00 0.00
0.50 3.49 7.78 1.00 0.00
0.50 3.49 7.95 1.00 0.00
0.50 3.49 8.13 1.00 0.00
0.50 3.49 8.30 1.00 0.00
0.50 3.49 8.48 1.00 0.00
0.50 3.49 8.65 1.00 0.00
0.50 3.49 8.82 1.00 0.00
0.50 3.49 9.00 1.00 0.00
0.50 3.49 9.17 1.00 0.00
0.50 3.49 9.35 1.00 0.00
0.50 3.49 9.52 1.00 0.00
0.70 3.49 6.48 1.00 0.00
0.70 3.49 6.66 1.00 0.00
0.70 3.49 6.83 1.00 0.00
0.70 3.49 7.01 1.00 0.00
0.70 3.49 7.18 1.00 0.00
0.70 3.49 7.36 1.00 0.00
0.70 3.49 7.53 1.00 0.00
0.70 3.49 7.70 1.00 0.00
0.70 3.49 7.88 1.00 0.00
0.70 3.49 8.05 1.00 0.00
0.70 3.49 8.23 1.00 0.00
0.70 3.49 8.40 1.00 0.00
0.70 3.49 8.58 1.00 0.00
0.70 3.49 8.75 1.00 0.00
0.70 3.49 8.93 1.00 0.00
0.70 3.49 9.10 1.00 0.00
0.70 3.49 9.28 1.00 0.00
0.70 3.49 9.45 1.00 0.00
0.90 3.49 6.40 1.00 0.00
0.90 3.49 6.58 1.00 0.00
0.90 3.49 6.75 1.00 0.00
0.90 3.49 6.93 1.00 0.00
0.90 3.49 7.10 1.00 0.00
0.90 3.49 7.28 1.00 0.00
0.90 3.49 7.45 1.00 0.00
0.90 3.49 7.63 1.00 0.00
0.90 3.49 7.80 1.00 0.00
0.90 3.49 7.97 1.00 0.00
0.90 3.49 8.15 1.00 0.00
0.90 3.49 8.32 1.00 0.00
0.90 3.49 8.50 1.00 0.00
0.90 3.49 8.67 1.00 0.00
0.90 3.49 8.85 1.00 0.00
0.90 3.49 9.02 1.00 0.00
0.90 3.49 9.20 1.00 0.00
0.90 3.49 9.37 1.00 0.00
1.10 3.49 6.32 1.00 0.00
1.10 3.49 6.49 1.00 0.00
1.10 3.49 6.67 1.00 0.00
1.10 3.49 6.84 1.00 0.00
1.10 3.49 7.02 1.00 0.00
1.10 3.49 7.19 1.00 0.00
1.10 3.49 7.36 1.00 0.00
1.10 3.49 7.54 1.00 0.00
1.10 3.49 7.71 1.00 0.00
1.10 3.49 7.89 1.00 0.00
1.10 3.49 8.06 1.00 0.00
1.10 3.49 8.24 1.00 0.00
1.10 3.49 8.41 1.00 0.00
1.10 3.49 8.59 1.00 0.00
1.10 3.49 8.76 1.00 0.00
1.10 3.49 8.94 1.00 0.00
1.10 3.49 9.11 1.00 0.00
1.10 3.49 9.28 1.00 0.00
0.30 3.67 6.64 1.00 0.00
0.30 3.67 6.81 1.00 0.00
0.30 3.67 6.98 1.00 0.00
0.30 3.67 7.16 1.00 0.00
0.30 3.67 7.33 1.00 0.00
0.30 3.67 7.51 1.00 0.00
0.30 3.67 7.68 1.00 0.00
0.30 3.67 7.86 1.00 0.00
0.30 3.67 8.03 1.00 0.00
0.30 3.67 8.21 1.00 0.00
0.30 3.67 8.38 1.00 0.00
0.30 3.67 8.56 1.00 0.00
0.30 3.67 8.73 1.00 0.00
0.30 3.67 8.90 1.00 0.00
0.30 3.67 9.08 1.00 0.00
0.30 3.67 9.25 1.00 0.00
0.30 3.67 9.43 1.00 0.00
0.30 3.67 9.60 1.00 0.00
0.50 3.67 6.58 1.00 0.00
0.50 3.67 6.75 1.00 0.00
0.50 3.67 6.93 1.00 0.00
0.50 3.67 7.10 1.00 0.00
0.50 3.67 7.28 1.00 0.00
0.50 3.67 7.45 1.00 0.00
0.50 3.67 7.63 1.00 0.00
0.50 3.67 7.80 1.00 0.00
0.50 3.67 7.98 1.00 0.00
0.50 3.67 8.15 1.00 0.00
0.50 3.67 8.33 1.00 0.00
0.50 3.67 8.50 1.00 0.00
0.50 3.67 8.67 1.00 0.00
0.50 3.67 8.85 1.00 0.00
0.50 3.67 9.02 1.00 0.00
0.50 3.67 9.20 1.00 0.00
0.50 3.67 9.37 1.00 0.00
0.50 3.67 9.55 1.00 0.00
0.70 3.67 6.52 1.00 0.00
0.70 3.67 6.69 1.00 0.00
0.70 3.67 6.87 1.00 0.00
0.70 3.67 7.04 1.00 0.00
0.70 3.67 7.21 1.00 0.00
0.70 3.67 7.39 1.00 0.00
0.70 3.67 7.56 1.00 0.00
0.70 3.67 7.74 1.00 0.00
0.70 3.67 7.91 1.00 0.00
0.70 3.67 8.09 1.00 0.00
0.70 3.67 8.26 1.00 0.00
0.70 3.67 8.44 1.00 0.00
0.70 3.67 8.61 1.00 0.00
0.70 3.67 8.79 1.00 0.00
0.70 3.67 8.96 1.00 0.00
0.70 3.67 9.13 1.00 0.00
0.70 3.67 9.31 1.00 0.00
0.70 3.67 9.48 1.00 0.00
0.90 3.67 6.44 1.00 0.00
0.90 3.67 6.62 1.00 0.00
0.90 3.67 6.79 1.00 0.00
0.90 3.67 6.97 1.00 0.00
0.90 3.67 7.14 1.00 0.00
0.90 3.67 7.32 1.00 0.00
0.90 3.67 7.49 1.00 0.00
0.90 3.67 7.67 1.00 0.00
0.90 3.67 7.84 1.00 0.00
0.90 3.67 8.02 1.00 0.00
0.90 3.67 8.19 1.00 0.00
0.90 3.67 8.36 1.00 0.00
0.90 3.67 8.54 1.00 0.00
0.90 3.67 8.71 1.00 0.00
0.90 3.67 8.89 1.00 0.00
0.90 3.67 9.06 1.00 0.00
0.90 3.67 9.24 1.00 0.00
0.90 3.67 9.41 1.00 0.00
1.10 3.67 6.36 1.00 0.00
1.10 3.67 6.54 1.00 0.00
1.10 3.67 6.71 1.00 0.00
1.10 3.67 6.89 1.00 0.00
1.10 3.67 7.06 1.00 0.00
1.10 3.67 7.24 1.00 0.00
1.10 3.67 7.41 1.00 0.00
1.10 3.67 7.58 1.00 0.00
1.10 3.67 7.76 1.00 0.00
1.10 3.67 7.93 1.00 0.00
1.10 3.67 8.11 1.00 0.00
1.10 3.67 8.28 1.00 0.00
1.10 3.67 8.46 1.00 0.00
1.10 3.67 8.63 1.00 0.00
1.10 3.67 8.81 1.00 0.00
1.10 3.67 8.98 1.00 0.00
1.10 3.67 9.16 1.00 0.00
1.10 3.67 9.33 1.00 0.00
0.30 3.84 6.65 1.00 0.00
0.30 3.84 6.83 1.00 0.00
0.30 3.84 7.00 1.00 0.00
0.30 3.84 7.18 1.00 0.00
0.30 3.84 7.35 1.00 0.00
0.30 3.84 7.53 1.00 0.00
0.30 3.84 7.70 1.00 0.00
0.30 3.84 7.88 1.00 0.00
0.30 3.84 8.05 1.00 0.00
0.30 3.84 8.22 1.00 0.00
0.30 3.84 8.40 1.00 0.00
0.30 3.84 8.57 1.00 0.00
0.30 3.84 8.75 1.00 0.00
0.30 3.84 8.92 1.00 0.00
0.30 3.84 9.10 1.00 0.00
0.30 3.84 9.27 1.00 0.00
0.30 3.84 9.45 1.00 0.00
0.30 3.84 9.62 1.00 0.00
0.50 3.84 6.61 1.00 0.00
0.50 3.84 6.79 1.00 0.00
0.50 3.84 6.96 1.00 0.00
0.50 3.84 7.13 1.00 0.00
0.50 3.84 7.31 1.00 0.00
0.50 3.84 7.48 1.00 0.00
0.50 3.84 7.66 1.00 0.00
0.50 3.84 7.83 1.00 0.00
0.50 3.84 8.01 1.00 0.00
0.50 3.84 8.18 1.00 0.00
0.50 3.84 8.36 1.00 0.00
0.50 3.84 8.53 1.00 0.00
0.50 3.84 8.71 1.00 0.00
0.50 3.84 8.88 1.00 0.00
0.50 3.84 9.05 1.00 0.00
0.50 3.84 9.23 1.00 0.00
0.50 3.84 9.40 1.00 0.00
0.50 3.84 9.58 1.00 0.00
0.70 3.84 6.56 1.00 0.00
0.70 3.84 6.74 1.00 0.00
0.70 3.84 6.91 1.00 0.00
0.70 3.84 7.08 1.00 0.00
0.70 3.84 7.26 1.00 0.00
0.70 3.84 7.43 1.00 0.00
0.70 3.84 7.61 1.00 0.00
0.70 3.84 7.78 1.00 0.00
0.70 3.84 7.96 1.00 0.00
0.70 3.84 8.13 1.00 0.00
0.70 3.84 8.31 1.00 0.00
0.70 3.84 8.48 1.00 0.00
0.70 3.84 8.66 1.00 0.00
0.70 3.84 8.83 1.00 0.00
0.70 3.84 9.00 1.00 0.00
0.70 3.84 9.18 1.00 0.00
0.70 3.84 9.35 1.00 0.00
0.70 3.84 9.53 1.00 0.00
0.90 3.84 6.50 1.00 0.00
0.90 3.84 6.68 1.00 0.00
0.90 3.84 6.85 1.00 0.00
0.90 3.84 7.03 1.00 0.00
0.90 3.84 7.20 1.00 0.00
0.90 3.84 7.37 1.00 0.00
0.90 3.84 7.55 1.00 0.00
0.90 3.84 7.72 1.00 0.00
0.90 3.84 7.90 1.00 0.00
0.90 3.84 8.07 1.00 0.00
0.90 3.84 8.25 1.00 0.00
0.90 3.84 8.42 1.00 0.00
0.90 3.84 8.60 1.00 0.00
0.90 3.84 8.77 1.00 0.00
0.90 3.84 8.95 1.00 0.00
0.90 3.84 9.12 1.00 0.00
0.90 3.84 9.29 1.00 0.00
0.90 3.84 9.47 1.00 0.00
1.10 3.84 6.43 1.00 0.00
1.10 3.84 6.61 1.00 0.00
1.10 3.84 6.78 1.00 0.00
1.10 3.84 6.96 1.00 0.00
1.10 3.84 7.13 1.00 0.00
1.10 3.84 7.31 1.00 0.00
1.10 3.84 7.48 1.00 0.00
1.10 3.84 7.65 1.00 0.00
1.10 3.84 7.83 1.00 0.00
1.10 3.84 8.00 1.00 0.00
1.10 3.84 8.18 1.00 0.00
1.10 3.84 8.35 1.00 0.00
1.10 3.84 8.53 1.00 0.00
1.10 3.84 8.70 1.00 0.00
1.10 3.84 8.88 1.00 0.00
1.10 3.84 9.05 1.00 0.00
1.10 3.84 9.23 1.00 0.00
1.10 3.84 9.40 1.00 0.00
0.30 4.01 6.67 1.00 0.00
0.30 4.01 6.85 1.00 0.00
0.30 4.01 7.02 1.00 0.00
0.30 4.01 7.20 1.00 0.00
0.30 4.01 7.37 1.00 0.00
0.30 4.01 7.55 1.00 0.00
0.30 4.01 7.72 1.00 0.00
0.30 4.01 7.90 1.00 0.00
0.30 4.01 8.07 1.00 0.00
0.30 4.01 8.24 1.00 0.00
0.30 4.01 8.42 1.00 0.00
0.30 4.01 8.59 1.00 0.00
0.30 4.01 8.77 1.00 0.00
0.30 4.01 8.94 1.00 0.00
0.30 4.01 9.12 1.00 0.00
0.30 4.01 9.29 1.00 0.00
0.30 4.01 9.47 1.00 0.00
0.30 4.01 9.64 1.00 0.00
0.50 4.01 6.65 1.00 0.00
0.50 4.01 6.82 1.00 0.00
0.50 4.01 7.00 1.00 0.00
0.50 4.01 7.17 1.00 0.00
0.50 4.01 7.34 1.00 0.00
0.50 4.01 7.52 1.00 0.00
0.50 4.01 7.69 1.00 0.00
0.50 4.01 7.87 1.00 0.00
0.50 4.01 8.04 1.00 0.00
0.50 4.01 8.22 1.00 0.00
0.50 4.01 8.39 1.00 0.00
0.50 4.01 8.57 1.00 0.00
0.50 4.01 8.74 1.00 0.00
0.50 4.01 8.92 1.00 0.00
0.50 4.01 9.09 1.00 0.00
0.50 4.01 9.26 1.00 0.00
0.50 4.01 9.44 1.00 0.00
0.50 4.01 9.61 1.00 0.00
0.70 4.01 6.61 1.00 0.00
0.70 4.01 6.79 1.00 0.00
0.70 4.01 6.96 1.00 0.00
0.70 4.01 7.14 1.00 0.00
0.70 4.01 7.31 1.00 0.00
0.70 4.01 7.49 1.00 0.00
0.70 4.01 7.66 1.00 0.00
0.70 4.01 7.84 1.00 0.00
0.70 4.01 8.01 1.00 0.00
0.70 4.01 8.18 1.00 0.00
0.70 4.01 8.36 1.00 0.00
0.70 4.01 8.53 1.00 0.00
0.70 4.01 8.71 1.00 0.00
0.70 4.01 8.88 1.00 0.00
0.70 4.01 9.06 1.00 0.00
0.70 4.01 9.23 1.00 0.00
0.70 4.01 9.41 1.00 0.00
0.70 4.01 9.58 1.00 0.00
0.90 4.01 6.57 1.00 0.00
0.90 4.01 6.75 1.00 0.00
0.90 4.01 6.92 1.00 0.00
0.90 4.01 7.10 1.00 0.00
0.90 4.01 7.27 1.00 0.00
0.90 4.01 7.45 1.00 0.00
0.90 4.01 7.62 1.00 0.00
0.90 4.01 7.80 1.00 0.00
0.90 4.01 7.97 1.00 0.00
0.90 4.01 8.15 1.00 0.00
0.90 4.01 8.32 1.00 0.00
0.90 4.01 8.49 1.00 0.00
0.90 4.01 8.67 1.00 0.00
0.90 4.01 8.84 1.00 0.00
0.90 4.01 9.02 1.00 0.00
0.90 4.01 9.19 1.00 0.00
0.90 4.01 9.37 1.00 0.00
0.90 4.01 9.54 1.00 0.00
1.10 4.01 6.53 1.00 0.00
1.10 4.01 6.70 1.00 0.00
1.10 4.01 6.88 1.00 0.00
1.10 4.01 7.05 1.00 0.00
1.10 4.01 7.22 1.00 0.00
1.10 4.01 7.40 1.00 0.00
1.10 4.01 7.57 1.00 0.00
1.10 4.01 7.75 1.00 0.00
1.10 4.01 7.92 1.00 0.00
1.10 4.01 8.10 1.00 0.00
1.10 4.01 8.27 1.00 0.00
1.10 4.01 8.45 1.00 0.00
1.10 4.01 8.62 1.00 0.00
1.10 4.01 8.80 1.00 0.00
1.10 4.01 8.97 1.00 0.00
1.10 4.01 9.14 1.00 0.00
1.10 4.01 9.32 1.00 0.00
1.10 4.01 9.49 1.00 0.00
0.30 4.19 6.70 1.00 0.00
0.30 4.19 6.87 1.00 0.00
0.30 4.19 7.04 1.00 0.00
0.30 4.19 7.22 1.00 0.00
0.30 4.19 7.39 1.00 0.00
0.30 4.19 7.57 1.00 0.00
0.30 4.19 7.74 1.00 0.00
0.30 4.19 7.92 1.00 0.00
0.30 4.19 8.09 1.00 0.00
0.30 4.19 8.27 1.00 0.00
0.30 4.19 8.44 1.00 0.00
0.30 4.19 8.61 1.00 0.00
0.30 4.19 8.79 1.00 0.00
0.30 4.19 8.96 1.00 0.00
0.30 4.19 9.14 1.00 0.00
0.30 4.19 9.31 1.00 0.00
0.30 4.19 9.49 1.00 0.00
0.30 4.19 9.66 1.00 0.00
0.50 4.19 6.68 1.00 0.00
0.50 4.19 6.86 1.00 0.00
0.50 4.19 7.03 1.00 0.00
0.50 4.19 7.21 1.00 0.00
0.50 4.19 7.38 1.00 0.00
0.50 4.19 7.56 1.00 0.00
0.50 4.19 7.73 1.00 0.00
0.50 4.19 7.91 1.00 0.00
0.50 4.19 8.08 1.00 0.00
0.50 4.19 8.26 1.00 0.00
0.50 4.19 8.43 1.00 0.00
0.50 4.19 8.60 1.00 0.00
0.50 4.19 8.78 1.00 0.00
0.50 4.19 8.95 1.00 0.00
0.50 4.19 9.13 1.00 0.00
0.50 4.19 9.30 1.00 0.00
0.50 4.19 9.48 1.00 0.00
0.50 4.19 9.65 1.00 0.00
0.70 4.19 6.67 1.00 0.00
0.70 4.19 6.85 1.00 0.00
0.70 4.19 7.02 1.00 0.00
0.70 4.19 7.20 1.00 0.00
0.70 4.19 7.37 1.00 0.00
0.70 4.19 7.55 1.00 0.00
0.70 4.19 7.72 1.00 0.00
0.70 4.19 7.89 1.00 0.00
0.70 4.19 8.07 1.00 0.00
0.70 4.19 8.24 1.00 0.00
0.70 4.19 8.42 1.00 0.00
0.70 4.19 8.59 1.00 0.00
0.70 4.19 8.77 1.00 0.00
0.70 4.19 8.94 1.00 0.00
0.70 4.19 9.12 1.00 0.00
0.70 4.19 9.29 1.00 0.00
0.70 4.19 9.47 1.00 0.00
0.70 4.19 9.64 1.00 0.00
0.90 4.19 6.66 1.00 0.00
0.90 4.19 6.83 1.00 0.00
0.90 4.19 7.01 1.00 0.00
0.90 4.19 7.18 1.00 0.00
0.90 4.19 7.36 1.00 0.00
0.90 4.19 7.53 1.00 0.00
0.90 4.19 7.70 1.00 0.00
0.90 4.19 7.88 1.00 0.00
0.90 4.19 8.05 1.00 0.00
0.90 4.19 8.23 1.00 0.00
0.90 4.19 8.40 1.00 0.00
0.90 4.19 8.58 1.00 0.00
0.90 4.19 8.75 1.00 0.00
0.90 4.19 8.93 1.00 0.00
0.90 4.19 9.10 1.00 0.00
0.90 4.19 9.28 1.00 0.00
0.90 4.19 9.45 1.00 0.00
0.90 4.19 9.62 1.00 0.00
1.10 4.19 6.64 1.00 0.00
1.10 4.19 6.81 1.00 0.00
1.10 4.19 6.99 1.00 0.00
1.10 4.19 7.16 1.00 0.00
1.10 4.19 7.34 1.00 0.00
1.10 4.19 7.51 1.00 0.00
1.10 4.19 7.69 1.00 0.00
1.10 4.19 7.86 1.00 0.00
1.10 4.19 8.04 1.00 0.00
1.10 4.19 8.21 1.00 0.00
1.10 4.19 8.38 1.00 0.00
1.10 4.19 8.56 1.00 0.00
1.10 4.19 8.73 1.00 0.00
1.10 4.19 8.91 1.00 0.00
1.10 4.19 9.08 1.00 0.00
1.10 4.19 9.26 1.00 0.00
1.10 4.19 9.43 1.00 0.00
1.10 4.19 9.61 1.00 0.00
0.30 4.36 6.72 1.00 0.00
0.30 4.36 6.89 1.00 0.00
0.30 4.36 7.07 1.00 0.00
0.30 4.36 7.24 1.00 0.00
0.30 4.36 7.42 1.00 0.00
0.30 4.36 7.59 1.00 0.00
0.30 4.36 7.76 1.00 0.00
0.30 4.36 7.94 1.00 0.00
0.30 4.36 8.11 1.00 0.00
0.30 4.36 8.29 1.00 0.00
0.30 4.36 8.46 1.00 0.00
0.30 4.36 8.64 1.00 0.00
0.30 4.36 8.81 1.00 0.00
0.30 4.36 8.99 1.00 0.00
0.30 4.36 9.16 1.00 0.00
0.30 4.36 9.33 1.00 0.00
0.30 4.36 9.51 1.00 0.00
0.30 4.36 9.68 1.00 0.00
0.50 4.36 6.72 1.00 0.00
0.50 4.36 6.90 1.00 0.00
0.50 4.36 7.07 1.00 0.00
0.50 4.36 7.25 1.00 0.00
0.50 4.36 7.42 1.00 0.00
0.50 4.36 7.60 1.00 0.00
0.50 4.36 7.77 1.00 0.00
0.50 4.36 7.95 1.00 0.00
0.50 4.36 8.12 1.00 0.00
0.50 4.36 8.30 1.00 0.00
0.50 4.36 8.47 1.00 0.00
0.50 4.36 8.64 1.00 0.00
0.50 4.36 8.82 1.00 0.00
0.50 4.36 8.99 1.00 0.00
0.50 4.36 9.17 1.00 0.00
0.50 4.36 9.34 1.00 0.00
0.50 4.36 9.52 1.00 0.00
0.50 4.36 9.69 1.00 0.00
0.70 4.36 6.73 1.00 0.00
0.70 4.36 6.91 1.00 0.00
0.70 4.36 7.08 1.00 0.00
0.70 4.36 7.26 1.00 0.00
0.70 4.36 7.43 1.00 0.00
0.70 4.36 7.61 1.00 0.00
0.70 4.36 7.78 1.00 0.00
0.70 4.36 7.96 1.00 0.00
0.70 4.36 8.13 1.00 0.00
0.70 4.36 8.30 1.00 0.00
0.70 4.36 8.48 1.00 0.00
0.70 4.36 8.65 1.00 0.00
0.70 4.36 8.83 1.00 0.00
0.70 4.36 9.00 1.00 0.00
0.70 4.36 9.18 1.00 0.00
0.70 4.36 9.35 1.00 0.00
0.70 4.36 9.53 1.00 0.00
0.70 4.36 9.70 1.00 0.00
0.90 4.36 6.75 1.00 0.00
0.90 4.36 6.92 1.00 0.00
0.90 4.36 7.09 1.00 0.00
0.90 4.36 7.27 1.00 0.00
0.90 4.36 7.44 1.00 0.00
0.90 4.36 7.62 1.00 0.00
0.90 4.36 7.79 1.00 0.00
0.90 4.36 7.97 1.00 0.00
0.90 4.36 8.14 1.00 0.00
0.90 4.36 8.32 1.00 0.00
0.90 4.36 8.49 1.00 0.00
0.90 4.36 8.67 1.00 0.00
0.90 4.36 8.84 1.00 0.00
0.90 4.36 9.01 1.00 0.00
0.90 4.36 9.19 1.00 0.00
0.90 4.36 9.36 1.00 0.00
0.90 4.36 9.54 1.00 0.00
0.90 4.36 9.71 1.00 0.00
1.10 4.36 6.76 1.00 0.00
1.10 4.36 6.93 1.00 0.00
1.10 4.36 7.11 1.00 0.00
1.10 4.36 7.28 1.00 0.00
1.10 4.36 7.46 1.00 0.00
1.10 4.36 7.63 1.00 0.00
1.10 4.36 7.81 1.00 0.00
1.10 4.36 7.98 1.00 0.00
1.10 4.36 8.16 1.00 0.00
1.10 4.36 8.33 1.00 0.00
1.10 4.36 8.50 1.00 0.00
1.10 4.36 8.68 1.00 0.00
1.10 4.36 8.85 1.00 0.00
1.10 4.36 9.03 1.00 0.00
1.10 4.36 9.20 1.00 0.00
1.10 4.36 9.38 1.00 0.00
1.10 4.36 9.55 1.00 0.00
1.10 4.36 9.73 1.00 0.00
0.30 4.54 6.74 1.00 0.00
0.30 4.54 6.91 1.00 0.00
0.30 4.54 7.09 1.00 0.00
0.30 4.54 7.26 1.00 0.00
0.30 4.54 7.44 1.00 0.00
0.30 4.54 7.61 1.00 0.00
0.30 4.54 7.79 1.00 0.00
0.30 4.54 7.96 1.00 0.00
0.30 4.54 8.13 1.00 0.00
0.30 4.54 8.31 1.00 0.00
0.30 4.54 8.48 1.00 0.00
0.30 4.54 8.66 1.00 0.00
0.30 4.54 8.83 1.00 0.00
0.30 4.54 9.01 1.00 0.00
0.30 4.54 9.18 1.00 0.00
0.30 4.54 9.36 1.00 0.00
0.30 4.54 9.53 1.00 0.00
0.30 4.54 9.71 1.00 0.00
0.50 4.54 6.76 1.00 0.00
0.50 4.54 6.94 1.00 0.00
0.50 4.54 7.11 1.00 0.00
0.50 4.54 7.29 1.00 0.00
0.50 4.54 7.46 1.00 0.00
0.50 4.54 7.64 1.00 0.00
0.50 4.54 7.81 1.00 0.00
0.50 4.54 7.99 1.00 0.00
0.50 4.54 8.16 1.00 0.00
0.50 4.54 8.33 1.00 0.00
0.50 4.54 8.51 1.00 0.00
0.50 4.54 8.68 1.00 0.00
0.50 4.54 8.86 1.00 0.00
0.50 4.54 9.03 1.00 0.00
0.50 4.54 9.21 1.00 0.00
0.50 4.54 9.38 1.00 0.00
0.50 4.54 9.56 1.00 0.00
0.50 4.54 9.73 1.00 0.00
0.70 4.54 6.79 1.00 0.00
0.70 4.54 6.97 1.00 0.00
0.70 4.54 7.14 1.00 0.00
0.70 4.54 7.32 1.00 0.00
0.70 4.54 7.49 1.00 0.00
0.70 4.54 7.67 1.00 0.00
0.70 4.54 7.84 1.00 0.00
0.70 4.54 8.02 1.00 0.00
0.70 4.54 8.19 1.00 0.00
0.70 4.54 8.36 1.00 0.00
0.70 4.54 8.54 1.00 0.00
0.70 4.54 8.71 1.00 0.00
0.70 4.54 8.89 1.00 0.00
0.70 4.54 9.06 1.00 0.00
0.70 4.54 9.24 1.00 0.00
0.70 4.54 9.41 1.00 0.00
0.70 4.54 9.59 1.00 0.00
0.70 4.54 9.76 1.00 0.00
0.90 4.54 0.55 1.00 0.00
0.90 4.54 0.72 1.00 0.00
0.90 4.54 0.90 1.00 0.00
0.90 4.54 1.07 1.00 0.00
0.90 4.54 1.24 1.00 0.00
0.90 4.54 1.42 1.00 0.00
0.90 4.54 1.59 1.00 0.00
0.90 4.54 1.77 1.00 0.00
0.90 4.54 1.94 1.00 0.00
0.90 4.54 2.12 1.00 0.00
0.90 4.54 2.29 1.00 0.00
0.90 4.54 2.47 1.00 0.00
0.90 4.54 2.64 1.00 0.00
0.90 4.54 2.82 1.00 0.00
0.90 4.54 2.99 1.00 0.00
0.90 4.54 3.16 1.00 0.00
0.90 4.54 3.34 1.00 0.00
0.90 4.54 3.51 1.00 0.00
1.10 4.54 0.59 1.00 0.00
1.10 4.54 0.77 1.00 0.00
1.10 4.54 0.94 1.00 0.00
1.10 4.54 1.11 1.00 0.00
1.10 4.54 1.29 1.00 0.00
1.10 4.54 1.46 1.00 0.00
1.10 4.54 1.64 1.00 0.00
1.10 4.54 1.81 1.00 0.00
1.10 4.54 1.99 1.00 0.00
1.10 4.54 2.16 1.00 0.00
1.10 4.54 2.34 1.00 0.00
1.10 4.54 2.51 1.00 0.00
1.10 4.54 2.69 1.00 0.00
1.10 4.54 2.86 1.00 0.00
1.10 4.54 3.03 1.00 0.00
1.10 4.54 3.21 1.00 0.00
1.10 4.54 3.38 1.00 0.00
1.10 4.54 3.56 1.00 0.00
0.30 4.71 6.76 1.00 0.00
0.30 4.71 6.93 1.00 0.00
0.30 4.71 7.11 1.00 0.00
0.30 4.71 7.28 1.00 0.00
0.30 4.71 7.46 1.00 0.00
0.30 4.71 7.63 1.00 0.00
0.30 4.71 7.81 1.00 0.00
0.30 4.71 7.98 1.00 0.00
0.30 4.71 8.16 1.00 0.00
0.30 4.71 8.33 1.00 0.00
0.30 4.71 8.50 1.00 0.00
0.30 4.71 8.68 1.00 0.00
0.30 4.71 8.85 1.00 0.00
0.30 4.71 9.03 1.00 0.00
0.30 4.71 9.20 1.00 0.00
0.30 4.71 9.38 1.00 0.00
0.30 4.71 9.55 1.00 0.00
0.30 4.71 9.73 1.00 0.00
0.50 4.71 6.80 1.00 0.00
0.50 4.71 6.97 1.00 0.00
0.50 4.71 7.15 1.00 0.00
0.50 4.71 7.32 1.00 0.00
0.50 4.71 7.50 1.00 0.00
0.50 4.71 7.67 1.00 0.00
0.50 4.71 7.85 1.00 0.00
0.50 4.71 8.02 1.00 0.00
0.50 4.71 8.20 1.00 0.00
0.50 4.71 8.37 1.00 0.00
0.50 4.71 8.55 1.00 0.00
0.50 4.71 8.72 1.00 0.00
0.50 4.71 8.89 1.00 0.00
0.50 4.71 9.07 1.00 0.00
0.50 4.71 9.24 1.00 0.00
0.50 4.71 9.42 1.00 0.00
0.50 4.71 9.59 1.00 0.00
0.50 4.71 9.77 1.00 0.00
0.70 4.71 0.56 1.00 0.00
0.70 4.71 0.74 1.00 0.00
0.70 4.71 0.91 1.00 0.00
0.70 4.71 1.09 1.00 0.00
0.70 4.71 1.26 1.00 0.00
0.70 4.71 1.44 1.00 0.00
0.70 4.71 1.61 1.00 0.00
0.70 4.71 1.79 1.00 0.00
0.70 4.71 1.96 1.00 0.00
0.70 4.71 2.14 1.00 0.00
0.70 4.71 2.31 1.00 0.00
0.70 4.71 2.48 1.00 0.00
0.70 4.71 2.66 1.00 0.00
0.70 4.71 2.83 1.00 0.00
0.70 4.71 3.01 1.00 0.00
0.70 4.71 3.18 1.00 0.00
0.70 4.71 3.36 1.00 0.00
0.70 4.71 3.53 1.00 0.00
0.90 4.71 0.62 1.00 0.00
0.90 4.71 0.80 1.00 0.00
0.90 4.71 0.97 1.00 0.00
0.90 4.71 1.14 1.00 0.00
0.90 4.71 1.32 1.00 0.00
0.90 4.71 1.49 1.00 0.00
0.90 4.71 1.67 1.00 0.00
0.90 4.71 1.84 1.00 0.00
0.90 4.71 2.02 1.00 0.00
0.90 4.71 2.19 1.00 0.00
0.90 4.71 2.37 1.00 0.00
0.90 4.71 2.54 1.00 0.00
0.90 4.71 2.72 1.00 0.00
0.90 4.71 2.89 1.00 0.00
0.90 4.71 3.06 1.00 0.00
0.90 4.71 3.24 1.00 0.00
0.90 4.71 3.41 1.00 0.00
0.90 4.71 3.59 1.00 0.00
1.10 4.71 0.69 1.00 0.00
1.10 4.71 0.86 1.00 0.00
1.10 4.71 1.04 1.00 0.00
1.10 4.71 1.21 1.00 0.00
1.10 4.71 1.39 1.00 0.00
1.10 4.71 1.56 1.00 0.00
1.10 4.71 1.73 1.00 0.00
1.10 4.71 1.91 1.00 0.00
1.10 4.71 2.08 1.00 0.00
1.10 4.71 2.26 1.00 0.00
1.10 4.71 2.43 1.00 0.00
1.10 4.71 2.61 1.00 0.00
1.10 4.71 2.78 1.00 0.00
1.10 4.71 2.96 1.00 0.00
1.10 4.71 3.13 1.00 0.00
1.10 4.71 3.31 1.00 0.00
1.10 4.71 3.48 1.00 0.00
1.10 4.71 3.65 1.00 0.00
0.30 4.89 6.78 1.00 0.00
0.30 4.89 6.95 1.00 0.00
0.30 4.89 7.13 1.00 0.00
0.30 4.89 7.30 1.00 0.00
0.30 4.89 7.48 1.00 0.00
0.30 4.89 7.65 1.00 0.00
0.30 4.89 7.82 1.00 0.00
0.30 4.89 8.00 1.00 0.00
0.30 4.89 8.17 1.00 0.00
0.30 4.89 8.35 1.00 0.00
0.30 4.89 8.52 1.00 0.00
0.30 4.89 8.70 1.00 0.00
0.30 4.89 8.87 1.00 0.00
0.30 4.89 9.05 1.00 0.00
0.30 4.89 9.22 1.00 0.00
0.30 4.89 9.39 1.00 0.00
0.30 4.89 9.57 1.00 0.00
0.30 4.89 9.74 1.00 0.00
0.50 4.89 0.55 1.00 0.00
0.50 4.89 0.72 1.00 0.00
0.50 4.89 0.90 1.00 0.00
0.50 4.89 1.07 1.00 0.00
0.50 4.89 1.25 1.00 0.00
0.50 4.89 1.42 1.00 0.00
0.50 4.89 1.60 1.00 0.00
0.50 4.89 1.77 1.00 0.00
0.50 4.89 1.94 1.00 0.00
0.50 4.89 2.12 1.00 0.00
0.50 4.89 2.29 1.00 0.00
0.50 4.89 2.47 1.00 0.00
0.50 4.89 2.64 1.00 0.00
0.50 4.89 2.82 1.00 0.00
0.50 4.89 2.99 1.00 0.00
0.50 4.89 3.17 1.00 0.00
0.50 4.89 3.34 1.00 0.00
0.50 4.89 3.51 1.00 0.00
0.70 4.89 0.61 1.00 0.00
0.70 4.89 0.78 1.00 0.00
0.70 4.89 0.96 1.00 0.00
0.70 4.89 1.13 1.00 0.00
0.70 4.89 1.31 1.00 0.00
0.70 4.89 1.48 1.00 0.00
0.70 4.89 1.66 1.00 0.00
0.70 4.89 1.83 1.00 0.00
0.70 4.89 2.01 1.00 0.00
0.70 4.89 2.18 1.00 0.00
0.70 4.89 2.36 1.00 0.00
0.70 4.89 2.53 1.00 0.00
0.70 4.89 2.70 1.00 0.00
0.70 4.89 2.88 1.00 0.00
0.70 4.89 3.05 1.00 0.00
0.70 4.89 3.23 1.00 0.00
0.70 4.89 3.40 1.00 0.00
0.70 4.89 3.58 1.00 0.00
0.90 4.89 0.68 1.00 0.00
0.90 4.89 0.85 1.00 0.00
0.90 4.89 1.03 1.00 0.00
0.90 4.89 1.20 1.00 0.00
0.90 4.89 1.38 1.00 0.00
0.90 4.89 1.55 1.00 0.00
0.90 4.89 1.73 1.00 0.00
0.90 4.89 1.90 1.00 0.00
0.90 4.89 2.08 1.00 0.00
0.90 4.89 2.25 1.00 0.00
0.90 4.89 2.43 1.00 0.00
0.90 4.89 2.60 1.00 0.00
0.90 4.89 2.77 1.00 0.00
0.90 4.89 2.95 1.00 0.00
0.90 4.89 3.12 1.00 0.00
0.90 4.89 3.30 1.00 0.00
0.90 4.89 3.47 1.00 0.00
0.90 4.89 3.65 1.00 0.00
1.10 4.89 0.76 1.00 0.00
1.10 4.89 0.94 1.00 0.00
1.10 4.89 1.11 1.00 0.00
1.10 4.89 1.28 1.00 0.00
1.10 4.89 1.46 1.00 0.00
1.10 4.89 1.63 1.00 0.00
1.10 4.89 1.81 1.00 0.00
1.10 4.89 1.98 1.00 0.00
1.10 4.89 2.16 1.00 0.00
1.10 4.89 2.33 1.00 0.00
1.10 4.89 2.51 1.00 0.00
1.10 4.89 2.68 1.00 0.00
1.10 4.89 2.86 1.00 0.00
1.10 4.89 3.03 1.00 0.00
1.10 4.89 3.20 1.00 0.00
1.10 4.89 3.38 1.00 0.00
1.10 4.89 3.55 1.00 0.00
1.10 4.89 3.73 1.00 0.00
0.30 5.06 6.79 1.00 0.00
0.30 5.06 6.97 1.00 0.00
0.30 5.06 7.14 1.00 0.00
0.30 5.06 7.32 1.00 0.00
0.30 5.06 7.49 1.00 0.00
0.30 5.06 7.66 1.00 0.00
0.30 5.06 7.84 1.00 0.00
0.30 5.06 8.01 1.00 0.00
0.30 5.06 8.19 1.00 0.00
0.30 5.06 8.36 1.00 0.00
0.30 5.06 8.54 1.00 0.00
0.30 5.06 8.71 1.00 0.00
0.30 5.06 8.89 1.00 0.00
0.30 5.06 9.06 1.00 0.00
0.30 5.06 9.24 1.00 0.00
0.30 5.06 9.41 1.00 0.00
0.30 5.06 9.58 1.00 0.00
0.30 5.06 9.76 1.00 0.00
0.50 5.06 0.57 1.00 0.00
0.50 5.06 0.75 1.00 0.00
0.50 5.06 0.92 1.00 0.00
0.50 5.06 1.10 1.00 0.00
0.50 5.06 1.27 1.00 0.00
0.50 5.06 1.45 1.00 0.00
0.50 5.06 1.62 1.00 0.00
0.50 5.06 1.80 1.00 0.00
0.50 5.06 1.97 1.00 0.00
0.50 5.06 2.14 1.00 0.00
0.50 5.06 2.32 1.00 0.00
0.50 5.06 2.49 1.00 0.00
0.50 5.06 2.67 1.00 0.00
0.50 5.06 2.84 1.00 0.00
0.50 5.06 3.02 1.00 0.00
0.50 5.06 3.19 1.00 0.00
0.50 5.06 3.37 1.00 0.00
0.50 5.06 3.54 1.00 0.00
0.70 5.06 0.64 1.00 0.00
0.70 5.06 0.82 1.00 0.00
0.70 5.06 0.99 1.00 0.00
0.70 5.06 1.17 1.00 0.00
0.70 5.06 1.34 1.00 0.00
0.70 5.06 1.52 1.00 0.00
0.70 5.06 1.69 1.00 0.00
0.70 5.06 1.87 1.00 0.00
0.70 5.06 2.04 1.00 0.00
0.70 5.06 2.22 1.00 0.00
0.70 5.06 2.39 1.00 0.00
0.70 5.06 2.56 1.00 0.00
0.70 5.06 2.74 1.00 0.00
0.70 5.06 2.91 1.00 0.00
0.70 5.06 3.09 1.00 0.00
0.70 5.06 3.26 1.00 0.00
0.70 5.06 3.44 1.00 0.00
0.70 5.06 3.61 1.00 0.00
0.90 5.06 0.72 1.00 0.00
0.90 5.06 0.90 1.00 0.00
0.90 5.06 1.07 1.00 0.00
0.90 5.06 1.25 1.00 0.00
0.90 5.06 1.42 1.00 0.00
0.90 5.06 1.60 1.00 0.00
0.90 5.06 1.77 1.00 0.00
0.90 5.06 1.95 1.00 0.00
0.90 5.06 2.12 1.00 0.00
0.90 5.06 2.29 1.00 0.00
0.90 5.06 2.47 1.00 0.00
0.90 5.06 2.64 1.00 0.00
0.90 5.06 2.82 1.00 0.00
0.90 5.06 2.99 1.00 0.00
0.90 5.06 3.17 1.00 0.00
0.90 5.06 3.34 1.00 0.00
0.90 5.06 3.52 1.00 0.00
0.90 5.06 3.69 1.00 0.00
1.10 5.06 0.81 1.00 0.00
1.10 5.06 0.98 1.00 0.00
1.10 5.06 1.16 1.00 0.00
1.10 5.06 1.33 1.00 0.00
1.10 5.06 1.51 1.00 0.00
1.10 5.06 1.68 1.00 0.00
1.10 5.06 1.86 1.00 0.00
1.10 5.06 2.03 1.00 0.00
1.10 5.06 2.21 1.00 0.00
1.10 5.06 2.38 1.00 0.00
1.10 5.06 2.56 1.00 0.00
1.10 5.06 2.73 1.00 0.00
1.10 5.06 2.90 1.00 0.00
1.10 5.06 3.08 1.00 0.00
1.10 5.06 3.25 1.00 0.00
1.10 5.06 3.43 1.00 0.00
1.10 5.06 3.60 1.00 0.00
1.10 5.06 3.78 1.00 0.00
0.30 5.24 6.80 1.00 0.00
0.30 5.24 6.98 1.00 0.00
0.30 5.24 7.15 1.00 0.00
0.30 5.24 7.33 1.00 0.00
0.30 5.24 7.50 1.00 0.00
0.30 5.24 7.68 1.00 0.00
0.30 5.24 7.85 1.00 0.00
0.30 5.24 8.03 1.00 0.00
0.30 5.24 8.20 1.00 0.00
0.30 5.24 8.38 1.00 0.00
0.30 5.24 8.55 1.00 0.00
0.30 5.24 8.72 1.00 0.00
0.30 5.24 8.90 1.00 0.00
0.30 5.24 9.07 1.00 0.00
0.30 5.24 9.25 1.00 0.00
0.30 5.24 9.42 1.00 0.00
0.30 5.24 9.60 1.00 0.00
0.30 5.24 9.77 1.00 0.00
0.50 5.24 0.59 1.00 0.00
0.50 5.24 0.77 1.00 0.00
0.50 5.24 0.94 1.00 0.00
0.50 5.24 1.12 1.00 0.00
0.50 5.24 1.29 1.00 0.00
0.50 5.24 1.47 1.00 0.00
0.50 5.24 1.64 1.00 0.00
0.50 5.24 1.81 1.00 0.00
0.50 5.24 1.99 1.00 0.00
0.50 5.24 2.16 1.00 0.00
0.50 5.24 2.34 1.00 0.00
0.50 5.24 2.51 1.00 0.00
0.50 5.24 2.69 1.00 0.00
0.50 5.24 2.86 1.00 0.00
0.50 5.24 3.04 1.00 0.00
0.50 5.24 3.21 1.00 0.00
0.50 5.24 3.39 1.00 0.00
0.50 5.24 3.56 1.00 0.00
0.70 5.24 0.67 1.00 0.00
0.70 5.24 0.84 1.00 0.00
0.70 5.24 1.02 1.00 0.00
0.70 5.24 1.19 1.00 0.00
0.70 5.24 1.37 1.00 0.00
0.70 5.24 1.54 1.00 0.00
0.70 5.24 1.72 1.00 0.00
0.70 5.24 1.89 1.00 0.00
0.70 5.24 2.07 1.00 0.00
0.70 5.24 2.24 1.00 0.00
0.70 5.24 2.41 1.00 0.00
0.70 5.24 2.59 1.00 0.00
0.70 5.24 2.76 1.00 0.00
0.70 5.24 2.94 1.00 0.00
0.70 5.24 3.11 1.00 0.00
0.70 5.24 3.29 1.00 0.00
0.70 5.24 3.46 1.00 0.00
0.70 5.24 3.64 1.00 0.00
0.90 5.24 0.75 1.00 0.00
0.90 5.24 0.93 1.00 0.00
0.90 5.24 1.10 1.00 0.00
0.90 5.24 1.27 1.00 0.00
0.90 5.24 1.45 1.00 0.00
0.90 5.24 1.62 1.00 0.00
0.90 5.24 1.80 1.00 0.00
0.90 5.24 1.97 1.00 0.00
0.90 5.24 2.15 1.00 0.00
0.90 5.24 2.32 1.00 0.00
0.90 5.24 2.50 1.00 0.00
0.90 5.24 2.67 1.00 0.00
0.90 5.24 2.85 1.00 0.00
0.90 5.24 3.02 1.00 0.00
0.90 5.24 3.19 1.00 0.00
0.90 5.24 3.37 1.00 0.00
0.90 5.24 3.54 1.00 0.00
0.90 5.24 3.72 1.00 0.00
1.10 5.24 0.84 1.00 0.00
1.10 5.24 1.01 1.00 0.00
1.10 5.24 1.19 1.00 0.00
1.10 5.24 1.36 1.00 0.00
1.10 5.24 1.54 1.00 0.00
1.10 5.24 1.71 1.00 0.00
1.10 5.24 1.88 1.00 0.00
1.10 5.24 2.06 1.00 0.00
1.10 5.24 2.23 1.00 0.00
1.10 5.24 2.41 1.00 0.00
1.10 5.24 2.58 1.00 0.00
1.10 5.24 2.76 1.00 0.00
1.10 5.24 2.93 1.00 0.00
1.10 5.24 3.11 1.00 0.00
1.10 5.24 3.28 1.00 0.00
1.10 5.24 3.46 1.00 0.00
1.10 5.24 3.63 1.00 0.00
1.10 5.24 3.80 1.00 0.00
0.30 5.41 0.53 1.00 0.00
0.30 5.41 0.70 1.00 0.00
0.30 5.41 0.88 1.00 0.00
0.30 5.41 1.05 1.00 0.00
0.30 5.41 1.23 1.00 0.00
0.30 5.41 1.40 1.00 0.00
0.30 5.41 1.58 1.00 0.00
0.30 5.41 1.75 1.00 0.00
0.30 5.41 1.93 1.00 0.00
0.30 5.41 2.10 1.00 0.00
0.30 5.41 2.28 1.00 0.00
0.30 5.41 2.45 1.00 0.00
0.30 5.41 2.62 1.00 0.00
0.30 5.41 2.80 1.00 0.00
0.30 5.41 2.97 1.00 0.00
0.30 5.41 3.15 1.00 0.00
0.30 5.41 3.32 1.00 0.00
0.30 5.41 3.50 1.00 0.00
0.50 5.41 0.61 1.00 0.00
0.50 5.41 0.78 1.00 0.00
0.50 5.41 0.95 1.00 0.00
0.50 5.41 1.13 1.00 0.00
0.50 5.41 1.30 1.00 0.00
0.50 5.41 1.48 1.00 0.00
0.50 5.41 1.65 1.00 0.00
0.50 5.41 1.83 1.00 0.00
0.50 5.41 2.00 1.00 0.00
0.50 5.41 2.18 1.00 0.00
0.50 5.41 2.35 1.00 0.00
0.50 5.41 2.52 1.00 0.00
0.50 5.41 2.70 1.00 0.00
0.50 5.41 2.87 1.00 0.00
0.50 5.41 3.05 1.00 0.00
0.50 5.41 3.22 1.00 0.00
0.50 5.41 3.40 1.00 0.00
0.50 5.41 3.57 1.00 0.00
0.70 5.41 0.68 1.00 0.00
0.70 5.41 0.86 1.00 0.00
0.70 5.41 1.03 1.00 0.00
0.70 5.41 1.21 1.00 0.00
0.70 5.41 1.38 1.00 0.00
0.70 5.41 1.56 1.00 0.00
0.70 5.41 1.73 1.00 0.00
0.70 5.41 1.91 1.00 0.00
0.70 5.41 2.08 1.00 0.00
0.70 5.41 2.25 1.00 0.00
0.70 5.41 2.43 1.00 0.00
0.70 5.41 2.60 1.00 0.00
0.70 5.41 2.78 1.00 0.00
0.70 5.41 2.95 1.00 0.00
0.70 5.41 3.13 1.00 0.00
0.70 5.41 3.30 1.00 0.00
0.70 5.41 3.48 1.00 0.00
0.70 5.41 3.65 1.00 0.00
0.90 5.41 0.76 1.00 0.00
0.90 5.41 0.94 1.00 0.00
0.90 5.41 1.11 1.00 0.00
0.90 5.41 1.29 1.00 0.00
0.90 5.41 1.46 1.00 0.00
0.90 5.41 1.64 1.00 0.00
0.90 5.41 1.81 1.00 0.00
0.90 5.41 1.99 1.00 0.00
0.90 5.41 2.16 1.00 0.00
0.90 5.41 2.34 1.00 0.00
0.90 5.41 2.51 1.00 0.00
0.90 5.41 2.68 1.00 0.00
0.90 5.41 2.86 1.00 0.00
0.90 5.41 3.03 1.00 0.00
0.90 5.41 3.21 1.00 0.00
0.90 5.41 3.38 1.00 0.00
0.90 5.41 3.56 1.00 0.00
0.90 5.41 3.73 1.00 0.00
1.10 5.41 0.85 1.00 0.00
1.10 5.41 1.02 1.00 0.00
1.10 5.41 1.20 1.00 0.00
1.10 5.41 1.37 1.00 0.00
1.10 5.41 1.54 1.00 0.00
1.10 5.41 1.72 1.00 0.00
1.10 5.41 1.89 1.00 0.00
1.10 5.41 2.07 1.00 0.00
1.10 5.41 2.24 1.00 0.00
1.10 5.41 2.42 1.00 0.00
1.10 5.41 2.59 1.00 0.00
1.10 5.41 2.77 1.00 0.00
1.10 5.41 2.94 1.00 0.00
1.10 5.41 3.12 1.00 0.00
1.10 5.41 3.29 1.00 0.00
1.10 5.41 3.46 1.00 0.00
1.10 5.41 3.64 1.00 0.00
1.10 5.41 3.81 1.00 0.00
0.30 5.59 0.53 1.00 0.00
0.30 5.59 0.71 1.00 0.00
0.30 5.59 0.88 1.00 0.00
0.30 5.59 1.06 1.00 0.00
0.30 5.59 1.23 1.00 0.00
0.30 5.59 1.41 1.00 0.00
0.30 5.59 1.58 1.00 0.00
0.30 5.59 1.76 1.00 0.00
0.30 5.59 1.93 1.00 0.00
0.30 5.59 2.11 1.00 0.00
0.30 5.59 2.28 1.00 0.00
0.30 5.59 2.45 1.00 0.00
0.30 5.59 2.63 1.00 0.00
0.30 5.59 2.80 1.00 0.00
0.30 5.59 2.98 1.00 0.00
0.30 5.59 3.15 1.00 0.00
0.30 5.59 3.33 1.00 0.00
0.30 5.59 3.50 1.00 0.00
0.50 5.59 0.61 1.00 0.00
0.50 5.59 0.79 1.00 0.00
0.50 5.59 0.96 1.00 0.00
0.50 5.59 1.13 1.00 0.00
0.50 5.59 1.31 1.00 0.00
0.50 5.59 1.48 1.00 0.00
0.50 5.59 1.66 1.00 0.00
0.50 5.59 1.83 1.00 0.00
0.50 5.59 2.01 1.00 0.00
0.50 5.59 2.18 1.00 0.00
0.50 5.59 2.36 1.00 0.00
0.50 5.59 2.53 1.00 0.00
0.50 5.59 2.71 1.00 0.00
0.50 5.59 2.88 1.00 0.00
0.50 5.59 3.05 1.00 0.00
0.50 5.59 3.23 1.00 0.00
0.50 5.59 3.40 1.00 0.00
0.50 5.59 3.58 1.00 0.00
0.70 5.59 0.69 1.00 0.00
0.70 5.59 0.86 1.00 0.00
0.70 5.59 1.04 1.00 0.00
0.70 5.59 1.21 1.00 0.00
0.70 5.59 1.39 1.00 0.00
0.70 5.59 1.56 1.00 0.00
0.70 5.59 1.74 1.00 0.00
0.70 5.59 1.91 1.00 0.00
0.70 5.59 2.08 1.00 0.00
0.70 5.59 2.26 1.00 0.00
0.70 5.59 2.43 1.00 0.00
0.70 5.59 2.61 1.00 0.00
0.70 5.59 2.78 1.00 0.00
0.70 5.59 2.96 1.00 0.00
0.70 5.59 3.13 1.00 0.00
0.70 5.59 3.31 1.00 0.00
0.70 5.59 3.48 1.00 0.00
0.70 5.59 3.66 1.00 0.00
0.90 5.59 0.77 1.00 0.00
0.90 5.59 0.94 1.00 0.00
0.90 5.59 1.11 1.00 0.00
0.90 5.59 1.29 1.00 0.00
0.90 5.59 1.46 1.00 0.00
0.90 5.59 1.64 1.00 0.00
0.90 5.59 1.81 1.00 0.00
0.90 5.59 1.99 1.00 0.00
0.90 5.59 2.16 1.00 0.00
0.90 5.59 2.34 1.00 0.00
0.90 5.59 2.51 1.00 0.00
0.90 5.59 2.69 1.00 0.00
0.90 5.59 2.86 1.00 0.00
0.90 5.59 3.03 1.00 0.00
0.90 5.59 3.21 1.00 0.00
0.90 5.59 3.38 1.00 0.00
0.90 5.59 3.56 1.00 0.00
0.90 5.59 3.73 1.00 0.00
1.10 5.59 0.84 1.00 0.00
1.10 5.59 1.02 1.00 0.00
1.10 5.59 1.19 1.00 0.00
1.10 5.59 1.37 1.00 0.00
1.10 5.59 1.54 1.00 0.00
1.10 5.59 1.72 1.00 0.00
1.10 5.59 1.89 1.00 0.00
1.10 5.59 2.06 1.00 0.00
1.10 5.59 2.24 1.00 0.00
1.10 5.59 2.41 1.00 0.00
1.10 5.59 2.59 1.00 0.00
1.10 5.59 2.76 1.00 0.00
1.10 5.59 2.94 1.00 0.00
1.10 5.59 3.11 1.00 0.00
1.10 5.59 3.29 1.00 0.00
1.10 5.59 3.46 1.00 0.00
1.10 5.59 3.63 1.00 0.00
1.10 5.59 3.81 1.00 0.00
0.30 5.76 0.54 1.00 0.00
0.30 5.76 0.71 1.00 0.00
0.30 5.76 0.89 1.00 0.00
0.30 5.76 1.06 1.00 0.00
0.30 5.76 1.23 1.00 0.00
0.30 5.76 1.41 1.00 0.00
0.30 5.76 1.58 1.00 0.00
0.30 5.76 1.76 1.00 0.00
0.30 5.76 1.93 1.00 0.00
0.30 5.76 2.11 1.00 0.00
0.30 5.76 2.28 1.00 0.00
0.30 5.76 2.46 1.00 0.00
0.30 5.76 2.63 1.00 0.00
0.30 5.76 2.81 1.00 0.00
0.30 5.76 2.98 1.00 0.00
0.30 5.76 3.15 1.00 0.00
0.30 5.76 3.33 1.00 0.00
0.30 5.76 3.50 1.00 0.00
0.50 5.76 0.61 1.00 0.00
0.50 5.76 0.79 1.00 0.00
0.50 5.76 0.96 1.00 0.00
0.50 5.76 1.13 1.00 0.00
0.50 5.76 1.31 1.00 0.00
0.50 5.76 1.48 1.00 0.00
0.50 5.76 1.66 1.00 0.00
0.50 5.76 1.83 1.00 0.00
0.50 5.76 2.01 1.00 0.00
0.50 5.76 2.18 1.00 0.00
0.50 5.76 2.36 1.00 0.00
0.50 5.76 2.53 1.00 0.00
0.50 5.76 2.71 1.00 0.00
0.50 5.76 2.88 1.00 0.00
0.50 5.76 3.05 1.00 0.00
0.50 5.76 3.23 1.00 0.00
0.50 5.76 3.40 1.00 0.00
0.50 5.76 3.58 1.00 0.00
0.70 5.76 0.68 1.00 0.00
0.70 5.76 0.86 1.00 0.00
0.70 5.76 1.03 1.00 0.00
0.70 5.76 1.21 1.00 0.00
0.70 5.76 1.38 1.00 0.00
0.70 5.76 1.56 1.00 0.00
0.70 5.76 1.73 1.00 0.00
0.70 5.76 1.91 1.00 0.00
0.70 5.76 2.08 1.00 0.00
0.70 5.76 2.26 1.00 0.00
0.70 5.76 2.43 1.00 0.00
0.70 5.76 2.60 1.00 0.00
0.70 5.76 2.78 1.00 0.00
0.70 5.76 2.95 1.00 0.00
0.70 5.76 3.13 1.00 0.00
0.70 5.76 3.30 1.00 0.00
0.70 5.76 3.48 1.00 0.00
0.70 5.76 3.65 1.00 0.00
0.90 5.76 0.76 1.00 0.00
0.90 5.76 0.93 1.00 0.00
0.90 5.76 1.11 1.00 0.00
0.90 5.76 1.28 1.00 0.00
0.90 5.76 1.46 1.00 0.00
0.90 5.76 1.63 1.00 0.00
0.90 5.76 1.80 1.00 0.00
0.90 5.76 1.98 1.00 0.00
0.90 5.76 2.15 1.00 0.00
0.90 5.76 2.33 1.00 0.00
0.90 5.76 2.50 1.00 0.00
0.90 5.76 2.68 1.00 0.00
0.90 5.76 2.85 1.00 0.00
0.90 5.76 3.03 1.00 0.00
0.90 5.76 3.20 1.00 0.00
0.90 5.76 3.37 1.00 0.00
0.90 5.76 3.55 1.00 0.00
0.90 5.76 3.72 1.00 0.00
1.10 5.76 0.83 1.00 0.00
1.10 5.76 1.00 1.00 0.00
1.10 5.76 1.18 1.00 0.00
1.10 5.76 1.35 1.00 0.00
1.10 5.76 1.52 1.00 0.00
1.10 5.76 1.70 1.00 0.00
1.10 5.76 1.87 1.00 0.00
1.10 5.76 2.05 1.00 0.00
1.10 5.76 2.22 1.00 0.00
1.10 5.76 2.40 1.00 0.00
1.10 5.76 2.57 1.00 0.00
1.10 5.76 2.75 1.00 0.00
1.10 5.76 2.92 1.00 0.00
1.10 5.76 3.10 1.00 0.00
1.10 5.76 3.27 1.00 0.00
1.10 5.76 3.44 1.00 0.00
1.10 5.76 3.62 1.00 0.00
1.10 5.76 3.79 1.00 0.00
0.30 5.93 0.53 1.00 0.00
0.30 5.93 0.71 1.00 0.00
0.30 5.93 0.88 1.00 0.00
0.30 5.93 1.06 1.00 0.00
0.30 5.93 1.23 1.00 0.00
0.30 5.93 1.41 1.00 0.00
0.30 5.93 1.58 1.00 0.00
0.30 5.93 1.76 1.00 0.00
0.30 5.93 1.93 1.00 0.00
0.30 5.93 2.11 1.00 0.00
0.30 5.93 2.28 1.00 0.00
0.30 5.93 2.45 1.00 0.00
0.30 5.93 2.63 1.00 0.00
0.30 5.93 2.80 1.00 0.00
0.30 5.93 2.98 1.00 0.00
0.30 5.93 3.15 1.00 0.00
0.30 5.93 3.33 1.00 0.00
0.30 5.93 3.50 1.00 0.00
0.50 5.93 0.61 1.00 0.00
0.50 5.93 0.78 1.00 0.00
0.50 5.93 0.95 1.00 0.00
0.50 5.93 1.13 1.00 0.00
0.50 5.93 1.30 1.00 0.00
0.50 5.93 1.48 1.00 0.00
0.50 5.93 1.65 1.00 0.00
0.50 5.93 1.83 1.00 0.00
0.50 5.93 2.00 1.00 0.00
0.50 5.93 2.18 1.00 0.00
0.50 5.93 2.35 1.00 0.00
0.50 5.93 2.53 1.00 0.00
0.50 5.93 2.70 1.00 0.00
0.50 5.93 2.87 1.00 0.00
0.50 5.93 3.05 1.00 0.00
0.50 5.93 3.22 1.00 0.00
0.50 5.93 3.40 1.00 0.00
0.50 5.93 3.57 1.00 0.00
0.70 5.93 0.67 1.00 0.00
0.70 5.93 0.85 1.00 0.00
0.70 5.93 1.02 1.00 0.00
0.70 5.93 1.20 1.00 0.00
0.70 5.93 1.37 1.00 0.00
0.70 5.93 1.55 1.00 0.00
0.70 5.93 1.72 1.00 0.00
0.70 5.93 1.90 1.00 0.00
0.70 5.93 2.07 1.00 0.00
0.70 5.93 2.25 1.00 0.00
0.70 5.93 2.42 1.00 0.00
0.70 5.93 2.59 1.00 0.00
0.70 5.93 2.77 1.00 0.00
0.70 5.93 2.94 1.00 0.00
0.70 5.93 3.12 1.00 0.00
0.70 5.93 3.29 1.00 0.00
0.70 5.93 3.47 1.00 0.00
0.70 5.93 3.64 1.00 0.00
0.90 5.93 0.74 1.00 0.00
0.90 5.93 0.91 1.00 0.00
0.90 5.93 1.09 1.00 0.00
0.90 5.93 1.26 1.00 0.00
0.90 5.93 1.44 1.00 0.00
0.90 5.93 1.61 1.00 0.00
0.90 5.93 1.79 1.00 0.00
0.90 5.93 1.96 1.00 0.00
0.90 5.93 2.14 1.00 0.00
0.90 5.93 2.31 1.00 0.00
0.90 5.93 2.49 1.00 0.00
0.90 5.93 2.66 1.00 0.00
0.90 5.93 2.83 1.00 0.00
0.90 5.93 3.01 1.00 0.00
0.90 5.93 3.18 1.00 0.00
0.90 5.93 3.36 1.00 0.00
0.90 5.93 3.53 1.00 0.00
0.90 5.93 3.71 1.00 0.00
1.10 5.93 0.80 1.00 0.00
1.10 5.93 0.98 1.00 0.00
1.10 5.93 1.15 1.00 0.00
1.10 5.93 1.33 1.00 0.00
1.10 5.93 1.50 1.00 0.00
1.10 5.93 1.67 1.00 0.00
1.10 5.93 1.85 1.00 0.00
1.10 5.93 2.02 1.00 0.00
1.10 5.93 2.20 1.00 0.00
1.10 5.93 2.37 1.00 0.00
1.10 5.93 2.55 1.00 0.00
1.10 5.93 2.72 1.00 0.00
1.10 5.93 2.90 1.00 0.00
1.10 5.93 3.07 1.00 0.00
1.10 5.93 3.25 1.00 0.00
1.10 5.93 3.42 1.00 0.00
1.10 5.93 3.59 1.00 0.00
1.10 5.93 3.77 1.00 0.00
0.30 6.11 0.53 1.00 0.00
0.30 6.11 0.70 1.00 0.00
0.30 6.11 0.88 1.00 0.00
0.30 6.11 1.05 1.00 0.00
0.30 6.11 1.23 1.00 0.00
0.30 6.11 1.40 1.00 0.00
0.30 6.11 1.58 1.00 0.00
0.30 6.11 1.75 1.00 0.00
0.30 6.11 1.93 1.00 0.00
0.30 6.11 2.10 1.00 0.00
0.30 6.11 2.27 1.00 0.00
0.30 6.11 2.45 1.00 0.00
0.30 6.11 2.62 1.00 0.00
0.30 6.11 2.80 1.00 0.00
0.30 6.11 2.97 1.00 0.00
0.30 6.11 3.15 1.00 0.00
0.30 6.11 3.32 1.00 0.00
0.30 6.11 3.50 1.00 0.00
0.50 6.11 0.60 1.00 0.00
0.50 6.11 0.77 1.00 0.00
0.50 6.11 0.94 1.00 0.00
0.50 6.11 1.12 1.00 0.00
0.50 6.11 1.29 1.00 0.00
0.50 6.11 1.47 1.00 0.00
0.50 6.11 1.64 1.00 0.00
0.50 6.11 1.82 1.00 0.00
0.50 6.11 1.99 1.00 0.00
0.50 6.11 2.17 1.00 0.00
0.50 6.11 2.34 1.00 0.00
0.50 6.11 2.52 1.00 0.00
0.50 6.11 2.69 1.00 0.00
0.50 6.11 2.86 1.00 0.00
0.50 6.11 3.04 1.00 0.00
0.50 6.11 3.21 1.00 0.00
0.50 6.11 3.39 1.00 0.00
0.50 6.11 3.56 1.00 0.00
0.70 6.11 0.66 1.00 0.00
0.70 6.11 0.83 1.00 0.00
0.70 6.11 1.01 1.00 0.00
0.70 6.11 1.18 1.00 0.00
0.70 6.11 1.36 1.00 0.00
0.70 6.11 1.53 1.00 0.00
0.70 6.11 1.70 1.00 0.00
0.70 6.11 1.88 1.00 0.00
0.70 6.11 2.05 1.00 0.00
0.70 6.11 2.23 1.00 0.00
0.70 6.11 2.40 1.00 0.00
0.70 6.11 2.58 1.00 0.00
0.70 6.11 2.75 1.00 0.00
0.70 6.11 2.93 1.00 0.00
0.70 6.11 3.10 1.00 0.00
0.70 6.11 3.28 1.00 0.00
0.70 6.11 3.45 1.00 0.00
0.70 6.11 3.62 1.00 0.00
0.90 6.11 0.72 1.00 0.00
0.90 6.11 0.89 1.00 0.00
0.90 6.11 1.07 1.00 0.00
0.90 6.11 1.24 1.00 0.00
0.90 6.11 1.41 1.00 0.00
0.90 6.11 1.59 1.00 0.00
0.90 6.11 1.76 1.00 0.00
0.90 6.11 1.94 1.00 0.00
0.90 6.11 2.11 1.00 0.00
0.90 6.11 2.29 1.00 0.00
0.90 6.11 2.46 1.00 0.00
0.90 6.11 2.64 1.00 0.00
0.90 6.11 2.81 1.00 0.00
0.90 6.11 2.98 1.00 0.00
0.90 6.11 3.16 1.00 0.00
0.90 6.11 3.33 1.00 0.00
0.90 6.11 3.51 1.00 0.00
0.90 6.11 3.68 1.00 0.00
1.10 6.11 0.77 1.00 0.00
1.10 6.11 0.95 1.00 0.00
1.10 6.11 1.12 1.00 0.00
1.10 6.11 1.29 1.00 0.00
1.10 6.11 1.47 1.00 0.00
1.10 6.11 1.64 1.00 0.00
1.10 6.11 1.82 1.00 0.00
1.10 6.11 1.99 1.00 0.00
1.10 6.11 2.17 1.00 0.00
1.10 6.11 2.34 1.00 0.00
1.10 6.11 2.52 1.00 0.00
1.10 6.11 2.69 1.00 0.00
1.10 6.11 2.87 1.00 0.00
1.10 6.11 3.04 1.00 0.00
1.10 6.11 3.21 1.00 0.00
1.10 6.11 3.39 1.00 0.00
1.10 6.11 3.56 1.00 0.00
1.10 6.11 3.74 1.00 0.00
