0.30 0.00 0.35 1.00 0.00
0.30 0.00 0.53 1.00 0.00
0.30 0.00 0.70 1.00 0.00
0.30 0.00 0.88 1.00 0.00
0.30 0.00 1.05 1.00 0.00
0.30 0.00 1.23 1.00 0.00
0.30 0.00 1.40 1.00 0.00
0.30 0.00 1.58 1.00 0.00
0.30 0.00 1.75 1.00 0.00
0.30 0.00 1.93 1.00 0.00
0.30 0.00 2.10 1.00 0.00
0.30 0.00 2.27 1.00 0.00
0.30 0.00 2.45 1.00 0.00
0.30 0.00 2.62 1.00 0.00
0.30 0.00 2.80 1.00 0.00
0.30 0.00 2.97 1.00 0.00
0.30 0.00 3.15 1.00 0.00
0.30 0.00 3.32 1.00 0.00
0.50 0.00 0.42 1.00 0.00
0.50 0.00 0.60 1.00 0.00
0.50 0.00 0.77 1.00 0.00
0.50 0.00 0.94 1.00 0.00
0.50 0.00 1.12 1.00 0.00
0.50 0.00 1.29 1.00 0.00
0.50 0.00 1.47 1.00 0.00
0.50 0.00 1.64 1.00 0.00
0.50 0.00 1.82 1.00 0.00
0.50 0.00 1.99 1.00 0.00
0.50 0.00 2.17 1.00 0.00
0.50 0.00 2.34 1.00 0.00
0.50 0.00 2.52 1.00 0.00
0.50 0.00 2.69 1.00 0.00
0.50 0.00 2.86 1.00 0.00
0.50 0.00 3.04 1.00 0.00
0.50 0.00 3.21 1.00 0.00
0.50 0.00 3.39 1.00 0.00
0.70 0.00 0.48 1.00 0.00
0.70 0.00 0.66 1.00 0.00
0.70 0.00 0.83 1.00 0.00
0.70 0.00 1.01 1.00 0.00
0.70 0.00 1.18 1.00 0.00
0.70 0.00 1.36 1.00 0.00
0.70 0.00 1.53 1.00 0.00
0.70 0.00 1.70 1.00 0.00
0.70 0.00 1.88 1.00 0.00
0.70 0.00 2.05 1.00 0.00
0.70 0.00 2.23 1.00 0.00
0.70 0.00 2.40 1.00 0.00
0.70 0.00 2.58 1.00 0.00
0.70 0.00 2.75 1.00 0.00
0.70 0.00 2.93 1.00 0.00
0.70 0.00 3.10 1.00 0.00
0.70 0.00 3.28 1.00 0.00
0.70 0.00 3.45 1.00 0.00
0.90 0.00 0.54 1.00 0.00
0.90 0.00 0.72 1.00 0.00
0.90 0.00 0.89 1.00 0.00
0.90 0.00 1.07 1.00 0.00
0.90 0.00 1.24 1.00 0.00
0.90 0.00 1.41 1.00 0.00
0.90 0.00 1.59 1.00 0.00
0.90 0.00 1.76 1.00 0.00
0.90 0.00 1.94 1.00 0.00
0.90 0.00 2.11 1.00 0.00
0.90 0.00 2.29 1.00 0.00
0.90 0.00 2.46 1.00 0.00
0.90 0.00 2.64 1.00 0.00
0.90 0.00 2.81 1.00 0.00
0.90 0.00 2.98 1.00 0.00
0.90 0.00 3.16 1.00 0.00
0.90 0.00 3.33 1.00 0.00
0.90 0.00 3.51 1.00 0.00
1.10 0.00 0.60 1.00 0.00
1.10 0.00 0.77 1.00 0.00
1.10 0.00 0.95 1.00 0.00
1.10 0.00 1.12 1.00 0.00
1.10 0.00 1.29 1.00 0.00
1.10 0.00 1.47 1.00 0.00
1.10 0.00 1.64 1.00 0.00
1.10 0.00 1.82 1.00 0.00
1.10 0.00 1.99 1.00 0.00
1.10 0.00 2.17 1.00 0.00
1.10 0.00 2.34 1.00 0.00
1.10 0.00 2.52 1.00 0.00
1.10 0.00 2.69 1.00 0.00
1.10 0.00 2.87 1.00 0.00
1.10 0.00 3.04 1.00 0.00
1.10 0.00 3.21 1.00 0.00
1.10 0.00 3.39 1.00 0.00
1.10 0.00 3.56 1.00 0.00
0.30 0.17 6.63 1.00 0.00
0.30 0.17 6.80 1.00 0.00
0.30 0.17 6.98 1.00 0.00
0.30 0.17 7.15 1.00 0.00
0.30 0.17 7.33 1.00 0.00
0.30 0.17 7.50 1.00 0.00
0.30 0.17 7.68 1.00 0.00
0.30 0.17 7.85 1.00 0.00
0.30 0.17 8.03 1.00 0.00
0.30 0.17 8.20 1.00 0.00
0.30 0.17 8.38 1.00 0.00
0.30 0.17 8.55 1.00 0.00
0.30 0.17 8.72 1.00 0.00
0.30 0.17 8.90 1.00 0.00
0.30 0.17 9.07 1.00 0.00
0.30 0.17 9.25 1.00 0.00
0.30 0.17 9.42 1.00 0.00
0.30 0.17 9.60 1.00 0.00
0.50 0.17 0.41 1.00 0.00
0.50 0.17 0.58 1.00 0.00
0.50 0.17 0.76 1.00 0.00
0.50 0.17 0.93 1.00 0.00
0.50 0.17 1.10 1.00 0.00
0.50 0.17 1.28 1.00 0.00
0.50 0.17 1.45 1.00 0.00
0.50 0.17 1.63 1.00 0.00
0.50 0.17 1.80 1.00 0.00
0.50 0.17 1.98 1.00 0.00
0.50 0.17 2.15 1.00 0.00
0.50 0.17 2.33 1.00 0.00
0.50 0.17 2.50 1.00 0.00
0.50 0.17 2.68 1.00 0.00
0.50 0.17 2.85 1.00 0.00
0.50 0.17 3.02 1.00 0.00
0.50 0.17 3.20 1.00 0.00
0.50 0.17 3.37 1.00 0.00
0.70 0.17 0.46 1.00 0.00
0.70 0.17 0.64 1.00 0.00
0.70 0.17 0.81 1.00 0.00
0.70 0.17 0.98 1.00 0.00
0.70 0.17 1.16 1.00 0.00
0.70 0.17 1.33 1.00 0.00
0.70 0.17 1.51 1.00 0.00
0.70 0.17 1.68 1.00 0.00
0.70 0.17 1.86 1.00 0.00
0.70 0.17 2.03 1.00 0.00
0.70 0.17 2.21 1.00 0.00
0.70 0.17 2.38 1.00 0.00
0.70 0.17 2.56 1.00 0.00
0.70 0.17 2.73 1.00 0.00
0.70 0.17 2.90 1.00 0.00
0.70 0.17 3.08 1.00 0.00
0.70 0.17 3.25 1.00 0.00
0.70 0.17 3.43 1.00 0.00
0.90 0.17 0.51 1.00 0.00
0.90 0.17 0.69 1.00 0.00
0.90 0.17 0.86 1.00 0.00
0.90 0.17 1.04 1.00 0.00
0.90 0.17 1.21 1.00 0.00
0.90 0.17 1.38 1.00 0.00
0.90 0.17 1.56 1.00 0.00
0.90 0.17 1.73 1.00 0.00
0.90 0.17 1.91 1.00 0.00
0.90 0.17 2.08 1.00 0.00
0.90 0.17 2.26 1.00 0.00
0.90 0.17 2.43 1.00 0.00
0.90 0.17 2.61 1.00 0.00
0.90 0.17 2.78 1.00 0.00
0.90 0.17 2.96 1.00 0.00
0.90 0.17 3.13 1.00 0.00
0.90 0.17 3.30 1.00 0.00
0.90 0.17 3.48 1.00 0.00
1.10 0.17 0.56 1.00 0.00
1.10 0.17 0.73 1.00 0.00
1.10 0.17 0.91 1.00 0.00
1.10 0.17 1.08 1.00 0.00
1.10 0.17 1.26 1.00 0.00
1.10 0.17 1.43 1.00 0.00
1.10 0.17 1.61 1.00 0.00
1.10 0.17 1.78 1.00 0.00
1.10 0.17 1.96 1.00 0.00
1.10 0.17 2.13 1.00 0.00
1.10 0.17 2.30 1.00 0.00
1.10 0.17 2.48 1.00 0.00
1.10 0.17 2.65 1.00 0.00
1.10 0.17 2.83 1.00 0.00
1.10 0.17 3.00 1.00 0.00
1.10 0.17 3.18 1.00 0.00
1.10 0.17 3.35 1.00 0.00
1.10 0.17 3.53 1.00 0.00
0.30 0.35 6.62 1.00 0.00
0.30 0.35 6.79 1.00 0.00
0.30 0.35 6.97 1.00 0.00
0.30 0.35 7.14 1.00 0.00
0.30 0.35 7.32 1.00 0.00
0.30 0.35 7.49 1.00 0.00
0.30 0.35 7.67 1.00 0.00
0.30 0.35 7.84 1.00 0.00
0.30 0.35 8.02 1.00 0.00
0.30 0.35 8.19 1.00 0.00
0.30 0.35 8.37 1.00 0.00
0.30 0.35 8.54 1.00 0.00
0.30 0.35 8.71 1.00 0.00
0.30 0.35 8.89 1.00 0.00
0.30 0.35 9.06 1.00 0.00
0.30 0.35 9.24 1.00 0.00
0.30 0.35 9.41 1.00 0.00
0.30 0.35 9.59 1.00 0.00
0.50 0.35 0.39 1.00 0.00
0.50 0.35 0.56 1.00 0.00
0.50 0.35 0.74 1.00 0.00
0.50 0.35 0.91 1.00 0.00
0.50 0.35 1.09 1.00 0.00
0.50 0.35 1.26 1.00 0.00
0.50 0.35 1.44 1.00 0.00
0.50 0.35 1.61 1.00 0.00
0.50 0.35 1.78 1.00 0.00
0.50 0.35 1.96 1.00 0.00
0.50 0.35 2.13 1.00 0.00
0.50 0.35 2.31 1.00 0.00
0.50 0.35 2.48 1.00 0.00
0.50 0.35 2.66 1.00 0.00
0.50 0.35 2.83 1.00 0.00
0.50 0.35 3.01 1.00 0.00
0.50 0.35 3.18 1.00 0.00
0.50 0.35 3.36 1.00 0.00
0.70 0.35 0.44 1.00 0.00
0.70 0.35 0.61 1.00 0.00
0.70 0.35 0.78 1.00 0.00
0.70 0.35 0.96 1.00 0.00
0.70 0.35 1.13 1.00 0.00
0.70 0.35 1.31 1.00 0.00
0.70 0.35 1.48 1.00 0.00
0.70 0.35 1.66 1.00 0.00
0.70 0.35 1.83 1.00 0.00
0.70 0.35 2.01 1.00 0.00
0.70 0.35 2.18 1.00 0.00
0.70 0.35 2.36 1.00 0.00
0.70 0.35 2.53 1.00 0.00
0.70 0.35 2.70 1.00 0.00
0.70 0.35 2.88 1.00 0.00
0.70 0.35 3.05 1.00 0.00
0.70 0.35 3.23 1.00 0.00
0.70 0.35 3.40 1.00 0.00
0.90 0.35 0.48 1.00 0.00
0.90 0.35 0.65 1.00 0.00
0.90 0.35 0.83 1.00 0.00
0.90 0.35 1.00 1.00 0.00
0.90 0.35 1.18 1.00 0.00
0.90 0.35 1.35 1.00 0.00
0.90 0.35 1.53 1.00 0.00
0.90 0.35 1.70 1.00 0.00
0.90 0.35 1.88 1.00 0.00
0.90 0.35 2.05 1.00 0.00
0.90 0.35 2.22 1.00 0.00
0.90 0.35 2.40 1.00 0.00
0.90 0.35 2.57 1.00 0.00
0.90 0.35 2.75 1.00 0.00
0.90 0.35 2.92 1.00 0.00
0.90 0.35 3.10 1.00 0.00
0.90 0.35 3.27 1.00 0.00
0.90 0.35 3.45 1.00 0.00
1.10 0.35 0.52 1.00 0.00
1.10 0.35 0.69 1.00 0.00
1.10 0.35 0.87 1.00 0.00
1.10 0.35 1.04 1.00 0.00
1.10 0.35 1.22 1.00 0.00
1.10 0.35 1.39 1.00 0.00
1.10 0.35 1.57 1.00 0.00
1.10 0.35 1.74 1.00 0.00
1.10 0.35 1.91 1.00 0.00
1.10 0.35 2.09 1.00 0.00
1.10 0.35 2.26 1.00 0.00
1.10 0.35 2.44 1.00 0.00
1.10 0.35 2.61 1.00 0.00
1.10 0.35 2.79 1.00 0.00
1.10 0.35 2.96 1.00 0.00
1.10 0.35 3.14 1.00 0.00
1.10 0.35 3.31 1.00 0.00
1.10 0.35 3.49 1.00 0.00
0.30 0.52 6.61 1.00 0.00
0.30 0.52 6.78 1.00 0.00
0.30 0.52 6.96 1.00 0.00
0.30 0.52 7.13 1.00 0.00
0.30 0.52 7.31 1.00 0.00
0.30 0.52 7.48 1.00 0.00
0.30 0.52 7.65 1.00 0.00
0.30 0.52 7.83 1.00 0.00
0.30 0.52 8.00 1.00 0.00
0.30 0.52 8.18 1.00 0.00
0.30 0.52 8.35 1.00 0.00
0.30 0.52 8.53 1.00 0.00
0.30 0.52 8.70 1.00 0.00
0.30 0.52 8.88 1.00 0.00
0.30 0.52 9.05 1.00 0.00
0.30 0.52 9.23 1.00 0.00
0.30 0.52 9.40 1.00 0.00
0.30 0.52 9.57 1.00 0.00
0.50 0.52 0.37 1.00 0.00
0.50 0.52 0.54 1.00 0.00
0.50 0.52 0.72 1.00 0.00
0.50 0.52 0.89 1.00 0.00
0.50 0.52 1.07 1.00 0.00
0.50 0.52 1.24 1.00 0.00
0.50 0.52 1.41 1.00 0.00
0.50 0.52 1.59 1.00 0.00
0.50 0.52 1.76 1.00 0.00
0.50 0.52 1.94 1.00 0.00
0.50 0.52 2.11 1.00 0.00
0.50 0.52 2.29 1.00 0.00
0.50 0.52 2.46 1.00 0.00
0.50 0.52 2.64 1.00 0.00
0.50 0.52 2.81 1.00 0.00
0.50 0.52 2.99 1.00 0.00
0.50 0.52 3.16 1.00 0.00
0.50 0.52 3.33 1.00 0.00
0.70 0.52 0.41 1.00 0.00
0.70 0.52 0.58 1.00 0.00
0.70 0.52 0.76 1.00 0.00
0.70 0.52 0.93 1.00 0.00
0.70 0.52 1.10 1.00 0.00
0.70 0.52 1.28 1.00 0.00
0.70 0.52 1.45 1.00 0.00
0.70 0.52 1.63 1.00 0.00
0.70 0.52 1.80 1.00 0.00
0.70 0.52 1.98 1.00 0.00
0.70 0.52 2.15 1.00 0.00
0.70 0.52 2.33 1.00 0.00
0.70 0.52 2.50 1.00 0.00
0.70 0.52 2.68 1.00 0.00
0.70 0.52 2.85 1.00 0.00
0.70 0.52 3.02 1.00 0.00
0.70 0.52 3.20 1.00 0.00
0.70 0.52 3.37 1.00 0.00
0.90 0.52 0.44 1.00 0.00
0.90 0.52 0.62 1.00 0.00
0.90 0.52 0.79 1.00 0.00
0.90 0.52 0.97 1.00 0.00
0.90 0.52 1.14 1.00 0.00
0.90 0.52 1.31 1.00 0.00
0.90 0.52 1.49 1.00 0.00
0.90 0.52 1.66 1.00 0.00
0.90 0.52 1.84 1.00 0.00
0.90 0.52 2.01 1.00 0.00
0.90 0.52 2.19 1.00 0.00
0.90 0.52 2.36 1.00 0.00
0.90 0.52 2.54 1.00 0.00
0.90 0.52 2.71 1.00 0.00
0.90 0.52 2.89 1.00 0.00
0.90 0.52 3.06 1.00 0.00
0.90 0.52 3.23 1.00 0.00
0.90 0.52 3.41 1.00 0.00
1.10 0.52 0.47 1.00 0.00
1.10 0.52 0.65 1.00 0.00
1.10 0.52 0.82 1.00 0.00
1.10 0.52 1.00 1.00 0.00
1.10 0.52 1.17 1.00 0.00
1.10 0.52 1.35 1.00 0.00
1.10 0.52 1.52 1.00 0.00
1.10 0.52 1.70 1.00 0.00
1.10 0.52 1.87 1.00 0.00
1.10 0.52 2.04 1.00 0.00
1.10 0.52 2.22 1.00 0.00
1.10 0.52 2.39 1.00 0.00
1.10 0.52 2.57 1.00 0.00
1.10 0.52 2.74 1.00 0.00
1.10 0.52 2.92 1.00 0.00
1.10 0.52 3.09 1.00 0.00
1.10 0.52 3.27 1.00 0.00
1.10 0.52 3.44 1.00 0.00
0.30 0.70 6.59 1.00 0.00
0.30 0.70 6.77 1.00 0.00
0.30 0.70 6.94 1.00 0.00
0.30 0.70 7.12 1.00 0.00
0.30 0.70 7.29 1.00 0.00
0.30 0.70 7.47 1.00 0.00
0.30 0.70 7.64 1.00 0.00
0.30 0.70 7.81 1.00 0.00
0.30 0.70 7.99 1.00 0.00
0.30 0.70 8.16 1.00 0.00
0.30 0.70 8.34 1.00 0.00
0.30 0.70 8.51 1.00 0.00
0.30 0.70 8.69 1.00 0.00
0.30 0.70 8.86 1.00 0.00
0.30 0.70 9.04 1.00 0.00
0.30 0.70 9.21 1.00 0.00
0.30 0.70 9.39 1.00 0.00
0.30 0.70 9.56 1.00 0.00
0.50 0.70 6.63 1.00 0.00
0.50 0.70 6.80 1.00 0.00
0.50 0.70 6.98 1.00 0.00
0.50 0.70 7.15 1.00 0.00
0.50 0.70 7.33 1.00 0.00
0.50 0.70 7.50 1.00 0.00
0.50 0.70 7.67 1.00 0.00
0.50 0.70 7.85 1.00 0.00
0.50 0.70 8.02 1.00 0.00
0.50 0.70 8.20 1.00 0.00
0.50 0.70 8.37 1.00 0.00
0.50 0.70 8.55 1.00 0.00
0.50 0.70 8.72 1.00 0.00
0.50 0.70 8.90 1.00 0.00
0.50 0.70 9.07 1.00 0.00
0.50 0.70 9.25 1.00 0.00
0.50 0.70 9.42 1.00 0.00
0.50 0.70 9.59 1.00 0.00
0.70 0.70 0.37 1.00 0.00
0.70 0.70 0.55 1.00 0.00
0.70 0.70 0.72 1.00 0.00
0.70 0.70 0.90 1.00 0.00
0.70 0.70 1.07 1.00 0.00
0.70 0.70 1.25 1.00 0.00
0.70 0.70 1.42 1.00 0.00
0.70 0.70 1.60 1.00 0.00
0.70 0.70 1.77 1.00 0.00
0.70 0.70 1.95 1.00 0.00
0.70 0.70 2.12 1.00 0.00
0.70 0.70 2.29 1.00 0.00
0.70 0.70 2.47 1.00 0.00
0.70 0.70 2.64 1.00 0.00
0.70 0.70 2.82 1.00 0.00
0.70 0.70 2.99 1.00 0.00
0.70 0.70 3.17 1.00 0.00
0.70 0.70 3.34 1.00 0.00
0.90 0.70 0.40 1.00 0.00
0.90 0.70 0.58 1.00 0.00
0.90 0.70 0.75 1.00 0.00
0.90 0.70 0.93 1.00 0.00
0.90 0.70 1.10 1.00 0.00
0.90 0.70 1.28 1.00 0.00
0.90 0.70 1.45 1.00 0.00
0.90 0.70 1.62 1.00 0.00
0.90 0.70 1.80 1.00 0.00
0.90 0.70 1.97 1.00 0.00
0.90 0.70 2.15 1.00 0.00
0.90 0.70 2.32 1.00 0.00
0.90 0.70 2.50 1.00 0.00
0.90 0.70 2.67 1.00 0.00
0.90 0.70 2.85 1.00 0.00
0.90 0.70 3.02 1.00 0.00
0.90 0.70 3.19 1.00 0.00
0.90 0.70 3.37 1.00 0.00
1.10 0.70 0.43 1.00 0.00
1.10 0.70 0.60 1.00 0.00
1.10 0.70 0.78 1.00 0.00
1.10 0.70 0.95 1.00 0.00
1.10 0.70 1.13 1.00 0.00
1.10 0.70 1.30 1.00 0.00
1.10 0.70 1.47 1.00 0.00
1.10 0.70 1.65 1.00 0.00
1.10 0.70 1.82 1.00 0.00
1.10 0.70 2.00 1.00 0.00
1.10 0.70 2.17 1.00 0.00
1.10 0.70 2.35 1.00 0.00
1.10 0.70 2.52 1.00 0.00
1.10 0.70 2.70 1.00 0.00
1.10 0.70 2.87 1.00 0.00
1.10 0.70 3.05 1.00 0.00
1.10 0.70 3.22 1.00 0.00
1.10 0.70 3.39 1.00 0.00
0.30 0.87 6.58 1.00 0.00
0.30 0.87 6.75 1.00 0.00
0.30 0.87 6.93 1.00 0.00
0.30 0.87 7.10 1.00 0.00
0.30 0.87 7.28 1.00 0.00
0.30 0.87 7.45 1.00 0.00
0.30 0.87 7.62 1.00 0.00
0.30 0.87 7.80 1.00 0.00
0.30 0.87 7.97 1.00 0.00
0.30 0.87 8.15 1.00 0.00
0.30 0.87 8.32 1.00 0.00
0.30 0.87 8.50 1.00 0.00
0.30 0.87 8.67 1.00 0.00
0.30 0.87 8.85 1.00 0.00
0.30 0.87 9.02 1.00 0.00
0.30 0.87 9.19 1.00 0.00
0.30 0.87 9.37 1.00 0.00
0.30 0.87 9.54 1.00 0.00
0.50 0.87 6.60 1.00 0.00
0.50 0.87 6.78 1.00 0.00
0.50 0.87 6.95 1.00 0.00
0.50 0.87 7.13 1.00 0.00
0.50 0.87 7.30 1.00 0.00
0.50 0.87 7.47 1.00 0.00
0.50 0.87 7.65 1.00 0.00
0.50 0.87 7.82 1.00 0.00
0.50 0.87 8.00 1.00 0.00
0.50 0.87 8.17 1.00 0.00
0.50 0.87 8.35 1.00 0.00
0.50 0.87 8.52 1.00 0.00
0.50 0.87 8.70 1.00 0.00
0.50 0.87 8.87 1.00 0.00
0.50 0.87 9.05 1.00 0.00
0.50 0.87 9.22 1.00 0.00
0.50 0.87 9.39 1.00 0.00
0.50 0.87 9.57 1.00 0.00
0.70 0.87 6.62 1.00 0.00
0.70 0.87 6.80 1.00 0.00
0.70 0.87 6.97 1.00 0.00
0.70 0.87 7.15 1.00 0.00
0.70 0.87 7.32 1.00 0.00
0.70 0.87 7.50 1.00 0.00
0.70 0.87 7.67 1.00 0.00
0.70 0.87 7.85 1.00 0.00
0.70 0.87 8.02 1.00 0.00
0.70 0.87 8.20 1.00 0.00
0.70 0.87 8.37 1.00 0.00
0.70 0.87 8.54 1.00 0.00
0.70 0.87 8.72 1.00 0.00
0.70 0.87 8.89 1.00 0.00
0.70 0.87 9.07 1.00 0.00
0.70 0.87 9.24 1.00 0.00
0.70 0.87 9.42 1.00 0.00
0.70 0.87 9.59 1.00 0.00
0.90 0.87 0.36 1.00 0.00
0.90 0.87 0.54 1.00 0.00
0.90 0.87 0.71 1.00 0.00
0.90 0.87 0.88 1.00 0.00
0.90 0.87 1.06 1.00 0.00
0.90 0.87 1.23 1.00 0.00
0.90 0.87 1.41 1.00 0.00
0.90 0.87 1.58 1.00 0.00
0.90 0.87 1.76 1.00 0.00
0.90 0.87 1.93 1.00 0.00
0.90 0.87 2.11 1.00 0.00
0.90 0.87 2.28 1.00 0.00
0.90 0.87 2.46 1.00 0.00
0.90 0.87 2.63 1.00 0.00
0.90 0.87 2.80 1.00 0.00
0.90 0.87 2.98 1.00 0.00
0.90 0.87 3.15 1.00 0.00
0.90 0.87 3.33 1.00 0.00
1.10 0.87 0.38 1.00 0.00
1.10 0.87 0.55 1.00 0.00
1.10 0.87 0.73 1.00 0.00
1.10 0.87 0.90 1.00 0.00
1.10 0.87 1.08 1.00 0.00
1.10 0.87 1.25 1.00 0.00
1.10 0.87 1.43 1.00 0.00
1.10 0.87 1.60 1.00 0.00
1.10 0.87 1.78 1.00 0.00
1.10 0.87 1.95 1.00 0.00
1.10 0.87 2.12 1.00 0.00
1.10 0.87 2.30 1.00 0.00
1.10 0.87 2.47 1.00 0.00
1.10 0.87 2.65 1.00 0.00
1.10 0.87 2.82 1.00 0.00
1.10 0.87 3.00 1.00 0.00
1.10 0.87 3.17 1.00 0.00
1.10 0.87 3.35 1.00 0.00
0.30 1.05 6.56 1.00 0.00
0.30 1.05 6.73 1.00 0.00
0.30 1.05 6.91 1.00 0.00
0.30 1.05 7.08 1.00 0.00
0.30 1.05 7.26 1.00 0.00
0.30 1.05 7.43 1.00 0.00
0.30 1.05 7.61 1.00 0.00
0.30 1.05 7.78 1.00 0.00
0.30 1.05 7.96 1.00 0.00
0.30 1.05 8.13 1.00 0.00
0.30 1.05 8.31 1.00 0.00
0.30 1.05 8.48 1.00 0.00
0.30 1.05 8.65 1.00 0.00
0.30 1.05 8.83 1.00 0.00
0.30 1.05 9.00 1.00 0.00
0.30 1.05 9.18 1.00 0.00
0.30 1.05 9.35 1.00 0.00
0.30 1.05 9.53 1.00 0.00
0.50 1.05 6.58 1.00 0.00
0.50 1.05 6.75 1.00 0.00
0.50 1.05 6.92 1.00 0.00
0.50 1.05 7.10 1.00 0.00
0.50 1.05 7.27 1.00 0.00
0.50 1.05 7.45 1.00 0.00
0.50 1.05 7.62 1.00 0.00
0.50 1.05 7.80 1.00 0.00
0.50 1.05 7.97 1.00 0.00
0.50 1.05 8.15 1.00 0.00
0.50 1.05 8.32 1.00 0.00
0.50 1.05 8.50 1.00 0.00
0.50 1.05 8.67 1.00 0.00
0.50 1.05 8.84 1.00 0.00
0.50 1.05 9.02 1.00 0.00
0.50 1.05 9.19 1.00 0.00
0.50 1.05 9.37 1.00 0.00
0.50 1.05 9.54 1.00 0.00
0.70 1.05 6.59 1.00 0.00
0.70 1.05 6.76 1.00 0.00
0.70 1.05 6.94 1.00 0.00
0.70 1.05 7.11 1.00 0.00
0.70 1.05 7.29 1.00 0.00
0.70 1.05 7.46 1.00 0.00
0.70 1.05 7.64 1.00 0.00
0.70 1.05 7.81 1.00 0.00
0.70 1.05 7.99 1.00 0.00
0.70 1.05 8.16 1.00 0.00
0.70 1.05 8.33 1.00 0.00
0.70 1.05 8.51 1.00 0.00
0.70 1.05 8.68 1.00 0.00
0.70 1.05 8.86 1.00 0.00
0.70 1.05 9.03 1.00 0.00
0.70 1.05 9.21 1.00 0.00
0.70 1.05 9.38 1.00 0.00
0.70 1.05 9.56 1.00 0.00
0.90 1.05 6.60 1.00 0.00
0.90 1.05 6.78 1.00 0.00
0.90 1.05 6.95 1.00 0.00
0.90 1.05 7.13 1.00 0.00
0.90 1.05 7.30 1.00 0.00
0.90 1.05 7.47 1.00 0.00
0.90 1.05 7.65 1.00 0.00
0.90 1.05 7.82 1.00 0.00
0.90 1.05 8.00 1.00 0.00
0.90 1.05 8.17 1.00 0.00
0.90 1.05 8.35 1.00 0.00
0.90 1.05 8.52 1.00 0.00
0.90 1.05 8.70 1.00 0.00
0.90 1.05 8.87 1.00 0.00
0.90 1.05 9.04 1.00 0.00
0.90 1.05 9.22 1.00 0.00
0.90 1.05 9.39 1.00 0.00
0.90 1.05 9.57 1.00 0.00
1.10 1.05 6.61 1.00 0.00
1.10 1.05 6.79 1.00 0.00
1.10 1.05 6.96 1.00 0.00
1.10 1.05 7.14 1.00 0.00
1.10 1.05 7.31 1.00 0.00
1.10 1.05 7.48 1.00 0.00
1.10 1.05 7.66 1.00 0.00
1.10 1.05 7.83 1.00 0.00
1.10 1.05 8.01 1.00 0.00
1.10 1.05 8.18 1.00 0.00
1.10 1.05 8.36 1.00 0.00
1.10 1.05 8.53 1.00 0.00
1.10 1.05 8.71 1.00 0.00
1.10 1.05 8.88 1.00 0.00
1.10 1.05 9.06 1.00 0.00
1.10 1.05 9.23 1.00 0.00
1.10 1.05 9.40 1.00 0.00
1.10 1.05 9.58 1.00 0.00
0.30 1.22 6.54 1.00 0.00
0.30 1.22 6.72 1.00 0.00
0.30 1.22 6.89 1.00 0.00
0.30 1.22 7.07 1.00 0.00
0.30 1.22 7.24 1.00 0.00
0.30 1.22 7.42 1.00 0.00
0.30 1.22 7.59 1.00 0.00
0.30 1.22 7.76 1.00 0.00
0.30 1.22 7.94 1.00 0.00
0.30 1.22 8.11 1.00 0.00
0.30 1.22 8.29 1.00 0.00
0.30 1.22 8.46 1.00 0.00
0.30 1.22 8.64 1.00 0.00
0.30 1.22 8.81 1.00 0.00
0.30 1.22 8.99 1.00 0.00
0.30 1.22 9.16 1.00 0.00
0.30 1.22 9.34 1.00 0.00
0.30 1.22 9.51 1.00 0.00
0.50 1.22 6.55 1.00 0.00
0.50 1.22 6.72 1.00 0.00
0.50 1.22 6.90 1.00 0.00
0.50 1.22 7.07 1.00 0.00
0.50 1.22 7.25 1.00 0.00
0.50 1.22 7.42 1.00 0.00
0.50 1.22 7.60 1.00 0.00
0.50 1.22 7.77 1.00 0.00
0.50 1.22 7.94 1.00 0.00
0.50 1.22 8.12 1.00 0.00
0.50 1.22 8.29 1.00 0.00
0.50 1.22 8.47 1.00 0.00
0.50 1.22 8.64 1.00 0.00
0.50 1.22 8.82 1.00 0.00
0.50 1.22 8.99 1.00 0.00
0.50 1.22 9.17 1.00 0.00
0.50 1.22 9.34 1.00 0.00
0.50 1.22 9.52 1.00 0.00
0.70 1.22 6.55 1.00 0.00
0.70 1.22 6.73 1.00 0.00
0.70 1.22 6.90 1.00 0.00
0.70 1.22 7.08 1.00 0.00
0.70 1.22 7.25 1.00 0.00
0.70 1.22 7.43 1.00 0.00
0.70 1.22 7.60 1.00 0.00
0.70 1.22 7.78 1.00 0.00
0.70 1.22 7.95 1.00 0.00
0.70 1.22 8.12 1.00 0.00
0.70 1.22 8.30 1.00 0.00
0.70 1.22 8.47 1.00 0.00
0.70 1.22 8.65 1.00 0.00
0.70 1.22 8.82 1.00 0.00
0.70 1.22 9.00 1.00 0.00
0.70 1.22 9.17 1.00 0.00
0.70 1.22 9.35 1.00 0.00
0.70 1.22 9.52 1.00 0.00
0.90 1.22 6.56 1.00 0.00
0.90 1.22 6.73 1.00 0.00
0.90 1.22 6.91 1.00 0.00
0.90 1.22 7.08 1.00 0.00
0.90 1.22 7.26 1.00 0.00
0.90 1.22 7.43 1.00 0.00
0.90 1.22 7.61 1.00 0.00
0.90 1.22 7.78 1.00 0.00
0.90 1.22 7.95 1.00 0.00
0.90 1.22 8.13 1.00 0.00
0.90 1.22 8.30 1.00 0.00
0.90 1.22 8.48 1.00 0.00
0.90 1.22 8.65 1.00 0.00
0.90 1.22 8.83 1.00 0.00
0.90 1.22 9.00 1.00 0.00
0.90 1.22 9.18 1.00 0.00
0.90 1.22 9.35 1.00 0.00
0.90 1.22 9.52 1.00 0.00
1.10 1.22 6.56 1.00 0.00
1.10 1.22 6.74 1.00 0.00
1.10 1.22 6.91 1.00 0.00
1.10 1.22 7.09 1.00 0.00
1.10 1.22 7.26 1.00 0.00
1.10 1.22 7.43 1.00 0.00
1.10 1.22 7.61 1.00 0.00
1.10 1.22 7.78 1.00 0.00
1.10 1.22 7.96 1.00 0.00
1.10 1.22 8.13 1.00 0.00
1.10 1.22 8.31 1.00 0.00
1.10 1.22 8.48 1.00 0.00
1.10 1.22 8.66 1.00 0.00
1.10 1.22 8.83 1.00 0.00
1.10 1.22 9.01 1.00 0.00
1.10 1.22 9.18 1.00 0.00
1.10 1.22 9.35 1.00 0.00
1.10 1.22 9.53 1.00 0.00
0.30 1.40 6.53 1.00 0.00
0.30 1.40 6.70 1.00 0.00
0.30 1.40 6.87 1.00 0.00
0.30 1.40 7.05 1.00 0.00
0.30 1.40 7.22 1.00 0.00
0.30 1.40 7.40 1.00 0.00
0.30 1.40 7.57 1.00 0.00
0.30 1.40 7.75 1.00 0.00
0.30 1.40 7.92 1.00 0.00
0.30 1.40 8.10 1.00 0.00
0.30 1.40 8.27 1.00 0.00
0.30 1.40 8.45 1.00 0.00
0.30 1.40 8.62 1.00 0.00
0.30 1.40 8.79 1.00 0.00
0.30 1.40 8.97 1.00 0.00
0.30 1.40 9.14 1.00 0.00
0.30 1.40 9.32 1.00 0.00
0.30 1.40 9.49 1.00 0.00
0.50 1.40 6.52 1.00 0.00
0.50 1.40 6.70 1.00 0.00
0.50 1.40 6.87 1.00 0.00
0.50 1.40 7.04 1.00 0.00
0.50 1.40 7.22 1.00 0.00
0.50 1.40 7.39 1.00 0.00
0.50 1.40 7.57 1.00 0.00
0.50 1.40 7.74 1.00 0.00
0.50 1.40 7.92 1.00 0.00
0.50 1.40 8.09 1.00 0.00
0.50 1.40 8.27 1.00 0.00
0.50 1.40 8.44 1.00 0.00
0.50 1.40 8.62 1.00 0.00
0.50 1.40 8.79 1.00 0.00
0.50 1.40 8.96 1.00 0.00
0.50 1.40 9.14 1.00 0.00
0.50 1.40 9.31 1.00 0.00
0.50 1.40 9.49 1.00 0.00
0.70 1.40 6.52 1.00 0.00
0.70 1.40 6.69 1.00 0.00
0.70 1.40 6.87 1.00 0.00
0.70 1.40 7.04 1.00 0.00
0.70 1.40 7.22 1.00 0.00
0.70 1.40 7.39 1.00 0.00
0.70 1.40 7.56 1.00 0.00
0.70 1.40 7.74 1.00 0.00
0.70 1.40 7.91 1.00 0.00
0.70 1.40 8.09 1.00 0.00
0.70 1.40 8.26 1.00 0.00
0.70 1.40 8.44 1.00 0.00
0.70 1.40 8.61 1.00 0.00
0.70 1.40 8.79 1.00 0.00
0.70 1.40 8.96 1.00 0.00
0.70 1.40 9.14 1.00 0.00
0.70 1.40 9.31 1.00 0.00
0.70 1.40 9.48 1.00 0.00
0.90 1.40 6.51 1.00 0.00
0.90 1.40 6.69 1.00 0.00
0.90 1.40 6.86 1.00 0.00
0.90 1.40 7.04 1.00 0.00
0.90 1.40 7.21 1.00 0.00
0.90 1.40 7.39 1.00 0.00
0.90 1.40 7.56 1.00 0.00
0.90 1.40 7.74 1.00 0.00
0.90 1.40 7.91 1.00 0.00
0.90 1.40 8.08 1.00 0.00
0.90 1.40 8.26 1.00 0.00
0.90 1.40 8.43 1.00 0.00
0.90 1.40 8.61 1.00 0.00
0.90 1.40 8.78 1.00 0.00
0.90 1.40 8.96 1.00 0.00
0.90 1.40 9.13 1.00 0.00
0.90 1.40 9.31 1.00 0.00
0.90 1.40 9.48 1.00 0.00
1.10 1.40 6.51 1.00 0.00
1.10 1.40 6.69 1.00 0.00
1.10 1.40 6.86 1.00 0.00
1.10 1.40 7.03 1.00 0.00
1.10 1.40 7.21 1.00 0.00
1.10 1.40 7.38 1.00 0.00
1.10 1.40 7.56 1.00 0.00
1.10 1.40 7.73 1.00 0.00
1.10 1.40 7.91 1.00 0.00
1.10 1.40 8.08 1.00 0.00
1.10 1.40 8.26 1.00 0.00
1.10 1.40 8.43 1.00 0.00
1.10 1.40 8.61 1.00 0.00
1.10 1.40 8.78 1.00 0.00
1.10 1.40 8.95 1.00 0.00
1.10 1.40 9.13 1.00 0.00
1.10 1.40 9.30 1.00 0.00
1.10 1.40 9.48 1.00 0.00
0.30 1.57 6.51 1.00 0.00
0.30 1.57 6.68 1.00 0.00
0.30 1.57 6.86 1.00 0.00
0.30 1.57 7.03 1.00 0.00
0.30 1.57 7.21 1.00 0.00
0.30 1.57 7.38 1.00 0.00
0.30 1.57 7.56 1.00 0.00
0.30 1.57 7.73 1.00 0.00
0.30 1.57 7.90 1.00 0.00
0.30 1.57 8.08 1.00 0.00
0.30 1.57 8.25 1.00 0.00
0.30 1.57 8.43 1.00 0.00
0.30 1.57 8.60 1.00 0.00
0.30 1.57 8.78 1.00 0.00
0.30 1.57 8.95 1.00 0.00
0.30 1.57 9.13 1.00 0.00
0.30 1.57 9.30 1.00 0.00
0.30 1.57 9.48 1.00 0.00
0.50 1.57 6.49 1.00 0.00
0.50 1.57 6.67 1.00 0.00
0.50 1.57 6.84 1.00 0.00
0.50 1.57 7.02 1.00 0.00
0.50 1.57 7.19 1.00 0.00
0.50 1.57 7.37 1.00 0.00
0.50 1.57 7.54 1.00 0.00
0.50 1.57 7.72 1.00 0.00
0.50 1.57 7.89 1.00 0.00
0.50 1.57 8.06 1.00 0.00
0.50 1.57 8.24 1.00 0.00
0.50 1.57 8.41 1.00 0.00
0.50 1.57 8.59 1.00 0.00
0.50 1.57 8.76 1.00 0.00
0.50 1.57 8.94 1.00 0.00
0.50 1.57 9.11 1.00 0.00
0.50 1.57 9.29 1.00 0.00
0.50 1.57 9.46 1.00 0.00
0.70 1.57 6.48 1.00 0.00
0.70 1.57 6.66 1.00 0.00
0.70 1.57 6.83 1.00 0.00
0.70 1.57 7.01 1.00 0.00
0.70 1.57 7.18 1.00 0.00
0.70 1.57 7.35 1.00 0.00
0.70 1.57 7.53 1.00 0.00
0.70 1.57 7.70 1.00 0.00
0.70 1.57 7.88 1.00 0.00
0.70 1.57 8.05 1.00 0.00
0.70 1.57 8.23 1.00 0.00
0.70 1.57 8.40 1.00 0.00
0.70 1.57 8.58 1.00 0.00
0.70 1.57 8.75 1.00 0.00
0.70 1.57 8.92 1.00 0.00
0.70 1.57 9.10 1.00 0.00
0.70 1.57 9.27 1.00 0.00
0.70 1.57 9.45 1.00 0.00
0.90 1.57 6.47 1.00 0.00
0.90 1.57 6.64 1.00 0.00
0.90 1.57 6.82 1.00 0.00
0.90 1.57 6.99 1.00 0.00
0.90 1.57 7.17 1.00 0.00
0.90 1.57 7.34 1.00 0.00
0.90 1.57 7.52 1.00 0.00
0.90 1.57 7.69 1.00 0.00
0.90 1.57 7.87 1.00 0.00
0.90 1.57 8.04 1.00 0.00
0.90 1.57 8.22 1.00 0.00
0.90 1.57 8.39 1.00 0.00
0.90 1.57 8.56 1.00 0.00
0.90 1.57 8.74 1.00 0.00
0.90 1.57 8.91 1.00 0.00
0.90 1.57 9.09 1.00 0.00
0.90 1.57 9.26 1.00 0.00
0.90 1.57 9.44 1.00 0.00
1.10 1.57 6.46 1.00 0.00
1.10 1.57 6.64 1.00 0.00
1.10 1.57 6.81 1.00 0.00
1.10 1.57 6.98 1.00 0.00
1.10 1.57 7.16 1.00 0.00
1.10 1.57 7.33 1.00 0.00
1.10 1.57 7.51 1.00 0.00
1.10 1.57 7.68 1.00 0.00
1.10 1.57 7.86 1.00 0.00
1.10 1.57 8.03 1.00 0.00
1.10 1.57 8.21 1.00 0.00
1.10 1.57 8.38 1.00 0.00
1.10 1.57 8.55 1.00 0.00
1.10 1.57 8.73 1.00 0.00
1.10 1.57 8.90 1.00 0.00
1.10 1.57 9.08 1.00 0.00
1.10 1.57 9.25 1.00 0.00
1.10 1.57 9.43 1.00 0.00
0.30 1.75 6.49 1.00 0.00
0.30 1.75 6.67 1.00 0.00
0.30 1.75 6.84 1.00 0.00
0.30 1.75 7.01 1.00 0.00
0.30 1.75 7.19 1.00 0.00
0.30 1.75 7.36 1.00 0.00
0.30 1.75 7.54 1.00 0.00
0.30 1.75 7.71 1.00 0.00
0.30 1.75 7.89 1.00 0.00
0.30 1.75 8.06 1.00 0.00
0.30 1.75 8.24 1.00 0.00
0.30 1.75 8.41 1.00 0.00
0.30 1.75 8.59 1.00 0.00
0.30 1.75 8.76 1.00 0.00
0.30 1.75 8.93 1.00 0.00
0.30 1.75 9.11 1.00 0.00
0.30 1.75 9.28 1.00 0.00
0.30 1.75 9.46 1.00 0.00
0.50 1.75 6.47 1.00 0.00
0.50 1.75 6.64 1.00 0.00
0.50 1.75 6.82 1.00 0.00
0.50 1.75 6.99 1.00 0.00
0.50 1.75 7.17 1.00 0.00
0.50 1.75 7.34 1.00 0.00
0.50 1.75 7.51 1.00 0.00
0.50 1.75 7.69 1.00 0.00
0.50 1.75 7.86 1.00 0.00
0.50 1.75 8.04 1.00 0.00
0.50 1.75 8.21 1.00 0.00
0.50 1.75 8.39 1.00 0.00
0.50 1.75 8.56 1.00 0.00
0.50 1.75 8.74 1.00 0.00
0.50 1.75 8.91 1.00 0.00
0.50 1.75 9.09 1.00 0.00
0.50 1.75 9.26 1.00 0.00
0.50 1.75 9.43 1.00 0.00
0.70 1.75 6.45 1.00 0.00
0.70 1.75 6.62 1.00 0.00
0.70 1.75 6.80 1.00 0.00
0.70 1.75 6.97 1.00 0.00
0.70 1.75 7.14 1.00 0.00
0.70 1.75 7.32 1.00 0.00
0.70 1.75 7.49 1.00 0.00
0.70 1.75 7.67 1.00 0.00
0.70 1.75 7.84 1.00 0.00
0.70 1.75 8.02 1.00 0.00
0.70 1.75 8.19 1.00 0.00
0.70 1.75 8.37 1.00 0.00
0.70 1.75 8.54 1.00 0.00
0.70 1.75 8.72 1.00 0.00
0.70 1.75 8.89 1.00 0.00
0.70 1.75 9.06 1.00 0.00
0.70 1.75 9.24 1.00 0.00
0.70 1.75 9.41 1.00 0.00
0.90 1.75 6.43 1.00 0.00
0.90 1.75 6.60 1.00 0.00
0.90 1.75 6.78 1.00 0.00
0.90 1.75 6.95 1.00 0.00
0.90 1.75 7.13 1.00 0.00
0.90 1.75 7.30 1.00 0.00
0.90 1.75 7.47 1.00 0.00
0.90 1.75 7.65 1.00 0.00
0.90 1.75 7.82 1.00 0.00
0.90 1.75 8.00 1.00 0.00
0.90 1.75 8.17 1.00 0.00
0.90 1.75 8.35 1.00 0.00
0.90 1.75 8.52 1.00 0.00
0.90 1.75 8.70 1.00 0.00
0.90 1.75 8.87 1.00 0.00
0.90 1.75 9.05 1.00 0.00
0.90 1.75 9.22 1.00 0.00
0.90 1.75 9.39 1.00 0.00
1.10 1.75 6.41 1.00 0.00
1.10 1.75 6.59 1.00 0.00
1.10 1.75 6.76 1.00 0.00
1.10 1.75 6.93 1.00 0.00
1.10 1.75 7.11 1.00 0.00
1.10 1.75 7.28 1.00 0.00
1.10 1.75 7.46 1.00 0.00
1.10 1.75 7.63 1.00 0.00
1.10 1.75 7.81 1.00 0.00
1.10 1.75 7.98 1.00 0.00
1.10 1.75 8.16 1.00 0.00
1.10 1.75 8.33 1.00 0.00
1.10 1.75 8.51 1.00 0.00
1.10 1.75 8.68 1.00 0.00
1.10 1.75 8.85 1.00 0.00
1.10 1.75 9.03 1.00 0.00
1.10 1.75 9.20 1.00 0.00
1.10 1.75 9.38 1.00 0.00
0.30 1.92 6.48 1.00 0.00
0.30 1.92 6.65 1.00 0.00
0.30 1.92 6.82 1.00 0.00
0.30 1.92 7.00 1.00 0.00
0.30 1.92 7.17 1.00 0.00
0.30 1.92 7.35 1.00 0.00
0.30 1.92 7.52 1.00 0.00
0.30 1.92 7.70 1.00 0.00
0.30 1.92 7.87 1.00 0.00
0.30 1.92 8.05 1.00 0.00
0.30 1.92 8.22 1.00 0.00
0.30 1.92 8.40 1.00 0.00
0.30 1.92 8.57 1.00 0.00
0.30 1.92 8.74 1.00 0.00
0.30 1.92 8.92 1.00 0.00
0.30 1.92 9.09 1.00 0.00
0.30 1.92 9.27 1.00 0.00
0.30 1.92 9.44 1.00 0.00
0.50 1.92 6.44 1.00 0.00
0.50 1.92 6.62 1.00 0.00
0.50 1.92 6.79 1.00 0.00
0.50 1.92 6.97 1.00 0.00
0.50 1.92 7.14 1.00 0.00
0.50 1.92 7.31 1.00 0.00
0.50 1.92 7.49 1.00 0.00
0.50 1.92 7.66 1.00 0.00
0.50 1.92 7.84 1.00 0.00
0.50 1.92 8.01 1.00 0.00
0.50 1.92 8.19 1.00 0.00
0.50 1.92 8.36 1.00 0.00
0.50 1.92 8.54 1.00 0.00
0.50 1.92 8.71 1.00 0.00
0.50 1.92 8.89 1.00 0.00
0.50 1.92 9.06 1.00 0.00
0.50 1.92 9.23 1.00 0.00
0.50 1.92 9.41 1.00 0.00
0.70 1.92 6.41 1.00 0.00
0.70 1.92 6.59 1.00 0.00
0.70 1.92 6.76 1.00 0.00
0.70 1.92 6.94 1.00 0.00
0.70 1.92 7.11 1.00 0.00
0.70 1.92 7.29 1.00 0.00
0.70 1.92 7.46 1.00 0.00
0.70 1.92 7.63 1.00 0.00
0.70 1.92 7.81 1.00 0.00
0.70 1.92 7.98 1.00 0.00
0.70 1.92 8.16 1.00 0.00
0.70 1.92 8.33 1.00 0.00
0.70 1.92 8.51 1.00 0.00
0.70 1.92 8.68 1.00 0.00
0.70 1.92 8.86 1.00 0.00
0.70 1.92 9.03 1.00 0.00
0.70 1.92 9.21 1.00 0.00
0.70 1.92 9.38 1.00 0.00
0.90 1.92 6.39 1.00 0.00
0.90 1.92 6.56 1.00 0.00
0.90 1.92 6.73 1.00 0.00
0.90 1.92 6.91 1.00 0.00
0.90 1.92 7.08 1.00 0.00
0.90 1.92 7.26 1.00 0.00
0.90 1.92 7.43 1.00 0.00
0.90 1.92 7.61 1.00 0.00
0.90 1.92 7.78 1.00 0.00
0.90 1.92 7.96 1.00 0.00
0.90 1.92 8.13 1.00 0.00
0.90 1.92 8.31 1.00 0.00
0.90 1.92 8.48 1.00 0.00
0.90 1.92 8.65 1.00 0.00
0.90 1.92 8.83 1.00 0.00
0.90 1.92 9.00 1.00 0.00
0.90 1.92 9.18 1.00 0.00
0.90 1.92 9.35 1.00 0.00
1.10 1.92 6.36 1.00 0.00
1.10 1.92 6.54 1.00 0.00
1.10 1.92 6.71 1.00 0.00
1.10 1.92 6.89 1.00 0.00
1.10 1.92 7.06 1.00 0.00
1.10 1.92 7.23 1.00 0.00
1.10 1.92 7.41 1.00 0.00
1.10 1.92 7.58 1.00 0.00
1.10 1.92 7.76 1.00 0.00
1.10 1.92 7.93 1.00 0.00
1.10 1.92 8.11 1.00 0.00
1.10 1.92 8.28 1.00 0.00
1.10 1.92 8.46 1.00 0.00
1.10 1.92 8.63 1.00 0.00
1.10 1.92 8.81 1.00 0.00
1.10 1.92 8.98 1.00 0.00
1.10 1.92 9.15 1.00 0.00
1.10 1.92 9.33 1.00 0.00
0.30 2.09 6.46 1.00 0.00
0.30 2.09 6.64 1.00 0.00
0.30 2.09 6.81 1.00 0.00
0.30 2.09 6.98 1.00 0.00
0.30 2.09 7.16 1.00 0.00
0.30 2.09 7.33 1.00 0.00
0.30 2.09 7.51 1.00 0.00
0.30 2.09 7.68 1.00 0.00
0.30 2.09 7.86 1.00 0.00
0.30 2.09 8.03 1.00 0.00
0.30 2.09 8.21 1.00 0.00
0.30 2.09 8.38 1.00 0.00
0.30 2.09 8.56 1.00 0.00
0.30 2.09 8.73 1.00 0.00
0.30 2.09 8.90 1.00 0.00
0.30 2.09 9.08 1.00 0.00
0.30 2.09 9.25 1.00 0.00
0.30 2.09 9.43 1.00 0.00
0.50 2.09 6.42 1.00 0.00
0.50 2.09 6.59 1.00 0.00
0.50 2.09 6.77 1.00 0.00
0.50 2.09 6.94 1.00 0.00
0.50 2.09 7.12 1.00 0.00
0.50 2.09 7.29 1.00 0.00
0.50 2.09 7.47 1.00 0.00
0.50 2.09 7.64 1.00 0.00
0.50 2.09 7.81 1.00 0.00
0.50 2.09 7.99 1.00 0.00
0.50 2.09 8.16 1.00 0.00
0.50 2.09 8.34 1.00 0.00
0.50 2.09 8.51 1.00 0.00
0.50 2.09 8.69 1.00 0.00
0.50 2.09 8.86 1.00 0.00
0.50 2.09 9.04 1.00 0.00
0.50 2.09 9.21 1.00 0.00
0.50 2.09 9.39 1.00 0.00
0.70 2.09 6.38 1.00 0.00
0.70 2.09 6.56 1.00 0.00
0.70 2.09 6.73 1.00 0.00
0.70 2.09 6.90 1.00 0.00
0.70 2.09 7.08 1.00 0.00
0.70 2.09 7.25 1.00 0.00
0.70 2.09 7.43 1.00 0.00
0.70 2.09 7.60 1.00 0.00
0.70 2.09 7.78 1.00 0.00
0.70 2.09 7.95 1.00 0.00
0.70 2.09 8.13 1.00 0.00
0.70 2.09 8.30 1.00 0.00
0.70 2.09 8.47 1.00 0.00
0.70 2.09 8.65 1.00 0.00
0.70 2.09 8.82 1.00 0.00
0.70 2.09 9.00 1.00 0.00
0.70 2.09 9.17 1.00 0.00
0.70 2.09 9.35 1.00 0.00
0.90 2.09 6.35 1.00 0.00
0.90 2.09 6.52 1.00 0.00
0.90 2.09 6.70 1.00 0.00
0.90 2.09 6.87 1.00 0.00
0.90 2.09 7.04 1.00 0.00
0.90 2.09 7.22 1.00 0.00
0.90 2.09 7.39 1.00 0.00
0.90 2.09 7.57 1.00 0.00
0.90 2.09 7.74 1.00 0.00
0.90 2.09 7.92 1.00 0.00
0.90 2.09 8.09 1.00 0.00
0.90 2.09 8.27 1.00 0.00
0.90 2.09 8.44 1.00 0.00
0.90 2.09 8.62 1.00 0.00
0.90 2.09 8.79 1.00 0.00
0.90 2.09 8.96 1.00 0.00
0.90 2.09 9.14 1.00 0.00
0.90 2.09 9.31 1.00 0.00
1.10 2.09 6.31 1.00 0.00
1.10 2.09 6.49 1.00 0.00
1.10 2.09 6.66 1.00 0.00
1.10 2.09 6.84 1.00 0.00
1.10 2.09 7.01 1.00 0.00
1.10 2.09 7.19 1.00 0.00
1.10 2.09 7.36 1.00 0.00
1.10 2.09 7.54 1.00 0.00
1.10 2.09 7.71 1.00 0.00
1.10 2.09 7.89 1.00 0.00
1.10 2.09 8.06 1.00 0.00
1.10 2.09 8.23 1.00 0.00
1.10 2.09 8.41 1.00 0.00
1.10 2.09 8.58 1.00 0.00
1.10 2.09 8.76 1.00 0.00
1.10 2.09 8.93 1.00 0.00
1.10 2.09 9.11 1.00 0.00
1.10 2.09 9.28 1.00 0.00
0.30 2.27 6.45 1.00 0.00
0.30 2.27 6.62 1.00 0.00
0.30 2.27 6.80 1.00 0.00
0.30 2.27 6.97 1.00 0.00
0.30 2.27 7.15 1.00 0.00
0.30 2.27 7.32 1.00 0.00
0.30 2.27 7.50 1.00 0.00
0.30 2.27 7.67 1.00 0.00
0.30 2.27 7.84 1.00 0.00
0.30 2.27 8.02 1.00 0.00
0.30 2.27 8.19 1.00 0.00
0.30 2.27 8.37 1.00 0.00
0.30 2.27 8.54 1.00 0.00
0.30 2.27 8.72 1.00 0.00
0.30 2.27 8.89 1.00 0.00
0.30 2.27 9.07 1.00 0.00
0.30 2.27 9.24 1.00 0.00
0.30 2.27 9.41 1.00 0.00
0.50 2.27 6.40 1.00 0.00
0.50 2.27 6.57 1.00 0.00
0.50 2.27 6.75 1.00 0.00
0.50 2.27 6.92 1.00 0.00
0.50 2.27 7.10 1.00 0.00
0.50 2.27 7.27 1.00 0.00
0.50 2.27 7.44 1.00 0.00
0.50 2.27 7.62 1.00 0.00
0.50 2.27 7.79 1.00 0.00
0.50 2.27 7.97 1.00 0.00
0.50 2.27 8.14 1.00 0.00
0.50 2.27 8.32 1.00 0.00
0.50 2.27 8.49 1.00 0.00
0.50 2.27 8.67 1.00 0.00
0.50 2.27 8.84 1.00 0.00
0.50 2.27 9.02 1.00 0.00
0.50 2.27 9.19 1.00 0.00
0.50 2.27 9.36 1.00 0.00
0.70 2.27 6.35 1.00 0.00
0.70 2.27 6.53 1.00 0.00
0.70 2.27 6.70 1.00 0.00
0.70 2.27 6.87 1.00 0.00
0.70 2.27 7.05 1.00 0.00
0.70 2.27 7.22 1.00 0.00
0.70 2.27 7.40 1.00 0.00
0.70 2.27 7.57 1.00 0.00
0.70 2.27 7.75 1.00 0.00
0.70 2.27 7.92 1.00 0.00
0.70 2.27 8.10 1.00 0.00
0.70 2.27 8.27 1.00 0.00
0.70 2.27 8.45 1.00 0.00
0.70 2.27 8.62 1.00 0.00
0.70 2.27 8.79 1.00 0.00
0.70 2.27 8.97 1.00 0.00
0.70 2.27 9.14 1.00 0.00
0.70 2.27 9.32 1.00 0.00
0.90 2.27 6.31 1.00 0.00
0.90 2.27 6.48 1.00 0.00
0.90 2.27 6.66 1.00 0.00
0.90 2.27 6.83 1.00 0.00
0.90 2.27 7.01 1.00 0.00
0.90 2.27 7.18 1.00 0.00
0.90 2.27 7.36 1.00 0.00
0.90 2.27 7.53 1.00 0.00
0.90 2.27 7.71 1.00 0.00
0.90 2.27 7.88 1.00 0.00
0.90 2.27 8.05 1.00 0.00
0.90 2.27 8.23 1.00 0.00
0.90 2.27 8.40 1.00 0.00
0.90 2.27 8.58 1.00 0.00
0.90 2.27 8.75 1.00 0.00
0.90 2.27 8.93 1.00 0.00
0.90 2.27 9.10 1.00 0.00
0.90 2.27 9.28 1.00 0.00
1.10 2.27 6.27 1.00 0.00
1.10 2.27 6.44 1.00 0.00
1.10 2.27 6.62 1.00 0.00
1.10 2.27 6.79 1.00 0.00
1.10 2.27 6.97 1.00 0.00
1.10 2.27 7.14 1.00 0.00
1.10 2.27 7.32 1.00 0.00
1.10 2.27 7.49 1.00 0.00
1.10 2.27 7.67 1.00 0.00
1.10 2.27 7.84 1.00 0.00
1.10 2.27 8.02 1.00 0.00
1.10 2.27 8.19 1.00 0.00
1.10 2.27 8.36 1.00 0.00
1.10 2.27 8.54 1.00 0.00
1.10 2.27 8.71 1.00 0.00
1.10 2.27 8.89 1.00 0.00
1.10 2.27 9.06 1.00 0.00
1.10 2.27 9.24 1.00 0.00
0.30 2.44 6.44 1.00 0.00
0.30 2.44 6.61 1.00 0.00
0.30 2.44 6.79 1.00 0.00
0.30 2.44 6.96 1.00 0.00
0.30 2.44 7.14 1.00 0.00
0.30 2.44 7.31 1.00 0.00
0.30 2.44 7.48 1.00 0.00
0.30 2.44 7.66 1.00 0.00
0.30 2.44 7.83 1.00 0.00
0.30 2.44 8.01 1.00 0.00
0.30 2.44 8.18 1.00 0.00
0.30 2.44 8.36 1.00 0.00
0.30 2.44 8.53 1.00 0.00
0.30 2.44 8.71 1.00 0.00
0.30 2.44 8.88 1.00 0.00
0.30 2.44 9.06 1.00 0.00
0.30 2.44 9.23 1.00 0.00
0.30 2.44 9.40 1.00 0.00
0.50 2.44 6.38 1.00 0.00
0.50 2.44 6.55 1.00 0.00
0.50 2.44 6.73 1.00 0.00
0.50 2.44 6.90 1.00 0.00
0.50 2.44 7.08 1.00 0.00
0.50 2.44 7.25 1.00 0.00
0.50 2.44 7.43 1.00 0.00
0.50 2.44 7.60 1.00 0.00
0.50 2.44 7.78 1.00 0.00
0.50 2.44 7.95 1.00 0.00
0.50 2.44 8.12 1.00 0.00
0.50 2.44 8.30 1.00 0.00
0.50 2.44 8.47 1.00 0.00
0.50 2.44 8.65 1.00 0.00
0.50 2.44 8.82 1.00 0.00
0.50 2.44 9.00 1.00 0.00
0.50 2.44 9.17 1.00 0.00
0.50 2.44 9.35 1.00 0.00
0.70 2.44 6.32 1.00 0.00
0.70 2.44 6.50 1.00 0.00
0.70 2.44 6.67 1.00 0.00
0.70 2.44 6.85 1.00 0.00
0.70 2.44 7.02 1.00 0.00
0.70 2.44 7.20 1.00 0.00
0.70 2.44 7.37 1.00 0.00
0.70 2.44 7.55 1.00 0.00
0.70 2.44 7.72 1.00 0.00
0.70 2.44 7.90 1.00 0.00
0.70 2.44 8.07 1.00 0.00
0.70 2.44 8.24 1.00 0.00
0.70 2.44 8.42 1.00 0.00
0.70 2.44 8.59 1.00 0.00
0.70 2.44 8.77 1.00 0.00
0.70 2.44 8.94 1.00 0.00
0.70 2.44 9.12 1.00 0.00
0.70 2.44 9.29 1.00 0.00
0.90 2.44 6.27 1.00 0.00
0.90 2.44 6.45 1.00 0.00
0.90 2.44 6.62 1.00 0.00
0.90 2.44 6.80 1.00 0.00
0.90 2.44 6.97 1.00 0.00
0.90 2.44 7.15 1.00 0.00
0.90 2.44 7.32 1.00 0.00
0.90 2.44 7.50 1.00 0.00
0.90 2.44 7.67 1.00 0.00
0.90 2.44 7.85 1.00 0.00
0.90 2.44 8.02 1.00 0.00
0.90 2.44 8.19 1.00 0.00
0.90 2.44 8.37 1.00 0.00
0.90 2.44 8.54 1.00 0.00
0.90 2.44 8.72 1.00 0.00
0.90 2.44 8.89 1.00 0.00
0.90 2.44 9.07 1.00 0.00
0.90 2.44 9.24 1.00 0.00
1.10 2.44 6.23 1.00 0.00
1.10 2.44 6.40 1.00 0.00
1.10 2.44 6.58 1.00 0.00
1.10 2.44 6.75 1.00 0.00
1.10 2.44 6.93 1.00 0.00
1.10 2.44 7.10 1.00 0.00
1.10 2.44 7.28 1.00 0.00
1.10 2.44 7.45 1.00 0.00
1.10 2.44 7.63 1.00 0.00
1.10 2.44 7.80 1.00 0.00
1.10 2.44 7.97 1.00 0.00
1.10 2.44 8.15 1.00 0.00
1.10 2.44 8.32 1.00 0.00
1.10 2.44 8.50 1.00 0.00
1.10 2.44 8.67 1.00 0.00
1.10 2.44 8.85 1.00 0.00
1.10 2.44 9.02 1.00 0.00
1.10 2.44 9.20 1.00 0.00
0.30 2.62 6.43 1.00 0.00
0.30 2.62 6.60 1.00 0.00
0.30 2.62 6.78 1.00 0.00
0.30 2.62 6.95 1.00 0.00
0.30 2.62 7.13 1.00 0.00
0.30 2.62 7.30 1.00 0.00
0.30 2.62 7.48 1.00 0.00
0.30 2.62 7.65 1.00 0.00
0.30 2.62 7.83 1.00 0.00
0.30 2.62 8.00 1.00 0.00
0.30 2.62 8.17 1.00 0.00
0.30 2.62 8.35 1.00 0.00
0.30 2.62 8.52 1.00 0.00
0.30 2.62 8.70 1.00 0.00
0.30 2.62 8.87 1.00 0.00
0.30 2.62 9.05 1.00 0.00
0.30 2.62 9.22 1.00 0.00
0.30 2.62 9.40 1.00 0.00
0.50 2.62 6.36 1.00 0.00
0.50 2.62 6.54 1.00 0.00
0.50 2.62 6.71 1.00 0.00
0.50 2.62 6.89 1.00 0.00
0.50 2.62 7.06 1.00 0.00
0.50 2.62 7.24 1.00 0.00
0.50 2.62 7.41 1.00 0.00
0.50 2.62 7.59 1.00 0.00
0.50 2.62 7.76 1.00 0.00
0.50 2.62 7.93 1.00 0.00
0.50 2.62 8.11 1.00 0.00
0.50 2.62 8.28 1.00 0.00
0.50 2.62 8.46 1.00 0.00
0.50 2.62 8.63 1.00 0.00
0.50 2.62 8.81 1.00 0.00
0.50 2.62 8.98 1.00 0.00
0.50 2.62 9.16 1.00 0.00
0.50 2.62 9.33 1.00 0.00
0.70 2.62 6.30 1.00 0.00
0.70 2.62 6.48 1.00 0.00
0.70 2.62 6.65 1.00 0.00
0.70 2.62 6.83 1.00 0.00
0.70 2.62 7.00 1.00 0.00
0.70 2.62 7.18 1.00 0.00
0.70 2.62 7.35 1.00 0.00
0.70 2.62 7.52 1.00 0.00
0.70 2.62 7.70 1.00 0.00
0.70 2.62 7.87 1.00 0.00
0.70 2.62 8.05 1.00 0.00
0.70 2.62 8.22 1.00 0.00
0.70 2.62 8.40 1.00 0.00
0.70 2.62 8.57 1.00 0.00
0.70 2.62 8.75 1.00 0.00
0.70 2.62 8.92 1.00 0.00
0.70 2.62 9.09 1.00 0.00
0.70 2.62 9.27 1.00 0.00
0.90 2.62 6.24 1.00 0.00
0.90 2.62 6.42 1.00 0.00
0.90 2.62 6.59 1.00 0.00
0.90 2.62 6.77 1.00 0.00
0.90 2.62 6.94 1.00 0.00
0.90 2.62 7.12 1.00 0.00
0.90 2.62 7.29 1.00 0.00
0.90 2.62 7.47 1.00 0.00
0.90 2.62 7.64 1.00 0.00
0.90 2.62 7.82 1.00 0.00
0.90 2.62 7.99 1.00 0.00
0.90 2.62 8.16 1.00 0.00
0.90 2.62 8.34 1.00 0.00
0.90 2.62 8.51 1.00 0.00
0.90 2.62 8.69 1.00 0.00
0.90 2.62 8.86 1.00 0.00
0.90 2.62 9.04 1.00 0.00
0.90 2.62 9.21 1.00 0.00
1.10 2.62 6.19 1.00 0.00
1.10 2.62 6.37 1.00 0.00
1.10 2.62 6.54 1.00 0.00
1.10 2.62 6.72 1.00 0.00
1.10 2.62 6.89 1.00 0.00
1.10 2.62 7.06 1.00 0.00
1.10 2.62 7.24 1.00 0.00
1.10 2.62 7.41 1.00 0.00
1.10 2.62 7.59 1.00 0.00
1.10 2.62 7.76 1.00 0.00
1.10 2.62 7.94 1.00 0.00
1.10 2.62 8.11 1.00 0.00
1.10 2.62 8.29 1.00 0.00
1.10 2.62 8.46 1.00 0.00
1.10 2.62 8.63 1.00 0.00
1.10 2.62 8.81 1.00 0.00
1.10 2.62 8.98 1.00 0.00
1.10 2.62 9.16 1.00 0.00
0.30 2.79 6.42 1.00 0.00
0.30 2.79 6.60 1.00 0.00
0.30 2.79 6.77 1.00 0.00
0.30 2.79 6.95 1.00 0.00
0.30 2.79 7.12 1.00 0.00
0.30 2.79 7.30 1.00 0.00
0.30 2.79 7.47 1.00 0.00
0.30 2.79 7.65 1.00 0.00
0.30 2.79 7.82 1.00 0.00
0.30 2.79 7.99 1.00 0.00
0.30 2.79 8.17 1.00 0.00
0.30 2.79 8.34 1.00 0.00
0.30 2.79 8.52 1.00 0.00
0.30 2.79 8.69 1.00 0.00
0.30 2.79 8.87 1.00 0.00
0.30 2.79 9.04 1.00 0.00
0.30 2.79 9.22 1.00 0.00
0.30 2.79 9.39 1.00 0.00
0.50 2.79 6.35 1.00 0.00
0.50 2.79 6.53 1.00 0.00
0.50 2.79 6.70 1.00 0.00
0.50 2.79 6.88 1.00 0.00
0.50 2.79 7.05 1.00 0.00
0.50 2.79 7.23 1.00 0.00
0.50 2.79 7.40 1.00 0.00
0.50 2.79 7.57 1.00 0.00
0.50 2.79 7.75 1.00 0.00
0.50 2.79 7.92 1.00 0.00
0.50 2.79 8.10 1.00 0.00
0.50 2.79 8.27 1.00 0.00
0.50 2.79 8.45 1.00 0.00
0.50 2.79 8.62 1.00 0.00
0.50 2.79 8.80 1.00 0.00
0.50 2.79 8.97 1.00 0.00
0.50 2.79 9.15 1.00 0.00
0.50 2.79 9.32 1.00 0.00
0.70 2.79 6.28 1.00 0.00
0.70 2.79 6.46 1.00 0.00
0.70 2.79 6.63 1.00 0.00
0.70 2.79 6.81 1.00 0.00
0.70 2.79 6.98 1.00 0.00
0.70 2.79 7.16 1.00 0.00
0.70 2.79 7.33 1.00 0.00
0.70 2.79 7.51 1.00 0.00
0.70 2.79 7.68 1.00 0.00
0.70 2.79 7.86 1.00 0.00
0.70 2.79 8.03 1.00 0.00
0.70 2.79 8.20 1.00 0.00
0.70 2.79 8.38 1.00 0.00
0.70 2.79 8.55 1.00 0.00
0.70 2.79 8.73 1.00 0.00
0.70 2.79 8.90 1.00 0.00
0.70 2.79 9.08 1.00 0.00
0.70 2.79 9.25 1.00 0.00
0.90 2.79 6.22 1.00 0.00
0.90 2.79 6.39 1.00 0.00
0.90 2.79 6.57 1.00 0.00
0.90 2.79 6.74 1.00 0.00
0.90 2.79 6.92 1.00 0.00
0.90 2.79 7.09 1.00 0.00
0.90 2.79 7.27 1.00 0.00
0.90 2.79 7.44 1.00 0.00
0.90 2.79 7.62 1.00 0.00
0.90 2.79 7.79 1.00 0.00
0.90 2.79 7.97 1.00 0.00
0.90 2.79 8.14 1.00 0.00
0.90 2.79 8.31 1.00 0.00
0.90 2.79 8.49 1.00 0.00
0.90 2.79 8.66 1.00 0.00
0.90 2.79 8.84 1.00 0.00
0.90 2.79 9.01 1.00 0.00
0.90 2.79 9.19 1.00 0.00
1.10 2.79 6.16 1.00 0.00
1.10 2.79 6.33 1.00 0.00
1.10 2.79 6.51 1.00 0.00
1.10 2.79 6.68 1.00 0.00
1.10 2.79 6.86 1.00 0.00
1.10 2.79 7.03 1.00 0.00
1.10 2.79 7.21 1.00 0.00
1.10 2.79 7.38 1.00 0.00
1.10 2.79 7.56 1.00 0.00
1.10 2.79 7.73 1.00 0.00
1.10 2.79 7.90 1.00 0.00
1.10 2.79 8.08 1.00 0.00
1.10 2.79 8.25 1.00 0.00
1.10 2.79 8.43 1.00 0.00
1.10 2.79 8.60 1.00 0.00
1.10 2.79 8.78 1.00 0.00
1.10 2.79 8.95 1.00 0.00
1.10 2.79 9.13 1.00 0.00
0.30 2.97 6.42 1.00 0.00
0.30 2.97 6.60 1.00 0.00
0.30 2.97 6.77 1.00 0.00
0.30 2.97 6.94 1.00 0.00
0.30 2.97 7.12 1.00 0.00
0.30 2.97 7.29 1.00 0.00
0.30 2.97 7.47 1.00 0.00
0.30 2.97 7.64 1.00 0.00
0.30 2.97 7.82 1.00 0.00
0.30 2.97 7.99 1.00 0.00
0.30 2.97 8.17 1.00 0.00
0.30 2.97 8.34 1.00 0.00
0.30 2.97 8.52 1.00 0.00
0.30 2.97 8.69 1.00 0.00
0.30 2.97 8.86 1.00 0.00
0.30 2.97 9.04 1.00 0.00
0.30 2.97 9.21 1.00 0.00
0.30 2.97 9.39 1.00 0.00
0.50 2.97 6.35 1.00 0.00
0.50 2.97 6.52 1.00 0.00
0.50 2.97 6.70 1.00 0.00
0.50 2.97 6.87 1.00 0.00
0.50 2.97 7.04 1.00 0.00
0.50 2.97 7.22 1.00 0.00
0.50 2.97 7.39 1.00 0.00
0.50 2.97 7.57 1.00 0.00
0.50 2.97 7.74 1.00 0.00
0.50 2.97 7.92 1.00 0.00
0.50 2.97 8.09 1.00 0.00
0.50 2.97 8.27 1.00 0.00
0.50 2.97 8.44 1.00 0.00
0.50 2.97 8.62 1.00 0.00
0.50 2.97 8.79 1.00 0.00
0.50 2.97 8.96 1.00 0.00
0.50 2.97 9.14 1.00 0.00
0.50 2.97 9.31 1.00 0.00
0.70 2.97 6.27 1.00 0.00
0.70 2.97 6.45 1.00 0.00
0.70 2.97 6.62 1.00 0.00
0.70 2.97 6.80 1.00 0.00
0.70 2.97 6.97 1.00 0.00
0.70 2.97 7.15 1.00 0.00
0.70 2.97 7.32 1.00 0.00
0.70 2.97 7.50 1.00 0.00
0.70 2.97 7.67 1.00 0.00
0.70 2.97 7.84 1.00 0.00
0.70 2.97 8.02 1.00 0.00
0.70 2.97 8.19 1.00 0.00
0.70 2.97 8.37 1.00 0.00
0.70 2.97 8.54 1.00 0.00
0.70 2.97 8.72 1.00 0.00
0.70 2.97 8.89 1.00 0.00
0.70 2.97 9.07 1.00 0.00
0.70 2.97 9.24 1.00 0.00
0.90 2.97 6.20 1.00 0.00
0.90 2.97 6.38 1.00 0.00
0.90 2.97 6.55 1.00 0.00
0.90 2.97 6.73 1.00 0.00
0.90 2.97 6.90 1.00 0.00
0.90 2.97 7.07 1.00 0.00
0.90 2.97 7.25 1.00 0.00
0.90 2.97 7.42 1.00 0.00
0.90 2.97 7.60 1.00 0.00
0.90 2.97 7.77 1.00 0.00
0.90 2.97 7.95 1.00 0.00
0.90 2.97 8.12 1.00 0.00
0.90 2.97 8.30 1.00 0.00
0.90 2.97 8.47 1.00 0.00
0.90 2.97 8.65 1.00 0.00
0.90 2.97 8.82 1.00 0.00
0.90 2.97 8.99 1.00 0.00
0.90 2.97 9.17 1.00 0.00
1.10 2.97 6.13 1.00 0.00
1.10 2.97 6.31 1.00 0.00
1.10 2.97 6.48 1.00 0.00
1.10 2.97 6.66 1.00 0.00
1.10 2.97 6.83 1.00 0.00
1.10 2.97 7.01 1.00 0.00
1.10 2.97 7.18 1.00 0.00
1.10 2.97 7.36 1.00 0.00
1.10 2.97 7.53 1.00 0.00
1.10 2.97 7.70 1.00 0.00
1.10 2.97 7.88 1.00 0.00
1.10 2.97 8.05 1.00 0.00
1.10 2.97 8.23 1.00 0.00
1.10 2.97 8.40 1.00 0.00
1.10 2.97 8.58 1.00 0.00
1.10 2.97 8.75 1.00 0.00
1.10 2.97 8.93 1.00 0.00
1.10 2.97 9.10 1.00 0.00
0.30 3.14 6.42 1.00 0.00
0.30 3.14 6.60 1.00 0.00
0.30 3.14 6.77 1.00 0.00
0.30 3.14 6.95 1.00 0.00
0.30 3.14 7.12 1.00 0.00
0.30 3.14 7.29 1.00 0.00
0.30 3.14 7.47 1.00 0.00
0.30 3.14 7.64 1.00 0.00
0.30 3.14 7.82 1.00 0.00
0.30 3.14 7.99 1.00 0.00
0.30 3.14 8.17 1.00 0.00
0.30 3.14 8.34 1.00 0.00
0.30 3.14 8.52 1.00 0.00
0.30 3.14 8.69 1.00 0.00
0.30 3.14 8.87 1.00 0.00
0.30 3.14 9.04 1.00 0.00
0.30 3.14 9.21 1.00 0.00
0.30 3.14 9.39 1.00 0.00
0.50 3.14 6.35 1.00 0.00
0.50 3.14 6.52 1.00 0.00
0.50 3.14 6.69 1.00 0.00
0.50 3.14 6.87 1.00 0.00
0.50 3.14 7.04 1.00 0.00
0.50 3.14 7.22 1.00 0.00
0.50 3.14 7.39 1.00 0.00
0.50 3.14 7.57 1.00 0.00
0.50 3.14 7.74 1.00 0.00
0.50 3.14 7.92 1.00 0.00
0.50 3.14 8.09 1.00 0.00
0.50 3.14 8.27 1.00 0.00
0.50 3.14 8.44 1.00 0.00
0.50 3.14 8.61 1.00 0.00
0.50 3.14 8.79 1.00 0.00
0.50 3.14 8.96 1.00 0.00
0.50 3.14 9.14 1.00 0.00
0.50 3.14 9.31 1.00 0.00
0.70 3.14 6.27 1.00 0.00
0.70 3.14 6.44 1.00 0.00
0.70 3.14 6.62 1.00 0.00
0.70 3.14 6.79 1.00 0.00
0.70 3.14 6.97 1.00 0.00
0.70 3.14 7.14 1.00 0.00
0.70 3.14 7.32 1.00 0.00
0.70 3.14 7.49 1.00 0.00
0.70 3.14 7.67 1.00 0.00
0.70 3.14 7.84 1.00 0.00
0.70 3.14 8.01 1.00 0.00
0.70 3.14 8.19 1.00 0.00
0.70 3.14 8.36 1.00 0.00
0.70 3.14 8.54 1.00 0.00
0.70 3.14 8.71 1.00 0.00
0.70 3.14 8.89 1.00 0.00
0.70 3.14 9.06 1.00 0.00
0.70 3.14 9.24 1.00 0.00
0.90 3.14 6.19 1.00 0.00
0.90 3.14 6.37 1.00 0.00
0.90 3.14 6.54 1.00 0.00
0.90 3.14 6.72 1.00 0.00
0.90 3.14 6.89 1.00 0.00
0.90 3.14 7.06 1.00 0.00
0.90 3.14 7.24 1.00 0.00
0.90 3.14 7.41 1.00 0.00
0.90 3.14 7.59 1.00 0.00
0.90 3.14 7.76 1.00 0.00
0.90 3.14 7.94 1.00 0.00
0.90 3.14 8.11 1.00 0.00
0.90 3.14 8.29 1.00 0.00
0.90 3.14 8.46 1.00 0.00
0.90 3.14 8.64 1.00 0.00
0.90 3.14 8.81 1.00 0.00
0.90 3.14 8.98 1.00 0.00
0.90 3.14 9.16 1.00 0.00
1.10 3.14 6.12 1.00 0.00
1.10 3.14 6.29 1.00 0.00
1.10 3.14 6.47 1.00 0.00
1.10 3.14 6.64 1.00 0.00
1.10 3.14 6.81 1.00 0.00
1.10 3.14 6.99 1.00 0.00
1.10 3.14 7.16 1.00 0.00
1.10 3.14 7.34 1.00 0.00
1.10 3.14 7.51 1.00 0.00
1.10 3.14 7.69 1.00 0.00
1.10 3.14 7.86 1.00 0.00
1.10 3.14 8.04 1.00 0.00
1.10 3.14 8.21 1.00 0.00
1.10 3.14 8.39 1.00 0.00
1.10 3.14 8.56 1.00 0.00
1.10 3.14 8.73 1.00 0.00
1.10 3.14 8.91 1.00 0.00
1.10 3.14 9.08 1.00 0.00
0.30 3.32 6.43 1.00 0.00
0.30 3.32 6.60 1.00 0.00
0.30 3.32 6.78 1.00 0.00
0.30 3.32 6.95 1.00 0.00
0.30 3.32 7.12 1.00 0.00
0.30 3.32 7.30 1.00 0.00
0.30 3.32 7.47 1.00 0.00
0.30 3.32 7.65 1.00 0.00
0.30 3.32 7.82 1.00 0.00
0.30 3.32 8.00 1.00 0.00
0.30 3.32 8.17 1.00 0.00
0.30 3.32 8.35 1.00 0.00
0.30 3.32 8.52 1.00 0.00
0.30 3.32 8.70 1.00 0.00
0.30 3.32 8.87 1.00 0.00
0.30 3.32 9.04 1.00 0.00
0.30 3.32 9.22 1.00 0.00
0.30 3.32 9.39 1.00 0.00
0.50 3.32 6.35 1.00 0.00
0.50 3.32 6.53 1.00 0.00
0.50 3.32 6.70 1.00 0.00
0.50 3.32 6.87 1.00 0.00
0.50 3.32 7.05 1.00 0.00
0.50 3.32 7.22 1.00 0.00
0.50 3.32 7.40 1.00 0.00
0.50 3.32 7.57 1.00 0.00
0.50 3.32 7.75 1.00 0.00
0.50 3.32 7.92 1.00 0.00
0.50 3.32 8.10 1.00 0.00
0.50 3.32 8.27 1.00 0.00
0.50 3.32 8.45 1.00 0.00
0.50 3.32 8.62 1.00 0.00
0.50 3.32 8.79 1.00 0.00
0.50 3.32 8.97 1.00 0.00
0.50 3.32 9.14 1.00 0.00
0.50 3.32 9.32 1.00 0.00
0.70 3.32 6.27 1.00 0.00
0.70 3.32 6.45 1.00 0.00
0.70 3.32 6.62 1.00 0.00
0.70 3.32 6.80 1.00 0.00
0.70 3.32 6.97 1.00 0.00
0.70 3.32 7.15 1.00 0.00
0.70 3.32 7.32 1.00 0.00
0.70 3.32 7.49 1.00 0.00
0.70 3.32 7.67 1.00 0.00
0.70 3.32 7.84 1.00 0.00
0.70 3.32 8.02 1.00 0.00
0.70 3.32 8.19 1.00 0.00
0.70 3.32 8.37 1.00 0.00
0.70 3.32 8.54 1.00 0.00
0.70 3.32 8.72 1.00 0.00
0.70 3.32 8.89 1.00 0.00
0.70 3.32 9.07 1.00 0.00
0.70 3.32 9.24 1.00 0.00
0.90 3.32 6.19 1.00 0.00
0.90 3.32 6.37 1.00 0.00
0.90 3.32 6.54 1.00 0.00
0.90 3.32 6.72 1.00 0.00
0.90 3.32 6.89 1.00 0.00
0.90 3.32 7.06 1.00 0.00
0.90 3.32 7.24 1.00 0.00
0.90 3.32 7.41 1.00 0.00
0.90 3.32 7.59 1.00 0.00
0.90 3.32 7.76 1.00 0.00
0.90 3.32 7.94 1.00 0.00
0.90 3.32 8.11 1.00 0.00
0.90 3.32 8.29 1.00 0.00
0.90 3.32 8.46 1.00 0.00
0.90 3.32 8.64 1.00 0.00
0.90 3.32 8.81 1.00 0.00
0.90 3.32 8.98 1.00 0.00
0.90 3.32 9.16 1.00 0.00
1.10 3.32 6.11 1.00 0.00
1.10 3.32 6.28 1.00 0.00
1.10 3.32 6.46 1.00 0.00
1.10 3.32 6.63 1.00 0.00
1.10 3.32 6.81 1.00 0.00
1.10 3.32 6.98 1.00 0.00
1.10 3.32 7.16 1.00 0.00
1.10 3.32 7.33 1.00 0.00
1.10 3.32 7.51 1.00 0.00
1.10 3.32 7.68 1.00 0.00
1.10 3.32 7.86 1.00 0.00
1.10 3.32 8.03 1.00 0.00
1.10 3.32 8.20 1.00 0.00
1.10 3.32 8.38 1.00 0.00
1.10 3.32 8.55 1.00 0.00
1.10 3.32 8.73 1.00 0.00
1.10 3.32 8.90 1.00 0.00
1.10 3.32 9.08 1.00 0.00
0.30 3.49 6.43 1.00 0.00
0.30 3.49 6.61 1.00 0.00
0.30 3.49 6.78 1.00 0.00
0.30 3.49 6.96 1.00 0.00
0.30 3.49 7.13 1.00 0.00
0.30 3.49 7.31 1.00 0.00
0.30 3.49 7.48 1.00 0.00
0.30 3.49 7.66 1.00 0.00
0.30 3.49 7.83 1.00 0.00
0.30 3.49 8.01 1.00 0.00
0.30 3.49 8.18 1.00 0.00
0.30 3.49 8.35 1.00 0.00
0.30 3.49 8.53 1.00 0.00
0.30 3.49 8.70 1.00 0.00
0.30 3.49 8.88 1.00 0.00
0.30 3.49 9.05 1.00 0.00
0.30 3.49 9.23 1.00 0.00
0.30 3.49 9.40 1.00 0.00
0.50 3.49 6.36 1.00 0.00
0.50 3.49 6.54 1.00 0.00
0.50 3.49 6.71 1.00 0.00
0.50 3.49 6.89 1.00 0.00
0.50 3.49 7.06 1.00 0.00
0.50 3.49 7.24 1.00 0.00
0.50 3.49 7.41 1.00 0.00
0.50 3.49 7.58 1.00 0.00
0.50 3.49 7.76 1.00 0.00
0.50 3.49 7.93 1.00 0.00
0.50 3.49 8.11 1.00 0.00
0.50 3.49 8.28 1.00 0.00
0.50 3.49 8.46 1.00 0.00
0.50 3.49 8.63 1.00 0.00
0.50 3.49 8.81 1.00 0.00
0.50 3.49 8.98 1.00 0.00
0.50 3.49 9.16 1.00 0.00
0.50 3.49 9.33 1.00 0.00
0.70 3.49 6.29 1.00 0.00
0.70 3.49 6.46 1.00 0.00
0.70 3.49 6.63 1.00 0.00
0.70 3.49 6.81 1.00 0.00
0.70 3.49 6.98 1.00 0.00
0.70 3.49 7.16 1.00 0.00
0.70 3.49 7.33 1.00 0.00
0.70 3.49 7.51 1.00 0.00
0.70 3.49 7.68 1.00 0.00
0.70 3.49 7.86 1.00 0.00
0.70 3.49 8.03 1.00 0.00
0.70 3.49 8.21 1.00 0.00
0.70 3.49 8.38 1.00 0.00
0.70 3.49 8.55 1.00 0.00
0.70 3.49 8.73 1.00 0.00
0.70 3.49 8.90 1.00 0.00
0.70 3.49 9.08 1.00 0.00
0.70 3.49 9.25 1.00 0.00
0.90 3.49 6.20 1.00 0.00
0.90 3.49 6.38 1.00 0.00
0.90 3.49 6.55 1.00 0.00
0.90 3.49 6.73 1.00 0.00
0.90 3.49 6.90 1.00 0.00
0.90 3.49 7.08 1.00 0.00
0.90 3.49 7.25 1.00 0.00
0.90 3.49 7.43 1.00 0.00
0.90 3.49 7.60 1.00 0.00
0.90 3.49 7.77 1.00 0.00
0.90 3.49 7.95 1.00 0.00
0.90 3.49 8.12 1.00 0.00
0.90 3.49 8.30 1.00 0.00
0.90 3.49 8.47 1.00 0.00
0.90 3.49 8.65 1.00 0.00
0.90 3.49 8.82 1.00 0.00
0.90 3.49 9.00 1.00 0.00
0.90 3.49 9.17 1.00 0.00
1.10 3.49 6.12 1.00 0.00
1.10 3.49 6.29 1.00 0.00
1.10 3.49 6.47 1.00 0.00
1.10 3.49 6.64 1.00 0.00
1.10 3.49 6.82 1.00 0.00
1.10 3.49 6.99 1.00 0.00
1.10 3.49 7.17 1.00 0.00
1.10 3.49 7.34 1.00 0.00
1.10 3.49 7.51 1.00 0.00
1.10 3.49 7.69 1.00 0.00
1.10 3.49 7.86 1.00 0.00
1.10 3.49 8.04 1.00 0.00
1.10 3.49 8.21 1.00 0.00
1.10 3.49 8.39 1.00 0.00
1.10 3.49 8.56 1.00 0.00
1.10 3.49 8.74 1.00 0.00
1.10 3.49 8.91 1.00 0.00
1.10 3.49 9.08 1.00 0.00
0.30 3.67 6.45 1.00 0.00
0.30 3.67 6.62 1.00 0.00
0.30 3.67 6.80 1.00 0.00
0.30 3.67 6.97 1.00 0.00
0.30 3.67 7.14 1.00 0.00
0.30 3.67 7.32 1.00 0.00
0.30 3.67 7.49 1.00 0.00
0.30 3.67 7.67 1.00 0.00
0.30 3.67 7.84 1.00 0.00
0.30 3.67 8.02 1.00 0.00
0.30 3.67 8.19 1.00 0.00
0.30 3.67 8.37 1.00 0.00
0.30 3.67 8.54 1.00 0.00
0.30 3.67 8.72 1.00 0.00
0.30 3.67 8.89 1.00 0.00
0.30 3.67 9.06 1.00 0.00
0.30 3.67 9.24 1.00 0.00
0.30 3.67 9.41 1.00 0.00
0.50 3.67 6.38 1.00 0.00
0.50 3.67 6.56 1.00 0.00
0.50 3.67 6.73 1.00 0.00
0.50 3.67 6.90 1.00 0.00
0.50 3.67 7.08 1.00 0.00
0.50 3.67 7.25 1.00 0.00
0.50 3.67 7.43 1.00 0.00
0.50 3.67 7.60 1.00 0.00
0.50 3.67 7.78 1.00 0.00
0.50 3.67 7.95 1.00 0.00
0.50 3.67 8.13 1.00 0.00
0.50 3.67 8.30 1.00 0.00
0.50 3.67 8.48 1.00 0.00
0.50 3.67 8.65 1.00 0.00
0.50 3.67 8.82 1.00 0.00
0.50 3.67 9.00 1.00 0.00
0.50 3.67 9.17 1.00 0.00
0.50 3.67 9.35 1.00 0.00
0.70 3.67 6.31 1.00 0.00
0.70 3.67 6.48 1.00 0.00
0.70 3.67 6.66 1.00 0.00
0.70 3.67 6.83 1.00 0.00
0.70 3.67 7.01 1.00 0.00
0.70 3.67 7.18 1.00 0.00
0.70 3.67 7.36 1.00 0.00
0.70 3.67 7.53 1.00 0.00
0.70 3.67 7.70 1.00 0.00
0.70 3.67 7.88 1.00 0.00
0.70 3.67 8.05 1.00 0.00
0.70 3.67 8.23 1.00 0.00
0.70 3.67 8.40 1.00 0.00
0.70 3.67 8.58 1.00 0.00
0.70 3.67 8.75 1.00 0.00
0.70 3.67 8.93 1.00 0.00
0.70 3.67 9.10 1.00 0.00
0.70 3.67 9.28 1.00 0.00
0.90 3.67 6.23 1.00 0.00
0.90 3.67 6.40 1.00 0.00
0.90 3.67 6.58 1.00 0.00
0.90 3.67 6.75 1.00 0.00
0.90 3.67 6.93 1.00 0.00
0.90 3.67 7.10 1.00 0.00
0.90 3.67 7.28 1.00 0.00
0.90 3.67 7.45 1.00 0.00
0.90 3.67 7.63 1.00 0.00
0.90 3.67 7.80 1.00 0.00
0.90 3.67 7.97 1.00 0.00
0.90 3.67 8.15 1.00 0.00
0.90 3.67 8.32 1.00 0.00
0.90 3.67 8.50 1.00 0.00
0.90 3.67 8.67 1.00 0.00
0.90 3.67 8.85 1.00 0.00
0.90 3.67 9.02 1.00 0.00
0.90 3.67 9.20 1.00 0.00
1.10 3.67 6.14 1.00 0.00
1.10 3.67 6.32 1.00 0.00
1.10 3.67 6.49 1.00 0.00
1.10 3.67 6.67 1.00 0.00
1.10 3.67 6.84 1.00 0.00
1.10 3.67 7.02 1.00 0.00
1.10 3.67 7.19 1.00 0.00
1.10 3.67 7.36 1.00 0.00
1.10 3.67 7.54 1.00 0.00
1.10 3.67 7.71 1.00 0.00
1.10 3.67 7.89 1.00 0.00
1.10 3.67 8.06 1.00 0.00
1.10 3.67 8.24 1.00 0.00
1.10 3.67 8.41 1.00 0.00
1.10 3.67 8.59 1.00 0.00
1.10 3.67 8.76 1.00 0.00
1.10 3.67 8.94 1.00 0.00
1.10 3.67 9.11 1.00 0.00
0.30 3.84 6.46 1.00 0.00
0.30 3.84 6.64 1.00 0.00
0.30 3.84 6.81 1.00 0.00
0.30 3.84 6.98 1.00 0.00
0.30 3.84 7.16 1.00 0.00
0.30 3.84 7.33 1.00 0.00
0.30 3.84 7.51 1.00 0.00
0.30 3.84 7.68 1.00 0.00
0.30 3.84 7.86 1.00 0.00
0.30 3.84 8.03 1.00 0.00
0.30 3.84 8.21 1.00 0.00
0.30 3.84 8.38 1.00 0.00
0.30 3.84 8.56 1.00 0.00
0.30 3.84 8.73 1.00 0.00
0.30 3.84 8.90 1.00 0.00
0.30 3.84 9.08 1.00 0.00
0.30 3.84 9.25 1.00 0.00
0.30 3.84 9.43 1.00 0.00
0.50 3.84 6.41 1.00 0.00
0.50 3.84 6.58 1.00 0.00
0.50 3.84 6.75 1.00 0.00
0.50 3.84 6.93 1.00 0.00
0.50 3.84 7.10 1.00 0.00
0.50 3.84 7.28 1.00 0.00
0.50 3.84 7.45 1.00 0.00
0.50 3.84 7.63 1.00 0.00
0.50 3.84 7.80 1.00 0.00
0.50 3.84 7.98 1.00 0.00
0.50 3.84 8.15 1.00 0.00
0.50 3.84 8.33 1.00 0.00
0.50 3.84 8.50 1.00 0.00
0.50 3.84 8.67 1.00 0.00
0.50 3.84 8.85 1.00 0.00
0.50 3.84 9.02 1.00 0.00
0.50 3.84 9.20 1.00 0.00
0.50 3.84 9.37 1.00 0.00
0.70 3.84 6.34 1.00 0.00
0.70 3.84 6.52 1.00 0.00
0.70 3.84 6.69 1.00 0.00
0.70 3.84 6.87 1.00 0.00
0.70 3.84 7.04 1.00 0.00
0.70 3.84 7.21 1.00 0.00
0.70 3.84 7.39 1.00 0.00
0.70 3.84 7.56 1.00 0.00
0.70 3.84 7.74 1.00 0.00
0.70 3.84 7.91 1.00 0.00
0.70 3.84 8.09 1.00 0.00
0.70 3.84 8.26 1.00 0.00
0.70 3.84 8.44 1.00 0.00
0.70 3.84 8.61 1.00 0.00
0.70 3.84 8.79 1.00 0.00
0.70 3.84 8.96 1.00 0.00
0.70 3.84 9.13 1.00 0.00
0.70 3.84 9.31 1.00 0.00
0.90 3.84 6.27 1.00 0.00
0.90 3.84 6.44 1.00 0.00
0.90 3.84 6.62 1.00 0.00
0.90 3.84 6.79 1.00 0.00
0.90 3.84 6.97 1.00 0.00
0.90 3.84 7.14 1.00 0.00
0.90 3.84 7.32 1.00 0.00
0.90 3.84 7.49 1.00 0.00
0.90 3.84 7.67 1.00 0.00
0.90 3.84 7.84 1.00 0.00
0.90 3.84 8.02 1.00 0.00
0.90 3.84 8.19 1.00 0.00
0.90 3.84 8.36 1.00 0.00
0.90 3.84 8.54 1.00 0.00
0.90 3.84 8.71 1.00 0.00
0.90 3.84 8.89 1.00 0.00
0.90 3.84 9.06 1.00 0.00
0.90 3.84 9.24 1.00 0.00
1.10 3.84 6.19 1.00 0.00
1.10 3.84 6.36 1.00 0.00
1.10 3.84 6.54 1.00 0.00
1.10 3.84 6.71 1.00 0.00
1.10 3.84 6.89 1.00 0.00
1.10 3.84 7.06 1.00 0.00
1.10 3.84 7.24 1.00 0.00
1.10 3.84 7.41 1.00 0.00
1.10 3.84 7.58 1.00 0.00
1.10 3.84 7.76 1.00 0.00
1.10 3.84 7.93 1.00 0.00
1.10 3.84 8.11 1.00 0.00
1.10 3.84 8.28 1.00 0.00
1.10 3.84 8.46 1.00 0.00
1.10 3.84 8.63 1.00 0.00
1.10 3.84 8.81 1.00 0.00
1.10 3.84 8.98 1.00 0.00
1.10 3.84 9.16 1.00 0.00
0.30 4.01 6.48 1.00 0.00
0.30 4.01 6.65 1.00 0.00
0.30 4.01 6.83 1.00 0.00
0.30 4.01 7.00 1.00 0.00
0.30 4.01 7.18 1.00 0.00
0.30 4.01 7.35 1.00 0.00
0.30 4.01 7.53 1.00 0.00
0.30 4.01 7.70 1.00 0.00
0.30 4.01 7.88 1.00 0.00
0.30 4.01 8.05 1.00 0.00
0.30 4.01 8.22 1.00 0.00
0.30 4.01 8.40 1.00 0.00
0.30 4.01 8.57 1.00 0.00
0.30 4.01 8.75 1.00 0.00
0.30 4.01 8.92 1.00 0.00
0.30 4.01 9.10 1.00 0.00
0.30 4.01 9.27 1.00 0.00
0.30 4.01 9.45 1.00 0.00
0.50 4.01 6.44 1.00 0.00
0.50 4.01 6.61 1.00 0.00
0.50 4.01 6.79 1.00 0.00
0.50 4.01 6.96 1.00 0.00
0.50 4.01 7.13 1.00 0.00
0.50 4.01 7.31 1.00 0.00
0.50 4.01 7.48 1.00 0.00
0.50 4.01 7.66 1.00 0.00
0.50 4.01 7.83 1.00 0.00
0.50 4.01 8.01 1.00 0.00
0.50 4.01 8.18 1.00 0.00
0.50 4.01 8.36 1.00 0.00
0.50 4.01 8.53 1.00 0.00
0.50 4.01 8.71 1.00 0.00
0.50 4.01 8.88 1.00 0.00
0.50 4.01 9.05 1.00 0.00
0.50 4.01 9.23 1.00 0.00
0.50 4.01 9.40 1.00 0.00
0.70 4.01 6.39 1.00 0.00
0.70 4.01 6.56 1.00 0.00
0.70 4.01 6.74 1.00 0.00
0.70 4.01 6.91 1.00 0.00
0.70 4.01 7.08 1.00 0.00
0.70 4.01 7.26 1.00 0.00
0.70 4.01 7.43 1.00 0.00
0.70 4.01 7.61 1.00 0.00
0.70 4.01 7.78 1.00 0.00
0.70 4.01 7.96 1.00 0.00
0.70 4.01 8.13 1.00 0.00
0.70 4.01 8.31 1.00 0.00
0.70 4.01 8.48 1.00 0.00
0.70 4.01 8.66 1.00 0.00
0.70 4.01 8.83 1.00 0.00
0.70 4.01 9.00 1.00 0.00
0.70 4.01 9.18 1.00 0.00
0.70 4.01 9.35 1.00 0.00
0.90 4.01 6.33 1.00 0.00
0.90 4.01 6.50 1.00 0.00
0.90 4.01 6.68 1.00 0.00
0.90 4.01 6.85 1.00 0.00
0.90 4.01 7.03 1.00 0.00
0.90 4.01 7.20 1.00 0.00
0.90 4.01 7.37 1.00 0.00
0.90 4.01 7.55 1.00 0.00
0.90 4.01 7.72 1.00 0.00
0.90 4.01 7.90 1.00 0.00
0.90 4.01 8.07 1.00 0.00
0.90 4.01 8.25 1.00 0.00
0.90 4.01 8.42 1.00 0.00
0.90 4.01 8.60 1.00 0.00
0.90 4.01 8.77 1.00 0.00
0.90 4.01 8.95 1.00 0.00
0.90 4.01 9.12 1.00 0.00
0.90 4.01 9.29 1.00 0.00
1.10 4.01 6.26 1.00 0.00
1.10 4.01 6.43 1.00 0.00
1.10 4.01 6.61 1.00 0.00
1.10 4.01 6.78 1.00 0.00
1.10 4.01 6.96 1.00 0.00
1.10 4.01 7.13 1.00 0.00
1.10 4.01 7.31 1.00 0.00
1.10 4.01 7.48 1.00 0.00
1.10 4.01 7.65 1.00 0.00
1.10 4.01 7.83 1.00 0.00
1.10 4.01 8.00 1.00 0.00
1.10 4.01 8.18 1.00 0.00
1.10 4.01 8.35 1.00 0.00
1.10 4.01 8.53 1.00 0.00
1.10 4.01 8.70 1.00 0.00
1.10 4.01 8.88 1.00 0.00
1.10 4.01 9.05 1.00 0.00
1.10 4.01 9.23 1.00 0.00
0.30 4.19 6.50 1.00 0.00
0.30 4.19 6.67 1.00 0.00
0.30 4.19 6.85 1.00 0.00
0.30 4.19 7.02 1.00 0.00
0.30 4.19 7.20 1.00 0.00
0.30 4.19 7.37 1.00 0.00
0.30 4.19 7.55 1.00 0.00
0.30 4.19 7.72 1.00 0.00
0.30 4.19 7.90 1.00 0.00
0.30 4.19 8.07 1.00 0.00
0.30 4.19 8.24 1.00 0.00
0.30 4.19 8.42 1.00 0.00
0.30 4.19 8.59 1.00 0.00
0.30 4.19 8.77 1.00 0.00
0.30 4.19 8.94 1.00 0.00
0.30 4.19 9.12 1.00 0.00
0.30 4.19 9.29 1.00 0.00
0.30 4.19 9.47 1.00 0.00
0.50 4.19 6.47 1.00 0.00
0.50 4.19 6.65 1.00 0.00
0.50 4.19 6.82 1.00 0.00
0.50 4.19 7.00 1.00 0.00
0.50 4.19 7.17 1.00 0.00
0.50 4.19 7.34 1.00 0.00
0.50 4.19 7.52 1.00 0.00
0.50 4.19 7.69 1.00 0.00
0.50 4.19 7.87 1.00 0.00
0.50 4.19 8.04 1.00 0.00
0.50 4.19 8.22 1.00 0.00
0.50 4.19 8.39 1.00 0.00
0.50 4.19 8.57 1.00 0.00
0.50 4.19 8.74 1.00 0.00
0.50 4.19 8.92 1.00 0.00
0.50 4.19 9.09 1.00 0.00
0.50 4.19 9.26 1.00 0.00
0.50 4.19 9.44 1.00 0.00
0.70 4.19 6.44 1.00 0.00
0.70 4.19 6.61 1.00 0.00
0.70 4.19 6.79 1.00 0.00
0.70 4.19 6.96 1.00 0.00
0.70 4.19 7.14 1.00 0.00
0.70 4.19 7.31 1.00 0.00
0.70 4.19 7.49 1.00 0.00
0.70 4.19 7.66 1.00 0.00
0.70 4.19 7.84 1.00 0.00
0.70 4.19 8.01 1.00 0.00
0.70 4.19 8.18 1.00 0.00
0.70 4.19 8.36 1.00 0.00
0.70 4.19 8.53 1.00 0.00
0.70 4.19 8.71 1.00 0.00
0.70 4.19 8.88 1.00 0.00
0.70 4.19 9.06 1.00 0.00
0.70 4.19 9.23 1.00 0.00
0.70 4.19 9.41 1.00 0.00
0.90 4.19 6.40 1.00 0.00
0.90 4.19 6.57 1.00 0.00
0.90 4.19 6.75 1.00 0.00
0.90 4.19 6.92 1.00 0.00
0.90 4.19 7.10 1.00 0.00
0.90 4.19 7.27 1.00 0.00
0.90 4.19 7.45 1.00 0.00
0.90 4.19 7.62 1.00 0.00
0.90 4.19 7.80 1.00 0.00
0.90 4.19 7.97 1.00 0.00
0.90 4.19 8.15 1.00 0.00
0.90 4.19 8.32 1.00 0.00
0.90 4.19 8.49 1.00 0.00
0.90 4.19 8.67 1.00 0.00
0.90 4.19 8.84 1.00 0.00
0.90 4.19 9.02 1.00 0.00
0.90 4.19 9.19 1.00 0.00
0.90 4.19 9.37 1.00 0.00
1.10 4.19 6.35 1.00 0.00
1.10 4.19 6.53 1.00 0.00
1.10 4.19 6.70 1.00 0.00
1.10 4.19 6.88 1.00 0.00
1.10 4.19 7.05 1.00 0.00
1.10 4.19 7.22 1.00 0.00
1.10 4.19 7.40 1.00 0.00
1.10 4.19 7.57 1.00 0.00
1.10 4.19 7.75 1.00 0.00
1.10 4.19 7.92 1.00 0.00
1.10 4.19 8.10 1.00 0.00
1.10 4.19 8.27 1.00 0.00
1.10 4.19 8.45 1.00 0.00
1.10 4.19 8.62 1.00 0.00
1.10 4.19 8.80 1.00 0.00
1.10 4.19 8.97 1.00 0.00
1.10 4.19 9.14 1.00 0.00
1.10 4.19 9.32 1.00 0.00
0.30 4.36 6.52 1.00 0.00
0.30 4.36 6.70 1.00 0.00
0.30 4.36 6.87 1.00 0.00
0.30 4.36 7.04 1.00 0.00
0.30 4.36 7.22 1.00 0.00
0.30 4.36 7.39 1.00 0.00
0.30 4.36 7.57 1.00 0.00
0.30 4.36 7.74 1.00 0.00
0.30 4.36 7.92 1.00 0.00
0.30 4.36 8.09 1.00 0.00
0.30 4.36 8.27 1.00 0.00
0.30 4.36 8.44 1.00 0.00
0.30 4.36 8.61 1.00 0.00
0.30 4.36 8.79 1.00 0.00
0.30 4.36 8.96 1.00 0.00
0.30 4.36 9.14 1.00 0.00
0.30 4.36 9.31 1.00 0.00
0.30 4.36 9.49 1.00 0.00
0.50 4.36 6.51 1.00 0.00
0.50 4.36 6.68 1.00 0.00
0.50 4.36 6.86 1.00 0.00
0.50 4.36 7.03 1.00 0.00
0.50 4.36 7.21 1.00 0.00
0.50 4.36 7.38 1.00 0.00
0.50 4.36 7.56 1.00 0.00
0.50 4.36 7.73 1.00 0.00
0.50 4.36 7.91 1.00 0.00
0.50 4.36 8.08 1.00 0.00
0.50 4.36 8.26 1.00 0.00
0.50 4.36 8.43 1.00 0.00
0.50 4.36 8.60 1.00 0.00
0.50 4.36 8.78 1.00 0.00
0.50 4.36 8.95 1.00 0.00
0.50 4.36 9.13 1.00 0.00
0.50 4.36 9.30 1.00 0.00
0.50 4.36 9.48 1.00 0.00
0.70 4.36 6.50 1.00 0.00
0.70 4.36 6.67 1.00 0.00
0.70 4.36 6.85 1.00 0.00
0.70 4.36 7.02 1.00 0.00
0.70 4.36 7.20 1.00 0.00
0.70 4.36 7.37 1.00 0.00
0.70 4.36 7.55 1.00 0.00
0.70 4.36 7.72 1.00 0.00
0.70 4.36 7.89 1.00 0.00
0.70 4.36 8.07 1.00 0.00
0.70 4.36 8.24 1.00 0.00
0.70 4.36 8.42 1.00 0.00
0.70 4.36 8.59 1.00 0.00
0.70 4.36 8.77 1.00 0.00
0.70 4.36 8.94 1.00 0.00
0.70 4.36 9.12 1.00 0.00
0.70 4.36 9.29 1.00 0.00
0.70 4.36 9.47 1.00 0.00
0.90 4.36 6.48 1.00 0.00
0.90 4.36 6.66 1.00 0.00
0.90 4.36 6.83 1.00 0.00
0.90 4.36 7.01 1.00 0.00
0.90 4.36 7.18 1.00 0.00
0.90 4.36 7.36 1.00 0.00
0.90 4.36 7.53 1.00 0.00
0.90 4.36 7.70 1.00 0.00
0.90 4.36 7.88 1.00 0.00
0.90 4.36 8.05 1.00 0.00
0.90 4.36 8.23 1.00 0.00
0.90 4.36 8.40 1.00 0.00
0.90 4.36 8.58 1.00 0.00
0.90 4.36 8.75 1.00 0.00
0.90 4.36 8.93 1.00 0.00
0.90 4.36 9.10 1.00 0.00
0.90 4.36 9.28 1.00 0.00
0.90 4.36 9.45 1.00 0.00
1.10 4.36 6.46 1.00 0.00
1.10 4.36 6.64 1.00 0.00
1.10 4.36 6.81 1.00 0.00
1.10 4.36 6.99 1.00 0.00
1.10 4.36 7.16 1.00 0.00
1.10 4.36 7.34 1.00 0.00
1.10 4.36 7.51 1.00 0.00
1.10 4.36 7.69 1.00 0.00
1.10 4.36 7.86 1.00 0.00
1.10 4.36 8.04 1.00 0.00
1.10 4.36 8.21 1.00 0.00
1.10 4.36 8.38 1.00 0.00
1.10 4.36 8.56 1.00 0.00
1.10 4.36 8.73 1.00 0.00
1.10 4.36 8.91 1.00 0.00
1.10 4.36 9.08 1.00 0.00
1.10 4.36 9.26 1.00 0.00
1.10 4.36 9.43 1.00 0.00
0.30 4.54 6.54 1.00 0.00
0.30 4.54 6.72 1.00 0.00
0.30 4.54 6.89 1.00 0.00
0.30 4.54 7.07 1.00 0.00
0.30 4.54 7.24 1.00 0.00
0.30 4.54 7.42 1.00 0.00
0.30 4.54 7.59 1.00 0.00
0.30 4.54 7.76 1.00 0.00
0.30 4.54 7.94 1.00 0.00
0.30 4.54 8.11 1.00 0.00
0.30 4.54 8.29 1.00 0.00
0.30 4.54 8.46 1.00 0.00
0.30 4.54 8.64 1.00 0.00
0.30 4.54 8.81 1.00 0.00
0.30 4.54 8.99 1.00 0.00
0.30 4.54 9.16 1.00 0.00
0.30 4.54 9.33 1.00 0.00
0.30 4.54 9.51 1.00 0.00
0.50 4.54 6.55 1.00 0.00
0.50 4.54 6.72 1.00 0.00
0.50 4.54 6.90 1.00 0.00
0.50 4.54 7.07 1.00 0.00
0.50 4.54 7.25 1.00 0.00
0.50 4.54 7.42 1.00 0.00
0.50 4.54 7.60 1.00 0.00
0.50 4.54 7.77 1.00 0.00
0.50 4.54 7.95 1.00 0.00
0.50 4.54 8.12 1.00 0.00
0.50 4.54 8.30 1.00 0.00
0.50 4.54 8.47 1.00 0.00
0.50 4.54 8.64 1.00 0.00
0.50 4.54 8.82 1.00 0.00
0.50 4.54 8.99 1.00 0.00
0.50 4.54 9.17 1.00 0.00
0.50 4.54 9.34 1.00 0.00
0.50 4.54 9.52 1.00 0.00
0.70 4.54 6.56 1.00 0.00
0.70 4.54 6.73 1.00 0.00
0.70 4.54 6.91 1.00 0.00
0.70 4.54 7.08 1.00 0.00
0.70 4.54 7.26 1.00 0.00
0.70 4.54 7.43 1.00 0.00
0.70 4.54 7.61 1.00 0.00
0.70 4.54 7.78 1.00 0.00
0.70 4.54 7.96 1.00 0.00
0.70 4.54 8.13 1.00 0.00
0.70 4.54 8.30 1.00 0.00
0.70 4.54 8.48 1.00 0.00
0.70 4.54 8.65 1.00 0.00
0.70 4.54 8.83 1.00 0.00
0.70 4.54 9.00 1.00 0.00
0.70 4.54 9.18 1.00 0.00
0.70 4.54 9.35 1.00 0.00
0.70 4.54 9.53 1.00 0.00
0.90 4.54 6.57 1.00 0.00
0.90 4.54 6.75 1.00 0.00
0.90 4.54 6.92 1.00 0.00
0.90 4.54 7.09 1.00 0.00
0.90 4.54 7.27 1.00 0.00
0.90 4.54 7.44 1.00 0.00
0.90 4.54 7.62 1.00 0.00
0.90 4.54 7.79 1.00 0.00
0.90 4.54 7.97 1.00 0.00
0.90 4.54 8.14 1.00 0.00
0.90 4.54 8.32 1.00 0.00
0.90 4.54 8.49 1.00 0.00
0.90 4.54 8.67 1.00 0.00
0.90 4.54 8.84 1.00 0.00
0.90 4.54 9.01 1.00 0.00
0.90 4.54 9.19 1.00 0.00
0.90 4.54 9.36 1.00 0.00
0.90 4.54 9.54 1.00 0.00
1.10 4.54 6.59 1.00 0.00
1.10 4.54 6.76 1.00 0.00
1.10 4.54 6.93 1.00 0.00
1.10 4.54 7.11 1.00 0.00
1.10 4.54 7.28 1.00 0.00
1.10 4.54 7.46 1.00 0.00
1.10 4.54 7.63 1.00 0.00
1.10 4.54 7.81 1.00 0.00
1.10 4.54 7.98 1.00 0.00
1.10 4.54 8.16 1.00 0.00
1.10 4.54 8.33 1.00 0.00
1.10 4.54 8.50 1.00 0.00
1.10 4.54 8.68 1.00 0.00
1.10 4.54 8.85 1.00 0.00
1.10 4.54 9.03 1.00 0.00
1.10 4.54 9.20 1.00 0.00
1.10 4.54 9.38 1.00 0.00
1.10 4.54 9.55 1.00 0.00
0.30 4.71 6.56 1.00 0.00
0.30 4.71 6.74 1.00 0.00
0.30 4.71 6.91 1.00 0.00
0.30 4.71 7.09 1.00 0.00
0.30 4.71 7.26 1.00 0.00
0.30 4.71 7.44 1.00 0.00
0.30 4.71 7.61 1.00 0.00
0.30 4.71 7.79 1.00 0.00
0.30 4.71 7.96 1.00 0.00
0.30 4.71 8.13 1.00 0.00
0.30 4.71 8.31 1.00 0.00
0.30 4.71 8.48 1.00 0.00
0.30 4.71 8.66 1.00 0.00
0.30 4.71 8.83 1.00 0.00
0.30 4.71 9.01 1.00 0.00
0.30 4.71 9.18 1.00 0.00
0.30 4.71 9.36 1.00 0.00
0.30 4.71 9.53 1.00 0.00
0.50 4.71 6.59 1.00 0.00
0.50 4.71 6.76 1.00 0.00
0.50 4.71 6.94 1.00 0.00
0.50 4.71 7.11 1.00 0.00
0.50 4.71 7.29 1.00 0.00
0.50 4.71 7.46 1.00 0.00
0.50 4.71 7.64 1.00 0.00
0.50 4.71 7.81 1.00 0.00
0.50 4.71 7.99 1.00 0.00
0.50 4.71 8.16 1.00 0.00
0.50 4.71 8.33 1.00 0.00
0.50 4.71 8.51 1.00 0.00
0.50 4.71 8.68 1.00 0.00
0.50 4.71 8.86 1.00 0.00
0.50 4.71 9.03 1.00 0.00
0.50 4.71 9.21 1.00 0.00
0.50 4.71 9.38 1.00 0.00
0.50 4.71 9.56 1.00 0.00
0.70 4.71 6.62 1.00 0.00
0.70 4.71 6.79 1.00 0.00
0.70 4.71 6.97 1.00 0.00
0.70 4.71 7.14 1.00 0.00
0.70 4.71 7.32 1.00 0.00
0.70 4.71 7.49 1.00 0.00
0.70 4.71 7.67 1.00 0.00
0.70 4.71 7.84 1.00 0.00
0.70 4.71 8.02 1.00 0.00
0.70 4.71 8.19 1.00 0.00
0.70 4.71 8.36 1.00 0.00
0.70 4.71 8.54 1.00 0.00
0.70 4.71 8.71 1.00 0.00
0.70 4.71 8.89 1.00 0.00
0.70 4.71 9.06 1.00 0.00
0.70 4.71 9.24 1.00 0.00
0.70 4.71 9.41 1.00 0.00
0.70 4.71 9.59 1.00 0.00
0.90 4.71 0.37 1.00 0.00
0.90 4.71 0.55 1.00 0.00
0.90 4.71 0.72 1.00 0.00
0.90 4.71 0.90 1.00 0.00
0.90 4.71 1.07 1.00 0.00
0.90 4.71 1.24 1.00 0.00
0.90 4.71 1.42 1.00 0.00
0.90 4.71 1.59 1.00 0.00
0.90 4.71 1.77 1.00 0.00
0.90 4.71 1.94 1.00 0.00
0.90 4.71 2.12 1.00 0.00
0.90 4.71 2.29 1.00 0.00
0.90 4.71 2.47 1.00 0.00
0.90 4.71 2.64 1.00 0.00
0.90 4.71 2.82 1.00 0.00
0.90 4.71 2.99 1.00 0.00
0.90 4.71 3.16 1.00 0.00
0.90 4.71 3.34 1.00 0.00
1.10 4.71 0.42 1.00 0.00
1.10 4.71 0.59 1.00 0.00
1.10 4.71 0.77 1.00 0.00
1.10 4.71 0.94 1.00 0.00
1.10 4.71 1.11 1.00 0.00
1.10 4.71 1.29 1.00 0.00
1.10 4.71 1.46 1.00 0.00
1.10 4.71 1.64 1.00 0.00
1.10 4.71 1.81 1.00 0.00
1.10 4.71 1.99 1.00 0.00
1.10 4.71 2.16 1.00 0.00
1.10 4.71 2.34 1.00 0.00
1.10 4.71 2.51 1.00 0.00
1.10 4.71 2.69 1.00 0.00
1.10 4.71 2.86 1.00 0.00
1.10 4.71 3.03 1.00 0.00
1.10 4.71 3.21 1.00 0.00
1.10 4.71 3.38 1.00 0.00
0.30 4.89 6.58 1.00 0.00
0.30 4.89 6.76 1.00 0.00
0.30 4.89 6.93 1.00 0.00
0.30 4.89 7.11 1.00 0.00
0.30 4.89 7.28 1.00 0.00
0.30 4.89 7.46 1.00 0.00
0.30 4.89 7.63 1.00 0.00
0.30 4.89 7.81 1.00 0.00
0.30 4.89 7.98 1.00 0.00
0.30 4.89 8.16 1.00 0.00
0.30 4.89 8.33 1.00 0.00
0.30 4.89 8.50 1.00 0.00
0.30 4.89 8.68 1.00 0.00
0.30 4.89 8.85 1.00 0.00
0.30 4.89 9.03 1.00 0.00
0.30 4.89 9.20 1.00 0.00
0.30 4.89 9.38 1.00 0.00
0.30 4.89 9.55 1.00 0.00
0.50 4.89 6.63 1.00 0.00
0.50 4.89 6.80 1.00 0.00
0.50 4.89 6.97 1.00 0.00
0.50 4.89 7.15 1.00 0.00
0.50 4.89 7.32 1.00 0.00
0.50 4.89 7.50 1.00 0.00
0.50 4.89 7.67 1.00 0.00
0.50 4.89 7.85 1.00 0.00
0.50 4.89 8.02 1.00 0.00
0.50 4.89 8.20 1.00 0.00
0.50 4.89 8.37 1.00 0.00
0.50 4.89 8.55 1.00 0.00
0.50 4.89 8.72 1.00 0.00
0.50 4.89 8.89 1.00 0.00
0.50 4.89 9.07 1.00 0.00
0.50 4.89 9.24 1.00 0.00
0.50 4.89 9.42 1.00 0.00
0.50 4.89 9.59 1.00 0.00
0.70 4.89 0.39 1.00 0.00
0.70 4.89 0.56 1.00 0.00
0.70 4.89 0.74 1.00 0.00
0.70 4.89 0.91 1.00 0.00
0.70 4.89 1.09 1.00 0.00
0.70 4.89 1.26 1.00 0.00
0.70 4.89 1.44 1.00 0.00
0.70 4.89 1.61 1.00 0.00
0.70 4.89 1.79 1.00 0.00
0.70 4.89 1.96 1.00 0.00
0.70 4.89 2.14 1.00 0.00
0.70 4.89 2.31 1.00 0.00
0.70 4.89 2.48 1.00 0.00
0.70 4.89 2.66 1.00 0.00
0.70 4.89 2.83 1.00 0.00
0.70 4.89 3.01 1.00 0.00
0.70 4.89 3.18 1.00 0.00
0.70 4.89 3.36 1.00 0.00
0.90 4.89 0.45 1.00 0.00
0.90 4.89 0.62 1.00 0.00
0.90 4.89 0.80 1.00 0.00
0.90 4.89 0.97 1.00 0.00
0.90 4.89 1.14 1.00 0.00
0.90 4.89 1.32 1.00 0.00
0.90 4.89 1.49 1.00 0.00
0.90 4.89 1.67 1.00 0.00
0.90 4.89 1.84 1.00 0.00
0.90 4.89 2.02 1.00 0.00
0.90 4.89 2.19 1.00 0.00
0.90 4.89 2.37 1.00 0.00
0.90 4.89 2.54 1.00 0.00
0.90 4.89 2.72 1.00 0.00
0.90 4.89 2.89 1.00 0.00
0.90 4.89 3.06 1.00 0.00
0.90 4.89 3.24 1.00 0.00
0.90 4.89 3.41 1.00 0.00
1.10 4.89 0.51 1.00 0.00
1.10 4.89 0.69 1.00 0.00
1.10 4.89 0.86 1.00 0.00
1.10 4.89 1.04 1.00 0.00
1.10 4.89 1.21 1.00 0.00
1.10 4.89 1.39 1.00 0.00
1.10 4.89 1.56 1.00 0.00
1.10 4.89 1.73 1.00 0.00
1.10 4.89 1.91 1.00 0.00
1.10 4.89 2.08 1.00 0.00
1.10 4.89 2.26 1.00 0.00
1.10 4.89 2.43 1.00 0.00
1.10 4.89 2.61 1.00 0.00
1.10 4.89 2.78 1.00 0.00
1.10 4.89 2.96 1.00 0.00
1.10 4.89 3.13 1.00 0.00
1.10 4.89 3.31 1.00 0.00
1.10 4.89 3.48 1.00 0.00
0.30 5.06 6.60 1.00 0.00
0.30 5.06 6.78 1.00 0.00
0.30 5.06 6.95 1.00 0.00
0.30 5.06 7.13 1.00 0.00
0.30 5.06 7.30 1.00 0.00
0.30 5.06 7.48 1.00 0.00
0.30 5.06 7.65 1.00 0.00
0.30 5.06 7.82 1.00 0.00
0.30 5.06 8.00 1.00 0.00
0.30 5.06 8.17 1.00 0.00
0.30 5.06 8.35 1.00 0.00
0.30 5.06 8.52 1.00 0.00
0.30 5.06 8.70 1.00 0.00
0.30 5.06 8.87 1.00 0.00
0.30 5.06 9.05 1.00 0.00
0.30 5.06 9.22 1.00 0.00
0.30 5.06 9.39 1.00 0.00
0.30 5.06 9.57 1.00 0.00
0.50 5.06 0.37 1.00 0.00
0.50 5.06 0.55 1.00 0.00
0.50 5.06 0.72 1.00 0.00
0.50 5.06 0.90 1.00 0.00
0.50 5.06 1.07 1.00 0.00
0.50 5.06 1.25 1.00 0.00
0.50 5.06 1.42 1.00 0.00
0.50 5.06 1.60 1.00 0.00
0.50 5.06 1.77 1.00 0.00
0.50 5.06 1.94 1.00 0.00
0.50 5.06 2.12 1.00 0.00
0.50 5.06 2.29 1.00 0.00
0.50 5.06 2.47 1.00 0.00
0.50 5.06 2.64 1.00 0.00
0.50 5.06 2.82 1.00 0.00
0.50 5.06 2.99 1.00 0.00
0.50 5.06 3.17 1.00 0.00
0.50 5.06 3.34 1.00 0.00
0.70 5.06 0.44 1.00 0.00
0.70 5.06 0.61 1.00 0.00
0.70 5.06 0.78 1.00 0.00
0.70 5.06 0.96 1.00 0.00
0.70 5.06 1.13 1.00 0.00
0.70 5.06 1.31 1.00 0.00
0.70 5.06 1.48 1.00 0.00
0.70 5.06 1.66 1.00 0.00
0.70 5.06 1.83 1.00 0.00
0.70 5.06 2.01 1.00 0.00
0.70 5.06 2.18 1.00 0.00
0.70 5.06 2.36 1.00 0.00
0.70 5.06 2.53 1.00 0.00
0.70 5.06 2.70 1.00 0.00
0.70 5.06 2.88 1.00 0.00
0.70 5.06 3.05 1.00 0.00
0.70 5.06 3.23 1.00 0.00
0.70 5.06 3.40 1.00 0.00
0.90 5.06 0.51 1.00 0.00
0.90 5.06 0.68 1.00 0.00
0.90 5.06 0.85 1.00 0.00
0.90 5.06 1.03 1.00 0.00
0.90 5.06 1.20 1.00 0.00
0.90 5.06 1.38 1.00 0.00
0.90 5.06 1.55 1.00 0.00
0.90 5.06 1.73 1.00 0.00
0.90 5.06 1.90 1.00 0.00
0.90 5.06 2.08 1.00 0.00
0.90 5.06 2.25 1.00 0.00
0.90 5.06 2.43 1.00 0.00
0.90 5.06 2.60 1.00 0.00
0.90 5.06 2.77 1.00 0.00
0.90 5.06 2.95 1.00 0.00
0.90 5.06 3.12 1.00 0.00
0.90 5.06 3.30 1.00 0.00
0.90 5.06 3.47 1.00 0.00
1.10 5.06 0.59 1.00 0.00
1.10 5.06 0.76 1.00 0.00
1.10 5.06 0.94 1.00 0.00
1.10 5.06 1.11 1.00 0.00
1.10 5.06 1.28 1.00 0.00
1.10 5.06 1.46 1.00 0.00
1.10 5.06 1.63 1.00 0.00
1.10 5.06 1.81 1.00 0.00
1.10 5.06 1.98 1.00 0.00
1.10 5.06 2.16 1.00 0.00
1.10 5.06 2.33 1.00 0.00
1.10 5.06 2.51 1.00 0.00
1.10 5.06 2.68 1.00 0.00
1.10 5.06 2.86 1.00 0.00
1.10 5.06 3.03 1.00 0.00
1.10 5.06 3.20 1.00 0.00
1.10 5.06 3.38 1.00 0.00
1.10 5.06 3.55 1.00 0.00
0.30 5.24 6.62 1.00 0.00
0.30 5.24 6.79 1.00 0.00
0.30 5.24 6.97 1.00 0.00
0.30 5.24 7.14 1.00 0.00
0.30 5.24 7.32 1.00 0.00
0.30 5.24 7.49 1.00 0.00
0.30 5.24 7.66 1.00 0.00
0.30 5.24 7.84 1.00 0.00
0.30 5.24 8.01 1.00 0.00
0.30 5.24 8.19 1.00 0.00
0.30 5.24 8.36 1.00 0.00
0.30 5.24 8.54 1.00 0.00
0.30 5.24 8.71 1.00 0.00
0.30 5.24 8.89 1.00 0.00
0.30 5.24 9.06 1.00 0.00
0.30 5.24 9.24 1.00 0.00
0.30 5.24 9.41 1.00 0.00
0.30 5.24 9.58 1.00 0.00
0.50 5.24 0.40 1.00 0.00
0.50 5.24 0.57 1.00 0.00
0.50 5.24 0.75 1.00 0.00
0.50 5.24 0.92 1.00 0.00
0.50 5.24 1.10 1.00 0.00
0.50 5.24 1.27 1.00 0.00
0.50 5.24 1.45 1.00 0.00
0.50 5.24 1.62 1.00 0.00
0.50 5.24 1.80 1.00 0.00
0.50 5.24 1.97 1.00 0.00
0.50 5.24 2.14 1.00 0.00
0.50 5.24 2.32 1.00 0.00
0.50 5.24 2.49 1.00 0.00
0.50 5.24 2.67 1.00 0.00
0.50 5.24 2.84 1.00 0.00
0.50 5.24 3.02 1.00 0.00
0.50 5.24 3.19 1.00 0.00
0.50 5.24 3.37 1.00 0.00
0.70 5.24 0.47 1.00 0.00
0.70 5.24 0.64 1.00 0.00
0.70 5.24 0.82 1.00 0.00
0.70 5.24 0.99 1.00 0.00
0.70 5.24 1.17 1.00 0.00
0.70 5.24 1.34 1.00 0.00
0.70 5.24 1.52 1.00 0.00
0.70 5.24 1.69 1.00 0.00
0.70 5.24 1.87 1.00 0.00
0.70 5.24 2.04 1.00 0.00
0.70 5.24 2.22 1.00 0.00
0.70 5.24 2.39 1.00 0.00
0.70 5.24 2.56 1.00 0.00
0.70 5.24 2.74 1.00 0.00
0.70 5.24 2.91 1.00 0.00
0.70 5.24 3.09 1.00 0.00
0.70 5.24 3.26 1.00 0.00
0.70 5.24 3.44 1.00 0.00
0.90 5.24 0.55 1.00 0.00
0.90 5.24 0.72 1.00 0.00
0.90 5.24 0.90 1.00 0.00
0.90 5.24 1.07 1.00 0.00
0.90 5.24 1.25 1.00 0.00
0.90 5.24 1.42 1.00 0.00
0.90 5.24 1.60 1.00 0.00
0.90 5.24 1.77 1.00 0.00
0.90 5.24 1.95 1.00 0.00
0.90 5.24 2.12 1.00 0.00
0.90 5.24 2.29 1.00 0.00
0.90 5.24 2.47 1.00 0.00
0.90 5.24 2.64 1.00 0.00
0.90 5.24 2.82 1.00 0.00
0.90 5.24 2.99 1.00 0.00
0.90 5.24 3.17 1.00 0.00
0.90 5.24 3.34 1.00 0.00
0.90 5.24 3.52 1.00 0.00
1.10 5.24 0.64 1.00 0.00
1.10 5.24 0.81 1.00 0.00
1.10 5.24 0.98 1.00 0.00
1.10 5.24 1.16 1.00 0.00
1.10 5.24 1.33 1.00 0.00
1.10 5.24 1.51 1.00 0.00
1.10 5.24 1.68 1.00 0.00
1.10 5.24 1.86 1.00 0.00
1.10 5.24 2.03 1.00 0.00
1.10 5.24 2.21 1.00 0.00
1.10 5.24 2.38 1.00 0.00
1.10 5.24 2.56 1.00 0.00
1.10 5.24 2.73 1.00 0.00
1.10 5.24 2.90 1.00 0.00
1.10 5.24 3.08 1.00 0.00
1.10 5.24 3.25 1.00 0.00
1.10 5.24 3.43 1.00 0.00
1.10 5.24 3.60 1.00 0.00
0.30 5.41 6.63 1.00 0.00
0.30 5.41 6.80 1.00 0.00
0.30 5.41 6.98 1.00 0.00
0.30 5.41 7.15 1.00 0.00
0.30 5.41 7.33 1.00 0.00
0.30 5.41 7.50 1.00 0.00
0.30 5.41 7.68 1.00 0.00
0.30 5.41 7.85 1.00 0.00
0.30 5.41 8.03 1.00 0.00
0.30 5.41 8.20 1.00 0.00
0.30 5.41 8.38 1.00 0.00
0.30 5.41 8.55 1.00 0.00
0.30 5.41 8.72 1.00 0.00
0.30 5.41 8.90 1.00 0.00
0.30 5.41 9.07 1.00 0.00
0.30 5.41 9.25 1.00 0.00
0.30 5.41 9.42 1.00 0.00
0.30 5.41 9.60 1.00 0.00
0.50 5.41 0.42 1.00 0.00
0.50 5.41 0.59 1.00 0.00
0.50 5.41 0.77 1.00 0.00
0.50 5.41 0.94 1.00 0.00
0.50 5.41 1.12 1.00 0.00
0.50 5.41 1.29 1.00 0.00
0.50 5.41 1.47 1.00 0.00
0.50 5.41 1.64 1.00 0.00
0.50 5.41 1.81 1.00 0.00
0.50 5.41 1.99 1.00 0.00
0.50 5.41 2.16 1.00 0.00
0.50 5.41 2.34 1.00 0.00
0.50 5.41 2.51 1.00 0.00
0.50 5.41 2.69 1.00 0.00
0.50 5.41 2.86 1.00 0.00
0.50 5.41 3.04 1.00 0.00
0.50 5.41 3.21 1.00 0.00
0.50 5.41 3.39 1.00 0.00
0.70 5.41 0.49 1.00 0.00
0.70 5.41 0.67 1.00 0.00
0.70 5.41 0.84 1.00 0.00
0.70 5.41 1.02 1.00 0.00
0.70 5.41 1.19 1.00 0.00
0.70 5.41 1.37 1.00 0.00
0.70 5.41 1.54 1.00 0.00
0.70 5.41 1.72 1.00 0.00
0.70 5.41 1.89 1.00 0.00
0.70 5.41 2.07 1.00 0.00
0.70 5.41 2.24 1.00 0.00
0.70 5.41 2.41 1.00 0.00
0.70 5.41 2.59 1.00 0.00
0.70 5.41 2.76 1.00 0.00
0.70 5.41 2.94 1.00 0.00
0.70 5.41 3.11 1.00 0.00
0.70 5.41 3.29 1.00 0.00
0.70 5.41 3.46 1.00 0.00
0.90 5.41 0.58 1.00 0.00
0.90 5.41 0.75 1.00 0.00
0.90 5.41 0.93 1.00 0.00
0.90 5.41 1.10 1.00 0.00
0.90 5.41 1.27 1.00 0.00
0.90 5.41 1.45 1.00 0.00
0.90 5.41 1.62 1.00 0.00
0.90 5.41 1.80 1.00 0.00
0.90 5.41 1.97 1.00 0.00
0.90 5.41 2.15 1.00 0.00
0.90 5.41 2.32 1.00 0.00
0.90 5.41 2.50 1.00 0.00
0.90 5.41 2.67 1.00 0.00
0.90 5.41 2.85 1.00 0.00
0.90 5.41 3.02 1.00 0.00
0.90 5.41 3.19 1.00 0.00
0.90 5.41 3.37 1.00 0.00
0.90 5.41 3.54 1.00 0.00
1.10 5.41 0.66 1.00 0.00
1.10 5.41 0.84 1.00 0.00
1.10 5.41 1.01 1.00 0.00
1.10 5.41 1.19 1.00 0.00
1.10 5.41 1.36 1.00 0.00
1.10 5.41 1.54 1.00 0.00
1.10 5.41 1.71 1.00 0.00
1.10 5.41 1.88 1.00 0.00
1.10 5.41 2.06 1.00 0.00
1.10 5.41 2.23 1.00 0.00
1.10 5.41 2.41 1.00 0.00
1.10 5.41 2.58 1.00 0.00
1.10 5.41 2.76 1.00 0.00
1.10 5.41 2.93 1.00 0.00
1.10 5.41 3.11 1.00 0.00
1.10 5.41 3.28 1.00 0.00
1.10 5.41 3.46 1.00 0.00
1.10 5.41 3.63 1.00 0.00
0.30 5.59 0.36 1.00 0.00
0.30 5.59 0.53 1.00 0.00
0.30 5.59 0.70 1.00 0.00
0.30 5.59 0.88 1.00 0.00
0.30 5.59 1.05 1.00 0.00
0.30 5.59 1.23 1.00 0.00
0.30 5.59 1.40 1.00 0.00
0.30 5.59 1.58 1.00 0.00
0.30 5.59 1.75 1.00 0.00
0.30 5.59 1.93 1.00 0.00
0.30 5.59 2.10 1.00 0.00
0.30 5.59 2.28 1.00 0.00
0.30 5.59 2.45 1.00 0.00
0.30 5.59 2.62 1.00 0.00
0.30 5.59 2.80 1.00 0.00
0.30 5.59 2.97 1.00 0.00
0.30 5.59 3.15 1.00 0.00
0.30 5.59 3.32 1.00 0.00
0.50 5.59 0.43 1.00 0.00
0.50 5.59 0.61 1.00 0.00
0.50 5.59 0.78 1.00 0.00
0.50 5.59 0.95 1.00 0.00
0.50 5.59 1.13 1.00 0.00
0.50 5.59 1.30 1.00 0.00
0.50 5.59 1.48 1.00 0.00
0.50 5.59 1.65 1.00 0.00
0.50 5.59 1.83 1.00 0.00
0.50 5.59 2.00 1.00 0.00
0.50 5.59 2.18 1.00 0.00
0.50 5.59 2.35 1.00 0.00
0.50 5.59 2.52 1.00 0.00
0.50 5.59 2.70 1.00 0.00
0.50 5.59 2.87 1.00 0.00
0.50 5.59 3.05 1.00 0.00
0.50 5.59 3.22 1.00 0.00
0.50 5.59 3.40 1.00 0.00
0.70 5.59 0.51 1.00 0.00
0.70 5.59 0.68 1.00 0.00
0.70 5.59 0.86 1.00 0.00
0.70 5.59 1.03 1.00 0.00
0.70 5.59 1.21 1.00 0.00
0.70 5.59 1.38 1.00 0.00
0.70 5.59 1.56 1.00 0.00
0.70 5.59 1.73 1.00 0.00
0.70 5.59 1.91 1.00 0.00
0.70 5.59 2.08 1.00 0.00
0.70 5.59 2.25 1.00 0.00
0.70 5.59 2.43 1.00 0.00
0.70 5.59 2.60 1.00 0.00
0.70 5.59 2.78 1.00 0.00
0.70 5.59 2.95 1.00 0.00
0.70 5.59 3.13 1.00 0.00
0.70 5.59 3.30 1.00 0.00
0.70 5.59 3.48 1.00 0.00
0.90 5.59 0.59 1.00 0.00
0.90 5.59 0.76 1.00 0.00
0.90 5.59 0.94 1.00 0.00
0.90 5.59 1.11 1.00 0.00
0.90 5.59 1.29 1.00 0.00
0.90 5.59 1.46 1.00 0.00
0.90 5.59 1.64 1.00 0.00
0.90 5.59 1.81 1.00 0.00
0.90 5.59 1.99 1.00 0.00
0.90 5.59 2.16 1.00 0.00
0.90 5.59 2.34 1.00 0.00
0.90 5.59 2.51 1.00 0.00
0.90 5.59 2.68 1.00 0.00
0.90 5.59 2.86 1.00 0.00
0.90 5.59 3.03 1.00 0.00
0.90 5.59 3.21 1.00 0.00
0.90 5.59 3.38 1.00 0.00
0.90 5.59 3.56 1.00 0.00
1.10 5.59 0.67 1.00 0.00
1.10 5.59 0.85 1.00 0.00
1.10 5.59 1.02 1.00 0.00
1.10 5.59 1.20 1.00 0.00
1.10 5.59 1.37 1.00 0.00
1.10 5.59 1.54 1.00 0.00
1.10 5.59 1.72 1.00 0.00
1.10 5.59 1.89 1.00 0.00
1.10 5.59 2.07 1.00 0.00
1.10 5.59 2.24 1.00 0.00
1.10 5.59 2.42 1.00 0.00
1.10 5.59 2.59 1.00 0.00
1.10 5.59 2.77 1.00 0.00
1.10 5.59 2.94 1.00 0.00
1.10 5.59 3.12 1.00 0.00
1.10 5.59 3.29 1.00 0.00
1.10 5.59 3.46 1.00 0.00
1.10 5.59 3.64 1.00 0.00
0.30 5.76 0.36 1.00 0.00
0.30 5.76 0.53 1.00 0.00
0.30 5.76 0.71 1.00 0.00
0.30 5.76 0.88 1.00 0.00
0.30 5.76 1.06 1.00 0.00
0.30 5.76 1.23 1.00 0.00
0.30 5.76 1.41 1.00 0.00
0.30 5.76 1.58 1.00 0.00
0.30 5.76 1.76 1.00 0.00
0.30 5.76 1.93 1.00 0.00
0.30 5.76 2.11 1.00 0.00
0.30 5.76 2.28 1.00 0.00
0.30 5.76 2.45 1.00 0.00
0.30 5.76 2.63 1.00 0.00
0.30 5.76 2.80 1.00 0.00
0.30 5.76 2.98 1.00 0.00
0.30 5.76 3.15 1.00 0.00
0.30 5.76 3.33 1.00 0.00
0.50 5.76 0.44 1.00 0.00
0.50 5.76 0.61 1.00 0.00
0.50 5.76 0.79 1.00 0.00
0.50 5.76 0.96 1.00 0.00
0.50 5.76 1.13 1.00 0.00
0.50 5.76 1.31 1.00 0.00
0.50 5.76 1.48 1.00 0.00
0.50 5.76 1.66 1.00 0.00
0.50 5.76 1.83 1.00 0.00
0.50 5.76 2.01 1.00 0.00
0.50 5.76 2.18 1.00 0.00
0.50 5.76 2.36 1.00 0.00
0.50 5.76 2.53 1.00 0.00
0.50 5.76 2.71 1.00 0.00
0.50 5.76 2.88 1.00 0.00
0.50 5.76 3.05 1.00 0.00
0.50 5.76 3.23 1.00 0.00
0.50 5.76 3.40 1.00 0.00
0.70 5.76 0.51 1.00 0.00
0.70 5.76 0.69 1.00 0.00
0.70 5.76 0.86 1.00 0.00
0.70 5.76 1.04 1.00 0.00
0.70 5.76 1.21 1.00 0.00
0.70 5.76 1.39 1.00 0.00
0.70 5.76 1.56 1.00 0.00
0.70 5.76 1.74 1.00 0.00
0.70 5.76 1.91 1.00 0.00
0.70 5.76 2.08 1.00 0.00
0.70 5.76 2.26 1.00 0.00
0.70 5.76 2.43 1.00 0.00
0.70 5.76 2.61 1.00 0.00
0.70 5.76 2.78 1.00 0.00
0.70 5.76 2.96 1.00 0.00
0.70 5.76 3.13 1.00 0.00
0.70 5.76 3.31 1.00 0.00
0.70 5.76 3.48 1.00 0.00
0.90 5.76 0.59 1.00 0.00
0.90 5.76 0.77 1.00 0.00
0.90 5.76 0.94 1.00 0.00
0.90 5.76 1.11 1.00 0.00
0.90 5.76 1.29 1.00 0.00
0.90 5.76 1.46 1.00 0.00
0.90 5.76 1.64 1.00 0.00
0.90 5.76 1.81 1.00 0.00
0.90 5.76 1.99 1.00 0.00
0.90 5.76 2.16 1.00 0.00
0.90 5.76 2.34 1.00 0.00
0.90 5.76 2.51 1.00 0.00
0.90 5.76 2.69 1.00 0.00
0.90 5.76 2.86 1.00 0.00
0.90 5.76 3.03 1.00 0.00
0.90 5.76 3.21 1.00 0.00
0.90 5.76 3.38 1.00 0.00
0.90 5.76 3.56 1.00 0.00
1.10 5.76 0.67 1.00 0.00
1.10 5.76 0.84 1.00 0.00
1.10 5.76 1.02 1.00 0.00
1.10 5.76 1.19 1.00 0.00
1.10 5.76 1.37 1.00 0.00
1.10 5.76 1.54 1.00 0.00
1.10 5.76 1.72 1.00 0.00
1.10 5.76 1.89 1.00 0.00
1.10 5.76 2.06 1.00 0.00
1.10 5.76 2.24 1.00 0.00
1.10 5.76 2.41 1.00 0.00
1.10 5.76 2.59 1.00 0.00
1.10 5.76 2.76 1.00 0.00
1.10 5.76 2.94 1.00 0.00
1.10 5.76 3.11 1.00 0.00
1.10 5.76 3.29 1.00 0.00
1.10 5.76 3.46 1.00 0.00
1.10 5.76 3.63 1.00 0.00
0.30 5.93 0.36 1.00 0.00
0.30 5.93 0.54 1.00 0.00
0.30 5.93 0.71 1.00 0.00
0.30 5.93 0.89 1.00 0.00
0.30 5.93 1.06 1.00 0.00
0.30 5.93 1.23 1.00 0.00
0.30 5.93 1.41 1.00 0.00
0.30 5.93 1.58 1.00 0.00
0.30 5.93 1.76 1.00 0.00
0.30 5.93 1.93 1.00 0.00
0.30 5.93 2.11 1.00 0.00
0.30 5.93 2.28 1.00 0.00
0.30 5.93 2.46 1.00 0.00
0.30 5.93 2.63 1.00 0.00
0.30 5.93 2.81 1.00 0.00
0.30 5.93 2.98 1.00 0.00
0.30 5.93 3.15 1.00 0.00
0.30 5.93 3.33 1.00 0.00
0.50 5.93 0.44 1.00 0.00
0.50 5.93 0.61 1.00 0.00
0.50 5.93 0.79 1.00 0.00
0.50 5.93 0.96 1.00 0.00
0.50 5.93 1.13 1.00 0.00
0.50 5.93 1.31 1.00 0.00
0.50 5.93 1.48 1.00 0.00
0.50 5.93 1.66 1.00 0.00
0.50 5.93 1.83 1.00 0.00
0.50 5.93 2.01 1.00 0.00
0.50 5.93 2.18 1.00 0.00
0.50 5.93 2.36 1.00 0.00
0.50 5.93 2.53 1.00 0.00
0.50 5.93 2.71 1.00 0.00
0.50 5.93 2.88 1.00 0.00
0.50 5.93 3.05 1.00 0.00
0.50 5.93 3.23 1.00 0.00
0.50 5.93 3.40 1.00 0.00
0.70 5.93 0.51 1.00 0.00
0.70 5.93 0.68 1.00 0.00
0.70 5.93 0.86 1.00 0.00
0.70 5.93 1.03 1.00 0.00
0.70 5.93 1.21 1.00 0.00
0.70 5.93 1.38 1.00 0.00
0.70 5.93 1.56 1.00 0.00
0.70 5.93 1.73 1.00 0.00
0.70 5.93 1.91 1.00 0.00
0.70 5.93 2.08 1.00 0.00
0.70 5.93 2.26 1.00 0.00
0.70 5.93 2.43 1.00 0.00
0.70 5.93 2.60 1.00 0.00
0.70 5.93 2.78 1.00 0.00
0.70 5.93 2.95 1.00 0.00
0.70 5.93 3.13 1.00 0.00
0.70 5.93 3.30 1.00 0.00
0.70 5.93 3.48 1.00 0.00
0.90 5.93 0.58 1.00 0.00
0.90 5.93 0.76 1.00 0.00
0.90 5.93 0.93 1.00 0.00
0.90 5.93 1.11 1.00 0.00
0.90 5.93 1.28 1.00 0.00
0.90 5.93 1.46 1.00 0.00
0.90 5.93 1.63 1.00 0.00
0.90 5.93 1.80 1.00 0.00
0.90 5.93 1.98 1.00 0.00
0.90 5.93 2.15 1.00 0.00
0.90 5.93 2.33 1.00 0.00
0.90 5.93 2.50 1.00 0.00
0.90 5.93 2.68 1.00 0.00
0.90 5.93 2.85 1.00 0.00
0.90 5.93 3.03 1.00 0.00
0.90 5.93 3.20 1.00 0.00
0.90 5.93 3.37 1.00 0.00
0.90 5.93 3.55 1.00 0.00
1.10 5.93 0.65 1.00 0.00
1.10 5.93 0.83 1.00 0.00
1.10 5.93 1.00 1.00 0.00
1.10 5.93 1.18 1.00 0.00
1.10 5.93 1.35 1.00 0.00
1.10 5.93 1.52 1.00 0.00
1.10 5.93 1.70 1.00 0.00
1.10 5.93 1.87 1.00 0.00
1.10 5.93 2.05 1.00 0.00
1.10 5.93 2.22 1.00 0.00
1.10 5.93 2.40 1.00 0.00
1.10 5.93 2.57 1.00 0.00
1.10 5.93 2.75 1.00 0.00
1.10 5.93 2.92 1.00 0.00
1.10 5.93 3.10 1.00 0.00
1.10 5.93 3.27 1.00 0.00
1.10 5.93 3.44 1.00 0.00
1.10 5.93 3.62 1.00 0.00
0.30 6.11 0.36 1.00 0.00
0.30 6.11 0.53 1.00 0.00
0.30 6.11 0.71 1.00 0.00
0.30 6.11 0.88 1.00 0.00
0.30 6.11 1.06 1.00 0.00
0.30 6.11 1.23 1.00 0.00
0.30 6.11 1.41 1.00 0.00
0.30 6.11 1.58 1.00 0.00
0.30 6.11 1.76 1.00 0.00
0.30 6.11 1.93 1.00 0.00
0.30 6.11 2.11 1.00 0.00
0.30 6.11 2.28 1.00 0.00
0.30 6.11 2.45 1.00 0.00
0.30 6.11 2.63 1.00 0.00
0.30 6.11 2.80 1.00 0.00
0.30 6.11 2.98 1.00 0.00
0.30 6.11 3.15 1.00 0.00
0.30 6.11 3.33 1.00 0.00
0.50 6.11 0.43 1.00 0.00
0.50 6.11 0.61 1.00 0.00
0.50 6.11 0.78 1.00 0.00
0.50 6.11 0.95 1.00 0.00
0.50 6.11 1.13 1.00 0.00
0.50 6.11 1.30 1.00 0.00
0.50 6.11 1.48 1.00 0.00
0.50 6.11 1.65 1.00 0.00
0.50 6.11 1.83 1.00 0.00
0.50 6.11 2.00 1.00 0.00
0.50 6.11 2.18 1.00 0.00
0.50 6.11 2.35 1.00 0.00
0.50 6.11 2.53 1.00 0.00
0.50 6.11 2.70 1.00 0.00
0.50 6.11 2.87 1.00 0.00
0.50 6.11 3.05 1.00 0.00
0.50 6.11 3.22 1.00 0.00
0.50 6.11 3.40 1.00 0.00
0.70 6.11 0.50 1.00 0.00
0.70 6.11 0.67 1.00 0.00
0.70 6.11 0.85 1.00 0.00
0.70 6.11 1.02 1.00 0.00
0.70 6.11 1.20 1.00 0.00
0.70 6.11 1.37 1.00 0.00
0.70 6.11 1.55 1.00 0.00
0.70 6.11 1.72 1.00 0.00
0.70 6.11 1.90 1.00 0.00
0.70 6.11 2.07 1.00 0.00
0.70 6.11 2.25 1.00 0.00
0.70 6.11 2.42 1.00 0.00
0.70 6.11 2.59 1.00 0.00
0.70 6.11 2.77 1.00 0.00
0.70 6.11 2.94 1.00 0.00
0.70 6.11 3.12 1.00 0.00
0.70 6.11 3.29 1.00 0.00
0.70 6.11 3.47 1.00 0.00
0.90 6.11 0.57 1.00 0.00
0.90 6.11 0.74 1.00 0.00
0.90 6.11 0.91 1.00 0.00
0.90 6.11 1.09 1.00 0.00
0.90 6.11 1.26 1.00 0.00
0.90 6.11 1.44 1.00 0.00
0.90 6.11 1.61 1.00 0.00
0.90 6.11 1.79 1.00 0.00
0.90 6.11 1.96 1.00 0.00
0.90 6.11 2.14 1.00 0.00
0.90 6.11 2.31 1.00 0.00
0.90 6.11 2.49 1.00 0.00
0.90 6.11 2.66 1.00 0.00
0.90 6.11 2.83 1.00 0.00
0.90 6.11 3.01 1.00 0.00
0.90 6.11 3.18 1.00 0.00
0.90 6.11 3.36 1.00 0.00
0.90 6.11 3.53 1.00 0.00
1.10 6.11 0.63 1.00 0.00
1.10 6.11 0.80 1.00 0.00
1.10 6.11 0.98 1.00 0.00
1.10 6.11 1.15 1.00 0.00
1.10 6.11 1.33 1.00 0.00
1.10 6.11 1.50 1.00 0.00
1.10 6.11 1.67 1.00 0.00
1.10 6.11 1.85 1.00 0.00
1.10 6.11 2.02 1.00 0.00
1.10 6.11 2.20 1.00 0.00
1.10 6.11 2.37 1.00 0.00
1.10 6.11 2.55 1.00 0.00
1.10 6.11 2.72 1.00 0.00
1.10 6.11 2.90 1.00 0.00
1.10 6.11 3.07 1.00 0.00
1.10 6.11 3.25 1.00 0.00
1.10 6.11 3.42 1.00 0.00
1.10 6.11 3.59 1.00 0.00
