0.58 0.10 1.20
0.62 0.10 1.00
0.65 0.10 0.81
0.69 0.10 0.61
0.72 0.10 0.41
0.63 0.10 1.21
0.70 0.10 1.02
0.77 0.10 0.84
0.84 0.10 0.65
0.91 0.10 0.46
0.68 0.10 1.23
0.78 0.10 1.06
0.88 0.10 0.89
0.98 0.10 0.72
1.08 0.10 0.54
0.72 0.10 1.26
0.85 0.10 1.11
0.98 0.10 0.96
1.11 0.10 0.81
1.24 0.10 0.65
0.76 0.10 1.30
0.91 0.10 1.17
1.07 0.10 1.04
1.22 0.10 0.92
1.37 0.10 0.79
0.79 0.10 1.34
0.96 0.10 1.24
1.14 0.10 1.14
1.31 0.10 1.04
1.48 0.10 0.94
0.81 0.10 1.39
1.00 0.10 1.32
1.19 0.10 1.26
1.38 0.10 1.19
1.56 0.10 1.12
0.83 0.10 1.44
1.02 0.10 1.41
1.22 0.10 1.37
1.42 0.10 1.34
1.61 0.10 1.30
0.83 0.10 1.49
1.03 0.10 1.49
1.23 0.10 1.49
1.43 0.10 1.49
1.63 0.10 1.49
0.83 0.10 1.55
1.02 0.10 1.58
1.22 0.10 1.62
1.42 0.10 1.65
1.61 0.10 1.69
0.81 0.10 1.60
1.00 0.10 1.67
1.19 0.10 1.73
1.38 0.10 1.80
1.56 0.10 1.87
0.79 0.10 1.64
0.96 0.10 1.74
1.14 0.10 1.84
1.31 0.10 1.94
1.48 0.10 2.04
0.76 0.10 1.69
0.91 0.10 1.82
1.07 0.10 1.94
1.22 0.10 2.07
1.37 0.10 2.20
0.72 0.10 1.72
0.85 0.10 1.88
0.98 0.10 2.03
1.11 0.10 2.18
1.24 0.10 2.34
0.68 0.10 1.75
0.78 0.10 1.93
0.88 0.10 2.10
0.98 0.10 2.27
1.08 0.10 2.45
0.63 0.10 1.78
0.70 0.10 1.96
0.77 0.10 2.15
0.84 0.10 2.34
0.91 0.10 2.53
0.58 0.10 1.79
0.62 0.10 1.99
0.65 0.10 2.18
0.69 0.10 2.38
0.72 0.10 2.58
0.53 0.10 1.79
0.53 0.10 1.99
0.53 0.10 2.19
0.53 0.10 2.39
0.53 0.10 2.59
0.48 0.10 1.79
0.44 0.10 1.99
0.41 0.10 2.18
0.37 0.10 2.38
0.34 0.10 2.58
0.43 0.10 1.78
0.36 0.10 1.96
0.29 0.10 2.15
0.22 0.10 2.34
0.15 0.10 2.53
0.38 0.10 1.75
0.28 0.10 1.93
0.18 0.10 2.10
0.08 0.10 2.27
-0.02 0.10 2.45
0.34 0.10 1.72
0.21 0.10 1.88
0.08 0.10 2.03
-0.05 0.10 2.18
-0.18 0.10 2.34
0.30 0.10 1.69
0.15 0.10 1.82
-0.01 0.10 1.94
-0.16 0.10 2.07
-0.31 0.10 2.20
0.27 0.10 1.64
0.10 0.10 1.74
-0.08 0.10 1.84
-0.25 0.10 1.94
-0.42 0.10 2.04
0.25 0.10 1.60
0.06 0.10 1.67
-0.13 0.10 1.73
-0.32 0.10 1.80
-0.50 0.10 1.87
0.24 0.10 1.55
0.04 0.10 1.58
-0.16 0.10 1.62
-0.36 0.10 1.65
-0.55 0.10 1.69
0.23 0.10 1.49
0.03 0.10 1.49
-0.17 0.10 1.49
-0.37 0.10 1.49
-0.57 0.10 1.49
0.24 0.10 1.44
0.04 0.10 1.41
-0.16 0.10 1.37
-0.36 0.10 1.34
-0.55 0.10 1.30
0.25 0.10 1.39
0.06 0.10 1.32
-0.13 0.10 1.26
-0.32 0.10 1.19
-0.50 0.10 1.12
0.27 0.10 1.34
0.10 0.10 1.24
-0.08 0.10 1.14
-0.25 0.10 1.04
-0.42 0.10 0.94
0.30 0.10 1.30
0.15 0.10 1.17
-0.01 0.10 1.04
-0.16 0.10 0.92
-0.31 0.10 0.79
0.34 0.10 1.26
0.21 0.10 1.11
0.08 0.10 0.96
-0.05 0.10 0.81
-0.18 0.10 0.65
0.38 0.10 1.23
0.28 0.10 1.06
0.18 0.10 0.89
0.08 0.10 0.72
-0.02 0.10 0.54
0.43 0.10 1.21
0.36 0.10 1.02
0.29 0.10 0.84
0.22 0.10 0.65
0.15 0.10 0.46
0.48 0.10 1.20
0.44 0.10 1.00
0.41 0.10 0.81
0.37 0.10 0.61
0.34 0.10 0.41
0.53 0.10 1.19
0.53 0.10 0.99
0.53 0.10 0.79
0.53 0.10 0.59
0.53 0.10 0.39
