0.30 0.00 0.19 1.00 0.00
0.30 0.00 0.36 1.00 0.00
0.30 0.00 0.53 1.00 0.00
0.30 0.00 0.71 1.00 0.00
0.30 0.00 0.88 1.00 0.00
0.30 0.00 1.06 1.00 0.00
0.30 0.00 1.23 1.00 0.00
0.30 0.00 1.41 1.00 0.00
0.30 0.00 1.58 1.00 0.00
0.30 0.00 1.76 1.00 0.00
0.30 0.00 1.93 1.00 0.00
0.30 0.00 2.11 1.00 0.00
0.30 0.00 2.28 1.00 0.00
0.30 0.00 2.45 1.00 0.00
0.30 0.00 2.63 1.00 0.00
0.30 0.00 2.80 1.00 0.00
0.30 0.00 2.98 1.00 0.00
0.30 0.00 3.15 1.00 0.00
0.50 0.00 0.26 1.00 0.00
0.50 0.00 0.43 1.00 0.00
0.50 0.00 0.61 1.00 0.00
0.50 0.00 0.78 1.00 0.00
0.50 0.00 0.95 1.00 0.00
0.50 0.00 1.13 1.00 0.00
0.50 0.00 1.30 1.00 0.00
0.50 0.00 1.48 1.00 0.00
0.50 0.00 1.65 1.00 0.00
0.50 0.00 1.83 1.00 0.00
0.50 0.00 2.00 1.00 0.00
0.50 0.00 2.18 1.00 0.00
0.50 0.00 2.35 1.00 0.00
0.50 0.00 2.53 1.00 0.00
0.50 0.00 2.70 1.00 0.00
0.50 0.00 2.87 1.00 0.00
0.50 0.00 3.05 1.00 0.00
0.50 0.00 3.22 1.00 0.00
0.70 0.00 0.33 1.00 0.00
0.70 0.00 0.50 1.00 0.00
0.70 0.00 0.67 1.00 0.00
0.70 0.00 0.85 1.00 0.00
0.70 0.00 1.02 1.00 0.00
0.70 0.00 1.20 1.00 0.00
0.70 0.00 1.37 1.00 0.00
0.70 0.00 1.55 1.00 0.00
0.70 0.00 1.72 1.00 0.00
0.70 0.00 1.90 1.00 0.00
0.70 0.00 2.07 1.00 0.00
0.70 0.00 2.25 1.00 0.00
0.70 0.00 2.42 1.00 0.00
0.70 0.00 2.59 1.00 0.00
0.70 0.00 2.77 1.00 0.00
0.70 0.00 2.94 1.00 0.00
0.70 0.00 3.12 1.00 0.00
0.70 0.00 3.29 1.00 0.00
0.90 0.00 0.39 1.00 0.00
0.90 0.00 0.57 1.00 0.00
0.90 0.00 0.74 1.00 0.00
0.90 0.00 0.91 1.00 0.00
0.90 0.00 1.09 1.00 0.00
0.90 0.00 1.26 1.00 0.00
0.90 0.00 1.44 1.00 0.00
0.90 0.00 1.61 1.00 0.00
0.90 0.00 1.79 1.00 0.00
0.90 0.00 1.96 1.00 0.00
0.90 0.00 2.14 1.00 0.00
0.90 0.00 2.31 1.00 0.00
0.90 0.00 2.49 1.00 0.00
0.90 0.00 2.66 1.00 0.00
0.90 0.00 2.83 1.00 0.00
0.90 0.00 3.01 1.00 0.00
0.90 0.00 3.18 1.00 0.00
0.90 0.00 3.36 1.00 0.00
1.10 0.00 0.45 1.00 0.00
1.10 0.00 0.63 1.00 0.00
1.10 0.00 0.80 1.00 0.00
1.10 0.00 0.98 1.00 0.00
1.10 0.00 1.15 1.00 0.00
1.10 0.00 1.33 1.00 0.00
1.10 0.00 1.50 1.00 0.00
1.10 0.00 1.67 1.00 0.00
1.10 0.00 1.85 1.00 0.00
1.10 0.00 2.02 1.00 0.00
1.10 0.00 2.20 1.00 0.00
1.10 0.00 2.37 1.00 0.00
1.10 0.00 2.55 1.00 0.00
1.10 0.00 2.72 1.00 0.00
1.10 0.00 2.90 1.00 0.00
1.10 0.00 3.07 1.00 0.00
1.10 0.00 3.25 1.00 0.00
1.10 0.00 3.42 1.00 0.00
0.30 0.17 0.18 1.00 0.00
0.30 0.17 0.35 1.00 0.00
0.30 0.17 0.53 1.00 0.00
0.30 0.17 0.70 1.00 0.00
0.30 0.17 0.88 1.00 0.00
0.30 0.17 1.05 1.00 0.00
0.30 0.17 1.23 1.00 0.00
0.30 0.17 1.40 1.00 0.00
0.30 0.17 1.58 1.00 0.00
0.30 0.17 1.75 1.00 0.00
0.30 0.17 1.93 1.00 0.00
0.30 0.17 2.10 1.00 0.00
0.30 0.17 2.27 1.00 0.00
0.30 0.17 2.45 1.00 0.00
0.30 0.17 2.62 1.00 0.00
0.30 0.17 2.80 1.00 0.00
0.30 0.17 2.97 1.00 0.00
0.30 0.17 3.15 1.00 0.00
0.50 0.17 0.25 1.00 0.00
0.50 0.17 0.42 1.00 0.00
0.50 0.17 0.60 1.00 0.00
0.50 0.17 0.77 1.00 0.00
0.50 0.17 0.94 1.00 0.00
0.50 0.17 1.12 1.00 0.00
0.50 0.17 1.29 1.00 0.00
0.50 0.17 1.47 1.00 0.00
0.50 0.17 1.64 1.00 0.00
0.50 0.17 1.82 1.00 0.00
0.50 0.17 1.99 1.00 0.00
0.50 0.17 2.17 1.00 0.00
0.50 0.17 2.34 1.00 0.00
0.50 0.17 2.52 1.00 0.00
0.50 0.17 2.69 1.00 0.00
0.50 0.17 2.86 1.00 0.00
0.50 0.17 3.04 1.00 0.00
0.50 0.17 3.21 1.00 0.00
0.70 0.17 0.31 1.00 0.00
0.70 0.17 0.48 1.00 0.00
0.70 0.17 0.66 1.00 0.00
0.70 0.17 0.83 1.00 0.00
0.70 0.17 1.01 1.00 0.00
0.70 0.17 1.18 1.00 0.00
0.70 0.17 1.36 1.00 0.00
0.70 0.17 1.53 1.00 0.00
0.70 0.17 1.70 1.00 0.00
0.70 0.17 1.88 1.00 0.00
0.70 0.17 2.05 1.00 0.00
0.70 0.17 2.23 1.00 0.00
0.70 0.17 2.40 1.00 0.00
0.70 0.17 2.58 1.00 0.00
0.70 0.17 2.75 1.00 0.00
0.70 0.17 2.93 1.00 0.00
0.70 0.17 3.10 1.00 0.00
0.70 0.17 3.28 1.00 0.00
0.90 0.17 0.37 1.00 0.00
0.90 0.17 0.54 1.00 0.00
0.90 0.17 0.72 1.00 0.00
0.90 0.17 0.89 1.00 0.00
0.90 0.17 1.07 1.00 0.00
0.90 0.17 1.24 1.00 0.00
0.90 0.17 1.41 1.00 0.00
0.90 0.17 1.59 1.00 0.00
0.90 0.17 1.76 1.00 0.00
0.90 0.17 1.94 1.00 0.00
0.90 0.17 2.11 1.00 0.00
0.90 0.17 2.29 1.00 0.00
0.90 0.17 2.46 1.00 0.00
0.90 0.17 2.64 1.00 0.00
0.90 0.17 2.81 1.00 0.00
0.90 0.17 2.98 1.00 0.00
0.90 0.17 3.16 1.00 0.00
0.90 0.17 3.33 1.00 0.00
1.10 0.17 0.42 1.00 0.00
1.10 0.17 0.60 1.00 0.00
1.10 0.17 0.77 1.00 0.00
1.10 0.17 0.95 1.00 0.00
1.10 0.17 1.12 1.00 0.00
1.10 0.17 1.29 1.00 0.00
1.10 0.17 1.47 1.00 0.00
1.10 0.17 1.64 1.00 0.00
1.10 0.17 1.82 1.00 0.00
1.10 0.17 1.99 1.00 0.00
1.10 0.17 2.17 1.00 0.00
1.10 0.17 2.34 1.00 0.00
1.10 0.17 2.52 1.00 0.00
1.10 0.17 2.69 1.00 0.00
1.10 0.17 2.87 1.00 0.00
1.10 0.17 3.04 1.00 0.00
1.10 0.17 3.21 1.00 0.00
1.10 0.17 3.39 1.00 0.00
0.30 0.35 6.46 1.00 0.00
0.30 0.35 6.63 1.00 0.00
0.30 0.35 6.80 1.00 0.00
0.30 0.35 6.98 1.00 0.00
0.30 0.35 7.15 1.00 0.00
0.30 0.35 7.33 1.00 0.00
0.30 0.35 7.50 1.00 0.00
0.30 0.35 7.68 1.00 0.00
0.30 0.35 7.85 1.00 0.00
0.30 0.35 8.03 1.00 0.00
0.30 0.35 8.20 1.00 0.00
0.30 0.35 8.38 1.00 0.00
0.30 0.35 8.55 1.00 0.00
0.30 0.35 8.72 1.00 0.00
0.30 0.35 8.90 1.00 0.00
0.30 0.35 9.07 1.00 0.00
0.30 0.35 9.25 1.00 0.00
0.30 0.35 9.42 1.00 0.00
0.50 0.35 0.23 1.00 0.00
0.50 0.35 0.41 1.00 0.00
0.50 0.35 0.58 1.00 0.00
0.50 0.35 0.76 1.00 0.00
0.50 0.35 0.93 1.00 0.00
0.50 0.35 1.10 1.00 0.00
0.50 0.35 1.28 1.00 0.00
0.50 0.35 1.45 1.00 0.00
0.50 0.35 1.63 1.00 0.00
0.50 0.35 1.80 1.00 0.00
0.50 0.35 1.98 1.00 0.00
0.50 0.35 2.15 1.00 0.00
0.50 0.35 2.33 1.00 0.00
0.50 0.35 2.50 1.00 0.00
0.50 0.35 2.68 1.00 0.00
0.50 0.35 2.85 1.00 0.00
0.50 0.35 3.02 1.00 0.00
0.50 0.35 3.20 1.00 0.00
0.70 0.35 0.29 1.00 0.00
0.70 0.35 0.46 1.00 0.00
0.70 0.35 0.64 1.00 0.00
0.70 0.35 0.81 1.00 0.00
0.70 0.35 0.98 1.00 0.00
0.70 0.35 1.16 1.00 0.00
0.70 0.35 1.33 1.00 0.00
0.70 0.35 1.51 1.00 0.00
0.70 0.35 1.68 1.00 0.00
0.70 0.35 1.86 1.00 0.00
0.70 0.35 2.03 1.00 0.00
0.70 0.35 2.21 1.00 0.00
0.70 0.35 2.38 1.00 0.00
0.70 0.35 2.56 1.00 0.00
0.70 0.35 2.73 1.00 0.00
0.70 0.35 2.90 1.00 0.00
0.70 0.35 3.08 1.00 0.00
0.70 0.35 3.25 1.00 0.00
0.90 0.35 0.34 1.00 0.00
0.90 0.35 0.51 1.00 0.00
0.90 0.35 0.69 1.00 0.00
0.90 0.35 0.86 1.00 0.00
0.90 0.35 1.04 1.00 0.00
0.90 0.35 1.21 1.00 0.00
0.90 0.35 1.38 1.00 0.00
0.90 0.35 1.56 1.00 0.00
0.90 0.35 1.73 1.00 0.00
0.90 0.35 1.91 1.00 0.00
0.90 0.35 2.08 1.00 0.00
0.90 0.35 2.26 1.00 0.00
0.90 0.35 2.43 1.00 0.00
0.90 0.35 2.61 1.00 0.00
0.90 0.35 2.78 1.00 0.00
0.90 0.35 2.96 1.00 0.00
0.90 0.35 3.13 1.00 0.00
0.90 0.35 3.30 1.00 0.00
1.10 0.35 0.38 1.00 0.00
1.10 0.35 0.56 1.00 0.00
1.10 0.35 0.73 1.00 0.00
1.10 0.35 0.91 1.00 0.00
1.10 0.35 1.08 1.00 0.00
1.10 0.35 1.26 1.00 0.00
1.10 0.35 1.43 1.00 0.00
1.10 0.35 1.61 1.00 0.00
1.10 0.35 1.78 1.00 0.00
1.10 0.35 1.96 1.00 0.00
1.10 0.35 2.13 1.00 0.00
1.10 0.35 2.30 1.00 0.00
1.10 0.35 2.48 1.00 0.00
1.10 0.35 2.65 1.00 0.00
1.10 0.35 2.83 1.00 0.00
1.10 0.35 3.00 1.00 0.00
1.10 0.35 3.18 1.00 0.00
1.10 0.35 3.35 1.00 0.00
0.30 0.52 6.45 1.00 0.00
0.30 0.52 6.62 1.00 0.00
0.30 0.52 6.79 1.00 0.00
0.30 0.52 6.97 1.00 0.00
0.30 0.52 7.14 1.00 0.00
0.30 0.52 7.32 1.00 0.00
0.30 0.52 7.49 1.00 0.00
0.30 0.52 7.67 1.00 0.00
0.30 0.52 7.84 1.00 0.00
0.30 0.52 8.02 1.00 0.00
0.30 0.52 8.19 1.00 0.00
0.30 0.52 8.37 1.00 0.00
0.30 0.52 8.54 1.00 0.00
0.30 0.52 8.71 1.00 0.00
0.30 0.52 8.89 1.00 0.00
0.30 0.52 9.06 1.00 0.00
0.30 0.52 9.24 1.00 0.00
0.30 0.52 9.41 1.00 0.00
0.50 0.52 0.21 1.00 0.00
0.50 0.52 0.39 1.00 0.00
0.50 0.52 0.56 1.00 0.00
0.50 0.52 0.74 1.00 0.00
0.50 0.52 0.91 1.00 0.00
0.50 0.52 1.09 1.00 0.00
0.50 0.52 1.26 1.00 0.00
0.50 0.52 1.44 1.00 0.00
0.50 0.52 1.61 1.00 0.00
0.50 0.52 1.78 1.00 0.00
0.50 0.52 1.96 1.00 0.00
0.50 0.52 2.13 1.00 0.00
0.50 0.52 2.31 1.00 0.00
0.50 0.52 2.48 1.00 0.00
0.50 0.52 2.66 1.00 0.00
0.50 0.52 2.83 1.00 0.00
0.50 0.52 3.01 1.00 0.00
0.50 0.52 3.18 1.00 0.00
0.70 0.52 0.26 1.00 0.00
0.70 0.52 0.44 1.00 0.00
0.70 0.52 0.61 1.00 0.00
0.70 0.52 0.78 1.00 0.00
0.70 0.52 0.96 1.00 0.00
0.70 0.52 1.13 1.00 0.00
0.70 0.52 1.31 1.00 0.00
0.70 0.52 1.48 1.00 0.00
0.70 0.52 1.66 1.00 0.00
0.70 0.52 1.83 1.00 0.00
0.70 0.52 2.01 1.00 0.00
0.70 0.52 2.18 1.00 0.00
0.70 0.52 2.36 1.00 0.00
0.70 0.52 2.53 1.00 0.00
0.70 0.52 2.70 1.00 0.00
0.70 0.52 2.88 1.00 0.00
0.70 0.52 3.05 1.00 0.00
0.70 0.52 3.23 1.00 0.00
0.90 0.52 0.30 1.00 0.00
0.90 0.52 0.48 1.00 0.00
0.90 0.52 0.65 1.00 0.00
0.90 0.52 0.83 1.00 0.00
0.90 0.52 1.00 1.00 0.00
0.90 0.52 1.18 1.00 0.00
0.90 0.52 1.35 1.00 0.00
0.90 0.52 1.53 1.00 0.00
0.90 0.52 1.70 1.00 0.00
0.90 0.52 1.88 1.00 0.00
0.90 0.52 2.05 1.00 0.00
0.90 0.52 2.22 1.00 0.00
0.90 0.52 2.40 1.00 0.00
0.90 0.52 2.57 1.00 0.00
0.90 0.52 2.75 1.00 0.00
0.90 0.52 2.92 1.00 0.00
0.90 0.52 3.10 1.00 0.00
0.90 0.52 3.27 1.00 0.00
1.10 0.52 0.34 1.00 0.00
1.10 0.52 0.52 1.00 0.00
1.10 0.52 0.69 1.00 0.00
1.10 0.52 0.87 1.00 0.00
1.10 0.52 1.04 1.00 0.00
1.10 0.52 1.22 1.00 0.00
1.10 0.52 1.39 1.00 0.00
1.10 0.52 1.57 1.00 0.00
1.10 0.52 1.74 1.00 0.00
1.10 0.52 1.91 1.00 0.00
1.10 0.52 2.09 1.00 0.00
1.10 0.52 2.26 1.00 0.00
1.10 0.52 2.44 1.00 0.00
1.10 0.52 2.61 1.00 0.00
1.10 0.52 2.79 1.00 0.00
1.10 0.52 2.96 1.00 0.00
1.10 0.52 3.14 1.00 0.00
1.10 0.52 3.31 1.00 0.00
0.30 0.70 6.43 1.00 0.00
0.30 0.70 6.61 1.00 0.00
0.30 0.70 6.78 1.00 0.00
0.30 0.70 6.96 1.00 0.00
0.30 0.70 7.13 1.00 0.00
0.30 0.70 7.31 1.00 0.00
0.30 0.70 7.48 1.00 0.00
0.30 0.70 7.65 1.00 0.00
0.30 0.70 7.83 1.00 0.00
0.30 0.70 8.00 1.00 0.00
0.30 0.70 8.18 1.00 0.00
0.30 0.70 8.35 1.00 0.00
0.30 0.70 8.53 1.00 0.00
0.30 0.70 8.70 1.00 0.00
0.30 0.70 8.88 1.00 0.00
0.30 0.70 9.05 1.00 0.00
0.30 0.70 9.23 1.00 0.00
0.30 0.70 9.40 1.00 0.00
0.50 0.70 0.19 1.00 0.00
0.50 0.70 0.37 1.00 0.00
0.50 0.70 0.54 1.00 0.00
0.50 0.70 0.72 1.00 0.00
0.50 0.70 0.89 1.00 0.00
0.50 0.70 1.07 1.00 0.00
0.50 0.70 1.24 1.00 0.00
0.50 0.70 1.41 1.00 0.00
0.50 0.70 1.59 1.00 0.00
0.50 0.70 1.76 1.00 0.00
0.50 0.70 1.94 1.00 0.00
0.50 0.70 2.11 1.00 0.00
0.50 0.70 2.29 1.00 0.00
0.50 0.70 2.46 1.00 0.00
0.50 0.70 2.64 1.00 0.00
0.50 0.70 2.81 1.00 0.00
0.50 0.70 2.99 1.00 0.00
0.50 0.70 3.16 1.00 0.00
0.70 0.70 0.23 1.00 0.00
0.70 0.70 0.41 1.00 0.00
0.70 0.70 0.58 1.00 0.00
0.70 0.70 0.76 1.00 0.00
0.70 0.70 0.93 1.00 0.00
0.70 0.70 1.10 1.00 0.00
0.70 0.70 1.28 1.00 0.00
0.70 0.70 1.45 1.00 0.00
0.70 0.70 1.63 1.00 0.00
0.70 0.70 1.80 1.00 0.00
0.70 0.70 1.98 1.00 0.00
0.70 0.70 2.15 1.00 0.00
0.70 0.70 2.33 1.00 0.00
0.70 0.70 2.50 1.00 0.00
0.70 0.70 2.68 1.00 0.00
0.70 0.70 2.85 1.00 0.00
0.70 0.70 3.02 1.00 0.00
0.70 0.70 3.20 1.00 0.00
0.90 0.70 0.27 1.00 0.00
0.90 0.70 0.44 1.00 0.00
0.90 0.70 0.62 1.00 0.00
0.90 0.70 0.79 1.00 0.00
0.90 0.70 0.97 1.00 0.00
0.90 0.70 1.14 1.00 0.00
0.90 0.70 1.31 1.00 0.00
0.90 0.70 1.49 1.00 0.00
0.90 0.70 1.66 1.00 0.00
0.90 0.70 1.84 1.00 0.00
0.90 0.70 2.01 1.00 0.00
0.90 0.70 2.19 1.00 0.00
0.90 0.70 2.36 1.00 0.00
0.90 0.70 2.54 1.00 0.00
0.90 0.70 2.71 1.00 0.00
0.90 0.70 2.89 1.00 0.00
0.90 0.70 3.06 1.00 0.00
0.90 0.70 3.23 1.00 0.00
1.10 0.70 0.30 1.00 0.00
1.10 0.70 0.47 1.00 0.00
1.10 0.70 0.65 1.00 0.00
1.10 0.70 0.82 1.00 0.00
1.10 0.70 1.00 1.00 0.00
1.10 0.70 1.17 1.00 0.00
1.10 0.70 1.35 1.00 0.00
1.10 0.70 1.52 1.00 0.00
1.10 0.70 1.70 1.00 0.00
1.10 0.70 1.87 1.00 0.00
1.10 0.70 2.04 1.00 0.00
1.10 0.70 2.22 1.00 0.00
1.10 0.70 2.39 1.00 0.00
1.10 0.70 2.57 1.00 0.00
1.10 0.70 2.74 1.00 0.00
1.10 0.70 2.92 1.00 0.00
1.10 0.70 3.09 1.00 0.00
1.10 0.70 3.27 1.00 0.00
0.30 0.87 6.42 1.00 0.00
0.30 0.87 6.59 1.00 0.00
0.30 0.87 6.77 1.00 0.00
0.30 0.87 6.94 1.00 0.00
0.30 0.87 7.12 1.00 0.00
0.30 0.87 7.29 1.00 0.00
0.30 0.87 7.47 1.00 0.00
0.30 0.87 7.64 1.00 0.00
0.30 0.87 7.81 1.00 0.00
0.30 0.87 7.99 1.00 0.00
0.30 0.87 8.16 1.00 0.00
0.30 0.87 8.34 1.00 0.00
0.30 0.87 8.51 1.00 0.00
0.30 0.87 8.69 1.00 0.00
0.30 0.87 8.86 1.00 0.00
0.30 0.87 9.04 1.00 0.00
0.30 0.87 9.21 1.00 0.00
0.30 0.87 9.39 1.00 0.00
0.50 0.87 6.45 1.00 0.00
0.50 0.87 6.63 1.00 0.00
0.50 0.87 6.80 1.00 0.00
0.50 0.87 6.98 1.00 0.00
0.50 0.87 7.15 1.00 0.00
0.50 0.87 7.33 1.00 0.00
0.50 0.87 7.50 1.00 0.00
0.50 0.87 7.67 1.00 0.00
0.50 0.87 7.85 1.00 0.00
0.50 0.87 8.02 1.00 0.00
0.50 0.87 8.20 1.00 0.00
0.50 0.87 8.37 1.00 0.00
0.50 0.87 8.55 1.00 0.00
0.50 0.87 8.72 1.00 0.00
0.50 0.87 8.90 1.00 0.00
0.50 0.87 9.07 1.00 0.00
0.50 0.87 9.25 1.00 0.00
0.50 0.87 9.42 1.00 0.00
0.70 0.87 0.20 1.00 0.00
0.70 0.87 0.37 1.00 0.00
0.70 0.87 0.55 1.00 0.00
0.70 0.87 0.72 1.00 0.00
0.70 0.87 0.90 1.00 0.00
0.70 0.87 1.07 1.00 0.00
0.70 0.87 1.25 1.00 0.00
0.70 0.87 1.42 1.00 0.00
0.70 0.87 1.60 1.00 0.00
0.70 0.87 1.77 1.00 0.00
0.70 0.87 1.95 1.00 0.00
0.70 0.87 2.12 1.00 0.00
0.70 0.87 2.29 1.00 0.00
0.70 0.87 2.47 1.00 0.00
0.70 0.87 2.64 1.00 0.00
0.70 0.87 2.82 1.00 0.00
0.70 0.87 2.99 1.00 0.00
0.70 0.87 3.17 1.00 0.00
0.90 0.87 0.23 1.00 0.00
0.90 0.87 0.40 1.00 0.00
0.90 0.87 0.58 1.00 0.00
0.90 0.87 0.75 1.00 0.00
0.90 0.87 0.93 1.00 0.00
0.90 0.87 1.10 1.00 0.00
0.90 0.87 1.28 1.00 0.00
0.90 0.87 1.45 1.00 0.00
0.90 0.87 1.62 1.00 0.00
0.90 0.87 1.80 1.00 0.00
0.90 0.87 1.97 1.00 0.00
0.90 0.87 2.15 1.00 0.00
0.90 0.87 2.32 1.00 0.00
0.90 0.87 2.50 1.00 0.00
0.90 0.87 2.67 1.00 0.00
0.90 0.87 2.85 1.00 0.00
0.90 0.87 3.02 1.00 0.00
0.90 0.87 3.19 1.00 0.00
1.10 0.87 0.25 1.00 0.00
1.10 0.87 0.43 1.00 0.00
1.10 0.87 0.60 1.00 0.00
1.10 0.87 0.78 1.00 0.00
1.10 0.87 0.95 1.00 0.00
1.10 0.87 1.13 1.00 0.00
1.10 0.87 1.30 1.00 0.00
1.10 0.87 1.47 1.00 0.00
1.10 0.87 1.65 1.00 0.00
1.10 0.87 1.82 1.00 0.00
1.10 0.87 2.00 1.00 0.00
1.10 0.87 2.17 1.00 0.00
1.10 0.87 2.35 1.00 0.00
1.10 0.87 2.52 1.00 0.00
1.10 0.87 2.70 1.00 0.00
1.10 0.87 2.87 1.00 0.00
1.10 0.87 3.05 1.00 0.00
1.10 0.87 3.22 1.00 0.00
0.30 1.05 6.40 1.00 0.00
0.30 1.05 6.58 1.00 0.00
0.30 1.05 6.75 1.00 0.00
0.30 1.05 6.93 1.00 0.00
0.30 1.05 7.10 1.00 0.00
0.30 1.05 7.28 1.00 0.00
0.30 1.05 7.45 1.00 0.00
0.30 1.05 7.62 1.00 0.00
0.30 1.05 7.80 1.00 0.00
0.30 1.05 7.97 1.00 0.00
0.30 1.05 8.15 1.00 0.00
0.30 1.05 8.32 1.00 0.00
0.30 1.05 8.50 1.00 0.00
0.30 1.05 8.67 1.00 0.00
0.30 1.05 8.85 1.00 0.00
0.30 1.05 9.02 1.00 0.00
0.30 1.05 9.19 1.00 0.00
0.30 1.05 9.37 1.00 0.00
0.50 1.05 6.43 1.00 0.00
0.50 1.05 6.60 1.00 0.00
0.50 1.05 6.78 1.00 0.00
0.50 1.05 6.95 1.00 0.00
0.50 1.05 7.13 1.00 0.00
0.50 1.05 7.30 1.00 0.00
0.50 1.05 7.47 1.00 0.00
0.50 1.05 7.65 1.00 0.00
0.50 1.05 7.82 1.00 0.00
0.50 1.05 8.00 1.00 0.00
0.50 1.05 8.17 1.00 0.00
0.50 1.05 8.35 1.00 0.00
0.50 1.05 8.52 1.00 0.00
0.50 1.05 8.70 1.00 0.00
0.50 1.05 8.87 1.00 0.00
0.50 1.05 9.05 1.00 0.00
0.50 1.05 9.22 1.00 0.00
0.50 1.05 9.39 1.00 0.00
0.70 1.05 6.45 1.00 0.00
0.70 1.05 6.62 1.00 0.00
0.70 1.05 6.80 1.00 0.00
0.70 1.05 6.97 1.00 0.00
0.70 1.05 7.15 1.00 0.00
0.70 1.05 7.32 1.00 0.00
0.70 1.05 7.50 1.00 0.00
0.70 1.05 7.67 1.00 0.00
0.70 1.05 7.85 1.00 0.00
0.70 1.05 8.02 1.00 0.00
0.70 1.05 8.20 1.00 0.00
0.70 1.05 8.37 1.00 0.00
0.70 1.05 8.54 1.00 0.00
0.70 1.05 8.72 1.00 0.00
0.70 1.05 8.89 1.00 0.00
0.70 1.05 9.07 1.00 0.00
0.70 1.05 9.24 1.00 0.00
0.70 1.05 9.42 1.00 0.00
0.90 1.05 0.19 1.00 0.00
0.90 1.05 0.36 1.00 0.00
0.90 1.05 0.54 1.00 0.00
0.90 1.05 0.71 1.00 0.00
0.90 1.05 0.88 1.00 0.00
0.90 1.05 1.06 1.00 0.00
0.90 1.05 1.23 1.00 0.00
0.90 1.05 1.41 1.00 0.00
0.90 1.05 1.58 1.00 0.00
0.90 1.05 1.76 1.00 0.00
0.90 1.05 1.93 1.00 0.00
0.90 1.05 2.11 1.00 0.00
0.90 1.05 2.28 1.00 0.00
0.90 1.05 2.46 1.00 0.00
0.90 1.05 2.63 1.00 0.00
0.90 1.05 2.80 1.00 0.00
0.90 1.05 2.98 1.00 0.00
0.90 1.05 3.15 1.00 0.00
1.10 1.05 0.20 1.00 0.00
1.10 1.05 0.38 1.00 0.00
1.10 1.05 0.55 1.00 0.00
1.10 1.05 0.73 1.00 0.00
1.10 1.05 0.90 1.00 0.00
1.10 1.05 1.08 1.00 0.00
1.10 1.05 1.25 1.00 0.00
1.10 1.05 1.43 1.00 0.00
1.10 1.05 1.60 1.00 0.00
1.10 1.05 1.78 1.00 0.00
1.10 1.05 1.95 1.00 0.00
1.10 1.05 2.12 1.00 0.00
1.10 1.05 2.30 1.00 0.00
1.10 1.05 2.47 1.00 0.00
1.10 1.05 2.65 1.00 0.00
1.10 1.05 2.82 1.00 0.00
1.10 1.05 3.00 1.00 0.00
1.10 1.05 3.17 1.00 0.00
0.30 1.22 6.39 1.00 0.00
0.30 1.22 6.56 1.00 0.00
0.30 1.22 6.73 1.00 0.00
0.30 1.22 6.91 1.00 0.00
0.30 1.22 7.08 1.00 0.00
0.30 1.22 7.26 1.00 0.00
0.30 1.22 7.43 1.00 0.00
0.30 1.22 7.61 1.00 0.00
0.30 1.22 7.78 1.00 0.00
0.30 1.22 7.96 1.00 0.00
0.30 1.22 8.13 1.00 0.00
0.30 1.22 8.31 1.00 0.00
0.30 1.22 8.48 1.00 0.00
0.30 1.22 8.65 1.00 0.00
0.30 1.22 8.83 1.00 0.00
0.30 1.22 9.00 1.00 0.00
0.30 1.22 9.18 1.00 0.00
0.30 1.22 9.35 1.00 0.00
0.50 1.22 6.40 1.00 0.00
0.50 1.22 6.58 1.00 0.00
0.50 1.22 6.75 1.00 0.00
0.50 1.22 6.92 1.00 0.00
0.50 1.22 7.10 1.00 0.00
0.50 1.22 7.27 1.00 0.00
0.50 1.22 7.45 1.00 0.00
0.50 1.22 7.62 1.00 0.00
0.50 1.22 7.80 1.00 0.00
0.50 1.22 7.97 1.00 0.00
0.50 1.22 8.15 1.00 0.00
0.50 1.22 8.32 1.00 0.00
0.50 1.22 8.50 1.00 0.00
0.50 1.22 8.67 1.00 0.00
0.50 1.22 8.84 1.00 0.00
0.50 1.22 9.02 1.00 0.00
0.50 1.22 9.19 1.00 0.00
0.50 1.22 9.37 1.00 0.00
0.70 1.22 6.41 1.00 0.00
0.70 1.22 6.59 1.00 0.00
0.70 1.22 6.76 1.00 0.00
0.70 1.22 6.94 1.00 0.00
0.70 1.22 7.11 1.00 0.00
0.70 1.22 7.29 1.00 0.00
0.70 1.22 7.46 1.00 0.00
0.70 1.22 7.64 1.00 0.00
0.70 1.22 7.81 1.00 0.00
0.70 1.22 7.99 1.00 0.00
0.70 1.22 8.16 1.00 0.00
0.70 1.22 8.33 1.00 0.00
0.70 1.22 8.51 1.00 0.00
0.70 1.22 8.68 1.00 0.00
0.70 1.22 8.86 1.00 0.00
0.70 1.22 9.03 1.00 0.00
0.70 1.22 9.21 1.00 0.00
0.70 1.22 9.38 1.00 0.00
0.90 1.22 6.43 1.00 0.00
0.90 1.22 6.60 1.00 0.00
0.90 1.22 6.78 1.00 0.00
0.90 1.22 6.95 1.00 0.00
0.90 1.22 7.13 1.00 0.00
0.90 1.22 7.30 1.00 0.00
0.90 1.22 7.47 1.00 0.00
0.90 1.22 7.65 1.00 0.00
0.90 1.22 7.82 1.00 0.00
0.90 1.22 8.00 1.00 0.00
0.90 1.22 8.17 1.00 0.00
0.90 1.22 8.35 1.00 0.00
0.90 1.22 8.52 1.00 0.00
0.90 1.22 8.70 1.00 0.00
0.90 1.22 8.87 1.00 0.00
0.90 1.22 9.04 1.00 0.00
0.90 1.22 9.22 1.00 0.00
0.90 1.22 9.39 1.00 0.00
1.10 1.22 6.44 1.00 0.00
1.10 1.22 6.61 1.00 0.00
1.10 1.22 6.79 1.00 0.00
1.10 1.22 6.96 1.00 0.00
1.10 1.22 7.14 1.00 0.00
1.10 1.22 7.31 1.00 0.00
1.10 1.22 7.48 1.00 0.00
1.10 1.22 7.66 1.00 0.00
1.10 1.22 7.83 1.00 0.00
1.10 1.22 8.01 1.00 0.00
1.10 1.22 8.18 1.00 0.00
1.10 1.22 8.36 1.00 0.00
1.10 1.22 8.53 1.00 0.00
1.10 1.22 8.71 1.00 0.00
1.10 1.22 8.88 1.00 0.00
1.10 1.22 9.06 1.00 0.00
1.10 1.22 9.23 1.00 0.00
1.10 1.22 9.40 1.00 0.00
0.30 1.40 6.37 1.00 0.00
0.30 1.40 6.54 1.00 0.00
0.30 1.40 6.72 1.00 0.00
0.30 1.40 6.89 1.00 0.00
0.30 1.40 7.07 1.00 0.00
0.30 1.40 7.24 1.00 0.00
0.30 1.40 7.42 1.00 0.00
0.30 1.40 7.59 1.00 0.00
0.30 1.40 7.76 1.00 0.00
0.30 1.40 7.94 1.00 0.00
0.30 1.40 8.11 1.00 0.00
0.30 1.40 8.29 1.00 0.00
0.30 1.40 8.46 1.00 0.00
0.30 1.40 8.64 1.00 0.00
0.30 1.40 8.81 1.00 0.00
0.30 1.40 8.99 1.00 0.00
0.30 1.40 9.16 1.00 0.00
0.30 1.40 9.34 1.00 0.00
0.50 1.40 6.37 1.00 0.00
0.50 1.40 6.55 1.00 0.00
0.50 1.40 6.72 1.00 0.00
0.50 1.40 6.90 1.00 0.00
0.50 1.40 7.07 1.00 0.00
0.50 1.40 7.25 1.00 0.00
0.50 1.40 7.42 1.00 0.00
0.50 1.40 7.60 1.00 0.00
0.50 1.40 7.77 1.00 0.00
0.50 1.40 7.94 1.00 0.00
0.50 1.40 8.12 1.00 0.00
0.50 1.40 8.29 1.00 0.00
0.50 1.40 8.47 1.00 0.00
0.50 1.40 8.64 1.00 0.00
0.50 1.40 8.82 1.00 0.00
0.50 1.40 8.99 1.00 0.00
0.50 1.40 9.17 1.00 0.00
0.50 1.40 9.34 1.00 0.00
0.70 1.40 6.38 1.00 0.00
0.70 1.40 6.55 1.00 0.00
0.70 1.40 6.73 1.00 0.00
0.70 1.40 6.90 1.00 0.00
0.70 1.40 7.08 1.00 0.00
0.70 1.40 7.25 1.00 0.00
0.70 1.40 7.43 1.00 0.00
0.70 1.40 7.60 1.00 0.00
0.70 1.40 7.78 1.00 0.00
0.70 1.40 7.95 1.00 0.00
0.70 1.40 8.12 1.00 0.00
0.70 1.40 8.30 1.00 0.00
0.70 1.40 8.47 1.00 0.00
0.70 1.40 8.65 1.00 0.00
0.70 1.40 8.82 1.00 0.00
0.70 1.40 9.00 1.00 0.00
0.70 1.40 9.17 1.00 0.00
0.70 1.40 9.35 1.00 0.00
0.90 1.40 6.38 1.00 0.00
0.90 1.40 6.56 1.00 0.00
0.90 1.40 6.73 1.00 0.00
0.90 1.40 6.91 1.00 0.00
0.90 1.40 7.08 1.00 0.00
0.90 1.40 7.26 1.00 0.00
0.90 1.40 7.43 1.00 0.00
0.90 1.40 7.61 1.00 0.00
0.90 1.40 7.78 1.00 0.00
0.90 1.40 7.95 1.00 0.00
0.90 1.40 8.13 1.00 0.00
0.90 1.40 8.30 1.00 0.00
0.90 1.40 8.48 1.00 0.00
0.90 1.40 8.65 1.00 0.00
0.90 1.40 8.83 1.00 0.00
0.90 1.40 9.00 1.00 0.00
0.90 1.40 9.18 1.00 0.00
0.90 1.40 9.35 1.00 0.00
1.10 1.40 6.39 1.00 0.00
1.10 1.40 6.56 1.00 0.00
1.10 1.40 6.74 1.00 0.00
1.10 1.40 6.91 1.00 0.00
1.10 1.40 7.09 1.00 0.00
1.10 1.40 7.26 1.00 0.00
1.10 1.40 7.43 1.00 0.00
1.10 1.40 7.61 1.00 0.00
1.10 1.40 7.78 1.00 0.00
1.10 1.40 7.96 1.00 0.00
1.10 1.40 8.13 1.00 0.00
1.10 1.40 8.31 1.00 0.00
1.10 1.40 8.48 1.00 0.00
1.10 1.40 8.66 1.00 0.00
1.10 1.40 8.83 1.00 0.00
1.10 1.40 9.01 1.00 0.00
1.10 1.40 9.18 1.00 0.00
1.10 1.40 9.35 1.00 0.00
0.30 1.57 6.35 1.00 0.00
0.30 1.57 6.53 1.00 0.00
0.30 1.57 6.70 1.00 0.00
0.30 1.57 6.87 1.00 0.00
0.30 1.57 7.05 1.00 0.00
0.30 1.57 7.22 1.00 0.00
0.30 1.57 7.40 1.00 0.00
0.30 1.57 7.57 1.00 0.00
0.30 1.57 7.75 1.00 0.00
0.30 1.57 7.92 1.00 0.00
0.30 1.57 8.10 1.00 0.00
0.30 1.57 8.27 1.00 0.00
0.30 1.57 8.45 1.00 0.00
0.30 1.57 8.62 1.00 0.00
0.30 1.57 8.79 1.00 0.00
0.30 1.57 8.97 1.00 0.00
0.30 1.57 9.14 1.00 0.00
0.30 1.57 9.32 1.00 0.00
0.50 1.57 6.35 1.00 0.00
0.50 1.57 6.52 1.00 0.00
0.50 1.57 6.70 1.00 0.00
0.50 1.57 6.87 1.00 0.00
0.50 1.57 7.04 1.00 0.00
0.50 1.57 7.22 1.00 0.00
0.50 1.57 7.39 1.00 0.00
0.50 1.57 7.57 1.00 0.00
0.50 1.57 7.74 1.00 0.00
0.50 1.57 7.92 1.00 0.00
0.50 1.57 8.09 1.00 0.00
0.50 1.57 8.27 1.00 0.00
0.50 1.57 8.44 1.00 0.00
0.50 1.57 8.62 1.00 0.00
0.50 1.57 8.79 1.00 0.00
0.50 1.57 8.96 1.00 0.00
0.50 1.57 9.14 1.00 0.00
0.50 1.57 9.31 1.00 0.00
0.70 1.57 6.34 1.00 0.00
0.70 1.57 6.52 1.00 0.00
0.70 1.57 6.69 1.00 0.00
0.70 1.57 6.87 1.00 0.00
0.70 1.57 7.04 1.00 0.00
0.70 1.57 7.22 1.00 0.00
0.70 1.57 7.39 1.00 0.00
0.70 1.57 7.56 1.00 0.00
0.70 1.57 7.74 1.00 0.00
0.70 1.57 7.91 1.00 0.00
0.70 1.57 8.09 1.00 0.00
0.70 1.57 8.26 1.00 0.00
0.70 1.57 8.44 1.00 0.00
0.70 1.57 8.61 1.00 0.00
0.70 1.57 8.79 1.00 0.00
0.70 1.57 8.96 1.00 0.00
0.70 1.57 9.14 1.00 0.00
0.70 1.57 9.31 1.00 0.00
0.90 1.57 6.34 1.00 0.00
0.90 1.57 6.51 1.00 0.00
0.90 1.57 6.69 1.00 0.00
0.90 1.57 6.86 1.00 0.00
0.90 1.57 7.04 1.00 0.00
0.90 1.57 7.21 1.00 0.00
0.90 1.57 7.39 1.00 0.00
0.90 1.57 7.56 1.00 0.00
0.90 1.57 7.74 1.00 0.00
0.90 1.57 7.91 1.00 0.00
0.90 1.57 8.08 1.00 0.00
0.90 1.57 8.26 1.00 0.00
0.90 1.57 8.43 1.00 0.00
0.90 1.57 8.61 1.00 0.00
0.90 1.57 8.78 1.00 0.00
0.90 1.57 8.96 1.00 0.00
0.90 1.57 9.13 1.00 0.00
0.90 1.57 9.31 1.00 0.00
1.10 1.57 6.34 1.00 0.00
1.10 1.57 6.51 1.00 0.00
1.10 1.57 6.69 1.00 0.00
1.10 1.57 6.86 1.00 0.00
1.10 1.57 7.03 1.00 0.00
1.10 1.57 7.21 1.00 0.00
1.10 1.57 7.38 1.00 0.00
1.10 1.57 7.56 1.00 0.00
1.10 1.57 7.73 1.00 0.00
1.10 1.57 7.91 1.00 0.00
1.10 1.57 8.08 1.00 0.00
1.10 1.57 8.26 1.00 0.00
1.10 1.57 8.43 1.00 0.00
1.10 1.57 8.61 1.00 0.00
1.10 1.57 8.78 1.00 0.00
1.10 1.57 8.95 1.00 0.00
1.10 1.57 9.13 1.00 0.00
1.10 1.57 9.30 1.00 0.00
0.30 1.75 6.33 1.00 0.00
0.30 1.75 6.51 1.00 0.00
0.30 1.75 6.68 1.00 0.00
0.30 1.75 6.86 1.00 0.00
0.30 1.75 7.03 1.00 0.00
0.30 1.75 7.21 1.00 0.00
0.30 1.75 7.38 1.00 0.00
0.30 1.75 7.56 1.00 0.00
0.30 1.75 7.73 1.00 0.00
0.30 1.75 7.90 1.00 0.00
0.30 1.75 8.08 1.00 0.00
0.30 1.75 8.25 1.00 0.00
0.30 1.75 8.43 1.00 0.00
0.30 1.75 8.60 1.00 0.00
0.30 1.75 8.78 1.00 0.00
0.30 1.75 8.95 1.00 0.00
0.30 1.75 9.13 1.00 0.00
0.30 1.75 9.30 1.00 0.00
0.50 1.75 6.32 1.00 0.00
0.50 1.75 6.49 1.00 0.00
0.50 1.75 6.67 1.00 0.00
0.50 1.75 6.84 1.00 0.00
0.50 1.75 7.02 1.00 0.00
0.50 1.75 7.19 1.00 0.00
0.50 1.75 7.37 1.00 0.00
0.50 1.75 7.54 1.00 0.00
0.50 1.75 7.72 1.00 0.00
0.50 1.75 7.89 1.00 0.00
0.50 1.75 8.06 1.00 0.00
0.50 1.75 8.24 1.00 0.00
0.50 1.75 8.41 1.00 0.00
0.50 1.75 8.59 1.00 0.00
0.50 1.75 8.76 1.00 0.00
0.50 1.75 8.94 1.00 0.00
0.50 1.75 9.11 1.00 0.00
0.50 1.75 9.29 1.00 0.00
0.70 1.75 6.31 1.00 0.00
0.70 1.75 6.48 1.00 0.00
0.70 1.75 6.66 1.00 0.00
0.70 1.75 6.83 1.00 0.00
0.70 1.75 7.01 1.00 0.00
0.70 1.75 7.18 1.00 0.00
0.70 1.75 7.35 1.00 0.00
0.70 1.75 7.53 1.00 0.00
0.70 1.75 7.70 1.00 0.00
0.70 1.75 7.88 1.00 0.00
0.70 1.75 8.05 1.00 0.00
0.70 1.75 8.23 1.00 0.00
0.70 1.75 8.40 1.00 0.00
0.70 1.75 8.58 1.00 0.00
0.70 1.75 8.75 1.00 0.00
0.70 1.75 8.92 1.00 0.00
0.70 1.75 9.10 1.00 0.00
0.70 1.75 9.27 1.00 0.00
0.90 1.75 6.30 1.00 0.00
0.90 1.75 6.47 1.00 0.00
0.90 1.75 6.64 1.00 0.00
0.90 1.75 6.82 1.00 0.00
0.90 1.75 6.99 1.00 0.00
0.90 1.75 7.17 1.00 0.00
0.90 1.75 7.34 1.00 0.00
0.90 1.75 7.52 1.00 0.00
0.90 1.75 7.69 1.00 0.00
0.90 1.75 7.87 1.00 0.00
0.90 1.75 8.04 1.00 0.00
0.90 1.75 8.22 1.00 0.00
0.90 1.75 8.39 1.00 0.00
0.90 1.75 8.56 1.00 0.00
0.90 1.75 8.74 1.00 0.00
0.90 1.75 8.91 1.00 0.00
0.90 1.75 9.09 1.00 0.00
0.90 1.75 9.26 1.00 0.00
1.10 1.75 6.29 1.00 0.00
1.10 1.75 6.46 1.00 0.00
1.10 1.75 6.64 1.00 0.00
1.10 1.75 6.81 1.00 0.00
1.10 1.75 6.98 1.00 0.00
1.10 1.75 7.16 1.00 0.00
1.10 1.75 7.33 1.00 0.00
1.10 1.75 7.51 1.00 0.00
1.10 1.75 7.68 1.00 0.00
1.10 1.75 7.86 1.00 0.00
1.10 1.75 8.03 1.00 0.00
1.10 1.75 8.21 1.00 0.00
1.10 1.75 8.38 1.00 0.00
1.10 1.75 8.55 1.00 0.00
1.10 1.75 8.73 1.00 0.00
1.10 1.75 8.90 1.00 0.00
1.10 1.75 9.08 1.00 0.00
1.10 1.75 9.25 1.00 0.00
0.30 1.92 6.32 1.00 0.00
0.30 1.92 6.49 1.00 0.00
0.30 1.92 6.67 1.00 0.00
0.30 1.92 6.84 1.00 0.00
0.30 1.92 7.01 1.00 0.00
0.30 1.92 7.19 1.00 0.00
0.30 1.92 7.36 1.00 0.00
0.30 1.92 7.54 1.00 0.00
0.30 1.92 7.71 1.00 0.00
0.30 1.92 7.89 1.00 0.00
0.30 1.92 8.06 1.00 0.00
0.30 1.92 8.24 1.00 0.00
0.30 1.92 8.41 1.00 0.00
0.30 1.92 8.59 1.00 0.00
0.30 1.92 8.76 1.00 0.00
0.30 1.92 8.93 1.00 0.00
0.30 1.92 9.11 1.00 0.00
0.30 1.92 9.28 1.00 0.00
0.50 1.92 6.29 1.00 0.00
0.50 1.92 6.47 1.00 0.00
0.50 1.92 6.64 1.00 0.00
0.50 1.92 6.82 1.00 0.00
0.50 1.92 6.99 1.00 0.00
0.50 1.92 7.17 1.00 0.00
0.50 1.92 7.34 1.00 0.00
0.50 1.92 7.51 1.00 0.00
0.50 1.92 7.69 1.00 0.00
0.50 1.92 7.86 1.00 0.00
0.50 1.92 8.04 1.00 0.00
0.50 1.92 8.21 1.00 0.00
0.50 1.92 8.39 1.00 0.00
0.50 1.92 8.56 1.00 0.00
0.50 1.92 8.74 1.00 0.00
0.50 1.92 8.91 1.00 0.00
0.50 1.92 9.09 1.00 0.00
0.50 1.92 9.26 1.00 0.00
0.70 1.92 6.27 1.00 0.00
0.70 1.92 6.45 1.00 0.00
0.70 1.92 6.62 1.00 0.00
0.70 1.92 6.80 1.00 0.00
0.70 1.92 6.97 1.00 0.00
0.70 1.92 7.14 1.00 0.00
0.70 1.92 7.32 1.00 0.00
0.70 1.92 7.49 1.00 0.00
0.70 1.92 7.67 1.00 0.00
0.70 1.92 7.84 1.00 0.00
0.70 1.92 8.02 1.00 0.00
0.70 1.92 8.19 1.00 0.00
0.70 1.92 8.37 1.00 0.00
0.70 1.92 8.54 1.00 0.00
0.70 1.92 8.72 1.00 0.00
0.70 1.92 8.89 1.00 0.00
0.70 1.92 9.06 1.00 0.00
0.70 1.92 9.24 1.00 0.00
0.90 1.92 6.25 1.00 0.00
0.90 1.92 6.43 1.00 0.00
0.90 1.92 6.60 1.00 0.00
0.90 1.92 6.78 1.00 0.00
0.90 1.92 6.95 1.00 0.00
0.90 1.92 7.13 1.00 0.00
0.90 1.92 7.30 1.00 0.00
0.90 1.92 7.47 1.00 0.00
0.90 1.92 7.65 1.00 0.00
0.90 1.92 7.82 1.00 0.00
0.90 1.92 8.00 1.00 0.00
0.90 1.92 8.17 1.00 0.00
0.90 1.92 8.35 1.00 0.00
0.90 1.92 8.52 1.00 0.00
0.90 1.92 8.70 1.00 0.00
0.90 1.92 8.87 1.00 0.00
0.90 1.92 9.05 1.00 0.00
0.90 1.92 9.22 1.00 0.00
1.10 1.92 6.24 1.00 0.00
1.10 1.92 6.41 1.00 0.00
1.10 1.92 6.59 1.00 0.00
1.10 1.92 6.76 1.00 0.00
1.10 1.92 6.93 1.00 0.00
1.10 1.92 7.11 1.00 0.00
1.10 1.92 7.28 1.00 0.00
1.10 1.92 7.46 1.00 0.00
1.10 1.92 7.63 1.00 0.00
1.10 1.92 7.81 1.00 0.00
1.10 1.92 7.98 1.00 0.00
1.10 1.92 8.16 1.00 0.00
1.10 1.92 8.33 1.00 0.00
1.10 1.92 8.51 1.00 0.00
1.10 1.92 8.68 1.00 0.00
1.10 1.92 8.85 1.00 0.00
1.10 1.92 9.03 1.00 0.00
1.10 1.92 9.20 1.00 0.00
0.30 2.09 6.30 1.00 0.00
0.30 2.09 6.48 1.00 0.00
0.30 2.09 6.65 1.00 0.00
0.30 2.09 6.82 1.00 0.00
0.30 2.09 7.00 1.00 0.00
0.30 2.09 7.17 1.00 0.00
0.30 2.09 7.35 1.00 0.00
0.30 2.09 7.52 1.00 0.00
0.30 2.09 7.70 1.00 0.00
0.30 2.09 7.87 1.00 0.00
0.30 2.09 8.05 1.00 0.00
0.30 2.09 8.22 1.00 0.00
0.30 2.09 8.40 1.00 0.00
0.30 2.09 8.57 1.00 0.00
0.30 2.09 8.74 1.00 0.00
0.30 2.09 8.92 1.00 0.00
0.30 2.09 9.09 1.00 0.00
0.30 2.09 9.27 1.00 0.00
0.50 2.09 6.27 1.00 0.00
0.50 2.09 6.44 1.00 0.00
0.50 2.09 6.62 1.00 0.00
0.50 2.09 6.79 1.00 0.00
0.50 2.09 6.97 1.00 0.00
0.50 2.09 7.14 1.00 0.00
0.50 2.09 7.31 1.00 0.00
0.50 2.09 7.49 1.00 0.00
0.50 2.09 7.66 1.00 0.00
0.50 2.09 7.84 1.00 0.00
0.50 2.09 8.01 1.00 0.00
0.50 2.09 8.19 1.00 0.00
0.50 2.09 8.36 1.00 0.00
0.50 2.09 8.54 1.00 0.00
0.50 2.09 8.71 1.00 0.00
0.50 2.09 8.89 1.00 0.00
0.50 2.09 9.06 1.00 0.00
0.50 2.09 9.23 1.00 0.00
0.70 2.09 6.24 1.00 0.00
0.70 2.09 6.41 1.00 0.00
0.70 2.09 6.59 1.00 0.00
0.70 2.09 6.76 1.00 0.00
0.70 2.09 6.94 1.00 0.00
0.70 2.09 7.11 1.00 0.00
0.70 2.09 7.29 1.00 0.00
0.70 2.09 7.46 1.00 0.00
0.70 2.09 7.63 1.00 0.00
0.70 2.09 7.81 1.00 0.00
0.70 2.09 7.98 1.00 0.00
0.70 2.09 8.16 1.00 0.00
0.70 2.09 8.33 1.00 0.00
0.70 2.09 8.51 1.00 0.00
0.70 2.09 8.68 1.00 0.00
0.70 2.09 8.86 1.00 0.00
0.70 2.09 9.03 1.00 0.00
0.70 2.09 9.21 1.00 0.00
0.90 2.09 6.21 1.00 0.00
0.90 2.09 6.39 1.00 0.00
0.90 2.09 6.56 1.00 0.00
0.90 2.09 6.73 1.00 0.00
0.90 2.09 6.91 1.00 0.00
0.90 2.09 7.08 1.00 0.00
0.90 2.09 7.26 1.00 0.00
0.90 2.09 7.43 1.00 0.00
0.90 2.09 7.61 1.00 0.00
0.90 2.09 7.78 1.00 0.00
0.90 2.09 7.96 1.00 0.00
0.90 2.09 8.13 1.00 0.00
0.90 2.09 8.31 1.00 0.00
0.90 2.09 8.48 1.00 0.00
0.90 2.09 8.65 1.00 0.00
0.90 2.09 8.83 1.00 0.00
0.90 2.09 9.00 1.00 0.00
0.90 2.09 9.18 1.00 0.00
1.10 2.09 6.19 1.00 0.00
1.10 2.09 6.36 1.00 0.00
1.10 2.09 6.54 1.00 0.00
1.10 2.09 6.71 1.00 0.00
1.10 2.09 6.89 1.00 0.00
1.10 2.09 7.06 1.00 0.00
1.10 2.09 7.23 1.00 0.00
1.10 2.09 7.41 1.00 0.00
1.10 2.09 7.58 1.00 0.00
1.10 2.09 7.76 1.00 0.00
1.10 2.09 7.93 1.00 0.00
1.10 2.09 8.11 1.00 0.00
1.10 2.09 8.28 1.00 0.00
1.10 2.09 8.46 1.00 0.00
1.10 2.09 8.63 1.00 0.00
1.10 2.09 8.81 1.00 0.00
1.10 2.09 8.98 1.00 0.00
1.10 2.09 9.15 1.00 0.00
0.30 2.27 6.29 1.00 0.00
0.30 2.27 6.46 1.00 0.00
0.30 2.27 6.64 1.00 0.00
0.30 2.27 6.81 1.00 0.00
0.30 2.27 6.98 1.00 0.00
0.30 2.27 7.16 1.00 0.00
0.30 2.27 7.33 1.00 0.00
0.30 2.27 7.51 1.00 0.00
0.30 2.27 7.68 1.00 0.00
0.30 2.27 7.86 1.00 0.00
0.30 2.27 8.03 1.00 0.00
0.30 2.27 8.21 1.00 0.00
0.30 2.27 8.38 1.00 0.00
0.30 2.27 8.56 1.00 0.00
0.30 2.27 8.73 1.00 0.00
0.30 2.27 8.90 1.00 0.00
0.30 2.27 9.08 1.00 0.00
0.30 2.27 9.25 1.00 0.00
0.50 2.27 6.24 1.00 0.00
0.50 2.27 6.42 1.00 0.00
0.50 2.27 6.59 1.00 0.00
0.50 2.27 6.77 1.00 0.00
0.50 2.27 6.94 1.00 0.00
0.50 2.27 7.12 1.00 0.00
0.50 2.27 7.29 1.00 0.00
0.50 2.27 7.47 1.00 0.00
0.50 2.27 7.64 1.00 0.00
0.50 2.27 7.81 1.00 0.00
0.50 2.27 7.99 1.00 0.00
0.50 2.27 8.16 1.00 0.00
0.50 2.27 8.34 1.00 0.00
0.50 2.27 8.51 1.00 0.00
0.50 2.27 8.69 1.00 0.00
0.50 2.27 8.86 1.00 0.00
0.50 2.27 9.04 1.00 0.00
0.50 2.27 9.21 1.00 0.00
0.70 2.27 6.21 1.00 0.00
0.70 2.27 6.38 1.00 0.00
0.70 2.27 6.56 1.00 0.00
0.70 2.27 6.73 1.00 0.00
0.70 2.27 6.90 1.00 0.00
0.70 2.27 7.08 1.00 0.00
0.70 2.27 7.25 1.00 0.00
0.70 2.27 7.43 1.00 0.00
0.70 2.27 7.60 1.00 0.00
0.70 2.27 7.78 1.00 0.00
0.70 2.27 7.95 1.00 0.00
0.70 2.27 8.13 1.00 0.00
0.70 2.27 8.30 1.00 0.00
0.70 2.27 8.47 1.00 0.00
0.70 2.27 8.65 1.00 0.00
0.70 2.27 8.82 1.00 0.00
0.70 2.27 9.00 1.00 0.00
0.70 2.27 9.17 1.00 0.00
0.90 2.27 6.17 1.00 0.00
0.90 2.27 6.35 1.00 0.00
0.90 2.27 6.52 1.00 0.00
0.90 2.27 6.70 1.00 0.00
0.90 2.27 6.87 1.00 0.00
0.90 2.27 7.04 1.00 0.00
0.90 2.27 7.22 1.00 0.00
0.90 2.27 7.39 1.00 0.00
0.90 2.27 7.57 1.00 0.00
0.90 2.27 7.74 1.00 0.00
0.90 2.27 7.92 1.00 0.00
0.90 2.27 8.09 1.00 0.00
0.90 2.27 8.27 1.00 0.00
0.90 2.27 8.44 1.00 0.00
0.90 2.27 8.62 1.00 0.00
0.90 2.27 8.79 1.00 0.00
0.90 2.27 8.96 1.00 0.00
0.90 2.27 9.14 1.00 0.00
1.10 2.27 6.14 1.00 0.00
1.10 2.27 6.31 1.00 0.00
1.10 2.27 6.49 1.00 0.00
1.10 2.27 6.66 1.00 0.00
1.10 2.27 6.84 1.00 0.00
1.10 2.27 7.01 1.00 0.00
1.10 2.27 7.19 1.00 0.00
1.10 2.27 7.36 1.00 0.00
1.10 2.27 7.54 1.00 0.00
1.10 2.27 7.71 1.00 0.00
1.10 2.27 7.89 1.00 0.00
1.10 2.27 8.06 1.00 0.00
1.10 2.27 8.23 1.00 0.00
1.10 2.27 8.41 1.00 0.00
1.10 2.27 8.58 1.00 0.00
1.10 2.27 8.76 1.00 0.00
1.10 2.27 8.93 1.00 0.00
1.10 2.27 9.11 1.00 0.00
0.30 2.44 6.27 1.00 0.00
0.30 2.44 6.45 1.00 0.00
0.30 2.44 6.62 1.00 0.00
0.30 2.44 6.80 1.00 0.00
0.30 2.44 6.97 1.00 0.00
0.30 2.44 7.15 1.00 0.00
0.30 2.44 7.32 1.00 0.00
0.30 2.44 7.50 1.00 0.00
0.30 2.44 7.67 1.00 0.00
0.30 2.44 7.84 1.00 0.00
0.30 2.44 8.02 1.00 0.00
0.30 2.44 8.19 1.00 0.00
0.30 2.44 8.37 1.00 0.00
0.30 2.44 8.54 1.00 0.00
0.30 2.44 8.72 1.00 0.00
0.30 2.44 8.89 1.00 0.00
0.30 2.44 9.07 1.00 0.00
0.30 2.44 9.24 1.00 0.00
0.50 2.44 6.22 1.00 0.00
0.50 2.44 6.40 1.00 0.00
0.50 2.44 6.57 1.00 0.00
0.50 2.44 6.75 1.00 0.00
0.50 2.44 6.92 1.00 0.00
0.50 2.44 7.10 1.00 0.00
0.50 2.44 7.27 1.00 0.00
0.50 2.44 7.44 1.00 0.00
0.50 2.44 7.62 1.00 0.00
0.50 2.44 7.79 1.00 0.00
0.50 2.44 7.97 1.00 0.00
0.50 2.44 8.14 1.00 0.00
0.50 2.44 8.32 1.00 0.00
0.50 2.44 8.49 1.00 0.00
0.50 2.44 8.67 1.00 0.00
0.50 2.44 8.84 1.00 0.00
0.50 2.44 9.02 1.00 0.00
0.50 2.44 9.19 1.00 0.00
0.70 2.44 6.18 1.00 0.00
0.70 2.44 6.35 1.00 0.00
0.70 2.44 6.53 1.00 0.00
0.70 2.44 6.70 1.00 0.00
0.70 2.44 6.87 1.00 0.00
0.70 2.44 7.05 1.00 0.00
0.70 2.44 7.22 1.00 0.00
0.70 2.44 7.40 1.00 0.00
0.70 2.44 7.57 1.00 0.00
0.70 2.44 7.75 1.00 0.00
0.70 2.44 7.92 1.00 0.00
0.70 2.44 8.10 1.00 0.00
0.70 2.44 8.27 1.00 0.00
0.70 2.44 8.45 1.00 0.00
0.70 2.44 8.62 1.00 0.00
0.70 2.44 8.79 1.00 0.00
0.70 2.44 8.97 1.00 0.00
0.70 2.44 9.14 1.00 0.00
0.90 2.44 6.13 1.00 0.00
0.90 2.44 6.31 1.00 0.00
0.90 2.44 6.48 1.00 0.00
0.90 2.44 6.66 1.00 0.00
0.90 2.44 6.83 1.00 0.00
0.90 2.44 7.01 1.00 0.00
0.90 2.44 7.18 1.00 0.00
0.90 2.44 7.36 1.00 0.00
0.90 2.44 7.53 1.00 0.00
0.90 2.44 7.71 1.00 0.00
0.90 2.44 7.88 1.00 0.00
0.90 2.44 8.05 1.00 0.00
0.90 2.44 8.23 1.00 0.00
0.90 2.44 8.40 1.00 0.00
0.90 2.44 8.58 1.00 0.00
0.90 2.44 8.75 1.00 0.00
0.90 2.44 8.93 1.00 0.00
0.90 2.44 9.10 1.00 0.00
1.10 2.44 6.10 1.00 0.00
1.10 2.44 6.27 1.00 0.00
1.10 2.44 6.44 1.00 0.00
1.10 2.44 6.62 1.00 0.00
1.10 2.44 6.79 1.00 0.00
1.10 2.44 6.97 1.00 0.00
1.10 2.44 7.14 1.00 0.00
1.10 2.44 7.32 1.00 0.00
1.10 2.44 7.49 1.00 0.00
1.10 2.44 7.67 1.00 0.00
1.10 2.44 7.84 1.00 0.00
1.10 2.44 8.02 1.00 0.00
1.10 2.44 8.19 1.00 0.00
1.10 2.44 8.36 1.00 0.00
1.10 2.44 8.54 1.00 0.00
1.10 2.44 8.71 1.00 0.00
1.10 2.44 8.89 1.00 0.00
1.10 2.44 9.06 1.00 0.00
0.30 2.62 6.26 1.00 0.00
0.30 2.62 6.44 1.00 0.00
0.30 2.62 6.61 1.00 0.00
0.30 2.62 6.79 1.00 0.00
0.30 2.62 6.96 1.00 0.00
0.30 2.62 7.14 1.00 0.00
0.30 2.62 7.31 1.00 0.00
0.30 2.62 7.48 1.00 0.00
0.30 2.62 7.66 1.00 0.00
0.30 2.62 7.83 1.00 0.00
0.30 2.62 8.01 1.00 0.00
0.30 2.62 8.18 1.00 0.00
0.30 2.62 8.36 1.00 0.00
0.30 2.62 8.53 1.00 0.00
0.30 2.62 8.71 1.00 0.00
0.30 2.62 8.88 1.00 0.00
0.30 2.62 9.06 1.00 0.00
0.30 2.62 9.23 1.00 0.00
0.50 2.62 6.20 1.00 0.00
0.50 2.62 6.38 1.00 0.00
0.50 2.62 6.55 1.00 0.00
0.50 2.62 6.73 1.00 0.00
0.50 2.62 6.90 1.00 0.00
0.50 2.62 7.08 1.00 0.00
0.50 2.62 7.25 1.00 0.00
0.50 2.62 7.43 1.00 0.00
0.50 2.62 7.60 1.00 0.00
0.50 2.62 7.78 1.00 0.00
0.50 2.62 7.95 1.00 0.00
0.50 2.62 8.12 1.00 0.00
0.50 2.62 8.30 1.00 0.00
0.50 2.62 8.47 1.00 0.00
0.50 2.62 8.65 1.00 0.00
0.50 2.62 8.82 1.00 0.00
0.50 2.62 9.00 1.00 0.00
0.50 2.62 9.17 1.00 0.00
0.70 2.62 6.15 1.00 0.00
0.70 2.62 6.32 1.00 0.00
0.70 2.62 6.50 1.00 0.00
0.70 2.62 6.67 1.00 0.00
0.70 2.62 6.85 1.00 0.00
0.70 2.62 7.02 1.00 0.00
0.70 2.62 7.20 1.00 0.00
0.70 2.62 7.37 1.00 0.00
0.70 2.62 7.55 1.00 0.00
0.70 2.62 7.72 1.00 0.00
0.70 2.62 7.90 1.00 0.00
0.70 2.62 8.07 1.00 0.00
0.70 2.62 8.24 1.00 0.00
0.70 2.62 8.42 1.00 0.00
0.70 2.62 8.59 1.00 0.00
0.70 2.62 8.77 1.00 0.00
0.70 2.62 8.94 1.00 0.00
0.70 2.62 9.12 1.00 0.00
0.90 2.62 6.10 1.00 0.00
0.90 2.62 6.27 1.00 0.00
0.90 2.62 6.45 1.00 0.00
0.90 2.62 6.62 1.00 0.00
0.90 2.62 6.80 1.00 0.00
0.90 2.62 6.97 1.00 0.00
0.90 2.62 7.15 1.00 0.00
0.90 2.62 7.32 1.00 0.00
0.90 2.62 7.50 1.00 0.00
0.90 2.62 7.67 1.00 0.00
0.90 2.62 7.85 1.00 0.00
0.90 2.62 8.02 1.00 0.00
0.90 2.62 8.19 1.00 0.00
0.90 2.62 8.37 1.00 0.00
0.90 2.62 8.54 1.00 0.00
0.90 2.62 8.72 1.00 0.00
0.90 2.62 8.89 1.00 0.00
0.90 2.62 9.07 1.00 0.00
1.10 2.62 6.05 1.00 0.00
1.10 2.62 6.23 1.00 0.00
1.10 2.62 6.40 1.00 0.00
1.10 2.62 6.58 1.00 0.00
1.10 2.62 6.75 1.00 0.00
1.10 2.62 6.93 1.00 0.00
1.10 2.62 7.10 1.00 0.00
1.10 2.62 7.28 1.00 0.00
1.10 2.62 7.45 1.00 0.00
1.10 2.62 7.63 1.00 0.00
1.10 2.62 7.80 1.00 0.00
1.10 2.62 7.97 1.00 0.00
1.10 2.62 8.15 1.00 0.00
1.10 2.62 8.32 1.00 0.00
1.10 2.62 8.50 1.00 0.00
1.10 2.62 8.67 1.00 0.00
1.10 2.62 8.85 1.00 0.00
1.10 2.62 9.02 1.00 0.00
0.30 2.79 6.25 1.00 0.00
0.30 2.79 6.43 1.00 0.00
0.30 2.79 6.60 1.00 0.00
0.30 2.79 6.78 1.00 0.00
0.30 2.79 6.95 1.00 0.00
0.30 2.79 7.13 1.00 0.00
0.30 2.79 7.30 1.00 0.00
0.30 2.79 7.48 1.00 0.00
0.30 2.79 7.65 1.00 0.00
0.30 2.79 7.83 1.00 0.00
0.30 2.79 8.00 1.00 0.00
0.30 2.79 8.17 1.00 0.00
0.30 2.79 8.35 1.00 0.00
0.30 2.79 8.52 1.00 0.00
0.30 2.79 8.70 1.00 0.00
0.30 2.79 8.87 1.00 0.00
0.30 2.79 9.05 1.00 0.00
0.30 2.79 9.22 1.00 0.00
0.50 2.79 6.19 1.00 0.00
0.50 2.79 6.36 1.00 0.00
0.50 2.79 6.54 1.00 0.00
0.50 2.79 6.71 1.00 0.00
0.50 2.79 6.89 1.00 0.00
0.50 2.79 7.06 1.00 0.00
0.50 2.79 7.24 1.00 0.00
0.50 2.79 7.41 1.00 0.00
0.50 2.79 7.59 1.00 0.00
0.50 2.79 7.76 1.00 0.00
0.50 2.79 7.93 1.00 0.00
0.50 2.79 8.11 1.00 0.00
0.50 2.79 8.28 1.00 0.00
0.50 2.79 8.46 1.00 0.00
0.50 2.79 8.63 1.00 0.00
0.50 2.79 8.81 1.00 0.00
0.50 2.79 8.98 1.00 0.00
0.50 2.79 9.16 1.00 0.00
0.70 2.79 6.13 1.00 0.00
0.70 2.79 6.30 1.00 0.00
0.70 2.79 6.48 1.00 0.00
0.70 2.79 6.65 1.00 0.00
0.70 2.79 6.83 1.00 0.00
0.70 2.79 7.00 1.00 0.00
0.70 2.79 7.18 1.00 0.00
0.70 2.79 7.35 1.00 0.00
0.70 2.79 7.52 1.00 0.00
0.70 2.79 7.70 1.00 0.00
0.70 2.79 7.87 1.00 0.00
0.70 2.79 8.05 1.00 0.00
0.70 2.79 8.22 1.00 0.00
0.70 2.79 8.40 1.00 0.00
0.70 2.79 8.57 1.00 0.00
0.70 2.79 8.75 1.00 0.00
0.70 2.79 8.92 1.00 0.00
0.70 2.79 9.09 1.00 0.00
0.90 2.79 6.07 1.00 0.00
0.90 2.79 6.24 1.00 0.00
0.90 2.79 6.42 1.00 0.00
0.90 2.79 6.59 1.00 0.00
0.90 2.79 6.77 1.00 0.00
0.90 2.79 6.94 1.00 0.00
0.90 2.79 7.12 1.00 0.00
0.90 2.79 7.29 1.00 0.00
0.90 2.79 7.47 1.00 0.00
0.90 2.79 7.64 1.00 0.00
0.90 2.79 7.82 1.00 0.00
0.90 2.79 7.99 1.00 0.00
0.90 2.79 8.16 1.00 0.00
0.90 2.79 8.34 1.00 0.00
0.90 2.79 8.51 1.00 0.00
0.90 2.79 8.69 1.00 0.00
0.90 2.79 8.86 1.00 0.00
0.90 2.79 9.04 1.00 0.00
1.10 2.79 6.02 1.00 0.00
1.10 2.79 6.19 1.00 0.00
1.10 2.79 6.37 1.00 0.00
1.10 2.79 6.54 1.00 0.00
1.10 2.79 6.72 1.00 0.00
1.10 2.79 6.89 1.00 0.00
1.10 2.79 7.06 1.00 0.00
1.10 2.79 7.24 1.00 0.00
1.10 2.79 7.41 1.00 0.00
1.10 2.79 7.59 1.00 0.00
1.10 2.79 7.76 1.00 0.00
1.10 2.79 7.94 1.00 0.00
1.10 2.79 8.11 1.00 0.00
1.10 2.79 8.29 1.00 0.00
1.10 2.79 8.46 1.00 0.00
1.10 2.79 8.63 1.00 0.00
1.10 2.79 8.81 1.00 0.00
1.10 2.79 8.98 1.00 0.00
0.30 2.97 6.25 1.00 0.00
0.30 2.97 6.42 1.00 0.00
0.30 2.97 6.60 1.00 0.00
0.30 2.97 6.77 1.00 0.00
0.30 2.97 6.95 1.00 0.00
0.30 2.97 7.12 1.00 0.00
0.30 2.97 7.30 1.00 0.00
0.30 2.97 7.47 1.00 0.00
0.30 2.97 7.65 1.00 0.00
0.30 2.97 7.82 1.00 0.00
0.30 2.97 7.99 1.00 0.00
0.30 2.97 8.17 1.00 0.00
0.30 2.97 8.34 1.00 0.00
0.30 2.97 8.52 1.00 0.00
0.30 2.97 8.69 1.00 0.00
0.30 2.97 8.87 1.00 0.00
0.30 2.97 9.04 1.00 0.00
0.30 2.97 9.22 1.00 0.00
0.50 2.97 6.18 1.00 0.00
0.50 2.97 6.35 1.00 0.00
0.50 2.97 6.53 1.00 0.00
0.50 2.97 6.70 1.00 0.00
0.50 2.97 6.88 1.00 0.00
0.50 2.97 7.05 1.00 0.00
0.50 2.97 7.23 1.00 0.00
0.50 2.97 7.40 1.00 0.00
0.50 2.97 7.57 1.00 0.00
0.50 2.97 7.75 1.00 0.00
0.50 2.97 7.92 1.00 0.00
0.50 2.97 8.10 1.00 0.00
0.50 2.97 8.27 1.00 0.00
0.50 2.97 8.45 1.00 0.00
0.50 2.97 8.62 1.00 0.00
0.50 2.97 8.80 1.00 0.00
0.50 2.97 8.97 1.00 0.00
0.50 2.97 9.15 1.00 0.00
0.70 2.97 6.11 1.00 0.00
0.70 2.97 6.28 1.00 0.00
0.70 2.97 6.46 1.00 0.00
0.70 2.97 6.63 1.00 0.00
0.70 2.97 6.81 1.00 0.00
0.70 2.97 6.98 1.00 0.00
0.70 2.97 7.16 1.00 0.00
0.70 2.97 7.33 1.00 0.00
0.70 2.97 7.51 1.00 0.00
0.70 2.97 7.68 1.00 0.00
0.70 2.97 7.86 1.00 0.00
0.70 2.97 8.03 1.00 0.00
0.70 2.97 8.20 1.00 0.00
0.70 2.97 8.38 1.00 0.00
0.70 2.97 8.55 1.00 0.00
0.70 2.97 8.73 1.00 0.00
0.70 2.97 8.90 1.00 0.00
0.70 2.97 9.08 1.00 0.00
0.90 2.97 6.05 1.00 0.00
0.90 2.97 6.22 1.00 0.00
0.90 2.97 6.39 1.00 0.00
0.90 2.97 6.57 1.00 0.00
0.90 2.97 6.74 1.00 0.00
0.90 2.97 6.92 1.00 0.00
0.90 2.97 7.09 1.00 0.00
0.90 2.97 7.27 1.00 0.00
0.90 2.97 7.44 1.00 0.00
0.90 2.97 7.62 1.00 0.00
0.90 2.97 7.79 1.00 0.00
0.90 2.97 7.97 1.00 0.00
0.90 2.97 8.14 1.00 0.00
0.90 2.97 8.31 1.00 0.00
0.90 2.97 8.49 1.00 0.00
0.90 2.97 8.66 1.00 0.00
0.90 2.97 8.84 1.00 0.00
0.90 2.97 9.01 1.00 0.00
1.10 2.97 5.98 1.00 0.00
1.10 2.97 6.16 1.00 0.00
1.10 2.97 6.33 1.00 0.00
1.10 2.97 6.51 1.00 0.00
1.10 2.97 6.68 1.00 0.00
1.10 2.97 6.86 1.00 0.00
1.10 2.97 7.03 1.00 0.00
1.10 2.97 7.21 1.00 0.00
1.10 2.97 7.38 1.00 0.00
1.10 2.97 7.56 1.00 0.00
1.10 2.97 7.73 1.00 0.00
1.10 2.97 7.90 1.00 0.00
1.10 2.97 8.08 1.00 0.00
1.10 2.97 8.25 1.00 0.00
1.10 2.97 8.43 1.00 0.00
1.10 2.97 8.60 1.00 0.00
1.10 2.97 8.78 1.00 0.00
1.10 2.97 8.95 1.00 0.00
0.30 3.14 6.25 1.00 0.00
0.30 3.14 6.42 1.00 0.00
0.30 3.14 6.60 1.00 0.00
0.30 3.14 6.77 1.00 0.00
0.30 3.14 6.94 1.00 0.00
0.30 3.14 7.12 1.00 0.00
0.30 3.14 7.29 1.00 0.00
0.30 3.14 7.47 1.00 0.00
0.30 3.14 7.64 1.00 0.00
0.30 3.14 7.82 1.00 0.00
0.30 3.14 7.99 1.00 0.00
0.30 3.14 8.17 1.00 0.00
0.30 3.14 8.34 1.00 0.00
0.30 3.14 8.52 1.00 0.00
0.30 3.14 8.69 1.00 0.00
0.30 3.14 8.86 1.00 0.00
0.30 3.14 9.04 1.00 0.00
0.30 3.14 9.21 1.00 0.00
0.50 3.14 6.17 1.00 0.00
0.50 3.14 6.35 1.00 0.00
0.50 3.14 6.52 1.00 0.00
0.50 3.14 6.70 1.00 0.00
0.50 3.14 6.87 1.00 0.00
0.50 3.14 7.04 1.00 0.00
0.50 3.14 7.22 1.00 0.00
0.50 3.14 7.39 1.00 0.00
0.50 3.14 7.57 1.00 0.00
0.50 3.14 7.74 1.00 0.00
0.50 3.14 7.92 1.00 0.00
0.50 3.14 8.09 1.00 0.00
0.50 3.14 8.27 1.00 0.00
0.50 3.14 8.44 1.00 0.00
0.50 3.14 8.62 1.00 0.00
0.50 3.14 8.79 1.00 0.00
0.50 3.14 8.96 1.00 0.00
0.50 3.14 9.14 1.00 0.00
0.70 3.14 6.10 1.00 0.00
0.70 3.14 6.27 1.00 0.00
0.70 3.14 6.45 1.00 0.00
0.70 3.14 6.62 1.00 0.00
0.70 3.14 6.80 1.00 0.00
0.70 3.14 6.97 1.00 0.00
0.70 3.14 7.15 1.00 0.00
0.70 3.14 7.32 1.00 0.00
0.70 3.14 7.50 1.00 0.00
0.70 3.14 7.67 1.00 0.00
0.70 3.14 7.84 1.00 0.00
0.70 3.14 8.02 1.00 0.00
0.70 3.14 8.19 1.00 0.00
0.70 3.14 8.37 1.00 0.00
0.70 3.14 8.54 1.00 0.00
0.70 3.14 8.72 1.00 0.00
0.70 3.14 8.89 1.00 0.00
0.70 3.14 9.07 1.00 0.00
0.90 3.14 6.03 1.00 0.00
0.90 3.14 6.20 1.00 0.00
0.90 3.14 6.38 1.00 0.00
0.90 3.14 6.55 1.00 0.00
0.90 3.14 6.73 1.00 0.00
0.90 3.14 6.90 1.00 0.00
0.90 3.14 7.07 1.00 0.00
0.90 3.14 7.25 1.00 0.00
0.90 3.14 7.42 1.00 0.00
0.90 3.14 7.60 1.00 0.00
0.90 3.14 7.77 1.00 0.00
0.90 3.14 7.95 1.00 0.00
0.90 3.14 8.12 1.00 0.00
0.90 3.14 8.30 1.00 0.00
0.90 3.14 8.47 1.00 0.00
0.90 3.14 8.65 1.00 0.00
0.90 3.14 8.82 1.00 0.00
0.90 3.14 8.99 1.00 0.00
1.10 3.14 5.96 1.00 0.00
1.10 3.14 6.13 1.00 0.00
1.10 3.14 6.31 1.00 0.00
1.10 3.14 6.48 1.00 0.00
1.10 3.14 6.66 1.00 0.00
1.10 3.14 6.83 1.00 0.00
1.10 3.14 7.01 1.00 0.00
1.10 3.14 7.18 1.00 0.00
1.10 3.14 7.36 1.00 0.00
1.10 3.14 7.53 1.00 0.00
1.10 3.14 7.70 1.00 0.00
1.10 3.14 7.88 1.00 0.00
1.10 3.14 8.05 1.00 0.00
1.10 3.14 8.23 1.00 0.00
1.10 3.14 8.40 1.00 0.00
1.10 3.14 8.58 1.00 0.00
1.10 3.14 8.75 1.00 0.00
1.10 3.14 8.93 1.00 0.00
0.30 3.32 6.25 1.00 0.00
0.30 3.32 6.42 1.00 0.00
0.30 3.32 6.60 1.00 0.00
0.30 3.32 6.77 1.00 0.00
0.30 3.32 6.95 1.00 0.00
0.30 3.32 7.12 1.00 0.00
0.30 3.32 7.29 1.00 0.00
0.30 3.32 7.47 1.00 0.00
0.30 3.32 7.64 1.00 0.00
0.30 3.32 7.82 1.00 0.00
0.30 3.32 7.99 1.00 0.00
0.30 3.32 8.17 1.00 0.00
0.30 3.32 8.34 1.00 0.00
0.30 3.32 8.52 1.00 0.00
0.30 3.32 8.69 1.00 0.00
0.30 3.32 8.87 1.00 0.00
0.30 3.32 9.04 1.00 0.00
0.30 3.32 9.21 1.00 0.00
0.50 3.32 6.17 1.00 0.00
0.50 3.32 6.35 1.00 0.00
0.50 3.32 6.52 1.00 0.00
0.50 3.32 6.69 1.00 0.00
0.50 3.32 6.87 1.00 0.00
0.50 3.32 7.04 1.00 0.00
0.50 3.32 7.22 1.00 0.00
0.50 3.32 7.39 1.00 0.00
0.50 3.32 7.57 1.00 0.00
0.50 3.32 7.74 1.00 0.00
0.50 3.32 7.92 1.00 0.00
0.50 3.32 8.09 1.00 0.00
0.50 3.32 8.27 1.00 0.00
0.50 3.32 8.44 1.00 0.00
0.50 3.32 8.61 1.00 0.00
0.50 3.32 8.79 1.00 0.00
0.50 3.32 8.96 1.00 0.00
0.50 3.32 9.14 1.00 0.00
0.70 3.32 6.09 1.00 0.00
0.70 3.32 6.27 1.00 0.00
0.70 3.32 6.44 1.00 0.00
0.70 3.32 6.62 1.00 0.00
0.70 3.32 6.79 1.00 0.00
0.70 3.32 6.97 1.00 0.00
0.70 3.32 7.14 1.00 0.00
0.70 3.32 7.32 1.00 0.00
0.70 3.32 7.49 1.00 0.00
0.70 3.32 7.67 1.00 0.00
0.70 3.32 7.84 1.00 0.00
0.70 3.32 8.01 1.00 0.00
0.70 3.32 8.19 1.00 0.00
0.70 3.32 8.36 1.00 0.00
0.70 3.32 8.54 1.00 0.00
0.70 3.32 8.71 1.00 0.00
0.70 3.32 8.89 1.00 0.00
0.70 3.32 9.06 1.00 0.00
0.90 3.32 6.02 1.00 0.00
0.90 3.32 6.19 1.00 0.00
0.90 3.32 6.37 1.00 0.00
0.90 3.32 6.54 1.00 0.00
0.90 3.32 6.72 1.00 0.00
0.90 3.32 6.89 1.00 0.00
0.90 3.32 7.06 1.00 0.00
0.90 3.32 7.24 1.00 0.00
0.90 3.32 7.41 1.00 0.00
0.90 3.32 7.59 1.00 0.00
0.90 3.32 7.76 1.00 0.00
0.90 3.32 7.94 1.00 0.00
0.90 3.32 8.11 1.00 0.00
0.90 3.32 8.29 1.00 0.00
0.90 3.32 8.46 1.00 0.00
0.90 3.32 8.64 1.00 0.00
0.90 3.32 8.81 1.00 0.00
0.90 3.32 8.98 1.00 0.00
1.10 3.32 5.94 1.00 0.00
1.10 3.32 6.12 1.00 0.00
1.10 3.32 6.29 1.00 0.00
1.10 3.32 6.47 1.00 0.00
1.10 3.32 6.64 1.00 0.00
1.10 3.32 6.81 1.00 0.00
1.10 3.32 6.99 1.00 0.00
1.10 3.32 7.16 1.00 0.00
1.10 3.32 7.34 1.00 0.00
1.10 3.32 7.51 1.00 0.00
1.10 3.32 7.69 1.00 0.00
1.10 3.32 7.86 1.00 0.00
1.10 3.32 8.04 1.00 0.00
1.10 3.32 8.21 1.00 0.00
1.10 3.32 8.39 1.00 0.00
1.10 3.32 8.56 1.00 0.00
1.10 3.32 8.73 1.00 0.00
1.10 3.32 8.91 1.00 0.00
0.30 3.49 6.25 1.00 0.00
0.30 3.49 6.43 1.00 0.00
0.30 3.49 6.60 1.00 0.00
0.30 3.49 6.78 1.00 0.00
0.30 3.49 6.95 1.00 0.00
0.30 3.49 7.12 1.00 0.00
0.30 3.49 7.30 1.00 0.00
0.30 3.49 7.47 1.00 0.00
0.30 3.49 7.65 1.00 0.00
0.30 3.49 7.82 1.00 0.00
0.30 3.49 8.00 1.00 0.00
0.30 3.49 8.17 1.00 0.00
0.30 3.49 8.35 1.00 0.00
0.30 3.49 8.52 1.00 0.00
0.30 3.49 8.70 1.00 0.00
0.30 3.49 8.87 1.00 0.00
0.30 3.49 9.04 1.00 0.00
0.30 3.49 9.22 1.00 0.00
0.50 3.49 6.18 1.00 0.00
0.50 3.49 6.35 1.00 0.00
0.50 3.49 6.53 1.00 0.00
0.50 3.49 6.70 1.00 0.00
0.50 3.49 6.87 1.00 0.00
0.50 3.49 7.05 1.00 0.00
0.50 3.49 7.22 1.00 0.00
0.50 3.49 7.40 1.00 0.00
0.50 3.49 7.57 1.00 0.00
0.50 3.49 7.75 1.00 0.00
0.50 3.49 7.92 1.00 0.00
0.50 3.49 8.10 1.00 0.00
0.50 3.49 8.27 1.00 0.00
0.50 3.49 8.45 1.00 0.00
0.50 3.49 8.62 1.00 0.00
0.50 3.49 8.79 1.00 0.00
0.50 3.49 8.97 1.00 0.00
0.50 3.49 9.14 1.00 0.00
0.70 3.49 6.10 1.00 0.00
0.70 3.49 6.27 1.00 0.00
0.70 3.49 6.45 1.00 0.00
0.70 3.49 6.62 1.00 0.00
0.70 3.49 6.80 1.00 0.00
0.70 3.49 6.97 1.00 0.00
0.70 3.49 7.15 1.00 0.00
0.70 3.49 7.32 1.00 0.00
0.70 3.49 7.49 1.00 0.00
0.70 3.49 7.67 1.00 0.00
0.70 3.49 7.84 1.00 0.00
0.70 3.49 8.02 1.00 0.00
0.70 3.49 8.19 1.00 0.00
0.70 3.49 8.37 1.00 0.00
0.70 3.49 8.54 1.00 0.00
0.70 3.49 8.72 1.00 0.00
0.70 3.49 8.89 1.00 0.00
0.70 3.49 9.07 1.00 0.00
0.90 3.49 6.02 1.00 0.00
0.90 3.49 6.19 1.00 0.00
0.90 3.49 6.37 1.00 0.00
0.90 3.49 6.54 1.00 0.00
0.90 3.49 6.72 1.00 0.00
0.90 3.49 6.89 1.00 0.00
0.90 3.49 7.06 1.00 0.00
0.90 3.49 7.24 1.00 0.00
0.90 3.49 7.41 1.00 0.00
0.90 3.49 7.59 1.00 0.00
0.90 3.49 7.76 1.00 0.00
0.90 3.49 7.94 1.00 0.00
0.90 3.49 8.11 1.00 0.00
0.90 3.49 8.29 1.00 0.00
0.90 3.49 8.46 1.00 0.00
0.90 3.49 8.64 1.00 0.00
0.90 3.49 8.81 1.00 0.00
0.90 3.49 8.98 1.00 0.00
1.10 3.49 5.94 1.00 0.00
1.10 3.49 6.11 1.00 0.00
1.10 3.49 6.28 1.00 0.00
1.10 3.49 6.46 1.00 0.00
1.10 3.49 6.63 1.00 0.00
1.10 3.49 6.81 1.00 0.00
1.10 3.49 6.98 1.00 0.00
1.10 3.49 7.16 1.00 0.00
1.10 3.49 7.33 1.00 0.00
1.10 3.49 7.51 1.00 0.00
1.10 3.49 7.68 1.00 0.00
1.10 3.49 7.86 1.00 0.00
1.10 3.49 8.03 1.00 0.00
1.10 3.49 8.20 1.00 0.00
1.10 3.49 8.38 1.00 0.00
1.10 3.49 8.55 1.00 0.00
1.10 3.49 8.73 1.00 0.00
1.10 3.49 8.90 1.00 0.00
0.30 3.67 6.26 1.00 0.00
0.30 3.67 6.43 1.00 0.00
0.30 3.67 6.61 1.00 0.00
0.30 3.67 6.78 1.00 0.00
0.30 3.67 6.96 1.00 0.00
0.30 3.67 7.13 1.00 0.00
0.30 3.67 7.31 1.00 0.00
0.30 3.67 7.48 1.00 0.00
0.30 3.67 7.66 1.00 0.00
0.30 3.67 7.83 1.00 0.00
0.30 3.67 8.01 1.00 0.00
0.30 3.67 8.18 1.00 0.00
0.30 3.67 8.35 1.00 0.00
0.30 3.67 8.53 1.00 0.00
0.30 3.67 8.70 1.00 0.00
0.30 3.67 8.88 1.00 0.00
0.30 3.67 9.05 1.00 0.00
0.30 3.67 9.23 1.00 0.00
0.50 3.67 6.19 1.00 0.00
0.50 3.67 6.36 1.00 0.00
0.50 3.67 6.54 1.00 0.00
0.50 3.67 6.71 1.00 0.00
0.50 3.67 6.89 1.00 0.00
0.50 3.67 7.06 1.00 0.00
0.50 3.67 7.24 1.00 0.00
0.50 3.67 7.41 1.00 0.00
0.50 3.67 7.58 1.00 0.00
0.50 3.67 7.76 1.00 0.00
0.50 3.67 7.93 1.00 0.00
0.50 3.67 8.11 1.00 0.00
0.50 3.67 8.28 1.00 0.00
0.50 3.67 8.46 1.00 0.00
0.50 3.67 8.63 1.00 0.00
0.50 3.67 8.81 1.00 0.00
0.50 3.67 8.98 1.00 0.00
0.50 3.67 9.16 1.00 0.00
0.70 3.67 6.11 1.00 0.00
0.70 3.67 6.29 1.00 0.00
0.70 3.67 6.46 1.00 0.00
0.70 3.67 6.63 1.00 0.00
0.70 3.67 6.81 1.00 0.00
0.70 3.67 6.98 1.00 0.00
0.70 3.67 7.16 1.00 0.00
0.70 3.67 7.33 1.00 0.00
0.70 3.67 7.51 1.00 0.00
0.70 3.67 7.68 1.00 0.00
0.70 3.67 7.86 1.00 0.00
0.70 3.67 8.03 1.00 0.00
0.70 3.67 8.21 1.00 0.00
0.70 3.67 8.38 1.00 0.00
0.70 3.67 8.55 1.00 0.00
0.70 3.67 8.73 1.00 0.00
0.70 3.67 8.90 1.00 0.00
0.70 3.67 9.08 1.00 0.00
0.90 3.67 6.03 1.00 0.00
0.90 3.67 6.20 1.00 0.00
0.90 3.67 6.38 1.00 0.00
0.90 3.67 6.55 1.00 0.00
0.90 3.67 6.73 1.00 0.00
0.90 3.67 6.90 1.00 0.00
0.90 3.67 7.08 1.00 0.00
0.90 3.67 7.25 1.00 0.00
0.90 3.67 7.43 1.00 0.00
0.90 3.67 7.60 1.00 0.00
0.90 3.67 7.77 1.00 0.00
0.90 3.67 7.95 1.00 0.00
0.90 3.67 8.12 1.00 0.00
0.90 3.67 8.30 1.00 0.00
0.90 3.67 8.47 1.00 0.00
0.90 3.67 8.65 1.00 0.00
0.90 3.67 8.82 1.00 0.00
0.90 3.67 9.00 1.00 0.00
1.10 3.67 5.94 1.00 0.00
1.10 3.67 6.12 1.00 0.00
1.10 3.67 6.29 1.00 0.00
1.10 3.67 6.47 1.00 0.00
1.10 3.67 6.64 1.00 0.00
1.10 3.67 6.82 1.00 0.00
1.10 3.67 6.99 1.00 0.00
1.10 3.67 7.17 1.00 0.00
1.10 3.67 7.34 1.00 0.00
1.10 3.67 7.51 1.00 0.00
1.10 3.67 7.69 1.00 0.00
1.10 3.67 7.86 1.00 0.00
1.10 3.67 8.04 1.00 0.00
1.10 3.67 8.21 1.00 0.00
1.10 3.67 8.39 1.00 0.00
1.10 3.67 8.56 1.00 0.00
1.10 3.67 8.74 1.00 0.00
1.10 3.67 8.91 1.00 0.00
0.30 3.84 6.27 1.00 0.00
0.30 3.84 6.45 1.00 0.00
0.30 3.84 6.62 1.00 0.00
0.30 3.84 6.80 1.00 0.00
0.30 3.84 6.97 1.00 0.00
0.30 3.84 7.14 1.00 0.00
0.30 3.84 7.32 1.00 0.00
0.30 3.84 7.49 1.00 0.00
0.30 3.84 7.67 1.00 0.00
0.30 3.84 7.84 1.00 0.00
0.30 3.84 8.02 1.00 0.00
0.30 3.84 8.19 1.00 0.00
0.30 3.84 8.37 1.00 0.00
0.30 3.84 8.54 1.00 0.00
0.30 3.84 8.72 1.00 0.00
0.30 3.84 8.89 1.00 0.00
0.30 3.84 9.06 1.00 0.00
0.30 3.84 9.24 1.00 0.00
0.50 3.84 6.21 1.00 0.00
0.50 3.84 6.38 1.00 0.00
0.50 3.84 6.56 1.00 0.00
0.50 3.84 6.73 1.00 0.00
0.50 3.84 6.90 1.00 0.00
0.50 3.84 7.08 1.00 0.00
0.50 3.84 7.25 1.00 0.00
0.50 3.84 7.43 1.00 0.00
0.50 3.84 7.60 1.00 0.00
0.50 3.84 7.78 1.00 0.00
0.50 3.84 7.95 1.00 0.00
0.50 3.84 8.13 1.00 0.00
0.50 3.84 8.30 1.00 0.00
0.50 3.84 8.48 1.00 0.00
0.50 3.84 8.65 1.00 0.00
0.50 3.84 8.82 1.00 0.00
0.50 3.84 9.00 1.00 0.00
0.50 3.84 9.17 1.00 0.00
0.70 3.84 6.13 1.00 0.00
0.70 3.84 6.31 1.00 0.00
0.70 3.84 6.48 1.00 0.00
0.70 3.84 6.66 1.00 0.00
0.70 3.84 6.83 1.00 0.00
0.70 3.84 7.01 1.00 0.00
0.70 3.84 7.18 1.00 0.00
0.70 3.84 7.36 1.00 0.00
0.70 3.84 7.53 1.00 0.00
0.70 3.84 7.70 1.00 0.00
0.70 3.84 7.88 1.00 0.00
0.70 3.84 8.05 1.00 0.00
0.70 3.84 8.23 1.00 0.00
0.70 3.84 8.40 1.00 0.00
0.70 3.84 8.58 1.00 0.00
0.70 3.84 8.75 1.00 0.00
0.70 3.84 8.93 1.00 0.00
0.70 3.84 9.10 1.00 0.00
0.90 3.84 6.05 1.00 0.00
0.90 3.84 6.23 1.00 0.00
0.90 3.84 6.40 1.00 0.00
0.90 3.84 6.58 1.00 0.00
0.90 3.84 6.75 1.00 0.00
0.90 3.84 6.93 1.00 0.00
0.90 3.84 7.10 1.00 0.00
0.90 3.84 7.28 1.00 0.00
0.90 3.84 7.45 1.00 0.00
0.90 3.84 7.63 1.00 0.00
0.90 3.84 7.80 1.00 0.00
0.90 3.84 7.97 1.00 0.00
0.90 3.84 8.15 1.00 0.00
0.90 3.84 8.32 1.00 0.00
0.90 3.84 8.50 1.00 0.00
0.90 3.84 8.67 1.00 0.00
0.90 3.84 8.85 1.00 0.00
0.90 3.84 9.02 1.00 0.00
1.10 3.84 5.97 1.00 0.00
1.10 3.84 6.14 1.00 0.00
1.10 3.84 6.32 1.00 0.00
1.10 3.84 6.49 1.00 0.00
1.10 3.84 6.67 1.00 0.00
1.10 3.84 6.84 1.00 0.00
1.10 3.84 7.02 1.00 0.00
1.10 3.84 7.19 1.00 0.00
1.10 3.84 7.36 1.00 0.00
1.10 3.84 7.54 1.00 0.00
1.10 3.84 7.71 1.00 0.00
1.10 3.84 7.89 1.00 0.00
1.10 3.84 8.06 1.00 0.00
1.10 3.84 8.24 1.00 0.00
1.10 3.84 8.41 1.00 0.00
1.10 3.84 8.59 1.00 0.00
1.10 3.84 8.76 1.00 0.00
1.10 3.84 8.94 1.00 0.00
0.30 4.01 6.29 1.00 0.00
0.30 4.01 6.46 1.00 0.00
0.30 4.01 6.64 1.00 0.00
0.30 4.01 6.81 1.00 0.00
0.30 4.01 6.98 1.00 0.00
0.30 4.01 7.16 1.00 0.00
0.30 4.01 7.33 1.00 0.00
0.30 4.01 7.51 1.00 0.00
0.30 4.01 7.68 1.00 0.00
0.30 4.01 7.86 1.00 0.00
0.30 4.01 8.03 1.00 0.00
0.30 4.01 8.21 1.00 0.00
0.30 4.01 8.38 1.00 0.00
0.30 4.01 8.56 1.00 0.00
0.30 4.01 8.73 1.00 0.00
0.30 4.01 8.90 1.00 0.00
0.30 4.01 9.08 1.00 0.00
0.30 4.01 9.25 1.00 0.00
0.50 4.01 6.23 1.00 0.00
0.50 4.01 6.41 1.00 0.00
0.50 4.01 6.58 1.00 0.00
0.50 4.01 6.75 1.00 0.00
0.50 4.01 6.93 1.00 0.00
0.50 4.01 7.10 1.00 0.00
0.50 4.01 7.28 1.00 0.00
0.50 4.01 7.45 1.00 0.00
0.50 4.01 7.63 1.00 0.00
0.50 4.01 7.80 1.00 0.00
0.50 4.01 7.98 1.00 0.00
0.50 4.01 8.15 1.00 0.00
0.50 4.01 8.33 1.00 0.00
0.50 4.01 8.50 1.00 0.00
0.50 4.01 8.67 1.00 0.00
0.50 4.01 8.85 1.00 0.00
0.50 4.01 9.02 1.00 0.00
0.50 4.01 9.20 1.00 0.00
0.70 4.01 6.17 1.00 0.00
0.70 4.01 6.34 1.00 0.00
0.70 4.01 6.52 1.00 0.00
0.70 4.01 6.69 1.00 0.00
0.70 4.01 6.87 1.00 0.00
0.70 4.01 7.04 1.00 0.00
0.70 4.01 7.21 1.00 0.00
0.70 4.01 7.39 1.00 0.00
0.70 4.01 7.56 1.00 0.00
0.70 4.01 7.74 1.00 0.00
0.70 4.01 7.91 1.00 0.00
0.70 4.01 8.09 1.00 0.00
0.70 4.01 8.26 1.00 0.00
0.70 4.01 8.44 1.00 0.00
0.70 4.01 8.61 1.00 0.00
0.70 4.01 8.79 1.00 0.00
0.70 4.01 8.96 1.00 0.00
0.70 4.01 9.13 1.00 0.00
0.90 4.01 6.10 1.00 0.00
0.90 4.01 6.27 1.00 0.00
0.90 4.01 6.44 1.00 0.00
0.90 4.01 6.62 1.00 0.00
0.90 4.01 6.79 1.00 0.00
0.90 4.01 6.97 1.00 0.00
0.90 4.01 7.14 1.00 0.00
0.90 4.01 7.32 1.00 0.00
0.90 4.01 7.49 1.00 0.00
0.90 4.01 7.67 1.00 0.00
0.90 4.01 7.84 1.00 0.00
0.90 4.01 8.02 1.00 0.00
0.90 4.01 8.19 1.00 0.00
0.90 4.01 8.36 1.00 0.00
0.90 4.01 8.54 1.00 0.00
0.90 4.01 8.71 1.00 0.00
0.90 4.01 8.89 1.00 0.00
0.90 4.01 9.06 1.00 0.00
1.10 4.01 6.01 1.00 0.00
1.10 4.01 6.19 1.00 0.00
1.10 4.01 6.36 1.00 0.00
1.10 4.01 6.54 1.00 0.00
1.10 4.01 6.71 1.00 0.00
1.10 4.01 6.89 1.00 0.00
1.10 4.01 7.06 1.00 0.00
1.10 4.01 7.24 1.00 0.00
1.10 4.01 7.41 1.00 0.00
1.10 4.01 7.58 1.00 0.00
1.10 4.01 7.76 1.00 0.00
1.10 4.01 7.93 1.00 0.00
1.10 4.01 8.11 1.00 0.00
1.10 4.01 8.28 1.00 0.00
1.10 4.01 8.46 1.00 0.00
1.10 4.01 8.63 1.00 0.00
1.10 4.01 8.81 1.00 0.00
1.10 4.01 8.98 1.00 0.00
0.30 4.19 6.30 1.00 0.00
0.30 4.19 6.48 1.00 0.00
0.30 4.19 6.65 1.00 0.00
0.30 4.19 6.83 1.00 0.00
0.30 4.19 7.00 1.00 0.00
0.30 4.19 7.18 1.00 0.00
0.30 4.19 7.35 1.00 0.00
0.30 4.19 7.53 1.00 0.00
0.30 4.19 7.70 1.00 0.00
0.30 4.19 7.88 1.00 0.00
0.30 4.19 8.05 1.00 0.00
0.30 4.19 8.22 1.00 0.00
0.30 4.19 8.40 1.00 0.00
0.30 4.19 8.57 1.00 0.00
0.30 4.19 8.75 1.00 0.00
0.30 4.19 8.92 1.00 0.00
0.30 4.19 9.10 1.00 0.00
0.30 4.19 9.27 1.00 0.00
0.50 4.19 6.26 1.00 0.00
0.50 4.19 6.44 1.00 0.00
0.50 4.19 6.61 1.00 0.00
0.50 4.19 6.79 1.00 0.00
0.50 4.19 6.96 1.00 0.00
0.50 4.19 7.13 1.00 0.00
0.50 4.19 7.31 1.00 0.00
0.50 4.19 7.48 1.00 0.00
0.50 4.19 7.66 1.00 0.00
0.50 4.19 7.83 1.00 0.00
0.50 4.19 8.01 1.00 0.00
0.50 4.19 8.18 1.00 0.00
0.50 4.19 8.36 1.00 0.00
0.50 4.19 8.53 1.00 0.00
0.50 4.19 8.71 1.00 0.00
0.50 4.19 8.88 1.00 0.00
0.50 4.19 9.05 1.00 0.00
0.50 4.19 9.23 1.00 0.00
0.70 4.19 6.21 1.00 0.00
0.70 4.19 6.39 1.00 0.00
0.70 4.19 6.56 1.00 0.00
0.70 4.19 6.74 1.00 0.00
0.70 4.19 6.91 1.00 0.00
0.70 4.19 7.08 1.00 0.00
0.70 4.19 7.26 1.00 0.00
0.70 4.19 7.43 1.00 0.00
0.70 4.19 7.61 1.00 0.00
0.70 4.19 7.78 1.00 0.00
0.70 4.19 7.96 1.00 0.00
0.70 4.19 8.13 1.00 0.00
0.70 4.19 8.31 1.00 0.00
0.70 4.19 8.48 1.00 0.00
0.70 4.19 8.66 1.00 0.00
0.70 4.19 8.83 1.00 0.00
0.70 4.19 9.00 1.00 0.00
0.70 4.19 9.18 1.00 0.00
0.90 4.19 6.15 1.00 0.00
0.90 4.19 6.33 1.00 0.00
0.90 4.19 6.50 1.00 0.00
0.90 4.19 6.68 1.00 0.00
0.90 4.19 6.85 1.00 0.00
0.90 4.19 7.03 1.00 0.00
0.90 4.19 7.20 1.00 0.00
0.90 4.19 7.37 1.00 0.00
0.90 4.19 7.55 1.00 0.00
0.90 4.19 7.72 1.00 0.00
0.90 4.19 7.90 1.00 0.00
0.90 4.19 8.07 1.00 0.00
0.90 4.19 8.25 1.00 0.00
0.90 4.19 8.42 1.00 0.00
0.90 4.19 8.60 1.00 0.00
0.90 4.19 8.77 1.00 0.00
0.90 4.19 8.95 1.00 0.00
0.90 4.19 9.12 1.00 0.00
1.10 4.19 6.08 1.00 0.00
1.10 4.19 6.26 1.00 0.00
1.10 4.19 6.43 1.00 0.00
1.10 4.19 6.61 1.00 0.00
1.10 4.19 6.78 1.00 0.00
1.10 4.19 6.96 1.00 0.00
1.10 4.19 7.13 1.00 0.00
1.10 4.19 7.31 1.00 0.00
1.10 4.19 7.48 1.00 0.00
1.10 4.19 7.65 1.00 0.00
1.10 4.19 7.83 1.00 0.00
1.10 4.19 8.00 1.00 0.00
1.10 4.19 8.18 1.00 0.00
1.10 4.19 8.35 1.00 0.00
1.10 4.19 8.53 1.00 0.00
1.10 4.19 8.70 1.00 0.00
1.10 4.19 8.88 1.00 0.00
1.10 4.19 9.05 1.00 0.00
0.30 4.36 6.32 1.00 0.00
0.30 4.36 6.50 1.00 0.00
0.30 4.36 6.67 1.00 0.00
0.30 4.36 6.85 1.00 0.00
0.30 4.36 7.02 1.00 0.00
0.30 4.36 7.20 1.00 0.00
0.30 4.36 7.37 1.00 0.00
0.30 4.36 7.55 1.00 0.00
0.30 4.36 7.72 1.00 0.00
0.30 4.36 7.90 1.00 0.00
0.30 4.36 8.07 1.00 0.00
0.30 4.36 8.24 1.00 0.00
0.30 4.36 8.42 1.00 0.00
0.30 4.36 8.59 1.00 0.00
0.30 4.36 8.77 1.00 0.00
0.30 4.36 8.94 1.00 0.00
0.30 4.36 9.12 1.00 0.00
0.30 4.36 9.29 1.00 0.00
0.50 4.36 6.30 1.00 0.00
0.50 4.36 6.47 1.00 0.00
0.50 4.36 6.65 1.00 0.00
0.50 4.36 6.82 1.00 0.00
0.50 4.36 7.00 1.00 0.00
0.50 4.36 7.17 1.00 0.00
0.50 4.36 7.34 1.00 0.00
0.50 4.36 7.52 1.00 0.00
0.50 4.36 7.69 1.00 0.00
0.50 4.36 7.87 1.00 0.00
0.50 4.36 8.04 1.00 0.00
0.50 4.36 8.22 1.00 0.00
0.50 4.36 8.39 1.00 0.00
0.50 4.36 8.57 1.00 0.00
0.50 4.36 8.74 1.00 0.00
0.50 4.36 8.92 1.00 0.00
0.50 4.36 9.09 1.00 0.00
0.50 4.36 9.26 1.00 0.00
0.70 4.36 6.26 1.00 0.00
0.70 4.36 6.44 1.00 0.00
0.70 4.36 6.61 1.00 0.00
0.70 4.36 6.79 1.00 0.00
0.70 4.36 6.96 1.00 0.00
0.70 4.36 7.14 1.00 0.00
0.70 4.36 7.31 1.00 0.00
0.70 4.36 7.49 1.00 0.00
0.70 4.36 7.66 1.00 0.00
0.70 4.36 7.84 1.00 0.00
0.70 4.36 8.01 1.00 0.00
0.70 4.36 8.18 1.00 0.00
0.70 4.36 8.36 1.00 0.00
0.70 4.36 8.53 1.00 0.00
0.70 4.36 8.71 1.00 0.00
0.70 4.36 8.88 1.00 0.00
0.70 4.36 9.06 1.00 0.00
0.70 4.36 9.23 1.00 0.00
0.90 4.36 6.23 1.00 0.00
0.90 4.36 6.40 1.00 0.00
0.90 4.36 6.57 1.00 0.00
0.90 4.36 6.75 1.00 0.00
0.90 4.36 6.92 1.00 0.00
0.90 4.36 7.10 1.00 0.00
0.90 4.36 7.27 1.00 0.00
0.90 4.36 7.45 1.00 0.00
0.90 4.36 7.62 1.00 0.00
0.90 4.36 7.80 1.00 0.00
0.90 4.36 7.97 1.00 0.00
0.90 4.36 8.15 1.00 0.00
0.90 4.36 8.32 1.00 0.00
0.90 4.36 8.49 1.00 0.00
0.90 4.36 8.67 1.00 0.00
0.90 4.36 8.84 1.00 0.00
0.90 4.36 9.02 1.00 0.00
0.90 4.36 9.19 1.00 0.00
1.10 4.36 6.18 1.00 0.00
1.10 4.36 6.35 1.00 0.00
1.10 4.36 6.53 1.00 0.00
1.10 4.36 6.70 1.00 0.00
1.10 4.36 6.88 1.00 0.00
1.10 4.36 7.05 1.00 0.00
1.10 4.36 7.22 1.00 0.00
1.10 4.36 7.40 1.00 0.00
1.10 4.36 7.57 1.00 0.00
1.10 4.36 7.75 1.00 0.00
1.10 4.36 7.92 1.00 0.00
1.10 4.36 8.10 1.00 0.00
1.10 4.36 8.27 1.00 0.00
1.10 4.36 8.45 1.00 0.00
1.10 4.36 8.62 1.00 0.00
1.10 4.36 8.80 1.00 0.00
1.10 4.36 8.97 1.00 0.00
1.10 4.36 9.14 1.00 0.00
0.30 4.54 6.35 1.00 0.00
0.30 4.54 6.52 1.00 0.00
0.30 4.54 6.70 1.00 0.00
0.30 4.54 6.87 1.00 0.00
0.30 4.54 7.04 1.00 0.00
0.30 4.54 7.22 1.00 0.00
0.30 4.54 7.39 1.00 0.00
0.30 4.54 7.57 1.00 0.00
0.30 4.54 7.74 1.00 0.00
0.30 4.54 7.92 1.00 0.00
0.30 4.54 8.09 1.00 0.00
0.30 4.54 8.27 1.00 0.00
0.30 4.54 8.44 1.00 0.00
0.30 4.54 8.61 1.00 0.00
0.30 4.54 8.79 1.00 0.00
0.30 4.54 8.96 1.00 0.00
0.30 4.54 9.14 1.00 0.00
0.30 4.54 9.31 1.00 0.00
0.50 4.54 6.34 1.00 0.00
0.50 4.54 6.51 1.00 0.00
0.50 4.54 6.68 1.00 0.00
0.50 4.54 6.86 1.00 0.00
0.50 4.54 7.03 1.00 0.00
0.50 4.54 7.21 1.00 0.00
0.50 4.54 7.38 1.00 0.00
0.50 4.54 7.56 1.00 0.00
0.50 4.54 7.73 1.00 0.00
0.50 4.54 7.91 1.00 0.00
0.50 4.54 8.08 1.00 0.00
0.50 4.54 8.26 1.00 0.00
0.50 4.54 8.43 1.00 0.00
0.50 4.54 8.60 1.00 0.00
0.50 4.54 8.78 1.00 0.00
0.50 4.54 8.95 1.00 0.00
0.50 4.54 9.13 1.00 0.00
0.50 4.54 9.30 1.00 0.00
0.70 4.54 6.32 1.00 0.00
0.70 4.54 6.50 1.00 0.00
0.70 4.54 6.67 1.00 0.00
0.70 4.54 6.85 1.00 0.00
0.70 4.54 7.02 1.00 0.00
0.70 4.54 7.20 1.00 0.00
0.70 4.54 7.37 1.00 0.00
0.70 4.54 7.55 1.00 0.00
0.70 4.54 7.72 1.00 0.00
0.70 4.54 7.89 1.00 0.00
0.70 4.54 8.07 1.00 0.00
0.70 4.54 8.24 1.00 0.00
0.70 4.54 8.42 1.00 0.00
0.70 4.54 8.59 1.00 0.00
0.70 4.54 8.77 1.00 0.00
0.70 4.54 8.94 1.00 0.00
0.70 4.54 9.12 1.00 0.00
0.70 4.54 9.29 1.00 0.00
0.90 4.54 6.31 1.00 0.00
0.90 4.54 6.48 1.00 0.00
0.90 4.54 6.66 1.00 0.00
0.90 4.54 6.83 1.00 0.00
0.90 4.54 7.01 1.00 0.00
0.90 4.54 7.18 1.00 0.00
0.90 4.54 7.36 1.00 0.00
0.90 4.54 7.53 1.00 0.00
0.90 4.54 7.70 1.00 0.00
0.90 4.54 7.88 1.00 0.00
0.90 4.54 8.05 1.00 0.00
0.90 4.54 8.23 1.00 0.00
0.90 4.54 8.40 1.00 0.00
0.90 4.54 8.58 1.00 0.00
0.90 4.54 8.75 1.00 0.00
0.90 4.54 8.93 1.00 0.00
0.90 4.54 9.10 1.00 0.00
0.90 4.54 9.28 1.00 0.00
1.10 4.54 6.29 1.00 0.00
1.10 4.54 6.46 1.00 0.00
1.10 4.54 6.64 1.00 0.00
1.10 4.54 6.81 1.00 0.00
1.10 4.54 6.99 1.00 0.00
1.10 4.54 7.16 1.00 0.00
1.10 4.54 7.34 1.00 0.00
1.10 4.54 7.51 1.00 0.00
1.10 4.54 7.69 1.00 0.00
1.10 4.54 7.86 1.00 0.00
1.10 4.54 8.04 1.00 0.00
1.10 4.54 8.21 1.00 0.00
1.10 4.54 8.38 1.00 0.00
1.10 4.54 8.56 1.00 0.00
1.10 4.54 8.73 1.00 0.00
1.10 4.54 8.91 1.00 0.00
1.10 4.54 9.08 1.00 0.00
1.10 4.54 9.26 1.00 0.00
0.30 4.71 6.37 1.00 0.00
0.30 4.71 6.54 1.00 0.00
0.30 4.71 6.72 1.00 0.00
0.30 4.71 6.89 1.00 0.00
0.30 4.71 7.07 1.00 0.00
0.30 4.71 7.24 1.00 0.00
0.30 4.71 7.42 1.00 0.00
0.30 4.71 7.59 1.00 0.00
0.30 4.71 7.76 1.00 0.00
0.30 4.71 7.94 1.00 0.00
0.30 4.71 8.11 1.00 0.00
0.30 4.71 8.29 1.00 0.00
0.30 4.71 8.46 1.00 0.00
0.30 4.71 8.64 1.00 0.00
0.30 4.71 8.81 1.00 0.00
0.30 4.71 8.99 1.00 0.00
0.30 4.71 9.16 1.00 0.00
0.30 4.71 9.33 1.00 0.00
0.50 4.71 6.38 1.00 0.00
0.50 4.71 6.55 1.00 0.00
0.50 4.71 6.72 1.00 0.00
0.50 4.71 6.90 1.00 0.00
0.50 4.71 7.07 1.00 0.00
0.50 4.71 7.25 1.00 0.00
0.50 4.71 7.42 1.00 0.00
0.50 4.71 7.60 1.00 0.00
0.50 4.71 7.77 1.00 0.00
0.50 4.71 7.95 1.00 0.00
0.50 4.71 8.12 1.00 0.00
0.50 4.71 8.30 1.00 0.00
0.50 4.71 8.47 1.00 0.00
0.50 4.71 8.64 1.00 0.00
0.50 4.71 8.82 1.00 0.00
0.50 4.71 8.99 1.00 0.00
0.50 4.71 9.17 1.00 0.00
0.50 4.71 9.34 1.00 0.00
0.70 4.71 6.38 1.00 0.00
0.70 4.71 6.56 1.00 0.00
0.70 4.71 6.73 1.00 0.00
0.70 4.71 6.91 1.00 0.00
0.70 4.71 7.08 1.00 0.00
0.70 4.71 7.26 1.00 0.00
0.70 4.71 7.43 1.00 0.00
0.70 4.71 7.61 1.00 0.00
0.70 4.71 7.78 1.00 0.00
0.70 4.71 7.96 1.00 0.00
0.70 4.71 8.13 1.00 0.00
0.70 4.71 8.30 1.00 0.00
0.70 4.71 8.48 1.00 0.00
0.70 4.71 8.65 1.00 0.00
0.70 4.71 8.83 1.00 0.00
0.70 4.71 9.00 1.00 0.00
0.70 4.71 9.18 1.00 0.00
0.70 4.71 9.35 1.00 0.00
0.90 4.71 6.40 1.00 0.00
0.90 4.71 6.57 1.00 0.00
0.90 4.71 6.75 1.00 0.00
0.90 4.71 6.92 1.00 0.00
0.90 4.71 7.09 1.00 0.00
0.90 4.71 7.27 1.00 0.00
0.90 4.71 7.44 1.00 0.00
0.90 4.71 7.62 1.00 0.00
0.90 4.71 7.79 1.00 0.00
0.90 4.71 7.97 1.00 0.00
0.90 4.71 8.14 1.00 0.00
0.90 4.71 8.32 1.00 0.00
0.90 4.71 8.49 1.00 0.00
0.90 4.71 8.67 1.00 0.00
0.90 4.71 8.84 1.00 0.00
0.90 4.71 9.01 1.00 0.00
0.90 4.71 9.19 1.00 0.00
0.90 4.71 9.36 1.00 0.00
1.10 4.71 6.41 1.00 0.00
1.10 4.71 6.59 1.00 0.00
1.10 4.71 6.76 1.00 0.00
1.10 4.71 6.93 1.00 0.00
1.10 4.71 7.11 1.00 0.00
1.10 4.71 7.28 1.00 0.00
1.10 4.71 7.46 1.00 0.00
1.10 4.71 7.63 1.00 0.00
1.10 4.71 7.81 1.00 0.00
1.10 4.71 7.98 1.00 0.00
1.10 4.71 8.16 1.00 0.00
1.10 4.71 8.33 1.00 0.00
1.10 4.71 8.50 1.00 0.00
1.10 4.71 8.68 1.00 0.00
1.10 4.71 8.85 1.00 0.00
1.10 4.71 9.03 1.00 0.00
1.10 4.71 9.20 1.00 0.00
1.10 4.71 9.38 1.00 0.00
0.30 4.89 6.39 1.00 0.00
0.30 4.89 6.56 1.00 0.00
0.30 4.89 6.74 1.00 0.00
0.30 4.89 6.91 1.00 0.00
0.30 4.89 7.09 1.00 0.00
0.30 4.89 7.26 1.00 0.00
0.30 4.89 7.44 1.00 0.00
0.30 4.89 7.61 1.00 0.00
0.30 4.89 7.79 1.00 0.00
0.30 4.89 7.96 1.00 0.00
0.30 4.89 8.13 1.00 0.00
0.30 4.89 8.31 1.00 0.00
0.30 4.89 8.48 1.00 0.00
0.30 4.89 8.66 1.00 0.00
0.30 4.89 8.83 1.00 0.00
0.30 4.89 9.01 1.00 0.00
0.30 4.89 9.18 1.00 0.00
0.30 4.89 9.36 1.00 0.00
0.50 4.89 6.41 1.00 0.00
0.50 4.89 6.59 1.00 0.00
0.50 4.89 6.76 1.00 0.00
0.50 4.89 6.94 1.00 0.00
0.50 4.89 7.11 1.00 0.00
0.50 4.89 7.29 1.00 0.00
0.50 4.89 7.46 1.00 0.00
0.50 4.89 7.64 1.00 0.00
0.50 4.89 7.81 1.00 0.00
0.50 4.89 7.99 1.00 0.00
0.50 4.89 8.16 1.00 0.00
0.50 4.89 8.33 1.00 0.00
0.50 4.89 8.51 1.00 0.00
0.50 4.89 8.68 1.00 0.00
0.50 4.89 8.86 1.00 0.00
0.50 4.89 9.03 1.00 0.00
0.50 4.89 9.21 1.00 0.00
0.50 4.89 9.38 1.00 0.00
0.70 4.89 6.44 1.00 0.00
0.70 4.89 6.62 1.00 0.00
0.70 4.89 6.79 1.00 0.00
0.70 4.89 6.97 1.00 0.00
0.70 4.89 7.14 1.00 0.00
0.70 4.89 7.32 1.00 0.00
0.70 4.89 7.49 1.00 0.00
0.70 4.89 7.67 1.00 0.00
0.70 4.89 7.84 1.00 0.00
0.70 4.89 8.02 1.00 0.00
0.70 4.89 8.19 1.00 0.00
0.70 4.89 8.36 1.00 0.00
0.70 4.89 8.54 1.00 0.00
0.70 4.89 8.71 1.00 0.00
0.70 4.89 8.89 1.00 0.00
0.70 4.89 9.06 1.00 0.00
0.70 4.89 9.24 1.00 0.00
0.70 4.89 9.41 1.00 0.00
0.90 4.89 0.20 1.00 0.00
0.90 4.89 0.37 1.00 0.00
0.90 4.89 0.55 1.00 0.00
0.90 4.89 0.72 1.00 0.00
0.90 4.89 0.90 1.00 0.00
0.90 4.89 1.07 1.00 0.00
0.90 4.89 1.24 1.00 0.00
0.90 4.89 1.42 1.00 0.00
0.90 4.89 1.59 1.00 0.00
0.90 4.89 1.77 1.00 0.00
0.90 4.89 1.94 1.00 0.00
0.90 4.89 2.12 1.00 0.00
0.90 4.89 2.29 1.00 0.00
0.90 4.89 2.47 1.00 0.00
0.90 4.89 2.64 1.00 0.00
0.90 4.89 2.82 1.00 0.00
0.90 4.89 2.99 1.00 0.00
0.90 4.89 3.16 1.00 0.00
1.10 4.89 0.24 1.00 0.00
1.10 4.89 0.42 1.00 0.00
1.10 4.89 0.59 1.00 0.00
1.10 4.89 0.77 1.00 0.00
1.10 4.89 0.94 1.00 0.00
1.10 4.89 1.11 1.00 0.00
1.10 4.89 1.29 1.00 0.00
1.10 4.89 1.46 1.00 0.00
1.10 4.89 1.64 1.00 0.00
1.10 4.89 1.81 1.00 0.00
1.10 4.89 1.99 1.00 0.00
1.10 4.89 2.16 1.00 0.00
1.10 4.89 2.34 1.00 0.00
1.10 4.89 2.51 1.00 0.00
1.10 4.89 2.69 1.00 0.00
1.10 4.89 2.86 1.00 0.00
1.10 4.89 3.03 1.00 0.00
1.10 4.89 3.21 1.00 0.00
0.30 5.06 6.41 1.00 0.00
0.30 5.06 6.58 1.00 0.00
0.30 5.06 6.76 1.00 0.00
0.30 5.06 6.93 1.00 0.00
0.30 5.06 7.11 1.00 0.00
0.30 5.06 7.28 1.00 0.00
0.30 5.06 7.46 1.00 0.00
0.30 5.06 7.63 1.00 0.00
0.30 5.06 7.81 1.00 0.00
0.30 5.06 7.98 1.00 0.00
0.30 5.06 8.16 1.00 0.00
0.30 5.06 8.33 1.00 0.00
0.30 5.06 8.50 1.00 0.00
0.30 5.06 8.68 1.00 0.00
0.30 5.06 8.85 1.00 0.00
0.30 5.06 9.03 1.00 0.00
0.30 5.06 9.20 1.00 0.00
0.30 5.06 9.38 1.00 0.00
0.50 5.06 6.45 1.00 0.00
0.50 5.06 6.63 1.00 0.00
0.50 5.06 6.80 1.00 0.00
0.50 5.06 6.97 1.00 0.00
0.50 5.06 7.15 1.00 0.00
0.50 5.06 7.32 1.00 0.00
0.50 5.06 7.50 1.00 0.00
0.50 5.06 7.67 1.00 0.00
0.50 5.06 7.85 1.00 0.00
0.50 5.06 8.02 1.00 0.00
0.50 5.06 8.20 1.00 0.00
0.50 5.06 8.37 1.00 0.00
0.50 5.06 8.55 1.00 0.00
0.50 5.06 8.72 1.00 0.00
0.50 5.06 8.89 1.00 0.00
0.50 5.06 9.07 1.00 0.00
0.50 5.06 9.24 1.00 0.00
0.50 5.06 9.42 1.00 0.00
0.70 5.06 0.22 1.00 0.00
0.70 5.06 0.39 1.00 0.00
0.70 5.06 0.56 1.00 0.00
0.70 5.06 0.74 1.00 0.00
0.70 5.06 0.91 1.00 0.00
0.70 5.06 1.09 1.00 0.00
0.70 5.06 1.26 1.00 0.00
0.70 5.06 1.44 1.00 0.00
0.70 5.06 1.61 1.00 0.00
0.70 5.06 1.79 1.00 0.00
0.70 5.06 1.96 1.00 0.00
0.70 5.06 2.14 1.00 0.00
0.70 5.06 2.31 1.00 0.00
0.70 5.06 2.48 1.00 0.00
0.70 5.06 2.66 1.00 0.00
0.70 5.06 2.83 1.00 0.00
0.70 5.06 3.01 1.00 0.00
0.70 5.06 3.18 1.00 0.00
0.90 5.06 0.27 1.00 0.00
0.90 5.06 0.45 1.00 0.00
0.90 5.06 0.62 1.00 0.00
0.90 5.06 0.80 1.00 0.00
0.90 5.06 0.97 1.00 0.00
0.90 5.06 1.14 1.00 0.00
0.90 5.06 1.32 1.00 0.00
0.90 5.06 1.49 1.00 0.00
0.90 5.06 1.67 1.00 0.00
0.90 5.06 1.84 1.00 0.00
0.90 5.06 2.02 1.00 0.00
0.90 5.06 2.19 1.00 0.00
0.90 5.06 2.37 1.00 0.00
0.90 5.06 2.54 1.00 0.00
0.90 5.06 2.72 1.00 0.00
0.90 5.06 2.89 1.00 0.00
0.90 5.06 3.06 1.00 0.00
0.90 5.06 3.24 1.00 0.00
1.10 5.06 0.34 1.00 0.00
1.10 5.06 0.51 1.00 0.00
1.10 5.06 0.69 1.00 0.00
1.10 5.06 0.86 1.00 0.00
1.10 5.06 1.04 1.00 0.00
1.10 5.06 1.21 1.00 0.00
1.10 5.06 1.39 1.00 0.00
1.10 5.06 1.56 1.00 0.00
1.10 5.06 1.73 1.00 0.00
1.10 5.06 1.91 1.00 0.00
1.10 5.06 2.08 1.00 0.00
1.10 5.06 2.26 1.00 0.00
1.10 5.06 2.43 1.00 0.00
1.10 5.06 2.61 1.00 0.00
1.10 5.06 2.78 1.00 0.00
1.10 5.06 2.96 1.00 0.00
1.10 5.06 3.13 1.00 0.00
1.10 5.06 3.31 1.00 0.00
0.30 5.24 6.43 1.00 0.00
0.30 5.24 6.60 1.00 0.00
0.30 5.24 6.78 1.00 0.00
0.30 5.24 6.95 1.00 0.00
0.30 5.24 7.13 1.00 0.00
0.30 5.24 7.30 1.00 0.00
0.30 5.24 7.48 1.00 0.00
0.30 5.24 7.65 1.00 0.00
0.30 5.24 7.82 1.00 0.00
0.30 5.24 8.00 1.00 0.00
0.30 5.24 8.17 1.00 0.00
0.30 5.24 8.35 1.00 0.00
0.30 5.24 8.52 1.00 0.00
0.30 5.24 8.70 1.00 0.00
0.30 5.24 8.87 1.00 0.00
0.30 5.24 9.05 1.00 0.00
0.30 5.24 9.22 1.00 0.00
0.30 5.24 9.39 1.00 0.00
0.50 5.24 0.20 1.00 0.00
0.50 5.24 0.37 1.00 0.00
0.50 5.24 0.55 1.00 0.00
0.50 5.24 0.72 1.00 0.00
0.50 5.24 0.90 1.00 0.00
0.50 5.24 1.07 1.00 0.00
0.50 5.24 1.25 1.00 0.00
0.50 5.24 1.42 1.00 0.00
0.50 5.24 1.60 1.00 0.00
0.50 5.24 1.77 1.00 0.00
0.50 5.24 1.94 1.00 0.00
0.50 5.24 2.12 1.00 0.00
0.50 5.24 2.29 1.00 0.00
0.50 5.24 2.47 1.00 0.00
0.50 5.24 2.64 1.00 0.00
0.50 5.24 2.82 1.00 0.00
0.50 5.24 2.99 1.00 0.00
0.50 5.24 3.17 1.00 0.00
0.70 5.24 0.26 1.00 0.00
0.70 5.24 0.44 1.00 0.00
0.70 5.24 0.61 1.00 0.00
0.70 5.24 0.78 1.00 0.00
0.70 5.24 0.96 1.00 0.00
0.70 5.24 1.13 1.00 0.00
0.70 5.24 1.31 1.00 0.00
0.70 5.24 1.48 1.00 0.00
0.70 5.24 1.66 1.00 0.00
0.70 5.24 1.83 1.00 0.00
0.70 5.24 2.01 1.00 0.00
0.70 5.24 2.18 1.00 0.00
0.70 5.24 2.36 1.00 0.00
0.70 5.24 2.53 1.00 0.00
0.70 5.24 2.70 1.00 0.00
0.70 5.24 2.88 1.00 0.00
0.70 5.24 3.05 1.00 0.00
0.70 5.24 3.23 1.00 0.00
0.90 5.24 0.33 1.00 0.00
0.90 5.24 0.51 1.00 0.00
0.90 5.24 0.68 1.00 0.00
0.90 5.24 0.85 1.00 0.00
0.90 5.24 1.03 1.00 0.00
0.90 5.24 1.20 1.00 0.00
0.90 5.24 1.38 1.00 0.00
0.90 5.24 1.55 1.00 0.00
0.90 5.24 1.73 1.00 0.00
0.90 5.24 1.90 1.00 0.00
0.90 5.24 2.08 1.00 0.00
0.90 5.24 2.25 1.00 0.00
0.90 5.24 2.43 1.00 0.00
0.90 5.24 2.60 1.00 0.00
0.90 5.24 2.77 1.00 0.00
0.90 5.24 2.95 1.00 0.00
0.90 5.24 3.12 1.00 0.00
0.90 5.24 3.30 1.00 0.00
1.10 5.24 0.41 1.00 0.00
1.10 5.24 0.59 1.00 0.00
1.10 5.24 0.76 1.00 0.00
1.10 5.24 0.94 1.00 0.00
1.10 5.24 1.11 1.00 0.00
1.10 5.24 1.28 1.00 0.00
1.10 5.24 1.46 1.00 0.00
1.10 5.24 1.63 1.00 0.00
1.10 5.24 1.81 1.00 0.00
1.10 5.24 1.98 1.00 0.00
1.10 5.24 2.16 1.00 0.00
1.10 5.24 2.33 1.00 0.00
1.10 5.24 2.51 1.00 0.00
1.10 5.24 2.68 1.00 0.00
1.10 5.24 2.86 1.00 0.00
1.10 5.24 3.03 1.00 0.00
1.10 5.24 3.20 1.00 0.00
1.10 5.24 3.38 1.00 0.00
0.30 5.41 6.44 1.00 0.00
0.30 5.41 6.62 1.00 0.00
0.30 5.41 6.79 1.00 0.00
0.30 5.41 6.97 1.00 0.00
0.30 5.41 7.14 1.00 0.00
0.30 5.41 7.32 1.00 0.00
0.30 5.41 7.49 1.00 0.00
0.30 5.41 7.66 1.00 0.00
0.30 5.41 7.84 1.00 0.00
0.30 5.41 8.01 1.00 0.00
0.30 5.41 8.19 1.00 0.00
0.30 5.41 8.36 1.00 0.00
0.30 5.41 8.54 1.00 0.00
0.30 5.41 8.71 1.00 0.00
0.30 5.41 8.89 1.00 0.00
0.30 5.41 9.06 1.00 0.00
0.30 5.41 9.24 1.00 0.00
0.30 5.41 9.41 1.00 0.00
0.50 5.41 0.22 1.00 0.00
0.50 5.41 0.40 1.00 0.00
0.50 5.41 0.57 1.00 0.00
0.50 5.41 0.75 1.00 0.00
0.50 5.41 0.92 1.00 0.00
0.50 5.41 1.10 1.00 0.00
0.50 5.41 1.27 1.00 0.00
0.50 5.41 1.45 1.00 0.00
0.50 5.41 1.62 1.00 0.00
0.50 5.41 1.80 1.00 0.00
0.50 5.41 1.97 1.00 0.00
0.50 5.41 2.14 1.00 0.00
0.50 5.41 2.32 1.00 0.00
0.50 5.41 2.49 1.00 0.00
0.50 5.41 2.67 1.00 0.00
0.50 5.41 2.84 1.00 0.00
0.50 5.41 3.02 1.00 0.00
0.50 5.41 3.19 1.00 0.00
0.70 5.41 0.30 1.00 0.00
0.70 5.41 0.47 1.00 0.00
0.70 5.41 0.64 1.00 0.00
0.70 5.41 0.82 1.00 0.00
0.70 5.41 0.99 1.00 0.00
0.70 5.41 1.17 1.00 0.00
0.70 5.41 1.34 1.00 0.00
0.70 5.41 1.52 1.00 0.00
0.70 5.41 1.69 1.00 0.00
0.70 5.41 1.87 1.00 0.00
0.70 5.41 2.04 1.00 0.00
0.70 5.41 2.22 1.00 0.00
0.70 5.41 2.39 1.00 0.00
0.70 5.41 2.56 1.00 0.00
0.70 5.41 2.74 1.00 0.00
0.70 5.41 2.91 1.00 0.00
0.70 5.41 3.09 1.00 0.00
0.70 5.41 3.26 1.00 0.00
0.90 5.41 0.37 1.00 0.00
0.90 5.41 0.55 1.00 0.00
0.90 5.41 0.72 1.00 0.00
0.90 5.41 0.90 1.00 0.00
0.90 5.41 1.07 1.00 0.00
0.90 5.41 1.25 1.00 0.00
0.90 5.41 1.42 1.00 0.00
0.90 5.41 1.60 1.00 0.00
0.90 5.41 1.77 1.00 0.00
0.90 5.41 1.95 1.00 0.00
0.90 5.41 2.12 1.00 0.00
0.90 5.41 2.29 1.00 0.00
0.90 5.41 2.47 1.00 0.00
0.90 5.41 2.64 1.00 0.00
0.90 5.41 2.82 1.00 0.00
0.90 5.41 2.99 1.00 0.00
0.90 5.41 3.17 1.00 0.00
0.90 5.41 3.34 1.00 0.00
1.10 5.41 0.46 1.00 0.00
1.10 5.41 0.64 1.00 0.00
1.10 5.41 0.81 1.00 0.00
1.10 5.41 0.98 1.00 0.00
1.10 5.41 1.16 1.00 0.00
1.10 5.41 1.33 1.00 0.00
1.10 5.41 1.51 1.00 0.00
1.10 5.41 1.68 1.00 0.00
1.10 5.41 1.86 1.00 0.00
1.10 5.41 2.03 1.00 0.00
1.10 5.41 2.21 1.00 0.00
1.10 5.41 2.38 1.00 0.00
1.10 5.41 2.55 1.00 0.00
1.10 5.41 2.73 1.00 0.00
1.10 5.41 2.90 1.00 0.00
1.10 5.41 3.08 1.00 0.00
1.10 5.41 3.25 1.00 0.00
1.10 5.41 3.43 1.00 0.00
0.30 5.59 6.46 1.00 0.00
0.30 5.59 6.63 1.00 0.00
0.30 5.59 6.80 1.00 0.00
0.30 5.59 6.98 1.00 0.00
0.30 5.59 7.15 1.00 0.00
0.30 5.59 7.33 1.00 0.00
0.30 5.59 7.50 1.00 0.00
0.30 5.59 7.68 1.00 0.00
0.30 5.59 7.85 1.00 0.00
0.30 5.59 8.03 1.00 0.00
0.30 5.59 8.20 1.00 0.00
0.30 5.59 8.38 1.00 0.00
0.30 5.59 8.55 1.00 0.00
0.30 5.59 8.72 1.00 0.00
0.30 5.59 8.90 1.00 0.00
0.30 5.59 9.07 1.00 0.00
0.30 5.59 9.25 1.00 0.00
0.30 5.59 9.42 1.00 0.00
0.50 5.59 0.24 1.00 0.00
0.50 5.59 0.42 1.00 0.00
0.50 5.59 0.59 1.00 0.00
0.50 5.59 0.77 1.00 0.00
0.50 5.59 0.94 1.00 0.00
0.50 5.59 1.12 1.00 0.00
0.50 5.59 1.29 1.00 0.00
0.50 5.59 1.47 1.00 0.00
0.50 5.59 1.64 1.00 0.00
0.50 5.59 1.81 1.00 0.00
0.50 5.59 1.99 1.00 0.00
0.50 5.59 2.16 1.00 0.00
0.50 5.59 2.34 1.00 0.00
0.50 5.59 2.51 1.00 0.00
0.50 5.59 2.69 1.00 0.00
0.50 5.59 2.86 1.00 0.00
0.50 5.59 3.04 1.00 0.00
0.50 5.59 3.21 1.00 0.00
0.70 5.59 0.32 1.00 0.00
0.70 5.59 0.49 1.00 0.00
0.70 5.59 0.67 1.00 0.00
0.70 5.59 0.84 1.00 0.00
0.70 5.59 1.02 1.00 0.00
0.70 5.59 1.19 1.00 0.00
0.70 5.59 1.37 1.00 0.00
0.70 5.59 1.54 1.00 0.00
0.70 5.59 1.72 1.00 0.00
0.70 5.59 1.89 1.00 0.00
0.70 5.59 2.07 1.00 0.00
0.70 5.59 2.24 1.00 0.00
0.70 5.59 2.41 1.00 0.00
0.70 5.59 2.59 1.00 0.00
0.70 5.59 2.76 1.00 0.00
0.70 5.59 2.94 1.00 0.00
0.70 5.59 3.11 1.00 0.00
0.70 5.59 3.29 1.00 0.00
0.90 5.59 0.40 1.00 0.00
0.90 5.59 0.58 1.00 0.00
0.90 5.59 0.75 1.00 0.00
0.90 5.59 0.93 1.00 0.00
0.90 5.59 1.10 1.00 0.00
0.90 5.59 1.27 1.00 0.00
0.90 5.59 1.45 1.00 0.00
0.90 5.59 1.62 1.00 0.00
0.90 5.59 1.80 1.00 0.00
0.90 5.59 1.97 1.00 0.00
0.90 5.59 2.15 1.00 0.00
0.90 5.59 2.32 1.00 0.00
0.90 5.59 2.50 1.00 0.00
0.90 5.59 2.67 1.00 0.00
0.90 5.59 2.85 1.00 0.00
0.90 5.59 3.02 1.00 0.00
0.90 5.59 3.19 1.00 0.00
0.90 5.59 3.37 1.00 0.00
1.10 5.59 0.49 1.00 0.00
1.10 5.59 0.66 1.00 0.00
1.10 5.59 0.84 1.00 0.00
1.10 5.59 1.01 1.00 0.00
1.10 5.59 1.19 1.00 0.00
1.10 5.59 1.36 1.00 0.00
1.10 5.59 1.54 1.00 0.00
1.10 5.59 1.71 1.00 0.00
1.10 5.59 1.88 1.00 0.00
1.10 5.59 2.06 1.00 0.00
1.10 5.59 2.23 1.00 0.00
1.10 5.59 2.41 1.00 0.00
1.10 5.59 2.58 1.00 0.00
1.10 5.59 2.76 1.00 0.00
1.10 5.59 2.93 1.00 0.00
1.10 5.59 3.11 1.00 0.00
1.10 5.59 3.28 1.00 0.00
1.10 5.59 3.46 1.00 0.00
0.30 5.76 0.18 1.00 0.00
0.30 5.76 0.36 1.00 0.00
0.30 5.76 0.53 1.00 0.00
0.30 5.76 0.70 1.00 0.00
0.30 5.76 0.88 1.00 0.00
0.30 5.76 1.05 1.00 0.00
0.30 5.76 1.23 1.00 0.00
0.30 5.76 1.40 1.00 0.00
0.30 5.76 1.58 1.00 0.00
0.30 5.76 1.75 1.00 0.00
0.30 5.76 1.93 1.00 0.00
0.30 5.76 2.10 1.00 0.00
0.30 5.76 2.28 1.00 0.00
0.30 5.76 2.45 1.00 0.00
0.30 5.76 2.62 1.00 0.00
0.30 5.76 2.80 1.00 0.00
0.30 5.76 2.97 1.00 0.00
0.30 5.76 3.15 1.00 0.00
0.50 5.76 0.26 1.00 0.00
0.50 5.76 0.43 1.00 0.00
0.50 5.76 0.61 1.00 0.00
0.50 5.76 0.78 1.00 0.00
0.50 5.76 0.95 1.00 0.00
0.50 5.76 1.13 1.00 0.00
0.50 5.76 1.30 1.00 0.00
0.50 5.76 1.48 1.00 0.00
0.50 5.76 1.65 1.00 0.00
0.50 5.76 1.83 1.00 0.00
0.50 5.76 2.00 1.00 0.00
0.50 5.76 2.18 1.00 0.00
0.50 5.76 2.35 1.00 0.00
0.50 5.76 2.52 1.00 0.00
0.50 5.76 2.70 1.00 0.00
0.50 5.76 2.87 1.00 0.00
0.50 5.76 3.05 1.00 0.00
0.50 5.76 3.22 1.00 0.00
0.70 5.76 0.33 1.00 0.00
0.70 5.76 0.51 1.00 0.00
0.70 5.76 0.68 1.00 0.00
0.70 5.76 0.86 1.00 0.00
0.70 5.76 1.03 1.00 0.00
0.70 5.76 1.21 1.00 0.00
0.70 5.76 1.38 1.00 0.00
0.70 5.76 1.56 1.00 0.00
0.70 5.76 1.73 1.00 0.00
0.70 5.76 1.91 1.00 0.00
0.70 5.76 2.08 1.00 0.00
0.70 5.76 2.25 1.00 0.00
0.70 5.76 2.43 1.00 0.00
0.70 5.76 2.60 1.00 0.00
0.70 5.76 2.78 1.00 0.00
0.70 5.76 2.95 1.00 0.00
0.70 5.76 3.13 1.00 0.00
0.70 5.76 3.30 1.00 0.00
0.90 5.76 0.42 1.00 0.00
0.90 5.76 0.59 1.00 0.00
0.90 5.76 0.76 1.00 0.00
0.90 5.76 0.94 1.00 0.00
0.90 5.76 1.11 1.00 0.00
0.90 5.76 1.29 1.00 0.00
0.90 5.76 1.46 1.00 0.00
0.90 5.76 1.64 1.00 0.00
0.90 5.76 1.81 1.00 0.00
0.90 5.76 1.99 1.00 0.00
0.90 5.76 2.16 1.00 0.00
0.90 5.76 2.34 1.00 0.00
0.90 5.76 2.51 1.00 0.00
0.90 5.76 2.68 1.00 0.00
0.90 5.76 2.86 1.00 0.00
0.90 5.76 3.03 1.00 0.00
0.90 5.76 3.21 1.00 0.00
0.90 5.76 3.38 1.00 0.00
1.10 5.76 0.50 1.00 0.00
1.10 5.76 0.67 1.00 0.00
1.10 5.76 0.85 1.00 0.00
1.10 5.76 1.02 1.00 0.00
1.10 5.76 1.20 1.00 0.00
1.10 5.76 1.37 1.00 0.00
1.10 5.76 1.54 1.00 0.00
1.10 5.76 1.72 1.00 0.00
1.10 5.76 1.89 1.00 0.00
1.10 5.76 2.07 1.00 0.00
1.10 5.76 2.24 1.00 0.00
1.10 5.76 2.42 1.00 0.00
1.10 5.76 2.59 1.00 0.00
1.10 5.76 2.77 1.00 0.00
1.10 5.76 2.94 1.00 0.00
1.10 5.76 3.12 1.00 0.00
1.10 5.76 3.29 1.00 0.00
1.10 5.76 3.46 1.00 0.00
0.30 5.93 0.19 1.00 0.00
0.30 5.93 0.36 1.00 0.00
0.30 5.93 0.53 1.00 0.00
0.30 5.93 0.71 1.00 0.00
0.30 5.93 0.88 1.00 0.00
0.30 5.93 1.06 1.00 0.00
0.30 5.93 1.23 1.00 0.00
0.30 5.93 1.41 1.00 0.00
0.30 5.93 1.58 1.00 0.00
0.30 5.93 1.76 1.00 0.00
0.30 5.93 1.93 1.00 0.00
0.30 5.93 2.11 1.00 0.00
0.30 5.93 2.28 1.00 0.00
0.30 5.93 2.45 1.00 0.00
0.30 5.93 2.63 1.00 0.00
0.30 5.93 2.80 1.00 0.00
0.30 5.93 2.98 1.00 0.00
0.30 5.93 3.15 1.00 0.00
0.50 5.93 0.26 1.00 0.00
0.50 5.93 0.44 1.00 0.00
0.50 5.93 0.61 1.00 0.00
0.50 5.93 0.79 1.00 0.00
0.50 5.93 0.96 1.00 0.00
0.50 5.93 1.13 1.00 0.00
0.50 5.93 1.31 1.00 0.00
0.50 5.93 1.48 1.00 0.00
0.50 5.93 1.66 1.00 0.00
0.50 5.93 1.83 1.00 0.00
0.50 5.93 2.01 1.00 0.00
0.50 5.93 2.18 1.00 0.00
0.50 5.93 2.36 1.00 0.00
0.50 5.93 2.53 1.00 0.00
0.50 5.93 2.71 1.00 0.00
0.50 5.93 2.88 1.00 0.00
0.50 5.93 3.05 1.00 0.00
0.50 5.93 3.23 1.00 0.00
0.70 5.93 0.34 1.00 0.00
0.70 5.93 0.51 1.00 0.00
0.70 5.93 0.69 1.00 0.00
0.70 5.93 0.86 1.00 0.00
0.70 5.93 1.04 1.00 0.00
0.70 5.93 1.21 1.00 0.00
0.70 5.93 1.39 1.00 0.00
0.70 5.93 1.56 1.00 0.00
0.70 5.93 1.74 1.00 0.00
0.70 5.93 1.91 1.00 0.00
0.70 5.93 2.08 1.00 0.00
0.70 5.93 2.26 1.00 0.00
0.70 5.93 2.43 1.00 0.00
0.70 5.93 2.61 1.00 0.00
0.70 5.93 2.78 1.00 0.00
0.70 5.93 2.96 1.00 0.00
0.70 5.93 3.13 1.00 0.00
0.70 5.93 3.31 1.00 0.00
0.90 5.93 0.42 1.00 0.00
0.90 5.93 0.59 1.00 0.00
0.90 5.93 0.77 1.00 0.00
0.90 5.93 0.94 1.00 0.00
0.90 5.93 1.11 1.00 0.00
0.90 5.93 1.29 1.00 0.00
0.90 5.93 1.46 1.00 0.00
0.90 5.93 1.64 1.00 0.00
0.90 5.93 1.81 1.00 0.00
0.90 5.93 1.99 1.00 0.00
0.90 5.93 2.16 1.00 0.00
0.90 5.93 2.34 1.00 0.00
0.90 5.93 2.51 1.00 0.00
0.90 5.93 2.69 1.00 0.00
0.90 5.93 2.86 1.00 0.00
0.90 5.93 3.03 1.00 0.00
0.90 5.93 3.21 1.00 0.00
0.90 5.93 3.38 1.00 0.00
1.10 5.93 0.49 1.00 0.00
1.10 5.93 0.67 1.00 0.00
1.10 5.93 0.84 1.00 0.00
1.10 5.93 1.02 1.00 0.00
1.10 5.93 1.19 1.00 0.00
1.10 5.93 1.37 1.00 0.00
1.10 5.93 1.54 1.00 0.00
1.10 5.93 1.72 1.00 0.00
1.10 5.93 1.89 1.00 0.00
1.10 5.93 2.06 1.00 0.00
1.10 5.93 2.24 1.00 0.00
1.10 5.93 2.41 1.00 0.00
1.10 5.93 2.59 1.00 0.00
1.10 5.93 2.76 1.00 0.00
1.10 5.93 2.94 1.00 0.00
1.10 5.93 3.11 1.00 0.00
1.10 5.93 3.29 1.00 0.00
1.10 5.93 3.46 1.00 0.00
0.30 6.11 0.19 1.00 0.00
0.30 6.11 0.36 1.00 0.00
0.30 6.11 0.54 1.00 0.00
0.30 6.11 0.71 1.00 0.00
0.30 6.11 0.89 1.00 0.00
0.30 6.11 1.06 1.00 0.00
0.30 6.11 1.23 1.00 0.00
0.30 6.11 1.41 1.00 0.00
0.30 6.11 1.58 1.00 0.00
0.30 6.11 1.76 1.00 0.00
0.30 6.11 1.93 1.00 0.00
0.30 6.11 2.11 1.00 0.00
0.30 6.11 2.28 1.00 0.00
0.30 6.11 2.46 1.00 0.00
0.30 6.11 2.63 1.00 0.00
0.30 6.11 2.81 1.00 0.00
0.30 6.11 2.98 1.00 0.00
0.30 6.11 3.15 1.00 0.00
0.50 6.11 0.26 1.00 0.00
0.50 6.11 0.44 1.00 0.00
0.50 6.11 0.61 1.00 0.00
0.50 6.11 0.79 1.00 0.00
0.50 6.11 0.96 1.00 0.00
0.50 6.11 1.13 1.00 0.00
0.50 6.11 1.31 1.00 0.00
0.50 6.11 1.48 1.00 0.00
0.50 6.11 1.66 1.00 0.00
0.50 6.11 1.83 1.00 0.00
0.50 6.11 2.01 1.00 0.00
0.50 6.11 2.18 1.00 0.00
0.50 6.11 2.36 1.00 0.00
0.50 6.11 2.53 1.00 0.00
0.50 6.11 2.71 1.00 0.00
0.50 6.11 2.88 1.00 0.00
0.50 6.11 3.05 1.00 0.00
0.50 6.11 3.23 1.00 0.00
0.70 6.11 0.34 1.00 0.00
0.70 6.11 0.51 1.00 0.00
0.70 6.11 0.68 1.00 0.00
0.70 6.11 0.86 1.00 0.00
0.70 6.11 1.03 1.00 0.00
0.70 6.11 1.21 1.00 0.00
0.70 6.11 1.38 1.00 0.00
0.70 6.11 1.56 1.00 0.00
0.70 6.11 1.73 1.00 0.00
0.70 6.11 1.91 1.00 0.00
0.70 6.11 2.08 1.00 0.00
0.70 6.11 2.26 1.00 0.00
0.70 6.11 2.43 1.00 0.00
0.70 6.11 2.60 1.00 0.00
0.70 6.11 2.78 1.00 0.00
0.70 6.11 2.95 1.00 0.00
0.70 6.11 3.13 1.00 0.00
0.70 6.11 3.30 1.00 0.00
0.90 6.11 0.41 1.00 0.00
0.90 6.11 0.58 1.00 0.00
0.90 6.11 0.76 1.00 0.00
0.90 6.11 0.93 1.00 0.00
0.90 6.11 1.11 1.00 0.00
0.90 6.11 1.28 1.00 0.00
0.90 6.11 1.46 1.00 0.00
0.90 6.11 1.63 1.00 0.00
0.90 6.11 1.80 1.00 0.00
0.90 6.11 1.98 1.00 0.00
0.90 6.11 2.15 1.00 0.00
0.90 6.11 2.33 1.00 0.00
0.90 6.11 2.50 1.00 0.00
0.90 6.11 2.68 1.00 0.00
0.90 6.11 2.85 1.00 0.00
0.90 6.11 3.03 1.00 0.00
0.90 6.11 3.20 1.00 0.00
0.90 6.11 3.37 1.00 0.00
1.10 6.11 0.48 1.00 0.00
1.10 6.11 0.65 1.00 0.00
1.10 6.11 0.83 1.00 0.00
1.10 6.11 1.00 1.00 0.00
1.10 6.11 1.18 1.00 0.00
1.10 6.11 1.35 1.00 0.00
1.10 6.11 1.52 1.00 0.00
1.10 6.11 1.70 1.00 0.00
1.10 6.11 1.87 1.00 0.00
1.10 6.11 2.05 1.00 0.00
1.10 6.11 2.22 1.00 0.00
1.10 6.11 2.40 1.00 0.00
1.10 6.11 2.57 1.00 0.00
1.10 6.11 2.75 1.00 0.00
1.10 6.11 2.92 1.00 0.00
1.10 6.11 3.10 1.00 0.00
1.10 6.11 3.27 1.00 0.00
1.10 6.11 3.44 1.00 0.00
