0.30 0.00 0.01 1.00 0.00
0.30 0.00 0.19 1.00 0.00
0.30 0.00 0.36 1.00 0.00
0.30 0.00 0.54 1.00 0.00
0.30 0.00 0.71 1.00 0.00
0.30 0.00 0.89 1.00 0.00
0.30 0.00 1.06 1.00 0.00
0.30 0.00 1.23 1.00 0.00
0.30 0.00 1.41 1.00 0.00
0.30 0.00 1.58 1.00 0.00
0.30 0.00 1.76 1.00 0.00
0.30 0.00 1.93 1.00 0.00
0.30 0.00 2.11 1.00 0.00
0.30 0.00 2.28 1.00 0.00
0.30 0.00 2.46 1.00 0.00
0.30 0.00 2.63 1.00 0.00
0.30 0.00 2.81 1.00 0.00
0.30 0.00 2.98 1.00 0.00
0.50 0.00 0.09 1.00 0.00
0.50 0.00 0.26 1.00 0.00
0.50 0.00 0.44 1.00 0.00
0.50 0.00 0.61 1.00 0.00
0.50 0.00 0.79 1.00 0.00
0.50 0.00 0.96 1.00 0.00
0.50 0.00 1.13 1.00 0.00
0.50 0.00 1.31 1.00 0.00
0.50 0.00 1.48 1.00 0.00
0.50 0.00 1.66 1.00 0.00
0.50 0.00 1.83 1.00 0.00
0.50 0.00 2.01 1.00 0.00
0.50 0.00 2.18 1.00 0.00
0.50 0.00 2.36 1.00 0.00
0.50 0.00 2.53 1.00 0.00
0.50 0.00 2.71 1.00 0.00
0.50 0.00 2.88 1.00 0.00
0.50 0.00 3.05 1.00 0.00
0.70 0.00 0.16 1.00 0.00
0.70 0.00 0.34 1.00 0.00
0.70 0.00 0.51 1.00 0.00
0.70 0.00 0.68 1.00 0.00
0.70 0.00 0.86 1.00 0.00
0.70 0.00 1.03 1.00 0.00
0.70 0.00 1.21 1.00 0.00
0.70 0.00 1.38 1.00 0.00
0.70 0.00 1.56 1.00 0.00
0.70 0.00 1.73 1.00 0.00
0.70 0.00 1.91 1.00 0.00
0.70 0.00 2.08 1.00 0.00
0.70 0.00 2.26 1.00 0.00
0.70 0.00 2.43 1.00 0.00
0.70 0.00 2.60 1.00 0.00
0.70 0.00 2.78 1.00 0.00
0.70 0.00 2.95 1.00 0.00
0.70 0.00 3.13 1.00 0.00
0.90 0.00 0.23 1.00 0.00
0.90 0.00 0.41 1.00 0.00
0.90 0.00 0.58 1.00 0.00
0.90 0.00 0.76 1.00 0.00
0.90 0.00 0.93 1.00 0.00
0.90 0.00 1.11 1.00 0.00
0.90 0.00 1.28 1.00 0.00
0.90 0.00 1.46 1.00 0.00
0.90 0.00 1.63 1.00 0.00
0.90 0.00 1.80 1.00 0.00
0.90 0.00 1.98 1.00 0.00
0.90 0.00 2.15 1.00 0.00
0.90 0.00 2.33 1.00 0.00
0.90 0.00 2.50 1.00 0.00
0.90 0.00 2.68 1.00 0.00
0.90 0.00 2.85 1.00 0.00
0.90 0.00 3.03 1.00 0.00
0.90 0.00 3.20 1.00 0.00
1.10 0.00 0.30 1.00 0.00
1.10 0.00 0.48 1.00 0.00
1.10 0.00 0.65 1.00 0.00
1.10 0.00 0.83 1.00 0.00
1.10 0.00 1.00 1.00 0.00
1.10 0.00 1.18 1.00 0.00
1.10 0.00 1.35 1.00 0.00
1.10 0.00 1.52 1.00 0.00
1.10 0.00 1.70 1.00 0.00
1.10 0.00 1.87 1.00 0.00
1.10 0.00 2.05 1.00 0.00
1.10 0.00 2.22 1.00 0.00
1.10 0.00 2.40 1.00 0.00
1.10 0.00 2.57 1.00 0.00
1.10 0.00 2.75 1.00 0.00
1.10 0.00 2.92 1.00 0.00
1.10 0.00 3.10 1.00 0.00
1.10 0.00 3.27 1.00 0.00
0.30 0.17 0.01 1.00 0.00
0.30 0.17 0.19 1.00 0.00
0.30 0.17 0.36 1.00 0.00
0.30 0.17 0.53 1.00 0.00
0.30 0.17 0.71 1.00 0.00
0.30 0.17 0.88 1.00 0.00
0.30 0.17 1.06 1.00 0.00
0.30 0.17 1.23 1.00 0.00
0.30 0.17 1.41 1.00 0.00
0.30 0.17 1.58 1.00 0.00
0.30 0.17 1.76 1.00 0.00
0.30 0.17 1.93 1.00 0.00
0.30 0.17 2.11 1.00 0.00
0.30 0.17 2.28 1.00 0.00
0.30 0.17 2.45 1.00 0.00
0.30 0.17 2.63 1.00 0.00
0.30 0.17 2.80 1.00 0.00
0.30 0.17 2.98 1.00 0.00
0.50 0.17 0.08 1.00 0.00
0.50 0.17 0.26 1.00 0.00
0.50 0.17 0.43 1.00 0.00
0.50 0.17 0.61 1.00 0.00
0.50 0.17 0.78 1.00 0.00
0.50 0.17 0.95 1.00 0.00
0.50 0.17 1.13 1.00 0.00
0.50 0.17 1.30 1.00 0.00
0.50 0.17 1.48 1.00 0.00
0.50 0.17 1.65 1.00 0.00
0.50 0.17 1.83 1.00 0.00
0.50 0.17 2.00 1.00 0.00
0.50 0.17 2.18 1.00 0.00
0.50 0.17 2.35 1.00 0.00
0.50 0.17 2.53 1.00 0.00
0.50 0.17 2.70 1.00 0.00
0.50 0.17 2.87 1.00 0.00
0.50 0.17 3.05 1.00 0.00
0.70 0.17 0.15 1.00 0.00
0.70 0.17 0.33 1.00 0.00
0.70 0.17 0.50 1.00 0.00
0.70 0.17 0.67 1.00 0.00
0.70 0.17 0.85 1.00 0.00
0.70 0.17 1.02 1.00 0.00
0.70 0.17 1.20 1.00 0.00
0.70 0.17 1.37 1.00 0.00
0.70 0.17 1.55 1.00 0.00
0.70 0.17 1.72 1.00 0.00
0.70 0.17 1.90 1.00 0.00
0.70 0.17 2.07 1.00 0.00
0.70 0.17 2.25 1.00 0.00
0.70 0.17 2.42 1.00 0.00
0.70 0.17 2.59 1.00 0.00
0.70 0.17 2.77 1.00 0.00
0.70 0.17 2.94 1.00 0.00
0.70 0.17 3.12 1.00 0.00
0.90 0.17 0.22 1.00 0.00
0.90 0.17 0.39 1.00 0.00
0.90 0.17 0.57 1.00 0.00
0.90 0.17 0.74 1.00 0.00
0.90 0.17 0.91 1.00 0.00
0.90 0.17 1.09 1.00 0.00
0.90 0.17 1.26 1.00 0.00
0.90 0.17 1.44 1.00 0.00
0.90 0.17 1.61 1.00 0.00
0.90 0.17 1.79 1.00 0.00
0.90 0.17 1.96 1.00 0.00
0.90 0.17 2.14 1.00 0.00
0.90 0.17 2.31 1.00 0.00
0.90 0.17 2.49 1.00 0.00
0.90 0.17 2.66 1.00 0.00
0.90 0.17 2.83 1.00 0.00
0.90 0.17 3.01 1.00 0.00
0.90 0.17 3.18 1.00 0.00
1.10 0.17 0.28 1.00 0.00
1.10 0.17 0.45 1.00 0.00
1.10 0.17 0.63 1.00 0.00
1.10 0.17 0.80 1.00 0.00
1.10 0.17 0.98 1.00 0.00
1.10 0.17 1.15 1.00 0.00
1.10 0.17 1.33 1.00 0.00
1.10 0.17 1.50 1.00 0.00
1.10 0.17 1.67 1.00 0.00
1.10 0.17 1.85 1.00 0.00
1.10 0.17 2.02 1.00 0.00
1.10 0.17 2.20 1.00 0.00
1.10 0.17 2.37 1.00 0.00
1.10 0.17 2.55 1.00 0.00
1.10 0.17 2.72 1.00 0.00
1.10 0.17 2.90 1.00 0.00
1.10 0.17 3.07 1.00 0.00
1.10 0.17 3.25 1.00 0.00
0.30 0.35 0.01 1.00 0.00
0.30 0.35 0.18 1.00 0.00
0.30 0.35 0.35 1.00 0.00
0.30 0.35 0.53 1.00 0.00
0.30 0.35 0.70 1.00 0.00
0.30 0.35 0.88 1.00 0.00
0.30 0.35 1.05 1.00 0.00
0.30 0.35 1.23 1.00 0.00
0.30 0.35 1.40 1.00 0.00
0.30 0.35 1.58 1.00 0.00
0.30 0.35 1.75 1.00 0.00
0.30 0.35 1.93 1.00 0.00
0.30 0.35 2.10 1.00 0.00
0.30 0.35 2.27 1.00 0.00
0.30 0.35 2.45 1.00 0.00
0.30 0.35 2.62 1.00 0.00
0.30 0.35 2.80 1.00 0.00
0.30 0.35 2.97 1.00 0.00
0.50 0.35 0.07 1.00 0.00
0.50 0.35 0.25 1.00 0.00
0.50 0.35 0.42 1.00 0.00
0.50 0.35 0.60 1.00 0.00
0.50 0.35 0.77 1.00 0.00
0.50 0.35 0.94 1.00 0.00
0.50 0.35 1.12 1.00 0.00
0.50 0.35 1.29 1.00 0.00
0.50 0.35 1.47 1.00 0.00
0.50 0.35 1.64 1.00 0.00
0.50 0.35 1.82 1.00 0.00
0.50 0.35 1.99 1.00 0.00
0.50 0.35 2.17 1.00 0.00
0.50 0.35 2.34 1.00 0.00
0.50 0.35 2.52 1.00 0.00
0.50 0.35 2.69 1.00 0.00
0.50 0.35 2.86 1.00 0.00
0.50 0.35 3.04 1.00 0.00
0.70 0.35 0.13 1.00 0.00
0.70 0.35 0.31 1.00 0.00
0.70 0.35 0.48 1.00 0.00
0.70 0.35 0.66 1.00 0.00
0.70 0.35 0.83 1.00 0.00
0.70 0.35 1.01 1.00 0.00
0.70 0.35 1.18 1.00 0.00
0.70 0.35 1.36 1.00 0.00
0.70 0.35 1.53 1.00 0.00
0.70 0.35 1.70 1.00 0.00
0.70 0.35 1.88 1.00 0.00
0.70 0.35 2.05 1.00 0.00
0.70 0.35 2.23 1.00 0.00
0.70 0.35 2.40 1.00 0.00
0.70 0.35 2.58 1.00 0.00
0.70 0.35 2.75 1.00 0.00
0.70 0.35 2.93 1.00 0.00
0.70 0.35 3.10 1.00 0.00
0.90 0.35 0.19 1.00 0.00
0.90 0.35 0.37 1.00 0.00
0.90 0.35 0.54 1.00 0.00
0.90 0.35 0.72 1.00 0.00
0.90 0.35 0.89 1.00 0.00
0.90 0.35 1.07 1.00 0.00
0.90 0.35 1.24 1.00 0.00
0.90 0.35 1.41 1.00 0.00
0.90 0.35 1.59 1.00 0.00
0.90 0.35 1.76 1.00 0.00
0.90 0.35 1.94 1.00 0.00
0.90 0.35 2.11 1.00 0.00
0.90 0.35 2.29 1.00 0.00
0.90 0.35 2.46 1.00 0.00
0.90 0.35 2.64 1.00 0.00
0.90 0.35 2.81 1.00 0.00
0.90 0.35 2.98 1.00 0.00
0.90 0.35 3.16 1.00 0.00
1.10 0.35 0.25 1.00 0.00
1.10 0.35 0.42 1.00 0.00
1.10 0.35 0.60 1.00 0.00
1.10 0.35 0.77 1.00 0.00
1.10 0.35 0.95 1.00 0.00
1.10 0.35 1.12 1.00 0.00
1.10 0.35 1.29 1.00 0.00
1.10 0.35 1.47 1.00 0.00
1.10 0.35 1.64 1.00 0.00
1.10 0.35 1.82 1.00 0.00
1.10 0.35 1.99 1.00 0.00
1.10 0.35 2.17 1.00 0.00
1.10 0.35 2.34 1.00 0.00
1.10 0.35 2.52 1.00 0.00
1.10 0.35 2.69 1.00 0.00
1.10 0.35 2.87 1.00 0.00
1.10 0.35 3.04 1.00 0.00
1.10 0.35 3.21 1.00 0.00
0.30 0.52 6.28 1.00 0.00
0.30 0.52 6.46 1.00 0.00
0.30 0.52 6.63 1.00 0.00
0.30 0.52 6.80 1.00 0.00
0.30 0.52 6.98 1.00 0.00
0.30 0.52 7.15 1.00 0.00
0.30 0.52 7.33 1.00 0.00
0.30 0.52 7.50 1.00 0.00
0.30 0.52 7.68 1.00 0.00
0.30 0.52 7.85 1.00 0.00
0.30 0.52 8.03 1.00 0.00
0.30 0.52 8.20 1.00 0.00
0.30 0.52 8.38 1.00 0.00
0.30 0.52 8.55 1.00 0.00
0.30 0.52 8.72 1.00 0.00
0.30 0.52 8.90 1.00 0.00
0.30 0.52 9.07 1.00 0.00
0.30 0.52 9.25 1.00 0.00
0.50 0.52 0.06 1.00 0.00
0.50 0.52 0.23 1.00 0.00
0.50 0.52 0.41 1.00 0.00
0.50 0.52 0.58 1.00 0.00
0.50 0.52 0.76 1.00 0.00
0.50 0.52 0.93 1.00 0.00
0.50 0.52 1.10 1.00 0.00
0.50 0.52 1.28 1.00 0.00
0.50 0.52 1.45 1.00 0.00
0.50 0.52 1.63 1.00 0.00
0.50 0.52 1.80 1.00 0.00
0.50 0.52 1.98 1.00 0.00
0.50 0.52 2.15 1.00 0.00
0.50 0.52 2.33 1.00 0.00
0.50 0.52 2.50 1.00 0.00
0.50 0.52 2.68 1.00 0.00
0.50 0.52 2.85 1.00 0.00
0.50 0.52 3.02 1.00 0.00
0.70 0.52 0.11 1.00 0.00
0.70 0.52 0.29 1.00 0.00
0.70 0.52 0.46 1.00 0.00
0.70 0.52 0.64 1.00 0.00
0.70 0.52 0.81 1.00 0.00
0.70 0.52 0.98 1.00 0.00
0.70 0.52 1.16 1.00 0.00
0.70 0.52 1.33 1.00 0.00
0.70 0.52 1.51 1.00 0.00
0.70 0.52 1.68 1.00 0.00
0.70 0.52 1.86 1.00 0.00
0.70 0.52 2.03 1.00 0.00
0.70 0.52 2.21 1.00 0.00
0.70 0.52 2.38 1.00 0.00
0.70 0.52 2.56 1.00 0.00
0.70 0.52 2.73 1.00 0.00
0.70 0.52 2.90 1.00 0.00
0.70 0.52 3.08 1.00 0.00
0.90 0.52 0.16 1.00 0.00
0.90 0.52 0.34 1.00 0.00
0.90 0.52 0.51 1.00 0.00
0.90 0.52 0.69 1.00 0.00
0.90 0.52 0.86 1.00 0.00
0.90 0.52 1.04 1.00 0.00
0.90 0.52 1.21 1.00 0.00
0.90 0.52 1.38 1.00 0.00
0.90 0.52 1.56 1.00 0.00
0.90 0.52 1.73 1.00 0.00
0.90 0.52 1.91 1.00 0.00
0.90 0.52 2.08 1.00 0.00
0.90 0.52 2.26 1.00 0.00
0.90 0.52 2.43 1.00 0.00
0.90 0.52 2.61 1.00 0.00
0.90 0.52 2.78 1.00 0.00
0.90 0.52 2.96 1.00 0.00
0.90 0.52 3.13 1.00 0.00
1.10 0.52 0.21 1.00 0.00
1.10 0.52 0.38 1.00 0.00
1.10 0.52 0.56 1.00 0.00
1.10 0.52 0.73 1.00 0.00
1.10 0.52 0.91 1.00 0.00
1.10 0.52 1.08 1.00 0.00
1.10 0.52 1.26 1.00 0.00
1.10 0.52 1.43 1.00 0.00
1.10 0.52 1.61 1.00 0.00
1.10 0.52 1.78 1.00 0.00
1.10 0.52 1.96 1.00 0.00
1.10 0.52 2.13 1.00 0.00
1.10 0.52 2.30 1.00 0.00
1.10 0.52 2.48 1.00 0.00
1.10 0.52 2.65 1.00 0.00
1.10 0.52 2.83 1.00 0.00
1.10 0.52 3.00 1.00 0.00
1.10 0.52 3.18 1.00 0.00
0.30 0.70 6.27 1.00 0.00
0.30 0.70 6.45 1.00 0.00
0.30 0.70 6.62 1.00 0.00
0.30 0.70 6.79 1.00 0.00
0.30 0.70 6.97 1.00 0.00
0.30 0.70 7.14 1.00 0.00
0.30 0.70 7.32 1.00 0.00
0.30 0.70 7.49 1.00 0.00
0.30 0.70 7.67 1.00 0.00
0.30 0.70 7.84 1.00 0.00
0.30 0.70 8.02 1.00 0.00
0.30 0.70 8.19 1.00 0.00
0.30 0.70 8.37 1.00 0.00
0.30 0.70 8.54 1.00 0.00
0.30 0.70 8.71 1.00 0.00
0.30 0.70 8.89 1.00 0.00
0.30 0.70 9.06 1.00 0.00
0.30 0.70 9.24 1.00 0.00
0.50 0.70 0.04 1.00 0.00
0.50 0.70 0.21 1.00 0.00
0.50 0.70 0.39 1.00 0.00
0.50 0.70 0.56 1.00 0.00
0.50 0.70 0.74 1.00 0.00
0.50 0.70 0.91 1.00 0.00
0.50 0.70 1.09 1.00 0.00
0.50 0.70 1.26 1.00 0.00
0.50 0.70 1.44 1.00 0.00
0.50 0.70 1.61 1.00 0.00
0.50 0.70 1.78 1.00 0.00
0.50 0.70 1.96 1.00 0.00
0.50 0.70 2.13 1.00 0.00
0.50 0.70 2.31 1.00 0.00
0.50 0.70 2.48 1.00 0.00
0.50 0.70 2.66 1.00 0.00
0.50 0.70 2.83 1.00 0.00
0.50 0.70 3.01 1.00 0.00
0.70 0.70 0.09 1.00 0.00
0.70 0.70 0.26 1.00 0.00
0.70 0.70 0.44 1.00 0.00
0.70 0.70 0.61 1.00 0.00
0.70 0.70 0.78 1.00 0.00
0.70 0.70 0.96 1.00 0.00
0.70 0.70 1.13 1.00 0.00
0.70 0.70 1.31 1.00 0.00
0.70 0.70 1.48 1.00 0.00
0.70 0.70 1.66 1.00 0.00
0.70 0.70 1.83 1.00 0.00
0.70 0.70 2.01 1.00 0.00
0.70 0.70 2.18 1.00 0.00
0.70 0.70 2.36 1.00 0.00
0.70 0.70 2.53 1.00 0.00
0.70 0.70 2.70 1.00 0.00
0.70 0.70 2.88 1.00 0.00
0.70 0.70 3.05 1.00 0.00
0.90 0.70 0.13 1.00 0.00
0.90 0.70 0.30 1.00 0.00
0.90 0.70 0.48 1.00 0.00
0.90 0.70 0.65 1.00 0.00
0.90 0.70 0.83 1.00 0.00
0.90 0.70 1.00 1.00 0.00
0.90 0.70 1.18 1.00 0.00
0.90 0.70 1.35 1.00 0.00
0.90 0.70 1.53 1.00 0.00
0.90 0.70 1.70 1.00 0.00
0.90 0.70 1.88 1.00 0.00
0.90 0.70 2.05 1.00 0.00
0.90 0.70 2.22 1.00 0.00
0.90 0.70 2.40 1.00 0.00
0.90 0.70 2.57 1.00 0.00
0.90 0.70 2.75 1.00 0.00
0.90 0.70 2.92 1.00 0.00
0.90 0.70 3.10 1.00 0.00
1.10 0.70 0.17 1.00 0.00
1.10 0.70 0.34 1.00 0.00
1.10 0.70 0.52 1.00 0.00
1.10 0.70 0.69 1.00 0.00
1.10 0.70 0.87 1.00 0.00
1.10 0.70 1.04 1.00 0.00
1.10 0.70 1.22 1.00 0.00
1.10 0.70 1.39 1.00 0.00
1.10 0.70 1.57 1.00 0.00
1.10 0.70 1.74 1.00 0.00
1.10 0.70 1.91 1.00 0.00
1.10 0.70 2.09 1.00 0.00
1.10 0.70 2.26 1.00 0.00
1.10 0.70 2.44 1.00 0.00
1.10 0.70 2.61 1.00 0.00
1.10 0.70 2.79 1.00 0.00
1.10 0.70 2.96 1.00 0.00
1.10 0.70 3.14 1.00 0.00
0.30 0.87 6.26 1.00 0.00
0.30 0.87 6.43 1.00 0.00
0.30 0.87 6.61 1.00 0.00
0.30 0.87 6.78 1.00 0.00
0.30 0.87 6.96 1.00 0.00
0.30 0.87 7.13 1.00 0.00
0.30 0.87 7.31 1.00 0.00
0.30 0.87 7.48 1.00 0.00
0.30 0.87 7.65 1.00 0.00
0.30 0.87 7.83 1.00 0.00
0.30 0.87 8.00 1.00 0.00
0.30 0.87 8.18 1.00 0.00
0.30 0.87 8.35 1.00 0.00
0.30 0.87 8.53 1.00 0.00
0.30 0.87 8.70 1.00 0.00
0.30 0.87 8.88 1.00 0.00
0.30 0.87 9.05 1.00 0.00
0.30 0.87 9.23 1.00 0.00
0.50 0.87 0.02 1.00 0.00
0.50 0.87 0.19 1.00 0.00
0.50 0.87 0.37 1.00 0.00
0.50 0.87 0.54 1.00 0.00
0.50 0.87 0.72 1.00 0.00
0.50 0.87 0.89 1.00 0.00
0.50 0.87 1.07 1.00 0.00
0.50 0.87 1.24 1.00 0.00
0.50 0.87 1.41 1.00 0.00
0.50 0.87 1.59 1.00 0.00
0.50 0.87 1.76 1.00 0.00
0.50 0.87 1.94 1.00 0.00
0.50 0.87 2.11 1.00 0.00
0.50 0.87 2.29 1.00 0.00
0.50 0.87 2.46 1.00 0.00
0.50 0.87 2.64 1.00 0.00
0.50 0.87 2.81 1.00 0.00
0.50 0.87 2.99 1.00 0.00
0.70 0.87 0.06 1.00 0.00
0.70 0.87 0.23 1.00 0.00
0.70 0.87 0.41 1.00 0.00
0.70 0.87 0.58 1.00 0.00
0.70 0.87 0.76 1.00 0.00
0.70 0.87 0.93 1.00 0.00
0.70 0.87 1.10 1.00 0.00
0.70 0.87 1.28 1.00 0.00
0.70 0.87 1.45 1.00 0.00
0.70 0.87 1.63 1.00 0.00
0.70 0.87 1.80 1.00 0.00
0.70 0.87 1.98 1.00 0.00
0.70 0.87 2.15 1.00 0.00
0.70 0.87 2.33 1.00 0.00
0.70 0.87 2.50 1.00 0.00
0.70 0.87 2.68 1.00 0.00
0.70 0.87 2.85 1.00 0.00
0.70 0.87 3.02 1.00 0.00
0.90 0.87 0.09 1.00 0.00
0.90 0.87 0.27 1.00 0.00
0.90 0.87 0.44 1.00 0.00
0.90 0.87 0.62 1.00 0.00
0.90 0.87 0.79 1.00 0.00
0.90 0.87 0.97 1.00 0.00
0.90 0.87 1.14 1.00 0.00
0.90 0.87 1.31 1.00 0.00
0.90 0.87 1.49 1.00 0.00
0.90 0.87 1.66 1.00 0.00
0.90 0.87 1.84 1.00 0.00
0.90 0.87 2.01 1.00 0.00
0.90 0.87 2.19 1.00 0.00
0.90 0.87 2.36 1.00 0.00
0.90 0.87 2.54 1.00 0.00
0.90 0.87 2.71 1.00 0.00
0.90 0.87 2.89 1.00 0.00
0.90 0.87 3.06 1.00 0.00
1.10 0.87 0.13 1.00 0.00
1.10 0.87 0.30 1.00 0.00
1.10 0.87 0.47 1.00 0.00
1.10 0.87 0.65 1.00 0.00
1.10 0.87 0.82 1.00 0.00
1.10 0.87 1.00 1.00 0.00
1.10 0.87 1.17 1.00 0.00
1.10 0.87 1.35 1.00 0.00
1.10 0.87 1.52 1.00 0.00
1.10 0.87 1.70 1.00 0.00
1.10 0.87 1.87 1.00 0.00
1.10 0.87 2.04 1.00 0.00
1.10 0.87 2.22 1.00 0.00
1.10 0.87 2.39 1.00 0.00
1.10 0.87 2.57 1.00 0.00
1.10 0.87 2.74 1.00 0.00
1.10 0.87 2.92 1.00 0.00
1.10 0.87 3.09 1.00 0.00
0.30 1.05 6.24 1.00 0.00
0.30 1.05 6.42 1.00 0.00
0.30 1.05 6.59 1.00 0.00
0.30 1.05 6.77 1.00 0.00
0.30 1.05 6.94 1.00 0.00
0.30 1.05 7.12 1.00 0.00
0.30 1.05 7.29 1.00 0.00
0.30 1.05 7.47 1.00 0.00
0.30 1.05 7.64 1.00 0.00
0.30 1.05 7.81 1.00 0.00
0.30 1.05 7.99 1.00 0.00
0.30 1.05 8.16 1.00 0.00
0.30 1.05 8.34 1.00 0.00
0.30 1.05 8.51 1.00 0.00
0.30 1.05 8.69 1.00 0.00
0.30 1.05 8.86 1.00 0.00
0.30 1.05 9.04 1.00 0.00
0.30 1.05 9.21 1.00 0.00
0.50 1.05 6.28 1.00 0.00
0.50 1.05 6.45 1.00 0.00
0.50 1.05 6.63 1.00 0.00
0.50 1.05 6.80 1.00 0.00
0.50 1.05 6.98 1.00 0.00
0.50 1.05 7.15 1.00 0.00
0.50 1.05 7.33 1.00 0.00
0.50 1.05 7.50 1.00 0.00
0.50 1.05 7.67 1.00 0.00
0.50 1.05 7.85 1.00 0.00
0.50 1.05 8.02 1.00 0.00
0.50 1.05 8.20 1.00 0.00
0.50 1.05 8.37 1.00 0.00
0.50 1.05 8.55 1.00 0.00
0.50 1.05 8.72 1.00 0.00
0.50 1.05 8.90 1.00 0.00
0.50 1.05 9.07 1.00 0.00
0.50 1.05 9.25 1.00 0.00
0.70 1.05 0.03 1.00 0.00
0.70 1.05 0.20 1.00 0.00
0.70 1.05 0.37 1.00 0.00
0.70 1.05 0.55 1.00 0.00
0.70 1.05 0.72 1.00 0.00
0.70 1.05 0.90 1.00 0.00
0.70 1.05 1.07 1.00 0.00
0.70 1.05 1.25 1.00 0.00
0.70 1.05 1.42 1.00 0.00
0.70 1.05 1.60 1.00 0.00
0.70 1.05 1.77 1.00 0.00
0.70 1.05 1.95 1.00 0.00
0.70 1.05 2.12 1.00 0.00
0.70 1.05 2.29 1.00 0.00
0.70 1.05 2.47 1.00 0.00
0.70 1.05 2.64 1.00 0.00
0.70 1.05 2.82 1.00 0.00
0.70 1.05 2.99 1.00 0.00
0.90 1.05 0.05 1.00 0.00
0.90 1.05 0.23 1.00 0.00
0.90 1.05 0.40 1.00 0.00
0.90 1.05 0.58 1.00 0.00
0.90 1.05 0.75 1.00 0.00
0.90 1.05 0.93 1.00 0.00
0.90 1.05 1.10 1.00 0.00
0.90 1.05 1.28 1.00 0.00
0.90 1.05 1.45 1.00 0.00
0.90 1.05 1.62 1.00 0.00
0.90 1.05 1.80 1.00 0.00
0.90 1.05 1.97 1.00 0.00
0.90 1.05 2.15 1.00 0.00
0.90 1.05 2.32 1.00 0.00
0.90 1.05 2.50 1.00 0.00
0.90 1.05 2.67 1.00 0.00
0.90 1.05 2.85 1.00 0.00
0.90 1.05 3.02 1.00 0.00
1.10 1.05 0.08 1.00 0.00
1.10 1.05 0.25 1.00 0.00
1.10 1.05 0.43 1.00 0.00
1.10 1.05 0.60 1.00 0.00
1.10 1.05 0.78 1.00 0.00
1.10 1.05 0.95 1.00 0.00
1.10 1.05 1.13 1.00 0.00
1.10 1.05 1.30 1.00 0.00
1.10 1.05 1.47 1.00 0.00
1.10 1.05 1.65 1.00 0.00
1.10 1.05 1.82 1.00 0.00
1.10 1.05 2.00 1.00 0.00
1.10 1.05 2.17 1.00 0.00
1.10 1.05 2.35 1.00 0.00
1.10 1.05 2.52 1.00 0.00
1.10 1.05 2.70 1.00 0.00
1.10 1.05 2.87 1.00 0.00
1.10 1.05 3.05 1.00 0.00
0.30 1.22 6.23 1.00 0.00
0.30 1.22 6.40 1.00 0.00
0.30 1.22 6.58 1.00 0.00
0.30 1.22 6.75 1.00 0.00
0.30 1.22 6.93 1.00 0.00
0.30 1.22 7.10 1.00 0.00
0.30 1.22 7.28 1.00 0.00
0.30 1.22 7.45 1.00 0.00
0.30 1.22 7.62 1.00 0.00
0.30 1.22 7.80 1.00 0.00
0.30 1.22 7.97 1.00 0.00
0.30 1.22 8.15 1.00 0.00
0.30 1.22 8.32 1.00 0.00
0.30 1.22 8.50 1.00 0.00
0.30 1.22 8.67 1.00 0.00
0.30 1.22 8.85 1.00 0.00
0.30 1.22 9.02 1.00 0.00
0.30 1.22 9.19 1.00 0.00
0.50 1.22 6.25 1.00 0.00
0.50 1.22 6.43 1.00 0.00
0.50 1.22 6.60 1.00 0.00
0.50 1.22 6.78 1.00 0.00
0.50 1.22 6.95 1.00 0.00
0.50 1.22 7.13 1.00 0.00
0.50 1.22 7.30 1.00 0.00
0.50 1.22 7.47 1.00 0.00
0.50 1.22 7.65 1.00 0.00
0.50 1.22 7.82 1.00 0.00
0.50 1.22 8.00 1.00 0.00
0.50 1.22 8.17 1.00 0.00
0.50 1.22 8.35 1.00 0.00
0.50 1.22 8.52 1.00 0.00
0.50 1.22 8.70 1.00 0.00
0.50 1.22 8.87 1.00 0.00
0.50 1.22 9.05 1.00 0.00
0.50 1.22 9.22 1.00 0.00
0.70 1.22 6.28 1.00 0.00
0.70 1.22 6.45 1.00 0.00
0.70 1.22 6.62 1.00 0.00
0.70 1.22 6.80 1.00 0.00
0.70 1.22 6.97 1.00 0.00
0.70 1.22 7.15 1.00 0.00
0.70 1.22 7.32 1.00 0.00
0.70 1.22 7.50 1.00 0.00
0.70 1.22 7.67 1.00 0.00
0.70 1.22 7.85 1.00 0.00
0.70 1.22 8.02 1.00 0.00
0.70 1.22 8.20 1.00 0.00
0.70 1.22 8.37 1.00 0.00
0.70 1.22 8.54 1.00 0.00
0.70 1.22 8.72 1.00 0.00
0.70 1.22 8.89 1.00 0.00
0.70 1.22 9.07 1.00 0.00
0.70 1.22 9.24 1.00 0.00
0.90 1.22 0.01 1.00 0.00
0.90 1.22 0.19 1.00 0.00
0.90 1.22 0.36 1.00 0.00
0.90 1.22 0.54 1.00 0.00
0.90 1.22 0.71 1.00 0.00
0.90 1.22 0.88 1.00 0.00
0.90 1.22 1.06 1.00 0.00
0.90 1.22 1.23 1.00 0.00
0.90 1.22 1.41 1.00 0.00
0.90 1.22 1.58 1.00 0.00
0.90 1.22 1.76 1.00 0.00
0.90 1.22 1.93 1.00 0.00
0.90 1.22 2.11 1.00 0.00
0.90 1.22 2.28 1.00 0.00
0.90 1.22 2.46 1.00 0.00
0.90 1.22 2.63 1.00 0.00
0.90 1.22 2.80 1.00 0.00
0.90 1.22 2.98 1.00 0.00
1.10 1.22 0.03 1.00 0.00
1.10 1.22 0.20 1.00 0.00
1.10 1.22 0.38 1.00 0.00
1.10 1.22 0.55 1.00 0.00
1.10 1.22 0.73 1.00 0.00
1.10 1.22 0.90 1.00 0.00
1.10 1.22 1.08 1.00 0.00
1.10 1.22 1.25 1.00 0.00
1.10 1.22 1.43 1.00 0.00
1.10 1.22 1.60 1.00 0.00
1.10 1.22 1.78 1.00 0.00
1.10 1.22 1.95 1.00 0.00
1.10 1.22 2.12 1.00 0.00
1.10 1.22 2.30 1.00 0.00
1.10 1.22 2.47 1.00 0.00
1.10 1.22 2.65 1.00 0.00
1.10 1.22 2.82 1.00 0.00
1.10 1.22 3.00 1.00 0.00
0.30 1.40 6.21 1.00 0.00
0.30 1.40 6.39 1.00 0.00
0.30 1.40 6.56 1.00 0.00
0.30 1.40 6.73 1.00 0.00
0.30 1.40 6.91 1.00 0.00
0.30 1.40 7.08 1.00 0.00
0.30 1.40 7.26 1.00 0.00
0.30 1.40 7.43 1.00 0.00
0.30 1.40 7.61 1.00 0.00
0.30 1.40 7.78 1.00 0.00
0.30 1.40 7.96 1.00 0.00
0.30 1.40 8.13 1.00 0.00
0.30 1.40 8.31 1.00 0.00
0.30 1.40 8.48 1.00 0.00
0.30 1.40 8.65 1.00 0.00
0.30 1.40 8.83 1.00 0.00
0.30 1.40 9.00 1.00 0.00
0.30 1.40 9.18 1.00 0.00
0.50 1.40 6.23 1.00 0.00
0.50 1.40 6.40 1.00 0.00
0.50 1.40 6.58 1.00 0.00
0.50 1.40 6.75 1.00 0.00
0.50 1.40 6.92 1.00 0.00
0.50 1.40 7.10 1.00 0.00
0.50 1.40 7.27 1.00 0.00
0.50 1.40 7.45 1.00 0.00
0.50 1.40 7.62 1.00 0.00
0.50 1.40 7.80 1.00 0.00
0.50 1.40 7.97 1.00 0.00
0.50 1.40 8.15 1.00 0.00
0.50 1.40 8.32 1.00 0.00
0.50 1.40 8.50 1.00 0.00
0.50 1.40 8.67 1.00 0.00
0.50 1.40 8.84 1.00 0.00
0.50 1.40 9.02 1.00 0.00
0.50 1.40 9.19 1.00 0.00
0.70 1.40 6.24 1.00 0.00
0.70 1.40 6.41 1.00 0.00
0.70 1.40 6.59 1.00 0.00
0.70 1.40 6.76 1.00 0.00
0.70 1.40 6.94 1.00 0.00
0.70 1.40 7.11 1.00 0.00
0.70 1.40 7.29 1.00 0.00
0.70 1.40 7.46 1.00 0.00
0.70 1.40 7.64 1.00 0.00
0.70 1.40 7.81 1.00 0.00
0.70 1.40 7.99 1.00 0.00
0.70 1.40 8.16 1.00 0.00
0.70 1.40 8.33 1.00 0.00
0.70 1.40 8.51 1.00 0.00
0.70 1.40 8.68 1.00 0.00
0.70 1.40 8.86 1.00 0.00
0.70 1.40 9.03 1.00 0.00
0.70 1.40 9.21 1.00 0.00
0.90 1.40 6.25 1.00 0.00
0.90 1.40 6.43 1.00 0.00
0.90 1.40 6.60 1.00 0.00
0.90 1.40 6.78 1.00 0.00
0.90 1.40 6.95 1.00 0.00
0.90 1.40 7.13 1.00 0.00
0.90 1.40 7.30 1.00 0.00
0.90 1.40 7.47 1.00 0.00
0.90 1.40 7.65 1.00 0.00
0.90 1.40 7.82 1.00 0.00
0.90 1.40 8.00 1.00 0.00
0.90 1.40 8.17 1.00 0.00
0.90 1.40 8.35 1.00 0.00
0.90 1.40 8.52 1.00 0.00
0.90 1.40 8.70 1.00 0.00
0.90 1.40 8.87 1.00 0.00
0.90 1.40 9.04 1.00 0.00
0.90 1.40 9.22 1.00 0.00
1.10 1.40 6.26 1.00 0.00
1.10 1.40 6.44 1.00 0.00
1.10 1.40 6.61 1.00 0.00
1.10 1.40 6.79 1.00 0.00
1.10 1.40 6.96 1.00 0.00
1.10 1.40 7.14 1.00 0.00
1.10 1.40 7.31 1.00 0.00
1.10 1.40 7.48 1.00 0.00
1.10 1.40 7.66 1.00 0.00
1.10 1.40 7.83 1.00 0.00
1.10 1.40 8.01 1.00 0.00
1.10 1.40 8.18 1.00 0.00
1.10 1.40 8.36 1.00 0.00
1.10 1.40 8.53 1.00 0.00
1.10 1.40 8.71 1.00 0.00
1.10 1.40 8.88 1.00 0.00
1.10 1.40 9.06 1.00 0.00
1.10 1.40 9.23 1.00 0.00
0.30 1.57 6.19 1.00 0.00
0.30 1.57 6.37 1.00 0.00
0.30 1.57 6.54 1.00 0.00
0.30 1.57 6.72 1.00 0.00
0.30 1.57 6.89 1.00 0.00
0.30 1.57 7.07 1.00 0.00
0.30 1.57 7.24 1.00 0.00
0.30 1.57 7.42 1.00 0.00
0.30 1.57 7.59 1.00 0.00
0.30 1.57 7.76 1.00 0.00
0.30 1.57 7.94 1.00 0.00
0.30 1.57 8.11 1.00 0.00
0.30 1.57 8.29 1.00 0.00
0.30 1.57 8.46 1.00 0.00
0.30 1.57 8.64 1.00 0.00
0.30 1.57 8.81 1.00 0.00
0.30 1.57 8.99 1.00 0.00
0.30 1.57 9.16 1.00 0.00
0.50 1.57 6.20 1.00 0.00
0.50 1.57 6.37 1.00 0.00
0.50 1.57 6.55 1.00 0.00
0.50 1.57 6.72 1.00 0.00
0.50 1.57 6.90 1.00 0.00
0.50 1.57 7.07 1.00 0.00
0.50 1.57 7.25 1.00 0.00
0.50 1.57 7.42 1.00 0.00
0.50 1.57 7.60 1.00 0.00
0.50 1.57 7.77 1.00 0.00
0.50 1.57 7.94 1.00 0.00
0.50 1.57 8.12 1.00 0.00
0.50 1.57 8.29 1.00 0.00
0.50 1.57 8.47 1.00 0.00
0.50 1.57 8.64 1.00 0.00
0.50 1.57 8.82 1.00 0.00
0.50 1.57 8.99 1.00 0.00
0.50 1.57 9.17 1.00 0.00
0.70 1.57 6.20 1.00 0.00
0.70 1.57 6.38 1.00 0.00
0.70 1.57 6.55 1.00 0.00
0.70 1.57 6.73 1.00 0.00
0.70 1.57 6.90 1.00 0.00
0.70 1.57 7.08 1.00 0.00
0.70 1.57 7.25 1.00 0.00
0.70 1.57 7.43 1.00 0.00
0.70 1.57 7.60 1.00 0.00
0.70 1.57 7.78 1.00 0.00
0.70 1.57 7.95 1.00 0.00
0.70 1.57 8.12 1.00 0.00
0.70 1.57 8.30 1.00 0.00
0.70 1.57 8.47 1.00 0.00
0.70 1.57 8.65 1.00 0.00
0.70 1.57 8.82 1.00 0.00
0.70 1.57 9.00 1.00 0.00
0.70 1.57 9.17 1.00 0.00
0.90 1.57 6.21 1.00 0.00
0.90 1.57 6.38 1.00 0.00
0.90 1.57 6.56 1.00 0.00
0.90 1.57 6.73 1.00 0.00
0.90 1.57 6.91 1.00 0.00
0.90 1.57 7.08 1.00 0.00
0.90 1.57 7.26 1.00 0.00
0.90 1.57 7.43 1.00 0.00
0.90 1.57 7.61 1.00 0.00
0.90 1.57 7.78 1.00 0.00
0.90 1.57 7.95 1.00 0.00
0.90 1.57 8.13 1.00 0.00
0.90 1.57 8.30 1.00 0.00
0.90 1.57 8.48 1.00 0.00
0.90 1.57 8.65 1.00 0.00
0.90 1.57 8.83 1.00 0.00
0.90 1.57 9.00 1.00 0.00
0.90 1.57 9.18 1.00 0.00
1.10 1.57 6.21 1.00 0.00
1.10 1.57 6.39 1.00 0.00
1.10 1.57 6.56 1.00 0.00
1.10 1.57 6.74 1.00 0.00
1.10 1.57 6.91 1.00 0.00
1.10 1.57 7.09 1.00 0.00
1.10 1.57 7.26 1.00 0.00
1.10 1.57 7.43 1.00 0.00
1.10 1.57 7.61 1.00 0.00
1.10 1.57 7.78 1.00 0.00
1.10 1.57 7.96 1.00 0.00
1.10 1.57 8.13 1.00 0.00
1.10 1.57 8.31 1.00 0.00
1.10 1.57 8.48 1.00 0.00
1.10 1.57 8.66 1.00 0.00
1.10 1.57 8.83 1.00 0.00
1.10 1.57 9.01 1.00 0.00
1.10 1.57 9.18 1.00 0.00
0.30 1.75 6.18 1.00 0.00
0.30 1.75 6.35 1.00 0.00
0.30 1.75 6.53 1.00 0.00
0.30 1.75 6.70 1.00 0.00
0.30 1.75 6.87 1.00 0.00
0.30 1.75 7.05 1.00 0.00
0.30 1.75 7.22 1.00 0.00
0.30 1.75 7.40 1.00 0.00
0.30 1.75 7.57 1.00 0.00
0.30 1.75 7.75 1.00 0.00
0.30 1.75 7.92 1.00 0.00
0.30 1.75 8.10 1.00 0.00
0.30 1.75 8.27 1.00 0.00
0.30 1.75 8.45 1.00 0.00
0.30 1.75 8.62 1.00 0.00
0.30 1.75 8.79 1.00 0.00
0.30 1.75 8.97 1.00 0.00
0.30 1.75 9.14 1.00 0.00
0.50 1.75 6.17 1.00 0.00
0.50 1.75 6.35 1.00 0.00
0.50 1.75 6.52 1.00 0.00
0.50 1.75 6.70 1.00 0.00
0.50 1.75 6.87 1.00 0.00
0.50 1.75 7.04 1.00 0.00
0.50 1.75 7.22 1.00 0.00
0.50 1.75 7.39 1.00 0.00
0.50 1.75 7.57 1.00 0.00
0.50 1.75 7.74 1.00 0.00
0.50 1.75 7.92 1.00 0.00
0.50 1.75 8.09 1.00 0.00
0.50 1.75 8.27 1.00 0.00
0.50 1.75 8.44 1.00 0.00
0.50 1.75 8.62 1.00 0.00
0.50 1.75 8.79 1.00 0.00
0.50 1.75 8.96 1.00 0.00
0.50 1.75 9.14 1.00 0.00
0.70 1.75 6.17 1.00 0.00
0.70 1.75 6.34 1.00 0.00
0.70 1.75 6.52 1.00 0.00
0.70 1.75 6.69 1.00 0.00
0.70 1.75 6.87 1.00 0.00
0.70 1.75 7.04 1.00 0.00
0.70 1.75 7.22 1.00 0.00
0.70 1.75 7.39 1.00 0.00
0.70 1.75 7.56 1.00 0.00
0.70 1.75 7.74 1.00 0.00
0.70 1.75 7.91 1.00 0.00
0.70 1.75 8.09 1.00 0.00
0.70 1.75 8.26 1.00 0.00
0.70 1.75 8.44 1.00 0.00
0.70 1.75 8.61 1.00 0.00
0.70 1.75 8.79 1.00 0.00
0.70 1.75 8.96 1.00 0.00
0.70 1.75 9.14 1.00 0.00
0.90 1.75 6.17 1.00 0.00
0.90 1.75 6.34 1.00 0.00
0.90 1.75 6.51 1.00 0.00
0.90 1.75 6.69 1.00 0.00
0.90 1.75 6.86 1.00 0.00
0.90 1.75 7.04 1.00 0.00
0.90 1.75 7.21 1.00 0.00
0.90 1.75 7.39 1.00 0.00
0.90 1.75 7.56 1.00 0.00
0.90 1.75 7.74 1.00 0.00
0.90 1.75 7.91 1.00 0.00
0.90 1.75 8.08 1.00 0.00
0.90 1.75 8.26 1.00 0.00
0.90 1.75 8.43 1.00 0.00
0.90 1.75 8.61 1.00 0.00
0.90 1.75 8.78 1.00 0.00
0.90 1.75 8.96 1.00 0.00
0.90 1.75 9.13 1.00 0.00
1.10 1.75 6.16 1.00 0.00
1.10 1.75 6.34 1.00 0.00
1.10 1.75 6.51 1.00 0.00
1.10 1.75 6.69 1.00 0.00
1.10 1.75 6.86 1.00 0.00
1.10 1.75 7.03 1.00 0.00
1.10 1.75 7.21 1.00 0.00
1.10 1.75 7.38 1.00 0.00
1.10 1.75 7.56 1.00 0.00
1.10 1.75 7.73 1.00 0.00
1.10 1.75 7.91 1.00 0.00
1.10 1.75 8.08 1.00 0.00
1.10 1.75 8.26 1.00 0.00
1.10 1.75 8.43 1.00 0.00
1.10 1.75 8.61 1.00 0.00
1.10 1.75 8.78 1.00 0.00
1.10 1.75 8.95 1.00 0.00
1.10 1.75 9.13 1.00 0.00
0.30 1.92 6.16 1.00 0.00
0.30 1.92 6.33 1.00 0.00
0.30 1.92 6.51 1.00 0.00
0.30 1.92 6.68 1.00 0.00
0.30 1.92 6.86 1.00 0.00
0.30 1.92 7.03 1.00 0.00
0.30 1.92 7.21 1.00 0.00
0.30 1.92 7.38 1.00 0.00
0.30 1.92 7.56 1.00 0.00
0.30 1.92 7.73 1.00 0.00
0.30 1.92 7.90 1.00 0.00
0.30 1.92 8.08 1.00 0.00
0.30 1.92 8.25 1.00 0.00
0.30 1.92 8.43 1.00 0.00
0.30 1.92 8.60 1.00 0.00
0.30 1.92 8.78 1.00 0.00
0.30 1.92 8.95 1.00 0.00
0.30 1.92 9.13 1.00 0.00
0.50 1.92 6.14 1.00 0.00
0.50 1.92 6.32 1.00 0.00
0.50 1.92 6.49 1.00 0.00
0.50 1.92 6.67 1.00 0.00
0.50 1.92 6.84 1.00 0.00
0.50 1.92 7.02 1.00 0.00
0.50 1.92 7.19 1.00 0.00
0.50 1.92 7.37 1.00 0.00
0.50 1.92 7.54 1.00 0.00
0.50 1.92 7.72 1.00 0.00
0.50 1.92 7.89 1.00 0.00
0.50 1.92 8.06 1.00 0.00
0.50 1.92 8.24 1.00 0.00
0.50 1.92 8.41 1.00 0.00
0.50 1.92 8.59 1.00 0.00
0.50 1.92 8.76 1.00 0.00
0.50 1.92 8.94 1.00 0.00
0.50 1.92 9.11 1.00 0.00
0.70 1.92 6.13 1.00 0.00
0.70 1.92 6.31 1.00 0.00
0.70 1.92 6.48 1.00 0.00
0.70 1.92 6.66 1.00 0.00
0.70 1.92 6.83 1.00 0.00
0.70 1.92 7.01 1.00 0.00
0.70 1.92 7.18 1.00 0.00
0.70 1.92 7.35 1.00 0.00
0.70 1.92 7.53 1.00 0.00
0.70 1.92 7.70 1.00 0.00
0.70 1.92 7.88 1.00 0.00
0.70 1.92 8.05 1.00 0.00
0.70 1.92 8.23 1.00 0.00
0.70 1.92 8.40 1.00 0.00
0.70 1.92 8.58 1.00 0.00
0.70 1.92 8.75 1.00 0.00
0.70 1.92 8.92 1.00 0.00
0.70 1.92 9.10 1.00 0.00
0.90 1.92 6.12 1.00 0.00
0.90 1.92 6.30 1.00 0.00
0.90 1.92 6.47 1.00 0.00
0.90 1.92 6.64 1.00 0.00
0.90 1.92 6.82 1.00 0.00
0.90 1.92 6.99 1.00 0.00
0.90 1.92 7.17 1.00 0.00
0.90 1.92 7.34 1.00 0.00
0.90 1.92 7.52 1.00 0.00
0.90 1.92 7.69 1.00 0.00
0.90 1.92 7.87 1.00 0.00
0.90 1.92 8.04 1.00 0.00
0.90 1.92 8.22 1.00 0.00
0.90 1.92 8.39 1.00 0.00
0.90 1.92 8.56 1.00 0.00
0.90 1.92 8.74 1.00 0.00
0.90 1.92 8.91 1.00 0.00
0.90 1.92 9.09 1.00 0.00
1.10 1.92 6.11 1.00 0.00
1.10 1.92 6.29 1.00 0.00
1.10 1.92 6.46 1.00 0.00
1.10 1.92 6.64 1.00 0.00
1.10 1.92 6.81 1.00 0.00
1.10 1.92 6.98 1.00 0.00
1.10 1.92 7.16 1.00 0.00
1.10 1.92 7.33 1.00 0.00
1.10 1.92 7.51 1.00 0.00
1.10 1.92 7.68 1.00 0.00
1.10 1.92 7.86 1.00 0.00
1.10 1.92 8.03 1.00 0.00
1.10 1.92 8.21 1.00 0.00
1.10 1.92 8.38 1.00 0.00
1.10 1.92 8.55 1.00 0.00
1.10 1.92 8.73 1.00 0.00
1.10 1.92 8.90 1.00 0.00
1.10 1.92 9.08 1.00 0.00
0.30 2.09 6.14 1.00 0.00
0.30 2.09 6.32 1.00 0.00
0.30 2.09 6.49 1.00 0.00
0.30 2.09 6.67 1.00 0.00
0.30 2.09 6.84 1.00 0.00
0.30 2.09 7.01 1.00 0.00
0.30 2.09 7.19 1.00 0.00
0.30 2.09 7.36 1.00 0.00
0.30 2.09 7.54 1.00 0.00
0.30 2.09 7.71 1.00 0.00
0.30 2.09 7.89 1.00 0.00
0.30 2.09 8.06 1.00 0.00
0.30 2.09 8.24 1.00 0.00
0.30 2.09 8.41 1.00 0.00
0.30 2.09 8.59 1.00 0.00
0.30 2.09 8.76 1.00 0.00
0.30 2.09 8.93 1.00 0.00
0.30 2.09 9.11 1.00 0.00
0.50 2.09 6.12 1.00 0.00
0.50 2.09 6.29 1.00 0.00
0.50 2.09 6.47 1.00 0.00
0.50 2.09 6.64 1.00 0.00
0.50 2.09 6.82 1.00 0.00
0.50 2.09 6.99 1.00 0.00
0.50 2.09 7.17 1.00 0.00
0.50 2.09 7.34 1.00 0.00
0.50 2.09 7.51 1.00 0.00
0.50 2.09 7.69 1.00 0.00
0.50 2.09 7.86 1.00 0.00
0.50 2.09 8.04 1.00 0.00
0.50 2.09 8.21 1.00 0.00
0.50 2.09 8.39 1.00 0.00
0.50 2.09 8.56 1.00 0.00
0.50 2.09 8.74 1.00 0.00
0.50 2.09 8.91 1.00 0.00
0.50 2.09 9.09 1.00 0.00
0.70 2.09 6.10 1.00 0.00
0.70 2.09 6.27 1.00 0.00
0.70 2.09 6.45 1.00 0.00
0.70 2.09 6.62 1.00 0.00
0.70 2.09 6.80 1.00 0.00
0.70 2.09 6.97 1.00 0.00
0.70 2.09 7.14 1.00 0.00
0.70 2.09 7.32 1.00 0.00
0.70 2.09 7.49 1.00 0.00
0.70 2.09 7.67 1.00 0.00
0.70 2.09 7.84 1.00 0.00
0.70 2.09 8.02 1.00 0.00
0.70 2.09 8.19 1.00 0.00
0.70 2.09 8.37 1.00 0.00
0.70 2.09 8.54 1.00 0.00
0.70 2.09 8.72 1.00 0.00
0.70 2.09 8.89 1.00 0.00
0.70 2.09 9.06 1.00 0.00
0.90 2.09 6.08 1.00 0.00
0.90 2.09 6.25 1.00 0.00
0.90 2.09 6.43 1.00 0.00
0.90 2.09 6.60 1.00 0.00
0.90 2.09 6.78 1.00 0.00
0.90 2.09 6.95 1.00 0.00
0.90 2.09 7.13 1.00 0.00
0.90 2.09 7.30 1.00 0.00
0.90 2.09 7.47 1.00 0.00
0.90 2.09 7.65 1.00 0.00
0.90 2.09 7.82 1.00 0.00
0.90 2.09 8.00 1.00 0.00
0.90 2.09 8.17 1.00 0.00
0.90 2.09 8.35 1.00 0.00
0.90 2.09 8.52 1.00 0.00
0.90 2.09 8.70 1.00 0.00
0.90 2.09 8.87 1.00 0.00
0.90 2.09 9.05 1.00 0.00
1.10 2.09 6.06 1.00 0.00
1.10 2.09 6.24 1.00 0.00
1.10 2.09 6.41 1.00 0.00
1.10 2.09 6.59 1.00 0.00
1.10 2.09 6.76 1.00 0.00
1.10 2.09 6.93 1.00 0.00
1.10 2.09 7.11 1.00 0.00
1.10 2.09 7.28 1.00 0.00
1.10 2.09 7.46 1.00 0.00
1.10 2.09 7.63 1.00 0.00
1.10 2.09 7.81 1.00 0.00
1.10 2.09 7.98 1.00 0.00
1.10 2.09 8.16 1.00 0.00
1.10 2.09 8.33 1.00 0.00
1.10 2.09 8.51 1.00 0.00
1.10 2.09 8.68 1.00 0.00
1.10 2.09 8.85 1.00 0.00
1.10 2.09 9.03 1.00 0.00
0.30 2.27 6.13 1.00 0.00
0.30 2.27 6.30 1.00 0.00
0.30 2.27 6.48 1.00 0.00
0.30 2.27 6.65 1.00 0.00
0.30 2.27 6.82 1.00 0.00
0.30 2.27 7.00 1.00 0.00
0.30 2.27 7.17 1.00 0.00
0.30 2.27 7.35 1.00 0.00
0.30 2.27 7.52 1.00 0.00
0.30 2.27 7.70 1.00 0.00
0.30 2.27 7.87 1.00 0.00
0.30 2.27 8.05 1.00 0.00
0.30 2.27 8.22 1.00 0.00
0.30 2.27 8.40 1.00 0.00
0.30 2.27 8.57 1.00 0.00
0.30 2.27 8.74 1.00 0.00
0.30 2.27 8.92 1.00 0.00
0.30 2.27 9.09 1.00 0.00
0.50 2.27 6.09 1.00 0.00
0.50 2.27 6.27 1.00 0.00
0.50 2.27 6.44 1.00 0.00
0.50 2.27 6.62 1.00 0.00
0.50 2.27 6.79 1.00 0.00
0.50 2.27 6.97 1.00 0.00
0.50 2.27 7.14 1.00 0.00
0.50 2.27 7.31 1.00 0.00
0.50 2.27 7.49 1.00 0.00
0.50 2.27 7.66 1.00 0.00
0.50 2.27 7.84 1.00 0.00
0.50 2.27 8.01 1.00 0.00
0.50 2.27 8.19 1.00 0.00
0.50 2.27 8.36 1.00 0.00
0.50 2.27 8.54 1.00 0.00
0.50 2.27 8.71 1.00 0.00
0.50 2.27 8.89 1.00 0.00
0.50 2.27 9.06 1.00 0.00
0.70 2.27 6.06 1.00 0.00
0.70 2.27 6.24 1.00 0.00
0.70 2.27 6.41 1.00 0.00
0.70 2.27 6.59 1.00 0.00
0.70 2.27 6.76 1.00 0.00
0.70 2.27 6.94 1.00 0.00
0.70 2.27 7.11 1.00 0.00
0.70 2.27 7.29 1.00 0.00
0.70 2.27 7.46 1.00 0.00
0.70 2.27 7.63 1.00 0.00
0.70 2.27 7.81 1.00 0.00
0.70 2.27 7.98 1.00 0.00
0.70 2.27 8.16 1.00 0.00
0.70 2.27 8.33 1.00 0.00
0.70 2.27 8.51 1.00 0.00
0.70 2.27 8.68 1.00 0.00
0.70 2.27 8.86 1.00 0.00
0.70 2.27 9.03 1.00 0.00
0.90 2.27 6.04 1.00 0.00
0.90 2.27 6.21 1.00 0.00
0.90 2.27 6.39 1.00 0.00
0.90 2.27 6.56 1.00 0.00
0.90 2.27 6.73 1.00 0.00
0.90 2.27 6.91 1.00 0.00
0.90 2.27 7.08 1.00 0.00
0.90 2.27 7.26 1.00 0.00
0.90 2.27 7.43 1.00 0.00
0.90 2.27 7.61 1.00 0.00
0.90 2.27 7.78 1.00 0.00
0.90 2.27 7.96 1.00 0.00
0.90 2.27 8.13 1.00 0.00
0.90 2.27 8.31 1.00 0.00
0.90 2.27 8.48 1.00 0.00
0.90 2.27 8.65 1.00 0.00
0.90 2.27 8.83 1.00 0.00
0.90 2.27 9.00 1.00 0.00
1.10 2.27 6.01 1.00 0.00
1.10 2.27 6.19 1.00 0.00
1.10 2.27 6.36 1.00 0.00
1.10 2.27 6.54 1.00 0.00
1.10 2.27 6.71 1.00 0.00
1.10 2.27 6.89 1.00 0.00
1.10 2.27 7.06 1.00 0.00
1.10 2.27 7.23 1.00 0.00
1.10 2.27 7.41 1.00 0.00
1.10 2.27 7.58 1.00 0.00
1.10 2.27 7.76 1.00 0.00
1.10 2.27 7.93 1.00 0.00
1.10 2.27 8.11 1.00 0.00
1.10 2.27 8.28 1.00 0.00
1.10 2.27 8.46 1.00 0.00
1.10 2.27 8.63 1.00 0.00
1.10 2.27 8.81 1.00 0.00
1.10 2.27 8.98 1.00 0.00
0.30 2.44 6.11 1.00 0.00
0.30 2.44 6.29 1.00 0.00
0.30 2.44 6.46 1.00 0.00
0.30 2.44 6.64 1.00 0.00
0.30 2.44 6.81 1.00 0.00
0.30 2.44 6.98 1.00 0.00
0.30 2.44 7.16 1.00 0.00
0.30 2.44 7.33 1.00 0.00
0.30 2.44 7.51 1.00 0.00
0.30 2.44 7.68 1.00 0.00
0.30 2.44 7.86 1.00 0.00
0.30 2.44 8.03 1.00 0.00
0.30 2.44 8.21 1.00 0.00
0.30 2.44 8.38 1.00 0.00
0.30 2.44 8.56 1.00 0.00
0.30 2.44 8.73 1.00 0.00
0.30 2.44 8.90 1.00 0.00
0.30 2.44 9.08 1.00 0.00
0.50 2.44 6.07 1.00 0.00
0.50 2.44 6.24 1.00 0.00
0.50 2.44 6.42 1.00 0.00
0.50 2.44 6.59 1.00 0.00
0.50 2.44 6.77 1.00 0.00
0.50 2.44 6.94 1.00 0.00
0.50 2.44 7.12 1.00 0.00
0.50 2.44 7.29 1.00 0.00
0.50 2.44 7.47 1.00 0.00
0.50 2.44 7.64 1.00 0.00
0.50 2.44 7.81 1.00 0.00
0.50 2.44 7.99 1.00 0.00
0.50 2.44 8.16 1.00 0.00
0.50 2.44 8.34 1.00 0.00
0.50 2.44 8.51 1.00 0.00
0.50 2.44 8.69 1.00 0.00
0.50 2.44 8.86 1.00 0.00
0.50 2.44 9.04 1.00 0.00
0.70 2.44 6.03 1.00 0.00
0.70 2.44 6.21 1.00 0.00
0.70 2.44 6.38 1.00 0.00
0.70 2.44 6.56 1.00 0.00
0.70 2.44 6.73 1.00 0.00
0.70 2.44 6.90 1.00 0.00
0.70 2.44 7.08 1.00 0.00
0.70 2.44 7.25 1.00 0.00
0.70 2.44 7.43 1.00 0.00
0.70 2.44 7.60 1.00 0.00
0.70 2.44 7.78 1.00 0.00
0.70 2.44 7.95 1.00 0.00
0.70 2.44 8.13 1.00 0.00
0.70 2.44 8.30 1.00 0.00
0.70 2.44 8.47 1.00 0.00
0.70 2.44 8.65 1.00 0.00
0.70 2.44 8.82 1.00 0.00
0.70 2.44 9.00 1.00 0.00
0.90 2.44 6.00 1.00 0.00
0.90 2.44 6.17 1.00 0.00
0.90 2.44 6.35 1.00 0.00
0.90 2.44 6.52 1.00 0.00
0.90 2.44 6.70 1.00 0.00
0.90 2.44 6.87 1.00 0.00
0.90 2.44 7.04 1.00 0.00
0.90 2.44 7.22 1.00 0.00
0.90 2.44 7.39 1.00 0.00
0.90 2.44 7.57 1.00 0.00
0.90 2.44 7.74 1.00 0.00
0.90 2.44 7.92 1.00 0.00
0.90 2.44 8.09 1.00 0.00
0.90 2.44 8.27 1.00 0.00
0.90 2.44 8.44 1.00 0.00
0.90 2.44 8.62 1.00 0.00
0.90 2.44 8.79 1.00 0.00
0.90 2.44 8.96 1.00 0.00
1.10 2.44 5.97 1.00 0.00
1.10 2.44 6.14 1.00 0.00
1.10 2.44 6.31 1.00 0.00
1.10 2.44 6.49 1.00 0.00
1.10 2.44 6.66 1.00 0.00
1.10 2.44 6.84 1.00 0.00
1.10 2.44 7.01 1.00 0.00
1.10 2.44 7.19 1.00 0.00
1.10 2.44 7.36 1.00 0.00
1.10 2.44 7.54 1.00 0.00
1.10 2.44 7.71 1.00 0.00
1.10 2.44 7.89 1.00 0.00
1.10 2.44 8.06 1.00 0.00
1.10 2.44 8.23 1.00 0.00
1.10 2.44 8.41 1.00 0.00
1.10 2.44 8.58 1.00 0.00
1.10 2.44 8.76 1.00 0.00
1.10 2.44 8.93 1.00 0.00
0.30 2.62 6.10 1.00 0.00
0.30 2.62 6.27 1.00 0.00
0.30 2.62 6.45 1.00 0.00
0.30 2.62 6.62 1.00 0.00
0.30 2.62 6.80 1.00 0.00
0.30 2.62 6.97 1.00 0.00
0.30 2.62 7.15 1.00 0.00
0.30 2.62 7.32 1.00 0.00
0.30 2.62 7.50 1.00 0.00
0.30 2.62 7.67 1.00 0.00
0.30 2.62 7.84 1.00 0.00
0.30 2.62 8.02 1.00 0.00
0.30 2.62 8.19 1.00 0.00
0.30 2.62 8.37 1.00 0.00
0.30 2.62 8.54 1.00 0.00
0.30 2.62 8.72 1.00 0.00
0.30 2.62 8.89 1.00 0.00
0.30 2.62 9.07 1.00 0.00
0.50 2.62 6.05 1.00 0.00
0.50 2.62 6.22 1.00 0.00
0.50 2.62 6.40 1.00 0.00
0.50 2.62 6.57 1.00 0.00
0.50 2.62 6.75 1.00 0.00
0.50 2.62 6.92 1.00 0.00
0.50 2.62 7.10 1.00 0.00
0.50 2.62 7.27 1.00 0.00
0.50 2.62 7.44 1.00 0.00
0.50 2.62 7.62 1.00 0.00
0.50 2.62 7.79 1.00 0.00
0.50 2.62 7.97 1.00 0.00
0.50 2.62 8.14 1.00 0.00
0.50 2.62 8.32 1.00 0.00
0.50 2.62 8.49 1.00 0.00
0.50 2.62 8.67 1.00 0.00
0.50 2.62 8.84 1.00 0.00
0.50 2.62 9.02 1.00 0.00
0.70 2.62 6.00 1.00 0.00
0.70 2.62 6.18 1.00 0.00
0.70 2.62 6.35 1.00 0.00
0.70 2.62 6.53 1.00 0.00
0.70 2.62 6.70 1.00 0.00
0.70 2.62 6.87 1.00 0.00
0.70 2.62 7.05 1.00 0.00
0.70 2.62 7.22 1.00 0.00
0.70 2.62 7.40 1.00 0.00
0.70 2.62 7.57 1.00 0.00
0.70 2.62 7.75 1.00 0.00
0.70 2.62 7.92 1.00 0.00
0.70 2.62 8.10 1.00 0.00
0.70 2.62 8.27 1.00 0.00
0.70 2.62 8.45 1.00 0.00
0.70 2.62 8.62 1.00 0.00
0.70 2.62 8.79 1.00 0.00
0.70 2.62 8.97 1.00 0.00
0.90 2.62 5.96 1.00 0.00
0.90 2.62 6.13 1.00 0.00
0.90 2.62 6.31 1.00 0.00
0.90 2.62 6.48 1.00 0.00
0.90 2.62 6.66 1.00 0.00
0.90 2.62 6.83 1.00 0.00
0.90 2.62 7.01 1.00 0.00
0.90 2.62 7.18 1.00 0.00
0.90 2.62 7.36 1.00 0.00
0.90 2.62 7.53 1.00 0.00
0.90 2.62 7.71 1.00 0.00
0.90 2.62 7.88 1.00 0.00
0.90 2.62 8.05 1.00 0.00
0.90 2.62 8.23 1.00 0.00
0.90 2.62 8.40 1.00 0.00
0.90 2.62 8.58 1.00 0.00
0.90 2.62 8.75 1.00 0.00
0.90 2.62 8.93 1.00 0.00
1.10 2.62 5.92 1.00 0.00
1.10 2.62 6.10 1.00 0.00
1.10 2.62 6.27 1.00 0.00
1.10 2.62 6.44 1.00 0.00
1.10 2.62 6.62 1.00 0.00
1.10 2.62 6.79 1.00 0.00
1.10 2.62 6.97 1.00 0.00
1.10 2.62 7.14 1.00 0.00
1.10 2.62 7.32 1.00 0.00
1.10 2.62 7.49 1.00 0.00
1.10 2.62 7.67 1.00 0.00
1.10 2.62 7.84 1.00 0.00
1.10 2.62 8.02 1.00 0.00
1.10 2.62 8.19 1.00 0.00
1.10 2.62 8.36 1.00 0.00
1.10 2.62 8.54 1.00 0.00
1.10 2.62 8.71 1.00 0.00
1.10 2.62 8.89 1.00 0.00
0.30 2.79 6.09 1.00 0.00
0.30 2.79 6.26 1.00 0.00
0.30 2.79 6.44 1.00 0.00
0.30 2.79 6.61 1.00 0.00
0.30 2.79 6.79 1.00 0.00
0.30 2.79 6.96 1.00 0.00
0.30 2.79 7.14 1.00 0.00
0.30 2.79 7.31 1.00 0.00
0.30 2.79 7.48 1.00 0.00
0.30 2.79 7.66 1.00 0.00
0.30 2.79 7.83 1.00 0.00
0.30 2.79 8.01 1.00 0.00
0.30 2.79 8.18 1.00 0.00
0.30 2.79 8.36 1.00 0.00
0.30 2.79 8.53 1.00 0.00
0.30 2.79 8.71 1.00 0.00
0.30 2.79 8.88 1.00 0.00
0.30 2.79 9.06 1.00 0.00
0.50 2.79 6.03 1.00 0.00
0.50 2.79 6.20 1.00 0.00
0.50 2.79 6.38 1.00 0.00
0.50 2.79 6.55 1.00 0.00
0.50 2.79 6.73 1.00 0.00
0.50 2.79 6.90 1.00 0.00
0.50 2.79 7.08 1.00 0.00
0.50 2.79 7.25 1.00 0.00
0.50 2.79 7.43 1.00 0.00
0.50 2.79 7.60 1.00 0.00
0.50 2.79 7.78 1.00 0.00
0.50 2.79 7.95 1.00 0.00
0.50 2.79 8.12 1.00 0.00
0.50 2.79 8.30 1.00 0.00
0.50 2.79 8.47 1.00 0.00
0.50 2.79 8.65 1.00 0.00
0.50 2.79 8.82 1.00 0.00
0.50 2.79 9.00 1.00 0.00
0.70 2.79 5.98 1.00 0.00
0.70 2.79 6.15 1.00 0.00
0.70 2.79 6.32 1.00 0.00
0.70 2.79 6.50 1.00 0.00
0.70 2.79 6.67 1.00 0.00
0.70 2.79 6.85 1.00 0.00
0.70 2.79 7.02 1.00 0.00
0.70 2.79 7.20 1.00 0.00
0.70 2.79 7.37 1.00 0.00
0.70 2.79 7.55 1.00 0.00
0.70 2.79 7.72 1.00 0.00
0.70 2.79 7.90 1.00 0.00
0.70 2.79 8.07 1.00 0.00
0.70 2.79 8.24 1.00 0.00
0.70 2.79 8.42 1.00 0.00
0.70 2.79 8.59 1.00 0.00
0.70 2.79 8.77 1.00 0.00
0.70 2.79 8.94 1.00 0.00
0.90 2.79 5.93 1.00 0.00
0.90 2.79 6.10 1.00 0.00
0.90 2.79 6.27 1.00 0.00
0.90 2.79 6.45 1.00 0.00
0.90 2.79 6.62 1.00 0.00
0.90 2.79 6.80 1.00 0.00
0.90 2.79 6.97 1.00 0.00
0.90 2.79 7.15 1.00 0.00
0.90 2.79 7.32 1.00 0.00
0.90 2.79 7.50 1.00 0.00
0.90 2.79 7.67 1.00 0.00
0.90 2.79 7.85 1.00 0.00
0.90 2.79 8.02 1.00 0.00
0.90 2.79 8.19 1.00 0.00
0.90 2.79 8.37 1.00 0.00
0.90 2.79 8.54 1.00 0.00
0.90 2.79 8.72 1.00 0.00
0.90 2.79 8.89 1.00 0.00
1.10 2.79 5.88 1.00 0.00
1.10 2.79 6.05 1.00 0.00
1.10 2.79 6.23 1.00 0.00
1.10 2.79 6.40 1.00 0.00
1.10 2.79 6.58 1.00 0.00
1.10 2.79 6.75 1.00 0.00
1.10 2.79 6.93 1.00 0.00
1.10 2.79 7.10 1.00 0.00
1.10 2.79 7.28 1.00 0.00
1.10 2.79 7.45 1.00 0.00
1.10 2.79 7.63 1.00 0.00
1.10 2.79 7.80 1.00 0.00
1.10 2.79 7.97 1.00 0.00
1.10 2.79 8.15 1.00 0.00
1.10 2.79 8.32 1.00 0.00
1.10 2.79 8.50 1.00 0.00
1.10 2.79 8.67 1.00 0.00
1.10 2.79 8.85 1.00 0.00
0.30 2.97 6.08 1.00 0.00
0.30 2.97 6.25 1.00 0.00
0.30 2.97 6.43 1.00 0.00
0.30 2.97 6.60 1.00 0.00
0.30 2.97 6.78 1.00 0.00
0.30 2.97 6.95 1.00 0.00
0.30 2.97 7.13 1.00 0.00
0.30 2.97 7.30 1.00 0.00
0.30 2.97 7.48 1.00 0.00
0.30 2.97 7.65 1.00 0.00
0.30 2.97 7.83 1.00 0.00
0.30 2.97 8.00 1.00 0.00
0.30 2.97 8.17 1.00 0.00
0.30 2.97 8.35 1.00 0.00
0.30 2.97 8.52 1.00 0.00
0.30 2.97 8.70 1.00 0.00
0.30 2.97 8.87 1.00 0.00
0.30 2.97 9.05 1.00 0.00
0.50 2.97 6.01 1.00 0.00
0.50 2.97 6.19 1.00 0.00
0.50 2.97 6.36 1.00 0.00
0.50 2.97 6.54 1.00 0.00
0.50 2.97 6.71 1.00 0.00
0.50 2.97 6.89 1.00 0.00
0.50 2.97 7.06 1.00 0.00
0.50 2.97 7.24 1.00 0.00
0.50 2.97 7.41 1.00 0.00
0.50 2.97 7.59 1.00 0.00
0.50 2.97 7.76 1.00 0.00
0.50 2.97 7.93 1.00 0.00
0.50 2.97 8.11 1.00 0.00
0.50 2.97 8.28 1.00 0.00
0.50 2.97 8.46 1.00 0.00
0.50 2.97 8.63 1.00 0.00
0.50 2.97 8.81 1.00 0.00
0.50 2.97 8.98 1.00 0.00
0.70 2.97 5.95 1.00 0.00
0.70 2.97 6.13 1.00 0.00
0.70 2.97 6.30 1.00 0.00
0.70 2.97 6.48 1.00 0.00
0.70 2.97 6.65 1.00 0.00
0.70 2.97 6.83 1.00 0.00
0.70 2.97 7.00 1.00 0.00
0.70 2.97 7.18 1.00 0.00
0.70 2.97 7.35 1.00 0.00
0.70 2.97 7.52 1.00 0.00
0.70 2.97 7.70 1.00 0.00
0.70 2.97 7.87 1.00 0.00
0.70 2.97 8.05 1.00 0.00
0.70 2.97 8.22 1.00 0.00
0.70 2.97 8.40 1.00 0.00
0.70 2.97 8.57 1.00 0.00
0.70 2.97 8.75 1.00 0.00
0.70 2.97 8.92 1.00 0.00
0.90 2.97 5.90 1.00 0.00
0.90 2.97 6.07 1.00 0.00
0.90 2.97 6.24 1.00 0.00
0.90 2.97 6.42 1.00 0.00
0.90 2.97 6.59 1.00 0.00
0.90 2.97 6.77 1.00 0.00
0.90 2.97 6.94 1.00 0.00
0.90 2.97 7.12 1.00 0.00
0.90 2.97 7.29 1.00 0.00
0.90 2.97 7.47 1.00 0.00
0.90 2.97 7.64 1.00 0.00
0.90 2.97 7.82 1.00 0.00
0.90 2.97 7.99 1.00 0.00
0.90 2.97 8.16 1.00 0.00
0.90 2.97 8.34 1.00 0.00
0.90 2.97 8.51 1.00 0.00
0.90 2.97 8.69 1.00 0.00
0.90 2.97 8.86 1.00 0.00
1.10 2.97 5.84 1.00 0.00
1.10 2.97 6.02 1.00 0.00
1.10 2.97 6.19 1.00 0.00
1.10 2.97 6.37 1.00 0.00
1.10 2.97 6.54 1.00 0.00
1.10 2.97 6.72 1.00 0.00
1.10 2.97 6.89 1.00 0.00
1.10 2.97 7.06 1.00 0.00
1.10 2.97 7.24 1.00 0.00
1.10 2.97 7.41 1.00 0.00
1.10 2.97 7.59 1.00 0.00
1.10 2.97 7.76 1.00 0.00
1.10 2.97 7.94 1.00 0.00
1.10 2.97 8.11 1.00 0.00
1.10 2.97 8.29 1.00 0.00
1.10 2.97 8.46 1.00 0.00
1.10 2.97 8.63 1.00 0.00
1.10 2.97 8.81 1.00 0.00
0.30 3.14 6.07 1.00 0.00
0.30 3.14 6.25 1.00 0.00
0.30 3.14 6.42 1.00 0.00
0.30 3.14 6.60 1.00 0.00
0.30 3.14 6.77 1.00 0.00
0.30 3.14 6.95 1.00 0.00
0.30 3.14 7.12 1.00 0.00
0.30 3.14 7.30 1.00 0.00
0.30 3.14 7.47 1.00 0.00
0.30 3.14 7.65 1.00 0.00
0.30 3.14 7.82 1.00 0.00
0.30 3.14 7.99 1.00 0.00
0.30 3.14 8.17 1.00 0.00
0.30 3.14 8.34 1.00 0.00
0.30 3.14 8.52 1.00 0.00
0.30 3.14 8.69 1.00 0.00
0.30 3.14 8.87 1.00 0.00
0.30 3.14 9.04 1.00 0.00
0.50 3.14 6.00 1.00 0.00
0.50 3.14 6.18 1.00 0.00
0.50 3.14 6.35 1.00 0.00
0.50 3.14 6.53 1.00 0.00
0.50 3.14 6.70 1.00 0.00
0.50 3.14 6.88 1.00 0.00
0.50 3.14 7.05 1.00 0.00
0.50 3.14 7.23 1.00 0.00
0.50 3.14 7.40 1.00 0.00
0.50 3.14 7.57 1.00 0.00
0.50 3.14 7.75 1.00 0.00
0.50 3.14 7.92 1.00 0.00
0.50 3.14 8.10 1.00 0.00
0.50 3.14 8.27 1.00 0.00
0.50 3.14 8.45 1.00 0.00
0.50 3.14 8.62 1.00 0.00
0.50 3.14 8.80 1.00 0.00
0.50 3.14 8.97 1.00 0.00
0.70 3.14 5.94 1.00 0.00
0.70 3.14 6.11 1.00 0.00
0.70 3.14 6.28 1.00 0.00
0.70 3.14 6.46 1.00 0.00
0.70 3.14 6.63 1.00 0.00
0.70 3.14 6.81 1.00 0.00
0.70 3.14 6.98 1.00 0.00
0.70 3.14 7.16 1.00 0.00
0.70 3.14 7.33 1.00 0.00
0.70 3.14 7.51 1.00 0.00
0.70 3.14 7.68 1.00 0.00
0.70 3.14 7.86 1.00 0.00
0.70 3.14 8.03 1.00 0.00
0.70 3.14 8.20 1.00 0.00
0.70 3.14 8.38 1.00 0.00
0.70 3.14 8.55 1.00 0.00
0.70 3.14 8.73 1.00 0.00
0.70 3.14 8.90 1.00 0.00
0.90 3.14 5.87 1.00 0.00
0.90 3.14 6.05 1.00 0.00
0.90 3.14 6.22 1.00 0.00
0.90 3.14 6.39 1.00 0.00
0.90 3.14 6.57 1.00 0.00
0.90 3.14 6.74 1.00 0.00
0.90 3.14 6.92 1.00 0.00
0.90 3.14 7.09 1.00 0.00
0.90 3.14 7.27 1.00 0.00
0.90 3.14 7.44 1.00 0.00
0.90 3.14 7.62 1.00 0.00
0.90 3.14 7.79 1.00 0.00
0.90 3.14 7.97 1.00 0.00
0.90 3.14 8.14 1.00 0.00
0.90 3.14 8.31 1.00 0.00
0.90 3.14 8.49 1.00 0.00
0.90 3.14 8.66 1.00 0.00
0.90 3.14 8.84 1.00 0.00
1.10 3.14 5.81 1.00 0.00
1.10 3.14 5.98 1.00 0.00
1.10 3.14 6.16 1.00 0.00
1.10 3.14 6.33 1.00 0.00
1.10 3.14 6.51 1.00 0.00
1.10 3.14 6.68 1.00 0.00
1.10 3.14 6.86 1.00 0.00
1.10 3.14 7.03 1.00 0.00
1.10 3.14 7.21 1.00 0.00
1.10 3.14 7.38 1.00 0.00
1.10 3.14 7.56 1.00 0.00
1.10 3.14 7.73 1.00 0.00
1.10 3.14 7.90 1.00 0.00
1.10 3.14 8.08 1.00 0.00
1.10 3.14 8.25 1.00 0.00
1.10 3.14 8.43 1.00 0.00
1.10 3.14 8.60 1.00 0.00
1.10 3.14 8.78 1.00 0.00
0.30 3.32 6.07 1.00 0.00
0.30 3.32 6.25 1.00 0.00
0.30 3.32 6.42 1.00 0.00
0.30 3.32 6.60 1.00 0.00
0.30 3.32 6.77 1.00 0.00
0.30 3.32 6.94 1.00 0.00
0.30 3.32 7.12 1.00 0.00
0.30 3.32 7.29 1.00 0.00
0.30 3.32 7.47 1.00 0.00
0.30 3.32 7.64 1.00 0.00
0.30 3.32 7.82 1.00 0.00
0.30 3.32 7.99 1.00 0.00
0.30 3.32 8.17 1.00 0.00
0.30 3.32 8.34 1.00 0.00
0.30 3.32 8.52 1.00 0.00
0.30 3.32 8.69 1.00 0.00
0.30 3.32 8.86 1.00 0.00
0.30 3.32 9.04 1.00 0.00
0.50 3.32 6.00 1.00 0.00
0.50 3.32 6.17 1.00 0.00
0.50 3.32 6.35 1.00 0.00
0.50 3.32 6.52 1.00 0.00
0.50 3.32 6.70 1.00 0.00
0.50 3.32 6.87 1.00 0.00
0.50 3.32 7.04 1.00 0.00
0.50 3.32 7.22 1.00 0.00
0.50 3.32 7.39 1.00 0.00
0.50 3.32 7.57 1.00 0.00
0.50 3.32 7.74 1.00 0.00
0.50 3.32 7.92 1.00 0.00
0.50 3.32 8.09 1.00 0.00
0.50 3.32 8.27 1.00 0.00
0.50 3.32 8.44 1.00 0.00
0.50 3.32 8.62 1.00 0.00
0.50 3.32 8.79 1.00 0.00
0.50 3.32 8.96 1.00 0.00
0.70 3.32 5.92 1.00 0.00
0.70 3.32 6.10 1.00 0.00
0.70 3.32 6.27 1.00 0.00
0.70 3.32 6.45 1.00 0.00
0.70 3.32 6.62 1.00 0.00
0.70 3.32 6.80 1.00 0.00
0.70 3.32 6.97 1.00 0.00
0.70 3.32 7.15 1.00 0.00
0.70 3.32 7.32 1.00 0.00
0.70 3.32 7.50 1.00 0.00
0.70 3.32 7.67 1.00 0.00
0.70 3.32 7.84 1.00 0.00
0.70 3.32 8.02 1.00 0.00
0.70 3.32 8.19 1.00 0.00
0.70 3.32 8.37 1.00 0.00
0.70 3.32 8.54 1.00 0.00
0.70 3.32 8.72 1.00 0.00
0.70 3.32 8.89 1.00 0.00
0.90 3.32 5.85 1.00 0.00
0.90 3.32 6.03 1.00 0.00
0.90 3.32 6.20 1.00 0.00
0.90 3.32 6.38 1.00 0.00
0.90 3.32 6.55 1.00 0.00
0.90 3.32 6.73 1.00 0.00
0.90 3.32 6.90 1.00 0.00
0.90 3.32 7.07 1.00 0.00
0.90 3.32 7.25 1.00 0.00
0.90 3.32 7.42 1.00 0.00
0.90 3.32 7.60 1.00 0.00
0.90 3.32 7.77 1.00 0.00
0.90 3.32 7.95 1.00 0.00
0.90 3.32 8.12 1.00 0.00
0.90 3.32 8.30 1.00 0.00
0.90 3.32 8.47 1.00 0.00
0.90 3.32 8.65 1.00 0.00
0.90 3.32 8.82 1.00 0.00
1.10 3.32 5.78 1.00 0.00
1.10 3.32 5.96 1.00 0.00
1.10 3.32 6.13 1.00 0.00
1.10 3.32 6.31 1.00 0.00
1.10 3.32 6.48 1.00 0.00
1.10 3.32 6.66 1.00 0.00
1.10 3.32 6.83 1.00 0.00
1.10 3.32 7.01 1.00 0.00
1.10 3.32 7.18 1.00 0.00
1.10 3.32 7.36 1.00 0.00
1.10 3.32 7.53 1.00 0.00
1.10 3.32 7.70 1.00 0.00
1.10 3.32 7.88 1.00 0.00
1.10 3.32 8.05 1.00 0.00
1.10 3.32 8.23 1.00 0.00
1.10 3.32 8.40 1.00 0.00
1.10 3.32 8.58 1.00 0.00
1.10 3.32 8.75 1.00 0.00
0.30 3.49 6.07 1.00 0.00
0.30 3.49 6.25 1.00 0.00
0.30 3.49 6.42 1.00 0.00
0.30 3.49 6.60 1.00 0.00
0.30 3.49 6.77 1.00 0.00
0.30 3.49 6.95 1.00 0.00
0.30 3.49 7.12 1.00 0.00
0.30 3.49 7.29 1.00 0.00
0.30 3.49 7.47 1.00 0.00
0.30 3.49 7.64 1.00 0.00
0.30 3.49 7.82 1.00 0.00
0.30 3.49 7.99 1.00 0.00
0.30 3.49 8.17 1.00 0.00
0.30 3.49 8.34 1.00 0.00
0.30 3.49 8.52 1.00 0.00
0.30 3.49 8.69 1.00 0.00
0.30 3.49 8.87 1.00 0.00
0.30 3.49 9.04 1.00 0.00
0.50 3.49 6.00 1.00 0.00
0.50 3.49 6.17 1.00 0.00
0.50 3.49 6.35 1.00 0.00
0.50 3.49 6.52 1.00 0.00
0.50 3.49 6.69 1.00 0.00
0.50 3.49 6.87 1.00 0.00
0.50 3.49 7.04 1.00 0.00
0.50 3.49 7.22 1.00 0.00
0.50 3.49 7.39 1.00 0.00
0.50 3.49 7.57 1.00 0.00
0.50 3.49 7.74 1.00 0.00
0.50 3.49 7.92 1.00 0.00
0.50 3.49 8.09 1.00 0.00
0.50 3.49 8.27 1.00 0.00
0.50 3.49 8.44 1.00 0.00
0.50 3.49 8.61 1.00 0.00
0.50 3.49 8.79 1.00 0.00
0.50 3.49 8.96 1.00 0.00
0.70 3.49 5.92 1.00 0.00
0.70 3.49 6.09 1.00 0.00
0.70 3.49 6.27 1.00 0.00
0.70 3.49 6.44 1.00 0.00
0.70 3.49 6.62 1.00 0.00
0.70 3.49 6.79 1.00 0.00
0.70 3.49 6.97 1.00 0.00
0.70 3.49 7.14 1.00 0.00
0.70 3.49 7.32 1.00 0.00
0.70 3.49 7.49 1.00 0.00
0.70 3.49 7.67 1.00 0.00
0.70 3.49 7.84 1.00 0.00
0.70 3.49 8.01 1.00 0.00
0.70 3.49 8.19 1.00 0.00
0.70 3.49 8.36 1.00 0.00
0.70 3.49 8.54 1.00 0.00
0.70 3.49 8.71 1.00 0.00
0.70 3.49 8.89 1.00 0.00
0.90 3.49 5.84 1.00 0.00
0.90 3.49 6.02 1.00 0.00
0.90 3.49 6.19 1.00 0.00
0.90 3.49 6.37 1.00 0.00
0.90 3.49 6.54 1.00 0.00
0.90 3.49 6.72 1.00 0.00
0.90 3.49 6.89 1.00 0.00
0.90 3.49 7.06 1.00 0.00
0.90 3.49 7.24 1.00 0.00
0.90 3.49 7.41 1.00 0.00
0.90 3.49 7.59 1.00 0.00
0.90 3.49 7.76 1.00 0.00
0.90 3.49 7.94 1.00 0.00
0.90 3.49 8.11 1.00 0.00
0.90 3.49 8.29 1.00 0.00
0.90 3.49 8.46 1.00 0.00
0.90 3.49 8.64 1.00 0.00
0.90 3.49 8.81 1.00 0.00
1.10 3.49 5.77 1.00 0.00
1.10 3.49 5.94 1.00 0.00
1.10 3.49 6.12 1.00 0.00
1.10 3.49 6.29 1.00 0.00
1.10 3.49 6.47 1.00 0.00
1.10 3.49 6.64 1.00 0.00
1.10 3.49 6.81 1.00 0.00
1.10 3.49 6.99 1.00 0.00
1.10 3.49 7.16 1.00 0.00
1.10 3.49 7.34 1.00 0.00
1.10 3.49 7.51 1.00 0.00
1.10 3.49 7.69 1.00 0.00
1.10 3.49 7.86 1.00 0.00
1.10 3.49 8.04 1.00 0.00
1.10 3.49 8.21 1.00 0.00
1.10 3.49 8.39 1.00 0.00
1.10 3.49 8.56 1.00 0.00
1.10 3.49 8.73 1.00 0.00
0.30 3.67 6.08 1.00 0.00
0.30 3.67 6.25 1.00 0.00
0.30 3.67 6.43 1.00 0.00
0.30 3.67 6.60 1.00 0.00
0.30 3.67 6.78 1.00 0.00
0.30 3.67 6.95 1.00 0.00
0.30 3.67 7.12 1.00 0.00
0.30 3.67 7.30 1.00 0.00
0.30 3.67 7.47 1.00 0.00
0.30 3.67 7.65 1.00 0.00
0.30 3.67 7.82 1.00 0.00
0.30 3.67 8.00 1.00 0.00
0.30 3.67 8.17 1.00 0.00
0.30 3.67 8.35 1.00 0.00
0.30 3.67 8.52 1.00 0.00
0.30 3.67 8.70 1.00 0.00
0.30 3.67 8.87 1.00 0.00
0.30 3.67 9.04 1.00 0.00
0.50 3.67 6.00 1.00 0.00
0.50 3.67 6.18 1.00 0.00
0.50 3.67 6.35 1.00 0.00
0.50 3.67 6.53 1.00 0.00
0.50 3.67 6.70 1.00 0.00
0.50 3.67 6.87 1.00 0.00
0.50 3.67 7.05 1.00 0.00
0.50 3.67 7.22 1.00 0.00
0.50 3.67 7.40 1.00 0.00
0.50 3.67 7.57 1.00 0.00
0.50 3.67 7.75 1.00 0.00
0.50 3.67 7.92 1.00 0.00
0.50 3.67 8.10 1.00 0.00
0.50 3.67 8.27 1.00 0.00
0.50 3.67 8.45 1.00 0.00
0.50 3.67 8.62 1.00 0.00
0.50 3.67 8.79 1.00 0.00
0.50 3.67 8.97 1.00 0.00
0.70 3.67 5.92 1.00 0.00
0.70 3.67 6.10 1.00 0.00
0.70 3.67 6.27 1.00 0.00
0.70 3.67 6.45 1.00 0.00
0.70 3.67 6.62 1.00 0.00
0.70 3.67 6.80 1.00 0.00
0.70 3.67 6.97 1.00 0.00
0.70 3.67 7.15 1.00 0.00
0.70 3.67 7.32 1.00 0.00
0.70 3.67 7.49 1.00 0.00
0.70 3.67 7.67 1.00 0.00
0.70 3.67 7.84 1.00 0.00
0.70 3.67 8.02 1.00 0.00
0.70 3.67 8.19 1.00 0.00
0.70 3.67 8.37 1.00 0.00
0.70 3.67 8.54 1.00 0.00
0.70 3.67 8.72 1.00 0.00
0.70 3.67 8.89 1.00 0.00
0.90 3.67 5.84 1.00 0.00
0.90 3.67 6.02 1.00 0.00
0.90 3.67 6.19 1.00 0.00
0.90 3.67 6.37 1.00 0.00
0.90 3.67 6.54 1.00 0.00
0.90 3.67 6.72 1.00 0.00
0.90 3.67 6.89 1.00 0.00
0.90 3.67 7.06 1.00 0.00
0.90 3.67 7.24 1.00 0.00
0.90 3.67 7.41 1.00 0.00
0.90 3.67 7.59 1.00 0.00
0.90 3.67 7.76 1.00 0.00
0.90 3.67 7.94 1.00 0.00
0.90 3.67 8.11 1.00 0.00
0.90 3.67 8.29 1.00 0.00
0.90 3.67 8.46 1.00 0.00
0.90 3.67 8.64 1.00 0.00
0.90 3.67 8.81 1.00 0.00
1.10 3.67 5.76 1.00 0.00
1.10 3.67 5.94 1.00 0.00
1.10 3.67 6.11 1.00 0.00
1.10 3.67 6.28 1.00 0.00
1.10 3.67 6.46 1.00 0.00
1.10 3.67 6.63 1.00 0.00
1.10 3.67 6.81 1.00 0.00
1.10 3.67 6.98 1.00 0.00
1.10 3.67 7.16 1.00 0.00
1.10 3.67 7.33 1.00 0.00
1.10 3.67 7.51 1.00 0.00
1.10 3.67 7.68 1.00 0.00
1.10 3.67 7.86 1.00 0.00
1.10 3.67 8.03 1.00 0.00
1.10 3.67 8.20 1.00 0.00
1.10 3.67 8.38 1.00 0.00
1.10 3.67 8.55 1.00 0.00
1.10 3.67 8.73 1.00 0.00
0.30 3.84 6.09 1.00 0.00
0.30 3.84 6.26 1.00 0.00
0.30 3.84 6.43 1.00 0.00
0.30 3.84 6.61 1.00 0.00
0.30 3.84 6.78 1.00 0.00
0.30 3.84 6.96 1.00 0.00
0.30 3.84 7.13 1.00 0.00
0.30 3.84 7.31 1.00 0.00
0.30 3.84 7.48 1.00 0.00
0.30 3.84 7.66 1.00 0.00
0.30 3.84 7.83 1.00 0.00
0.30 3.84 8.01 1.00 0.00
0.30 3.84 8.18 1.00 0.00
0.30 3.84 8.35 1.00 0.00
0.30 3.84 8.53 1.00 0.00
0.30 3.84 8.70 1.00 0.00
0.30 3.84 8.88 1.00 0.00
0.30 3.84 9.05 1.00 0.00
0.50 3.84 6.01 1.00 0.00
0.50 3.84 6.19 1.00 0.00
0.50 3.84 6.36 1.00 0.00
0.50 3.84 6.54 1.00 0.00
0.50 3.84 6.71 1.00 0.00
0.50 3.84 6.89 1.00 0.00
0.50 3.84 7.06 1.00 0.00
0.50 3.84 7.24 1.00 0.00
0.50 3.84 7.41 1.00 0.00
0.50 3.84 7.58 1.00 0.00
0.50 3.84 7.76 1.00 0.00
0.50 3.84 7.93 1.00 0.00
0.50 3.84 8.11 1.00 0.00
0.50 3.84 8.28 1.00 0.00
0.50 3.84 8.46 1.00 0.00
0.50 3.84 8.63 1.00 0.00
0.50 3.84 8.81 1.00 0.00
0.50 3.84 8.98 1.00 0.00
0.70 3.84 5.94 1.00 0.00
0.70 3.84 6.11 1.00 0.00
0.70 3.84 6.29 1.00 0.00
0.70 3.84 6.46 1.00 0.00
0.70 3.84 6.63 1.00 0.00
0.70 3.84 6.81 1.00 0.00
0.70 3.84 6.98 1.00 0.00
0.70 3.84 7.16 1.00 0.00
0.70 3.84 7.33 1.00 0.00
0.70 3.84 7.51 1.00 0.00
0.70 3.84 7.68 1.00 0.00
0.70 3.84 7.86 1.00 0.00
0.70 3.84 8.03 1.00 0.00
0.70 3.84 8.21 1.00 0.00
0.70 3.84 8.38 1.00 0.00
0.70 3.84 8.55 1.00 0.00
0.70 3.84 8.73 1.00 0.00
0.70 3.84 8.90 1.00 0.00
0.90 3.84 5.85 1.00 0.00
0.90 3.84 6.03 1.00 0.00
0.90 3.84 6.20 1.00 0.00
0.90 3.84 6.38 1.00 0.00
0.90 3.84 6.55 1.00 0.00
0.90 3.84 6.73 1.00 0.00
0.90 3.84 6.90 1.00 0.00
0.90 3.84 7.08 1.00 0.00
0.90 3.84 7.25 1.00 0.00
0.90 3.84 7.43 1.00 0.00
0.90 3.84 7.60 1.00 0.00
0.90 3.84 7.77 1.00 0.00
0.90 3.84 7.95 1.00 0.00
0.90 3.84 8.12 1.00 0.00
0.90 3.84 8.30 1.00 0.00
0.90 3.84 8.47 1.00 0.00
0.90 3.84 8.65 1.00 0.00
0.90 3.84 8.82 1.00 0.00
1.10 3.84 5.77 1.00 0.00
1.10 3.84 5.94 1.00 0.00
1.10 3.84 6.12 1.00 0.00
1.10 3.84 6.29 1.00 0.00
1.10 3.84 6.47 1.00 0.00
1.10 3.84 6.64 1.00 0.00
1.10 3.84 6.82 1.00 0.00
1.10 3.84 6.99 1.00 0.00
1.10 3.84 7.17 1.00 0.00
1.10 3.84 7.34 1.00 0.00
1.10 3.84 7.51 1.00 0.00
1.10 3.84 7.69 1.00 0.00
1.10 3.84 7.86 1.00 0.00
1.10 3.84 8.04 1.00 0.00
1.10 3.84 8.21 1.00 0.00
1.10 3.84 8.39 1.00 0.00
1.10 3.84 8.56 1.00 0.00
1.10 3.84 8.74 1.00 0.00
0.30 4.01 6.10 1.00 0.00
0.30 4.01 6.27 1.00 0.00
0.30 4.01 6.45 1.00 0.00
0.30 4.01 6.62 1.00 0.00
0.30 4.01 6.80 1.00 0.00
0.30 4.01 6.97 1.00 0.00
0.30 4.01 7.14 1.00 0.00
0.30 4.01 7.32 1.00 0.00
0.30 4.01 7.49 1.00 0.00
0.30 4.01 7.67 1.00 0.00
0.30 4.01 7.84 1.00 0.00
0.30 4.01 8.02 1.00 0.00
0.30 4.01 8.19 1.00 0.00
0.30 4.01 8.37 1.00 0.00
0.30 4.01 8.54 1.00 0.00
0.30 4.01 8.72 1.00 0.00
0.30 4.01 8.89 1.00 0.00
0.30 4.01 9.06 1.00 0.00
0.50 4.01 6.03 1.00 0.00
0.50 4.01 6.21 1.00 0.00
0.50 4.01 6.38 1.00 0.00
0.50 4.01 6.56 1.00 0.00
0.50 4.01 6.73 1.00 0.00
0.50 4.01 6.90 1.00 0.00
0.50 4.01 7.08 1.00 0.00
0.50 4.01 7.25 1.00 0.00
0.50 4.01 7.43 1.00 0.00
0.50 4.01 7.60 1.00 0.00
0.50 4.01 7.78 1.00 0.00
0.50 4.01 7.95 1.00 0.00
0.50 4.01 8.13 1.00 0.00
0.50 4.01 8.30 1.00 0.00
0.50 4.01 8.48 1.00 0.00
0.50 4.01 8.65 1.00 0.00
0.50 4.01 8.82 1.00 0.00
0.50 4.01 9.00 1.00 0.00
0.70 4.01 5.96 1.00 0.00
0.70 4.01 6.13 1.00 0.00
0.70 4.01 6.31 1.00 0.00
0.70 4.01 6.48 1.00 0.00
0.70 4.01 6.66 1.00 0.00
0.70 4.01 6.83 1.00 0.00
0.70 4.01 7.01 1.00 0.00
0.70 4.01 7.18 1.00 0.00
0.70 4.01 7.36 1.00 0.00
0.70 4.01 7.53 1.00 0.00
0.70 4.01 7.70 1.00 0.00
0.70 4.01 7.88 1.00 0.00
0.70 4.01 8.05 1.00 0.00
0.70 4.01 8.23 1.00 0.00
0.70 4.01 8.40 1.00 0.00
0.70 4.01 8.58 1.00 0.00
0.70 4.01 8.75 1.00 0.00
0.70 4.01 8.93 1.00 0.00
0.90 4.01 5.88 1.00 0.00
0.90 4.01 6.05 1.00 0.00
0.90 4.01 6.23 1.00 0.00
0.90 4.01 6.40 1.00 0.00
0.90 4.01 6.58 1.00 0.00
0.90 4.01 6.75 1.00 0.00
0.90 4.01 6.93 1.00 0.00
0.90 4.01 7.10 1.00 0.00
0.90 4.01 7.28 1.00 0.00
0.90 4.01 7.45 1.00 0.00
0.90 4.01 7.63 1.00 0.00
0.90 4.01 7.80 1.00 0.00
0.90 4.01 7.97 1.00 0.00
0.90 4.01 8.15 1.00 0.00
0.90 4.01 8.32 1.00 0.00
0.90 4.01 8.50 1.00 0.00
0.90 4.01 8.67 1.00 0.00
0.90 4.01 8.85 1.00 0.00
1.10 4.01 5.79 1.00 0.00
1.10 4.01 5.97 1.00 0.00
1.10 4.01 6.14 1.00 0.00
1.10 4.01 6.32 1.00 0.00
1.10 4.01 6.49 1.00 0.00
1.10 4.01 6.67 1.00 0.00
1.10 4.01 6.84 1.00 0.00
1.10 4.01 7.02 1.00 0.00
1.10 4.01 7.19 1.00 0.00
1.10 4.01 7.36 1.00 0.00
1.10 4.01 7.54 1.00 0.00
1.10 4.01 7.71 1.00 0.00
1.10 4.01 7.89 1.00 0.00
1.10 4.01 8.06 1.00 0.00
1.10 4.01 8.24 1.00 0.00
1.10 4.01 8.41 1.00 0.00
1.10 4.01 8.59 1.00 0.00
1.10 4.01 8.76 1.00 0.00
0.30 4.19 6.11 1.00 0.00
0.30 4.19 6.29 1.00 0.00
0.30 4.19 6.46 1.00 0.00
0.30 4.19 6.64 1.00 0.00
0.30 4.19 6.81 1.00 0.00
0.30 4.19 6.98 1.00 0.00
0.30 4.19 7.16 1.00 0.00
0.30 4.19 7.33 1.00 0.00
0.30 4.19 7.51 1.00 0.00
0.30 4.19 7.68 1.00 0.00
0.30 4.19 7.86 1.00 0.00
0.30 4.19 8.03 1.00 0.00
0.30 4.19 8.21 1.00 0.00
0.30 4.19 8.38 1.00 0.00
0.30 4.19 8.56 1.00 0.00
0.30 4.19 8.73 1.00 0.00
0.30 4.19 8.90 1.00 0.00
0.30 4.19 9.08 1.00 0.00
0.50 4.19 6.06 1.00 0.00
0.50 4.19 6.23 1.00 0.00
0.50 4.19 6.41 1.00 0.00
0.50 4.19 6.58 1.00 0.00
0.50 4.19 6.75 1.00 0.00
0.50 4.19 6.93 1.00 0.00
0.50 4.19 7.10 1.00 0.00
0.50 4.19 7.28 1.00 0.00
0.50 4.19 7.45 1.00 0.00
0.50 4.19 7.63 1.00 0.00
0.50 4.19 7.80 1.00 0.00
0.50 4.19 7.98 1.00 0.00
0.50 4.19 8.15 1.00 0.00
0.50 4.19 8.33 1.00 0.00
0.50 4.19 8.50 1.00 0.00
0.50 4.19 8.67 1.00 0.00
0.50 4.19 8.85 1.00 0.00
0.50 4.19 9.02 1.00 0.00
0.70 4.19 5.99 1.00 0.00
0.70 4.19 6.17 1.00 0.00
0.70 4.19 6.34 1.00 0.00
0.70 4.19 6.52 1.00 0.00
0.70 4.19 6.69 1.00 0.00
0.70 4.19 6.87 1.00 0.00
0.70 4.19 7.04 1.00 0.00
0.70 4.19 7.21 1.00 0.00
0.70 4.19 7.39 1.00 0.00
0.70 4.19 7.56 1.00 0.00
0.70 4.19 7.74 1.00 0.00
0.70 4.19 7.91 1.00 0.00
0.70 4.19 8.09 1.00 0.00
0.70 4.19 8.26 1.00 0.00
0.70 4.19 8.44 1.00 0.00
0.70 4.19 8.61 1.00 0.00
0.70 4.19 8.79 1.00 0.00
0.70 4.19 8.96 1.00 0.00
0.90 4.19 5.92 1.00 0.00
0.90 4.19 6.10 1.00 0.00
0.90 4.19 6.27 1.00 0.00
0.90 4.19 6.44 1.00 0.00
0.90 4.19 6.62 1.00 0.00
0.90 4.19 6.79 1.00 0.00
0.90 4.19 6.97 1.00 0.00
0.90 4.19 7.14 1.00 0.00
0.90 4.19 7.32 1.00 0.00
0.90 4.19 7.49 1.00 0.00
0.90 4.19 7.67 1.00 0.00
0.90 4.19 7.84 1.00 0.00
0.90 4.19 8.02 1.00 0.00
0.90 4.19 8.19 1.00 0.00
0.90 4.19 8.36 1.00 0.00
0.90 4.19 8.54 1.00 0.00
0.90 4.19 8.71 1.00 0.00
0.90 4.19 8.89 1.00 0.00
1.10 4.19 5.84 1.00 0.00
1.10 4.19 6.01 1.00 0.00
1.10 4.19 6.19 1.00 0.00
1.10 4.19 6.36 1.00 0.00
1.10 4.19 6.54 1.00 0.00
1.10 4.19 6.71 1.00 0.00
1.10 4.19 6.89 1.00 0.00
1.10 4.19 7.06 1.00 0.00
1.10 4.19 7.24 1.00 0.00
1.10 4.19 7.41 1.00 0.00
1.10 4.19 7.58 1.00 0.00
1.10 4.19 7.76 1.00 0.00
1.10 4.19 7.93 1.00 0.00
1.10 4.19 8.11 1.00 0.00
1.10 4.19 8.28 1.00 0.00
1.10 4.19 8.46 1.00 0.00
1.10 4.19 8.63 1.00 0.00
1.10 4.19 8.81 1.00 0.00
0.30 4.36 6.13 1.00 0.00
0.30 4.36 6.30 1.00 0.00
0.30 4.36 6.48 1.00 0.00
0.30 4.36 6.65 1.00 0.00
0.30 4.36 6.83 1.00 0.00
0.30 4.36 7.00 1.00 0.00
0.30 4.36 7.18 1.00 0.00
0.30 4.36 7.35 1.00 0.00
0.30 4.36 7.53 1.00 0.00
0.30 4.36 7.70 1.00 0.00
0.30 4.36 7.88 1.00 0.00
0.30 4.36 8.05 1.00 0.00
0.30 4.36 8.22 1.00 0.00
0.30 4.36 8.40 1.00 0.00
0.30 4.36 8.57 1.00 0.00
0.30 4.36 8.75 1.00 0.00
0.30 4.36 8.92 1.00 0.00
0.30 4.36 9.10 1.00 0.00
0.50 4.36 6.09 1.00 0.00
0.50 4.36 6.26 1.00 0.00
0.50 4.36 6.44 1.00 0.00
0.50 4.36 6.61 1.00 0.00
0.50 4.36 6.79 1.00 0.00
0.50 4.36 6.96 1.00 0.00
0.50 4.36 7.13 1.00 0.00
0.50 4.36 7.31 1.00 0.00
0.50 4.36 7.48 1.00 0.00
0.50 4.36 7.66 1.00 0.00
0.50 4.36 7.83 1.00 0.00
0.50 4.36 8.01 1.00 0.00
0.50 4.36 8.18 1.00 0.00
0.50 4.36 8.36 1.00 0.00
0.50 4.36 8.53 1.00 0.00
0.50 4.36 8.71 1.00 0.00
0.50 4.36 8.88 1.00 0.00
0.50 4.36 9.05 1.00 0.00
0.70 4.36 6.04 1.00 0.00
0.70 4.36 6.21 1.00 0.00
0.70 4.36 6.39 1.00 0.00
0.70 4.36 6.56 1.00 0.00
0.70 4.36 6.74 1.00 0.00
0.70 4.36 6.91 1.00 0.00
0.70 4.36 7.08 1.00 0.00
0.70 4.36 7.26 1.00 0.00
0.70 4.36 7.43 1.00 0.00
0.70 4.36 7.61 1.00 0.00
0.70 4.36 7.78 1.00 0.00
0.70 4.36 7.96 1.00 0.00
0.70 4.36 8.13 1.00 0.00
0.70 4.36 8.31 1.00 0.00
0.70 4.36 8.48 1.00 0.00
0.70 4.36 8.66 1.00 0.00
0.70 4.36 8.83 1.00 0.00
0.70 4.36 9.00 1.00 0.00
0.90 4.36 5.98 1.00 0.00
0.90 4.36 6.15 1.00 0.00
0.90 4.36 6.33 1.00 0.00
0.90 4.36 6.50 1.00 0.00
0.90 4.36 6.68 1.00 0.00
0.90 4.36 6.85 1.00 0.00
0.90 4.36 7.03 1.00 0.00
0.90 4.36 7.20 1.00 0.00
0.90 4.36 7.37 1.00 0.00
0.90 4.36 7.55 1.00 0.00
0.90 4.36 7.72 1.00 0.00
0.90 4.36 7.90 1.00 0.00
0.90 4.36 8.07 1.00 0.00
0.90 4.36 8.25 1.00 0.00
0.90 4.36 8.42 1.00 0.00
0.90 4.36 8.60 1.00 0.00
0.90 4.36 8.77 1.00 0.00
0.90 4.36 8.95 1.00 0.00
1.10 4.36 5.91 1.00 0.00
1.10 4.36 6.08 1.00 0.00
1.10 4.36 6.26 1.00 0.00
1.10 4.36 6.43 1.00 0.00
1.10 4.36 6.61 1.00 0.00
1.10 4.36 6.78 1.00 0.00
1.10 4.36 6.96 1.00 0.00
1.10 4.36 7.13 1.00 0.00
1.10 4.36 7.31 1.00 0.00
1.10 4.36 7.48 1.00 0.00
1.10 4.36 7.65 1.00 0.00
1.10 4.36 7.83 1.00 0.00
1.10 4.36 8.00 1.00 0.00
1.10 4.36 8.18 1.00 0.00
1.10 4.36 8.35 1.00 0.00
1.10 4.36 8.53 1.00 0.00
1.10 4.36 8.70 1.00 0.00
1.10 4.36 8.88 1.00 0.00
0.30 4.54 6.15 1.00 0.00
0.30 4.54 6.32 1.00 0.00
0.30 4.54 6.50 1.00 0.00
0.30 4.54 6.67 1.00 0.00
0.30 4.54 6.85 1.00 0.00
0.30 4.54 7.02 1.00 0.00
0.30 4.54 7.20 1.00 0.00
0.30 4.54 7.37 1.00 0.00
0.30 4.54 7.55 1.00 0.00
0.30 4.54 7.72 1.00 0.00
0.30 4.54 7.90 1.00 0.00
0.30 4.54 8.07 1.00 0.00
0.30 4.54 8.24 1.00 0.00
0.30 4.54 8.42 1.00 0.00
0.30 4.54 8.59 1.00 0.00
0.30 4.54 8.77 1.00 0.00
0.30 4.54 8.94 1.00 0.00
0.30 4.54 9.12 1.00 0.00
0.50 4.54 6.12 1.00 0.00
0.50 4.54 6.30 1.00 0.00
0.50 4.54 6.47 1.00 0.00
0.50 4.54 6.65 1.00 0.00
0.50 4.54 6.82 1.00 0.00
0.50 4.54 7.00 1.00 0.00
0.50 4.54 7.17 1.00 0.00
0.50 4.54 7.34 1.00 0.00
0.50 4.54 7.52 1.00 0.00
0.50 4.54 7.69 1.00 0.00
0.50 4.54 7.87 1.00 0.00
0.50 4.54 8.04 1.00 0.00
0.50 4.54 8.22 1.00 0.00
0.50 4.54 8.39 1.00 0.00
0.50 4.54 8.57 1.00 0.00
0.50 4.54 8.74 1.00 0.00
0.50 4.54 8.92 1.00 0.00
0.50 4.54 9.09 1.00 0.00
0.70 4.54 6.09 1.00 0.00
0.70 4.54 6.26 1.00 0.00
0.70 4.54 6.44 1.00 0.00
0.70 4.54 6.61 1.00 0.00
0.70 4.54 6.79 1.00 0.00
0.70 4.54 6.96 1.00 0.00
0.70 4.54 7.14 1.00 0.00
0.70 4.54 7.31 1.00 0.00
0.70 4.54 7.49 1.00 0.00
0.70 4.54 7.66 1.00 0.00
0.70 4.54 7.84 1.00 0.00
0.70 4.54 8.01 1.00 0.00
0.70 4.54 8.18 1.00 0.00
0.70 4.54 8.36 1.00 0.00
0.70 4.54 8.53 1.00 0.00
0.70 4.54 8.71 1.00 0.00
0.70 4.54 8.88 1.00 0.00
0.70 4.54 9.06 1.00 0.00
0.90 4.54 6.05 1.00 0.00
0.90 4.54 6.23 1.00 0.00
0.90 4.54 6.40 1.00 0.00
0.90 4.54 6.57 1.00 0.00
0.90 4.54 6.75 1.00 0.00
0.90 4.54 6.92 1.00 0.00
0.90 4.54 7.10 1.00 0.00
0.90 4.54 7.27 1.00 0.00
0.90 4.54 7.45 1.00 0.00
0.90 4.54 7.62 1.00 0.00
0.90 4.54 7.80 1.00 0.00
0.90 4.54 7.97 1.00 0.00
0.90 4.54 8.15 1.00 0.00
0.90 4.54 8.32 1.00 0.00
0.90 4.54 8.49 1.00 0.00
0.90 4.54 8.67 1.00 0.00
0.90 4.54 8.84 1.00 0.00
0.90 4.54 9.02 1.00 0.00
1.10 4.54 6.00 1.00 0.00
1.10 4.54 6.18 1.00 0.00
1.10 4.54 6.35 1.00 0.00
1.10 4.54 6.53 1.00 0.00
1.10 4.54 6.70 1.00 0.00
1.10 4.54 6.88 1.00 0.00
1.10 4.54 7.05 1.00 0.00
1.10 4.54 7.22 1.00 0.00
1.10 4.54 7.40 1.00 0.00
1.10 4.54 7.57 1.00 0.00
1.10 4.54 7.75 1.00 0.00
1.10 4.54 7.92 1.00 0.00
1.10 4.54 8.10 1.00 0.00
1.10 4.54 8.27 1.00 0.00
1.10 4.54 8.45 1.00 0.00
1.10 4.54 8.62 1.00 0.00
1.10 4.54 8.80 1.00 0.00
1.10 4.54 8.97 1.00 0.00
0.30 4.71 6.17 1.00 0.00
0.30 4.71 6.35 1.00 0.00
0.30 4.71 6.52 1.00 0.00
0.30 4.71 6.70 1.00 0.00
0.30 4.71 6.87 1.00 0.00
0.30 4.71 7.04 1.00 0.00
0.30 4.71 7.22 1.00 0.00
0.30 4.71 7.39 1.00 0.00
0.30 4.71 7.57 1.00 0.00
0.30 4.71 7.74 1.00 0.00
0.30 4.71 7.92 1.00 0.00
0.30 4.71 8.09 1.00 0.00
0.30 4.71 8.27 1.00 0.00
0.30 4.71 8.44 1.00 0.00
0.30 4.71 8.61 1.00 0.00
0.30 4.71 8.79 1.00 0.00
0.30 4.71 8.96 1.00 0.00
0.30 4.71 9.14 1.00 0.00
0.50 4.71 6.16 1.00 0.00
0.50 4.71 6.34 1.00 0.00
0.50 4.71 6.51 1.00 0.00
0.50 4.71 6.68 1.00 0.00
0.50 4.71 6.86 1.00 0.00
0.50 4.71 7.03 1.00 0.00
0.50 4.71 7.21 1.00 0.00
0.50 4.71 7.38 1.00 0.00
0.50 4.71 7.56 1.00 0.00
0.50 4.71 7.73 1.00 0.00
0.50 4.71 7.91 1.00 0.00
0.50 4.71 8.08 1.00 0.00
0.50 4.71 8.26 1.00 0.00
0.50 4.71 8.43 1.00 0.00
0.50 4.71 8.60 1.00 0.00
0.50 4.71 8.78 1.00 0.00
0.50 4.71 8.95 1.00 0.00
0.50 4.71 9.13 1.00 0.00
0.70 4.71 6.15 1.00 0.00
0.70 4.71 6.32 1.00 0.00
0.70 4.71 6.50 1.00 0.00
0.70 4.71 6.67 1.00 0.00
0.70 4.71 6.85 1.00 0.00
0.70 4.71 7.02 1.00 0.00
0.70 4.71 7.20 1.00 0.00
0.70 4.71 7.37 1.00 0.00
0.70 4.71 7.55 1.00 0.00
0.70 4.71 7.72 1.00 0.00
0.70 4.71 7.89 1.00 0.00
0.70 4.71 8.07 1.00 0.00
0.70 4.71 8.24 1.00 0.00
0.70 4.71 8.42 1.00 0.00
0.70 4.71 8.59 1.00 0.00
0.70 4.71 8.77 1.00 0.00
0.70 4.71 8.94 1.00 0.00
0.70 4.71 9.12 1.00 0.00
0.90 4.71 6.13 1.00 0.00
0.90 4.71 6.31 1.00 0.00
0.90 4.71 6.48 1.00 0.00
0.90 4.71 6.66 1.00 0.00
0.90 4.71 6.83 1.00 0.00
0.90 4.71 7.01 1.00 0.00
0.90 4.71 7.18 1.00 0.00
0.90 4.71 7.36 1.00 0.00
0.90 4.71 7.53 1.00 0.00
0.90 4.71 7.70 1.00 0.00
0.90 4.71 7.88 1.00 0.00
0.90 4.71 8.05 1.00 0.00
0.90 4.71 8.23 1.00 0.00
0.90 4.71 8.40 1.00 0.00
0.90 4.71 8.58 1.00 0.00
0.90 4.71 8.75 1.00 0.00
0.90 4.71 8.93 1.00 0.00
0.90 4.71 9.10 1.00 0.00
1.10 4.71 6.12 1.00 0.00
1.10 4.71 6.29 1.00 0.00
1.10 4.71 6.46 1.00 0.00
1.10 4.71 6.64 1.00 0.00
1.10 4.71 6.81 1.00 0.00
1.10 4.71 6.99 1.00 0.00
1.10 4.71 7.16 1.00 0.00
1.10 4.71 7.34 1.00 0.00
1.10 4.71 7.51 1.00 0.00
1.10 4.71 7.69 1.00 0.00
1.10 4.71 7.86 1.00 0.00
1.10 4.71 8.04 1.00 0.00
1.10 4.71 8.21 1.00 0.00
1.10 4.71 8.38 1.00 0.00
1.10 4.71 8.56 1.00 0.00
1.10 4.71 8.73 1.00 0.00
1.10 4.71 8.91 1.00 0.00
1.10 4.71 9.08 1.00 0.00
0.30 4.89 6.19 1.00 0.00
0.30 4.89 6.37 1.00 0.00
0.30 4.89 6.54 1.00 0.00
0.30 4.89 6.72 1.00 0.00
0.30 4.89 6.89 1.00 0.00
0.30 4.89 7.07 1.00 0.00
0.30 4.89 7.24 1.00 0.00
0.30 4.89 7.42 1.00 0.00
0.30 4.89 7.59 1.00 0.00
0.30 4.89 7.76 1.00 0.00
0.30 4.89 7.94 1.00 0.00
0.30 4.89 8.11 1.00 0.00
0.30 4.89 8.29 1.00 0.00
0.30 4.89 8.46 1.00 0.00
0.30 4.89 8.64 1.00 0.00
0.30 4.89 8.81 1.00 0.00
0.30 4.89 8.99 1.00 0.00
0.30 4.89 9.16 1.00 0.00
0.50 4.89 6.20 1.00 0.00
0.50 4.89 6.38 1.00 0.00
0.50 4.89 6.55 1.00 0.00
0.50 4.89 6.72 1.00 0.00
0.50 4.89 6.90 1.00 0.00
0.50 4.89 7.07 1.00 0.00
0.50 4.89 7.25 1.00 0.00
0.50 4.89 7.42 1.00 0.00
0.50 4.89 7.60 1.00 0.00
0.50 4.89 7.77 1.00 0.00
0.50 4.89 7.95 1.00 0.00
0.50 4.89 8.12 1.00 0.00
0.50 4.89 8.30 1.00 0.00
0.50 4.89 8.47 1.00 0.00
0.50 4.89 8.64 1.00 0.00
0.50 4.89 8.82 1.00 0.00
0.50 4.89 8.99 1.00 0.00
0.50 4.89 9.17 1.00 0.00
0.70 4.89 6.21 1.00 0.00
0.70 4.89 6.38 1.00 0.00
0.70 4.89 6.56 1.00 0.00
0.70 4.89 6.73 1.00 0.00
0.70 4.89 6.91 1.00 0.00
0.70 4.89 7.08 1.00 0.00
0.70 4.89 7.26 1.00 0.00
0.70 4.89 7.43 1.00 0.00
0.70 4.89 7.61 1.00 0.00
0.70 4.89 7.78 1.00 0.00
0.70 4.89 7.96 1.00 0.00
0.70 4.89 8.13 1.00 0.00
0.70 4.89 8.30 1.00 0.00
0.70 4.89 8.48 1.00 0.00
0.70 4.89 8.65 1.00 0.00
0.70 4.89 8.83 1.00 0.00
0.70 4.89 9.00 1.00 0.00
0.70 4.89 9.18 1.00 0.00
0.90 4.89 6.22 1.00 0.00
0.90 4.89 6.40 1.00 0.00
0.90 4.89 6.57 1.00 0.00
0.90 4.89 6.75 1.00 0.00
0.90 4.89 6.92 1.00 0.00
0.90 4.89 7.09 1.00 0.00
0.90 4.89 7.27 1.00 0.00
0.90 4.89 7.44 1.00 0.00
0.90 4.89 7.62 1.00 0.00
0.90 4.89 7.79 1.00 0.00
0.90 4.89 7.97 1.00 0.00
0.90 4.89 8.14 1.00 0.00
0.90 4.89 8.32 1.00 0.00
0.90 4.89 8.49 1.00 0.00
0.90 4.89 8.67 1.00 0.00
0.90 4.89 8.84 1.00 0.00
0.90 4.89 9.01 1.00 0.00
0.90 4.89 9.19 1.00 0.00
1.10 4.89 6.24 1.00 0.00
1.10 4.89 6.41 1.00 0.00
1.10 4.89 6.59 1.00 0.00
1.10 4.89 6.76 1.00 0.00
1.10 4.89 6.93 1.00 0.00
1.10 4.89 7.11 1.00 0.00
1.10 4.89 7.28 1.00 0.00
1.10 4.89 7.46 1.00 0.00
1.10 4.89 7.63 1.00 0.00
1.10 4.89 7.81 1.00 0.00
1.10 4.89 7.98 1.00 0.00
1.10 4.89 8.16 1.00 0.00
1.10 4.89 8.33 1.00 0.00
1.10 4.89 8.50 1.00 0.00
1.10 4.89 8.68 1.00 0.00
1.10 4.89 8.85 1.00 0.00
1.10 4.89 9.03 1.00 0.00
1.10 4.89 9.20 1.00 0.00
0.30 5.06 6.21 1.00 0.00
0.30 5.06 6.39 1.00 0.00
0.30 5.06 6.56 1.00 0.00
0.30 5.06 6.74 1.00 0.00
0.30 5.06 6.91 1.00 0.00
0.30 5.06 7.09 1.00 0.00
0.30 5.06 7.26 1.00 0.00
0.30 5.06 7.44 1.00 0.00
0.30 5.06 7.61 1.00 0.00
0.30 5.06 7.79 1.00 0.00
0.30 5.06 7.96 1.00 0.00
0.30 5.06 8.13 1.00 0.00
0.30 5.06 8.31 1.00 0.00
0.30 5.06 8.48 1.00 0.00
0.30 5.06 8.66 1.00 0.00
0.30 5.06 8.83 1.00 0.00
0.30 5.06 9.01 1.00 0.00
0.30 5.06 9.18 1.00 0.00
0.50 5.06 6.24 1.00 0.00
0.50 5.06 6.41 1.00 0.00
0.50 5.06 6.59 1.00 0.00
0.50 5.06 6.76 1.00 0.00
0.50 5.06 6.94 1.00 0.00
0.50 5.06 7.11 1.00 0.00
0.50 5.06 7.29 1.00 0.00
0.50 5.06 7.46 1.00 0.00
0.50 5.06 7.64 1.00 0.00
0.50 5.06 7.81 1.00 0.00
0.50 5.06 7.99 1.00 0.00
0.50 5.06 8.16 1.00 0.00
0.50 5.06 8.33 1.00 0.00
0.50 5.06 8.51 1.00 0.00
0.50 5.06 8.68 1.00 0.00
0.50 5.06 8.86 1.00 0.00
0.50 5.06 9.03 1.00 0.00
0.50 5.06 9.21 1.00 0.00
0.70 5.06 6.27 1.00 0.00
0.70 5.06 6.44 1.00 0.00
0.70 5.06 6.62 1.00 0.00
0.70 5.06 6.79 1.00 0.00
0.70 5.06 6.97 1.00 0.00
0.70 5.06 7.14 1.00 0.00
0.70 5.06 7.32 1.00 0.00
0.70 5.06 7.49 1.00 0.00
0.70 5.06 7.67 1.00 0.00
0.70 5.06 7.84 1.00 0.00
0.70 5.06 8.02 1.00 0.00
0.70 5.06 8.19 1.00 0.00
0.70 5.06 8.36 1.00 0.00
0.70 5.06 8.54 1.00 0.00
0.70 5.06 8.71 1.00 0.00
0.70 5.06 8.89 1.00 0.00
0.70 5.06 9.06 1.00 0.00
0.70 5.06 9.24 1.00 0.00
0.90 5.06 0.02 1.00 0.00
0.90 5.06 0.20 1.00 0.00
0.90 5.06 0.37 1.00 0.00
0.90 5.06 0.55 1.00 0.00
0.90 5.06 0.72 1.00 0.00
0.90 5.06 0.90 1.00 0.00
0.90 5.06 1.07 1.00 0.00
0.90 5.06 1.24 1.00 0.00
0.90 5.06 1.42 1.00 0.00
0.90 5.06 1.59 1.00 0.00
0.90 5.06 1.77 1.00 0.00
0.90 5.06 1.94 1.00 0.00
0.90 5.06 2.12 1.00 0.00
0.90 5.06 2.29 1.00 0.00
0.90 5.06 2.47 1.00 0.00
0.90 5.06 2.64 1.00 0.00
0.90 5.06 2.82 1.00 0.00
0.90 5.06 2.99 1.00 0.00
1.10 5.06 0.07 1.00 0.00
1.10 5.06 0.24 1.00 0.00
1.10 5.06 0.42 1.00 0.00
1.10 5.06 0.59 1.00 0.00
1.10 5.06 0.77 1.00 0.00
1.10 5.06 0.94 1.00 0.00
1.10 5.06 1.11 1.00 0.00
1.10 5.06 1.29 1.00 0.00
1.10 5.06 1.46 1.00 0.00
1.10 5.06 1.64 1.00 0.00
1.10 5.06 1.81 1.00 0.00
1.10 5.06 1.99 1.00 0.00
1.10 5.06 2.16 1.00 0.00
1.10 5.06 2.34 1.00 0.00
1.10 5.06 2.51 1.00 0.00
1.10 5.06 2.69 1.00 0.00
1.10 5.06 2.86 1.00 0.00
1.10 5.06 3.03 1.00 0.00
0.30 5.24 6.24 1.00 0.00
0.30 5.24 6.41 1.00 0.00
0.30 5.24 6.58 1.00 0.00
0.30 5.24 6.76 1.00 0.00
0.30 5.24 6.93 1.00 0.00
0.30 5.24 7.11 1.00 0.00
0.30 5.24 7.28 1.00 0.00
0.30 5.24 7.46 1.00 0.00
0.30 5.24 7.63 1.00 0.00
0.30 5.24 7.81 1.00 0.00
0.30 5.24 7.98 1.00 0.00
0.30 5.24 8.16 1.00 0.00
0.30 5.24 8.33 1.00 0.00
0.30 5.24 8.50 1.00 0.00
0.30 5.24 8.68 1.00 0.00
0.30 5.24 8.85 1.00 0.00
0.30 5.24 9.03 1.00 0.00
0.30 5.24 9.20 1.00 0.00
0.50 5.24 6.28 1.00 0.00
0.50 5.24 6.45 1.00 0.00
0.50 5.24 6.63 1.00 0.00
0.50 5.24 6.80 1.00 0.00
0.50 5.24 6.97 1.00 0.00
0.50 5.24 7.15 1.00 0.00
0.50 5.24 7.32 1.00 0.00
0.50 5.24 7.50 1.00 0.00
0.50 5.24 7.67 1.00 0.00
0.50 5.24 7.85 1.00 0.00
0.50 5.24 8.02 1.00 0.00
0.50 5.24 8.20 1.00 0.00
0.50 5.24 8.37 1.00 0.00
0.50 5.24 8.55 1.00 0.00
0.50 5.24 8.72 1.00 0.00
0.50 5.24 8.89 1.00 0.00
0.50 5.24 9.07 1.00 0.00
0.50 5.24 9.24 1.00 0.00
0.70 5.24 0.04 1.00 0.00
0.70 5.24 0.22 1.00 0.00
0.70 5.24 0.39 1.00 0.00
0.70 5.24 0.56 1.00 0.00
0.70 5.24 0.74 1.00 0.00
0.70 5.24 0.91 1.00 0.00
0.70 5.24 1.09 1.00 0.00
0.70 5.24 1.26 1.00 0.00
0.70 5.24 1.44 1.00 0.00
0.70 5.24 1.61 1.00 0.00
0.70 5.24 1.79 1.00 0.00
0.70 5.24 1.96 1.00 0.00
0.70 5.24 2.14 1.00 0.00
0.70 5.24 2.31 1.00 0.00
0.70 5.24 2.48 1.00 0.00
0.70 5.24 2.66 1.00 0.00
0.70 5.24 2.83 1.00 0.00
0.70 5.24 3.01 1.00 0.00
0.90 5.24 0.10 1.00 0.00
0.90 5.24 0.27 1.00 0.00
0.90 5.24 0.45 1.00 0.00
0.90 5.24 0.62 1.00 0.00
0.90 5.24 0.80 1.00 0.00
0.90 5.24 0.97 1.00 0.00
0.90 5.24 1.14 1.00 0.00
0.90 5.24 1.32 1.00 0.00
0.90 5.24 1.49 1.00 0.00
0.90 5.24 1.67 1.00 0.00
0.90 5.24 1.84 1.00 0.00
0.90 5.24 2.02 1.00 0.00
0.90 5.24 2.19 1.00 0.00
0.90 5.24 2.37 1.00 0.00
0.90 5.24 2.54 1.00 0.00
0.90 5.24 2.72 1.00 0.00
0.90 5.24 2.89 1.00 0.00
0.90 5.24 3.06 1.00 0.00
1.10 5.24 0.16 1.00 0.00
1.10 5.24 0.34 1.00 0.00
1.10 5.24 0.51 1.00 0.00
1.10 5.24 0.69 1.00 0.00
1.10 5.24 0.86 1.00 0.00
1.10 5.24 1.04 1.00 0.00
1.10 5.24 1.21 1.00 0.00
1.10 5.24 1.39 1.00 0.00
1.10 5.24 1.56 1.00 0.00
1.10 5.24 1.73 1.00 0.00
1.10 5.24 1.91 1.00 0.00
1.10 5.24 2.08 1.00 0.00
1.10 5.24 2.26 1.00 0.00
1.10 5.24 2.43 1.00 0.00
1.10 5.24 2.61 1.00 0.00
1.10 5.24 2.78 1.00 0.00
1.10 5.24 2.96 1.00 0.00
1.10 5.24 3.13 1.00 0.00
0.30 5.41 6.25 1.00 0.00
0.30 5.41 6.43 1.00 0.00
0.30 5.41 6.60 1.00 0.00
0.30 5.41 6.78 1.00 0.00
0.30 5.41 6.95 1.00 0.00
0.30 5.41 7.13 1.00 0.00
0.30 5.41 7.30 1.00 0.00
0.30 5.41 7.48 1.00 0.00
0.30 5.41 7.65 1.00 0.00
0.30 5.41 7.82 1.00 0.00
0.30 5.41 8.00 1.00 0.00
0.30 5.41 8.17 1.00 0.00
0.30 5.41 8.35 1.00 0.00
0.30 5.41 8.52 1.00 0.00
0.30 5.41 8.70 1.00 0.00
0.30 5.41 8.87 1.00 0.00
0.30 5.41 9.05 1.00 0.00
0.30 5.41 9.22 1.00 0.00
0.50 5.41 0.02 1.00 0.00
0.50 5.41 0.20 1.00 0.00
0.50 5.41 0.37 1.00 0.00
0.50 5.41 0.55 1.00 0.00
0.50 5.41 0.72 1.00 0.00
0.50 5.41 0.90 1.00 0.00
0.50 5.41 1.07 1.00 0.00
0.50 5.41 1.25 1.00 0.00
0.50 5.41 1.42 1.00 0.00
0.50 5.41 1.60 1.00 0.00
0.50 5.41 1.77 1.00 0.00
0.50 5.41 1.94 1.00 0.00
0.50 5.41 2.12 1.00 0.00
0.50 5.41 2.29 1.00 0.00
0.50 5.41 2.47 1.00 0.00
0.50 5.41 2.64 1.00 0.00
0.50 5.41 2.82 1.00 0.00
0.50 5.41 2.99 1.00 0.00
0.70 5.41 0.09 1.00 0.00
0.70 5.41 0.26 1.00 0.00
0.70 5.41 0.44 1.00 0.00
0.70 5.41 0.61 1.00 0.00
0.70 5.41 0.78 1.00 0.00
0.70 5.41 0.96 1.00 0.00
0.70 5.41 1.13 1.00 0.00
0.70 5.41 1.31 1.00 0.00
0.70 5.41 1.48 1.00 0.00
0.70 5.41 1.66 1.00 0.00
0.70 5.41 1.83 1.00 0.00
0.70 5.41 2.01 1.00 0.00
0.70 5.41 2.18 1.00 0.00
0.70 5.41 2.36 1.00 0.00
0.70 5.41 2.53 1.00 0.00
0.70 5.41 2.70 1.00 0.00
0.70 5.41 2.88 1.00 0.00
0.70 5.41 3.05 1.00 0.00
0.90 5.41 0.16 1.00 0.00
0.90 5.41 0.33 1.00 0.00
0.90 5.41 0.51 1.00 0.00
0.90 5.41 0.68 1.00 0.00
0.90 5.41 0.85 1.00 0.00
0.90 5.41 1.03 1.00 0.00
0.90 5.41 1.20 1.00 0.00
0.90 5.41 1.38 1.00 0.00
0.90 5.41 1.55 1.00 0.00
0.90 5.41 1.73 1.00 0.00
0.90 5.41 1.90 1.00 0.00
0.90 5.41 2.08 1.00 0.00
0.90 5.41 2.25 1.00 0.00
0.90 5.41 2.43 1.00 0.00
0.90 5.41 2.60 1.00 0.00
0.90 5.41 2.77 1.00 0.00
0.90 5.41 2.95 1.00 0.00
0.90 5.41 3.12 1.00 0.00
1.10 5.41 0.24 1.00 0.00
1.10 5.41 0.41 1.00 0.00
1.10 5.41 0.59 1.00 0.00
1.10 5.41 0.76 1.00 0.00
1.10 5.41 0.94 1.00 0.00
1.10 5.41 1.11 1.00 0.00
1.10 5.41 1.28 1.00 0.00
1.10 5.41 1.46 1.00 0.00
1.10 5.41 1.63 1.00 0.00
1.10 5.41 1.81 1.00 0.00
1.10 5.41 1.98 1.00 0.00
1.10 5.41 2.16 1.00 0.00
1.10 5.41 2.33 1.00 0.00
1.10 5.41 2.51 1.00 0.00
1.10 5.41 2.68 1.00 0.00
1.10 5.41 2.86 1.00 0.00
1.10 5.41 3.03 1.00 0.00
1.10 5.41 3.20 1.00 0.00
0.30 5.59 6.27 1.00 0.00
0.30 5.59 6.44 1.00 0.00
0.30 5.59 6.62 1.00 0.00
0.30 5.59 6.79 1.00 0.00
0.30 5.59 6.97 1.00 0.00
0.30 5.59 7.14 1.00 0.00
0.30 5.59 7.32 1.00 0.00
0.30 5.59 7.49 1.00 0.00
0.30 5.59 7.66 1.00 0.00
0.30 5.59 7.84 1.00 0.00
0.30 5.59 8.01 1.00 0.00
0.30 5.59 8.19 1.00 0.00
0.30 5.59 8.36 1.00 0.00
0.30 5.59 8.54 1.00 0.00
0.30 5.59 8.71 1.00 0.00
0.30 5.59 8.89 1.00 0.00
0.30 5.59 9.06 1.00 0.00
0.30 5.59 9.24 1.00 0.00
0.50 5.59 0.05 1.00 0.00
0.50 5.59 0.22 1.00 0.00
0.50 5.59 0.40 1.00 0.00
0.50 5.59 0.57 1.00 0.00
0.50 5.59 0.75 1.00 0.00
0.50 5.59 0.92 1.00 0.00
0.50 5.59 1.10 1.00 0.00
0.50 5.59 1.27 1.00 0.00
0.50 5.59 1.45 1.00 0.00
0.50 5.59 1.62 1.00 0.00
0.50 5.59 1.80 1.00 0.00
0.50 5.59 1.97 1.00 0.00
0.50 5.59 2.14 1.00 0.00
0.50 5.59 2.32 1.00 0.00
0.50 5.59 2.49 1.00 0.00
0.50 5.59 2.67 1.00 0.00
0.50 5.59 2.84 1.00 0.00
0.50 5.59 3.02 1.00 0.00
0.70 5.59 0.12 1.00 0.00
0.70 5.59 0.30 1.00 0.00
0.70 5.59 0.47 1.00 0.00
0.70 5.59 0.64 1.00 0.00
0.70 5.59 0.82 1.00 0.00
0.70 5.59 0.99 1.00 0.00
0.70 5.59 1.17 1.00 0.00
0.70 5.59 1.34 1.00 0.00
0.70 5.59 1.52 1.00 0.00
0.70 5.59 1.69 1.00 0.00
0.70 5.59 1.87 1.00 0.00
0.70 5.59 2.04 1.00 0.00
0.70 5.59 2.22 1.00 0.00
0.70 5.59 2.39 1.00 0.00
0.70 5.59 2.56 1.00 0.00
0.70 5.59 2.74 1.00 0.00
0.70 5.59 2.91 1.00 0.00
0.70 5.59 3.09 1.00 0.00
0.90 5.59 0.20 1.00 0.00
0.90 5.59 0.37 1.00 0.00
0.90 5.59 0.55 1.00 0.00
0.90 5.59 0.72 1.00 0.00
0.90 5.59 0.90 1.00 0.00
0.90 5.59 1.07 1.00 0.00
0.90 5.59 1.25 1.00 0.00
0.90 5.59 1.42 1.00 0.00
0.90 5.59 1.60 1.00 0.00
0.90 5.59 1.77 1.00 0.00
0.90 5.59 1.95 1.00 0.00
0.90 5.59 2.12 1.00 0.00
0.90 5.59 2.29 1.00 0.00
0.90 5.59 2.47 1.00 0.00
0.90 5.59 2.64 1.00 0.00
0.90 5.59 2.82 1.00 0.00
0.90 5.59 2.99 1.00 0.00
0.90 5.59 3.17 1.00 0.00
1.10 5.59 0.29 1.00 0.00
1.10 5.59 0.46 1.00 0.00
1.10 5.59 0.64 1.00 0.00
1.10 5.59 0.81 1.00 0.00
1.10 5.59 0.98 1.00 0.00
1.10 5.59 1.16 1.00 0.00
1.10 5.59 1.33 1.00 0.00
1.10 5.59 1.51 1.00 0.00
1.10 5.59 1.68 1.00 0.00
1.10 5.59 1.86 1.00 0.00
1.10 5.59 2.03 1.00 0.00
1.10 5.59 2.21 1.00 0.00
1.10 5.59 2.38 1.00 0.00
1.10 5.59 2.56 1.00 0.00
1.10 5.59 2.73 1.00 0.00
1.10 5.59 2.90 1.00 0.00
1.10 5.59 3.08 1.00 0.00
1.10 5.59 3.25 1.00 0.00
0.30 5.76 6.28 1.00 0.00
0.30 5.76 6.46 1.00 0.00
0.30 5.76 6.63 1.00 0.00
0.30 5.76 6.80 1.00 0.00
0.30 5.76 6.98 1.00 0.00
0.30 5.76 7.15 1.00 0.00
0.30 5.76 7.33 1.00 0.00
0.30 5.76 7.50 1.00 0.00
0.30 5.76 7.68 1.00 0.00
0.30 5.76 7.85 1.00 0.00
0.30 5.76 8.03 1.00 0.00
0.30 5.76 8.20 1.00 0.00
0.30 5.76 8.38 1.00 0.00
0.30 5.76 8.55 1.00 0.00
0.30 5.76 8.72 1.00 0.00
0.30 5.76 8.90 1.00 0.00
0.30 5.76 9.07 1.00 0.00
0.30 5.76 9.25 1.00 0.00
0.50 5.76 0.07 1.00 0.00
0.50 5.76 0.24 1.00 0.00
0.50 5.76 0.42 1.00 0.00
0.50 5.76 0.59 1.00 0.00
0.50 5.76 0.77 1.00 0.00
0.50 5.76 0.94 1.00 0.00
0.50 5.76 1.12 1.00 0.00
0.50 5.76 1.29 1.00 0.00
0.50 5.76 1.47 1.00 0.00
0.50 5.76 1.64 1.00 0.00
0.50 5.76 1.81 1.00 0.00
0.50 5.76 1.99 1.00 0.00
0.50 5.76 2.16 1.00 0.00
0.50 5.76 2.34 1.00 0.00
0.50 5.76 2.51 1.00 0.00
0.50 5.76 2.69 1.00 0.00
0.50 5.76 2.86 1.00 0.00
0.50 5.76 3.04 1.00 0.00
0.70 5.76 0.15 1.00 0.00
0.70 5.76 0.32 1.00 0.00
0.70 5.76 0.49 1.00 0.00
0.70 5.76 0.67 1.00 0.00
0.70 5.76 0.84 1.00 0.00
0.70 5.76 1.02 1.00 0.00
0.70 5.76 1.19 1.00 0.00
0.70 5.76 1.37 1.00 0.00
0.70 5.76 1.54 1.00 0.00
0.70 5.76 1.72 1.00 0.00
0.70 5.76 1.89 1.00 0.00
0.70 5.76 2.07 1.00 0.00
0.70 5.76 2.24 1.00 0.00
0.70 5.76 2.41 1.00 0.00
0.70 5.76 2.59 1.00 0.00
0.70 5.76 2.76 1.00 0.00
0.70 5.76 2.94 1.00 0.00
0.70 5.76 3.11 1.00 0.00
0.90 5.76 0.23 1.00 0.00
0.90 5.76 0.40 1.00 0.00
0.90 5.76 0.58 1.00 0.00
0.90 5.76 0.75 1.00 0.00
0.90 5.76 0.93 1.00 0.00
0.90 5.76 1.10 1.00 0.00
0.90 5.76 1.27 1.00 0.00
0.90 5.76 1.45 1.00 0.00
0.90 5.76 1.62 1.00 0.00
0.90 5.76 1.80 1.00 0.00
0.90 5.76 1.97 1.00 0.00
0.90 5.76 2.15 1.00 0.00
0.90 5.76 2.32 1.00 0.00
0.90 5.76 2.50 1.00 0.00
0.90 5.76 2.67 1.00 0.00
0.90 5.76 2.85 1.00 0.00
0.90 5.76 3.02 1.00 0.00
0.90 5.76 3.19 1.00 0.00
1.10 5.76 0.31 1.00 0.00
1.10 5.76 0.49 1.00 0.00
1.10 5.76 0.66 1.00 0.00
1.10 5.76 0.84 1.00 0.00
1.10 5.76 1.01 1.00 0.00
1.10 5.76 1.19 1.00 0.00
1.10 5.76 1.36 1.00 0.00
1.10 5.76 1.54 1.00 0.00
1.10 5.76 1.71 1.00 0.00
1.10 5.76 1.88 1.00 0.00
1.10 5.76 2.06 1.00 0.00
1.10 5.76 2.23 1.00 0.00
1.10 5.76 2.41 1.00 0.00
1.10 5.76 2.58 1.00 0.00
1.10 5.76 2.76 1.00 0.00
1.10 5.76 2.93 1.00 0.00
1.10 5.76 3.11 1.00 0.00
1.10 5.76 3.28 1.00 0.00
0.30 5.93 0.01 1.00 0.00
0.30 5.93 0.18 1.00 0.00
0.30 5.93 0.36 1.00 0.00
0.30 5.93 0.53 1.00 0.00
0.30 5.93 0.70 1.00 0.00
0.30 5.93 0.88 1.00 0.00
0.30 5.93 1.05 1.00 0.00
0.30 5.93 1.23 1.00 0.00
0.30 5.93 1.40 1.00 0.00
0.30 5.93 1.58 1.00 0.00
0.30 5.93 1.75 1.00 0.00
0.30 5.93 1.93 1.00 0.00
0.30 5.93 2.10 1.00 0.00
0.30 5.93 2.28 1.00 0.00
0.30 5.93 2.45 1.00 0.00
0.30 5.93 2.62 1.00 0.00
0.30 5.93 2.80 1.00 0.00
0.30 5.93 2.97 1.00 0.00
0.50 5.93 0.08 1.00 0.00
0.50 5.93 0.26 1.00 0.00
0.50 5.93 0.43 1.00 0.00
0.50 5.93 0.61 1.00 0.00
0.50 5.93 0.78 1.00 0.00
0.50 5.93 0.95 1.00 0.00
0.50 5.93 1.13 1.00 0.00
0.50 5.93 1.30 1.00 0.00
0.50 5.93 1.48 1.00 0.00
0.50 5.93 1.65 1.00 0.00
0.50 5.93 1.83 1.00 0.00
0.50 5.93 2.00 1.00 0.00
0.50 5.93 2.18 1.00 0.00
0.50 5.93 2.35 1.00 0.00
0.50 5.93 2.53 1.00 0.00
0.50 5.93 2.70 1.00 0.00
0.50 5.93 2.87 1.00 0.00
0.50 5.93 3.05 1.00 0.00
0.70 5.93 0.16 1.00 0.00
0.70 5.93 0.33 1.00 0.00
0.70 5.93 0.51 1.00 0.00
0.70 5.93 0.68 1.00 0.00
0.70 5.93 0.86 1.00 0.00
0.70 5.93 1.03 1.00 0.00
0.70 5.93 1.21 1.00 0.00
0.70 5.93 1.38 1.00 0.00
0.70 5.93 1.56 1.00 0.00
0.70 5.93 1.73 1.00 0.00
0.70 5.93 1.91 1.00 0.00
0.70 5.93 2.08 1.00 0.00
0.70 5.93 2.25 1.00 0.00
0.70 5.93 2.43 1.00 0.00
0.70 5.93 2.60 1.00 0.00
0.70 5.93 2.78 1.00 0.00
0.70 5.93 2.95 1.00 0.00
0.70 5.93 3.13 1.00 0.00
0.90 5.93 0.24 1.00 0.00
0.90 5.93 0.42 1.00 0.00
0.90 5.93 0.59 1.00 0.00
0.90 5.93 0.76 1.00 0.00
0.90 5.93 0.94 1.00 0.00
0.90 5.93 1.11 1.00 0.00
0.90 5.93 1.29 1.00 0.00
0.90 5.93 1.46 1.00 0.00
0.90 5.93 1.64 1.00 0.00
0.90 5.93 1.81 1.00 0.00
0.90 5.93 1.99 1.00 0.00
0.90 5.93 2.16 1.00 0.00
0.90 5.93 2.34 1.00 0.00
0.90 5.93 2.51 1.00 0.00
0.90 5.93 2.68 1.00 0.00
0.90 5.93 2.86 1.00 0.00
0.90 5.93 3.03 1.00 0.00
0.90 5.93 3.21 1.00 0.00
1.10 5.93 0.32 1.00 0.00
1.10 5.93 0.50 1.00 0.00
1.10 5.93 0.67 1.00 0.00
1.10 5.93 0.85 1.00 0.00
1.10 5.93 1.02 1.00 0.00
1.10 5.93 1.20 1.00 0.00
1.10 5.93 1.37 1.00 0.00
1.10 5.93 1.55 1.00 0.00
1.10 5.93 1.72 1.00 0.00
1.10 5.93 1.89 1.00 0.00
1.10 5.93 2.07 1.00 0.00
1.10 5.93 2.24 1.00 0.00
1.10 5.93 2.42 1.00 0.00
1.10 5.93 2.59 1.00 0.00
1.10 5.93 2.77 1.00 0.00
1.10 5.93 2.94 1.00 0.00
1.10 5.93 3.12 1.00 0.00
1.10 5.93 3.29 1.00 0.00
0.30 6.11 0.01 1.00 0.00
0.30 6.11 0.19 1.00 0.00
0.30 6.11 0.36 1.00 0.00
0.30 6.11 0.53 1.00 0.00
0.30 6.11 0.71 1.00 0.00
0.30 6.11 0.88 1.00 0.00
0.30 6.11 1.06 1.00 0.00
0.30 6.11 1.23 1.00 0.00
0.30 6.11 1.41 1.00 0.00
0.30 6.11 1.58 1.00 0.00
0.30 6.11 1.76 1.00 0.00
0.30 6.11 1.93 1.00 0.00
0.30 6.11 2.11 1.00 0.00
0.30 6.11 2.28 1.00 0.00
0.30 6.11 2.45 1.00 0.00
0.30 6.11 2.63 1.00 0.00
0.30 6.11 2.80 1.00 0.00
0.30 6.11 2.98 1.00 0.00
0.50 6.11 0.09 1.00 0.00
0.50 6.11 0.26 1.00 0.00
0.50 6.11 0.44 1.00 0.00
0.50 6.11 0.61 1.00 0.00
0.50 6.11 0.79 1.00 0.00
0.50 6.11 0.96 1.00 0.00
0.50 6.11 1.13 1.00 0.00
0.50 6.11 1.31 1.00 0.00
0.50 6.11 1.48 1.00 0.00
0.50 6.11 1.66 1.00 0.00
0.50 6.11 1.83 1.00 0.00
0.50 6.11 2.01 1.00 0.00
0.50 6.11 2.18 1.00 0.00
0.50 6.11 2.36 1.00 0.00
0.50 6.11 2.53 1.00 0.00
0.50 6.11 2.71 1.00 0.00
0.50 6.11 2.88 1.00 0.00
0.50 6.11 3.05 1.00 0.00
0.70 6.11 0.16 1.00 0.00
0.70 6.11 0.34 1.00 0.00
0.70 6.11 0.51 1.00 0.00
0.70 6.11 0.69 1.00 0.00
0.70 6.11 0.86 1.00 0.00
0.70 6.11 1.04 1.00 0.00
0.70 6.11 1.21 1.00 0.00
0.70 6.11 1.39 1.00 0.00
0.70 6.11 1.56 1.00 0.00
0.70 6.11 1.74 1.00 0.00
0.70 6.11 1.91 1.00 0.00
0.70 6.11 2.08 1.00 0.00
0.70 6.11 2.26 1.00 0.00
0.70 6.11 2.43 1.00 0.00
0.70 6.11 2.61 1.00 0.00
0.70 6.11 2.78 1.00 0.00
0.70 6.11 2.96 1.00 0.00
0.70 6.11 3.13 1.00 0.00
0.90 6.11 0.24 1.00 0.00
0.90 6.11 0.42 1.00 0.00
0.90 6.11 0.59 1.00 0.00
0.90 6.11 0.77 1.00 0.00
0.90 6.11 0.94 1.00 0.00
0.90 6.11 1.11 1.00 0.00
0.90 6.11 1.29 1.00 0.00
0.90 6.11 1.46 1.00 0.00
0.90 6.11 1.64 1.00 0.00
0.90 6.11 1.81 1.00 0.00
0.90 6.11 1.99 1.00 0.00
0.90 6.11 2.16 1.00 0.00
0.90 6.11 2.34 1.00 0.00
0.90 6.11 2.51 1.00 0.00
0.90 6.11 2.69 1.00 0.00
0.90 6.11 2.86 1.00 0.00
0.90 6.11 3.03 1.00 0.00
0.90 6.11 3.21 1.00 0.00
1.10 6.11 0.32 1.00 0.00
1.10 6.11 0.49 1.00 0.00
1.10 6.11 0.67 1.00 0.00
1.10 6.11 0.84 1.00 0.00
1.10 6.11 1.02 1.00 0.00
1.10 6.11 1.19 1.00 0.00
1.10 6.11 1.37 1.00 0.00
1.10 6.11 1.54 1.00 0.00
1.10 6.11 1.72 1.00 0.00
1.10 6.11 1.89 1.00 0.00
1.10 6.11 2.06 1.00 0.00
1.10 6.11 2.24 1.00 0.00
1.10 6.11 2.41 1.00 0.00
1.10 6.11 2.59 1.00 0.00
1.10 6.11 2.76 1.00 0.00
1.10 6.11 2.94 1.00 0.00
1.10 6.11 3.11 1.00 0.00
1.10 6.11 3.29 1.00 0.00
